0:
58	0.541	47	58	47	57	47	55	47	52	46	50	45	49	44	49	44	48	45	47	47	46	50	46	54	45	59	44	63	42	66	39	68	35	69	31	69	28	68	26	66	25	63	25	59	26	54	28	48	31	41	35	35	39	30	44	25	48	21	51	18	53	16	54	15	54	14	53	14	51	14	48	13	45	11	43	8	42	4	42	1	43	-1	45	-2	48	-2	52	-2	56	-1	61	1	65	4	68	8	70	13	71	17	71	21	70	26	69	32	67	37	64	41	61	44	59	46	58	47	58	47	58	
1:
53	0.275	38	22	39	21	41	20	44	19	47	18	51	18	56	17	60	15	63	14	65	14	66	14	66	15	65	17	63	20	62	24	60	29	59	34	59	39	60	43	62	46	63	50	63	55	62	59	60	62	57	64	53	65	49	65	46	64	43	62	40	60	36	57	31	53	26	49	21	46	16	44	12	43	9	43	6	44	4	46	3	47	2	47	2	46	3	44	5	41	8	37	12	33	17	29	23	26	28	24	32	22	35	21	37	21	38	22	38	22	
2:
67	1.652	52	6	53	5	55	4	58	4	61	5	63	6	64	8	64	11	63	13	61	16	58	20	54	24	49	28	45	31	42	34	40	37	38	41	37	46	37	50	38	53	40	55	43	56	46	56	48	57	51	58	53	59	54	61	54	62	53	63	51	65	48	66	44	66	39	65	33	63	26	60	20	56	15	52	11	49	8	46	5	43	2	41	-2	40	-6	40	-9	41	-11	43	-12	46	-12	49	-11	52	-9	56	-7	59	-4	61	0	62	5	62	9	61	12	59	14	56	16	52	19	47	22	41	26	34	31	27	37	21	42	16	46	12	49	9	51	7	52	6	52	6	
3:
69	0.147	22	42	22	43	21	45	21	48	20	52	19	57	17	61	14	64	10	66	6	67	3	68	1	68	0	67	0	65	1	62	3	58	6	54	10	49	15	44	21	39	28	35	35	32	41	30	46	29	50	29	53	30	55	32	56	33	56	33	55	32	53	30	51	28	48	26	44	23	40	19	37	15	35	11	34	7	34	4	35	2	37	1	40	1	44	2	48	4	51	7	53	11	56	16	58	21	59	27	59	34	60	42	62	49	65	55	67	60	68	64	68	67	67	69	65	70	62	70	58	69	53	67	47	64	41	60	36	55	32	51	28	48	25	45	23	43	22	42	22	42	
4:
68	0.639	62	8	62	9	63	11	64	13	65	16	65	20	64	25	62	30	59	34	56	37	53	39	49	40	44	40	40	39	36	37	33	34	30	30	27	25	25	21	24	18	24	15	23	13	21	12	19	12	17	13	15	15	12	16	8	16	5	15	3	13	2	10	2	7	3	5	5	4	8	4	12	5	17	5	23	6	29	8	35	11	41	15	48	20	54	26	59	33	63	41	66	48	68	54	69	59	69	63	68	66	66	68	63	69	59	69	56	68	54	66	53	63	53	59	54	54	56	49	59	43	62	36	64	29	65	23	66	18	66	14	65	11	63	9	62	8	62	8	
5:
60	0.186	7	51	8	52	10	54	12	55	15	55	19	54	22	52	24	49	25	45	26	40	26	35	25	30	25	26	26	23	27	21	28	20	30	20	33	21	36	23	39	25	43	26	46	26	48	25	49	24	50	22	50	19	49	17	49	16	48	16	47	17	47	19	48	22	49	26	51	31	54	37	56	43	57	49	59	54	61	58	63	61	65	63	66	64	68	64	69	63	69	61	68	60	66	60	63	61	59	62	54	64	48	65	41	65	34	64	28	62	22	60	17	58	13	56	10	54	8	52	7	51	7	51	
6:
54	0.565	4	41	4	40	4	38	5	35	5	31	6	28	7	25	7	23	6	21	5	18	4	14	4	11	5	8	7	6	10	5	14	5	18	6	23	8	27	10	30	13	32	17	33	22	33	28	32	33	30	37	29	40	29	42	30	43	32	43	35	42	39	41	44	41	48	41	52	41	55	42	57	44	58	47	58	51	57	56	55	60	52	63	48	65	43	66	38	66	33	65	27	63	21	60	16	57	12	53	9	50	7	47	5	44	4	42	4	41	4	41	
7:
67	1.677	45	19	44	18	42	18	41	18	41	17	42	16	44	16	47	15	51	15	55	15	59	15	62	16	64	16	65	15	65	13	64	10	62	8	60	6	58	5	57	5	57	6	58	8	60	11	61	15	61	19	60	24	58	30	56	36	54	41	52	45	49	48	45	50	40	51	36	51	33	50	31	48	30	46	30	44	30	43	31	43	33	44	34	46	35	49	35	53	34	56	32	58	29	59	25	59	20	58	15	56	11	53	8	49	6	44	5	39	5	34	6	30	8	27	11	25	15	24	20	24	26	23	31	23	35	22	39	21	42	21	44	20	45	19	45	19	
8:
65	0.637	32	27	33	26	35	25	38	23	42	21	45	19	47	18	48	17	48	17	47	17	45	18	42	18	39	17	37	16	36	14	36	11	35	8	33	6	30	5	27	5	24	5	22	6	21	8	20	11	20	14	21	16	23	17	24	17	24	16	23	14	21	11	18	9	15	7	13	5	12	4	11	4	11	5	11	7	12	10	14	14	17	19	21	25	26	31	30	38	35	45	40	51	45	56	51	60	56	63	60	65	63	66	65	66	66	65	66	63	65	60	63	56	60	51	56	45	51	40	46	36	42	33	38	30	35	28	33	27	32	27	32	27	
9:
53	0.455	66	59	67	58	67	56	67	53	66	49	66	45	66	42	65	40	63	39	60	39	56	40	52	40	49	39	46	37	44	36	42	36	41	37	41	39	41	42	42	45	43	49	44	53	44	57	43	60	41	62	38	63	34	63	30	62	27	60	25	57	22	54	18	50	13	46	9	43	6	41	4	40	3	40	3	40	4	41	6	43	9	46	13	48	18	51	24	54	31	56	38	57	45	57	51	56	56	55	60	55	63	56	65	58	66	59	66	59	
10:
58	1.995	31	60	32	59	34	57	37	55	40	53	43	52	47	51	50	51	52	52	53	54	53	57	53	59	53	60	54	60	56	59	59	57	63	54	66	50	68	47	69	45	69	43	68	42	66	42	63	41	59	41	56	40	53	38	49	35	46	32	44	28	43	24	43	21	44	19	45	18	45	18	44	19	42	20	39	22	36	24	32	25	27	25	21	24	16	23	12	22	9	22	7	23	6	25	6	28	6	31	7	35	9	40	12	44	16	48	21	52	25	55	28	57	30	59	31	60	31	60	
11:
54	1.761	65	34	66	33	66	31	67	28	67	25	66	22	64	20	61	19	58	19	54	20	49	22	45	23	41	23	38	22	36	20	35	17	35	14	34	12	33	11	31	11	30	12	29	14	27	16	24	18	21	21	19	25	18	28	18	31	19	35	21	39	24	42	28	44	33	45	39	45	45	45	50	46	54	48	57	51	59	54	60	58	60	61	59	63	57	64	54	64	52	63	51	61	51	58	52	54	54	49	56	44	59	40	62	37	64	35	65	34	65	34	
12:
55	0.287	67	0	66	-1	64	-1	61	-1	57	0	52	1	46	3	40	5	34	8	29	12	25	17	22	21	20	24	19	26	19	27	20	28	22	30	25	32	29	34	33	37	37	41	40	46	42	52	43	57	43	61	42	64	40	66	37	68	33	69	28	69	22	68	16	66	11	64	7	62	4	59	2	55	0	50	-1	44	-1	37	0	29	2	22	5	15	9	9	14	4	19	0	25	-3	32	-6	39	-8	46	-9	52	-9	57	-8	61	-6	64	-3	66	-1	67	0	67	0	
13:
62	0.546	32	55	33	54	35	54	37	54	40	53	42	53	43	53	43	54	42	56	41	59	41	63	42	67	44	70	47	72	51	73	55	73	58	72	60	70	61	68	61	65	60	61	58	56	55	51	51	46	48	42	46	39	45	37	45	36	46	36	48	37	51	37	54	36	57	34	59	31	60	27	60	22	61	18	61	15	60	13	58	12	55	12	53	13	50	15	46	18	41	22	35	27	30	33	26	40	23	46	20	52	17	57	15	61	14	64	14	66	15	67	17	67	19	66	22	64	26	61	29	58	31	56	32	55	32	55	
14:
65	0.086	35	18	36	19	37	20	39	20	41	19	43	17	45	14	47	10	48	7	48	4	47	2	47	1	47	1	47	2	48	4	49	7	51	11	52	16	52	22	52	29	51	36	49	43	47	49	44	54	41	59	37	63	34	66	30	68	25	69	19	69	14	68	9	66	5	63	2	59	0	54	-1	50	-1	47	0	45	2	43	5	42	9	42	14	43	20	44	27	46	34	49	41	53	47	57	53	61	58	64	62	66	65	67	67	67	68	66	68	64	67	61	65	57	62	52	58	46	53	39	48	33	44	28	41	24	38	21	36	19	35	18	35	18	
15:
69	2.642	1	24	0	25	0	27	-1	30	-1	34	0	39	2	43	5	46	7	48	10	49	13	49	17	48	20	46	22	43	24	40	27	36	29	31	31	27	34	23	37	20	39	18	42	17	45	17	48	18	52	20	55	22	57	24	58	26	58	27	57	27	57	26	58	24	60	21	62	17	63	14	63	12	63	11	62	11	60	12	57	14	54	17	52	21	51	26	51	32	52	38	54	44	57	49	61	53	65	56	68	58	70	59	71	59	71	58	70	56	68	53	65	49	61	45	56	42	50	39	43	37	36	36	29	35	22	33	16	32	11	30	7	29	4	27	2	25	1	24	1	24	
16:
54	0.571	25	50	24	49	23	47	21	46	18	44	14	42	10	41	6	41	3	42	1	44	0	47	0	51	1	54	3	56	6	58	10	59	15	60	21	61	28	61	34	62	41	63	47	64	52	64	56	63	59	62	61	60	62	57	62	53	61	48	59	42	56	35	54	27	53	20	53	14	52	9	50	5	47	2	43	0	38	-1	34	-1	29	0	25	2	22	5	20	9	19	14	19	20	20	27	22	33	24	38	26	42	27	45	27	47	26	49	25	50	25	50	
17:
66	2.638	54	42	53	42	52	43	52	43	53	43	55	42	57	42	60	42	62	43	63	45	63	48	62	50	60	52	57	54	53	55	49	55	46	54	43	52	41	49	40	45	40	40	41	35	43	31	44	28	46	26	49	25	52	25	55	24	57	22	58	19	58	16	57	13	55	11	53	10	50	10	46	11	41	13	37	16	33	20	28	25	22	31	16	38	11	46	7	53	4	59	2	64	1	68	1	71	2	73	4	74	7	75	11	76	16	76	22	77	29	77	36	76	42	74	47	71	51	67	54	62	56	57	57	52	57	48	56	45	55	43	54	42	54	42	
18:
73	1.204	68	64	67	63	65	61	62	58	58	54	53	49	49	45	46	41	44	37	43	34	43	32	43	31	42	31	40	32	38	34	37	37	37	40	36	44	34	47	31	49	27	51	22	52	18	52	15	51	12	49	10	46	9	42	9	37	10	31	12	25	15	20	19	16	24	13	30	11	37	10	43	10	48	10	52	11	55	13	57	14	58	16	58	18	57	19	55	19	52	18	48	16	43	13	37	10	30	8	23	7	17	6	12	6	8	5	5	3	3	2	2	2	2	3	3	4	5	6	8	9	12	13	17	18	22	23	27	28	33	33	40	38	47	43	53	49	58	54	62	58	65	61	67	63	68	64	68	64	
19:
65	2.355	62	67	62	66	62	64	63	61	64	57	64	52	63	46	63	40	64	33	66	27	67	22	67	17	67	13	67	10	67	8	67	7	66	7	64	8	61	10	57	13	52	17	46	22	39	27	32	31	26	34	21	36	16	37	12	37	9	36	6	34	4	31	3	27	3	22	4	18	6	15	9	13	13	12	18	12	22	13	25	15	27	18	28	22	29	27	29	32	28	38	26	44	25	50	23	55	20	59	18	62	17	64	17	65	18	67	20	69	23	70	26	71	30	72	35	73	41	73	47	72	52	70	56	69	59	68	61	68	62	67	62	67	
20:
71	6.808	69	62	68	61	66	60	63	58	59	55	55	53	52	52	50	52	49	53	49	55	49	58	48	62	46	66	43	69	39	71	34	72	30	72	27	71	25	69	24	66	23	63	23	59	22	55	22	50	23	45	25	41	28	38	32	36	37	34	42	32	46	29	49	25	51	20	52	15	52	11	51	7	50	4	48	2	45	1	42	1	38	2	34	3	31	5	29	8	28	11	26	13	23	15	19	16	14	16	10	15	7	15	4	16	2	17	1	18	1	18	2	19	4	20	7	22	11	25	16	28	22	32	29	37	36	42	43	46	49	50	54	53	59	55	63	57	66	59	68	61	69	62	69	62	
21:
60	0.113	58	56	57	55	55	54	54	53	52	53	49	54	45	56	40	58	36	60	32	61	28	61	25	60	23	58	21	56	20	53	20	51	21	49	21	48	20	48	18	49	15	51	11	54	7	56	4	57	2	57	1	56	1	54	2	51	4	49	7	46	11	44	15	42	19	39	23	35	26	30	28	24	29	18	29	13	28	9	26	6	23	4	19	2	16	1	13	1	11	2	10	2	10	3	11	5	13	8	16	12	20	17	25	22	31	28	37	35	43	41	48	46	52	50	55	53	57	55	58	56	58	56	
22:
68	1.188	61	10	60	11	60	13	59	16	59	20	59	25	58	30	57	35	55	39	52	42	49	44	45	45	40	45	35	44	31	44	28	45	25	45	23	44	21	42	19	39	18	35	18	30	19	25	21	21	24	18	28	16	31	15	33	14	34	12	34	9	33	5	31	2	28	0	24	-2	19	-3	14	-3	10	-2	7	0	5	3	4	7	4	12	5	18	7	25	10	33	13	41	17	48	22	54	28	59	35	63	43	66	50	68	56	69	61	69	65	68	68	66	70	63	71	59	73	54	74	49	74	44	73	38	71	31	68	25	66	20	65	16	63	13	62	11	61	10	61	10	
23:
49	0.077	32	6	31	7	29	9	26	12	24	16	21	21	19	25	16	28	14	30	12	31	9	31	6	30	4	28	3	26	3	25	4	25	5	26	5	28	5	31	4	35	4	40	3	45	2	50	2	55	3	59	4	62	6	65	9	67	13	68	18	68	22	67	25	67	27	68	29	68	30	67	32	65	33	62	35	58	38	53	40	47	41	40	41	34	40	27	38	21	35	16	33	12	32	9	32	7	32	6	32	6	
24:
71	0.274	43	16	44	17	46	17	48	16	51	14	53	11	54	7	54	4	53	2	51	1	50	1	48	2	46	4	45	7	45	11	46	15	48	19	51	22	55	24	58	25	62	25	65	24	67	22	68	20	68	19	69	19	71	20	73	22	74	25	74	28	73	32	71	37	68	43	64	48	59	52	53	55	48	57	44	58	41	58	39	57	38	55	38	52	37	48	35	44	32	41	28	39	23	38	17	38	12	39	8	41	5	44	3	48	2	53	2	57	3	60	5	62	8	63	12	63	15	62	19	60	24	57	30	53	35	48	39	43	42	37	44	31	45	26	45	22	45	19	44	17	43	16	43	16	
25:
52	0.398	14	38	15	38	17	38	18	37	20	36	21	34	21	31	20	27	19	22	17	17	16	12	16	8	17	5	19	3	22	1	26	0	31	0	37	1	43	3	48	6	52	10	55	15	57	20	58	26	58	32	57	37	55	41	52	44	50	47	49	51	49	54	50	56	52	57	53	59	53	61	52	64	50	67	47	69	43	71	38	72	33	72	29	71	26	69	24	66	23	62	23	58	23	53	22	48	20	44	17	41	15	39	14	38	14	38	
26:
66	0.073	65	36	66	35	68	33	70	30	71	26	71	23	70	20	69	18	67	17	64	17	60	18	55	20	51	23	47	27	44	30	41	32	39	33	37	33	36	32	36	30	37	27	37	23	37	18	37	13	37	9	36	6	34	4	31	3	27	3	23	4	20	6	18	9	17	13	17	18	18	24	19	29	20	33	20	36	21	39	21	41	20	42	18	42	17	41	16	39	14	38	11	38	9	39	8	41	8	44	9	48	11	53	14	57	18	60	23	62	27	63	32	63	38	62	45	60	51	58	56	55	60	51	63	46	65	42	66	39	66	37	65	36	65	36	
27:
62	0.763	43	34	42	35	40	37	38	40	36	42	34	44	32	45	29	45	27	44	24	42	22	39	21	35	20	32	20	30	21	29	23	27	25	24	26	21	26	19	25	17	23	16	20	15	18	14	17	14	17	15	18	17	20	20	23	22	27	24	32	25	38	25	45	24	51	22	56	19	60	15	63	10	65	6	66	3	66	0	65	-2	63	-3	60	-3	56	-2	53	0	50	3	46	7	43	12	41	18	40	24	40	30	41	35	43	39	46	42	49	44	51	45	52	45	52	44	51	42	49	39	46	37	44	35	43	34	43	34	
28:
66	0.097	51	43	52	42	52	40	52	38	52	35	52	32	51	29	49	27	46	25	42	23	37	20	32	18	28	17	25	17	23	18	22	20	22	23	23	25	23	26	23	26	22	25	20	23	17	20	13	17	10	15	6	14	1	14	-4	15	-8	17	-11	20	-13	24	-14	29	-14	34	-13	39	-11	43	-8	46	-4	48	1	49	6	49	12	48	19	46	26	43	32	39	37	34	41	28	44	21	46	15	47	10	47	6	46	3	45	1	43	0	40	0	38	1	37	3	37	6	38	10	40	15	43	21	47	27	50	32	52	36	53	39	53	41	52	42	51	43	51	43	
29:
69	1.342	37	2	36	3	34	5	32	8	30	11	29	15	27	19	26	22	24	25	21	27	18	28	15	28	12	27	10	25	9	24	9	24	10	25	12	27	14	30	15	34	15	38	14	41	12	43	9	44	5	45	2	45	0	46	-1	48	-2	51	-2	54	-1	58	1	61	4	63	8	64	13	64	17	63	20	61	22	58	23	54	24	50	26	46	29	43	32	40	35	38	38	37	40	37	41	38	41	40	41	43	41	47	41	51	42	54	44	56	47	57	50	57	53	56	55	54	56	51	56	47	55	42	53	36	50	29	46	23	42	17	39	12	37	8	36	5	36	3	37	2	37	2	
30:
77	0.391	30	26	29	25	27	24	24	22	22	20	21	17	20	13	20	9	21	6	21	4	20	3	18	2	15	2	11	3	8	5	6	8	4	12	3	17	3	22	3	28	4	35	6	41	9	46	13	50	17	53	20	55	22	56	23	56	23	55	22	55	20	54	17	54	14	55	12	57	11	59	11	62	12	66	14	69	17	72	21	76	25	79	30	81	36	82	43	82	49	81	54	79	58	76	61	72	63	67	64	61	64	54	63	46	61	39	58	32	55	26	53	21	51	17	50	13	50	10	51	8	53	7	56	6	59	6	61	7	62	8	62	8	61	8	59	9	56	11	52	14	48	17	44	21	40	24	36	26	33	27	31	27	30	26	30	26	
31:
66	0.116	54	37	53	38	51	40	48	41	45	41	42	40	40	39	39	37	39	34	40	31	40	29	39	28	37	28	34	29	30	31	27	34	23	37	20	41	16	44	12	47	8	49	5	51	3	54	2	56	2	57	3	57	5	56	8	55	11	53	15	51	20	50	26	50	32	51	39	53	45	56	50	60	54	63	57	65	59	66	61	66	62	65	62	63	61	60	59	56	56	51	52	45	49	38	45	31	41	25	36	20	32	16	29	13	27	11	26	9	26	8	27	8	29	9	31	11	34	14	37	18	41	23	44	27	48	31	51	34	53	36	54	37	54	37	
32:
72	6.692	5	5	4	6	4	8	3	11	3	15	3	19	2	22	2	24	3	25	5	25	7	24	9	22	11	19	14	15	18	11	23	7	29	4	35	2	40	1	44	1	47	2	49	4	50	7	50	9	49	10	47	10	46	9	46	7	47	5	49	4	52	3	54	3	55	4	55	6	55	9	54	12	52	16	50	21	49	27	48	34	48	40	49	46	50	51	52	55	55	58	59	60	62	61	64	61	65	60	65	59	64	59	62	60	59	62	55	63	51	63	46	63	40	63	33	62	27	60	22	57	18	53	14	48	11	42	9	36	8	31	8	25	7	20	5	15	4	11	4	8	4	6	5	5	5	5	
33:
60	0.121	12	27	13	26	15	26	18	26	20	27	21	29	21	32	21	35	22	38	24	41	27	43	31	44	36	44	42	43	48	42	54	40	59	38	63	37	66	37	69	38	71	39	72	41	72	44	71	46	69	47	66	47	62	46	57	44	53	41	50	37	48	32	47	27	47	23	48	18	50	14	52	10	54	7	55	5	55	4	54	4	52	4	49	5	45	7	40	9	34	10	28	10	23	9	18	7	13	6	9	5	6	5	4	6	3	8	3	11	4	15	6	19	9	22	11	24	12	26	12	27	12	27	
34:
59	1.664	32	32	33	33	35	33	37	32	40	31	44	30	49	30	53	31	56	33	58	36	60	38	62	39	65	39	67	38	69	36	70	33	70	29	69	26	67	23	64	20	60	18	55	17	49	17	44	18	38	18	32	17	27	16	23	15	20	13	18	11	17	8	16	6	16	5	15	5	13	6	11	8	8	11	6	15	4	20	3	26	3	33	2	40	1	46	1	51	2	55	3	58	5	60	8	61	12	61	16	60	19	58	21	55	22	51	23	46	24	42	26	38	29	35	31	33	32	32	32	32	
35:
55	1.539	44	49	45	48	47	47	50	47	54	48	58	50	62	53	65	57	67	60	68	62	70	63	73	63	75	62	77	60	78	57	78	53	78	48	77	42	75	36	72	31	68	27	63	24	57	22	51	20	45	19	40	17	35	14	31	10	27	7	23	4	18	2	14	1	11	1	9	2	8	4	8	5	9	7	11	10	14	13	16	16	17	19	17	23	16	26	15	30	15	35	16	40	18	44	21	47	25	49	29	50	34	50	38	49	41	48	43	48	44	49	44	49	
36:
82	0.413	66	62	65	61	63	60	62	58	61	55	59	51	57	48	56	46	56	45	57	45	57	46	56	48	56	51	55	55	55	59	54	62	52	64	49	65	45	65	42	64	39	62	37	61	34	60	31	60	28	61	25	62	23	62	22	61	22	59	23	56	25	52	28	48	31	44	33	41	34	38	34	34	34	30	33	26	31	23	28	21	24	20	19	20	15	21	12	23	9	26	5	30	2	35	0	41	-1	46	-2	50	-2	53	-1	55	1	56	4	56	8	55	12	53	17	50	22	46	26	41	29	35	31	28	32	22	34	17	37	13	40	10	44	8	49	7	55	7	60	8	64	10	68	13	71	17	73	22	74	28	74	34	73	41	71	47	69	52	67	56	66	59	66	61	66	62	66	62	
37:
67	0.093	66	3	65	4	65	6	65	9	64	13	62	17	59	20	55	22	50	23	44	23	38	22	33	20	29	18	26	15	24	11	22	7	19	4	15	2	12	1	10	1	9	2	9	4	10	7	10	11	10	16	9	21	7	26	6	32	4	39	1	46	-1	52	-2	57	-2	61	-2	64	-1	66	1	67	4	67	7	66	9	64	12	61	16	57	21	52	26	48	31	45	36	42	42	40	48	39	53	39	57	40	60	42	62	45	63	47	63	48	63	48	64	47	65	45	67	42	69	38	71	34	72	29	72	23	71	18	69	13	67	9	66	6	66	4	66	3	66	3	
38:
59	0.52	1	14	2	13	4	11	7	10	11	10	15	10	20	11	24	13	27	16	29	20	30	25	31	30	31	35	30	40	28	45	26	49	25	54	25	58	25	61	24	63	22	64	19	64	15	63	12	61	10	58	9	54	9	49	10	44	11	39	13	35	16	31	20	28	25	25	31	23	37	22	44	22	50	23	55	25	59	28	62	32	64	36	65	40	65	44	64	47	63	49	61	50	58	50	54	49	49	47	43	44	36	40	29	35	22	29	16	24	11	20	7	17	4	15	2	14	1	14	1	14	
39:
52	0.204	67	63	68	62	70	60	72	57	73	53	74	48	74	42	73	35	71	29	68	23	64	18	59	13	53	9	46	6	40	4	34	2	29	1	23	1	18	1	14	2	11	4	9	7	8	11	8	14	9	18	11	21	12	23	12	24	11	24	9	25	7	27	5	29	3	32	2	35	1	38	1	42	2	47	4	52	7	56	11	59	16	61	22	64	28	66	35	69	42	71	48	72	53	72	57	71	61	69	64	66	66	64	67	63	67	63	
40:
61	0.37	19	39	20	38	22	37	25	37	29	37	32	38	34	40	37	43	41	47	45	50	48	54	50	58	51	61	51	63	50	65	48	67	46	68	45	68	45	67	46	65	48	62	51	58	53	53	54	47	54	40	54	33	53	27	52	21	52	16	53	12	55	9	58	7	61	6	63	4	64	1	64	-2	63	-4	61	-5	58	-5	54	-4	49	-4	43	-3	36	-1	29	1	23	4	17	8	12	13	8	19	5	26	3	32	2	37	2	41	3	44	5	46	7	47	9	47	11	46	14	44	16	42	18	40	19	39	19	39	
41:
71	2.921	4	59	3	58	2	56	2	53	3	49	5	44	8	40	11	37	14	35	17	33	19	32	20	32	20	33	19	35	19	38	20	42	22	45	25	47	29	48	34	49	40	50	45	50	49	50	52	51	54	53	55	55	55	57	54	60	52	63	49	65	45	66	41	66	38	65	35	63	33	60	32	56	31	51	31	45	32	38	34	30	37	23	41	17	46	12	50	8	53	5	56	3	58	1	59	0	59	-2	58	-3	56	-3	53	-4	49	-6	44	-7	38	-7	31	-6	23	-4	16	-1	10	3	5	8	1	14	-2	19	-4	25	-5	31	-5	38	-5	44	-4	49	-2	53	1	56	3	58	4	59	4	59	
42:
75	4.07	3	5	4	5	6	5	9	4	13	4	16	4	18	5	20	6	21	8	21	11	20	15	18	19	15	22	12	24	8	25	5	25	3	24	2	22	2	21	3	20	5	20	8	21	12	22	17	22	22	23	28	25	33	28	37	31	40	34	42	36	43	37	43	37	42	37	42	36	42	34	42	31	41	27	40	22	40	17	39	13	39	10	39	8	40	7	42	7	44	8	47	10	51	13	54	17	56	21	57	26	57	32	56	38	54	45	51	51	47	56	42	60	36	63	29	65	21	66	14	66	8	65	2	63	-3	60	-7	56	-10	51	-12	45	-13	38	-13	31	-12	25	-10	20	-7	15	-3	11	0	8	2	6	3	5	3	5	
43:
60	0.496	59	62	58	61	56	61	53	62	49	63	44	63	39	64	34	65	29	65	25	65	22	66	20	66	19	67	19	67	20	66	22	64	25	61	29	57	33	52	37	47	42	43	46	40	49	38	52	37	54	37	55	36	55	34	54	31	52	28	50	25	48	22	46	20	43	19	41	19	40	20	39	22	37	25	34	27	30	28	25	28	20	27	16	25	13	22	11	19	10	17	10	16	11	16	13	17	16	19	20	22	25	26	31	31	37	37	43	43	48	48	52	52	55	56	57	59	58	61	59	62	59	62	
44:
58	0.49	17	61	18	62	20	63	22	64	25	64	28	63	31	61	34	58	36	54	38	50	39	45	39	40	39	35	40	31	42	28	44	26	47	25	51	25	56	25	60	24	63	23	66	23	68	24	69	25	69	25	68	25	66	24	63	23	59	21	54	18	49	16	44	15	40	13	37	10	35	8	34	6	34	5	35	4	35	4	34	3	32	3	29	3	25	4	20	6	15	8	11	11	7	15	4	20	2	25	1	31	1	38	2	44	4	49	7	53	11	56	14	58	16	60	17	61	17	61	
45:
52	0.207	13	11	12	12	10	14	8	17	7	21	5	25	4	29	4	34	5	38	6	41	8	43	11	44	15	45	20	45	26	44	31	42	35	40	38	39	40	39	43	40	45	42	48	44	52	46	56	47	59	47	61	46	62	44	62	41	61	38	59	34	58	30	58	25	59	21	61	17	64	13	66	10	67	8	67	6	66	4	64	2	61	-1	57	-3	52	-4	47	-4	41	-3	34	-1	28	2	23	5	19	8	16	10	14	11	13	11	13	11	
46:
64	5.24	61	32	61	31	61	29	61	27	61	26	60	26	58	27	55	28	51	28	48	27	46	25	45	23	44	21	44	18	45	15	47	13	50	12	54	12	58	12	62	12	65	12	67	13	68	13	68	12	67	10	65	8	62	7	58	7	53	7	47	8	40	10	32	12	25	15	19	19	14	23	10	28	7	34	5	41	4	47	4	52	5	56	5	59	4	61	2	62	0	63	-1	64	-1	65	0	67	2	70	5	72	9	73	14	73	20	72	26	70	32	67	37	63	41	58	44	52	47	47	51	42	55	38	58	35	60	33	61	32	61	32	
47:
73	6.24	50	25	49	26	47	28	45	29	44	29	43	28	43	26	44	23	45	19	46	14	46	9	46	5	46	2	45	0	43	-1	40	-1	36	0	33	2	29	4	26	7	22	10	19	12	16	14	14	15	13	17	13	18	14	19	16	20	19	20	22	21	24	22	25	24	25	26	24	29	22	32	19	36	15	41	11	45	8	48	6	50	5	51	4	51	4	50	5	48	7	47	10	45	14	44	19	44	25	45	32	47	38	48	43	50	49	52	54	55	58	59	61	63	63	66	64	68	64	69	63	69	61	68	58	66	55	63	53	59	52	55	52	51	52	46	52	40	52	35	51	31	50	28	50	26	50	25	50	25	
48:
59	1.559	46	45	45	46	43	48	42	50	41	52	39	53	37	53	36	52	35	50	35	49	34	49	34	50	35	52	36	55	37	59	37	62	38	64	40	65	43	65	45	64	48	62	50	60	52	59	55	59	57	58	58	56	59	53	59	49	60	44	60	38	59	33	57	29	54	25	50	21	45	18	40	16	34	15	27	15	21	16	16	18	12	21	9	25	6	30	4	36	3	42	3	47	4	51	6	54	9	56	13	58	16	59	20	59	25	58	31	56	36	53	40	50	43	48	45	46	46	45	46	45	
49:
61	1.006	3	67	2	66	0	64	-1	61	-1	57	0	53	1	50	3	48	5	46	8	45	12	45	16	46	20	46	24	46	27	45	30	43	32	41	33	38	34	35	34	33	33	32	31	32	30	33	28	35	27	38	27	42	28	45	29	49	31	52	34	54	37	55	41	55	46	54	50	53	53	52	55	50	56	47	56	43	55	38	53	32	51	26	49	21	48	17	47	14	45	12	42	11	38	11	33	12	27	14	20	17	14	21	9	26	5	32	2	39	0	46	-1	52	-1	57	0	61	1	64	2	66	3	67	3	67	
50:
58	0.203	65	50	66	51	66	53	65	55	64	58	62	60	59	61	55	61	51	60	48	58	46	55	44	51	42	47	41	42	40	38	38	34	37	31	37	29	38	28	40	26	41	23	41	20	40	18	39	16	39	14	40	12	42	11	45	11	48	12	50	13	51	13	52	12	52	10	51	7	49	4	46	1	42	-1	37	-2	31	-2	26	-1	22	1	19	4	17	8	16	13	16	19	17	26	19	33	22	39	26	44	31	48	37	51	44	53	50	54	55	54	59	53	62	51	64	50	65	50	65	50	
51:
48	0.171	41	57	40	57	39	58	37	58	34	59	31	59	29	59	28	60	27	62	25	63	23	63	21	62	19	60	17	58	16	55	16	52	17	48	19	44	22	40	26	36	30	31	34	27	37	22	39	18	41	15	43	13	45	12	48	12	52	13	55	15	59	18	62	22	64	27	65	33	67	40	68	46	68	51	67	56	65	60	62	63	58	65	53	66	49	66	46	65	44	63	42	60	41	58	41	57	41	57	
52:
63	0.11	24	31	23	32	23	34	23	37	22	39	22	40	23	40	25	39	27	37	30	34	32	30	33	26	33	21	32	17	30	14	29	11	28	8	28	6	27	5	25	5	22	6	20	8	19	11	18	15	18	20	18	26	17	33	15	40	12	46	10	52	9	57	9	61	10	64	11	66	13	67	16	67	20	66	25	64	31	61	38	57	45	52	52	46	58	40	63	34	67	29	70	23	72	17	73	12	73	8	72	5	70	3	67	2	63	2	58	3	52	5	45	8	39	12	34	16	30	21	27	25	25	28	24	30	24	31	24	31	
53:
64	0.297	32	5	31	5	29	6	26	8	22	10	19	13	16	17	13	20	11	23	10	26	10	28	11	31	13	34	16	36	19	37	23	37	27	36	30	34	34	32	37	31	39	31	40	32	40	34	39	37	38	41	37	46	37	51	38	56	40	60	43	63	47	65	51	67	54	68	56	68	58	67	59	65	59	62	58	59	56	57	53	56	49	56	44	57	38	58	31	60	24	63	17	65	11	66	6	66	2	66	-1	65	-3	63	-4	60	-4	56	-3	51	-1	45	2	38	6	31	11	25	17	20	22	15	26	11	29	8	31	6	32	5	32	5	
54:
68	2.747	52	3	53	4	55	6	56	9	57	13	57	17	56	20	54	22	51	23	47	23	42	23	37	22	32	20	27	18	23	17	19	17	16	18	14	18	13	17	13	16	14	14	16	11	19	9	23	8	28	8	34	9	39	11	43	14	46	18	48	23	49	29	49	36	49	43	48	50	46	56	43	61	39	65	34	68	30	70	26	71	23	71	21	70	20	69	20	69	21	70	23	71	26	73	30	74	35	75	41	76	46	76	52	75	57	73	61	71	64	68	66	64	67	59	67	53	68	46	68	39	67	31	66	24	64	18	61	13	58	9	55	6	53	4	52	3	52	3	
55:
58	0.25	33	64	34	63	34	61	33	60	31	60	28	60	24	60	20	59	17	57	15	55	13	52	12	48	12	43	11	37	9	31	6	25	4	20	2	16	1	11	1	7	2	4	4	2	7	1	11	0	16	0	21	1	26	2	30	4	33	6	35	7	36	9	36	11	35	13	34	14	33	14	33	13	34	11	36	9	39	7	43	5	48	4	52	4	55	5	58	7	60	10	62	13	63	17	63	21	62	26	60	32	57	39	53	45	48	50	43	54	39	58	36	61	34	63	33	64	33	64	
56:
63	1.358	8	55	7	54	6	54	6	55	6	57	5	59	5	61	6	62	8	62	9	61	9	59	8	56	6	52	5	47	5	43	5	40	6	37	8	35	11	34	15	34	20	35	26	36	31	36	35	35	38	34	40	32	41	30	41	27	40	24	38	22	36	21	35	21	34	20	34	19	35	19	37	19	40	18	43	16	47	13	52	10	57	8	61	6	65	5	68	5	70	6	71	8	72	11	72	15	71	20	69	25	66	30	62	34	57	37	51	41	44	45	36	49	29	52	23	54	18	55	14	55	11	56	9	56	8	55	8	55	
57:
56	0.942	11	63	11	62	11	60	12	57	13	53	13	49	12	44	12	40	11	37	11	35	12	32	14	30	17	27	21	23	26	19	32	16	37	14	41	13	44	13	46	14	48	16	49	19	49	23	49	28	48	33	48	38	49	42	50	45	52	47	54	48	55	49	55	51	54	54	54	58	54	62	55	65	57	67	60	68	63	68	65	67	66	65	66	62	65	59	63	56	60	54	56	53	51	53	45	54	39	56	32	57	26	57	21	57	17	58	14	60	12	62	11	63	11	63	
58:
67	0.886	50	48	50	49	50	51	51	52	53	52	55	51	56	49	56	46	55	44	53	42	50	41	46	41	41	42	37	42	33	41	30	39	28	36	27	32	26	27	26	22	26	17	25	11	25	6	26	2	28	-1	30	-3	33	-4	37	-4	42	-3	47	-1	53	2	58	4	62	6	65	7	67	8	68	8	68	9	67	10	65	11	62	13	58	16	53	20	47	24	42	29	36	33	29	36	22	38	16	39	11	40	7	42	4	45	2	49	1	52	1	54	2	55	4	56	7	56	11	57	16	58	22	58	29	57	35	55	40	52	44	50	47	49	49	48	50	48	50	48	
59:
48	0.426	30	23	30	22	31	20	31	17	30	14	29	12	27	11	24	11	20	12	15	13	11	15	8	18	6	22	5	26	5	30	6	34	8	39	10	45	12	51	13	56	15	60	18	63	22	65	25	66	27	68	28	69	30	69	33	68	37	67	42	65	48	62	53	58	57	53	60	47	62	41	63	35	63	30	62	26	60	22	57	19	53	17	48	16	44	16	40	17	36	19	33	20	31	22	30	23	30	23	
60:
57	1.52	17	48	16	49	16	51	17	54	19	57	22	60	24	64	25	67	26	69	26	70	26	70	25	69	24	67	24	65	25	62	25	58	24	53	22	47	19	40	15	34	11	29	8	25	6	21	5	18	5	15	6	12	8	10	11	7	15	4	20	1	26	-1	33	-2	39	-2	44	-1	48	1	53	4	57	8	60	12	62	15	64	17	66	18	67	18	67	19	66	21	65	24	63	27	60	30	56	34	51	39	45	43	38	46	32	48	27	49	23	50	20	50	18	49	17	48	17	48	
61:
76	2.871	69	29	69	30	70	32	70	35	71	39	71	44	70	48	70	51	69	53	69	55	68	56	66	56	64	55	61	54	58	53	56	53	54	54	53	56	52	59	51	63	50	66	48	68	46	69	44	69	43	68	43	66	44	63	45	59	45	54	44	49	42	44	39	40	35	37	31	35	28	34	26	33	25	32	25	30	26	28	28	25	30	22	33	20	37	17	41	14	44	12	46	11	47	11	47	12	46	14	44	16	41	19	37	21	32	24	26	28	20	33	15	39	11	46	8	52	6	57	5	61	5	64	6	66	8	67	11	67	15	66	20	64	26	61	33	57	41	52	48	46	54	41	59	37	63	34	66	32	68	30	69	29	69	29	
62:
72	0.254	45	58	46	59	46	61	46	63	46	65	45	66	43	66	41	65	38	63	34	60	31	57	29	53	28	49	27	46	25	44	22	43	20	43	17	44	15	46	13	49	12	52	12	54	13	55	15	55	17	54	20	52	22	49	25	45	29	42	34	39	39	37	44	36	49	36	53	37	56	38	58	38	59	37	59	35	59	32	58	28	56	25	53	21	49	17	45	13	42	10	40	7	39	5	38	4	38	4	37	5	35	7	32	10	29	12	26	13	23	13	21	12	19	10	18	9	16	9	15	10	15	12	15	15	16	19	18	24	21	30	25	37	30	43	35	48	39	52	42	55	44	57	45	58	45	58	
63:
59	2.156	26	67	27	66	29	65	32	64	36	64	40	64	43	63	45	61	47	58	48	56	48	55	47	54	45	54	42	53	40	51	39	48	39	44	39	39	38	35	36	32	33	28	29	25	25	23	22	21	20	20	19	20	19	19	20	19	22	19	25	18	29	16	34	13	39	11	45	10	50	10	55	10	60	11	64	13	67	15	69	18	70	21	70	25	69	29	67	34	64	39	62	43	61	46	61	50	60	54	58	58	55	61	51	63	46	65	41	66	36	66	32	66	29	66	27	66	26	67	26	67	
64:
62	2.35	41	21	42	21	44	22	47	24	51	26	56	27	60	27	63	28	65	28	66	29	66	31	65	34	63	38	60	42	56	46	51	49	46	51	42	53	39	56	37	59	36	61	36	62	37	63	39	65	42	66	44	66	45	66	45	66	44	66	42	65	39	65	35	66	30	66	24	66	19	66	14	67	10	67	6	66	3	64	1	61	0	57	0	52	1	46	3	39	6	32	10	25	15	19	20	14	24	10	27	7	29	4	30	2	30	1	29	1	29	2	30	4	32	7	35	11	38	15	40	18	41	20	41	21	41	21	
65:
52	0.538	64	69	63	68	61	68	58	68	54	67	49	66	45	64	42	61	40	59	39	57	39	55	40	53	42	51	44	49	47	47	49	44	50	41	50	37	49	34	47	32	44	30	40	29	35	28	29	28	23	28	18	29	14	31	11	34	9	38	8	43	8	47	7	50	5	52	3	53	1	54	0	55	0	57	1	58	3	60	6	62	10	64	15	65	21	65	28	64	36	62	43	61	49	61	54	62	58	64	61	66	63	68	64	69	64	69	
66:
75	5.473	1	28	0	27	0	26	0	24	0	21	1	18	1	16	1	15	0	15	-1	16	-2	17	-2	19	-1	22	1	26	4	31	8	36	13	40	17	43	20	45	24	46	29	46	33	47	36	49	38	52	40	56	41	61	41	65	40	68	38	70	35	71	31	72	26	73	21	73	17	72	14	70	11	67	9	65	8	63	8	62	9	62	11	63	14	65	18	68	23	70	29	72	36	73	43	73	50	72	56	70	61	67	65	63	68	58	70	52	71	45	71	37	70	30	68	24	65	19	61	14	58	9	56	5	55	2	53	0	50	-1	46	-1	41	0	35	2	28	5	22	9	16	13	11	18	7	22	4	25	2	27	1	28	1	28	
67:
60	0.112	52	58	52	57	51	55	51	53	52	50	52	46	51	42	49	39	46	37	44	36	41	36	38	37	36	39	35	42	35	46	35	49	34	52	33	55	31	58	28	60	24	61	21	62	17	62	14	61	12	59	11	57	11	54	12	52	14	51	15	51	15	52	14	54	12	56	9	59	6	61	4	62	2	62	1	61	-1	59	-4	56	-6	52	-8	47	-9	41	-9	36	-8	32	-6	29	-3	27	1	26	6	26	12	27	18	29	23	32	29	36	34	39	38	43	42	48	46	52	49	55	51	57	52	58	52	58	
68:
57	1.307	39	31	40	30	42	29	45	28	48	28	51	29	54	31	56	33	57	36	57	40	56	45	54	50	52	54	50	57	48	59	45	60	41	60	36	59	30	57	25	54	21	50	18	46	15	41	13	36	12	30	12	25	11	21	9	18	7	16	6	14	6	13	7	13	9	13	12	12	16	12	21	13	27	14	33	14	40	13	46	11	51	8	55	4	58	1	60	-1	61	-2	61	-2	60	-1	60	1	59	4	58	7	56	11	53	16	49	21	45	25	42	28	40	30	39	31	39	31	
69:
66	0.34	4	69	3	68	1	66	0	63	0	59	0	56	1	53	3	51	6	50	9	50	12	50	14	49	15	47	15	44	14	40	12	36	9	33	7	31	6	29	5	26	5	22	6	19	8	17	11	16	15	16	20	17	24	19	28	22	32	26	35	31	38	37	41	42	43	46	44	49	45	51	46	52	48	52	49	51	49	49	49	46	49	42	50	38	52	33	54	27	57	21	59	16	60	12	60	9	60	7	61	6	61	6	60	7	58	9	55	12	51	16	46	21	41	27	35	34	30	41	24	48	19	54	14	59	10	63	7	66	5	68	4	69	4	69	
70:
64	1.737	41	24	42	23	42	21	41	20	39	19	36	19	34	20	33	22	33	25	33	29	33	34	34	39	36	43	39	46	41	48	42	51	42	54	41	56	39	57	36	57	32	56	28	56	23	55	19	54	15	52	12	49	10	46	9	44	9	43	10	43	10	44	9	46	7	48	4	49	2	49	1	48	1	46	1	44	2	41	3	37	5	32	8	26	12	19	17	13	23	8	30	3	38	-1	45	-4	51	-6	56	-7	60	-7	63	-6	65	-4	66	-1	66	3	65	8	63	12	60	15	56	17	51	18	47	19	44	21	42	23	41	24	41	24	
71:
80	0.762	40	69	40	68	40	66	41	63	41	61	40	58	38	55	35	53	33	52	30	52	26	53	23	55	20	58	18	60	17	61	17	61	18	60	20	58	22	55	24	51	25	46	25	41	24	36	22	32	19	28	17	24	16	21	16	19	17	18	19	17	21	17	24	18	28	19	31	20	33	20	34	19	34	17	33	15	31	13	29	11	26	10	24	9	22	7	21	5	21	2	22	0	24	-2	27	-4	31	-5	36	-5	42	-4	47	-2	51	1	54	5	56	9	57	14	57	20	56	27	54	34	52	41	51	47	51	52	52	56	54	59	57	61	61	62	64	62	66	61	67	61	67	60	66	59	64	58	61	58	57	59	54	61	50	62	46	64	43	66	41	68	40	69	40	69	
72:
80	8.126	57	67	58	66	60	64	61	61	61	58	60	56	58	55	55	54	51	54	47	53	44	52	41	50	37	47	34	43	31	40	29	38	27	37	25	37	24	38	24	40	23	42	21	43	18	43	15	42	13	40	12	37	12	33	13	28	13	23	12	18	10	14	7	11	4	8	2	4	1	1	1	-1	2	-2	4	-2	7	-2	11	-2	16	-1	22	-1	28	-1	35	0	41	1	46	1	51	1	55	2	58	4	60	7	61	11	61	16	60	22	58	27	56	31	53	35	49	39	44	44	38	49	31	54	25	59	20	63	16	66	13	68	11	69	10	69	10	68	11	66	13	65	16	64	20	63	25	63	31	64	36	65	42	66	47	66	51	66	54	66	56	66	57	67	57	67	
73:
68	22.244	62	58	63	57	65	55	66	53	66	52	65	52	63	53	60	55	58	58	55	60	53	61	52	61	51	60	50	58	50	55	50	51	51	46	51	41	50	36	48	30	45	23	43	17	40	12	38	8	36	5	34	3	33	2	32	2	31	3	31	5	30	8	29	10	27	11	26	11	24	10	22	8	21	7	21	6	22	6	24	7	25	9	25	12	24	16	22	21	21	26	19	31	16	35	12	38	8	40	5	42	3	43	2	45	2	46	3	46	5	47	8	49	12	52	17	56	22	59	28	61	35	62	41	62	47	61	52	59	56	58	59	57	61	57	62	58	62	58	
74:
72	3.301	55	68	54	69	52	69	49	68	47	66	46	63	46	59	46	56	45	54	43	53	40	52	36	52	32	52	27	51	21	49	15	47	10	44	6	42	3	40	1	39	0	39	0	40	1	42	3	44	6	46	10	47	15	47	21	46	28	44	34	41	40	37	45	32	49	27	52	23	54	20	55	18	55	17	54	17	54	18	55	20	57	23	60	26	62	28	63	29	63	29	62	28	61	26	59	23	56	19	54	14	51	9	47	5	42	2	36	0	31	-1	27	-1	24	0	22	2	21	5	21	9	22	14	24	20	27	27	31	35	36	42	41	48	45	53	49	58	52	62	54	65	55	67	55	68	55	68	
75:
61	0.185	37	68	36	67	34	65	31	62	28	58	25	55	23	52	22	50	22	49	23	48	24	46	26	45	29	45	33	44	37	42	40	39	42	36	43	33	43	29	42	25	41	21	40	18	39	16	37	15	34	15	30	16	25	18	20	21	16	25	12	30	9	36	5	42	2	47	0	51	-1	55	-1	59	0	63	2	66	5	68	9	70	14	71	20	71	27	70	34	68	40	65	45	61	50	57	54	54	57	52	59	51	60	51	60	52	59	53	57	55	54	58	50	62	46	65	43	67	40	68	38	68	37	68	37	68	
76:
52	1.474	65	3	64	4	62	6	59	9	55	13	50	16	45	18	39	19	34	20	30	20	26	19	23	17	21	16	20	14	20	13	19	13	17	14	14	14	10	14	7	15	5	17	3	20	2	24	2	28	3	33	5	39	8	44	12	48	17	51	22	53	28	54	34	54	41	53	47	52	52	52	56	53	59	54	62	54	65	53	67	51	69	48	70	44	70	39	69	33	67	26	64	20	62	15	61	11	61	8	62	6	64	4	65	3	65	3	
77:
63	0.125	39	42	38	41	37	39	35	36	34	33	34	30	35	28	36	26	38	25	41	25	45	26	48	28	52	30	56	32	59	33	61	33	63	32	64	30	65	27	65	25	64	24	62	24	61	25	59	27	58	30	58	34	59	39	60	43	60	47	60	52	59	56	59	59	58	62	56	64	53	65	49	65	44	64	38	62	32	59	26	55	21	50	17	44	14	37	11	31	9	25	8	20	8	16	9	12	11	9	13	7	16	6	20	6	23	7	25	9	26	12	26	16	27	21	28	27	30	32	33	36	36	39	38	41	39	42	39	42	
78:
58	1.392	68	30	67	31	65	33	63	36	60	39	58	43	57	47	57	52	58	56	60	59	62	61	64	62	65	62	65	61	64	60	62	58	59	57	55	57	50	58	44	58	37	57	31	57	26	58	22	58	19	57	17	55	16	53	16	52	17	52	18	53	18	55	17	57	15	60	13	62	10	63	6	63	3	62	1	60	0	57	0	53	1	48	2	42	3	35	5	29	8	24	11	20	15	17	20	15	26	14	33	14	40	14	47	15	53	17	58	20	62	24	65	27	67	29	68	30	68	30	
79:
65	0.271	30	69	29	68	29	67	29	65	29	63	30	62	32	62	35	63	37	65	39	67	40	69	41	70	42	70	43	69	43	67	42	64	40	60	38	55	37	49	37	43	37	38	37	34	38	31	40	29	43	27	47	24	51	22	54	21	56	21	57	22	57	24	58	27	59	30	60	33	60	35	59	36	57	36	54	35	50	33	47	30	45	26	44	21	44	15	45	10	46	6	47	3	47	1	46	0	46	0	47	1	48	3	50	6	51	10	51	15	50	20	48	26	46	33	43	41	39	48	35	54	32	59	30	63	29	66	29	68	30	69	30	69	
80:
66	0.063	4	67	4	66	3	64	2	61	2	59	1	57	1	56	2	56	4	57	7	59	11	61	15	62	18	62	20	61	21	59	21	56	20	52	18	48	16	44	15	40	15	36	15	33	16	31	18	30	21	30	25	31	28	33	30	36	31	40	31	45	32	50	34	54	37	57	41	59	45	60	50	60	55	59	60	57	64	54	67	50	69	45	70	39	70	32	69	26	67	21	64	17	61	14	58	11	56	9	55	8	55	8	54	9	52	11	49	14	45	18	41	23	36	29	32	36	27	42	22	48	17	53	13	57	10	61	7	64	5	66	4	67	4	67	
81:
59	0.545	34	18	33	17	32	15	30	14	27	14	25	15	24	17	24	20	24	24	25	29	27	34	28	40	30	45	32	49	35	52	39	54	43	55	46	55	48	56	49	58	49	61	48	65	46	68	43	70	39	71	34	71	29	70	24	68	20	65	17	61	14	58	10	56	7	53	5	49	4	44	3	38	3	31	4	25	6	20	9	16	13	13	18	11	24	10	31	10	37	11	42	11	46	10	49	9	51	7	52	5	52	4	51	4	49	5	47	7	44	10	40	13	37	15	35	17	34	18	34	18	
82:
70	1.705	24	58	25	59	27	61	29	63	30	65	30	66	29	66	27	65	24	63	21	61	18	58	16	56	15	54	15	51	16	48	18	46	21	44	25	43	30	43	35	44	39	46	42	47	44	47	45	46	45	44	44	41	44	39	45	38	46	38	47	37	47	36	46	34	44	33	41	31	37	28	32	26	28	24	23	22	19	20	16	17	14	13	13	8	13	4	14	1	16	-1	19	-2	23	-2	28	-1	34	1	40	4	46	8	51	13	55	19	58	26	60	34	62	42	63	49	63	55	62	60	60	64	57	67	53	69	49	70	44	70	39	69	34	67	30	64	27	61	25	59	24	58	24	58	
83:
64	1.232	25	2	26	1	28	0	30	-1	33	-1	37	0	42	2	48	5	53	8	57	11	60	15	62	18	63	21	63	25	62	28	60	32	57	36	53	39	50	42	47	44	43	45	38	45	34	46	31	48	29	50	28	53	26	56	24	59	21	61	17	63	13	64	10	64	8	63	7	61	7	58	8	54	10	51	13	49	17	47	22	46	28	46	35	45	42	43	49	42	55	42	60	43	64	45	67	46	69	46	70	45	70	43	69	40	67	36	64	31	60	26	55	22	49	18	44	15	39	12	35	8	31	5	28	3	26	2	25	2	25	2	
84:
68	8.742	25	41	24	41	23	40	23	40	24	40	26	41	29	43	31	45	32	47	32	50	31	52	29	54	26	55	22	56	19	57	17	59	15	62	14	64	14	66	15	67	17	68	20	68	24	67	28	65	33	64	39	64	46	63	52	63	57	62	61	60	64	57	66	53	67	48	67	43	66	39	64	36	61	34	57	33	54	33	52	34	49	35	47	35	46	34	46	32	46	29	47	25	47	20	46	14	44	8	41	3	37	-1	32	-4	26	-6	21	-7	16	-7	12	-6	9	-4	7	-1	6	3	6	8	7	14	9	20	12	26	15	31	19	35	22	38	24	40	25	41	25	41	
85:
58	1.524	59	44	60	44	61	43	63	41	65	38	67	34	68	31	68	29	67	27	65	26	62	26	59	26	55	27	50	28	46	28	43	27	41	25	39	23	37	21	34	19	30	18	25	18	19	19	14	21	10	24	7	28	5	32	4	36	4	40	5	43	7	46	10	49	14	53	19	56	24	58	28	60	33	61	37	61	40	60	42	58	43	57	43	57	42	58	41	60	41	63	42	66	44	68	47	69	50	69	52	68	53	66	53	63	53	59	53	54	54	50	56	47	58	45	59	44	59	44	
86:
56	1.931	30	0	29	1	27	3	24	5	20	8	16	12	11	17	7	21	4	24	2	28	1	33	1	38	2	42	4	46	7	49	10	51	14	52	19	54	25	56	30	59	34	63	38	67	42	70	45	72	48	73	52	73	56	72	59	70	63	67	67	63	70	58	72	52	73	45	73	39	72	34	70	29	67	25	63	22	60	20	57	19	55	19	53	20	52	21	52	21	53	20	54	18	54	15	53	11	51	7	48	4	44	1	40	-1	36	-2	33	-2	31	-1	30	0	30	0	
87:
55	0.302	36	28	35	29	33	30	32	32	32	35	33	37	35	39	37	42	38	46	38	50	37	54	35	57	33	59	30	60	27	60	25	59	24	57	23	56	21	56	20	57	19	59	19	61	18	64	16	66	13	67	10	67	8	66	6	64	5	61	4	57	4	52	4	46	4	39	4	32	5	26	7	21	10	17	13	14	17	11	20	9	22	6	23	4	23	3	22	2	21	2	21	3	22	5	23	8	25	12	27	16	30	20	33	23	35	25	36	27	36	28	36	28	
88:
53	0.72	46	43	45	44	43	45	40	45	36	45	33	44	29	42	26	39	24	36	22	34	21	33	19	33	18	34	17	36	17	39	18	43	18	47	17	51	15	54	12	56	8	57	5	57	3	56	1	54	-1	51	-2	47	-2	43	-1	38	1	32	3	27	6	23	10	20	13	18	16	17	18	15	19	12	20	9	20	6	20	4	19	3	18	3	18	4	19	6	21	9	24	13	28	17	33	22	37	28	40	33	42	37	43	40	45	42	46	43	46	43	
89:
56	0.28	31	33	32	33	34	33	37	33	40	32	42	30	44	28	47	27	50	27	52	28	53	30	53	33	53	36	54	40	54	43	53	46	51	48	49	49	46	49	42	48	39	47	37	45	36	42	36	38	37	33	37	29	36	26	34	24	31	23	27	23	22	24	18	26	14	29	11	33	9	38	8	44	8	51	9	57	11	62	14	66	18	69	23	71	28	72	33	72	37	71	40	69	42	66	43	63	43	59	43	54	42	48	40	43	37	39	34	36	32	34	31	33	31	33	
90:
67	0.313	13	11	14	12	16	13	19	14	23	15	27	15	30	14	32	12	33	10	33	7	32	5	30	4	28	4	27	5	27	7	28	10	30	13	32	15	35	16	39	16	44	15	48	13	51	10	54	7	57	5	59	4	60	4	60	5	59	7	57	10	54	14	50	19	47	25	45	31	44	37	44	42	45	46	47	49	49	51	50	52	50	52	49	51	47	49	44	47	40	46	35	46	31	46	27	47	24	49	22	52	21	55	21	57	22	58	24	58	25	57	25	55	24	52	22	48	19	43	15	37	12	31	10	26	9	21	9	17	10	14	12	12	13	11	13	11	
91:
58	0.381	46	6	47	7	47	9	47	12	48	14	50	16	51	19	51	23	50	26	48	28	47	29	46	29	46	28	47	28	49	29	52	30	55	31	58	33	60	36	61	40	61	45	60	50	58	54	55	57	51	59	46	60	42	60	38	59	34	58	29	58	25	59	21	61	18	63	15	65	13	66	11	66	9	65	8	63	8	60	9	56	9	51	10	45	12	38	14	30	17	23	19	17	22	12	25	7	27	3	30	0	32	-2	33	-3	35	-3	37	-2	40	0	43	3	45	5	46	6	46	6	
92:
70	8.56	27	66	28	66	29	66	31	66	34	66	36	67	37	69	37	72	36	74	34	75	31	75	27	74	22	72	17	70	13	67	10	63	8	58	7	52	7	45	8	37	8	30	9	24	9	18	8	13	8	9	9	6	11	4	13	3	16	3	20	4	24	6	29	9	35	12	40	14	44	16	48	17	52	17	56	16	60	16	63	17	65	19	66	22	66	25	66	29	65	34	63	38	60	41	58	43	57	44	57	44	57	43	58	43	60	43	62	43	64	44	66	45	67	47	67	49	66	50	64	52	61	55	57	58	52	62	46	65	41	67	37	68	33	68	30	68	28	67	27	66	27	66	
93:
53	0.367	16	32	17	31	18	30	20	29	23	29	25	30	27	32	28	35	28	39	27	42	25	44	23	45	22	46	22	47	23	48	25	50	27	53	29	55	32	57	36	58	39	58	43	59	46	61	48	63	49	64	49	64	48	63	46	61	43	58	39	54	34	49	28	43	21	37	15	32	9	28	4	25	0	21	-3	16	-5	12	-6	9	-6	7	-5	6	-3	6	0	7	3	8	7	10	10	13	12	17	13	22	13	26	14	29	15	31	16	32	16	32	
94:
56	0.557	14	6	15	6	17	6	20	7	24	9	29	11	33	13	37	15	40	18	42	20	44	21	47	21	49	20	50	18	50	15	49	11	48	8	48	6	49	5	51	5	54	6	58	8	62	10	65	13	67	17	68	22	68	26	67	29	65	31	62	32	58	34	53	37	49	40	46	43	44	47	43	52	42	56	41	59	39	61	36	62	32	62	27	61	21	59	16	56	12	53	9	49	7	44	5	38	4	31	4	25	5	20	7	16	9	12	11	9	13	7	14	6	14	6	
95:
64	0.942	22	20	23	19	25	17	28	14	30	10	31	6	31	2	30	-1	28	-3	25	-4	21	-4	17	-3	14	-1	11	2	9	6	8	11	8	17	9	24	11	32	12	39	12	45	13	50	14	54	16	57	19	59	23	60	28	62	34	63	41	63	47	62	52	61	56	59	59	56	61	52	62	47	62	43	61	40	59	38	57	37	54	36	52	36	51	37	51	38	52	39	54	39	57	38	61	36	64	33	66	29	67	24	67	19	66	14	64	10	61	7	57	5	52	4	46	4	40	5	35	7	31	10	28	14	25	17	23	19	22	20	22	20	
96:
66	0.516	2	3	3	2	5	2	8	3	12	5	17	6	23	7	28	8	33	10	38	13	42	15	45	16	47	16	48	15	48	13	48	10	48	6	49	3	50	1	52	0	53	0	53	0	52	1	50	3	47	5	43	8	38	12	33	17	28	23	23	28	17	32	12	35	8	37	5	38	3	38	2	38	2	39	3	41	5	44	8	47	12	49	17	51	23	52	30	52	37	52	43	52	48	51	52	50	55	48	57	45	58	42	58	40	57	38	55	35	52	31	48	28	43	25	37	23	30	22	23	20	17	17	12	13	8	9	5	6	3	4	2	3	2	3	
97:
64	0.169	51	36	52	35	53	33	55	32	58	31	62	31	65	32	67	34	68	37	68	41	67	45	65	49	64	53	64	57	65	60	65	62	66	63	66	63	66	62	65	60	63	57	60	53	56	50	51	48	47	47	44	46	40	46	36	47	33	49	31	52	30	56	30	60	29	63	27	65	24	66	20	66	17	65	15	63	14	60	14	56	14	51	15	45	17	38	20	31	24	25	29	20	35	15	41	11	48	7	54	4	59	2	63	1	66	1	68	2	69	4	69	7	68	11	66	16	63	21	59	26	56	30	54	33	52	35	51	36	51	36	
98:
78	5.112	67	48	68	49	68	50	67	52	65	54	63	55	61	55	60	54	59	52	58	49	58	47	59	46	59	46	58	47	56	49	55	52	55	56	54	59	52	61	49	62	45	62	41	61	37	59	34	56	30	52	27	49	24	45	20	40	17	36	15	33	14	31	14	29	15	28	17	28	20	29	23	29	27	28	31	26	35	23	38	19	41	14	45	10	49	6	52	3	54	1	56	0	57	0	57	1	56	3	54	5	51	8	47	12	42	17	36	23	29	30	23	36	18	41	13	45	9	48	6	52	4	55	3	57	3	59	4	60	6	60	9	60	13	60	18	59	24	57	31	56	39	54	46	51	52	49	57	47	61	46	64	46	66	47	67	48	67	48	
99:
63	0.188	28	49	27	50	25	51	22	51	18	50	14	49	10	47	7	44	5	42	3	41	1	40	-1	40	-3	41	-4	43	-4	46	-3	50	-1	54	2	59	6	63	11	66	17	68	23	69	29	69	34	69	38	68	41	66	43	63	44	59	44	54	43	48	41	41	39	34	37	28	36	23	36	18	37	14	39	11	40	9	42	8	43	8	43	9	42	10	40	11	37	13	33	14	29	14	24	13	18	12	13	10	9	9	6	9	4	10	3	12	3	15	4	19	6	24	9	30	13	35	18	39	22	43	25	46	27	48	28	49	28	49	