0:
96	3.272	65	85	64	86	62	88	60	91	57	94	55	98	54	103	54	108	55	112	57	115	60	118	64	120	69	122	73	123	78	123	83	122	87	120	90	117	93	113	95	108	96	102	98	95	101	89	105	83	108	78	110	74	111	71	111	69	110	66	108	64	105	63	101	63	96	64	90	64	83	63	75	61	66	58	58	55	51	51	45	46	40	40	36	33	33	26	31	20	30	15	30	10	31	6	33	3	35	1	38	0	42	0	47	1	53	3	59	5	66	6	73	7	79	8	84	8	88	7	91	6	93	6	94	7	94	7	93	7	91	7	88	8	84	10	79	12	73	15	66	18	58	20	49	23	41	27	34	32	28	38	23	45	19	52	15	58	12	65	10	73	9	80	9	86	10	91	12	95	15	98	19	100	24	101	30	101	37	100	44	98	50	95	55	92	59	90	62	88	64	86	65	85	65	85	
1:
105	5.609	87	82	86	83	84	83	81	82	79	80	78	77	78	74	79	71	81	69	84	68	87	68	90	68	92	68	93	69	93	71	92	74	90	78	87	83	83	87	78	90	73	92	69	93	65	93	61	92	58	90	56	87	55	83	53	79	50	74	48	68	47	61	46	55	46	49	47	44	49	40	52	37	54	34	55	32	55	29	54	26	52	23	49	21	45	19	42	16	40	12	39	7	39	1	40	-6	42	-13	45	-21	49	-28	54	-34	60	-39	67	-43	75	-46	83	-48	92	-49	102	-49	111	-48	119	-46	126	-43	132	-39	137	-34	141	-28	144	-21	146	-13	147	-4	147	5	146	13	144	22	141	31	138	41	135	52	131	64	126	77	120	89	113	100	105	110	96	119	86	127	77	134	69	140	62	145	56	149	51	152	47	154	44	155	42	155	41	154	41	152	42	149	44	145	47	140	51	134	56	128	61	121	67	115	72	108	76	102	80	97	83	92	85	88	86	85	87	83	87	82	87	82	
2:
73	20.715	129	2	129	3	129	5	130	8	130	12	131	17	133	23	136	30	139	37	142	43	144	48	147	53	150	57	152	60	153	62	153	63	152	65	150	66	147	68	143	71	138	75	132	78	125	82	117	87	110	92	102	97	93	103	85	108	77	112	69	116	61	119	54	121	48	122	42	122	37	121	33	119	30	116	28	113	25	110	22	108	20	107	19	105	19	102	20	98	22	95	25	91	28	86	30	80	31	74	32	68	32	62	32	57	31	53	31	50	32	48	34	47	37	47	41	46	46	46	52	46	59	45	67	43	75	40	84	36	93	31	101	25	108	19	114	14	119	10	123	7	126	5	128	3	129	2	129	2	
3:
93	12.309	25	95	24	95	22	95	19	94	15	92	11	89	8	85	5	80	3	74	2	68	2	61	3	53	5	45	8	36	12	28	17	21	23	15	30	10	38	6	47	3	55	1	62	0	69	-1	75	-1	82	0	88	2	93	5	97	9	100	14	102	19	103	25	104	30	106	34	109	37	112	39	115	40	118	40	121	39	125	37	128	34	130	30	131	25	131	21	130	18	130	16	131	15	133	15	136	16	139	18	142	21	145	25	147	30	148	36	148	43	149	51	150	60	152	70	153	81	153	93	152	105	150	116	147	126	143	135	138	143	132	150	125	156	117	161	108	165	98	168	87	170	76	171	66	171	56	170	46	168	37	166	29	163	22	159	16	154	11	149	7	145	4	141	2	136	1	130	1	125	2	119	4	113	7	108	11	104	15	101	19	98	22	96	24	95	25	95	25	95	
4:
84	4.362	68	64	69	65	70	67	70	70	69	74	67	79	64	85	62	92	59	99	55	107	50	114	46	120	43	126	41	131	40	135	40	138	41	140	42	141	44	141	47	140	50	138	54	135	59	131	64	126	68	122	73	119	79	117	86	116	93	116	101	117	109	117	117	116	124	114	132	111	139	107	145	102	150	96	154	89	157	81	159	72	160	64	160	57	159	50	157	43	154	37	150	31	145	26	139	22	133	19	126	17	118	16	111	14	103	11	94	8	86	6	77	5	67	5	57	6	48	8	40	11	33	15	27	20	21	26	16	31	12	36	9	42	7	49	6	56	6	63	7	69	9	74	12	78	16	81	21	83	27	84	34	84	41	83	47	81	53	78	58	74	62	70	65	67	67	65	68	64	68	64	
5:
107	24.051	67	104	68	105	70	107	73	109	77	110	82	110	88	111	94	111	99	111	103	111	107	110	110	108	112	105	113	103	113	101	112	100	110	99	107	97	103	94	98	90	92	85	86	79	81	72	77	64	74	55	72	47	70	40	67	33	63	27	58	22	53	18	47	15	41	13	34	12	27	12	21	13	16	15	12	18	9	22	7	27	6	33	6	40	7	48	9	57	11	67	14	76	16	84	17	91	17	97	16	103	14	108	11	112	8	116	5	119	3	122	2	124	2	126	3	129	5	133	8	138	12	142	17	145	23	147	30	148	38	149	47	149	57	148	66	148	76	149	87	151	99	152	112	152	124	151	135	149	145	146	154	142	162	138	169	133	175	127	180	120	184	112	187	103	189	93	190	84	190	76	189	69	187	63	184	58	180	54	175	51	169	49	162	48	154	48	145	49	137	51	129	54	121	58	112	63	103	69	95	76	88	83	82	89	77	94	73	98	70	101	68	103	67	104	67	104	
6:
107	85.529	90	143	91	144	93	146	96	148	99	149	102	149	104	148	105	146	105	143	104	139	102	134	99	130	95	126	90	123	84	121	77	120	69	120	60	121	52	123	43	125	35	128	28	132	22	136	17	141	13	145	10	150	8	154	7	157	7	159	8	160	10	160	12	159	14	157	17	154	20	150	23	145	25	139	26	132	26	124	26	115	25	105	23	94	21	84	18	75	15	67	11	60	8	54	6	49	5	44	5	40	6	37	8	35	11	34	15	34	20	35	26	37	33	40	41	43	50	45	59	47	69	48	80	48	90	47	99	45	107	42	114	38	120	34	125	31	129	29	133	28	136	28	138	29	139	31	139	34	138	38	136	43	133	49	131	55	130	62	130	70	131	78	133	87	135	95	138	102	142	108	147	113	151	117	154	120	156	122	157	124	157	125	156	125	154	124	151	124	147	125	142	127	136	130	129	132	122	133	115	135	109	136	104	138	100	141	96	143	93	144	91	144	90	143	90	143	
7:
115	155.854	108	124	107	124	106	124	104	125	101	127	97	130	92	134	87	139	81	143	74	146	67	148	61	149	56	149	52	148	49	146	47	143	46	139	46	134	46	128	47	121	49	113	52	106	56	100	61	95	67	91	73	88	79	86	86	85	94	85	101	86	107	88	114	91	120	94	127	98	133	102	138	105	142	107	145	108	147	108	148	107	148	105	149	104	149	104	149	105	148	107	146	110	143	114	141	119	140	125	140	131	141	137	143	142	146	146	150	149	155	151	159	152	162	152	164	151	165	149	165	146	164	142	164	137	164	131	164	125	164	118	165	110	167	101	168	91	168	82	167	74	165	66	162	59	158	53	153	48	147	44	140	41	132	39	123	38	113	38	103	39	92	41	80	44	69	48	59	53	49	58	40	62	32	66	25	69	19	71	14	73	10	74	7	74	5	73	4	72	4	70	5	69	7	67	10	66	14	66	19	67	25	68	32	70	40	73	49	77	59	82	68	88	76	95	83	101	89	107	94	112	98	116	102	119	105	121	107	123	108	124	108	124	
8:
96	79.242	34	145	34	146	33	148	31	151	29	153	28	156	28	158	29	159	31	159	34	158	38	156	41	153	43	149	44	144	44	138	43	131	41	123	38	116	34	110	29	104	24	99	18	95	11	92	5	90	0	89	-4	87	-7	84	-9	80	-10	75	-10	69	-9	62	-7	56	-4	50	0	45	5	41	11	38	18	36	25	35	33	34	42	34	50	35	58	37	65	40	72	44	78	48	83	51	87	53	90	54	94	54	99	53	104	51	110	50	115	49	119	47	122	44	124	40	125	35	125	29	124	22	122	16	121	11	121	7	121	4	122	2	124	1	127	1	131	2	135	4	139	7	144	11	148	16	151	22	153	29	154	37	154	46	153	56	151	67	148	77	144	87	139	98	133	108	126	117	118	125	109	132	99	138	89	143	79	147	70	150	62	152	55	153	49	153	44	152	40	150	37	148	35	146	34	145	34	145	
9:
80	22.641	110	121	111	120	113	119	116	117	120	115	123	114	125	114	126	115	126	117	125	120	123	124	120	128	116	132	111	135	105	138	98	140	90	141	81	141	73	141	66	140	60	138	55	135	51	131	48	126	46	120	45	113	44	105	44	97	43	89	41	82	38	76	34	71	30	67	27	62	25	56	24	49	24	43	25	38	27	32	30	25	34	19	39	14	45	10	52	7	60	5	69	4	79	4	88	5	96	6	104	8	111	10	117	13	122	17	126	22	129	28	131	35	134	42	136	48	139	53	143	58	147	62	151	65	154	67	156	68	158	69	159	69	159	70	158	72	156	75	153	79	149	84	144	90	138	97	131	103	125	108	120	112	116	115	113	118	111	120	110	121	110	121	
10:
84	1.663	127	75	128	74	129	72	131	69	133	65	134	61	134	56	133	51	131	45	128	39	124	33	119	28	113	24	106	21	98	19	89	16	79	13	70	11	62	10	55	9	49	9	44	10	40	11	37	13	35	16	34	19	33	23	33	26	34	30	36	35	39	41	43	48	48	54	52	60	57	67	61	73	64	80	66	87	67	93	67	98	66	102	64	105	61	108	57	110	52	111	46	111	40	110	34	108	29	105	23	102	18	100	14	99	11	99	9	100	8	102	8	105	9	109	11	114	14	120	18	127	23	133	28	138	34	142	40	145	47	147	53	148	58	148	64	147	71	146	79	144	86	141	92	137	97	132	101	126	105	119	109	111	114	103	118	96	122	90	125	85	127	81	128	78	128	76	127	75	127	75	
11:
97	15.332	18	27	17	28	15	30	12	33	9	37	7	41	6	46	6	51	7	55	9	59	12	62	16	64	21	65	27	65	34	64	42	64	49	64	55	65	60	65	64	65	67	65	69	64	71	62	72	59	72	55	72	50	72	44	73	38	75	33	77	29	80	26	84	24	89	23	95	23	102	24	108	26	113	29	117	33	120	38	122	44	123	49	123	55	122	62	121	70	119	79	116	89	113	99	109	108	106	116	104	123	103	129	102	134	102	138	102	141	103	143	103	144	102	144	100	143	97	141	93	138	88	134	84	129	80	123	77	118	74	114	72	111	71	109	69	108	67	108	65	109	64	111	63	113	61	116	58	120	54	123	49	125	45	126	40	126	34	125	27	123	20	120	14	116	9	111	5	105	2	98	0	90	-1	81	-2	72	-2	63	-1	55	1	48	4	42	8	37	12	33	15	30	17	28	18	27	18	27	
12:
93	11.539	45	97	44	98	42	100	41	103	40	107	40	112	40	118	41	125	43	131	46	136	50	140	55	143	61	146	67	149	72	152	78	155	85	157	93	158	100	158	106	157	111	155	115	152	118	148	120	143	121	137	121	130	120	122	119	113	118	103	116	92	113	80	109	69	106	59	104	50	103	42	103	35	104	29	105	24	105	20	104	17	102	15	99	14	95	14	90	15	84	17	77	20	70	24	64	29	59	34	55	38	52	41	50	43	49	44	49	45	49	45	49	44	50	42	50	39	51	35	51	30	50	24	48	17	46	11	43	6	39	2	34	-1	29	-3	23	-4	18	-4	14	-3	11	-1	9	2	8	5	8	9	9	14	9	19	8	25	6	30	5	34	4	38	4	43	5	49	7	56	10	63	14	69	19	74	25	79	30	83	35	87	39	91	42	94	44	96	45	97	45	97	
13:
97	49.701	142	101	143	102	145	104	147	107	149	111	151	115	153	120	154	124	154	127	154	130	153	132	151	133	148	133	144	132	139	130	133	128	126	126	118	125	110	125	103	126	96	128	90	131	85	135	81	140	78	144	75	147	73	149	72	150	71	150	69	149	68	147	68	144	67	140	67	135	68	129	69	122	71	115	74	109	76	102	77	95	77	89	76	84	74	80	71	77	67	75	62	74	56	74	51	75	45	77	40	79	35	81	31	82	28	82	26	81	25	79	25	76	26	72	26	67	26	61	25	56	23	52	20	49	17	47	14	46	12	46	11	47	10	49	10	50	10	50	11	49	13	47	16	44	20	40	25	35	31	30	38	26	46	23	55	21	65	20	76	20	87	21	97	23	106	26	114	30	121	35	127	41	132	48	136	56	139	65	141	73	142	80	142	86	141	91	140	95	140	98	141	100	142	101	142	101	
14:
115	11.58	58	117	58	118	57	120	56	123	55	127	55	131	56	136	58	140	61	143	64	145	68	146	71	146	73	145	76	143	80	140	83	136	86	131	89	125	93	118	96	110	100	103	105	97	110	91	115	86	119	82	122	79	124	77	125	76	125	74	124	72	122	70	119	67	115	63	110	60	104	57	98	54	92	51	87	47	83	42	80	36	77	30	75	24	74	19	74	15	75	12	77	10	79	9	80	9	80	10	79	12	77	14	74	17	70	21	65	26	59	30	52	33	45	35	38	36	31	36	25	37	19	37	14	36	10	34	7	31	5	27	4	23	4	19	4	16	3	14	2	13	2	12	3	12	5	11	8	11	12	12	17	14	23	17	30	20	38	23	47	26	56	30	66	35	77	41	88	47	98	54	107	62	115	71	122	81	129	92	135	103	140	113	144	122	147	130	149	137	150	143	150	148	149	152	147	155	144	157	140	159	135	160	129	160	122	159	114	157	105	154	96	150	88	145	81	141	75	136	70	132	66	127	63	123	61	120	59	118	58	117	58	117	
15:
112	45.698	19	87	18	88	16	90	14	93	12	97	11	102	11	108	12	114	14	120	16	125	19	129	23	132	28	135	34	137	41	138	49	138	57	137	64	135	70	132	75	128	80	123	85	117	89	110	92	102	94	93	95	83	95	74	94	66	93	58	93	51	92	45	90	40	87	36	83	33	78	31	72	30	65	30	59	31	54	33	49	36	43	39	36	41	29	42	22	42	16	43	11	43	7	42	4	40	2	37	1	35	1	34	2	33	4	32	7	32	11	32	16	31	22	30	29	30	37	31	46	31	56	32	67	33	79	34	90	34	101	35	111	35	120	35	128	34	135	32	141	30	146	29	151	29	155	30	158	32	160	35	161	39	161	44	160	50	158	57	155	65	153	74	152	84	151	95	151	106	152	116	154	125	156	133	157	140	157	146	156	151	154	155	151	158	147	160	142	161	136	161	130	160	123	158	115	156	106	153	96	149	85	144	74	138	64	131	55	123	47	115	40	108	34	102	29	97	25	93	22	90	20	88	19	87	19	87	
16:
116	4.303	23	5	24	5	26	5	29	5	33	5	38	6	44	8	51	11	59	15	68	20	77	26	85	32	93	39	100	46	106	54	111	62	116	70	120	77	124	83	128	88	133	92	138	95	142	97	145	98	148	98	150	97	151	95	151	94	150	94	148	95	145	97	141	100	136	104	130	108	123	113	115	118	107	122	100	126	93	129	87	131	82	132	78	133	75	133	73	134	72	136	72	139	72	143	73	147	75	151	78	154	82	156	85	158	87	159	88	159	88	158	87	156	85	154	82	151	78	147	73	142	67	136	60	131	52	127	45	122	38	118	32	114	27	109	23	105	20	100	18	96	17	92	17	89	18	87	20	84	23	80	27	76	32	72	38	67	45	61	53	54	61	46	70	37	80	29	90	22	99	16	108	11	116	7	123	4	129	2	134	1	138	1	141	2	143	3	144	5	144	8	143	10	141	11	138	11	134	10	129	8	123	7	116	6	108	6	99	6	89	5	78	3	68	2	59	2	51	2	44	3	38	5	33	6	29	6	26	5	24	5	23	5	23	5	
17:
99	5.294	45	21	44	20	42	18	39	15	37	11	36	7	36	3	37	0	39	-2	42	-3	46	-4	50	-4	54	-3	58	-1	62	2	65	6	67	11	68	17	68	24	67	32	65	40	64	47	64	53	65	58	67	62	70	65	74	67	77	68	79	70	80	73	80	77	79	81	77	84	74	87	70	89	65	90	59	90	53	89	48	87	43	84	39	80	35	75	30	69	24	63	18	57	13	52	9	48	6	45	4	43	2	42	1	42	0	43	0	45	0	48	1	52	2	57	4	63	7	70	11	77	16	85	22	94	29	104	37	113	46	121	56	128	67	134	78	139	88	143	97	146	106	148	114	149	121	149	127	148	132	146	136	143	139	139	141	134	142	128	142	121	141	113	139	104	136	94	132	84	129	75	125	67	120	59	114	51	107	44	99	38	90	33	81	29	73	25	66	22	60	20	55	19	51	19	48	19	46	20	45	21	45	21	
18:
91	52.37	21	7	22	8	24	10	27	13	31	17	35	20	39	22	42	23	45	23	48	22	50	20	52	17	54	13	55	10	56	6	58	3	60	1	62	0	64	0	65	1	65	3	64	6	64	10	65	15	67	21	70	28	72	36	73	43	74	50	74	57	73	63	71	68	68	72	64	75	59	77	54	78	48	79	43	81	39	82	36	84	34	86	33	87	33	89	34	92	36	96	39	101	43	107	48	112	53	116	59	119	66	121	74	122	82	122	89	121	95	119	100	116	104	112	107	107	109	102	110	98	112	95	115	93	118	92	122	92	127	93	131	94	134	94	136	93	137	91	137	88	136	84	134	79	131	73	127	66	122	60	116	55	110	51	103	48	95	46	86	45	76	43	66	40	57	37	49	33	42	28	36	22	31	17	27	13	24	10	22	8	21	7	21	7	
19:
118	5.25	11	121	10	122	8	124	5	126	3	129	2	133	2	138	3	144	5	149	8	153	12	156	17	158	23	159	30	159	38	159	47	160	57	160	67	159	78	158	88	156	97	153	105	149	112	145	118	141	123	137	128	132	132	126	135	119	137	111	138	102	138	94	137	87	135	79	132	71	128	63	124	55	121	48	119	42	116	37	114	33	111	30	107	28	102	27	96	27	90	28	85	29	81	31	78	34	76	38	75	43	74	49	74	56	75	62	75	67	74	71	72	74	69	76	65	77	60	77	54	76	48	74	42	71	35	67	29	62	24	56	20	49	16	41	13	32	11	22	10	12	10	3	11	-5	13	-13	16	-20	20	-26	25	-31	31	-35	38	-38	46	-40	55	-41	65	-41	76	-41	88	-40	99	-38	109	-35	118	-31	126	-27	133	-23	139	-20	144	-16	148	-11	151	-6	153	0	154	7	154	15	153	22	151	28	148	33	144	37	139	40	133	42	126	45	118	49	109	53	99	58	88	64	77	71	66	78	56	84	47	91	39	97	32	102	26	106	21	111	17	115	14	118	12	120	11	121	11	121	
20:
94	4.913	53	140	54	141	54	142	53	143	51	143	49	142	48	140	48	137	49	133	51	129	54	126	58	124	63	123	69	122	76	122	83	123	90	125	96	128	101	132	105	136	110	139	116	141	123	142	130	142	136	141	141	139	145	136	148	132	150	127	151	121	151	114	150	106	148	97	147	88	146	80	146	72	147	65	149	59	152	54	154	50	155	46	155	43	154	41	152	38	149	36	145	35	140	35	135	35	129	36	124	38	120	41	117	45	115	50	114	55	114	59	115	62	115	64	114	65	112	65	109	64	105	62	100	59	94	55	88	51	81	46	73	40	64	34	54	29	45	25	36	22	28	20	21	19	15	19	10	20	6	22	3	25	1	29	0	34	0	40	1	47	3	55	6	64	10	74	15	85	21	95	28	104	34	112	39	119	43	125	47	130	50	134	52	137	53	139	53	140	53	140	
21:
111	17.092	134	125	133	124	131	122	128	119	126	115	125	110	125	104	124	99	123	94	121	90	118	85	114	81	109	78	103	76	97	75	90	75	83	76	77	77	72	79	67	82	63	86	60	91	58	97	56	104	53	110	49	116	44	123	39	129	35	134	32	138	30	141	29	145	29	150	30	154	32	157	35	160	39	162	44	163	50	163	57	162	64	160	71	157	77	153	82	148	86	142	90	135	93	127	95	118	96	108	97	98	98	89	98	81	97	74	95	68	92	63	88	59	83	56	77	54	70	53	62	53	55	54	49	56	44	59	38	63	31	67	24	70	18	72	13	73	9	73	6	72	4	70	2	67	1	63	1	58	2	52	4	45	7	39	11	32	16	24	22	17	29	11	37	6	46	2	56	-1	67	-3	78	-4	88	-6	99	-7	109	-7	119	-6	128	-4	136	-1	143	3	149	8	154	14	158	21	161	29	163	38	164	48	164	59	163	70	161	80	158	89	155	97	152	104	148	110	144	115	140	119	137	122	135	124	134	125	134	125	
22:
88	19.771	32	55	33	54	35	52	38	49	42	45	47	41	52	36	56	30	59	25	63	20	66	16	68	13	69	11	70	10	71	10	73	11	75	13	77	16	79	20	81	25	84	31	88	38	93	45	99	51	106	56	114	60	121	63	127	65	132	66	136	66	139	65	142	63	144	60	145	56	146	51	146	47	147	44	149	42	152	41	156	41	159	42	161	44	162	47	162	51	161	56	159	62	156	69	152	77	147	84	141	90	134	95	126	100	117	104	108	107	98	109	87	110	75	110	64	109	54	109	45	110	37	110	30	111	24	111	19	110	15	108	11	106	8	103	6	99	5	94	5	88	6	81	6	73	5	66	3	60	1	55	0	51	0	48	1	46	3	45	6	45	10	46	14	48	19	51	23	53	26	54	29	54	31	54	32	55	32	55	
23:
110	33.259	5	143	6	142	8	140	11	137	15	133	20	128	26	123	33	118	41	114	50	111	59	108	67	106	74	104	80	101	85	97	89	92	92	86	94	79	95	72	95	66	95	61	96	57	98	54	101	52	105	51	109	51	113	52	116	54	118	57	119	61	119	66	119	72	119	79	120	85	121	90	123	94	126	97	130	99	135	100	141	100	148	100	154	100	159	100	163	101	166	103	168	106	169	110	169	115	168	121	166	128	163	135	159	141	154	146	148	150	141	153	134	155	126	156	119	156	111	155	102	153	92	150	81	146	71	141	62	135	54	129	47	122	41	114	35	105	30	95	26	84	22	72	18	61	15	50	13	39	12	29	12	20	12	12	13	5	15	-1	18	-6	22	-10	27	-13	33	-15	40	-16	48	-16	55	-15	61	-13	66	-10	70	-6	73	-1	75	5	76	11	77	18	77	26	76	35	74	45	71	56	67	68	62	79	56	89	49	98	41	107	33	115	26	122	20	128	15	133	11	137	8	140	6	142	5	143	5	143	
24:
83	2.467	30	64	29	63	28	61	28	58	28	54	29	49	31	43	34	37	38	32	43	28	49	25	56	23	64	22	73	22	81	22	88	23	94	25	99	28	104	32	108	37	111	42	113	48	114	53	114	59	113	64	111	68	108	73	104	78	99	84	94	91	89	99	85	107	82	114	80	120	79	125	79	129	80	132	82	135	85	137	89	138	94	139	100	139	107	138	114	138	120	139	125	141	129	143	132	146	134	149	135	153	135	158	134	162	132	165	129	168	125	170	120	171	114	171	107	170	99	169	90	167	81	165	71	163	60	161	50	158	41	155	33	153	26	150	20	146	15	141	11	135	8	128	6	120	5	111	5	102	6	94	8	87	11	81	15	76	20	72	24	69	27	67	29	65	30	64	30	64	
25:
111	11.306	6	58	6	57	5	55	5	52	6	48	6	43	7	37	8	31	10	25	12	20	14	16	17	13	21	11	24	10	26	10	28	11	31	13	34	15	38	18	43	20	48	21	53	21	59	20	64	19	68	19	71	20	73	22	74	25	74	29	73	34	71	40	68	47	64	54	60	62	57	71	55	80	54	90	54	99	55	107	55	114	54	120	52	126	49	131	45	135	40	138	34	140	29	141	25	141	22	141	20	141	19	140	19	138	20	135	22	132	25	128	29	123	34	119	40	115	47	112	55	110	64	109	72	108	79	108	87	109	94	111	100	114	105	116	109	119	112	122	114	124	115	125	115	125	114	124	112	122	111	119	111	115	112	110	114	106	117	102	121	99	126	97	132	96	137	96	141	97	144	99	146	101	147	104	147	108	146	111	144	113	141	114	137	114	132	113	126	111	119	108	111	104	102	100	92	95	81	89	71	82	61	76	51	71	42	67	34	64	27	62	21	61	16	60	12	58	9	57	7	57	6	58	6	58	
26:
108	56.901	10	80	9	79	8	77	6	74	5	70	3	65	2	60	0	55	-1	51	-1	47	0	44	2	42	5	41	9	41	14	42	20	44	27	47	35	51	44	54	53	57	63	59	72	60	80	60	87	61	93	61	98	60	102	58	105	55	108	51	110	46	111	40	113	34	115	29	118	25	122	22	125	20	127	19	129	19	132	20	135	22	138	25	140	29	141	34	141	40	140	47	138	55	137	64	137	73	136	82	136	90	136	97	136	103	136	109	135	114	134	118	132	121	129	123	125	124	122	124	118	123	114	121	109	118	105	115	102	112	98	110	95	109	93	109	92	110	92	112	93	113	95	114	98	116	102	119	107	123	113	128	119	132	126	135	132	139	138	143	143	146	147	148	150	149	152	149	153	148	153	146	152	143	150	141	147	138	143	134	138	129	132	123	125	117	117	111	108	106	98	102	87	99	76	97	65	96	55	95	46	93	38	92	31	90	25	88	20	87	16	85	13	83	11	81	10	80	10	80	
27:
85	28.413	96	117	95	116	93	114	91	111	88	108	86	104	85	99	85	93	86	86	88	80	91	75	95	71	100	67	104	64	109	61	114	59	119	58	123	58	126	59	128	61	129	64	130	68	132	73	135	77	138	80	142	83	147	85	152	86	157	86	161	85	164	83	166	80	167	76	167	72	166	67	164	61	161	56	157	50	152	44	146	39	139	34	131	30	122	27	112	25	101	24	91	24	82	25	74	27	65	30	57	34	50	39	44	45	39	52	35	60	32	69	30	78	29	86	28	93	27	99	25	104	22	108	19	111	15	113	12	114	10	114	9	113	9	111	10	108	12	106	15	105	19	105	24	106	30	108	37	111	45	115	54	119	62	122	69	124	75	125	81	125	86	124	90	122	93	120	95	118	96	117	96	117	
28:
72	1.411	10	98	10	97	11	95	13	92	15	88	18	83	20	77	21	71	22	65	23	60	23	56	24	53	26	51	29	50	32	50	34	51	35	53	35	55	34	57	32	58	29	58	25	57	20	55	16	52	12	48	9	43	7	38	6	34	6	29	7	25	9	21	12	18	16	16	21	15	27	15	34	16	41	18	47	21	53	24	58	28	64	33	70	39	75	46	79	54	82	62	84	70	86	79	89	88	93	96	96	104	98	111	99	117	99	122	98	127	96	131	93	134	89	136	84	137	78	137	71	136	64	135	56	133	47	130	39	126	32	121	26	115	21	110	17	106	14	103	12	101	11	99	10	98	10	98	
29:
97	42.583	108	83	107	84	105	84	102	85	98	86	93	88	87	91	82	95	78	99	75	104	73	110	71	116	69	123	66	129	62	134	57	138	51	141	45	143	40	145	36	148	33	152	31	157	30	163	30	170	31	176	33	182	36	187	40	191	45	194	51	197	58	199	65	200	73	200	82	199	92	197	102	194	111	190	119	186	126	181	132	175	137	168	141	160	144	151	146	141	147	131	148	120	148	108	148	97	149	86	149	76	150	66	150	57	149	49	147	42	144	36	140	31	135	27	131	24	128	22	126	21	124	21	121	22	117	24	113	25	108	25	102	24	95	22	89	19	82	15	74	10	67	6	60	3	53	1	47	-1	42	-3	38	-5	35	-6	33	-6	32	-5	32	-3	33	0	35	4	38	9	42	14	47	20	53	26	60	33	68	41	75	48	81	55	87	62	93	68	98	73	102	77	105	80	107	82	108	83	108	83	
30:
116	411.017	4	157	4	156	4	154	5	151	6	147	8	142	11	136	15	129	19	122	24	115	30	108	36	102	43	97	51	93	60	90	68	88	75	87	81	87	86	88	91	89	95	89	98	88	100	86	101	83	101	79	102	76	104	73	107	71	111	70	116	70	121	71	125	73	128	76	130	80	131	85	131	90	130	95	128	99	125	102	121	104	116	105	110	106	104	108	98	111	93	115	89	119	86	124	84	130	83	137	83	143	82	148	80	152	77	155	73	157	68	158	62	158	57	157	53	155	50	152	47	148	43	143	40	137	38	130	37	122	37	113	38	103	40	92	43	81	47	71	52	62	58	54	65	47	73	40	81	34	89	29	96	25	102	22	107	20	111	19	114	18	116	18	117	17	117	15	116	12	114	10	111	7	107	4	102	2	96	0	89	-1	81	-1	72	0	62	2	52	4	41	7	31	11	22	16	14	22	7	29	1	37	-4	46	-8	56	-11	67	-13	79	-14	91	-14	102	-13	112	-11	121	-8	129	-4	136	-1	142	2	147	4	151	5	154	5	156	4	157	4	157	
31:
103	466.354	139	15	138	16	136	18	133	21	129	25	124	30	120	36	117	43	115	51	114	60	114	70	114	80	114	90	115	99	117	107	119	114	120	120	121	125	123	129	126	132	130	134	133	135	135	135	136	134	136	133	135	133	133	134	130	136	126	139	121	141	116	142	110	142	103	141	95	139	88	137	82	134	77	130	73	125	70	119	68	112	67	104	67	97	67	91	66	86	64	82	61	79	57	77	52	76	46	76	39	76	33	77	28	78	24	78	21	77	19	75	18	72	18	69	19	67	21	66	24	66	26	67	28	69	29	72	29	76	28	80	26	85	23	91	19	97	14	102	10	106	5	109	-1	111	-6	112	-10	112	-13	111	-15	109	-16	106	-16	102	-16	97	-15	91	-13	84	-10	77	-6	69	-1	60	5	50	12	41	20	33	29	26	39	20	50	15	62	11	73	8	84	5	94	3	103	2	111	2	118	3	124	5	129	7	133	10	136	12	138	14	139	15	139	15	
32:
91	9.474	20	145	20	146	21	148	23	151	26	154	30	156	34	157	39	157	44	156	48	154	52	151	55	147	58	142	62	136	67	131	71	127	74	123	76	120	77	118	78	117	78	117	77	118	77	120	76	123	75	127	75	131	76	135	76	140	77	145	79	149	82	152	86	154	91	155	96	155	102	154	109	152	116	149	122	145	128	140	133	134	137	127	141	119	144	110	146	100	147	89	148	78	148	68	149	59	149	51	148	43	146	36	143	30	139	25	135	21	130	18	124	16	117	15	110	14	103	14	95	15	86	17	78	19	71	20	65	22	60	25	56	28	53	32	51	37	50	43	50	49	51	54	53	58	55	63	58	68	61	72	63	75	64	78	64	82	63	87	61	93	58	99	54	106	49	113	44	119	40	125	35	130	30	135	26	139	23	142	21	144	20	145	20	145	
33:
86	58.918	73	58	72	57	70	55	67	52	63	48	58	45	52	43	47	41	43	40	39	40	36	41	34	41	33	42	33	44	34	47	34	51	33	56	31	60	28	63	24	65	19	67	15	70	12	73	10	77	9	82	9	88	10	95	12	102	15	109	19	115	24	120	30	124	37	127	45	129	54	130	62	131	69	131	75	130	80	130	84	131	87	133	90	136	92	139	93	143	93	146	93	148	94	149	95	149	97	148	100	146	102	143	103	139	103	134	102	128	102	121	101	113	101	104	101	94	101	83	102	72	104	61	106	51	107	42	107	34	106	27	104	21	101	16	97	12	92	9	86	7	81	6	75	6	70	7	66	9	63	12	61	16	60	21	60	27	61	34	63	40	66	45	69	49	71	52	72	55	73	57	73	58	73	58	
34:
96	6.38	34	157	35	158	37	159	40	160	44	160	49	159	55	158	62	157	70	155	78	154	86	152	93	149	99	145	104	141	108	136	111	130	113	123	115	115	116	107	116	100	117	94	117	89	116	85	114	82	111	80	107	77	102	74	96	70	90	65	85	59	81	53	78	47	76	42	74	38	73	35	73	33	72	32	70	32	68	33	66	35	65	37	64	38	62	38	61	37	60	35	60	32	61	28	63	23	66	19	70	16	75	13	81	11	88	10	95	10	102	11	108	13	113	16	117	20	120	25	122	31	123	36	123	40	122	43	122	45	122	46	123	46	125	45	127	43	130	40	133	36	136	33	138	31	140	30	142	30	143	31	143	33	142	36	140	40	137	45	133	51	128	58	122	66	115	75	107	85	98	95	88	105	79	114	70	122	62	129	55	136	49	142	44	147	40	151	37	154	35	156	34	157	34	157	
35:
98	25.69	136	11	135	10	133	9	130	7	126	6	121	6	115	6	108	5	102	3	97	2	93	2	90	2	88	3	87	5	87	8	88	12	90	17	93	23	96	30	98	37	99	44	99	50	98	55	96	59	93	62	89	65	84	67	78	68	73	68	68	69	63	70	59	72	56	75	54	79	53	84	53	90	54	95	56	100	59	105	62	111	64	117	65	124	65	130	64	135	63	140	61	144	58	147	54	149	50	150	46	150	42	149	39	147	36	144	32	140	27	135	21	131	16	128	12	126	9	125	7	125	6	126	6	128	7	131	8	135	10	140	13	146	17	151	22	156	28	160	35	163	43	165	52	166	61	166	69	165	76	164	82	162	87	159	91	155	96	150	100	144	103	137	107	129	110	120	113	110	117	100	121	89	125	77	129	66	133	56	136	47	138	39	140	32	141	26	141	21	140	17	139	14	137	12	136	11	136	11	
36:
99	92.32	56	3	55	4	53	6	50	7	46	7	42	8	38	9	35	11	33	14	32	18	32	21	33	23	35	25	38	27	42	28	47	29	53	29	60	30	66	31	72	32	77	34	81	37	84	41	86	45	87	50	87	55	86	61	84	66	82	70	79	73	75	76	70	79	64	83	57	88	49	92	40	96	32	99	25	101	19	103	14	106	10	110	7	115	5	121	4	128	4	134	5	139	7	145	10	150	14	154	19	157	25	159	32	160	40	160	49	159	59	157	69	154	79	150	88	145	96	139	103	134	111	129	118	123	124	117	129	110	133	102	136	95	138	87	139	78	139	68	138	57	138	47	138	38	139	30	141	23	144	17	148	12	151	8	153	5	154	3	154	2	153	2	151	3	148	4	144	5	139	5	133	4	126	2	118	-1	109	-3	100	-5	92	-6	84	-7	77	-7	71	-6	66	-5	62	-3	59	0	57	2	56	3	56	3	
37:
92	14.398	1	107	2	106	4	104	7	101	11	98	14	94	16	89	17	83	19	76	22	69	26	62	31	55	37	49	43	43	49	38	54	34	58	31	61	29	63	27	64	25	64	22	63	18	61	13	58	9	54	6	49	4	43	3	37	3	32	4	28	6	25	9	23	13	22	18	22	24	23	31	25	39	28	47	31	54	35	60	40	65	46	69	53	72	61	74	70	75	78	75	85	74	91	72	96	69	101	65	105	60	109	54	112	48	116	42	121	37	126	33	132	30	139	28	145	27	150	27	154	27	157	27	159	27	160	26	160	24	159	21	157	17	154	12	150	8	145	5	139	3	133	2	126	2	120	3	115	5	111	8	106	12	100	17	93	22	85	28	76	35	66	43	56	52	46	62	37	71	29	79	22	86	16	92	11	97	7	101	4	104	2	106	1	107	1	107	
38:
98	52.435	121	14	120	15	119	17	118	20	117	24	117	29	118	35	120	42	123	49	126	55	129	60	131	64	132	69	132	73	131	76	129	78	126	79	122	79	117	78	111	76	106	73	102	69	99	64	97	58	96	51	95	44	94	36	92	29	89	23	85	17	80	12	74	8	67	5	59	3	50	2	40	1	30	1	21	2	13	4	6	7	0	11	-5	16	-9	22	-12	29	-14	37	-15	46	-15	56	-14	66	-12	77	-10	87	-7	97	-3	106	2	114	8	121	15	127	23	132	31	136	40	139	50	142	59	145	68	148	76	152	83	155	89	157	94	158	98	158	101	157	103	155	104	152	105	148	105	143	106	137	108	130	111	124	115	118	120	113	126	109	133	106	140	104	146	103	151	102	155	100	158	97	160	93	161	88	161	82	160	75	158	67	155	58	151	50	147	42	142	35	136	29	131	24	127	20	124	17	122	15	121	14	121	14	
39:
112	16.438	13	98	12	99	10	101	8	104	6	107	4	111	3	115	3	118	4	120	6	121	9	121	13	120	18	118	23	115	27	111	30	106	32	100	33	93	33	86	33	80	32	75	30	71	27	68	23	66	19	65	15	64	12	64	10	65	9	67	9	70	10	74	12	77	15	79	19	80	24	80	30	80	37	80	43	79	49	77	54	74	58	70	61	66	63	63	64	61	64	60	65	60	67	61	70	63	73	66	77	70	82	75	87	81	91	88	94	95	96	101	97	106	97	110	96	113	94	116	91	118	87	119	82	121	77	122	73	124	70	127	68	131	67	136	67	142	68	147	69	151	71	154	74	156	78	157	83	157	89	156	96	154	104	151	113	147	122	142	130	136	137	129	143	121	148	112	152	102	155	92	157	82	158	73	158	65	157	58	155	52	152	47	148	43	143	40	137	38	130	37	122	37	115	38	107	40	98	43	89	47	79	51	68	56	58	62	49	69	41	76	34	82	28	87	23	91	19	94	16	96	14	97	13	98	13	98	
40:
110	20.032	86	137	87	136	89	134	92	131	95	127	99	122	102	116	104	109	105	101	105	94	104	88	102	83	99	78	95	74	91	71	88	69	86	68	85	66	85	63	86	59	87	54	89	48	91	42	92	37	92	33	91	30	90	28	88	27	85	27	81	28	76	29	70	31	64	34	59	38	55	43	51	49	48	56	46	62	43	67	41	71	38	74	36	76	33	77	29	77	25	76	20	76	15	77	11	79	8	82	6	86	5	91	5	97	6	104	8	112	11	119	15	125	20	130	26	134	33	137	41	139	50	140	60	140	71	139	82	137	93	134	103	130	112	125	120	119	127	112	133	104	138	95	142	87	145	80	147	72	148	64	148	55	147	45	145	36	142	28	138	21	133	15	129	10	125	6	120	3	115	1	110	0	105	0	101	1	98	3	96	6	95	10	94	15	94	21	95	28	95	36	95	45	95	54	96	64	96	75	95	85	93	94	92	102	91	109	89	116	87	122	86	127	86	131	86	134	86	136	86	137	86	137	
41:
88	9.461	137	10	138	11	140	12	143	14	145	17	146	21	146	26	145	30	143	35	140	41	136	47	131	52	127	58	124	65	122	72	121	79	121	85	122	90	124	96	126	101	128	105	129	108	129	112	128	117	126	123	123	129	120	136	116	142	113	147	111	151	110	154	108	156	105	157	102	157	98	156	93	154	87	151	82	148	76	145	70	143	65	142	59	142	54	141	50	141	47	142	45	142	44	141	44	139	45	136	47	133	49	129	50	124	50	118	49	111	47	104	44	98	40	93	37	89	35	86	34	84	34	83	35	83	36	84	38	86	41	89	45	93	50	96	56	98	63	99	71	99	80	98	90	96	100	93	109	89	117	84	124	78	130	71	135	63	139	55	142	46	144	38	145	31	145	25	144	20	142	16	140	13	138	11	137	10	137	10	
42:
90	1.657	66	132	67	131	68	129	69	126	69	122	68	117	66	113	63	110	59	106	54	101	50	97	47	93	45	88	44	82	44	77	45	72	47	68	50	65	54	63	59	62	64	62	70	63	75	65	79	68	82	72	84	77	87	83	89	90	92	98	94	106	96	114	97	121	97	128	96	135	94	141	91	146	87	150	82	153	77	155	71	156	64	156	56	155	48	153	40	150	32	146	25	141	19	135	14	128	10	120	7	111	5	101	4	90	4	79	5	68	7	58	10	49	14	41	19	34	25	28	32	23	40	19	49	16	58	14	66	13	73	13	79	14	84	16	90	19	96	22	102	25	107	28	111	30	114	33	116	37	117	42	117	48	116	55	114	63	112	72	109	82	105	91	100	99	94	106	87	112	81	117	76	122	72	126	69	129	67	131	66	132	66	132	
43:
102	20.328	95	119	95	118	94	116	93	113	92	109	92	104	93	99	95	93	98	86	101	78	104	71	107	64	111	57	114	51	116	46	117	42	118	39	120	37	123	36	127	36	131	37	134	39	138	42	143	46	148	51	152	57	155	64	158	72	160	81	161	91	161	101	161	111	160	120	158	128	155	135	151	141	146	146	140	150	133	154	125	157	116	159	106	160	95	160	83	159	72	157	62	154	53	150	45	146	38	141	32	137	27	132	23	128	20	125	18	123	17	121	17	120	16	120	15	121	15	123	16	126	17	130	17	135	16	140	15	145	15	149	16	152	18	154	20	155	23	155	25	154	26	152	28	149	30	145	32	140	33	134	35	128	37	121	38	113	38	104	37	96	35	89	33	83	32	78	32	74	33	71	35	69	38	68	41	68	45	69	48	71	52	74	57	78	63	83	70	89	76	94	81	99	85	104	88	109	90	113	92	116	94	118	95	119	95	119	
44:
103	2.628	78	14	79	13	81	11	84	8	88	6	92	5	97	4	103	4	108	5	113	7	119	10	124	14	130	19	137	25	143	30	148	34	152	38	155	41	157	43	158	44	159	44	159	43	158	43	156	42	153	42	149	43	144	45	138	48	131	52	123	57	114	63	105	69	97	75	90	80	84	84	79	88	75	91	72	93	70	94	68	94	67	93	67	91	68	88	70	84	72	79	73	73	73	66	73	58	72	51	70	45	67	40	63	35	58	31	52	28	46	26	39	25	33	25	28	26	23	28	19	31	16	35	13	40	11	46	10	53	10	61	11	70	13	80	16	90	20	101	24	111	29	120	35	128	42	135	50	141	59	146	69	150	78	153	87	155	96	156	104	156	111	155	117	153	122	150	126	146	129	141	131	135	132	128	132	120	131	111	129	101	126	90	122	79	118	69	113	59	108	50	102	42	96	35	91	29	87	24	84	20	81	17	79	15	78	14	78	14	
45:
80	11.856	72	136	71	135	69	134	66	133	62	131	58	129	53	128	48	127	44	125	40	122	37	118	35	113	34	107	34	100	35	94	37	89	40	84	42	78	43	71	43	65	42	60	40	56	37	52	33	48	28	45	22	42	17	40	13	39	10	38	8	38	7	39	7	40	8	42	10	43	13	43	17	42	22	41	28	39	35	36	42	32	50	27	59	21	68	16	77	12	85	9	92	7	98	4	103	2	107	1	110	1	112	2	113	4	113	7	112	11	111	16	109	22	107	29	106	36	106	42	107	47	109	51	111	54	112	56	112	58	111	61	109	65	106	69	102	74	97	80	91	86	85	93	80	100	76	108	73	115	71	121	70	126	70	130	70	133	71	135	72	136	72	136	
46:
109	11.643	151	17	150	17	148	18	145	19	141	21	136	23	130	26	123	30	115	35	106	40	98	46	91	51	85	56	80	61	76	65	73	69	69	72	64	74	58	75	53	75	49	74	46	72	44	69	43	65	43	60	44	56	46	53	49	51	52	50	54	49	55	47	55	45	54	42	52	38	50	35	48	33	47	32	47	32	48	33	50	35	53	38	57	42	62	47	67	53	73	60	80	68	88	76	96	84	103	91	110	97	116	102	121	106	125	111	128	116	130	122	131	129	131	135	130	141	128	146	125	150	121	153	116	155	110	156	103	156	97	155	92	153	88	150	84	146	81	142	79	137	78	132	76	128	73	125	69	123	64	122	58	122	51	123	44	125	38	128	32	132	27	137	23	141	20	144	18	146	17	147	17	147	18	146	20	144	23	141	27	137	32	132	38	126	45	119	53	112	62	104	71	95	81	85	92	75	102	66	111	58	119	51	126	44	132	38	137	32	141	27	145	23	148	20	150	18	151	17	151	17	
47:
94	147.037	86	149	86	150	85	152	85	155	86	157	88	158	91	158	95	157	99	155	102	152	104	148	105	143	105	137	106	130	106	123	105	117	103	112	100	108	96	105	91	103	85	102	79	101	73	101	67	100	62	98	58	97	55	95	53	92	52	88	52	83	53	78	53	72	53	66	52	61	50	57	47	54	43	52	38	51	32	51	25	50	19	48	14	47	10	45	7	42	5	38	4	33	4	27	5	21	7	16	10	11	14	7	19	4	25	2	32	1	39	1	47	2	56	3	66	3	77	4	87	6	96	7	105	7	113	6	120	5	126	5	131	6	135	7	138	7	140	6	141	5	143	5	146	6	150	8	153	11	155	15	157	20	158	26	158	33	157	41	155	50	152	60	148	71	143	83	137	94	130	104	122	113	114	121	107	128	101	134	96	139	92	143	89	146	87	148	86	149	86	149	
48:
108	163.738	2	55	3	56	5	56	8	56	12	57	17	59	23	61	29	64	35	68	42	73	48	79	53	86	57	94	60	103	62	111	63	118	65	124	67	129	70	134	74	138	77	141	79	143	80	144	82	144	84	143	87	141	90	138	94	134	99	129	104	124	108	119	111	115	113	112	114	110	115	109	117	109	118	110	118	112	118	115	118	119	117	124	117	129	116	134	116	139	117	143	118	146	120	148	123	149	127	149	130	148	132	146	133	143	133	139	133	134	134	128	134	121	133	113	133	104	132	94	131	83	131	72	130	61	128	51	125	42	122	34	118	27	113	21	107	16	102	12	98	9	95	7	93	6	92	6	92	5	93	5	95	5	98	5	102	6	107	8	113	11	118	13	122	14	125	14	127	13	128	11	128	9	127	6	125	2	122	-1	118	-3	113	-4	108	-4	102	-3	95	-1	87	2	78	6	68	11	57	17	47	24	38	31	30	37	23	42	17	46	12	49	8	52	5	54	3	55	2	55	2	55	
49:
97	40.864	55	157	56	156	58	154	61	151	65	147	70	143	76	139	82	134	87	129	91	125	94	121	96	117	98	114	100	112	102	111	103	111	103	112	102	114	100	115	97	115	95	114	93	112	92	110	92	108	93	107	95	107	98	107	102	108	107	110	112	113	117	117	121	121	124	126	126	131	127	135	127	140	127	144	127	147	128	149	130	150	132	150	135	149	139	147	143	144	146	140	148	135	149	129	149	122	148	114	146	105	143	97	139	90	134	84	128	79	121	75	113	72	104	68	96	65	88	61	80	57	73	52	67	48	62	43	58	39	55	34	53	30	52	27	50	25	47	24	43	24	38	25	32	27	25	30	19	34	13	39	8	45	4	52	1	60	-1	69	-2	79	-3	89	-3	100	-2	110	0	119	3	127	6	134	10	140	15	145	21	149	28	152	34	154	40	155	45	156	49	156	52	156	54	157	55	157	55	157	
50:
104	45.268	146	63	145	64	143	65	140	66	136	66	133	67	131	68	130	69	130	69	131	68	133	66	136	63	140	59	144	54	148	48	151	41	153	33	154	25	154	18	153	11	151	5	148	0	144	-4	139	-7	133	-9	126	-10	118	-10	110	-9	101	-7	91	-5	80	-2	68	1	57	3	47	4	38	4	30	4	23	3	17	1	12	0	8	0	5	1	3	3	2	6	2	9	3	13	5	18	8	22	12	27	16	32	21	36	26	39	30	41	33	42	35	42	36	42	36	43	35	44	34	46	33	49	33	53	34	58	36	62	37	65	37	67	36	68	34	68	31	67	27	66	23	66	19	67	15	69	12	72	10	76	9	81	9	86	10	92	12	99	15	107	19	115	24	122	30	128	37	133	45	137	54	140	64	142	75	143	87	143	98	142	108	140	117	137	125	133	132	128	138	122	143	115	147	107	150	99	152	91	153	84	153	78	152	73	150	69	148	66	147	64	146	63	146	63	
51:
103	3.41	29	51	28	52	28	54	27	57	27	60	27	64	26	69	24	75	21	81	18	87	16	92	15	96	14	99	14	101	15	102	17	102	20	101	24	99	28	96	33	92	39	87	46	81	52	74	59	66	67	58	74	51	80	45	85	40	91	36	97	33	103	31	108	30	112	30	115	31	117	33	118	36	120	38	123	39	127	39	131	38	134	36	136	33	137	29	137	26	137	24	138	23	140	23	142	24	145	26	147	29	148	33	148	38	147	44	145	49	142	54	138	59	134	63	131	67	129	72	128	78	128	85	129	91	131	96	134	100	138	103	143	105	147	106	150	106	152	105	153	103	153	100	152	96	150	91	147	85	143	78	138	71	132	63	125	54	117	44	108	35	98	27	88	20	77	14	66	9	56	5	47	2	39	0	32	-1	26	-1	21	0	17	2	14	5	12	9	11	14	11	20	12	27	14	33	17	38	21	42	24	45	26	48	28	50	29	51	29	51	
52:
106	4.338	120	130	121	131	121	132	121	134	121	135	122	135	122	134	121	132	119	129	116	125	112	120	107	114	101	107	94	101	86	96	78	92	70	88	63	85	57	82	52	79	48	75	45	70	43	65	42	61	42	58	42	56	41	55	39	55	36	56	33	57	31	59	30	61	30	62	31	62	33	61	36	59	40	56	44	52	47	47	49	41	50	35	50	30	49	25	48	21	46	18	43	16	39	15	34	15	28	14	23	13	19	11	16	9	14	6	13	3	13	-1	14	-5	16	-8	19	-10	23	-11	28	-11	34	-10	40	-10	46	-9	53	-7	61	-4	68	0	74	5	79	11	83	17	86	24	88	32	89	41	89	51	88	60	86	69	83	78	79	88	74	98	68	107	61	115	54	122	48	128	43	133	39	137	36	142	34	146	33	149	33	151	34	152	36	153	39	153	43	152	48	150	54	147	61	143	69	138	76	134	84	131	92	129	99	128	105	127	110	127	114	127	117	128	119	129	120	130	120	130	
53:
109	1.297	34	45	35	44	37	42	39	39	40	35	41	30	41	25	40	21	38	18	35	16	31	15	26	15	20	16	15	18	11	21	8	25	5	30	3	36	2	43	2	49	2	54	2	60	3	65	5	70	8	74	12	77	17	79	23	80	30	80	38	79	45	78	51	77	56	77	61	77	65	78	68	80	70	83	71	85	71	87	70	88	68	88	65	87	61	86	56	85	50	85	44	86	39	88	35	91	32	95	30	100	29	106	29	113	30	121	32	128	35	134	39	140	44	145	50	149	57	152	65	154	74	155	82	155	90	154	97	152	103	149	108	145	112	141	115	136	117	130	118	123	118	115	117	106	115	97	112	87	108	76	105	64	103	53	102	43	102	34	103	26	105	19	108	13	112	8	117	4	122	1	126	-1	129	-2	131	-2	132	-1	132	1	131	3	129	6	126	10	122	15	117	21	111	28	104	34	96	39	88	44	79	48	70	51	62	53	55	54	49	54	44	53	40	51	37	48	35	46	34	45	34	45	
54:
104	9.751	145	48	146	49	148	51	149	53	149	54	149	55	150	55	151	54	151	52	150	49	148	45	145	40	141	35	136	30	130	25	123	20	115	15	106	11	96	8	86	6	76	5	67	5	59	6	52	6	46	5	41	4	36	3	32	3	29	4	27	6	26	9	26	13	27	18	29	24	32	31	36	39	41	48	47	58	53	68	59	77	64	85	68	92	71	99	73	105	74	110	74	114	74	117	73	120	71	122	68	123	64	123	59	122	54	120	50	119	46	119	43	120	41	122	40	125	40	129	40	133	39	136	37	139	34	141	30	142	27	142	23	141	19	139	16	136	14	132	13	129	13	127	14	126	15	126	17	127	20	129	24	132	28	136	32	140	35	145	37	149	38	152	38	154	37	155	37	155	38	154	40	152	43	149	47	145	52	140	58	134	65	127	73	120	82	112	92	103	101	93	109	84	117	76	124	69	130	63	135	58	139	54	142	51	144	49	145	48	145	48	
55:
93	13.485	16	49	17	48	19	46	21	44	24	43	28	43	33	43	39	44	45	46	50	49	54	53	57	58	59	63	62	68	65	74	68	81	70	87	71	92	71	96	71	99	72	101	73	102	75	102	78	101	82	99	86	96	90	94	95	92	99	91	102	91	104	92	105	94	105	97	104	101	102	106	99	112	96	117	92	121	89	124	87	128	86	133	86	137	87	140	89	142	92	143	96	143	101	142	107	140	114	137	120	133	125	128	129	122	132	115	134	107	135	99	135	92	136	86	138	80	140	75	141	71	142	68	144	66	146	65	149	65	152	66	154	68	155	70	155	71	154	71	152	70	151	68	149	65	146	61	142	56	138	50	133	43	127	37	120	32	112	28	103	25	93	23	82	22	71	22	61	23	52	25	44	27	37	30	31	34	26	39	22	43	19	46	17	48	16	49	16	49	
56:
94	11.496	54	105	55	106	57	108	60	111	64	113	69	115	73	117	76	120	78	123	80	127	81	131	81	136	80	141	78	145	75	149	71	152	66	155	60	157	53	158	45	158	37	158	28	157	20	157	13	156	7	154	2	151	-2	147	-5	142	-7	136	-8	129	-8	121	-7	112	-5	102	-2	93	2	85	7	78	13	72	19	67	26	62	34	58	43	55	52	52	61	49	69	45	76	41	82	37	87	34	91	32	94	31	96	31	99	32	103	34	106	37	108	41	110	45	111	49	113	54	116	58	119	61	123	63	128	64	134	64	139	63	144	61	148	58	151	54	153	49	154	43	155	36	155	30	154	25	152	21	149	18	145	16	140	15	134	15	127	16	119	18	110	21	100	25	91	30	83	36	76	43	70	51	65	60	60	69	56	77	53	84	51	90	50	95	50	99	51	102	53	104	54	105	54	105	
57:
94	10.928	37	102	38	101	40	100	42	98	45	95	49	93	54	90	60	87	66	83	71	79	75	76	78	74	80	73	81	73	81	72	80	70	78	67	75	65	71	62	67	58	62	55	58	51	55	47	52	42	50	36	49	30	49	25	50	21	52	18	55	16	59	14	64	13	70	13	77	14	85	16	93	19	100	23	107	28	113	34	118	41	122	49	125	56	128	63	132	69	137	74	142	78	146	82	149	86	151	90	152	95	152	101	151	108	149	116	147	123	146	129	145	134	143	138	142	141	140	143	137	144	133	144	128	143	123	141	117	138	110	134	102	131	94	129	85	128	76	128	66	129	55	131	45	134	36	138	28	143	21	148	15	152	10	155	6	157	3	158	1	158	0	157	0	155	1	152	3	148	6	143	10	137	15	130	21	123	26	117	30	112	33	108	35	105	36	103	37	102	37	102	
58:
97	103.92	21	99	22	100	24	102	27	105	31	109	35	114	38	119	40	125	41	132	41	139	40	145	38	150	35	154	31	157	27	159	23	160	20	160	18	159	17	157	17	154	18	150	20	147	23	144	27	142	32	140	37	139	43	139	49	139	54	140	58	141	61	143	63	146	64	150	64	154	64	157	64	159	65	160	67	160	70	159	74	157	79	154	85	150	92	145	99	139	106	132	112	125	117	119	121	113	124	107	126	101	127	95	128	90	129	86	131	83	134	81	137	80	139	80	140	81	140	81	139	81	137	81	134	80	130	78	125	75	119	71	112	66	106	60	101	53	97	45	94	37	90	30	85	24	79	19	72	15	64	12	55	10	46	9	38	9	31	9	24	10	18	12	13	15	9	19	5	24	2	30	0	37	-1	45	-1	54	0	63	2	71	4	78	7	84	11	89	15	93	18	96	20	98	21	99	21	99	
59:
87	10.445	92	123	93	124	95	126	97	128	100	131	103	133	105	134	106	134	106	133	105	131	103	128	100	124	96	119	92	113	89	107	86	100	83	92	80	85	77	79	73	74	68	70	62	67	55	65	48	64	42	64	37	65	32	66	28	66	25	67	23	69	21	72	19	76	16	80	12	84	8	87	5	90	3	94	1	99	0	104	0	110	1	116	3	121	6	125	10	130	15	135	21	139	28	142	35	144	43	145	52	145	62	144	73	142	85	140	96	137	106	133	115	128	123	122	130	116	136	109	141	101	145	93	148	85	150	78	151	72	151	66	150	61	148	57	145	54	141	52	137	51	132	51	127	52	123	54	120	57	118	61	117	66	117	72	116	79	114	87	112	95	109	102	106	108	102	113	98	117	95	120	93	122	92	123	92	123	
60:
95	4.626	69	31	68	32	66	32	63	31	59	30	55	28	52	25	49	21	47	16	46	12	46	8	47	5	49	2	51	0	54	-1	58	-1	63	0	67	2	70	5	74	9	78	14	82	20	87	25	93	29	99	33	104	38	108	44	111	51	113	59	114	67	114	75	113	82	111	88	109	93	106	97	102	100	97	102	91	103	84	103	76	102	67	100	59	97	51	93	43	90	36	87	30	85	25	84	21	84	18	85	16	86	15	88	15	91	16	95	18	100	21	106	24	113	26	121	27	128	27	134	26	139	24	143	21	146	17	148	12	149	8	149	4	148	1	146	-3	143	-8	139	-14	134	-19	128	-23	121	-26	113	-28	104	-29	94	-29	83	-28	72	-26	62	-23	53	-19	45	-14	38	-8	32	-1	27	7	23	16	20	25	18	33	17	41	17	48	18	54	20	59	23	63	26	66	28	68	30	69	31	69	31	
61:
104	13.383	48	30	49	29	50	28	52	28	54	29	55	31	55	33	54	35	52	36	49	36	45	37	42	39	38	42	35	46	33	51	32	56	32	62	33	67	35	71	38	74	42	76	47	78	53	79	60	79	68	80	76	81	83	82	89	84	94	87	98	91	101	96	103	101	104	107	104	112	103	116	101	119	99	121	98	122	98	122	99	121	101	119	104	116	108	112	113	107	118	101	124	94	130	86	135	77	139	67	142	58	144	49	147	41	149	34	150	28	150	23	149	19	147	16	144	14	140	13	135	13	129	14	122	16	114	19	105	23	96	28	86	34	76	41	65	49	55	58	46	68	38	78	31	89	25	99	20	108	16	116	12	123	9	129	7	134	6	138	6	141	7	143	9	144	11	144	12	143	12	141	11	138	10	134	10	129	11	123	13	116	16	108	20	99	25	91	30	82	34	73	37	65	39	58	40	51	40	45	41	40	43	36	45	33	47	31	48	30	48	30	
62:
104	51.997	94	16	95	17	95	19	94	22	93	26	92	31	90	36	87	41	83	45	78	48	72	50	66	51	61	51	57	50	54	48	52	45	51	42	50	40	50	38	51	37	51	37	50	38	49	40	49	43	50	47	52	52	55	58	59	65	64	72	70	78	75	83	79	87	82	90	84	94	85	99	85	103	84	106	82	108	79	109	75	109	70	108	64	106	57	103	50	99	42	94	33	89	25	84	18	80	12	77	7	75	1	74	-4	74	-9	75	-13	77	-16	80	-18	84	-19	89	-19	95	-18	102	-16	110	-13	119	-9	128	-4	136	2	143	9	149	17	154	26	158	36	161	47	163	59	164	70	164	80	164	89	163	98	161	106	158	113	154	119	149	124	143	128	136	131	128	133	119	134	109	134	98	135	87	137	77	140	68	143	59	145	49	146	40	146	32	145	25	143	19	140	14	137	10	133	7	128	5	122	4	115	4	109	5	104	7	100	10	97	13	95	15	94	16	94	16	
63:
102	27.435	3	68	4	67	6	67	9	66	12	64	16	61	21	57	25	52	28	46	30	40	31	35	31	31	30	27	30	24	30	22	31	21	33	21	36	22	40	24	45	27	51	31	57	35	64	38	71	40	78	41	84	41	89	40	93	38	96	35	98	33	99	31	99	30	99	30	100	31	102	33	105	36	109	38	114	39	120	39	125	39	129	40	132	42	134	44	135	47	135	51	134	56	132	62	129	69	125	77	120	86	114	95	108	103	101	110	95	117	89	123	84	128	79	132	75	135	72	137	70	138	69	139	69	141	70	142	72	142	75	142	79	143	84	145	90	148	97	152	105	155	113	157	120	160	126	162	131	163	135	163	138	162	140	160	141	157	141	153	140	150	138	147	135	145	131	144	126	142	120	139	113	135	105	130	96	124	86	119	75	114	65	110	56	107	47	104	39	100	31	95	24	89	18	83	13	78	9	74	6	71	4	69	3	68	3	68	
64:
107	52.132	15	49	16	50	18	52	21	55	24	59	26	63	27	67	27	70	26	72	24	73	21	73	17	73	12	74	8	76	5	79	3	83	2	88	0	94	-3	100	-5	106	-6	113	-6	120	-5	126	-3	131	0	135	3	138	7	140	12	141	18	141	25	140	31	140	36	141	40	143	43	146	45	149	46	151	46	152	47	152	49	151	52	149	56	146	61	143	67	140	74	137	82	135	91	134	99	134	107	135	114	136	120	136	125	135	129	133	132	130	134	126	135	121	135	117	134	112	132	106	129	100	125	95	120	91	114	88	107	86	100	83	94	79	89	74	85	68	82	61	80	53	79	45	79	36	80	27	82	19	85	12	89	6	94	1	100	-3	107	-6	114	-8	120	-9	125	-9	129	-8	132	-6	134	-3	135	-1	135	0	134	1	132	2	129	2	125	3	120	5	114	8	107	12	99	17	90	23	80	30	70	36	60	41	51	45	43	48	36	50	30	52	25	53	21	53	18	52	16	50	15	49	15	49	
65:
109	57.661	4	24	5	23	7	21	10	18	14	15	19	13	24	12	30	12	35	13	39	15	42	18	44	22	45	27	45	33	44	39	44	46	44	54	44	62	45	69	47	75	50	80	54	84	59	87	65	89	72	90	78	90	83	91	87	93	90	96	92	100	93	104	93	108	92	111	92	113	93	114	95	114	98	113	102	111	105	108	107	104	108	99	109	93	109	86	108	79	106	73	103	67	99	61	95	56	92	52	90	48	89	43	89	38	90	34	92	30	95	27	98	25	102	24	106	22	109	19	111	16	112	13	112	11	111	10	109	8	106	7	102	7	97	8	91	10	84	13	76	17	67	22	57	28	46	35	36	43	27	52	19	60	12	68	6	77	1	87	-3	96	-6	104	-8	111	-9	117	-9	122	-9	126	-8	129	-6	131	-4	132	-1	132	3	131	8	129	14	126	19	122	23	117	26	111	28	104	29	96	29	87	28	77	26	68	23	60	19	52	15	45	12	39	10	34	9	30	7	27	5	25	4	24	4	24	
66:
101	35.621	146	40	145	41	143	43	142	46	140	48	137	49	133	49	129	48	126	46	124	43	123	39	123	36	124	34	126	32	129	31	133	31	138	32	142	34	145	37	147	41	148	46	148	52	147	59	145	67	142	75	138	82	133	88	127	93	120	97	112	100	103	102	94	103	86	104	79	105	73	105	68	104	64	104	61	105	59	107	58	110	58	114	59	119	61	125	64	132	68	139	71	145	73	150	74	156	74	161	73	165	71	168	68	171	64	173	59	174	53	174	46	173	38	171	29	168	20	164	12	159	5	153	-1	146	-6	138	-10	129	-13	119	-15	108	-16	98	-16	89	-15	80	-13	72	-10	65	-6	59	-1	54	5	50	10	47	14	45	17	44	19	44	20	45	22	47	25	49	29	51	34	52	40	52	47	51	53	49	59	46	66	42	74	38	83	35	93	33	102	32	110	32	118	33	125	35	131	38	136	40	140	41	143	41	145	41	146	40	146	40	
67:
88	9.095	117	75	116	76	115	77	113	78	110	79	106	79	102	78	97	76	93	73	89	69	84	65	80	62	76	59	73	57	71	56	70	56	70	57	71	59	73	62	75	66	78	71	82	77	87	84	92	92	97	99	101	105	104	110	106	114	107	117	108	120	109	122	111	123	114	123	118	122	121	120	123	118	125	115	127	111	130	106	132	101	133	97	133	94	132	92	130	91	127	91	123	92	118	94	114	96	111	99	107	103	102	108	96	114	89	121	81	127	72	132	62	136	53	140	45	143	38	145	31	146	25	146	20	145	16	143	13	140	10	136	8	131	7	125	7	118	8	112	10	106	13	100	17	95	22	90	28	86	35	83	43	81	52	79	62	78	72	76	81	73	89	71	96	70	102	69	107	69	111	70	114	72	116	74	117	75	117	75	
68:
84	24.72	2	69	2	70	2	72	3	74	5	76	8	79	12	81	17	84	23	86	30	89	38	93	46	98	53	103	59	109	64	114	68	118	71	122	73	127	74	133	74	138	73	142	71	145	68	147	64	148	59	148	55	147	52	146	50	146	49	147	49	149	50	152	52	156	55	159	59	162	64	164	70	165	77	165	85	164	93	162	100	159	106	155	111	150	115	144	118	137	120	129	122	120	125	111	128	101	132	90	136	80	141	70	145	61	148	53	150	45	151	38	151	32	150	27	148	22	146	18	145	15	145	13	144	12	142	12	139	13	135	15	130	18	124	22	117	27	109	33	100	40	90	48	79	55	68	61	57	66	47	70	38	73	30	75	23	76	17	76	12	75	8	74	5	72	3	70	2	69	2	69	
69:
104	18.924	148	95	148	94	148	92	148	90	149	89	151	89	154	90	156	92	157	95	158	99	158	103	157	108	155	112	152	115	148	117	143	119	137	120	131	120	125	119	120	117	116	115	113	112	110	108	108	104	107	99	107	93	108	87	110	81	113	76	117	72	120	69	122	66	123	64	123	61	122	59	120	57	117	56	113	54	108	53	102	53	95	54	87	56	79	58	71	61	63	63	55	64	47	64	40	63	34	61	29	58	25	54	22	49	20	43	19	38	19	32	20	25	22	19	25	14	29	10	34	7	40	5	47	4	55	4	64	5	74	7	85	9	96	12	106	16	115	21	123	27	130	34	136	42	141	50	145	59	148	69	150	80	151	91	151	102	150	112	148	121	145	129	141	136	137	142	132	147	126	151	121	154	117	156	114	157	112	157	111	156	111	154	111	151	112	147	114	142	117	136	121	129	126	122	132	116	137	110	141	105	144	101	146	98	147	96	148	95	148	95	
70:
119	38.526	20	89	19	88	17	87	14	86	12	84	10	81	9	77	9	73	10	70	12	68	15	66	19	65	23	63	27	60	31	56	34	51	36	46	37	42	37	38	36	35	34	33	31	32	28	31	25	30	21	28	17	25	14	23	12	21	11	18	11	16	12	14	14	13	17	12	21	11	26	10	32	10	39	11	47	12	56	14	66	16	77	18	88	19	98	19	107	19	116	18	124	18	131	19	137	21	142	24	146	28	149	32	151	37	152	43	152	50	151	58	149	66	147	74	145	82	142	89	138	95	133	100	128	104	122	107	115	109	109	110	104	110	100	109	95	107	89	105	82	104	76	104	71	105	67	107	64	110	62	114	60	119	59	125	59	132	60	139	62	147	65	156	69	164	74	172	80	179	87	185	95	190	104	194	113	197	121	199	128	200	134	200	139	199	143	197	146	194	148	190	149	185	149	179	148	172	146	164	143	155	139	147	134	140	128	134	121	129	113	125	105	122	96	120	86	119	75	119	65	118	56	116	48	113	41	109	35	104	30	99	26	95	23	92	21	90	20	89	20	89	
71:
93	38.465	121	152	121	151	121	149	121	146	120	142	118	137	116	131	115	124	115	117	115	110	115	104	114	98	113	93	113	89	112	86	111	84	110	83	109	83	107	84	104	86	100	89	96	93	93	98	89	103	84	109	79	115	75	120	71	124	67	127	64	129	60	130	57	130	53	129	48	127	42	124	37	120	32	115	27	109	23	103	20	96	18	89	15	82	11	76	8	71	6	67	5	64	5	62	6	60	8	57	11	54	15	51	20	49	26	47	33	44	41	40	50	35	59	29	69	22	79	16	88	11	96	7	103	4	109	2	114	1	120	1	126	2	133	4	140	5	146	5	152	6	159	8	165	11	170	15	174	20	177	26	179	33	180	41	180	50	179	60	177	71	174	83	171	94	167	104	162	113	156	121	149	128	142	134	136	139	131	143	127	146	124	149	122	151	121	152	121	152	
72:
112	3.064	107	28	108	27	110	25	113	22	115	20	116	18	116	17	115	17	113	18	110	20	106	23	102	27	99	31	97	35	96	39	96	43	97	47	99	50	102	52	106	53	111	53	117	52	124	50	131	47	138	43	144	39	149	34	153	28	156	21	158	15	159	10	159	6	158	3	156	1	153	0	151	0	150	1	150	3	151	6	153	10	156	15	160	21	165	28	170	36	174	45	177	55	179	66	180	76	180	86	179	95	177	103	175	110	172	116	168	121	163	125	157	128	150	130	142	131	133	131	123	130	112	128	102	125	93	121	85	117	78	114	72	112	67	111	63	111	60	112	58	114	57	116	57	117	56	117	55	116	55	114	54	111	52	108	50	104	49	101	47	99	44	98	40	98	35	99	29	101	23	104	18	108	13	112	9	117	6	121	4	124	3	126	3	127	4	127	6	126	9	124	13	121	17	117	22	112	28	106	35	99	43	91	52	82	62	73	71	64	79	56	86	49	92	43	97	38	101	34	104	31	106	29	107	28	107	28	
73:
91	3.297	37	9	38	10	40	12	42	14	43	15	43	15	43	14	42	12	42	9	43	6	45	3	48	1	52	0	55	0	58	1	60	3	61	6	61	9	60	11	58	12	55	12	51	11	46	9	40	7	33	5	26	4	20	4	15	5	11	7	8	10	6	14	5	19	5	25	6	31	8	38	10	44	13	49	17	53	22	56	28	58	35	59	43	59	52	58	62	57	73	55	84	52	94	49	103	47	112	44	120	42	127	41	133	41	138	42	142	44	145	47	147	51	148	56	148	62	147	69	146	77	145	86	145	94	145	101	145	107	145	112	146	116	147	119	147	121	146	122	146	122	146	121	145	119	143	116	140	113	136	109	131	104	125	98	118	91	110	83	101	74	92	64	82	54	73	45	65	37	58	30	52	24	47	19	43	15	40	12	38	10	37	9	37	9	
74:
106	13.093	109	39	108	40	106	41	103	42	100	44	98	47	97	51	97	56	98	62	100	68	102	73	105	77	109	80	112	82	116	83	121	84	125	84	128	83	132	81	136	78	140	74	144	69	147	63	149	57	150	50	150	42	149	34	149	27	150	21	152	16	154	12	157	9	161	7	166	6	170	6	174	7	178	9	181	12	183	16	185	21	187	27	188	34	188	42	189	50	189	59	188	68	186	78	183	89	179	99	174	108	168	116	161	123	155	129	148	134	141	138	133	141	124	143	114	144	104	144	95	143	87	141	79	138	71	134	64	129	58	123	52	118	47	113	41	109	35	106	28	104	20	103	12	103	5	104	-1	106	-6	109	-10	112	-13	116	-15	121	-17	126	-18	132	-18	137	-17	141	-15	144	-12	146	-8	147	-3	147	3	146	10	144	17	141	25	137	34	132	43	126	51	119	58	111	64	103	70	94	75	84	79	75	83	67	88	60	94	54	99	49	103	45	106	42	108	40	109	39	109	39	
75:
100	26.829	3	94	4	94	5	95	7	95	10	94	14	92	19	89	23	85	26	80	28	74	29	67	29	60	28	54	26	49	23	45	19	42	16	40	14	39	13	37	13	36	14	35	16	33	19	32	23	32	28	32	34	32	41	33	49	33	58	32	68	30	78	28	87	27	95	25	102	22	108	20	113	18	117	16	120	13	122	11	123	10	123	10	122	11	120	13	117	16	114	20	112	25	111	31	111	38	111	46	112	55	112	63	111	72	110	81	108	89	105	96	102	102	100	107	98	111	96	114	94	116	91	117	89	117	88	116	88	114	89	112	91	111	94	111	98	112	103	114	108	115	113	115	119	116	124	117	128	119	131	122	133	124	134	127	134	131	133	136	131	140	128	143	124	145	119	146	113	146	106	145	98	143	89	140	79	136	68	133	58	130	48	127	39	123	31	118	24	114	18	109	13	104	9	100	6	97	4	95	3	94	3	94	
76:
90	2.053	27	114	28	113	30	111	33	108	37	106	42	105	48	104	55	102	62	101	68	101	74	102	79	102	83	101	86	100	88	98	89	96	89	93	88	91	88	88	89	86	91	85	94	85	98	86	103	88	107	91	110	95	112	99	114	103	115	107	115	110	114	112	112	113	109	114	107	114	106	113	106	112	107	110	109	108	112	105	116	103	121	101	127	100	134	100	140	101	145	103	149	106	152	109	154	112	155	114	155	115	155	115	154	114	152	112	149	109	147	106	145	102	143	97	140	91	136	84	132	76	129	67	127	58	124	50	120	43	115	37	109	32	104	28	99	25	94	23	88	22	81	22	74	23	67	25	61	28	56	32	52	37	48	43	43	49	39	56	36	63	32	70	28	78	25	86	23	93	22	99	22	104	23	108	24	111	26	113	27	114	27	114	
77:
122	211.312	111	83	110	84	108	86	107	89	105	92	103	95	102	99	102	102	102	104	103	105	105	105	108	104	110	102	111	99	111	95	110	90	109	84	107	77	104	70	100	64	97	59	93	55	88	52	83	50	79	49	76	49	74	48	73	46	73	43	74	39	75	34	75	28	74	23	72	19	69	16	65	13	60	11	54	10	47	10	40	11	33	13	27	16	22	19	18	23	15	28	13	34	12	40	12	47	13	53	15	60	18	67	22	73	27	80	33	86	38	92	42	97	45	101	47	104	48	106	48	107	47	107	45	106	42	105	38	105	33	105	27	106	21	108	16	111	12	115	9	120	7	126	6	133	6	139	6	144	7	149	9	153	12	156	16	158	21	159	27	159	34	158	42	156	51	153	59	149	66	144	72	138	77	131	81	123	84	114	86	104	87	93	89	81	91	69	94	58	98	48	103	39	109	31	116	24	124	18	131	13	137	9	142	6	146	4	149	3	151	3	152	4	152	6	151	9	150	13	148	18	145	24	141	31	136	39	131	47	125	55	120	62	116	68	113	73	111	77	110	80	110	82	111	83	111	83	
78:
118	132.14	71	115	72	116	74	118	76	121	77	125	77	130	76	135	74	139	71	142	67	144	62	145	56	145	49	144	41	142	33	139	26	136	20	134	15	133	11	133	8	132	6	130	5	127	5	123	6	118	8	112	11	105	15	97	18	88	20	80	21	72	23	64	25	57	28	51	32	46	37	42	42	39	48	37	55	36	62	36	69	37	75	38	80	39	84	40	87	40	89	39	90	37	90	34	89	30	88	25	88	19	89	12	91	6	94	1	98	-3	103	-6	109	-8	116	-9	123	-9	130	-8	136	-6	141	-4	145	-1	148	2	150	6	151	11	151	16	150	22	148	27	145	31	141	34	136	36	130	37	124	37	118	38	111	39	104	41	98	44	93	48	89	52	86	57	84	63	83	70	83	76	84	83	86	90	89	96	93	103	98	109	104	115	111	122	118	129	126	135	133	140	139	144	144	148	148	151	151	153	153	154	154	154	154	153	153	151	151	148	148	144	144	141	139	137	133	132	126	126	119	121	111	117	103	114	96	112	90	110	85	109	81	109	77	110	74	112	72	114	71	115	71	115	
79:
119	151.735	91	154	90	154	88	154	85	153	81	151	76	148	70	144	64	139	59	134	55	130	52	126	50	121	49	117	49	113	50	109	52	104	55	98	59	93	63	87	66	80	68	72	69	63	69	54	68	46	66	39	63	33	59	28	54	23	48	19	41	16	33	14	26	13	19	13	13	14	8	16	4	19	1	23	-1	28	-2	34	-2	40	-1	45	1	49	4	53	8	56	13	58	19	59	26	59	34	58	43	58	52	58	62	59	73	59	83	60	92	62	100	65	107	68	113	72	118	77	122	83	125	90	127	98	128	107	128	116	128	124	128	131	128	137	129	142	130	146	132	149	134	151	137	152	141	152	144	151	146	149	147	146	147	142	148	137	148	131	148	124	149	116	151	107	153	97	156	86	160	76	163	65	165	55	166	46	166	38	165	31	164	25	163	20	161	16	158	13	156	11	155	10	153	10	150	11	146	13	141	16	135	20	128	25	121	31	114	38	108	46	102	55	97	65	92	76	88	88	85	99	82	109	80	118	79	126	79	133	80	139	82	144	85	148	88	151	90	153	91	154	91	154	
80:
107	3.894	6	123	5	122	3	120	1	117	0	113	0	110	1	108	3	106	6	105	9	105	13	104	18	102	22	99	25	95	29	90	33	84	38	79	44	75	51	72	59	70	68	69	78	68	89	68	99	69	108	69	116	68	123	68	129	69	134	70	138	71	141	73	143	75	144	77	144	79	143	82	141	86	138	90	134	94	130	98	126	103	122	109	119	116	117	124	116	132	116	139	117	145	119	151	120	157	121	164	121	171	120	177	118	182	115	187	111	191	106	194	100	196	93	197	85	197	76	196	66	194	56	191	47	187	39	182	31	176	24	169	18	161	13	152	9	142	6	131	4	119	3	106	3	93	4	80	6	68	9	57	13	47	18	38	24	30	30	23	37	17	45	12	53	8	60	5	66	3	71	2	75	2	78	3	80	5	81	8	81	12	80	17	78	23	75	30	71	38	66	47	60	57	53	68	45	78	37	87	30	95	24	102	19	108	15	113	12	117	9	120	7	122	6	123	6	123	
81:
91	5.108	122	138	121	139	119	141	116	143	112	144	107	144	101	144	96	143	90	141	83	138	77	134	72	129	68	123	65	116	63	108	62	99	62	90	61	82	59	75	56	69	52	64	47	60	41	57	34	55	28	54	23	54	18	55	14	57	11	60	9	64	7	69	6	75	6	82	7	89	8	97	9	105	9	112	8	118	7	123	6	127	6	130	7	132	7	133	6	133	4	132	1	130	-3	127	-6	123	-9	118	-11	112	-12	105	-12	97	-11	88	-9	78	-6	68	-2	59	3	51	9	44	16	37	24	31	32	26	39	22	47	19	54	15	60	12	65	9	71	7	77	6	84	6	92	7	100	9	107	12	113	16	118	21	122	27	125	34	127	42	128	51	130	61	131	72	131	83	132	93	133	102	134	110	134	117	133	123	131	128	128	132	125	135	123	137	122	138	122	138	
82:
93	34.42	109	86	110	85	111	83	113	80	114	76	114	71	113	66	111	61	108	57	104	53	99	49	93	45	86	42	79	40	72	39	65	37	59	35	53	34	48	34	44	35	41	37	39	40	38	44	38	49	38	55	38	61	37	68	35	75	32	81	29	86	26	90	23	93	21	95	20	96	20	96	21	95	23	94	26	94	30	94	35	94	41	95	48	97	56	100	65	103	75	107	86	112	96	117	105	121	113	125	121	128	128	130	134	131	139	131	143	130	146	128	148	125	150	121	151	116	151	110	150	103	150	95	149	86	149	78	149	69	149	59	150	50	151	41	152	33	152	26	151	20	149	15	146	11	142	8	138	6	135	5	133	5	132	6	131	8	131	11	131	15	131	20	130	26	128	33	125	41	121	50	117	58	113	65	110	71	108	76	107	80	107	83	108	85	109	86	109	86	
83:
81	0.116	125	16	124	15	122	14	119	12	115	10	110	8	105	6	99	4	94	3	89	2	85	2	82	3	80	5	79	8	79	12	80	17	82	23	85	29	87	34	88	38	88	41	88	43	87	44	85	46	82	49	80	51	79	53	79	56	80	58	82	60	85	61	89	62	94	62	100	63	107	64	115	65	123	65	131	65	138	66	144	68	149	71	153	75	156	78	158	80	159	82	159	85	158	89	156	93	153	98	149	104	144	110	139	115	133	119	126	122	118	124	109	125	100	125	92	124	85	122	79	119	74	117	70	114	67	110	65	105	64	99	64	92	65	84	67	75	70	65	74	56	79	48	85	41	91	35	97	30	104	26	110	22	115	19	119	17	122	16	124	16	125	16	125	16	
84:
103	1.539	32	103	31	103	29	103	26	104	22	104	18	103	14	101	11	98	9	95	8	92	8	88	9	83	11	79	14	75	18	71	22	68	25	64	27	59	30	55	34	52	39	50	45	49	51	49	58	50	66	52	74	55	81	59	87	64	92	70	96	77	99	83	103	88	106	92	110	95	115	97	120	98	125	98	129	97	132	95	134	93	135	91	135	90	134	88	132	87	129	87	125	88	120	90	114	93	107	97	99	102	91	107	82	113	72	119	63	125	55	130	48	134	42	137	37	139	33	140	30	140	28	140	27	139	27	137	28	135	30	132	33	128	36	123	40	117	45	110	51	102	58	94	66	86	75	77	85	69	94	60	102	51	109	43	115	36	120	30	124	25	127	21	129	18	130	16	130	15	129	15	127	16	124	18	120	21	115	25	109	30	102	36	94	43	85	50	76	58	68	67	60	75	53	82	47	88	42	93	38	97	35	100	33	102	32	103	32	103	
85:
99	3.307	98	158	99	157	101	155	104	152	107	148	110	143	113	138	115	132	118	125	120	119	121	114	121	110	120	107	118	105	115	104	111	104	106	105	100	107	93	110	86	114	79	119	73	125	68	130	64	136	61	142	58	147	56	151	55	154	54	156	52	157	49	157	47	156	46	154	46	151	46	147	45	142	45	138	45	133	44	129	42	126	39	124	37	123	34	123	31	124	27	126	22	128	17	130	12	132	8	133	4	133	0	132	-3	130	-5	127	-6	123	-6	118	-5	112	-3	105	0	97	4	88	9	78	15	69	22	61	29	52	36	44	42	36	47	29	51	22	55	16	59	11	64	7	70	4	77	2	85	1	94	1	102	2	111	3	119	5	126	8	132	12	137	17	141	23	144	30	146	38	147	47	147	57	147	68	146	80	144	92	141	103	137	113	132	122	126	130	119	137	113	143	108	148	104	152	101	155	99	157	98	158	98	158	
86:
121	29.581	45	69	44	68	42	66	39	64	35	62	31	61	27	60	24	60	22	61	21	63	21	66	22	68	24	69	27	69	31	68	36	66	42	63	47	59	51	54	54	48	56	41	57	35	57	30	56	26	54	23	51	20	47	17	42	13	36	10	30	8	25	7	21	7	18	8	16	10	15	13	15	17	16	22	18	28	21	34	25	41	30	49	36	57	43	64	51	70	60	75	70	79	80	82	90	84	99	85	107	85	114	84	120	82	125	79	129	77	132	76	134	76	135	77	135	79	134	82	134	86	135	89	137	91	140	92	143	92	145	91	146	89	146	86	145	82	143	77	140	72	136	68	131	65	125	63	118	62	110	62	103	63	96	65	90	68	85	72	81	77	78	83	76	90	75	98	75	107	76	116	78	125	81	134	85	142	90	149	96	155	103	160	111	164	119	167	126	169	132	170	137	170	141	169	144	167	146	165	147	162	147	158	146	154	144	151	142	149	139	147	135	144	130	141	124	137	117	132	109	126	100	119	90	112	81	105	73	97	66	90	60	84	55	79	51	75	48	72	46	70	45	69	45	69	
87:
94	16.534	84	19	83	19	81	20	78	22	74	23	69	25	65	28	62	32	60	36	59	40	59	45	60	51	62	56	65	62	69	68	73	73	78	77	83	81	89	84	96	86	103	87	109	87	115	86	120	84	124	81	127	77	129	72	130	66	130	59	129	52	127	46	126	40	126	35	127	31	129	28	131	25	134	23	138	20	141	16	143	12	144	8	144	5	143	3	141	2	138	2	136	3	135	5	135	8	136	12	138	17	141	23	143	30	144	38	144	47	145	57	145	68	144	79	142	89	139	98	135	106	130	113	124	119	117	124	109	128	100	131	90	133	79	134	69	134	60	133	52	133	45	134	39	135	34	135	30	134	27	132	25	129	23	125	22	120	22	114	23	107	25	99	28	90	32	81	37	72	43	64	50	55	57	47	63	40	69	34	74	29	78	25	81	22	83	20	84	19	84	19	
88:
127	0.603	32	126	33	125	35	125	38	126	42	128	46	129	51	131	57	133	64	136	72	140	80	143	88	145	95	146	101	146	106	145	110	143	113	140	115	136	116	131	116	126	115	122	113	118	110	115	106	112	102	110	99	108	97	107	96	105	96	102	97	100	99	99	102	97	106	96	111	96	116	96	121	95	126	93	130	90	133	86	135	83	136	80	136	78	135	77	133	75	130	73	128	70	126	66	125	61	125	56	126	51	128	45	131	40	135	36	140	31	144	25	147	18	149	12	150	7	150	3	149	-2	147	-7	144	-11	141	-15	137	-18	132	-20	126	-22	119	-23	111	-23	102	-22	92	-21	82	-21	73	-20	64	-18	56	-15	49	-11	43	-6	38	-1	34	5	31	12	29	20	28	29	28	39	29	50	31	62	34	74	38	85	43	95	49	104	56	112	64	119	73	125	83	130	93	135	104	140	114	144	123	149	131	153	138	156	144	158	149	159	153	159	156	158	158	157	159	157	159	157	158	158	156	158	153	159	149	161	144	164	138	167	131	169	123	170	114	170	105	169	96	167	86	164	77	160	68	155	60	149	53	143	47	138	42	134	38	131	35	129	33	127	32	126	32	126	
89:
108	72.431	149	15	148	16	146	18	143	21	139	25	136	30	134	35	132	41	131	48	131	56	132	65	134	74	137	83	141	91	144	98	146	104	147	111	147	117	146	122	144	126	141	129	137	131	132	133	127	134	123	134	119	134	116	133	114	131	111	129	108	128	106	128	103	129	101	131	98	134	94	138	89	143	83	147	76	150	68	152	59	153	51	153	44	152	38	150	33	147	29	143	26	138	23	132	21	125	20	117	20	108	21	98	23	88	26	79	30	71	35	64	41	58	48	53	56	49	63	44	69	40	74	37	78	35	81	33	83	30	84	26	84	22	83	18	81	15	78	12	74	8	69	3	63	-2	56	-6	48	-9	39	-11	31	-12	24	-12	18	-11	13	-9	9	-7	6	-4	4	0	3	5	3	11	4	18	6	24	9	29	13	33	18	37	24	40	31	42	39	43	48	43	58	42	69	42	79	41	88	41	96	40	104	38	113	35	121	31	128	26	134	22	139	19	143	17	146	16	148	15	149	15	149	15	
90:
93	10.638	87	110	86	111	84	113	81	116	77	120	72	123	67	125	61	126	54	127	46	127	37	126	29	126	22	127	16	129	11	131	7	133	4	134	2	134	1	133	1	131	2	128	4	124	7	119	11	113	16	106	22	98	29	91	37	85	45	79	53	74	61	70	68	67	75	64	81	60	86	55	90	51	93	48	95	45	98	43	102	42	107	42	113	43	118	45	122	48	126	52	129	57	131	63	132	68	132	73	131	77	129	80	127	82	125	84	122	85	118	85	113	84	107	82	100	79	92	75	83	70	75	64	68	57	62	49	57	41	53	33	50	26	48	20	46	15	45	11	45	8	46	6	48	5	51	5	55	6	59	8	64	11	70	15	77	20	83	26	88	33	93	41	97	50	100	60	102	69	103	77	103	84	102	90	100	95	97	100	93	104	90	107	88	109	87	110	87	110	
91:
99	13.244	31	125	32	126	34	128	37	130	39	133	42	135	44	138	45	140	45	142	44	144	42	147	39	149	35	150	31	152	28	153	26	153	25	152	25	150	26	147	28	144	31	140	35	137	40	134	46	131	53	128	61	125	70	122	80	118	89	113	97	107	104	100	111	93	117	85	122	76	126	66	129	56	131	46	132	37	132	29	131	22	129	16	126	11	122	7	117	4	111	2	104	1	98	1	91	2	85	4	80	7	76	11	73	16	69	22	65	29	62	37	60	46	59	56	59	67	60	79	62	92	65	104	69	115	74	125	80	134	87	142	95	149	103	155	112	161	120	166	127	170	133	173	138	175	142	176	145	176	148	175	150	173	151	170	151	166	150	162	148	159	145	157	141	155	136	153	130	150	123	146	115	141	106	136	96	132	86	128	76	125	67	123	59	122	52	122	46	122	41	122	37	123	34	123	32	124	31	125	31	125	
92:
115	56.279	125	35	125	34	125	32	126	29	127	25	129	21	132	17	134	14	135	12	136	11	138	11	141	12	143	14	144	17	144	21	145	26	145	32	145	39	145	46	146	54	146	63	145	72	143	80	140	87	136	93	131	98	125	102	118	105	110	107	101	108	93	108	85	107	78	105	72	102	66	98	59	93	53	89	48	86	44	84	41	83	39	83	38	84	37	86	35	89	32	93	30	98	28	102	26	105	24	107	21	108	18	108	15	107	13	106	12	104	12	102	12	101	13	101	13	102	12	104	12	107	13	111	15	116	18	121	21	125	25	128	30	130	35	131	41	131	48	130	55	128	61	125	66	121	72	116	77	110	81	103	84	95	86	86	87	76	87	65	86	55	84	45	81	36	77	28	72	21	66	15	59	10	51	6	44	3	38	0	33	-2	29	-3	26	-3	24	-2	23	0	23	2	24	3	26	3	29	4	33	6	38	7	44	8	51	10	59	13	68	15	78	18	87	22	95	27	102	31	108	34	113	36	117	37	120	37	122	37	124	36	125	35	125	35	
93:
90	4.818	16	35	15	36	13	38	10	41	7	45	5	50	4	56	4	62	4	69	5	77	7	84	10	90	14	95	19	100	25	104	32	107	40	109	47	112	53	116	58	121	62	126	65	130	67	134	68	137	68	140	67	144	65	148	62	151	58	153	53	154	49	154	46	153	44	151	43	149	43	147	44	146	46	146	49	147	53	148	58	149	64	150	71	150	79	150	88	149	96	147	103	144	111	140	119	136	126	131	132	125	137	118	141	110	144	101	146	93	147	86	147	79	146	73	144	68	141	64	138	61	134	59	129	58	123	58	117	59	111	61	106	62	102	62	99	61	97	59	96	56	95	52	95	47	95	41	94	34	92	28	89	23	85	19	80	16	74	14	67	13	59	13	51	14	44	16	37	18	31	21	26	25	22	29	19	32	17	34	16	35	16	35	
94:
118	1.208	60	55	59	56	57	57	54	58	50	60	45	62	39	64	32	67	25	69	18	71	12	73	7	74	3	74	0	73	-2	71	-3	68	-3	65	-2	61	0	56	3	50	7	43	11	35	16	28	22	22	29	17	37	13	45	10	54	8	63	7	71	7	78	8	84	10	89	13	93	17	97	22	102	28	108	35	115	42	121	48	126	53	130	57	134	60	139	62	145	63	151	63	158	62	164	60	169	57	173	53	176	48	178	42	179	35	179	29	178	23	176	18	173	14	169	11	164	9	158	8	152	8	147	9	143	11	138	14	134	18	131	23	129	29	127	36	126	44	126	53	127	63	128	72	129	80	131	88	134	96	137	103	139	109	140	114	140	118	139	121	137	123	134	124	130	124	125	123	119	121	112	118	104	115	97	113	89	110	81	108	73	107	66	107	60	108	53	110	46	113	40	117	35	121	31	125	28	128	26	130	25	131	24	131	24	130	25	128	26	125	28	121	29	116	29	110	30	103	31	95	33	87	36	80	40	74	45	69	50	65	54	61	57	58	59	56	60	55	60	55	
95:
105	2.19	109	81	110	82	110	84	110	87	110	90	111	94	112	99	113	105	113	112	113	118	114	123	116	127	119	130	123	132	128	133	133	133	138	132	143	130	147	127	150	123	152	118	153	112	153	105	152	97	150	88	147	80	143	72	138	65	132	59	125	53	117	48	109	42	102	37	96	32	91	27	87	21	83	16	80	12	78	9	77	7	77	6	78	6	78	7	79	9	81	12	82	16	82	21	81	27	79	34	76	40	72	45	67	49	61	52	55	54	48	55	40	55	33	54	27	52	22	49	18	45	15	41	13	38	12	36	12	35	13	35	15	36	18	38	22	41	27	45	33	50	40	56	48	63	55	71	61	79	66	88	70	98	74	108	77	117	79	125	80	133	80	140	79	146	78	151	76	155	73	158	69	160	65	161	62	161	60	160	59	158	59	155	60	151	62	146	65	140	69	133	74	125	80	117	87	109	93	102	98	96	102	91	105	87	107	84	108	82	109	81	109	81	
96:
110	24.617	20	83	21	82	23	81	26	79	30	76	34	72	37	67	39	61	41	55	42	50	44	46	47	43	51	41	56	40	62	40	69	41	76	43	82	46	87	48	91	51	94	54	96	58	97	61	97	63	96	64	96	64	97	63	99	61	101	58	104	54	106	49	107	43	108	36	108	28	107	20	105	12	102	5	98	-1	93	-6	87	-10	80	-13	72	-15	63	-16	54	-16	46	-15	37	-13	29	-10	22	-6	16	-1	11	5	7	12	4	19	2	27	1	36	1	46	2	57	3	67	5	78	7	90	8	101	8	111	7	120	5	128	3	135	1	141	0	146	0	150	1	153	3	155	6	156	10	156	15	155	21	153	28	150	36	146	45	141	55	135	66	130	76	125	85	121	94	118	102	116	109	115	115	115	120	116	124	118	127	119	129	121	130	124	130	128	129	132	127	135	124	137	120	138	115	139	109	139	102	138	94	136	85	133	75	129	65	124	56	118	48	111	41	104	35	98	30	93	26	89	23	86	21	84	20	83	20	83	
97:
111	1.262	102	44	103	43	105	43	108	43	111	43	115	44	118	44	121	43	123	41	124	38	124	34	123	29	121	24	118	20	114	17	109	15	103	13	97	12	92	12	87	13	82	15	78	18	75	22	71	25	66	27	61	28	56	28	50	27	44	25	39	22	34	18	28	14	23	10	19	7	16	5	14	4	13	4	12	5	11	7	10	10	10	14	9	19	7	25	6	32	6	40	5	49	3	59	1	69	-1	80	-2	91	-3	102	-3	112	-2	121	0	129	3	136	7	142	12	147	17	151	22	154	27	156	31	157	35	157	40	156	44	154	47	151	51	147	56	142	60	136	65	129	71	121	77	114	83	108	88	103	92	99	95	96	98	94	102	93	106	93	109	94	111	96	114	99	117	103	119	108	120	114	122	121	125	127	129	132	134	136	139	139	144	141	148	142	151	142	153	141	154	139	154	136	153	132	151	127	148	121	144	114	139	106	133	97	126	88	120	80	115	72	111	65	107	59	104	54	102	50	101	47	101	45	102	44	102	44	
98:
105	2.452	16	100	15	99	14	97	13	94	13	90	14	85	15	79	16	73	18	68	20	63	23	59	26	56	30	54	35	53	41	52	48	52	56	52	63	52	69	52	74	52	78	52	81	53	84	54	86	56	87	59	87	63	86	68	84	72	83	75	83	77	84	78	86	78	89	77	93	75	98	72	104	68	111	65	118	63	125	62	131	62	136	63	140	65	144	68	148	72	151	77	153	82	154	88	154	95	153	103	151	111	148	120	145	128	141	136	136	144	130	151	124	157	117	162	109	166	100	169	91	171	83	172	76	172	70	171	65	169	61	166	58	162	56	157	55	151	55	144	56	136	58	127	61	117	65	106	70	94	76	82	82	71	89	61	96	52	102	44	107	37	111	31	114	26	116	22	117	19	117	17	116	16	114	16	111	17	107	19	102	22	97	26	91	31	84	36	76	42	67	49	59	56	52	64	44	72	37	79	31	85	26	90	22	94	19	97	17	99	16	100	16	100	
99:
83	3.835	33	31	34	30	36	28	39	25	43	22	47	19	51	17	56	16	62	16	69	16	77	17	85	19	92	20	100	20	109	20	118	19	126	17	133	16	139	16	144	17	148	19	151	22	153	26	154	31	154	36	154	42	153	49	151	56	148	62	144	67	139	71	133	74	126	76	119	77	111	77	102	77	94	78	86	80	79	83	73	87	68	92	63	98	57	103	51	107	46	110	42	112	39	113	37	115	36	118	36	122	37	127	39	133	42	139	46	145	51	150	55	154	58	157	60	159	61	160	61	160	60	159	58	157	55	154	51	150	46	145	40	139	34	132	28	124	23	115	19	105	16	96	14	87	13	77	13	68	14	60	15	53	17	47	20	42	24	38	27	35	30	33	32	32	33	31	33	31	