0:
110	30.101	50	9	50	8	50	6	50	4	51	2	53	1	56	1	60	2	64	4	69	7	73	11	76	16	78	21	79	27	79	34	78	42	76	50	74	57	72	63	71	69	71	76	72	82	74	87	76	91	78	94	79	96	79	98	78	99	76	101	73	104	71	108	70	111	70	113	71	114	73	114	76	113	80	112	85	110	90	107	95	103	99	98	102	92	105	87	108	83	112	80	116	78	120	77	125	77	129	78	132	80	135	83	137	87	138	92	138	98	137	105	135	113	132	121	128	129	123	136	117	142	110	147	102	151	93	154	83	156	73	157	64	157	56	156	49	154	43	151	37	147	31	143	26	138	22	132	19	125	17	117	16	108	16	98	17	88	19	79	22	71	26	63	31	56	37	50	44	43	52	35	60	28	69	22	77	17	84	13	90	10	95	8	99	7	102	7	104	8	105	10	105	13	104	15	102	17	99	19	95	21	90	22	84	22	77	21	71	19	65	17	60	15	56	14	53	12	51	10	50	9	50	9	
1:
80	51.607	28	32	28	31	27	29	25	26	22	24	20	23	18	22	16	22	13	23	11	25	8	28	6	32	5	37	5	43	6	50	8	58	9	67	10	76	12	84	13	91	13	97	12	102	10	106	8	109	7	113	7	118	8	123	10	127	13	130	17	132	22	133	28	133	35	132	43	130	52	127	62	125	72	124	82	124	91	124	100	123	108	123	115	122	121	120	126	117	130	113	133	108	135	102	136	95	136	87	136	80	135	73	133	67	130	62	126	58	121	54	116	50	112	45	109	41	107	36	106	32	106	29	106	27	105	26	103	26	100	27	97	29	94	32	90	34	85	35	79	37	72	40	64	42	56	43	49	43	43	42	38	40	34	37	31	35	29	33	28	32	28	32	
2:
107	127.346	123	99	122	98	120	96	117	93	113	91	108	90	102	89	95	89	89	90	84	90	80	89	77	87	74	85	72	83	71	81	71	78	72	74	74	69	77	63	79	56	81	48	82	40	82	32	83	25	84	19	86	14	89	10	93	7	98	5	103	4	107	4	110	5	112	7	113	10	113	14	112	18	110	22	107	25	103	27	98	28	93	28	87	27	80	25	72	22	65	20	59	19	54	19	50	18	47	18	45	17	44	15	44	12	45	8	45	5	44	3	42	2	39	2	35	3	31	5	26	8	22	11	19	15	16	20	14	24	13	28	13	32	14	37	16	43	19	50	23	58	26	65	28	71	30	76	31	80	31	85	30	89	28	92	25	94	21	95	16	95	12	94	9	92	6	91	4	91	3	90	3	88	4	85	6	81	9	77	13	74	18	72	24	71	31	70	39	70	48	71	58	73	68	76	78	80	87	84	95	89	102	93	108	96	113	98	117	99	120	100	122	100	123	99	123	99	
3:
109	21.314	136	121	135	122	133	124	130	125	126	125	121	125	117	124	114	123	112	121	111	119	111	118	112	118	112	119	111	121	109	124	106	127	102	129	97	130	93	131	89	131	86	130	84	128	83	125	83	121	83	116	83	110	82	103	80	96	77	89	73	83	68	78	62	73	56	68	51	63	47	59	44	56	42	53	41	49	41	45	42	40	44	36	47	31	49	25	50	20	51	16	51	13	50	11	48	8	45	6	41	4	36	3	31	2	27	2	24	3	22	5	21	8	21	11	22	14	24	16	27	19	31	23	36	26	42	28	49	29	56	29	63	28	69	26	74	23	78	21	81	20	83	20	84	20	84	21	83	23	81	26	78	30	74	35	69	41	63	46	56	50	50	55	45	60	41	66	36	73	32	81	29	90	27	100	26	110	26	119	27	127	29	134	32	140	36	145	41	149	47	152	54	154	62	155	71	155	81	154	91	152	100	149	108	145	115	140	121	135	126	131	130	127	133	124	135	122	136	121	136	121	
4:
103	34.298	23	76	24	77	26	79	29	81	33	84	37	88	40	93	42	98	43	103	45	107	48	110	52	112	57	113	61	113	65	112	68	110	71	107	73	103	76	100	78	98	80	97	83	97	85	98	86	100	86	103	85	107	85	112	86	118	87	123	89	127	92	130	96	132	101	133	107	133	112	132	116	130	119	127	121	123	122	118	122	112	122	105	122	97	121	90	119	84	116	79	112	74	107	70	101	67	94	65	88	64	83	64	79	64	76	63	74	61	73	58	73	54	74	49	76	43	79	37	83	32	86	28	90	24	95	21	99	19	103	18	106	18	108	19	111	21	114	24	116	27	117	30	118	32	118	33	117	33	115	32	112	30	108	27	105	23	101	18	96	14	91	10	86	6	82	3	79	1	76	0	72	0	67	1	63	3	60	6	56	10	51	15	45	21	40	28	36	35	32	43	28	50	25	56	23	61	22	66	21	70	21	73	22	75	23	76	23	76	
5:
96	1.05	17	29	18	29	19	28	20	28	20	27	19	26	17	26	14	25	10	25	6	26	3	28	1	30	0	33	0	37	1	42	3	47	6	53	10	58	15	62	21	66	27	71	34	77	42	82	51	86	60	89	68	91	75	92	81	92	86	91	90	89	93	87	95	86	97	85	98	85	100	86	101	88	101	89	100	89	98	88	95	86	91	83	88	79	86	74	85	68	85	61	86	53	88	46	91	40	94	35	97	31	101	28	104	26	108	25	112	25	117	26	123	28	128	31	132	35	135	40	137	46	138	53	140	61	141	69	142	78	142	88	141	97	139	105	136	112	132	118	127	124	121	129	114	133	106	136	97	138	87	139	77	139	68	138	59	136	49	133	40	129	32	124	25	118	19	111	14	103	10	94	7	84	5	74	4	65	4	57	5	50	6	44	8	39	11	35	14	32	16	30	17	29	17	29	
6:
108	34.788	133	17	134	18	135	20	136	23	136	27	135	32	133	38	130	45	126	51	121	56	115	60	109	63	102	66	94	68	86	69	77	69	67	69	57	69	48	70	40	72	33	75	27	79	21	84	15	90	10	97	6	104	3	110	1	116	0	122	0	127	0	131	1	134	3	136	6	137	9	137	12	136	14	134	17	131	21	128	25	126	30	125	35	125	41	126	47	128	52	131	56	133	60	134	63	134	65	133	66	131	66	128	66	124	65	119	64	113	62	106	59	98	55	90	50	81	46	71	43	60	41	50	40	41	40	33	41	26	43	20	46	15	50	11	55	8	59	6	62	5	64	4	65	4	65	3	64	1	62	0	59	-1	55	-3	50	-5	44	-6	38	-6	32	-5	27	-3	23	-2	20	0	18	3	17	6	17	10	18	13	20	17	23	20	27	22	32	23	38	24	45	26	53	28	62	29	72	31	82	32	91	32	99	31	106	29	112	27	118	25	123	23	127	20	130	18	132	17	133	17	133	17	
7:
111	91.735	28	17	27	16	26	14	24	11	23	8	23	5	24	3	26	2	29	2	33	3	38	5	44	7	51	9	59	10	67	10	74	11	80	12	85	14	89	17	92	21	94	25	95	29	95	34	94	38	92	41	91	43	90	44	90	46	91	49	93	51	96	52	100	54	105	56	111	59	116	63	122	68	127	74	131	80	134	86	136	91	137	97	137	102	136	106	134	110	132	114	131	119	130	125	129	130	127	134	124	137	121	139	119	140	116	140	113	139	109	137	104	134	99	130	93	125	86	119	78	112	71	104	65	95	60	86	56	78	51	71	47	65	44	60	42	56	41	53	41	51	42	50	44	50	47	51	51	53	54	56	56	60	57	65	57	71	56	78	54	86	51	95	47	103	42	110	36	116	29	121	21	125	14	128	7	130	1	131	-4	131	-9	130	-13	128	-16	125	-18	121	-20	116	-21	110	-21	103	-20	95	-18	86	-15	76	-11	67	-6	59	0	52	5	45	9	38	13	32	18	27	22	23	25	20	27	18	28	17	28	17	
8:
98	25.635	110	104	111	105	113	107	116	109	120	110	125	111	129	111	132	110	134	108	136	105	137	101	137	96	136	90	135	84	133	79	130	75	126	72	121	70	115	69	110	69	106	69	102	69	99	69	97	68	96	66	96	63	97	59	99	55	102	50	104	44	107	39	109	35	110	32	110	29	109	27	107	26	106	26	106	27	107	28	109	30	112	33	116	37	120	40	124	42	128	43	132	43	137	42	141	40	144	37	146	33	147	28	147	22	146	16	144	11	141	7	137	4	132	2	126	1	119	1	111	2	102	4	94	7	85	11	76	16	67	21	59	26	51	30	44	33	38	35	31	36	24	36	18	35	13	35	9	35	6	36	4	38	3	40	3	43	4	46	6	50	9	55	13	60	18	64	24	69	31	74	39	80	48	85	58	91	67	96	75	100	82	103	89	105	95	106	100	106	104	105	107	104	109	104	110	104	110	104	
9:
79	6.023	91	8	90	7	88	6	87	5	85	5	83	6	82	8	80	10	77	13	73	17	70	22	67	28	65	35	64	42	64	48	64	53	65	57	66	60	66	62	65	63	63	63	60	62	57	60	54	57	51	53	47	50	43	48	38	47	33	47	29	48	26	49	24	51	23	54	23	58	24	62	26	67	27	73	27	80	26	88	24	95	21	101	18	107	15	113	13	118	12	122	12	126	13	129	15	131	18	132	22	132	27	131	33	129	40	126	47	122	55	118	64	114	74	110	83	105	91	99	98	92	104	84	109	75	114	65	118	56	121	48	123	41	124	35	124	30	123	26	121	23	118	21	115	20	111	20	106	19	101	17	97	14	94	11	92	9	91	8	91	8	
10:
90	1.48	123	40	124	39	126	37	128	36	131	36	134	37	136	39	137	42	137	46	136	50	134	55	131	61	127	66	122	70	117	73	112	75	108	76	105	76	103	75	101	73	100	71	100	70	101	70	101	71	102	73	103	76	105	80	106	83	106	86	105	88	103	89	100	89	96	88	91	86	87	83	84	79	82	74	81	68	81	62	82	56	84	51	87	47	90	44	92	41	93	39	93	36	92	32	90	28	87	24	83	21	78	19	74	18	69	18	63	19	58	21	54	24	50	28	47	33	45	39	44	46	44	54	43	63	41	73	38	82	36	90	34	97	33	103	33	108	34	112	36	115	38	117	41	118	44	118	47	117	51	115	56	112	62	108	69	103	77	97	86	91	94	84	101	76	107	68	112	61	116	55	119	50	121	46	122	43	123	41	123	40	123	40	
11:
110	46.569	79	113	78	112	77	110	77	107	78	103	80	98	81	94	83	90	86	86	90	82	95	79	101	77	108	75	114	74	119	74	123	75	126	77	128	80	129	82	129	83	128	83	126	82	123	80	119	78	114	77	108	76	101	76	93	77	84	78	74	78	65	79	56	79	48	78	41	78	34	78	28	78	23	77	19	75	16	72	14	68	13	63	13	57	14	50	16	43	17	37	19	32	20	28	20	25	19	23	17	22	14	21	10	20	6	18	3	15	1	11	0	7	0	4	1	2	3	1	6	1	10	2	15	4	19	7	24	11	30	15	35	18	39	20	44	21	49	21	53	20	56	18	59	15	61	11	62	8	62	6	61	5	59	5	56	6	52	8	47	11	41	15	34	20	26	26	18	32	11	39	5	47	0	56	-4	66	-7	77	-9	87	-10	96	-10	104	-9	111	-7	117	-4	122	0	126	5	130	11	133	18	135	26	136	35	136	43	135	51	133	58	130	64	127	69	123	73	119	76	116	78	114	79	113	79	113	
12:
101	47.311	118	11	119	12	121	14	124	17	127	20	129	23	130	25	130	26	129	26	127	25	124	23	120	21	115	18	109	14	102	10	94	7	85	5	76	4	67	3	59	3	52	4	46	6	41	9	37	12	34	16	32	21	31	27	31	33	31	38	31	43	30	47	29	50	27	52	24	53	20	53	15	52	9	50	2	49	-4	49	-9	50	-13	52	-16	55	-18	59	-19	64	-19	70	-18	77	-16	85	-13	92	-9	99	-4	105	2	110	9	114	17	117	26	119	36	120	46	120	55	120	63	120	70	120	76	121	81	122	85	124	88	126	90	127	91	127	91	126	90	124	88	121	85	117	81	114	78	110	76	105	75	100	75	96	76	93	78	91	80	90	82	90	83	91	83	91	82	91	80	90	78	88	75	85	72	82	70	78	69	73	69	68	70	64	72	61	75	57	79	52	84	46	90	39	97	32	103	26	108	21	112	17	115	14	117	12	118	11	118	11	
13:
87	8.443	10	44	11	45	13	47	16	50	20	52	25	53	30	53	35	53	39	52	42	50	44	47	46	44	48	42	51	41	54	41	56	42	57	43	58	45	59	48	61	50	64	51	68	51	72	50	75	48	77	45	78	41	78	36	77	31	75	27	72	24	68	20	63	16	57	12	51	8	46	5	42	2	39	0	37	-1	36	-1	36	0	37	2	39	5	42	8	46	10	51	12	57	14	64	16	72	18	81	19	89	20	97	20	104	20	110	20	115	21	119	23	122	26	124	30	125	35	125	41	124	48	123	55	122	62	122	70	121	78	119	85	116	91	112	96	109	100	106	103	103	105	99	106	94	106	88	105	81	103	74	100	67	96	60	91	52	85	44	78	37	71	31	65	25	59	20	54	16	50	13	47	11	45	10	44	10	44	
14:
111	58.043	129	90	130	91	131	93	131	96	132	100	132	105	132	111	133	116	133	120	132	123	130	126	128	128	127	129	126	129	124	128	122	126	119	123	115	120	110	116	104	112	97	109	89	107	82	106	76	106	70	107	65	109	59	112	54	115	50	119	47	122	45	124	44	125	43	125	41	124	39	122	38	119	38	115	39	110	41	104	43	97	46	90	50	84	55	77	61	71	66	64	70	56	73	48	75	41	77	35	79	29	82	22	86	16	91	11	97	7	103	4	109	2	114	1	118	1	123	2	127	4	130	7	132	11	133	16	133	22	133	29	132	35	131	40	129	44	126	47	122	49	117	50	111	50	104	49	96	47	87	44	77	40	66	37	56	35	46	34	37	33	29	33	22	34	16	36	11	39	7	43	4	48	2	54	1	61	1	69	2	76	4	82	7	87	11	91	16	94	22	96	29	97	36	97	44	96	53	95	63	94	74	93	84	91	93	90	101	89	108	88	114	87	119	87	123	87	126	88	128	89	129	90	129	90	
15:
112	137.641	117	64	116	65	115	67	113	70	110	72	108	73	107	73	107	73	108	72	110	70	113	67	115	63	116	59	116	54	115	48	113	43	110	39	106	34	101	29	95	25	89	22	84	20	80	18	77	15	75	13	74	12	74	11	75	11	77	12	79	14	80	17	81	21	81	26	80	32	78	39	76	47	75	56	75	66	75	75	76	84	77	92	78	99	80	105	83	110	87	114	92	117	98	119	103	120	107	121	110	123	112	125	113	128	113	130	112	132	110	133	107	134	103	136	98	138	92	139	85	139	77	138	68	136	59	134	51	131	44	127	38	123	33	120	29	116	26	113	24	110	23	108	23	107	23	107	24	108	25	110	25	112	24	115	22	118	20	120	17	121	13	121	8	120	3	118	-1	115	-4	111	-6	106	-9	100	-11	93	-12	85	-12	76	-11	68	-9	60	-6	53	-2	47	3	42	9	38	16	34	24	31	32	29	41	28	51	28	62	29	72	31	81	34	89	38	96	43	102	49	107	54	111	58	114	61	116	63	117	64	117	64	
16:
103	83.641	96	40	97	41	99	43	102	46	106	48	111	49	116	50	120	50	123	49	125	47	126	45	127	42	127	38	126	33	124	29	121	25	117	22	112	20	106	19	99	19	91	20	84	22	78	25	71	28	65	30	60	33	56	36	53	39	51	42	50	44	50	45	50	45	51	44	51	42	50	39	48	35	45	31	41	28	36	25	31	23	27	22	24	22	22	23	21	25	19	28	18	32	18	37	18	43	18	50	17	58	17	67	18	77	19	86	19	94	20	102	22	109	25	115	28	120	30	124	31	127	31	129	30	130	28	131	25	131	21	130	16	129	12	129	9	130	7	132	6	135	6	139	7	144	9	148	12	151	16	153	21	154	27	155	34	155	42	154	51	152	61	149	71	145	80	140	89	135	97	131	104	126	110	121	115	116	119	111	122	105	124	99	125	92	125	85	124	77	122	69	119	62	115	56	111	51	106	47	102	44	99	42	97	41	96	40	96	40	
17:
98	7.986	57	20	58	21	60	23	63	26	66	29	68	32	69	35	69	37	68	38	66	38	63	37	59	37	54	38	48	38	42	38	35	38	29	38	24	39	20	41	17	44	15	48	14	53	14	59	15	66	17	73	20	81	22	88	23	94	24	99	25	103	27	106	30	108	34	110	39	112	44	115	50	118	57	120	63	121	70	121	77	120	83	118	88	115	92	111	95	106	97	100	98	94	98	87	98	79	99	71	100	63	100	56	99	50	99	45	100	41	101	38	102	36	104	35	105	35	105	36	104	38	102	41	99	44	97	48	96	53	94	59	91	66	87	74	82	83	76	92	69	100	61	107	52	113	42	118	33	122	25	125	18	127	12	128	7	128	3	127	0	125	-2	122	-3	118	-3	113	-2	107	0	100	3	92	7	83	11	73	16	64	22	56	29	48	36	41	42	35	47	30	51	26	54	23	56	21	57	20	57	20	
18:
87	10.553	126	117	125	118	123	120	120	123	116	127	111	130	105	132	99	133	93	133	88	132	84	130	81	127	79	123	76	120	72	117	68	115	63	114	57	114	51	115	46	117	41	120	35	122	30	123	24	123	19	123	15	122	12	121	10	119	9	117	9	114	10	110	12	105	15	99	19	92	24	86	30	81	37	77	44	74	50	71	55	69	59	68	62	68	64	69	65	71	65	73	64	74	62	74	59	73	55	71	50	68	46	64	42	59	39	53	37	48	36	42	36	37	37	33	39	30	42	28	46	27	51	26	57	26	64	26	72	25	81	23	90	22	100	22	109	23	117	24	124	26	130	29	135	33	139	37	142	42	144	48	146	55	147	63	147	72	146	81	145	89	143	96	140	102	136	107	132	111	129	114	127	116	126	117	126	117	
19:
82	55.437	13	58	12	59	11	61	9	64	7	68	6	73	6	78	7	83	9	87	12	90	16	92	21	93	26	93	32	92	39	90	45	87	50	83	54	78	57	72	59	66	60	61	60	56	59	51	57	46	55	42	53	37	52	33	52	30	53	27	55	25	58	24	62	24	67	25	73	27	80	28	87	28	95	27	102	27	109	28	115	30	120	33	124	37	127	41	129	46	130	52	130	58	129	65	127	73	124	80	122	86	120	91	119	95	117	98	114	101	110	103	105	104	99	104	92	103	86	102	80	102	75	103	71	103	68	103	66	102	65	100	65	97	66	93	66	88	65	84	63	80	60	77	56	74	51	72	45	71	39	71	33	70	28	68	23	65	19	62	16	60	14	59	13	58	13	58	
20:
97	31.508	16	71	15	70	14	68	13	65	13	61	13	56	14	51	16	46	19	42	23	39	28	37	33	36	39	36	46	36	54	36	62	35	69	33	75	32	80	32	84	33	87	35	89	37	90	40	92	42	95	43	99	43	103	42	108	40	112	37	116	35	119	34	121	34	122	35	122	37	121	40	119	44	118	49	118	55	119	62	119	70	119	77	120	85	120	92	120	98	119	103	117	107	114	110	110	112	105	113	99	113	92	112	84	112	77	113	71	115	66	118	61	122	55	125	48	127	41	128	33	128	24	127	15	125	7	122	0	118	-6	113	-11	107	-15	100	-18	93	-20	85	-21	76	-21	66	-20	56	-18	47	-15	39	-11	32	-6	26	0	21	5	17	10	14	15	12	19	11	24	11	29	12	33	14	36	17	38	21	39	26	39	32	38	39	36	46	33	52	30	57	26	61	22	65	19	68	17	70	16	71	16	71	
21:
101	46.505	53	43	52	42	50	40	47	37	43	33	38	28	32	22	26	17	21	13	17	10	14	8	12	7	11	7	11	8	11	10	12	13	14	17	16	22	18	28	19	35	19	43	20	52	21	62	21	72	22	83	22	93	22	102	22	110	21	117	21	123	21	128	20	132	20	135	20	137	21	138	23	138	26	137	30	135	35	132	41	128	48	123	56	119	65	115	75	112	85	110	94	109	102	108	109	108	115	108	120	109	124	111	127	112	129	112	130	111	130	110	129	108	127	105	124	101	120	98	117	94	114	89	111	84	109	80	108	77	108	75	109	74	111	73	113	71	114	68	114	64	115	59	116	53	116	47	117	42	119	38	122	35	125	33	129	32	133	32	136	33	138	34	139	36	139	39	138	43	136	47	133	50	129	52	124	53	118	53	111	52	103	50	96	49	89	47	81	44	74	42	68	41	63	40	59	40	56	41	54	42	53	43	53	43	
22:
126	99.898	88	67	87	66	85	65	82	65	78	65	75	65	73	66	72	68	71	71	71	75	72	78	74	82	77	87	81	93	86	98	91	103	96	109	100	115	103	120	105	124	106	128	106	131	105	133	103	134	100	134	96	134	91	133	85	131	78	128	70	125	62	121	55	116	49	112	43	107	38	101	34	95	31	90	29	86	28	83	28	81	29	80	31	80	33	81	35	83	36	86	36	90	35	95	33	100	31	106	28	113	24	119	21	124	19	129	17	133	16	136	16	138	17	139	19	139	22	138	26	136	31	133	37	129	43	124	50	118	56	111	61	103	65	94	68	84	70	74	71	65	72	57	74	50	77	44	81	39	84	35	87	32	91	30	94	29	96	29	99	30	102	32	105	35	109	38	114	40	118	41	121	41	123	40	124	38	124	35	123	31	121	26	118	22	114	18	109	15	103	12	97	10	90	8	82	7	73	6	63	6	54	7	46	8	39	8	33	7	28	5	24	3	21	2	19	2	18	2	18	3	19	4	21	6	24	9	28	13	33	18	39	24	46	31	53	37	60	43	67	48	73	52	78	57	82	61	85	64	87	66	88	67	88	67	
23:
110	36.026	52	39	53	40	55	42	58	44	60	47	61	51	62	56	62	60	63	63	63	65	64	66	65	66	66	65	68	63	71	60	75	56	80	53	86	51	91	50	95	50	98	51	102	51	106	50	109	48	111	45	112	41	112	36	111	30	109	24	106	19	102	15	97	12	91	9	84	7	78	6	71	6	64	7	57	9	51	12	46	16	42	21	39	27	37	34	36	42	36	51	37	61	37	70	37	79	36	88	35	96	35	103	36	109	38	114	41	118	45	121	49	123	54	124	60	124	66	123	72	121	77	118	82	115	88	113	95	112	103	112	110	112	116	111	121	109	125	107	128	106	130	106	131	107	131	109	130	112	128	116	125	120	121	125	116	131	110	136	103	140	95	143	86	147	76	150	66	152	55	153	45	153	36	152	28	150	21	147	15	143	10	140	6	137	3	134	1	130	0	125	0	119	1	112	3	105	6	97	10	88	15	80	20	72	25	65	31	59	37	54	42	49	46	45	49	42	51	40	52	39	52	39	
24:
102	8.743	74	24	75	23	77	21	79	20	80	18	80	15	79	12	78	10	77	9	77	9	78	10	80	11	83	13	86	16	90	20	93	25	95	31	96	38	96	46	96	55	95	63	95	70	96	76	98	81	101	85	105	88	110	90	116	91	121	91	125	90	129	88	132	85	134	81	135	77	135	74	134	71	132	69	129	68	125	68	120	69	114	71	107	74	100	78	92	83	83	88	75	93	68	97	62	100	56	103	50	105	45	106	41	106	38	105	36	103	35	100	35	96	36	91	38	85	40	80	42	76	44	72	47	69	51	67	54	66	58	66	63	67	69	69	76	72	83	76	89	81	94	87	98	94	101	102	103	109	104	115	104	120	103	124	102	128	100	131	97	133	93	134	88	134	82	133	75	131	69	128	64	124	60	119	57	113	55	106	54	98	54	89	55	79	57	69	60	60	64	52	68	45	71	39	73	34	74	30	75	27	75	25	74	24	74	24	
25:
101	4.784	107	130	106	131	104	133	101	136	97	139	92	142	86	144	80	145	75	145	70	144	66	142	63	139	61	136	60	132	60	127	59	121	57	115	56	108	54	102	53	97	53	93	54	90	56	87	58	83	59	79	59	75	58	70	56	64	53	59	49	54	45	50	41	45	38	39	36	34	35	30	35	27	36	25	38	24	41	24	43	25	44	27	44	30	43	34	41	39	38	45	34	52	30	60	25	68	21	76	18	83	14	89	11	94	9	98	8	101	8	103	9	104	11	104	14	103	18	101	23	99	29	96	36	92	44	87	53	81	63	74	72	67	82	59	92	50	101	41	109	33	116	26	122	20	127	15	131	11	134	8	136	5	137	3	137	2	136	2	134	3	131	5	127	8	124	12	121	17	119	23	118	30	118	38	119	47	120	56	120	65	120	75	120	85	120	94	119	102	118	109	117	115	115	120	113	124	110	127	108	129	107	130	107	130	
26:
101	2.848	45	78	46	78	48	77	51	77	54	76	58	76	63	76	68	77	72	78	75	80	77	83	78	87	78	91	77	96	75	100	72	103	68	105	63	106	57	106	50	106	44	107	38	109	31	112	25	115	20	117	16	119	13	120	11	122	10	124	10	125	11	126	13	126	16	126	20	126	25	127	29	128	33	130	36	132	38	134	39	135	39	135	38	134	36	132	33	129	29	125	24	120	19	114	14	107	10	99	7	90	5	81	4	71	4	60	5	50	6	41	8	33	11	25	15	18	20	12	26	7	33	3	41	0	50	-2	60	-3	71	-3	82	-2	92	0	101	3	109	7	116	12	122	18	127	25	132	33	136	42	139	51	141	60	142	70	142	80	141	89	140	97	139	104	139	110	138	115	136	119	133	122	129	124	124	125	118	125	111	124	103	122	94	119	86	115	79	110	73	105	66	99	60	93	55	88	51	84	48	81	46	79	45	78	45	78	
27:
119	75.794	2	59	1	60	1	62	2	65	4	69	5	73	5	76	4	78	3	79	3	79	3	78	3	76	4	73	6	69	9	64	13	59	17	55	22	51	27	48	31	46	36	45	40	45	43	46	45	48	48	51	52	55	57	58	62	60	67	61	71	61	74	60	76	58	77	55	77	51	76	46	74	40	71	34	68	28	64	22	59	16	54	11	49	7	44	4	40	2	37	1	35	1	34	2	34	4	35	5	37	6	40	6	44	5	49	3	55	0	62	-3	70	-6	79	-8	87	-9	96	-9	104	-9	111	-10	117	-11	122	-11	126	-10	129	-8	131	-6	132	-3	132	1	131	6	129	12	126	19	122	26	117	34	111	43	104	53	98	63	93	72	89	80	86	87	84	93	83	98	82	102	82	105	83	107	85	108	88	108	92	109	96	111	99	114	101	118	102	123	102	129	101	135	99	141	96	146	92	150	87	153	81	155	74	156	66	156	57	155	47	153	37	150	28	146	20	141	13	135	7	128	2	120	-2	111	-5	102	-7	94	-8	87	-8	80	-7	74	-6	69	-4	65	-1	62	1	60	2	59	2	59	
28:
72	1.042	34	64	33	65	31	67	28	69	24	71	19	74	13	78	8	83	4	89	1	96	-1	104	-2	112	-2	119	-1	125	1	130	4	134	7	137	11	139	16	140	22	140	29	139	37	137	46	134	56	130	67	125	77	121	86	118	94	115	102	113	109	111	115	108	120	105	124	103	127	100	129	96	130	92	130	89	129	85	127	81	124	76	121	70	118	65	116	59	114	52	113	44	113	37	114	31	116	25	118	20	119	16	120	13	120	9	119	6	117	4	114	3	110	3	105	4	99	6	93	9	86	12	78	16	71	21	65	27	60	34	54	40	49	45	44	49	40	54	37	58	35	61	34	63	34	64	34	64	
29:
100	22.798	40	94	41	93	43	91	46	89	50	86	55	83	61	81	66	80	70	78	75	75	79	71	82	66	84	60	85	53	86	45	87	37	89	29	91	22	94	16	97	11	101	7	106	4	110	2	113	1	115	1	116	2	116	4	115	6	113	9	110	11	106	12	101	13	95	15	88	17	80	19	71	20	63	20	56	19	50	17	45	14	41	11	38	8	36	5	34	3	31	2	27	2	22	3	16	5	10	8	5	12	1	17	-2	23	-4	30	-5	38	-5	47	-4	57	-2	67	1	76	5	84	10	91	16	97	23	102	31	106	40	110	50	114	60	119	69	125	77	130	84	134	90	137	95	139	101	140	107	140	114	139	120	137	125	134	129	130	132	125	134	119	135	112	135	104	134	96	132	89	129	83	125	78	120	74	114	71	107	69	99	68	90	68	81	69	73	70	66	72	60	75	55	79	50	84	46	88	43	91	41	93	40	94	40	94	
30:
93	131.207	26	125	27	125	29	125	32	126	36	127	40	129	45	131	49	134	52	136	54	138	57	139	60	139	62	138	63	136	64	133	64	129	63	124	62	118	60	112	57	107	53	103	50	99	48	96	47	94	47	93	48	93	50	93	53	94	57	95	62	95	68	94	74	92	79	89	84	85	89	80	94	74	99	67	103	60	106	53	108	45	109	37	110	30	111	24	113	19	115	15	118	12	122	10	126	9	129	8	132	7	134	7	135	8	135	10	134	11	132	11	129	10	125	8	120	5	114	2	107	0	99	-1	90	-2	80	-2	69	-1	59	-1	50	0	42	1	35	1	29	0	24	0	20	1	16	3	13	6	11	10	10	13	10	17	11	22	13	28	16	35	20	43	24	51	27	60	29	70	30	80	30	89	29	97	27	104	25	110	24	115	24	119	24	122	25	124	26	125	26	125	
31:
92	11.473	63	30	64	29	64	27	63	24	63	20	63	15	62	10	62	5	63	1	65	-2	68	-5	72	-7	76	-8	81	-8	87	-7	92	-6	96	-4	99	-1	101	3	102	8	102	14	102	21	102	29	102	37	101	45	99	54	96	62	92	69	88	75	83	80	77	84	70	87	64	89	58	90	52	90	47	89	43	88	40	87	38	87	37	88	37	90	36	92	34	93	32	93	29	92	25	90	21	87	17	84	14	81	12	79	11	78	11	78	12	79	14	80	17	82	21	85	26	89	32	94	39	100	47	106	56	111	66	115	77	118	88	120	98	121	107	122	115	123	122	123	128	123	133	123	137	122	140	120	142	117	143	115	143	113	142	110	140	106	137	101	133	95	128	88	122	80	115	71	107	63	99	56	91	50	84	45	78	41	73	37	69	34	66	32	64	31	63	30	63	30	
32:
132	78.495	135	74	135	75	135	77	134	80	132	82	129	83	125	83	120	82	114	80	109	77	105	73	102	68	100	63	99	59	99	56	100	54	102	52	104	50	105	49	105	47	104	45	102	44	99	43	95	41	91	38	88	34	86	29	85	25	84	22	84	20	85	17	87	14	90	10	94	7	99	5	105	4	112	4	118	4	123	5	127	7	130	10	132	14	133	19	133	25	132	32	130	38	127	43	123	47	118	50	112	52	105	53	97	53	88	52	78	50	67	47	57	43	48	38	39	33	31	29	24	24	18	19	13	15	8	12	4	10	1	9	-2	9	-5	10	-7	12	-8	15	-8	19	-7	24	-5	30	-2	37	2	45	7	54	13	63	18	71	24	78	30	84	36	89	41	93	45	96	48	98	50	99	51	99	52	98	54	97	57	97	59	98	62	100	65	103	67	107	68	112	68	117	67	121	65	124	62	128	58	131	53	133	47	134	40	134	32	133	25	131	19	130	14	130	10	131	7	131	5	130	4	128	4	127	5	125	7	123	10	120	14	116	19	111	25	105	32	98	40	92	49	87	59	83	70	79	80	76	90	74	99	73	107	73	114	74	120	74	125	73	129	73	132	74	134	74	135	74	135	74	
33:
95	3.027	31	84	30	85	28	87	25	90	22	93	19	96	16	98	12	99	9	99	6	98	4	97	3	95	3	92	4	88	5	84	7	81	9	79	10	78	10	78	9	79	7	81	4	84	0	88	-3	93	-5	99	-6	106	-6	112	-5	117	-3	121	-1	124	2	126	6	127	11	127	17	126	24	124	32	121	41	117	50	113	58	110	65	107	71	105	76	104	80	104	83	104	85	105	88	105	90	104	93	102	96	99	98	95	101	91	105	88	110	86	116	85	122	85	127	86	131	88	134	90	136	91	137	91	137	90	136	88	134	86	131	84	127	82	123	79	118	75	112	71	106	66	101	60	95	54	90	48	86	43	83	39	81	35	80	31	80	28	81	26	83	25	84	25	84	26	83	28	81	31	78	34	74	38	70	43	65	49	59	56	52	63	46	69	41	74	37	78	34	81	32	83	31	84	31	84	
34:
88	26.328	67	60	66	60	64	60	62	59	61	59	61	60	62	60	64	61	67	61	70	62	74	64	77	67	79	70	80	72	82	73	85	73	89	72	93	71	97	69	102	68	106	68	109	69	111	71	112	74	112	78	111	83	110	88	108	94	105	100	101	105	96	109	90	112	83	115	77	117	70	118	64	118	59	117	55	117	52	118	50	120	49	123	48	126	48	128	49	129	51	129	54	128	57	126	61	123	66	119	70	114	73	108	75	101	76	93	76	84	75	74	73	63	71	53	70	44	69	36	67	29	64	23	62	18	61	13	59	9	56	6	52	4	47	2	41	1	36	1	31	2	27	4	24	7	22	10	21	12	21	13	22	15	24	18	27	22	31	27	36	32	42	37	48	43	53	48	57	52	61	55	64	57	66	59	67	60	67	60	
35:
104	1.448	6	81	7	81	9	80	11	78	12	75	12	71	13	67	13	64	13	62	13	61	14	61	16	62	19	64	23	66	27	67	31	68	35	68	38	67	40	65	42	63	43	61	43	60	42	60	40	61	37	63	35	66	34	70	34	75	35	81	37	87	40	92	43	96	47	99	52	101	58	102	64	102	70	101	77	99	84	96	90	92	95	88	99	85	102	83	104	82	105	82	105	83	106	85	108	88	110	92	113	96	117	100	122	105	127	109	131	112	134	116	136	120	137	124	137	129	136	133	134	136	131	138	127	139	123	139	120	138	118	136	117	133	117	129	118	124	120	118	123	111	127	103	131	94	134	84	136	73	137	62	137	52	136	43	134	35	131	28	127	21	122	15	116	10	109	6	101	3	92	1	82	0	72	0	62	1	52	3	43	6	35	10	28	15	21	21	15	28	10	36	6	45	3	53	1	60	0	66	0	71	1	75	3	78	5	80	6	81	6	81	
36:
84	11.359	54	89	55	88	57	86	60	83	64	81	68	79	73	78	78	78	82	79	85	81	88	84	91	87	93	91	94	96	94	102	94	109	95	116	96	122	96	127	96	132	95	136	93	139	90	141	86	142	82	142	77	141	73	139	70	137	68	135	67	132	67	128	66	123	64	118	61	112	57	107	52	101	47	96	42	91	36	87	31	82	27	77	24	73	22	70	21	68	21	67	22	66	24	65	27	63	30	60	34	56	39	51	45	46	52	42	60	39	69	37	79	36	89	36	98	37	106	39	113	42	119	46	124	51	128	57	131	63	133	68	134	72	134	76	133	81	131	85	128	88	124	90	119	91	113	91	106	90	98	89	90	88	82	88	75	89	69	89	64	90	60	90	57	89	55	89	54	89	54	89	
37:
95	11.886	119	94	120	93	121	91	123	88	125	84	128	79	131	74	133	70	134	66	134	63	133	61	131	60	128	59	124	58	120	56	116	53	113	49	111	45	110	41	110	36	109	32	107	29	104	26	100	23	95	21	89	20	84	20	79	19	75	19	72	18	70	16	69	13	69	9	70	6	72	4	75	2	79	1	84	1	90	2	96	3	101	5	105	6	108	6	110	5	111	3	111	2	110	0	108	-1	105	-1	101	0	96	2	90	5	83	9	75	14	66	20	57	27	49	33	42	38	36	42	30	45	25	47	21	48	18	48	16	48	15	49	15	51	16	53	18	56	21	60	25	65	30	70	36	75	43	80	50	86	57	93	65	100	74	107	83	113	92	118	100	122	107	125	113	127	118	128	122	128	125	127	127	125	128	122	128	118	127	113	125	108	122	104	120	100	119	97	119	95	119	94	119	94	
38:
110	2.245	47	56	48	55	50	54	52	52	55	50	59	49	62	47	64	46	65	46	65	47	64	48	62	48	59	47	55	45	51	42	48	38	46	33	45	28	45	22	46	17	48	13	51	9	55	6	60	4	65	3	71	2	77	2	82	3	86	5	89	8	91	12	92	17	94	23	95	29	97	34	99	38	102	41	106	43	110	44	114	44	117	43	119	41	120	38	121	34	122	29	122	23	122	17	123	12	124	8	126	5	129	3	133	2	137	2	140	3	144	5	149	8	153	12	156	17	158	23	159	30	159	38	158	46	156	53	154	59	152	64	149	68	145	71	140	73	134	74	129	74	124	73	119	72	113	70	108	69	103	69	99	70	96	72	94	75	93	79	93	84	94	90	96	97	98	105	99	113	100	120	102	126	103	131	103	135	102	138	100	140	97	141	93	141	88	140	83	138	77	135	70	131	64	127	58	122	53	116	48	109	44	101	41	92	39	84	38	77	38	71	39	66	41	62	44	59	46	57	47	56	47	56	
39:
98	25.639	17	67	16	66	14	64	12	61	10	57	9	52	9	46	9	41	10	37	12	34	15	32	19	31	24	31	30	31	37	32	45	34	54	36	62	38	69	39	76	39	82	39	87	38	91	36	94	33	96	29	97	25	98	21	100	18	103	16	105	15	108	15	112	16	116	18	120	21	123	24	125	27	126	29	126	30	127	30	129	29	130	27	130	24	131	22	132	20	134	19	135	19	135	20	134	22	132	25	129	29	125	34	121	40	116	47	111	54	105	62	98	69	92	75	86	81	81	86	77	92	74	99	72	107	71	114	71	120	72	125	74	129	77	132	81	134	84	135	86	135	87	134	87	134	86	135	84	137	81	140	77	143	72	145	66	146	59	146	53	145	46	145	38	144	31	142	25	139	20	135	15	130	11	124	8	117	6	109	5	101	5	94	5	88	6	82	8	77	11	73	14	70	16	68	17	67	17	67	
40:
96	3.465	67	27	66	28	64	30	61	32	59	33	57	33	56	32	56	30	57	27	58	23	59	18	59	14	58	11	56	9	53	6	49	3	44	1	39	0	34	0	30	1	26	3	23	6	21	10	20	14	20	18	21	22	23	26	26	29	28	31	29	32	29	32	28	31	26	29	23	28	19	26	14	25	9	23	5	20	2	16	0	13	-1	11	-1	9	0	6	2	4	5	3	8	3	12	4	17	6	23	9	30	13	37	18	43	24	48	31	52	39	56	48	59	58	61	69	62	80	62	90	61	99	59	107	58	114	58	120	59	125	61	129	64	132	68	134	73	135	79	135	86	134	93	132	100	129	106	126	111	123	115	119	120	114	124	108	127	101	129	93	130	84	130	74	129	65	127	57	124	50	120	44	115	38	109	33	102	29	95	26	88	24	82	23	77	23	73	23	70	24	68	26	67	27	67	27	
41:
101	7.389	79	126	78	125	76	123	74	120	73	116	72	111	72	107	73	104	75	102	77	100	80	99	82	99	83	98	83	96	82	94	80	91	77	87	73	84	69	82	64	81	58	81	52	82	47	84	43	87	39	89	36	92	34	95	33	97	33	98	34	99	36	99	39	99	43	99	48	98	54	96	61	93	68	89	76	84	83	80	89	76	94	71	98	65	101	58	103	52	104	47	104	43	105	40	106	38	108	37	111	37	115	38	118	40	121	43	125	47	129	52	132	56	134	59	135	61	135	62	134	62	134	61	133	59	131	56	128	52	124	47	119	41	113	34	106	26	100	18	94	11	87	5	79	0	70	-4	60	-7	51	-9	43	-10	35	-11	28	-11	22	-10	17	-8	13	-5	10	-1	8	4	7	10	7	17	8	24	10	32	13	41	17	51	22	62	28	72	35	81	43	90	51	98	58	105	64	111	69	116	73	120	76	123	78	125	79	126	79	126	
42:
109	63.402	71	59	72	58	73	56	74	54	74	51	73	47	71	44	68	42	64	41	59	39	55	37	52	34	49	31	47	29	46	27	45	26	43	26	40	27	36	29	31	32	27	34	23	35	19	35	16	34	14	32	13	29	13	25	14	20	16	15	19	11	23	8	28	6	34	5	41	5	49	6	57	7	66	9	74	12	81	15	88	19	94	24	99	30	103	35	106	41	108	47	109	52	109	56	108	59	107	61	107	62	108	62	110	61	113	59	117	56	122	52	126	47	129	42	131	38	132	35	133	33	133	32	132	32	130	33	127	35	123	38	118	42	112	46	105	51	97	57	90	62	84	66	79	71	75	77	72	82	70	86	69	89	69	92	70	94	72	97	74	100	77	102	81	104	86	107	90	111	93	116	95	122	96	127	96	131	95	134	93	136	90	137	88	137	85	136	83	134	82	131	82	127	83	122	85	116	87	110	88	103	88	95	87	87	86	80	84	74	81	69	77	65	74	62	72	60	71	59	71	59	
43:
97	1.811	50	128	51	127	53	126	56	124	60	123	65	123	70	122	74	121	77	121	80	120	82	118	83	116	83	115	82	114	80	112	77	111	73	110	68	110	62	110	55	111	48	113	42	116	36	118	31	119	27	119	24	119	22	118	20	116	19	113	19	109	20	104	22	98	25	93	29	87	34	82	40	78	47	75	55	73	64	72	74	72	84	73	93	75	101	78	108	82	114	87	119	93	123	99	126	104	128	108	129	111	129	113	128	114	126	114	123	113	120	111	118	108	117	104	117	99	118	93	119	86	119	78	119	69	118	59	116	50	115	41	115	33	116	26	118	20	121	15	123	11	125	7	128	4	131	2	133	1	136	1	138	2	139	4	140	7	140	11	139	16	137	22	134	29	130	37	125	46	119	56	112	67	104	77	95	86	86	94	78	101	71	107	65	113	60	118	56	122	53	125	51	127	50	128	50	128	
44:
91	0.397	34	63	35	64	37	65	40	65	42	64	43	62	45	59	48	55	52	50	57	46	61	43	64	41	66	40	67	40	67	41	66	43	64	46	62	50	60	55	59	61	59	67	59	74	60	82	62	89	65	95	69	101	74	106	79	110	83	113	86	117	88	121	90	126	91	131	91	135	90	138	88	140	85	141	81	141	76	140	70	139	64	137	57	134	51	130	46	125	42	119	39	112	37	104	36	96	36	88	37	81	39	75	42	70	46	64	51	59	57	55	64	52	72	50	81	49	91	49	101	50	110	52	118	55	125	57	131	58	136	58	140	57	143	55	145	52	146	48	146	43	145	37	143	32	140	28	136	24	131	21	125	19	118	18	111	18	104	19	96	21	88	24	79	28	70	33	62	39	55	45	49	50	44	54	40	57	37	60	35	62	34	63	34	63	
45:
94	153.296	80	79	81	80	83	82	85	84	86	86	87	88	87	90	86	91	84	92	81	93	79	95	78	97	78	100	79	103	81	105	84	106	88	106	93	107	98	109	104	111	111	114	118	118	124	122	129	125	133	127	136	128	138	128	139	129	139	130	138	132	136	134	133	135	129	135	124	134	118	132	111	129	103	125	94	120	86	115	79	110	73	105	68	101	63	97	59	94	56	90	54	86	53	82	53	79	53	77	54	76	56	76	57	77	57	79	56	82	54	86	51	91	47	96	42	101	36	105	29	108	23	110	18	112	14	115	11	118	9	122	8	126	8	130	8	133	9	135	9	136	8	136	7	135	5	133	2	130	0	126	-1	121	-1	115	0	108	2	100	5	93	9	87	14	82	20	78	27	75	35	73	44	72	52	72	59	73	65	74	70	76	74	77	77	77	79	78	80	79	80	79	
46:
98	80.921	111	99	110	100	108	102	105	105	103	108	101	112	100	117	100	121	101	124	103	126	104	127	106	127	107	126	107	126	106	127	104	128	101	128	97	129	93	131	88	133	83	134	78	134	74	133	71	131	69	128	68	126	68	124	68	123	67	123	65	124	62	125	58	127	53	128	47	128	41	127	34	125	28	122	23	118	18	113	14	107	10	100	7	92	5	83	4	73	4	63	5	54	7	46	9	39	12	33	16	27	21	22	26	18	31	15	37	13	43	12	50	12	58	13	67	15	75	17	82	20	88	24	93	29	97	33	100	37	102	40	103	42	103	43	104	43	106	42	108	40	110	37	111	33	112	28	114	24	117	20	121	16	126	13	132	11	137	10	142	10	146	11	149	13	151	16	152	20	152	25	151	31	149	38	146	46	144	55	141	63	137	71	132	78	126	84	121	89	117	93	114	96	112	98	111	99	111	99	
47:
86	38.104	98	40	99	39	101	37	104	34	106	30	108	25	109	21	109	16	108	11	106	7	103	4	99	2	94	1	89	1	84	2	80	4	77	7	75	11	73	16	72	21	72	25	71	28	69	30	67	31	65	31	63	30	60	28	58	25	57	22	55	18	52	15	48	13	45	12	43	12	42	13	42	15	43	18	43	22	42	25	40	27	37	28	33	28	28	27	23	25	18	24	14	23	11	23	9	24	8	26	8	29	9	33	10	38	10	44	10	51	9	59	7	68	5	77	3	86	2	94	2	102	3	109	5	115	8	120	12	124	17	127	23	129	30	130	37	130	45	129	54	127	63	124	71	120	78	115	84	109	89	102	93	94	96	85	98	76	99	68	99	61	98	55	97	50	96	46	96	43	97	41	98	40	98	40	
48:
90	35.238	130	18	129	17	127	15	124	14	120	14	115	15	110	17	104	18	97	19	91	19	86	20	82	20	79	21	77	23	76	26	75	28	74	29	74	29	73	28	71	26	69	23	66	19	63	14	59	10	54	7	49	5	43	3	38	2	33	2	29	3	26	5	24	8	23	12	22	17	22	23	23	30	25	36	28	42	31	49	33	55	34	60	34	64	33	67	31	69	28	70	24	70	19	69	15	68	11	68	8	69	5	71	3	74	2	78	2	83	3	89	5	94	8	98	12	101	16	103	21	104	27	104	34	104	42	104	50	103	57	101	63	98	70	96	78	95	87	95	97	96	107	97	116	98	124	98	131	97	137	95	142	92	146	88	149	83	151	77	152	70	152	62	151	54	149	46	147	39	144	33	140	28	136	24	133	21	131	19	130	18	130	18	
49:
116	17.122	126	105	126	104	125	102	124	99	122	95	119	91	116	87	114	83	113	80	113	78	112	77	110	77	109	78	107	80	104	83	100	87	95	92	90	98	86	104	83	111	80	117	78	122	77	126	77	130	78	133	78	135	79	136	81	136	84	135	88	133	93	130	99	126	105	121	110	115	116	108	121	100	126	91	130	81	133	71	136	62	138	54	139	47	139	41	138	36	136	32	133	29	129	27	124	26	119	26	113	27	106	29	98	32	89	36	80	40	72	43	65	46	59	48	54	49	50	49	47	48	45	46	44	43	44	39	45	34	46	29	46	24	45	20	43	17	41	15	38	14	36	14	35	15	35	15	36	14	38	12	41	9	44	6	46	4	48	3	49	3	49	4	48	6	46	9	44	13	41	18	37	24	32	30	26	36	20	42	15	48	11	53	8	57	6	60	5	62	5	65	6	69	8	74	11	80	15	87	20	95	26	102	33	108	41	113	50	117	60	120	71	122	81	123	90	123	98	122	105	120	111	118	116	115	120	111	123	108	125	106	126	105	126	105	
50:
103	52.472	103	7	102	8	101	10	101	13	102	17	102	22	103	28	105	35	107	41	108	46	108	51	107	55	105	58	102	60	98	61	94	61	90	61	87	62	84	64	81	67	77	71	72	74	66	77	60	79	53	82	47	84	41	85	36	87	32	88	29	90	27	91	26	91	26	92	27	94	29	96	32	99	36	101	41	103	47	105	54	106	62	106	71	105	80	103	88	100	96	96	104	92	111	88	117	84	122	81	126	78	129	75	131	72	132	70	132	69	131	69	129	70	128	72	128	75	129	79	131	84	133	90	135	97	136	105	136	112	135	118	133	123	130	127	126	130	121	132	115	133	108	133	100	132	91	130	81	127	71	123	62	118	54	112	47	105	41	97	36	88	32	78	28	67	25	56	23	46	22	37	22	28	23	20	25	13	28	7	32	2	37	-2	43	-5	50	-7	58	-8	67	-9	75	-9	82	-8	88	-6	93	-3	97	1	100	4	102	6	103	7	103	7	
51:
105	1.064	48	139	47	138	47	136	47	133	48	129	50	124	53	118	56	111	60	103	65	96	71	90	77	85	82	80	86	75	89	69	91	64	92	58	93	53	93	49	92	46	91	44	89	43	87	43	85	44	84	44	84	43	85	42	87	40	90	38	94	35	99	32	105	29	110	27	114	26	117	26	119	27	120	29	120	32	119	36	117	41	114	47	111	54	109	62	107	71	106	81	106	90	107	98	109	105	112	111	116	116	119	120	121	123	122	126	122	128	121	129	119	129	116	128	112	126	107	123	101	119	94	114	86	108	77	101	69	94	62	86	56	77	51	69	47	62	44	54	41	46	39	39	38	32	38	26	39	20	41	14	43	9	44	5	44	2	43	0	41	-1	38	-1	34	0	29	2	23	5	18	9	14	14	9	20	5	27	2	35	0	44	-1	54	-1	64	0	75	2	85	5	94	9	102	14	109	20	115	27	120	33	124	38	129	42	133	45	136	47	138	48	139	48	139	
52:
102	14.241	20	102	21	101	23	99	25	96	26	94	26	93	25	93	23	93	20	94	16	96	12	98	8	99	5	99	3	98	2	96	2	93	3	89	5	84	8	80	12	77	17	74	23	72	30	71	38	71	45	71	51	70	56	69	60	67	63	65	65	62	66	58	67	53	68	47	70	41	73	36	76	32	79	29	83	26	86	24	88	23	89	23	89	24	88	24	86	24	83	23	79	23	74	22	68	20	61	17	53	13	46	9	39	6	33	4	28	2	24	1	21	1	19	1	18	2	18	4	19	7	21	11	24	16	28	21	33	26	39	32	46	38	54	45	63	51	73	56	83	60	92	63	100	65	107	66	113	66	118	65	122	64	125	64	127	65	128	67	128	70	127	74	125	79	122	85	118	92	113	99	107	106	101	112	95	117	90	121	85	124	79	126	72	127	64	127	56	126	48	124	41	121	35	117	30	112	26	108	23	105	21	103	20	102	20	102	
53:
111	91.869	40	93	39	92	37	92	34	93	30	95	27	98	25	102	24	106	24	109	25	111	27	113	30	114	34	114	39	113	43	111	48	109	52	108	55	108	58	109	60	111	61	114	61	118	61	122	61	125	60	127	60	128	61	128	63	127	66	125	70	122	74	118	79	113	83	108	88	104	94	101	99	99	104	98	110	97	115	97	119	98	122	98	124	97	125	95	125	92	124	89	123	87	123	86	124	86	126	87	129	89	133	92	136	96	138	101	140	107	141	114	141	121	140	128	138	135	135	141	131	146	126	151	120	156	113	160	105	163	96	165	86	166	75	168	64	169	54	169	45	168	37	166	30	163	24	159	19	154	15	148	12	141	10	133	9	124	9	114	9	103	9	91	8	80	6	70	5	60	5	51	6	43	8	36	11	30	15	25	19	21	22	18	26	16	29	15	31	15	32	16	34	18	35	21	35	25	34	30	33	36	33	43	33	50	34	57	35	65	36	72	36	78	37	83	39	87	40	90	40	92	40	93	40	93	
54:
100	96.828	95	39	94	39	92	38	89	36	86	33	84	29	83	24	83	19	84	15	86	12	89	10	91	9	92	9	92	10	91	12	89	15	86	19	82	23	77	28	71	32	64	35	57	37	51	38	46	38	42	37	38	35	35	32	31	29	26	27	20	26	15	25	11	23	8	20	6	16	5	12	5	8	6	5	8	3	11	2	14	2	17	3	19	5	20	8	20	12	19	17	17	23	14	30	11	38	9	47	7	57	6	68	6	79	7	89	9	98	12	106	16	113	21	119	27	124	34	129	42	133	51	136	61	138	71	139	80	139	88	139	95	139	101	138	106	138	110	137	113	135	115	132	116	128	116	123	115	118	115	112	114	105	114	98	115	92	117	87	120	83	124	80	129	78	133	77	136	76	138	76	139	77	139	78	138	78	136	77	134	75	131	72	127	69	122	65	116	60	110	54	105	49	101	45	98	42	96	40	95	39	95	39	
55:
110	34.121	6	125	7	124	9	122	12	119	15	115	18	110	20	104	21	98	22	91	22	83	21	75	19	67	16	60	13	54	11	49	10	45	10	42	11	40	13	39	16	39	19	39	23	40	28	41	34	42	41	43	49	43	56	42	62	41	69	41	75	42	80	44	85	46	91	47	97	47	102	46	106	44	109	41	111	37	112	33	112	30	112	28	111	27	110	27	110	28	109	30	109	33	109	37	110	41	112	46	115	51	119	55	124	58	129	60	133	61	136	61	138	62	139	63	139	65	138	68	136	72	133	77	129	83	124	89	118	94	111	98	103	101	94	103	86	104	78	104	71	103	65	101	59	98	52	94	45	89	39	83	34	77	30	70	27	62	25	53	24	44	24	36	25	29	26	23	28	18	31	14	35	11	40	9	46	8	51	8	55	9	58	11	60	14	61	18	61	23	60	29	58	36	56	44	53	53	49	63	44	72	40	81	35	89	29	97	23	104	18	110	14	115	11	119	9	122	7	124	6	125	6	125	
56:
103	240.41	124	32	125	33	127	35	129	38	130	41	132	43	135	44	137	44	138	43	138	41	138	39	137	38	135	36	132	34	128	33	124	33	119	33	113	33	106	33	100	33	95	32	91	30	88	27	86	24	85	22	85	21	86	21	88	22	91	24	95	27	100	31	105	36	109	42	112	48	114	55	115	62	115	68	114	73	112	77	109	80	105	82	100	83	94	83	89	82	84	80	78	79	73	79	69	80	66	82	64	85	63	89	61	94	59	100	58	107	56	113	53	118	49	122	44	125	38	127	32	128	27	128	23	127	19	125	16	122	14	118	13	113	13	108	14	103	14	99	13	96	11	94	8	93	5	93	2	93	0	92	-1	90	-2	87	-4	83	-6	78	-7	72	-7	65	-6	57	-4	48	-1	39	3	31	8	24	14	18	21	13	29	9	38	6	48	4	59	3	69	3	79	4	88	6	96	9	103	13	109	17	114	22	118	26	121	29	123	31	124	32	124	32	
57:
104	21.297	91	5	91	4	92	4	94	5	97	7	100	10	102	14	103	18	103	21	102	23	100	24	97	24	93	23	88	21	82	18	75	14	68	10	62	7	55	5	48	3	42	2	37	2	33	3	30	4	28	6	27	9	27	12	28	16	30	21	33	27	37	32	42	37	47	41	51	44	54	47	56	49	57	52	57	56	56	61	54	67	51	73	47	80	44	88	42	95	41	101	41	106	42	110	44	113	47	115	49	116	50	116	50	115	49	113	47	112	44	111	40	110	35	109	30	107	24	104	19	100	15	95	12	89	10	84	9	80	9	77	9	75	8	74	6	74	3	75	0	77	-2	80	-3	84	-3	88	-2	93	0	98	3	104	7	109	12	113	18	117	25	120	32	122	40	123	49	123	58	122	66	120	75	117	83	113	90	108	96	102	101	95	105	87	108	79	110	70	111	60	111	50	110	41	108	33	106	26	104	20	101	15	97	11	94	8	92	6	91	5	91	5	
58:
93	8.488	130	111	129	110	127	109	124	107	120	104	115	102	109	99	102	96	95	94	88	93	82	92	77	90	73	87	70	84	68	81	67	77	67	72	68	68	70	65	72	61	73	57	73	53	72	50	70	48	67	47	63	47	58	48	52	50	47	53	43	57	40	62	38	67	37	73	37	80	38	86	40	91	42	96	45	100	49	103	53	105	56	106	58	107	59	109	59	110	58	112	56	113	53	114	49	114	44	113	38	113	31	112	24	110	17	107	11	105	6	102	1	98	-3	93	-6	87	-8	80	-9	72	-9	63	-9	54	-8	45	-6	37	-3	29	1	22	6	16	11	11	15	7	18	4	20	2	22	1	25	1	29	2	33	4	36	7	39	11	43	16	48	22	54	29	61	37	68	46	76	56	85	66	94	75	102	83	109	90	115	96	120	101	124	105	127	108	129	110	130	111	130	111	
59:
85	8.533	6	39	7	40	9	41	12	42	15	42	19	41	22	39	24	36	26	33	27	29	27	26	27	24	28	23	29	23	31	24	33	26	35	29	38	33	42	38	47	44	53	49	60	53	68	56	76	58	84	60	92	62	99	64	105	66	111	67	116	67	120	66	123	64	125	61	126	57	126	52	125	47	123	43	120	40	116	38	111	36	107	35	104	35	102	36	101	38	101	41	100	45	98	50	95	56	93	63	92	71	92	79	93	87	94	94	94	100	93	105	92	109	92	112	93	114	95	115	98	116	100	118	101	120	101	122	100	125	98	127	95	128	91	128	86	127	80	125	73	122	65	118	56	113	48	107	41	100	34	92	28	84	23	75	19	67	16	60	14	54	13	49	11	45	9	42	7	40	6	39	6	39	
60:
96	10.72	102	97	103	98	104	100	106	103	107	105	107	106	106	106	106	105	107	103	109	100	111	96	114	91	118	87	122	84	125	82	127	81	128	81	128	82	127	82	125	82	122	81	118	80	113	80	107	79	100	78	92	76	84	73	77	69	71	64	66	60	61	57	57	55	54	54	52	54	51	55	50	57	50	60	51	64	51	69	51	75	50	80	48	84	46	88	43	91	39	93	34	94	28	94	21	93	15	91	10	88	6	84	2	79	-1	73	-3	66	-4	59	-4	52	-3	46	-1	41	2	36	4	31	7	27	11	24	16	22	22	21	29	21	35	22	40	24	45	27	51	31	57	36	64	42	72	49	79	57	87	66	94	76	100	85	105	93	109	100	112	106	114	111	115	115	115	118	114	121	113	123	113	124	114	124	114	123	114	121	114	118	113	114	111	110	110	107	108	103	105	100	103	98	102	97	102	97	
61:
92	5.41	128	63	127	62	125	62	122	63	118	64	113	65	108	67	103	68	99	69	96	69	94	68	93	66	93	65	94	65	96	65	99	66	103	66	108	66	114	67	119	69	123	72	126	76	128	80	129	85	129	91	128	98	126	106	125	113	125	119	126	124	128	129	129	133	129	137	128	140	126	142	123	143	119	143	114	142	108	140	101	137	93	134	84	130	75	125	66	119	57	114	49	108	42	102	36	97	30	93	25	90	21	88	17	87	14	87	12	88	10	90	8	92	5	93	1	93	-2	92	-4	90	-5	87	-5	83	-4	78	-2	72	1	65	5	57	10	48	16	40	23	33	31	26	40	20	50	15	60	11	70	8	79	6	87	5	94	5	100	6	105	8	109	11	113	15	118	20	122	24	126	29	129	35	131	42	132	48	132	53	131	57	129	60	128	62	128	63	128	63	
62:
96	2.074	17	79	16	78	16	76	17	73	19	69	20	65	22	61	25	57	28	52	31	47	33	42	34	38	34	34	33	31	31	29	28	27	24	25	19	22	13	20	8	19	4	19	1	20	-1	22	-2	25	-2	29	-1	34	1	40	4	47	8	55	13	62	19	68	26	73	34	77	41	81	47	84	54	86	62	87	69	87	75	86	80	84	84	81	88	77	91	72	93	66	94	59	94	51	94	43	93	36	91	28	89	21	87	15	86	10	86	6	87	3	89	1	92	0	95	0	98	1	102	3	106	6	111	10	117	15	124	21	130	28	135	36	139	45	142	55	145	66	147	77	148	88	148	98	147	107	145	115	142	122	138	128	133	133	127	137	120	140	112	142	103	143	94	143	85	142	77	140	70	137	64	133	59	128	53	122	46	115	39	107	33	100	28	94	24	89	21	85	19	82	18	80	17	79	17	79	
63:
84	1.273	57	24	57	25	56	27	54	29	51	32	49	34	46	35	42	35	37	36	33	38	30	41	28	45	26	50	24	56	23	63	23	71	24	78	25	84	27	90	29	96	32	101	34	105	36	108	38	110	41	111	45	111	49	110	53	108	56	105	58	101	59	96	60	90	61	84	61	77	61	70	62	64	64	59	65	54	67	50	70	47	74	45	79	44	85	44	92	45	99	47	105	50	110	54	114	59	117	65	119	71	120	78	121	85	121	91	122	96	123	100	125	103	128	105	132	106	137	106	141	105	144	103	146	100	147	96	147	91	147	85	146	78	144	70	141	61	137	53	132	45	126	38	119	32	113	27	107	23	100	20	92	18	85	16	78	15	72	15	67	16	63	18	60	21	58	23	57	24	57	24	
64:
105	47.663	6	64	5	65	4	67	4	70	5	74	7	77	10	79	14	80	19	80	25	79	32	77	39	74	47	71	54	67	60	63	65	58	70	52	75	45	79	39	82	34	85	30	88	27	92	25	97	24	103	24	109	25	114	27	118	30	121	32	123	33	125	33	128	32	130	30	131	27	131	23	130	18	128	14	125	10	121	6	116	2	110	-1	104	-3	97	-5	89	-6	82	-6	75	-5	69	-3	64	0	60	3	57	7	55	12	54	18	54	25	55	33	57	41	60	50	64	60	69	69	75	77	81	84	88	90	95	95	103	99	110	102	116	104	121	105	125	105	128	104	130	102	131	101	131	101	130	102	128	103	125	105	121	108	116	111	110	115	103	120	95	124	86	127	76	129	66	130	57	130	48	130	38	131	29	133	21	135	14	136	7	136	1	135	-4	133	-8	130	-11	126	-13	121	-14	115	-14	108	-14	100	-13	92	-11	85	-8	79	-4	74	0	70	3	67	5	65	6	64	6	64	
65:
102	45.301	40	65	39	66	37	68	36	70	36	72	37	75	39	78	42	80	46	81	51	82	57	82	63	81	69	80	75	78	80	76	84	73	87	69	89	64	90	58	91	51	91	45	90	40	88	36	85	32	81	27	76	22	71	16	65	11	60	7	55	4	51	2	48	1	46	1	45	2	45	4	45	7	44	11	43	16	41	21	38	26	34	30	29	33	25	35	21	36	18	36	16	35	15	33	15	30	16	26	18	23	21	20	25	16	30	11	36	6	43	2	51	-1	60	-4	70	-6	80	-7	90	-7	99	-6	107	-4	114	-1	120	3	125	8	129	14	132	21	134	29	135	37	135	45	134	54	132	62	129	69	125	77	122	86	120	95	117	103	115	110	112	116	109	122	106	127	102	131	98	134	94	136	89	137	83	137	78	136	74	134	69	131	64	127	58	122	53	116	48	109	44	101	41	93	39	86	38	80	38	75	39	71	39	68	40	66	40	65	40	65	
66:
89	6.01	80	39	79	39	77	38	74	38	70	38	67	39	65	41	63	44	62	47	62	51	63	55	65	59	68	62	72	65	75	69	77	74	78	78	78	82	77	85	75	87	73	88	70	88	68	89	67	91	67	93	68	95	70	98	73	100	77	102	81	105	85	109	88	114	90	120	91	125	91	130	90	134	88	137	85	139	81	140	76	140	72	139	67	137	61	134	55	130	49	125	43	119	38	112	34	104	31	95	29	85	28	74	27	64	26	55	26	47	27	40	29	33	32	27	36	22	41	18	47	15	54	13	61	12	69	12	78	13	86	15	93	18	99	22	104	26	108	29	113	32	117	34	121	35	124	35	126	35	127	36	127	37	126	39	124	41	121	44	117	47	112	49	107	50	101	50	95	49	90	47	86	44	83	42	81	40	80	39	80	39	
67:
114	55.02	83	128	82	129	80	129	77	130	73	132	69	133	66	133	64	132	63	130	63	127	64	123	65	118	67	112	68	105	68	97	68	90	67	84	65	77	63	69	62	62	62	56	63	51	65	47	68	44	72	42	77	41	83	41	90	42	98	42	105	41	111	41	116	40	120	38	124	36	127	35	129	34	130	34	130	35	129	37	127	40	124	44	120	49	116	55	113	62	111	69	110	75	109	80	109	84	110	87	112	89	115	90	118	90	122	91	127	93	131	96	134	100	136	105	137	111	137	116	136	120	134	123	131	126	127	130	122	134	116	137	109	139	101	140	92	140	82	139	71	137	59	134	48	130	38	126	28	121	19	115	11	108	4	100	-2	91	-7	81	-11	71	-14	60	-16	50	-17	41	-17	33	-16	26	-14	20	-11	15	-7	11	-2	8	4	6	10	5	17	5	25	6	34	8	44	11	54	15	63	20	71	26	78	33	84	41	89	50	93	60	96	71	98	81	99	90	99	98	99	105	98	111	96	116	93	120	89	123	86	125	84	127	83	128	83	128	
68:
113	0.563	59	129	60	128	62	126	65	124	69	122	74	121	80	121	87	122	94	122	100	123	105	124	109	124	112	123	114	121	115	118	115	114	114	109	112	103	111	96	110	89	110	83	111	77	113	72	115	68	117	65	119	63	121	62	124	62	126	63	127	65	129	68	131	70	134	71	136	71	138	70	139	68	140	65	141	61	141	56	140	51	139	47	138	43	137	40	135	38	133	37	130	37	126	38	123	40	121	41	119	41	118	40	118	39	118	37	118	34	117	31	115	29	112	28	108	28	103	29	97	31	90	34	82	38	75	43	69	49	64	56	60	63	57	69	55	74	54	78	54	81	55	83	57	84	60	84	63	83	67	81	70	78	72	74	73	69	73	63	72	56	70	48	67	39	63	31	58	24	52	18	46	13	41	9	36	6	32	4	29	3	25	3	22	4	20	6	18	9	17	13	17	18	17	24	16	31	15	39	15	47	16	55	18	64	20	74	23	84	27	93	32	101	38	108	44	114	49	119	53	123	56	126	58	128	59	129	59	129	
69:
86	0.748	118	1	117	2	115	4	113	7	112	9	112	12	113	15	115	17	117	18	119	19	121	19	122	18	122	16	121	15	119	15	116	16	112	18	107	21	102	25	98	29	94	32	91	35	88	37	86	38	85	39	85	39	86	40	88	42	91	44	95	46	100	47	106	48	113	50	119	53	124	56	128	60	131	65	133	70	134	75	134	80	133	85	131	91	128	96	124	100	119	103	113	105	106	106	98	106	90	105	83	103	75	100	67	97	59	93	50	88	42	82	34	76	26	70	19	65	13	61	8	58	4	55	1	53	-1	50	-2	46	-2	41	-1	35	1	28	4	22	8	17	13	13	19	9	26	6	34	4	43	1	53	-1	63	-4	73	-7	82	-9	90	-10	97	-10	103	-9	108	-7	112	-5	115	-2	117	0	118	1	118	1	
70:
118	41.569	131	72	132	71	134	69	137	66	139	62	140	57	140	51	139	46	137	41	134	37	131	34	127	32	122	31	116	31	111	30	107	28	104	25	102	21	101	17	101	14	100	12	98	11	95	11	91	12	87	14	82	17	78	21	74	25	70	28	65	30	61	31	58	31	56	30	55	30	55	31	56	33	57	36	59	40	62	45	64	50	65	54	65	57	64	59	62	60	59	61	55	63	51	65	48	68	46	72	44	77	43	82	43	86	44	89	46	91	49	92	53	92	58	91	62	89	66	87	69	84	72	80	74	77	75	75	75	74	76	74	76	75	75	76	75	78	75	81	75	85	74	90	74	96	75	103	77	110	80	116	83	121	85	125	86	128	86	130	85	131	83	131	80	130	76	128	72	125	68	121	63	116	57	110	50	103	43	95	36	86	30	76	25	65	21	55	18	46	16	38	15	31	15	25	16	20	18	16	21	13	25	11	30	10	36	10	42	11	49	13	57	16	66	20	76	25	86	31	95	37	103	44	110	51	116	57	121	62	125	66	128	69	130	71	131	72	131	72	
71:
120	63.029	20	3	19	2	17	2	14	3	11	5	9	7	8	8	7	10	7	13	8	17	10	22	12	28	15	34	18	41	20	49	21	57	21	66	20	75	18	85	16	94	14	102	13	109	13	115	14	120	16	124	19	127	23	129	28	130	34	130	41	131	48	131	56	130	63	128	69	125	74	121	78	116	81	110	83	103	84	96	84	90	83	84	81	78	78	72	75	67	73	63	72	60	72	58	73	57	75	56	78	55	82	54	85	52	87	49	89	46	90	43	90	39	89	36	87	34	84	33	81	33	79	34	78	35	78	37	79	40	81	44	84	47	88	49	93	51	99	52	106	52	112	51	117	49	121	46	124	42	127	37	129	31	130	26	130	22	129	19	127	17	124	16	121	16	119	17	118	19	118	22	119	26	121	31	124	37	127	43	131	50	136	58	140	67	143	75	145	82	146	88	146	93	145	97	143	100	140	102	136	103	131	103	125	102	118	100	110	97	101	93	91	88	80	82	70	75	61	67	53	58	46	48	40	39	34	31	29	24	25	18	22	13	20	9	19	6	19	4	20	3	20	3	
72:
98	130.123	94	28	95	27	96	25	98	22	101	19	105	17	108	16	111	15	113	15	114	16	114	18	113	21	111	25	109	30	108	36	108	42	109	47	111	51	114	54	117	56	121	57	124	57	126	56	127	55	127	55	126	56	124	58	121	61	117	64	112	68	107	73	103	79	100	85	98	90	97	96	97	103	98	109	100	114	102	118	105	121	109	123	114	124	119	124	123	123	126	121	128	118	129	116	129	115	128	115	126	116	123	117	119	119	114	121	108	122	101	122	93	121	85	119	78	116	72	113	67	109	63	105	60	100	58	94	57	87	57	81	57	75	57	69	56	64	54	60	51	57	47	55	42	54	36	54	30	55	25	57	21	58	18	58	16	57	15	55	14	52	14	48	15	44	17	39	20	35	24	32	29	30	35	29	42	29	50	30	58	32	66	34	73	35	79	35	84	34	88	33	91	31	93	29	94	28	94	28	
73:
95	22.021	101	46	102	45	104	43	107	40	111	37	114	34	116	32	117	30	117	29	116	29	116	30	116	32	117	35	119	39	122	44	126	50	130	57	134	65	138	72	141	78	143	85	144	92	144	98	143	103	141	107	138	110	134	112	129	113	124	113	120	112	117	111	115	111	114	112	114	113	115	113	115	112	114	111	112	109	109	106	105	102	100	97	94	92	87	87	79	83	70	80	62	77	54	75	47	74	41	74	35	75	30	77	26	80	23	84	20	89	18	93	17	96	17	98	16	99	14	99	11	98	7	96	2	93	-2	89	-5	84	-8	78	-10	71	-12	63	-13	54	-13	44	-12	34	-10	25	-8	17	-5	10	-1	4	4	-1	10	-5	17	-8	25	-10	34	-11	43	-11	51	-10	60	-8	68	-6	76	-3	83	1	89	6	94	12	98	18	101	25	103	31	104	36	104	40	103	43	102	45	101	46	101	46	
74:
99	4.557	50	73	51	72	53	71	56	70	60	70	64	69	68	67	71	64	74	60	78	56	81	53	83	51	84	50	84	50	83	51	82	53	80	56	77	60	74	65	72	71	71	78	71	84	72	89	74	93	77	96	81	98	86	101	91	105	95	110	98	115	100	119	101	122	103	124	106	125	109	125	113	124	118	122	122	119	125	115	127	111	128	108	128	105	127	103	125	102	122	102	118	103	113	105	108	108	102	112	95	117	87	123	78	128	70	132	63	135	57	137	52	138	48	138	45	138	43	137	42	135	41	134	39	134	37	135	34	137	30	138	25	138	20	137	16	135	11	132	5	128	-1	123	-7	117	-12	110	-16	102	-19	93	-21	84	-22	76	-22	67	-21	59	-19	52	-16	46	-12	41	-8	37	-3	34	3	32	10	31	18	31	25	32	31	34	36	37	40	41	43	46	45	52	46	58	46	63	46	67	47	70	49	72	50	73	50	73	
75:
86	34.45	15	13	16	12	18	11	21	10	25	8	30	7	36	6	43	6	51	7	60	8	69	8	78	8	86	9	94	11	101	14	107	18	112	23	116	29	119	36	121	44	122	51	123	57	123	62	122	67	120	71	117	74	113	76	108	77	104	77	101	76	97	74	92	73	88	73	85	74	82	76	80	79	79	83	79	88	80	92	82	95	85	97	89	98	94	98	99	97	105	97	112	96	118	96	123	96	127	96	130	97	132	97	133	98	133	100	132	103	130	106	127	110	123	113	118	115	112	116	105	116	97	117	88	119	78	120	67	120	57	120	48	120	39	119	31	117	24	114	18	110	13	105	9	99	6	92	3	84	0	75	-2	67	-3	58	-3	49	-2	41	0	34	2	28	5	23	9	19	12	16	14	14	15	13	15	13	
76:
98	82.272	19	38	18	37	16	35	14	32	12	30	9	28	5	27	2	27	0	28	-1	30	-1	33	0	36	2	40	5	45	8	51	12	58	17	64	23	69	30	73	38	76	47	78	57	79	66	79	74	79	82	79	89	80	95	82	100	83	104	83	107	82	109	80	110	77	110	73	109	68	108	64	108	61	109	59	111	58	114	58	117	58	120	59	123	60	125	60	126	59	126	57	125	54	123	50	120	46	116	43	111	41	107	40	104	40	102	41	101	43	101	46	102	50	104	55	107	61	111	68	114	75	116	82	117	88	117	94	116	99	114	103	111	107	107	110	102	112	96	113	89	113	83	113	78	112	73	112	69	113	66	115	64	117	63	120	63	122	64	123	64	123	63	122	61	120	58	117	54	113	50	108	46	102	43	96	41	89	39	81	38	74	36	66	33	59	30	53	27	48	25	44	22	41	20	39	19	38	19	38	
77:
107	7.126	96	85	95	84	93	83	90	83	86	83	81	84	76	86	72	89	69	93	67	98	65	104	64	109	63	113	63	116	64	118	66	119	69	119	73	118	78	116	84	113	90	111	97	110	103	110	109	111	114	113	118	115	121	116	124	116	126	117	127	118	127	120	126	123	124	126	123	128	123	129	124	129	126	128	128	126	129	123	130	119	130	114	129	108	127	101	124	93	120	85	115	78	109	72	102	67	94	63	87	60	81	58	76	57	72	57	69	56	67	54	66	51	66	48	67	46	69	45	72	45	76	46	81	46	85	45	89	43	92	40	94	36	95	31	95	25	94	20	92	14	89	9	85	5	80	2	74	0	68	-1	61	-1	53	0	44	2	35	5	27	9	20	14	14	20	9	27	5	35	2	44	0	54	-1	64	-1	73	0	81	2	88	5	94	9	99	14	103	20	106	27	108	35	109	44	110	53	110	61	109	68	107	75	104	81	100	86	95	90	91	93	88	95	86	96	85	96	85	
78:
98	32.023	12	26	13	25	15	25	17	25	19	26	22	27	24	28	25	30	25	33	24	36	22	38	19	40	16	41	14	42	13	44	13	45	14	46	16	46	19	47	22	49	25	50	28	52	30	54	31	56	31	59	30	63	28	67	26	72	23	78	19	83	14	89	10	95	7	100	5	104	4	107	4	111	5	116	7	122	10	127	14	131	19	134	24	136	30	137	37	138	45	138	54	137	64	137	75	136	85	136	94	137	103	138	113	138	123	137	133	135	142	132	150	128	157	123	163	117	168	110	172	102	175	94	177	86	178	79	178	71	177	63	175	56	172	50	168	45	163	41	157	38	150	36	142	35	133	35	123	36	113	38	104	41	96	43	89	44	82	44	76	43	71	41	67	38	64	34	62	29	60	24	59	20	57	16	54	13	50	11	45	10	39	10	33	11	27	13	22	16	18	20	15	23	13	25	12	26	12	26	
79:
101	46.306	77	86	76	87	74	89	71	90	67	90	63	89	59	87	56	84	54	80	53	75	52	69	51	62	49	54	46	46	42	39	37	33	31	28	24	24	18	19	13	15	9	12	5	10	0	9	-6	9	-12	10	-17	12	-21	15	-24	19	-26	23	-27	28	-27	34	-26	40	-24	45	-21	49	-17	52	-12	54	-6	55	0	55	7	54	13	52	18	49	23	45	27	40	30	34	34	28	39	21	45	15	52	10	59	6	65	3	70	1	74	0	77	0	79	1	80	3	80	6	79	10	79	14	80	17	82	19	84	20	87	20	89	19	92	17	96	15	101	13	107	12	112	12	116	13	119	15	121	18	122	22	123	27	123	32	122	38	122	45	123	52	125	58	126	63	128	68	131	72	134	75	137	77	139	78	140	78	140	77	139	75	137	73	134	72	130	72	125	73	119	75	112	78	105	82	98	85	92	87	87	88	83	88	80	88	78	87	77	86	77	86	
80:
82	23.934	50	105	50	104	51	103	53	101	56	100	60	100	65	100	71	100	78	101	86	103	95	104	103	104	111	105	118	105	124	105	129	105	133	105	136	104	138	102	139	99	139	95	138	90	136	84	133	78	129	71	125	63	122	55	120	46	118	38	117	31	117	25	118	20	120	16	123	13	126	10	128	8	129	6	129	4	128	3	126	3	123	4	119	5	114	7	108	10	101	14	93	18	86	22	80	25	75	27	71	30	67	34	64	38	62	43	61	48	61	53	60	57	58	60	55	62	51	63	47	64	42	64	36	65	31	65	26	64	21	62	17	59	14	57	12	56	11	56	11	57	12	59	14	62	17	66	20	71	24	77	29	84	35	90	40	95	44	99	47	102	49	104	50	105	50	105	
81:
115	4.799	116	136	116	135	116	133	115	131	113	128	111	124	108	119	104	113	100	107	96	101	91	96	85	92	79	89	72	87	66	86	61	86	57	87	53	88	48	88	44	87	41	85	39	82	38	78	38	73	39	67	40	62	42	58	44	55	45	53	45	52	44	52	42	53	39	55	35	58	31	62	26	67	20	73	13	80	7	88	2	96	-2	104	-5	111	-7	117	-8	122	-8	126	-7	129	-5	131	-2	132	2	132	7	131	12	129	16	126	19	122	22	117	26	111	31	104	37	96	42	87	46	77	49	67	52	58	56	50	60	43	64	37	67	32	69	28	70	25	72	23	74	22	76	22	79	23	83	25	87	28	92	32	98	37	103	42	107	46	110	51	112	55	115	58	118	60	122	61	125	61	127	60	128	58	128	55	127	51	125	47	124	43	123	38	123	34	124	31	126	29	129	28	133	28	138	29	143	31	148	34	152	38	155	43	157	49	158	56	158	64	157	73	155	83	152	92	148	100	143	108	137	115	131	121	126	126	122	130	119	133	117	135	116	136	116	136	
82:
87	3.475	74	103	75	102	77	100	80	97	84	94	89	90	94	85	100	81	107	77	114	74	120	72	125	70	129	67	132	63	134	58	135	52	135	46	134	41	132	37	129	34	125	32	120	31	114	31	107	32	100	32	94	32	88	31	83	29	79	26	75	24	70	23	64	23	58	24	51	26	43	29	34	31	25	32	17	32	10	33	4	35	-2	38	-7	42	-11	47	-14	53	-16	59	-17	66	-17	72	-16	77	-14	82	-11	86	-7	89	-2	91	4	92	10	92	17	91	24	89	31	86	37	84	42	82	46	81	50	81	53	82	56	84	60	87	65	91	71	96	78	102	84	108	89	115	93	121	96	126	99	130	101	133	102	135	102	136	101	136	99	135	97	133	95	130	93	126	90	122	86	118	82	113	79	109	77	106	75	104	74	103	74	103	
83:
121	2.481	74	58	73	59	71	61	68	63	64	66	60	68	57	70	55	72	54	75	54	79	55	83	57	86	60	88	64	89	68	89	72	89	76	88	79	86	83	83	87	79	92	76	98	74	105	73	111	73	117	74	122	76	126	79	129	83	131	87	132	92	132	98	131	103	129	108	126	113	122	117	117	120	111	122	105	123	98	123	90	122	82	122	73	121	65	121	58	121	52	121	46	120	41	118	37	115	34	111	32	106	31	102	31	98	32	95	33	93	33	92	32	92	30	93	27	94	23	96	19	98	16	99	14	99	13	98	13	96	14	93	16	89	19	84	23	78	28	71	34	63	40	55	46	48	53	42	61	36	68	31	74	27	80	24	86	22	91	21	95	21	98	22	100	24	101	27	101	30	100	32	98	33	95	33	91	32	86	30	80	27	73	24	65	21	56	18	46	14	37	11	29	8	22	5	16	3	11	2	7	2	4	3	2	5	1	7	1	10	2	14	3	18	5	23	8	27	12	30	17	33	23	35	30	37	38	40	46	44	53	47	59	49	64	52	68	55	71	57	73	58	74	58	74	58	
84:
101	5.196	138	51	138	50	139	48	139	45	139	41	138	38	136	35	133	33	129	32	124	32	118	33	112	35	107	38	103	42	100	47	98	53	95	59	93	66	92	72	92	77	93	81	95	84	98	86	102	87	107	87	112	86	118	86	123	87	127	89	131	92	134	96	136	100	137	105	138	109	138	112	137	114	135	116	132	117	128	117	123	116	118	116	112	117	105	119	97	122	88	124	79	126	70	127	62	127	55	126	49	124	44	121	40	117	37	112	35	106	34	99	33	92	33	84	34	76	36	69	39	63	43	58	48	54	52	51	55	48	57	46	58	44	58	41	57	37	55	34	52	32	48	31	43	29	39	26	35	24	30	23	26	23	23	24	21	26	20	29	20	32	21	36	23	39	26	42	30	45	35	48	41	50	48	51	56	51	65	50	75	48	85	45	94	42	102	40	110	39	117	39	123	40	128	42	132	45	135	48	137	50	138	51	138	51	
85:
94	25.483	121	53	120	52	118	50	115	47	113	43	112	38	111	32	111	25	111	19	110	14	108	10	105	6	101	3	96	1	90	0	83	0	76	1	70	3	65	6	61	10	57	15	54	21	52	28	51	35	50	43	50	52	49	61	47	69	44	76	40	82	35	88	29	93	23	99	17	104	12	108	8	111	5	113	3	116	2	120	2	125	3	130	5	134	8	137	12	139	17	140	23	140	30	139	38	138	47	136	56	133	64	129	72	126	79	122	85	117	90	112	94	107	97	101	99	96	101	92	102	89	102	87	102	86	103	86	104	87	106	89	109	92	112	96	115	101	117	107	119	113	120	119	120	124	119	128	117	131	114	133	110	134	105	134	101	133	97	131	94	128	92	124	91	119	91	113	91	106	92	98	94	89	97	81	101	74	106	68	111	63	115	59	118	56	120	54	121	53	121	53	
86:
90	1.407	112	4	111	5	111	7	112	10	113	14	113	19	112	25	112	32	113	39	115	47	116	54	117	60	117	65	116	69	114	72	111	74	107	75	103	75	100	74	98	72	95	69	91	66	86	64	80	63	73	63	65	64	58	66	52	69	47	72	43	76	40	79	38	81	37	82	36	82	35	81	35	79	34	76	32	72	31	67	30	62	30	58	31	55	33	53	36	52	40	52	45	53	51	55	58	58	66	62	73	67	79	73	84	80	88	87	91	93	93	98	95	102	96	106	96	111	95	116	93	121	91	126	90	130	90	134	91	137	93	139	96	140	100	140	105	139	111	137	117	134	123	130	128	125	132	119	135	112	137	104	138	97	140	89	141	80	142	70	142	59	141	49	139	40	136	32	132	25	127	19	122	14	118	10	115	7	113	5	112	4	112	4	
87:
89	30.639	126	90	125	91	123	93	120	95	116	98	111	102	106	107	102	111	98	114	94	116	90	117	87	117	85	116	84	114	84	113	85	112	87	112	89	113	90	115	90	118	89	121	87	124	84	128	81	131	78	133	74	134	71	134	69	133	67	131	64	128	60	124	55	121	51	119	48	117	44	116	41	116	38	115	35	113	33	110	32	106	32	101	33	95	34	89	36	83	39	78	43	74	48	71	53	69	58	68	62	67	65	67	67	67	68	66	68	64	67	61	65	58	62	54	58	49	53	43	48	38	43	33	39	27	36	21	34	16	33	11	33	7	34	4	36	2	39	1	43	1	48	1	54	2	60	4	65	7	69	11	72	16	75	22	79	29	84	37	90	46	95	54	100	62	105	69	111	75	116	80	120	84	123	87	125	89	126	90	126	90	
88:
118	8.154	101	94	100	95	98	96	95	97	91	98	86	98	80	97	74	95	69	92	65	88	62	83	60	77	59	70	59	62	58	55	56	48	53	42	49	37	44	33	38	30	33	27	29	23	26	18	24	12	23	7	21	3	18	0	14	-2	9	-3	3	-3	-2	-2	-6	0	-9	3	-11	7	-12	12	-12	18	-12	25	-11	32	-9	39	-6	45	-2	50	3	54	9	57	16	59	24	60	33	60	43	59	53	57	62	54	70	50	77	46	83	43	88	41	92	40	95	40	97	41	98	43	98	45	97	48	97	50	98	51	100	51	103	50	107	48	111	47	116	47	122	48	127	50	131	52	134	54	136	55	137	55	137	54	136	52	135	49	133	45	130	40	126	36	121	31	115	27	109	24	104	22	100	21	97	21	94	22	92	24	91	27	91	31	92	36	94	41	96	47	98	54	101	62	103	71	106	81	110	91	113	100	115	108	116	115	116	121	115	126	113	130	110	133	106	135	101	136	96	136	92	135	89	133	87	130	86	126	86	121	87	115	89	109	92	104	95	100	98	97	100	95	101	94	101	94	
89:
89	11.808	2	46	3	45	5	43	8	40	12	36	16	31	21	25	27	18	33	12	38	7	44	3	50	0	56	-2	63	-3	69	-3	74	-2	78	0	81	3	83	7	84	11	84	16	83	22	81	27	78	32	76	36	75	39	75	41	76	42	78	42	81	41	85	39	90	37	96	34	102	32	108	31	113	31	117	32	121	34	124	37	126	41	128	45	131	48	134	50	136	51	137	52	137	54	136	57	134	61	131	66	127	72	124	77	121	82	119	88	118	95	118	102	119	108	120	114	120	119	120	123	121	126	123	128	126	129	129	129	131	128	132	126	133	123	133	119	132	116	130	114	127	111	123	108	118	106	112	105	105	104	97	102	88	99	78	95	68	90	57	84	47	77	38	70	30	64	23	59	17	55	12	52	8	49	5	47	3	46	2	46	2	46	
90:
81	17.184	90	129	91	128	93	126	95	123	98	120	101	116	103	111	104	105	104	98	103	90	101	81	99	73	98	66	98	60	99	55	101	51	104	48	108	46	113	45	117	45	122	46	126	46	129	45	131	43	132	40	132	36	131	31	129	25	126	20	122	16	117	13	111	11	104	10	96	10	87	10	78	11	69	11	61	12	54	14	48	17	42	19	36	20	31	20	27	19	23	17	20	14	18	11	17	8	15	6	12	5	10	5	9	6	9	8	8	11	7	15	6	20	6	25	7	31	7	38	6	46	4	53	3	59	3	66	4	72	6	78	9	84	13	91	18	99	24	106	31	112	38	117	46	121	54	125	62	128	69	130	75	132	80	133	84	133	87	132	89	130	90	129	90	129	
91:
101	6.064	64	33	65	32	67	30	70	29	73	27	75	24	76	20	76	17	75	15	73	14	70	14	66	14	61	14	57	15	52	17	48	20	45	24	43	29	42	35	42	42	43	49	45	55	47	60	50	65	54	69	59	73	63	76	66	80	68	84	69	87	69	91	68	95	68	100	69	105	71	109	74	112	78	114	83	115	88	115	92	114	95	112	98	109	102	106	105	102	107	97	108	91	108	84	107	77	106	69	105	60	103	52	100	45	98	39	97	34	97	30	97	27	98	25	100	24	103	24	106	25	109	27	111	30	113	34	115	39	117	45	118	52	118	60	117	69	115	78	112	87	110	97	107	106	103	114	98	121	92	127	86	132	81	136	77	139	72	141	66	142	59	142	53	141	48	139	43	136	39	132	35	127	32	121	30	114	29	106	29	97	30	87	32	78	35	69	39	61	44	54	49	48	54	43	58	39	61	36	63	34	64	33	64	33	
92:
103	17.175	37	104	38	105	40	107	41	110	41	113	40	117	39	121	37	125	36	128	36	130	36	131	36	131	35	130	33	128	31	125	30	121	29	116	29	110	30	103	32	95	35	86	39	78	43	70	48	62	54	55	60	49	65	44	70	40	74	37	77	35	79	34	80	34	80	35	80	37	80	40	81	44	83	49	86	53	90	56	95	58	101	59	106	59	110	59	113	60	115	62	116	65	116	69	115	74	113	79	110	85	106	92	103	98	101	105	100	111	100	116	101	120	103	123	106	125	110	126	115	126	120	125	124	123	127	120	129	116	130	111	130	105	129	98	127	90	126	81	124	71	121	61	117	51	112	42	106	33	99	25	91	18	82	12	72	7	62	3	53	0	44	-2	36	-3	29	-3	23	-2	18	0	13	3	9	7	6	12	4	18	2	25	1	32	1	40	2	49	4	59	7	68	11	76	16	83	22	89	27	94	31	98	34	101	36	103	37	104	37	104	
93:
99	20.461	17	137	18	137	20	137	23	136	27	134	32	131	38	127	43	122	47	116	51	111	56	107	62	104	69	102	76	101	83	101	89	101	95	101	100	101	104	102	107	104	109	107	110	111	110	116	109	121	107	125	105	128	103	130	102	131	102	131	103	130	105	128	108	125	112	121	115	116	117	110	119	103	120	95	121	86	121	78	120	70	118	63	115	57	111	52	107	48	102	45	96	43	91	42	86	42	82	43	79	45	77	48	76	51	76	53	77	54	79	54	82	53	85	51	89	48	94	44	98	39	101	33	103	26	104	19	104	12	103	5	101	-2	98	-8	94	-13	89	-17	83	-20	76	-22	68	-23	59	-24	51	-24	44	-23	36	-21	29	-18	23	-14	18	-9	14	-3	11	4	9	12	8	21	8	31	9	42	11	54	14	66	18	77	22	87	25	96	27	104	28	111	28	117	27	122	25	127	23	131	20	134	18	136	17	137	17	137	
94:
81	6.481	87	23	88	22	90	22	93	22	97	23	102	25	107	28	111	32	115	37	118	43	120	49	121	56	121	62	120	67	119	71	119	74	119	76	120	77	121	77	123	76	126	74	130	72	134	71	138	71	141	72	143	74	144	77	145	81	145	86	144	92	142	99	139	107	135	114	130	120	124	125	117	129	109	132	102	134	95	135	89	135	84	134	80	132	77	129	75	125	72	122	68	120	63	119	57	119	50	120	42	122	34	125	27	128	21	130	16	131	12	131	9	130	7	128	6	125	6	121	7	116	8	110	10	103	13	95	17	87	20	78	23	69	26	60	30	52	33	45	37	38	42	32	48	27	55	23	62	20	68	18	73	17	77	17	81	18	84	20	86	22	87	23	87	23	
95:
119	212.015	21	51	22	50	24	49	27	47	30	44	34	40	37	35	39	29	41	23	42	17	42	12	41	7	39	3	36	0	32	-2	27	-3	21	-3	15	-2	10	-1	6	1	3	4	1	8	0	11	0	13	1	14	3	15	6	15	10	16	15	18	21	19	28	19	36	20	45	22	53	24	60	25	67	27	74	30	80	34	85	39	89	44	92	50	94	56	95	62	96	67	96	71	96	74	97	76	99	77	102	77	106	76	109	75	113	75	116	76	118	78	119	81	119	85	118	88	116	92	113	95	109	97	104	98	98	98	91	99	83	101	76	103	70	106	65	110	61	115	58	121	55	127	53	133	50	138	46	142	42	145	38	147	33	148	29	148	25	147	22	145	20	142	19	138	19	133	20	128	22	123	25	117	29	112	34	106	40	99	47	91	55	83	63	75	71	68	78	62	85	57	91	52	96	46	100	39	103	32	105	26	106	21	106	17	105	14	103	12	100	11	96	11	91	12	85	13	78	15	70	18	62	22	55	27	49	33	42	38	36	42	31	45	27	48	24	50	22	51	21	51	21	51	
96:
109	178.358	3	4	2	5	0	7	-2	10	-3	14	-3	19	-2	23	0	26	2	28	5	29	9	29	14	28	19	26	23	23	26	21	28	20	29	19	29	19	28	20	26	22	23	25	21	29	20	34	20	40	21	47	23	54	26	60	29	65	33	69	38	72	42	74	45	76	47	78	48	81	48	84	47	88	45	92	43	95	40	97	36	98	31	98	25	98	20	99	15	100	11	100	8	99	6	97	5	94	5	90	6	85	8	79	11	74	15	70	20	67	26	65	33	64	41	64	50	65	58	67	65	70	71	74	76	79	82	85	87	91	91	96	94	100	97	103	99	105	100	106	100	106	100	105	99	103	98	100	96	96	95	91	95	85	96	78	98	70	101	61	105	51	110	41	115	32	119	24	122	17	124	11	125	6	125	2	124	-1	123	-3	121	-4	118	-4	114	-3	109	-1	103	2	96	6	88	11	79	15	69	18	58	20	48	21	39	21	31	20	24	19	18	17	13	14	9	10	6	7	4	5	3	4	3	4	
97:
107	0.921	24	41	24	40	23	38	22	35	22	32	23	28	24	23	26	19	29	16	33	14	38	13	44	13	50	14	55	16	59	18	62	21	64	25	66	30	67	35	67	40	67	44	66	47	64	50	61	52	58	53	55	53	53	54	52	56	52	59	53	63	55	68	56	73	57	79	57	85	56	90	54	95	51	99	47	102	42	104	36	105	31	105	27	104	24	103	22	102	21	101	21	101	22	101	24	100	27	100	31	100	36	101	42	102	49	104	57	107	65	110	74	114	84	118	93	123	101	128	108	132	115	135	121	137	126	138	130	138	133	137	135	135	136	132	136	128	135	123	133	119	130	116	126	112	121	107	117	101	114	94	112	86	111	77	111	69	112	62	114	55	116	47	119	40	123	32	126	24	128	17	129	11	129	6	128	2	126	-1	123	-3	119	-4	114	-4	108	-3	101	-1	94	2	86	6	77	10	69	14	60	17	52	19	45	22	39	26	34	31	30	35	27	38	25	40	24	41	24	41	
98:
89	38.922	48	1	47	2	45	4	42	7	38	11	33	15	29	18	25	21	20	23	16	24	12	24	8	24	5	25	3	27	1	30	0	34	-1	39	-1	44	-2	50	-2	56	-1	63	1	69	4	74	8	78	13	81	19	83	25	84	31	84	36	83	40	81	43	79	45	78	46	78	46	79	45	81	43	84	40	88	36	93	32	98	29	104	27	111	25	117	24	122	24	126	25	129	27	131	30	132	32	132	34	131	35	129	35	126	36	122	36	117	37	111	39	104	42	96	44	87	46	78	47	70	49	62	52	55	56	49	61	44	67	40	73	37	80	35	87	34	93	34	98	33	102	31	105	28	107	24	108	19	108	13	107	7	105	2	102	-2	98	-5	94	-7	89	-8	83	-8	76	-7	69	-5	63	-2	58	0	54	1	51	2	49	2	48	1	48	1	
99:
106	76.099	97	36	96	36	94	36	91	35	87	33	84	32	81	32	79	32	78	33	78	34	79	34	81	34	84	33	87	31	91	28	96	24	102	19	108	15	113	11	117	8	120	6	122	5	123	5	123	6	122	8	120	11	117	15	114	20	111	26	109	33	108	41	107	49	107	56	108	62	110	67	113	71	117	74	122	77	126	80	129	84	131	89	132	95	132	101	131	108	129	114	126	119	122	123	117	126	111	128	105	129	98	129	90	128	81	126	71	123	61	119	52	114	44	108	37	103	31	99	26	96	22	94	18	93	15	93	13	94	11	96	10	99	10	103	9	108	8	113	7	117	7	120	8	122	10	123	13	123	15	122	16	120	16	117	15	113	13	108	12	102	12	95	13	88	15	80	16	72	16	64	17	56	17	47	16	39	16	32	17	26	19	21	22	17	26	14	31	12	37	11	44	11	52	12	61	14	69	17	76	21	82	26	87	30	91	33	94	35	96	36	97	36	97	36	