0:
126	214.043	142	42	142	41	142	39	141	36	139	32	136	27	133	23	129	20	125	18	120	17	114	17	107	18	99	20	92	23	86	26	81	30	77	35	74	41	72	48	71	56	71	63	72	69	72	74	71	78	71	81	70	83	68	84	65	84	62	83	58	83	54	84	51	86	49	89	48	93	48	98	47	104	47	109	46	113	44	116	42	118	41	119	39	119	36	118	32	116	28	114	24	112	19	111	15	111	12	112	10	114	9	117	9	121	9	126	9	131	10	136	12	142	15	149	19	155	24	160	30	164	37	167	45	169	54	171	64	172	75	172	87	171	100	169	112	166	123	164	133	161	142	157	150	153	157	150	163	148	168	146	172	145	175	145	177	145	178	146	178	146	177	145	175	144	172	142	168	139	163	135	157	130	150	124	142	117	133	109	123	102	112	94	102	85	91	75	81	65	71	56	62	48	54	40	47	33	41	27	36	22	32	18	29	15	27	13	26	11	26	8	27	6	29	4	32	3	36	3	41	3	47	4	54	6	62	9	71	13	81	18	90	23	98	29	106	34	114	38	121	41	127	43	132	44	136	44	139	43	141	42	142	42	142	42	
1:
108	33.73	166	142	165	141	163	140	160	139	156	139	151	139	145	140	138	142	131	145	125	149	120	154	116	160	113	166	111	171	109	175	107	178	104	180	101	181	98	181	94	180	91	178	89	175	88	171	88	166	88	160	88	153	87	146	85	140	82	134	78	129	73	125	68	122	62	120	55	119	47	119	40	120	34	122	29	124	25	126	22	127	20	127	19	126	19	124	20	121	21	117	23	112	26	106	30	99	35	91	41	83	48	76	55	69	61	63	66	58	70	54	73	51	75	49	76	46	76	42	75	37	73	31	70	26	68	20	67	15	67	11	68	8	70	6	73	5	77	5	82	6	88	8	95	11	103	15	112	20	122	26	131	33	139	40	146	47	153	55	159	64	164	73	168	81	171	88	173	94	174	99	174	103	173	106	171	108	168	109	164	109	160	109	155	108	150	106	146	104	143	103	141	103	140	104	140	106	141	109	143	113	146	118	150	124	155	129	159	133	162	136	164	139	165	141	166	142	166	142	
2:
116	261.998	61	122	61	123	61	125	60	128	58	132	57	137	55	142	52	147	48	151	43	154	37	156	32	157	28	157	25	156	23	154	21	151	20	147	20	142	19	136	19	129	19	121	19	112	18	102	17	91	16	81	14	71	11	60	7	50	4	41	2	33	1	26	-1	20	-2	15	-2	11	-1	8	1	6	4	5	7	5	11	6	16	8	22	11	28	15	35	20	43	26	52	32	60	37	68	41	76	44	83	46	89	47	94	47	98	46	101	44	103	41	104	37	104	33	104	30	104	28	105	27	107	26	110	26	113	27	116	29	118	32	120	36	123	41	126	45	130	48	135	50	141	52	146	53	151	53	155	53	158	54	160	56	161	59	161	63	160	68	158	74	155	81	152	89	149	98	147	106	146	114	146	121	147	128	149	134	152	140	155	145	159	149	162	152	165	154	167	155	169	155	170	154	170	152	169	149	167	145	164	140	160	135	155	131	149	127	142	124	134	122	125	121	116	121	106	120	97	120	89	121	82	122	76	122	71	121	67	121	64	121	62	121	61	122	61	122	
3:
119	92.514	147	159	148	160	150	162	153	164	157	165	160	165	162	164	163	162	163	159	162	155	160	151	157	148	153	144	148	139	143	134	137	130	130	127	122	125	113	124	103	124	94	123	86	123	79	122	73	120	68	118	64	115	61	113	59	110	58	106	56	102	54	97	51	92	47	88	42	85	36	83	29	82	23	82	18	83	13	85	9	88	6	92	4	97	3	101	3	104	4	106	6	107	9	107	13	106	18	104	24	101	31	97	37	92	42	86	46	79	49	71	51	63	52	56	52	49	51	43	49	37	46	32	43	28	39	24	34	20	28	17	22	15	17	14	12	13	8	13	5	14	3	15	2	17	2	20	3	24	5	29	8	34	12	38	17	41	23	43	30	44	38	44	47	43	57	42	68	42	80	41	93	39	105	36	116	32	126	27	135	22	143	18	150	15	156	13	161	12	166	12	170	13	173	15	175	18	176	22	176	27	175	33	173	40	170	48	168	57	167	67	166	77	164	87	161	96	159	106	156	115	154	123	152	131	151	138	150	144	148	149	147	153	146	156	146	158	147	159	147	159	
4:
92	15.374	141	108	141	107	142	105	143	102	144	98	145	93	145	87	146	80	146	72	145	63	143	55	142	48	142	42	142	37	141	33	139	30	136	27	132	25	128	24	124	24	121	25	118	27	116	30	115	34	114	39	114	45	115	52	117	60	120	69	122	79	123	89	123	98	122	106	120	113	117	119	113	124	108	128	104	131	99	133	94	134	90	134	87	133	85	133	84	134	84	136	84	138	83	139	82	139	80	138	78	136	77	133	76	130	76	128	77	126	79	125	82	125	85	126	89	128	94	131	100	134	107	138	115	141	124	143	134	144	143	144	151	143	158	143	164	144	169	146	173	149	176	153	178	157	179	160	179	163	178	165	176	166	173	166	169	165	165	163	160	160	156	156	153	151	150	145	148	138	146	131	143	125	141	120	140	116	140	113	140	111	140	109	141	108	141	108	
5:
112	29.811	81	47	82	48	84	49	87	49	91	48	96	46	101	44	107	41	114	37	121	32	128	28	134	23	140	19	146	16	153	14	159	13	165	13	170	14	174	16	177	19	179	23	180	28	180	34	179	39	177	43	174	46	170	48	165	49	159	50	152	50	144	49	135	47	125	44	114	40	102	35	91	30	81	25	72	21	64	18	57	16	51	15	46	14	42	14	39	15	36	17	34	20	33	24	33	29	34	35	36	42	37	50	37	57	36	63	34	68	31	72	27	75	22	77	17	78	13	78	10	77	8	75	7	72	6	70	6	69	7	69	9	70	12	72	16	75	19	79	21	84	22	88	22	91	21	93	19	94	16	96	12	98	9	100	7	102	6	105	6	108	7	112	9	117	12	123	16	129	21	136	27	142	33	147	40	151	48	154	57	156	67	157	76	157	84	156	91	154	97	151	102	147	106	142	109	136	111	129	112	121	112	112	111	102	110	92	108	83	105	75	101	68	96	62	91	57	87	53	84	50	82	48	81	47	81	47	
6:
122	0.731	38	60	39	59	41	59	44	60	48	61	51	61	53	62	54	64	54	65	53	65	51	64	48	64	44	65	39	67	33	70	28	74	24	79	21	85	19	92	17	100	16	109	16	118	17	126	19	133	22	139	26	145	31	150	37	154	44	157	51	159	59	161	66	162	74	162	82	161	90	159	97	156	103	152	108	147	112	141	115	134	117	126	118	118	118	110	117	103	115	97	112	92	108	88	105	85	102	82	100	80	99	78	99	76	100	73	102	69	105	64	108	59	111	54	113	50	114	45	114	41	113	36	111	32	109	28	106	25	102	23	97	22	91	21	84	21	76	21	67	21	59	21	52	20	46	18	41	16	37	15	34	13	32	12	31	12	31	13	32	14	34	15	37	17	41	18	46	18	52	19	59	21	67	24	76	26	86	29	97	31	107	34	116	38	124	41	131	43	137	44	142	44	146	43	149	41	151	38	152	34	152	29	151	25	149	22	146	20	142	18	137	17	131	17	124	18	116	20	107	23	97	26	87	28	78	30	70	33	63	36	57	40	52	45	48	50	44	54	41	57	39	59	38	60	38	60	
7:
110	32.492	81	63	82	64	84	66	87	67	91	67	96	66	101	64	105	62	109	61	112	61	114	62	115	64	115	67	116	71	117	76	117	82	118	89	120	97	122	104	125	110	129	117	134	123	140	128	146	132	152	135	159	137	165	138	170	138	175	137	179	135	182	132	184	128	185	123	186	117	186	110	185	103	183	95	180	86	178	76	175	67	171	59	168	51	164	43	161	36	157	30	152	25	146	21	140	18	133	16	125	14	116	13	106	13	95	14	85	16	76	19	68	23	60	26	52	29	45	33	39	36	34	38	30	39	27	39	25	40	24	40	24	41	25	42	27	43	30	45	34	48	39	52	43	57	48	63	53	70	57	78	60	87	62	97	63	108	63	118	62	128	60	137	57	145	54	152	50	158	45	163	39	167	32	170	26	172	21	173	17	173	14	172	12	170	11	167	11	163	12	158	14	152	17	145	21	137	26	128	32	118	38	108	45	99	53	91	60	84	66	78	71	73	75	69	78	66	80	64	81	63	81	63	
8:
103	2.404	10	176	11	175	13	173	16	170	20	168	25	167	31	166	38	166	46	165	55	163	65	160	74	156	84	152	93	148	102	145	110	143	117	142	125	142	132	143	139	145	146	148	152	150	157	151	161	151	164	150	166	148	167	145	167	141	166	137	164	132	163	126	163	119	164	111	166	102	169	92	172	81	174	71	175	62	175	54	174	47	173	41	171	36	168	32	164	28	159	25	153	23	146	22	140	22	135	23	131	25	128	28	126	32	125	37	125	43	126	50	127	57	128	63	128	68	127	72	125	76	122	79	118	81	113	82	107	82	100	81	94	79	87	76	80	72	74	67	69	61	65	54	62	47	60	41	59	36	59	32	60	29	60	27	61	26	63	26	66	27	70	29	74	32	77	36	79	41	81	47	82	54	82	62	81	71	79	81	76	92	72	104	67	115	61	125	54	134	46	142	38	149	31	155	25	161	20	166	16	170	13	173	11	175	10	176	10	176	
9:
123	359.949	33	85	34	86	36	88	39	91	41	94	42	98	43	103	43	109	42	114	40	119	39	125	38	132	38	140	39	147	41	153	44	158	48	162	51	165	53	167	54	169	54	172	53	174	51	176	48	177	44	179	41	180	37	180	34	179	31	178	29	178	28	178	28	179	29	179	31	179	34	178	38	178	43	177	49	175	56	172	64	169	72	167	81	166	91	164	102	163	112	163	121	164	129	164	138	165	146	166	153	166	159	165	164	164	168	162	171	160	173	157	174	153	174	148	173	143	171	138	168	134	164	130	159	125	153	121	146	117	139	114	133	110	128	106	124	102	121	98	119	95	118	92	118	89	119	86	121	84	124	81	126	77	127	72	127	67	127	61	127	55	128	49	130	43	133	38	137	33	142	29	148	26	154	24	159	23	163	23	166	22	168	20	169	17	169	13	168	9	166	5	163	1	159	-3	154	-6	148	-9	141	-12	133	-14	124	-15	114	-15	103	-15	92	-14	82	-12	72	-9	63	-5	55	0	48	6	42	13	37	21	33	30	30	40	28	49	27	57	27	64	28	70	30	75	32	79	33	82	33	84	33	85	33	85	
10:
106	173.892	30	62	31	63	33	64	36	66	39	69	43	71	48	72	52	72	55	71	57	69	58	66	58	62	57	57	55	51	54	45	54	40	54	36	55	33	57	31	60	29	64	28	68	28	73	29	79	31	84	34	89	38	93	43	96	49	99	55	101	60	104	64	108	67	113	69	119	70	125	70	132	69	138	68	143	68	147	68	150	69	152	71	153	74	153	78	152	83	150	88	148	93	147	98	147	102	148	105	150	107	153	108	156	108	160	108	163	109	165	111	166	114	166	118	166	123	165	129	163	136	160	144	156	151	151	157	146	162	142	166	139	169	137	171	136	172	136	172	137	171	139	169	142	166	146	163	150	159	155	154	161	148	166	141	170	133	173	124	175	114	176	103	176	91	175	80	173	70	170	61	167	53	163	46	158	40	152	35	145	31	137	28	128	26	118	25	107	25	96	26	85	28	75	31	66	35	58	40	51	46	45	51	40	55	36	58	33	60	31	61	30	62	30	62	
11:
128	53.166	138	126	139	127	141	129	144	132	148	136	153	141	158	146	162	150	165	153	167	155	168	156	169	157	169	158	168	160	166	161	163	162	159	162	154	161	148	159	141	156	133	154	124	151	114	149	104	148	94	148	85	149	77	151	69	152	62	152	55	151	49	149	44	146	40	142	37	139	35	137	34	136	34	135	35	135	35	136	34	138	33	141	31	145	28	150	25	156	21	162	17	167	14	171	12	174	11	176	11	177	11	177	10	176	10	174	11	171	12	167	13	162	15	156	18	150	22	143	25	135	27	126	28	116	28	106	27	97	25	89	24	82	24	76	25	71	27	67	30	64	34	62	38	61	43	61	48	62	53	64	59	67	66	71	74	74	82	76	89	77	95	77	100	76	104	74	107	71	109	67	110	62	110	56	109	49	108	42	107	34	105	27	102	21	98	16	93	11	87	7	80	4	72	2	65	1	59	1	53	2	48	4	43	6	39	9	36	12	34	14	32	15	31	15	31	16	32	18	34	21	37	25	41	30	46	36	52	43	59	51	67	60	76	70	84	79	93	87	102	94	110	100	117	105	123	111	128	116	132	120	135	123	137	125	138	126	138	126	
12:
112	32.833	76	123	76	122	76	120	75	118	73	115	70	111	66	108	61	106	55	105	50	105	46	106	43	108	40	111	37	114	35	118	34	121	34	123	35	124	37	124	40	123	42	121	44	118	45	114	47	109	50	104	53	98	57	91	61	85	65	80	69	76	72	73	76	71	80	70	84	70	87	71	89	73	91	76	93	80	95	85	98	89	101	92	105	94	110	95	114	95	118	94	122	92	125	89	127	85	128	80	128	74	127	69	125	65	122	60	118	55	113	51	109	47	106	44	104	42	103	41	103	41	104	42	106	44	109	47	113	51	118	56	123	61	129	67	136	73	143	78	149	82	154	87	158	91	162	94	165	97	168	99	170	100	171	100	171	99	170	97	168	96	165	95	161	95	156	96	152	98	149	101	147	105	146	110	146	116	147	123	149	131	151	139	154	146	156	152	157	157	157	161	156	164	154	166	151	167	147	167	142	166	136	164	129	161	121	157	112	152	104	146	97	140	91	135	86	131	82	128	79	126	77	124	76	123	76	123	
13:
109	62.757	6	89	7	88	8	86	10	83	13	79	16	75	19	72	23	70	27	69	30	69	34	70	37	72	39	75	40	79	40	84	39	90	37	97	34	104	30	112	25	120	21	128	18	137	16	146	15	154	15	161	16	167	18	172	21	176	25	179	30	181	36	182	43	182	50	181	58	179	65	176	71	172	76	167	80	161	84	154	88	148	92	142	96	137	100	133	105	130	111	128	118	127	124	127	129	128	133	129	136	129	138	128	140	126	141	123	141	119	140	114	138	109	135	104	131	100	126	97	120	94	115	92	111	91	108	90	106	90	105	90	105	89	106	87	108	84	111	80	115	76	120	73	126	69	133	64	139	58	144	51	148	43	151	35	153	28	154	22	154	17	153	13	151	10	148	8	144	5	139	3	133	2	126	2	118	3	109	5	99	8	89	10	78	11	66	12	55	14	45	17	36	21	28	26	21	32	15	38	10	45	6	53	3	61	1	68	0	74	0	79	1	83	3	86	5	88	6	89	6	89	
14:
128	7.892	18	12	17	13	15	15	14	18	14	22	15	27	17	32	18	37	20	43	23	48	27	54	30	59	32	63	34	66	35	68	35	69	34	69	32	68	29	66	25	65	20	64	15	64	11	65	8	67	4	70	1	74	-2	79	-4	85	-5	90	-5	96	-4	101	-2	105	1	108	5	110	10	111	16	111	21	110	26	108	31	106	37	105	43	105	48	105	53	104	57	102	61	99	64	95	67	91	69	88	70	86	72	84	75	83	78	83	80	84	83	86	87	89	92	92	97	94	103	95	110	95	116	94	122	92	127	89	133	85	138	80	142	74	145	67	147	59	150	50	152	41	153	33	153	26	152	20	150	15	147	11	143	8	140	6	138	5	137	5	136	6	136	8	135	11	133	15	130	20	127	26	125	33	124	41	123	50	121	60	120	70	118	79	115	89	111	100	106	111	100	121	93	130	85	138	76	145	68	151	61	156	55	160	50	163	46	165	43	166	39	166	34	165	28	163	21	160	15	156	10	151	6	145	3	138	1	130	0	121	0	111	1	100	2	88	3	77	3	67	4	57	6	48	9	40	11	33	13	27	15	22	16	18	16	15	17	13	18	12	18	12	
15:
99	70.904	2	5	3	4	5	3	8	1	12	0	17	0	23	1	29	3	34	6	39	10	43	15	46	20	49	26	53	32	58	38	64	43	71	47	77	50	82	52	86	55	89	57	91	60	92	62	92	65	91	69	89	74	86	78	82	81	77	83	71	84	65	84	58	85	52	87	46	90	41	94	37	99	34	105	32	112	31	119	31	127	32	136	34	144	37	151	41	157	46	162	52	167	59	171	67	174	76	176	86	177	96	177	105	176	113	174	120	171	126	167	131	162	135	156	138	149	142	141	147	132	153	122	159	113	164	103	168	92	171	82	173	73	174	64	174	56	173	49	171	43	168	38	164	34	160	31	155	29	149	28	143	27	138	25	134	22	130	18	127	13	123	7	118	2	112	-3	105	-7	97	-10	88	-12	78	-13	67	-13	57	-12	47	-10	38	-8	30	-7	23	-5	17	-3	12	0	8	2	5	4	3	5	2	5	2	5	
16:
118	156.488	141	3	142	4	144	6	147	9	150	13	153	18	155	24	156	31	156	39	155	48	153	58	150	68	147	79	143	89	138	98	133	107	129	115	126	122	124	128	123	133	123	137	124	140	126	142	129	143	132	143	136	142	139	140	141	139	142	139	142	140	141	142	139	145	136	147	132	148	127	148	121	147	114	145	107	142	99	138	92	135	86	133	81	132	77	132	74	133	71	135	69	137	67	138	64	138	62	137	61	135	61	132	62	128	64	123	67	117	71	112	75	108	80	105	85	103	89	102	92	102	94	102	95	103	95	105	94	106	92	106	89	105	85	103	80	102	74	102	67	103	59	104	50	105	42	107	35	110	29	114	24	119	20	125	17	132	15	139	14	145	14	150	15	154	17	157	20	159	23	160	25	160	26	159	26	157	25	154	23	150	20	145	16	139	13	132	11	124	10	115	10	105	11	94	13	82	16	71	20	60	25	50	31	40	38	31	46	23	55	16	65	10	75	5	86	1	96	-2	105	-4	113	-5	120	-6	126	-6	131	-5	135	-3	138	0	140	2	141	3	141	3	
17:
122	176.987	51	33	50	33	49	34	47	36	44	38	40	39	37	39	35	38	34	36	34	35	35	35	37	36	40	38	44	40	48	42	53	43	59	43	66	42	74	40	83	37	91	33	98	28	104	23	109	18	113	14	116	10	118	7	120	5	122	4	125	4	128	5	130	7	131	10	133	14	134	19	135	25	136	32	138	40	139	49	139	58	138	68	137	77	135	85	132	92	128	98	124	103	121	107	119	110	118	112	118	113	119	113	121	114	124	116	128	118	132	119	136	121	139	123	141	126	142	128	142	129	141	131	139	133	136	134	133	136	129	139	126	143	124	146	123	148	123	149	124	151	126	154	129	157	133	159	138	162	143	166	149	170	154	173	158	175	161	176	163	176	164	175	164	173	163	170	161	167	158	165	154	164	149	164	143	165	136	166	128	168	119	171	109	174	98	176	86	177	73	177	61	178	50	179	40	179	31	178	23	176	16	173	10	169	5	164	1	158	-2	151	-4	143	-5	134	-5	124	-4	113	-2	103	1	94	5	85	10	77	16	69	23	61	30	54	36	48	41	43	45	39	48	36	50	34	51	33	51	33	
18:
90	43.589	134	162	135	161	137	159	138	156	138	152	137	147	136	141	134	134	131	126	127	117	122	107	116	96	111	86	107	77	104	69	102	62	101	56	101	51	102	47	104	44	107	42	111	41	116	41	122	42	128	43	133	45	137	46	140	46	142	45	143	43	143	40	142	36	140	31	139	25	137	19	134	13	131	8	127	4	122	0	116	-3	109	-5	101	-6	92	-6	82	-5	72	-3	63	0	55	4	48	9	42	15	37	22	33	30	30	39	28	49	27	59	27	69	28	79	30	88	32	98	33	107	33	115	32	122	30	128	28	133	25	137	21	140	18	142	16	143	15	143	15	144	16	146	18	149	21	152	25	156	30	160	36	164	43	167	51	169	60	172	70	174	80	176	89	177	98	178	106	178	113	177	119	175	124	172	128	168	131	165	133	163	134	162	134	162	
19:
124	28.633	160	86	159	86	157	86	154	87	150	88	146	90	141	92	135	95	129	99	124	104	120	108	117	113	115	119	114	126	114	133	115	139	117	144	120	148	123	151	127	153	132	154	138	154	145	153	152	152	158	152	163	153	167	155	170	158	172	162	173	167	173	173	172	178	170	182	167	185	163	187	158	188	152	188	145	187	137	185	128	182	118	178	107	173	97	167	88	160	80	153	73	146	67	138	62	129	58	120	55	112	53	105	52	98	51	92	51	87	52	83	52	80	51	78	49	77	46	77	42	78	37	80	33	81	30	81	28	80	27	78	27	76	28	73	30	69	33	64	37	58	42	51	47	44	52	38	58	33	65	29	71	26	76	24	80	23	83	23	85	24	86	26	86	29	85	32	83	36	80	41	76	47	71	54	65	62	58	71	50	81	42	92	34	102	27	112	21	122	16	131	12	139	9	147	7	154	6	160	6	165	7	169	9	172	12	174	16	175	21	176	27	176	34	175	42	173	51	170	61	166	72	161	84	155	95	148	105	140	115	131	124	122	132	114	139	107	145	101	150	96	154	92	157	89	159	87	160	86	160	86	
20:
134	139.157	31	90	30	91	28	93	25	95	21	98	16	101	11	103	7	106	4	108	2	109	1	109	1	108	2	106	4	103	7	99	11	94	16	88	20	81	23	73	25	64	26	55	26	46	25	38	23	31	21	25	19	20	18	16	18	13	19	11	21	10	24	10	28	11	33	13	39	16	46	20	54	24	63	27	71	29	78	30	84	31	90	31	95	30	99	28	102	25	105	21	109	16	113	12	118	9	124	7	131	6	139	6	146	7	152	9	157	12	161	16	164	21	166	27	169	34	171	42	172	50	172	58	171	66	169	73	166	80	162	86	157	91	151	95	144	98	136	100	127	101	117	101	108	100	99	98	91	97	84	97	78	98	73	100	69	103	66	107	64	112	63	118	63	125	64	133	65	142	67	150	70	157	74	163	79	168	85	172	92	175	99	177	105	178	110	178	114	177	117	175	119	172	120	170	120	169	119	169	117	170	116	172	116	174	117	176	119	178	122	180	126	181	131	181	136	180	140	178	143	175	145	171	146	166	146	161	145	157	143	154	140	152	136	151	131	151	126	151	120	150	113	148	105	145	96	141	86	136	76	131	67	125	59	118	52	111	46	105	41	100	37	96	34	93	32	91	31	90	31	90	
21:
128	27.112	150	7	149	8	148	10	147	13	145	17	142	22	139	28	137	35	136	42	136	49	137	57	139	64	142	70	146	75	151	80	157	84	163	87	168	89	172	92	175	96	177	101	178	107	178	113	178	120	177	128	175	135	172	143	168	150	163	156	157	161	150	165	142	168	133	171	124	173	116	174	108	174	101	173	95	171	90	168	86	164	83	159	81	153	79	146	78	139	77	131	76	124	74	118	71	112	67	107	64	103	61	100	57	97	52	95	48	94	45	94	43	95	41	97	39	98	36	98	32	97	27	95	22	92	18	88	15	83	12	77	10	70	9	62	9	53	9	44	10	36	12	29	15	23	18	17	22	12	27	8	33	5	40	3	48	2	56	2	63	3	69	5	74	8	78	12	81	17	83	23	84	30	84	38	83	47	81	56	78	64	74	73	69	83	63	94	56	104	48	113	41	121	34	128	28	134	22	139	17	143	13	146	10	148	8	150	7	151	7	151	8	150	10	148	13	145	17	141	22	136	28	130	35	123	43	115	52	106	62	96	73	85	84	73	95	62	105	52	114	43	122	35	129	28	135	22	140	17	144	13	147	10	149	8	150	7	150	7	
22:
114	15.293	73	140	74	139	76	137	79	134	83	131	88	128	94	124	101	119	107	113	112	107	116	102	120	98	124	95	128	92	131	90	135	89	140	89	144	90	147	92	149	95	151	99	153	104	154	110	154	117	154	125	154	134	154	142	153	149	151	155	148	160	144	165	139	169	133	173	126	176	118	178	109	179	101	179	93	178	86	176	80	173	74	169	69	164	63	158	58	151	54	143	51	134	49	124	48	113	48	103	48	94	49	86	50	79	52	73	55	68	59	64	64	61	70	58	77	56	85	55	94	55	104	54	113	52	122	49	130	45	138	41	145	37	151	34	156	32	160	30	164	29	167	29	169	29	170	30	170	32	169	33	167	33	164	32	160	32	155	33	149	34	142	36	134	37	125	37	115	36	104	34	92	31	81	28	70	26	60	25	51	25	43	25	36	26	30	28	25	31	21	35	18	40	16	46	15	53	15	61	16	70	18	78	21	85	24	92	28	100	33	107	39	113	46	118	52	122	58	127	63	131	67	134	70	137	72	139	73	140	73	140	
23:
110	2.766	54	51	55	50	57	49	60	47	64	45	67	43	69	40	71	38	72	37	72	35	71	32	69	30	66	29	62	28	57	28	51	29	44	31	38	34	33	38	29	43	26	49	24	54	23	58	23	62	24	65	26	68	28	72	30	77	31	82	31	88	30	94	28	100	25	106	21	113	17	119	14	126	12	133	11	141	11	148	12	154	14	160	17	165	21	169	26	172	32	175	39	178	47	180	56	181	66	181	77	180	88	178	98	177	107	177	115	176	122	176	128	175	133	173	137	170	140	167	142	164	143	161	143	159	142	156	140	153	137	150	133	146	129	141	125	136	122	131	120	125	119	118	119	110	120	101	122	91	125	80	127	69	128	58	128	47	127	36	125	26	122	17	118	9	113	2	107	-4	100	-9	92	-13	83	-16	73	-18	64	-19	55	-19	47	-18	40	-16	34	-13	29	-9	25	-6	22	-4	20	-1	19	2	19	5	20	8	22	12	25	17	29	23	34	30	39	36	44	41	48	45	51	48	53	50	54	51	54	51	
24:
106	11.748	59	27	60	26	62	24	65	22	69	20	74	19	80	19	87	20	95	22	102	25	108	29	113	34	117	38	120	41	122	44	123	47	123	51	122	54	120	58	117	63	115	69	114	76	114	84	114	93	113	103	111	113	108	122	106	130	104	137	103	144	103	150	104	155	106	159	109	162	113	164	118	166	124	167	131	167	138	166	145	164	151	161	156	157	160	152	163	146	166	140	168	133	170	125	171	116	171	107	172	99	173	91	173	82	172	74	172	67	171	60	169	54	168	49	168	45	168	42	168	40	167	39	165	39	162	40	158	42	153	45	147	49	141	54	135	60	128	67	120	75	111	84	103	94	94	104	84	113	75	122	67	130	60	137	54	143	49	148	45	152	41	155	38	157	36	158	33	158	29	157	25	155	22	152	20	148	18	143	17	137	17	130	18	122	20	113	23	103	27	92	32	82	38	72	44	63	49	55	53	48	56	42	58	37	59	33	60	30	60	28	59	27	59	27	
25:
119	20.194	161	54	160	55	158	57	155	60	153	64	152	69	152	74	153	80	155	87	157	95	160	104	164	112	167	119	169	127	170	135	170	143	169	150	167	156	164	161	160	165	155	168	149	171	142	173	135	174	128	174	120	173	112	171	103	169	93	167	84	166	75	166	67	167	60	168	54	170	49	172	45	173	42	173	40	172	39	170	39	167	40	163	42	158	45	152	49	145	52	138	56	131	59	124	61	118	62	113	62	109	61	106	59	104	56	101	52	98	49	95	47	93	46	92	46	92	47	93	49	95	52	98	55	102	59	106	64	110	69	113	73	115	76	116	78	116	79	115	79	113	78	110	76	106	73	101	70	95	68	88	67	80	67	73	66	65	64	56	61	46	57	37	52	29	46	22	39	16	32	11	25	7	18	4	12	2	7	1	3	1	0	2	-2	4	-3	7	-3	11	-2	16	0	21	3	27	7	34	12	42	18	50	25	57	33	63	42	69	52	74	63	78	75	81	87	83	98	84	108	84	117	83	125	81	133	78	140	74	146	69	151	64	155	60	158	57	160	55	161	54	161	54	
26:
99	167.088	24	167	24	166	23	164	23	161	24	157	25	152	26	146	28	139	29	131	29	124	30	118	32	113	33	109	35	106	37	104	40	103	44	103	49	104	54	106	60	109	67	113	75	116	83	118	92	119	101	119	109	118	116	117	122	117	127	118	132	120	136	123	139	127	141	132	142	137	143	142	145	146	148	149	152	151	156	152	161	152	165	151	168	149	171	146	175	142	178	137	180	131	181	124	181	116	181	107	180	98	178	90	175	83	171	77	166	72	160	68	153	65	145	63	136	62	128	62	121	63	115	64	110	64	106	63	103	61	101	59	100	57	100	54	100	50	99	47	97	45	94	43	90	41	86	40	81	38	75	36	68	35	60	35	51	36	42	38	33	41	25	45	18	50	12	56	7	63	3	71	0	80	-2	90	-3	101	-3	112	-2	122	0	131	3	139	7	146	12	152	16	157	19	161	21	164	23	166	24	167	24	167	
27:
109	26.562	14	167	15	168	17	170	20	171	24	173	29	174	35	174	42	173	50	171	59	169	69	168	80	168	91	168	102	169	112	170	121	170	129	170	136	169	142	167	147	164	151	160	154	156	156	153	157	150	157	148	156	147	154	147	153	148	153	150	154	153	156	157	158	160	161	162	165	163	168	163	170	162	171	160	172	157	172	153	171	148	169	142	166	135	162	127	157	119	151	110	144	100	137	90	131	80	126	71	121	63	117	56	114	50	112	45	111	41	111	37	110	34	108	32	106	31	103	31	99	31	94	32	88	34	83	37	79	40	76	42	74	43	73	45	73	48	74	52	76	55	79	57	83	58	88	59	94	59	101	58	109	56	116	53	122	49	129	44	135	39	140	34	144	30	147	27	149	25	150	24	150	24	149	25	147	27	144	30	140	34	136	39	131	45	125	52	118	60	110	69	101	79	91	90	80	101	69	112	59	122	50	131	42	139	35	146	29	152	24	157	20	161	17	164	15	166	14	167	14	167	
28:
106	1.262	68	162	67	161	65	160	62	159	58	159	53	160	47	161	40	161	33	160	26	159	20	158	15	158	10	157	6	157	3	158	1	158	0	157	0	155	1	153	3	150	6	146	10	141	15	135	21	128	27	120	34	111	42	103	49	95	55	88	60	82	64	77	67	71	69	64	70	56	70	49	69	42	68	36	66	31	63	26	59	22	54	19	48	17	41	16	34	15	28	13	23	12	19	11	16	9	14	8	13	6	13	3	14	1	16	0	19	0	23	0	28	0	34	0	41	1	49	1	58	2	68	2	78	1	88	1	99	1	109	1	118	2	126	2	134	3	141	5	147	8	152	12	156	17	159	23	161	29	162	35	162	40	161	44	160	47	160	49	161	52	163	56	166	61	169	67	171	73	172	80	172	88	171	97	169	105	166	112	162	118	157	123	151	127	144	131	136	135	128	138	119	140	110	142	102	144	95	147	89	151	83	154	78	157	74	159	71	160	69	161	68	162	68	162	
29:
89	131.237	153	14	154	13	156	13	159	13	163	13	167	14	171	16	174	18	176	21	177	25	177	30	176	35	174	41	171	47	167	53	162	59	156	65	149	70	141	74	132	77	124	79	117	81	111	83	106	84	101	86	97	89	94	93	92	97	90	102	87	108	83	114	78	119	72	123	65	126	58	128	51	129	45	129	40	128	36	128	33	129	31	131	30	133	30	136	30	140	31	145	33	151	36	157	40	163	45	168	51	172	58	175	66	177	74	178	81	178	87	178	92	178	96	177	99	175	101	174	102	174	102	175	101	176	101	176	102	175	104	174	107	172	111	169	115	165	119	160	124	154	130	147	136	139	143	131	149	122	154	112	158	101	161	89	163	78	164	68	164	59	163	50	161	42	158	35	155	29	153	24	152	20	152	17	152	15	153	14	153	14	
30:
115	62.975	24	117	25	118	27	120	30	122	33	123	37	125	42	127	48	130	53	134	57	138	60	141	62	143	63	144	63	144	63	143	62	141	60	138	59	134	59	129	59	123	60	116	62	108	65	101	68	95	71	90	75	85	79	81	84	78	89	76	95	75	102	75	110	76	119	78	127	81	134	85	140	90	145	94	150	97	154	99	157	100	159	100	160	99	160	97	159	94	158	90	157	85	156	79	154	72	153	65	153	59	154	53	156	48	159	44	163	40	166	37	168	35	169	34	169	33	168	32	166	32	163	32	159	32	154	33	149	34	145	34	142	33	140	31	139	28	139	25	140	21	142	16	145	12	149	9	152	7	155	6	157	6	158	7	158	9	157	12	155	16	152	21	148	25	143	28	137	30	130	31	123	31	117	31	112	30	106	28	101	25	97	21	94	18	92	16	90	15	87	15	83	16	78	18	73	21	69	25	66	30	64	35	61	41	57	48	52	56	48	65	44	73	39	81	35	89	32	96	30	102	29	107	28	111	26	114	25	116	24	117	24	117	
31:
95	24.969	149	170	150	169	152	167	153	164	155	162	158	160	162	159	167	159	171	160	174	162	177	164	179	165	180	165	180	164	179	162	177	159	174	155	170	150	165	144	159	137	152	130	144	124	135	118	125	113	115	109	106	106	98	104	91	103	85	103	80	102	76	100	73	97	71	93	68	90	65	88	63	85	62	81	62	76	63	70	65	63	66	57	66	52	65	48	63	45	61	42	59	40	58	39	58	39	59	38	61	36	63	33	64	29	64	24	63	18	62	13	60	9	59	5	57	2	54	0	50	-1	45	-1	39	0	34	2	29	5	25	9	20	14	16	20	12	27	9	35	7	44	6	54	6	65	7	77	9	90	12	102	16	113	21	124	27	134	34	143	42	151	51	158	61	164	72	169	83	173	94	176	104	179	113	181	121	182	128	182	134	181	139	179	143	176	146	173	148	171	149	170	149	170	
32:
117	92.985	4	67	4	66	4	64	4	61	5	58	7	56	10	54	14	53	19	53	23	54	26	56	29	59	32	63	34	68	35	74	35	80	35	85	35	89	36	92	38	94	41	95	45	95	50	94	56	92	63	90	70	87	76	83	81	78	85	72	88	65	90	57	91	48	91	39	91	31	92	24	94	18	97	13	101	9	106	6	112	4	118	3	125	3	133	4	142	6	150	9	157	12	163	16	168	21	172	25	175	30	177	35	178	40	178	44	177	47	175	51	172	56	168	61	163	67	157	74	150	82	144	89	139	95	135	101	132	107	129	113	127	119	126	125	126	131	127	136	129	140	132	143	136	145	139	146	141	146	142	145	142	143	141	140	139	136	136	132	132	129	127	127	121	126	114	126	106	127	97	129	88	132	80	136	71	141	61	147	51	153	42	159	33	164	25	168	18	171	12	173	5	174	-1	174	-6	173	-10	171	-13	168	-15	164	-16	159	-16	153	-16	146	-15	138	-15	129	-14	121	-13	112	-11	103	-8	95	-5	88	-2	82	1	77	3	73	4	70	4	68	4	67	4	67	
33:
123	245.07	26	167	27	166	29	164	31	161	34	157	38	152	41	146	43	139	44	131	44	124	43	117	41	111	38	106	35	102	32	99	29	97	27	96	26	95	26	94	27	92	29	91	32	89	36	88	41	88	47	89	54	91	62	94	71	98	79	102	88	105	98	107	108	108	117	108	125	107	132	107	138	108	143	109	147	111	150	113	152	115	153	118	153	122	152	126	150	130	147	134	143	137	138	141	134	144	131	146	129	149	128	152	128	156	129	161	131	165	134	168	138	171	142	173	146	174	149	174	151	173	152	171	152	168	151	164	149	159	147	153	146	146	144	138	143	129	143	120	142	111	142	101	143	92	145	84	147	77	150	71	154	66	158	62	162	59	165	57	167	54	168	50	168	45	167	39	165	32	162	25	158	18	153	11	147	5	140	0	132	-4	123	-8	113	-11	102	-13	90	-14	78	-14	66	-13	54	-13	43	-12	33	-10	24	-7	16	-3	9	2	3	8	-2	15	-6	23	-9	32	-11	42	-13	53	-14	64	-14	76	-13	89	-11	101	-8	112	-5	122	-1	131	4	139	8	146	13	152	17	157	20	161	23	164	25	166	26	167	26	167	
34:
138	1495.198	78	140	77	141	77	143	76	146	76	150	75	154	75	159	76	164	78	168	81	171	85	173	89	174	94	174	99	173	104	171	108	168	111	164	113	159	115	153	116	146	116	138	115	129	113	119	110	109	108	100	107	92	107	85	108	78	110	71	113	65	116	60	120	56	125	52	131	49	138	47	146	46	153	44	159	42	164	41	168	41	171	41	173	41	174	42	174	43	173	43	171	44	168	46	164	48	159	49	153	49	146	48	138	47	129	46	119	44	108	41	97	38	86	36	76	35	67	35	59	35	51	35	44	34	38	32	33	29	29	25	26	20	24	15	23	11	23	8	24	6	26	5	29	5	32	6	36	8	39	10	41	13	43	17	44	22	45	28	45	35	44	43	42	52	39	62	36	72	32	83	27	93	21	102	16	112	12	122	9	133	7	143	6	152	6	160	7	167	9	173	12	178	16	182	21	185	27	189	34	193	42	197	51	201	61	206	72	212	83	217	95	221	106	224	117	226	127	227	136	227	144	226	151	224	157	221	162	217	166	212	169	206	171	199	172	191	172	182	171	172	169	163	166	155	162	148	157	142	151	137	144	133	136	130	127	127	118	125	110	124	103	124	97	125	92	127	88	130	84	134	81	137	79	139	78	140	78	140	
35:
107	33.331	166	36	166	35	167	33	167	30	167	26	167	21	168	16	169	12	170	9	170	7	169	5	167	4	164	4	160	5	155	7	150	9	144	10	137	10	129	10	120	10	110	11	100	13	89	16	79	20	70	23	62	27	55	30	49	34	44	39	40	45	37	52	35	59	34	66	34	72	35	77	37	81	40	84	43	86	45	87	46	87	46	86	45	84	44	82	42	81	39	80	35	80	31	81	28	83	26	86	25	90	25	95	26	101	28	108	31	116	35	125	40	134	46	142	53	149	61	155	70	160	80	164	91	167	103	169	114	170	124	170	133	169	141	167	148	164	154	160	159	155	163	149	166	143	168	136	169	128	169	120	168	113	166	107	163	102	160	98	156	95	153	93	151	92	150	92	150	93	151	95	153	98	156	102	160	105	165	107	170	108	175	108	179	107	182	105	185	102	187	98	188	93	188	87	187	80	186	72	184	64	181	57	178	51	174	46	171	42	169	39	167	37	166	36	166	36	
36:
132	52.002	21	59	20	60	19	62	17	65	15	67	14	68	14	69	15	69	15	68	14	66	12	63	9	61	5	60	2	60	-1	61	-4	63	-6	66	-7	70	-7	75	-6	81	-4	88	-1	96	2	104	6	112	11	119	17	125	24	131	30	136	35	141	39	147	42	153	44	159	45	164	45	168	44	171	42	173	39	174	35	174	30	173	24	171	19	170	15	170	12	171	10	173	9	176	9	180	10	184	12	188	15	191	19	193	24	194	30	194	37	193	45	191	54	188	64	184	74	179	83	173	91	166	98	158	105	150	111	141	116	131	120	122	123	113	125	103	126	94	126	86	125	79	123	73	120	68	116	64	111	61	106	59	100	58	93	58	85	59	78	61	71	63	65	65	59	66	53	66	48	65	44	63	41	60	39	56	37	51	36	46	36	40	37	33	39	25	42	18	46	12	51	7	57	3	64	0	72	-3	81	-5	91	-6	101	-6	110	-5	118	-3	125	0	131	4	136	9	140	15	143	22	145	28	146	34	146	39	145	43	143	47	140	52	136	58	132	65	127	71	121	76	114	80	106	83	97	85	87	86	76	86	66	85	57	83	49	81	42	78	36	74	31	69	27	65	24	62	22	60	21	59	21	59	
37:
121	82.07	15	45	16	44	18	42	21	39	25	35	28	30	32	26	37	22	43	19	49	17	56	16	62	16	67	17	71	19	74	22	76	26	77	31	77	37	76	44	75	51	75	59	76	67	77	74	79	80	82	85	86	89	90	92	95	94	101	95	108	95	115	95	122	94	128	92	133	89	137	85	140	81	142	78	143	76	144	75	146	75	149	76	152	78	156	81	159	85	161	90	162	96	162	103	161	110	161	117	160	125	158	132	155	138	151	143	147	147	142	150	136	152	129	153	121	153	112	154	102	154	92	154	82	155	73	157	65	158	58	158	51	158	45	157	40	156	36	154	33	151	31	147	30	143	30	139	31	134	33	128	36	122	40	116	45	111	51	107	58	103	66	99	75	95	85	92	96	90	107	89	117	87	126	84	135	80	143	75	150	69	156	62	161	54	165	45	168	37	170	30	171	23	171	16	170	10	168	5	165	1	161	-2	156	-4	150	-5	143	-5	135	-4	126	-2	116	1	105	5	93	10	81	15	70	19	60	24	51	28	43	31	36	33	30	36	25	38	21	40	18	42	16	44	15	45	15	45	
38:
120	74.976	65	19	64	18	62	17	59	15	55	14	51	12	48	11	45	11	43	12	42	14	42	17	43	21	44	26	45	31	46	37	46	42	45	46	43	49	40	51	36	53	33	54	31	54	30	53	30	51	31	48	33	44	36	41	40	38	45	36	51	35	57	35	62	36	67	38	71	41	74	45	76	50	77	56	77	63	76	71	74	78	73	84	72	89	72	93	73	96	75	98	78	99	82	101	87	103	93	106	100	110	107	114	115	118	122	121	128	123	133	124	137	124	140	123	142	121	144	118	145	114	146	109	147	104	149	100	152	97	156	95	161	94	167	94	174	95	181	97	187	100	192	104	196	109	199	115	201	121	202	128	202	136	201	144	199	151	196	157	192	162	187	166	181	169	174	171	166	172	157	172	147	171	137	169	126	166	114	162	101	159	88	157	76	156	65	156	55	157	46	159	38	160	30	160	23	159	17	157	12	154	8	150	5	145	3	139	2	132	2	124	3	115	5	106	8	96	12	85	17	74	23	64	30	55	37	47	44	40	50	34	55	29	59	25	62	22	64	20	65	19	65	19	
39:
127	17.06	71	10	70	9	70	7	71	4	73	2	76	0	78	-1	81	-1	83	0	84	1	84	2	83	2	81	1	78	1	74	0	69	0	63	1	56	1	48	2	39	3	31	3	24	4	18	6	13	9	9	13	6	18	4	23	3	28	3	34	2	41	2	49	3	58	5	68	8	77	12	85	17	92	23	98	30	103	38	107	47	110	57	112	68	113	78	113	87	112	97	110	106	107	114	103	121	99	127	96	132	94	138	93	143	93	147	94	150	96	152	99	153	102	153	106	154	111	154	115	154	118	153	120	153	121	153	121	154	120	156	118	159	115	163	112	168	108	173	103	177	97	180	90	182	82	183	73	183	65	182	58	180	52	177	47	173	43	168	40	162	38	155	37	148	37	142	38	137	40	133	43	130	47	128	52	127	58	127	65	128	73	130	82	131	92	131	102	130	111	128	119	125	126	121	133	116	139	110	144	103	148	95	151	86	153	78	154	70	154	62	153	55	151	49	148	44	144	40	139	37	133	35	126	34	118	34	109	35	99	37	88	40	76	44	65	49	55	55	46	60	38	64	31	67	25	69	20	71	16	72	13	72	11	71	10	71	10	
40:
92	7.467	88	164	89	163	90	162	92	160	95	158	98	156	100	155	101	154	101	153	102	153	104	154	105	156	107	159	110	161	114	162	119	162	125	161	132	159	139	156	145	152	150	147	154	143	157	139	159	135	160	132	160	128	159	124	157	120	154	116	150	113	145	110	139	106	134	103	130	100	127	98	125	97	123	96	122	95	122	93	123	91	125	88	128	84	132	79	137	75	143	70	148	64	153	57	157	51	160	45	162	40	163	35	163	30	162	26	160	22	157	19	153	16	148	14	142	13	135	13	127	14	119	16	110	19	100	23	89	27	79	31	70	34	62	38	55	42	49	47	44	53	40	58	37	62	35	65	34	68	34	72	35	77	37	83	40	90	44	98	48	107	52	117	56	126	60	134	63	141	66	147	69	152	73	156	78	159	82	161	85	162	87	163	88	164	88	164	
41:
105	24.916	42	109	41	108	39	106	36	105	32	105	27	106	23	107	20	109	18	112	17	116	16	120	16	123	15	126	13	129	11	133	9	137	8	140	8	142	9	143	11	143	14	142	18	141	23	141	28	142	34	144	41	147	49	151	56	155	64	158	73	160	81	161	88	161	94	160	99	158	103	155	107	152	110	149	112	145	113	142	114	140	115	139	117	139	120	140	122	142	123	145	124	149	126	152	128	154	131	156	135	157	140	157	144	156	147	154	149	151	150	147	151	142	151	136	150	129	148	121	145	112	141	103	136	95	130	87	123	80	115	74	108	69	102	65	97	61	93	57	90	52	88	48	87	44	87	39	88	33	90	26	93	20	96	15	100	11	105	7	111	4	117	2	122	1	126	1	129	1	131	2	132	4	132	6	131	9	129	13	126	18	122	24	117	30	111	37	104	45	96	54	87	64	78	73	70	81	63	88	57	94	52	99	48	103	45	106	43	108	42	109	42	109	
42:
126	40.33	27	126	26	126	25	126	23	126	20	127	16	129	11	132	6	136	2	141	-1	147	-3	154	-4	161	-4	167	-3	172	-1	176	2	179	5	181	9	182	14	182	20	181	27	179	34	176	42	172	50	167	57	162	64	157	70	153	75	150	79	148	82	147	84	147	85	148	87	150	88	153	89	155	89	156	90	156	91	155	92	153	92	150	92	146	92	141	91	135	90	130	88	126	85	123	81	120	76	117	72	115	69	114	67	114	66	115	66	115	67	115	69	114	72	112	76	110	81	107	86	103	90	98	93	92	95	85	96	77	96	70	95	64	93	59	90	53	86	46	81	40	75	35	69	29	62	24	54	19	46	15	39	12	33	10	28	9	24	8	21	8	19	9	18	11	18	14	19	17	21	21	24	26	28	32	33	39	39	47	46	54	54	62	63	71	73	80	84	88	94	95	103	101	111	106	119	112	126	117	132	121	137	124	141	127	144	131	146	136	147	141	147	147	146	152	144	156	141	159	137	162	132	164	126	165	119	165	111	164	102	162	92	159	82	155	72	150	63	144	55	139	48	135	42	132	37	130	33	129	30	127	28	126	27	126	27	126	
43:
121	41.62	30	150	31	150	33	149	36	149	40	150	45	152	51	153	57	153	63	153	69	152	76	150	82	148	87	145	91	141	94	138	96	136	99	135	101	135	102	136	104	138	105	141	105	145	105	150	106	156	107	162	109	167	112	171	116	174	121	176	126	177	131	177	136	176	140	174	143	171	145	167	146	162	147	156	147	149	146	141	144	132	142	122	140	112	139	103	139	95	140	88	142	82	145	77	149	73	154	70	160	68	165	65	169	61	172	56	174	50	175	43	175	35	174	27	172	20	169	14	165	9	160	5	154	2	147	0	139	-1	130	-1	121	0	113	2	104	5	96	9	89	14	83	19	78	25	74	32	71	40	69	47	67	53	65	58	63	62	60	65	56	67	51	68	45	68	38	67	30	65	23	62	17	58	12	53	8	47	5	40	3	33	2	27	2	22	3	18	5	14	8	11	12	9	17	8	23	8	30	9	38	11	45	14	51	18	56	23	60	29	63	36	65	44	66	53	66	63	65	74	63	85	60	95	56	105	52	114	48	122	43	129	39	135	36	140	34	144	33	147	31	149	30	150	30	150	
44:
109	3.739	129	80	130	79	132	78	134	77	137	76	139	74	140	71	140	67	139	64	137	62	134	61	130	60	125	60	121	61	118	63	116	66	114	70	113	74	113	78	114	82	116	86	117	89	117	91	116	93	114	94	111	94	107	93	102	91	97	89	92	86	86	83	79	80	71	77	62	75	54	74	47	74	41	75	36	77	32	80	29	84	26	89	23	94	19	100	16	106	13	112	9	117	6	122	4	128	3	135	3	141	4	146	6	151	9	155	13	158	18	161	24	165	31	169	39	172	48	174	58	176	69	178	81	179	94	179	106	180	117	181	127	181	136	180	144	179	151	177	157	174	162	170	166	165	169	159	171	152	172	144	172	135	171	125	169	114	166	102	162	89	157	77	151	66	145	56	140	47	134	39	127	32	119	26	112	21	105	17	99	14	94	12	90	11	87	11	85	12	84	14	84	17	85	21	87	26	90	31	93	37	97	44	102	52	108	59	114	65	119	70	123	74	126	77	128	79	129	80	129	80	
45:
96	3.262	9	173	10	174	12	176	15	178	19	180	23	181	28	181	32	180	35	178	37	175	38	171	38	166	39	160	40	153	42	145	45	136	47	126	48	116	48	107	47	99	45	92	43	86	41	79	40	73	40	68	41	64	43	61	46	59	50	58	55	58	60	59	66	61	73	64	80	68	86	73	92	79	99	86	107	92	116	97	125	102	133	108	140	115	146	121	151	126	155	130	158	133	160	135	162	136	163	136	163	135	162	133	160	130	158	126	155	121	151	115	147	108	143	100	138	91	132	81	125	71	117	61	110	52	102	44	94	37	85	31	77	26	70	22	63	19	55	17	48	16	42	16	36	17	31	19	27	21	24	24	22	28	21	33	21	39	21	46	22	54	24	63	27	73	30	84	32	95	33	107	34	118	34	128	33	137	31	145	28	152	24	158	19	163	15	167	12	170	10	172	9	173	9	173	
46:
117	82.323	42	34	41	35	41	37	42	40	43	44	44	49	46	55	47	62	47	70	48	79	50	87	52	94	54	100	57	105	61	110	66	114	72	117	77	119	83	120	89	120	95	119	101	117	108	114	114	110	119	105	123	99	127	92	131	86	135	81	140	76	145	72	150	69	156	67	162	66	167	66	171	67	174	69	176	71	177	73	177	74	176	74	174	73	171	71	167	68	162	64	157	59	152	53	148	47	144	41	141	36	139	30	138	23	138	17	139	12	141	8	144	5	148	3	153	2	159	2	166	3	172	5	177	8	181	12	184	17	186	23	187	30	187	38	186	47	184	57	181	68	177	80	172	92	166	103	160	113	154	122	147	130	140	137	134	143	129	148	123	152	117	155	110	157	102	158	93	158	84	158	75	159	65	161	56	164	48	168	41	172	34	175	28	177	23	178	19	178	16	177	14	175	13	172	13	168	14	163	16	157	19	150	23	142	28	133	34	123	39	112	44	100	48	89	51	79	53	70	54	62	54	55	53	49	51	44	48	40	45	37	43	35	42	34	42	34	
47:
128	31.771	56	150	57	151	59	153	61	156	62	160	62	164	61	169	60	174	58	178	55	181	51	183	46	186	40	188	35	189	30	190	26	190	23	189	21	187	20	184	20	180	21	177	23	174	26	172	30	171	35	170	41	170	48	171	56	171	64	171	71	171	77	172	82	172	86	171	90	169	93	166	95	162	96	157	96	151	95	144	93	137	90	131	88	126	86	122	85	119	85	117	86	116	88	116	91	117	95	117	99	117	104	117	110	118	117	119	125	119	134	118	143	116	151	113	158	109	164	104	169	98	173	91	176	83	178	74	179	64	179	53	178	43	176	34	173	26	169	19	164	13	158	7	151	2	143	-2	134	-5	124	-7	113	-8	103	-8	94	-7	86	-5	78	-2	71	2	64	7	58	13	53	18	49	22	46	25	43	28	41	31	40	35	40	38	41	41	43	43	46	44	50	44	53	43	55	41	56	38	56	34	55	30	53	25	50	21	46	18	41	16	35	15	28	15	22	16	17	18	13	21	10	25	7	30	5	36	4	43	4	50	5	58	7	67	10	77	14	86	19	95	24	105	30	114	36	122	41	129	45	135	48	140	50	144	53	147	55	149	56	150	56	150	
48:
139	10.981	175	154	175	153	174	151	173	148	172	144	170	139	167	133	163	127	158	121	152	116	145	112	137	108	129	105	122	103	116	102	111	102	107	103	104	103	102	102	101	100	101	97	102	94	104	92	106	89	107	86	108	82	108	77	107	72	105	68	103	64	102	61	101	59	101	57	102	56	103	56	103	55	102	54	100	52	98	49	95	45	91	40	86	36	80	32	74	29	69	25	65	20	62	15	60	10	59	5	59	1	60	-4	62	-9	65	-15	69	-20	73	-25	78	-29	84	-32	91	-34	99	-35	108	-35	116	-34	124	-33	131	-31	137	-28	142	-24	146	-19	149	-13	151	-6	152	1	152	7	151	12	149	17	146	22	142	28	137	34	131	41	124	49	116	58	107	66	97	73	87	79	78	85	70	90	63	95	57	100	52	106	48	112	45	117	43	121	42	124	42	126	43	129	45	133	48	137	52	141	55	144	58	146	60	149	61	153	61	157	60	162	58	166	55	169	51	171	47	172	42	172	36	171	31	170	27	170	23	170	20	171	18	173	17	175	17	177	18	178	20	178	22	178	25	179	29	179	34	178	40	176	47	173	55	171	64	169	74	166	85	164	97	163	109	163	120	164	130	164	139	163	147	161	154	158	160	156	165	154	169	153	172	153	174	153	175	154	175	154	
49:
118	25.857	29	59	30	59	32	58	35	57	39	56	43	56	48	57	54	59	60	62	65	66	69	71	72	77	74	84	75	91	75	98	75	104	74	110	73	115	73	119	74	122	76	124	78	125	81	125	85	124	90	122	96	119	103	115	111	112	119	110	127	109	135	109	142	110	148	112	153	115	157	119	160	124	162	130	163	137	163	143	162	149	160	155	157	161	153	166	148	170	142	173	135	175	127	176	118	176	109	177	100	177	91	176	83	174	76	171	69	167	62	162	54	156	45	149	37	141	28	132	20	122	13	111	7	99	2	87	-2	75	-5	64	-7	54	-8	45	-8	37	-7	30	-5	24	-2	19	2	15	7	12	13	9	20	7	28	6	36	6	45	6	55	6	66	5	77	3	88	2	98	0	109	-2	119	-3	128	-3	136	-2	143	0	149	2	154	5	158	9	161	14	163	20	164	26	164	33	163	40	161	46	158	51	154	56	149	60	143	63	137	65	130	68	122	70	113	71	103	71	92	70	82	68	73	66	65	65	57	64	50	64	44	64	39	63	35	63	32	62	30	60	29	59	29	59	
50:
133	482.047	24	125	23	124	22	122	21	119	21	115	21	110	22	104	24	99	27	94	31	90	35	87	38	85	40	84	41	83	41	82	40	82	38	83	35	84	31	86	26	89	21	92	17	94	14	95	12	95	11	94	11	92	12	89	14	86	17	84	21	83	26	83	32	84	39	85	47	87	56	90	65	94	74	99	82	105	89	112	95	119	100	127	104	134	107	140	109	145	110	149	110	152	109	154	107	155	106	155	106	154	107	152	109	149	112	145	116	140	121	134	125	127	129	119	132	110	134	100	135	89	135	79	134	70	132	62	131	55	130	48	130	42	130	37	130	33	130	30	129	28	127	27	124	27	120	28	116	28	111	27	107	25	104	22	102	19	101	17	101	15	102	14	104	14	107	15	111	16	116	18	122	21	129	25	136	30	142	34	147	37	151	39	155	40	158	40	160	39	161	37	161	34	160	30	158	25	155	20	151	14	146	9	140	4	133	0	125	-3	116	-7	107	-11	97	-14	86	-16	74	-17	63	-17	52	-16	42	-14	33	-11	25	-7	18	-2	12	4	7	11	3	19	0	28	-2	38	-3	49	-3	60	-2	70	0	80	3	89	7	97	12	104	16	110	19	115	21	119	23	122	24	124	24	125	24	125	
51:
107	25.069	173	125	172	126	170	128	167	131	163	134	158	137	152	139	145	140	139	140	134	139	130	137	127	134	125	130	124	127	123	125	121	124	118	124	114	125	109	127	104	128	98	129	92	129	87	128	83	126	79	123	76	119	73	114	70	108	67	101	65	95	64	89	62	84	61	80	61	77	60	74	58	72	55	71	51	71	46	72	41	74	36	77	31	81	26	85	21	88	17	90	14	91	12	92	10	93	9	95	9	98	10	102	12	107	15	113	17	120	18	126	19	131	19	135	18	138	16	140	15	141	14	141	13	140	12	138	12	135	13	131	13	126	14	120	16	113	19	105	23	96	26	86	28	75	31	63	35	52	40	42	46	33	52	25	59	18	67	12	76	7	84	3	91	0	97	-2	102	-3	106	-3	109	-2	111	0	113	3	116	7	119	12	122	18	126	25	131	33	136	42	140	52	143	63	145	73	147	82	150	90	154	97	159	104	163	110	167	115	170	119	172	122	173	124	173	125	173	125	
52:
102	17.358	8	38	9	37	11	35	14	32	17	28	21	25	26	23	32	21	39	19	47	18	55	16	64	13	72	11	79	10	86	10	92	11	97	13	101	15	104	18	106	22	107	26	107	31	106	36	104	42	101	49	97	57	93	65	90	72	88	78	87	84	87	89	88	93	90	96	93	98	95	99	98	99	100	98	101	96	101	94	100	92	98	91	95	91	91	91	87	92	83	94	80	97	77	101	75	104	74	106	74	109	75	111	77	113	80	115	84	118	89	121	94	125	99	130	103	136	106	143	108	151	109	158	110	164	112	169	115	173	119	176	124	178	130	179	137	179	144	180	151	180	157	179	162	177	166	174	169	170	171	165	172	159	172	152	171	144	169	136	166	129	162	121	157	113	151	106	144	100	136	95	127	90	117	85	106	79	94	72	83	66	72	61	62	57	53	54	44	51	36	49	29	47	23	45	18	43	14	41	11	40	9	39	8	38	8	38	
53:
119	96.717	110	154	109	153	107	152	104	151	100	149	95	147	91	146	88	145	86	145	84	146	83	146	83	147	84	147	85	146	87	144	90	142	94	139	98	135	101	130	103	124	104	117	104	111	103	106	102	102	102	99	103	97	105	96	108	96	112	97	116	99	121	102	127	106	134	111	142	117	149	124	155	130	160	135	164	141	167	146	169	150	170	153	171	155	172	156	174	156	177	155	179	153	181	150	184	146	186	141	187	135	187	128	186	120	184	111	181	101	177	90	172	78	166	67	159	57	151	48	142	40	134	33	125	27	115	22	104	18	92	15	79	13	65	12	52	12	40	13	29	15	19	17	10	20	2	24	-5	29	-11	35	-16	42	-20	50	-23	59	-25	68	-26	76	-26	84	-25	92	-23	99	-20	105	-16	110	-11	114	-6	117	0	119	7	120	14	120	20	119	25	117	29	116	32	115	34	115	35	116	35	118	34	121	32	125	30	129	29	134	29	140	30	145	32	149	35	152	39	155	44	158	50	161	57	163	65	164	74	164	82	164	89	163	95	162	100	160	104	157	107	155	109	154	110	154	110	154	
54:
108	2.359	157	29	158	28	160	26	161	23	161	20	160	18	158	17	156	17	153	18	149	19	144	20	139	20	135	19	132	17	130	14	128	10	127	6	127	3	126	1	126	0	127	0	129	1	130	3	130	6	129	10	127	15	124	20	120	26	116	32	113	37	111	41	109	44	108	46	106	47	103	47	99	46	94	44	88	41	82	37	77	33	72	29	67	26	61	24	54	23	47	23	40	24	34	25	29	27	25	30	22	34	20	39	19	45	19	52	20	60	22	68	25	75	28	81	30	87	31	93	31	99	30	104	28	109	25	113	23	116	22	118	22	119	23	119	25	118	28	116	32	113	37	110	43	107	50	105	58	104	66	104	75	105	85	107	96	110	106	114	115	119	123	125	130	130	136	134	142	137	149	139	156	140	163	140	169	139	174	137	178	134	181	130	183	125	184	119	184	113	183	106	181	98	178	89	174	79	169	70	165	62	161	55	158	49	156	44	155	39	155	35	155	32	156	30	157	29	157	29	
55:
112	24.399	88	143	88	142	89	140	91	137	94	133	97	129	101	126	106	124	112	122	119	121	127	121	134	122	140	124	145	126	149	129	152	131	154	134	155	138	156	143	156	149	155	156	153	162	150	167	146	171	141	174	135	176	128	178	120	179	111	179	102	178	92	178	81	177	71	177	62	177	54	176	47	174	41	171	36	167	32	162	29	156	27	149	26	142	26	134	27	126	29	117	32	107	36	97	41	88	47	79	54	71	62	64	71	57	80	51	90	46	99	42	109	39	120	37	130	36	139	34	147	33	154	33	160	34	165	36	169	39	172	43	174	48	175	53	176	58	177	62	177	65	176	67	174	68	171	68	167	67	162	65	158	62	154	58	151	53	148	47	146	40	145	34	145	28	146	22	148	17	151	13	155	10	159	8	164	7	168	7	171	8	173	10	174	13	174	17	173	22	171	28	169	35	166	43	162	51	157	60	152	70	146	79	139	88	131	98	123	107	116	115	109	122	103	128	98	133	94	137	91	140	89	142	88	143	88	143	
56:
120	1.098	106	16	105	17	104	19	102	22	99	26	95	30	90	35	85	39	79	42	74	44	70	45	67	45	65	44	63	43	62	43	61	44	61	46	62	49	64	51	67	53	71	55	75	58	79	60	82	63	84	67	85	72	85	78	84	84	82	91	79	97	75	103	70	109	64	114	59	118	55	121	52	124	50	126	49	127	49	127	50	127	52	127	55	128	59	130	64	133	70	136	76	139	82	141	87	142	91	142	94	141	96	139	97	136	97	132	96	127	94	122	91	117	87	113	82	109	76	104	69	100	61	96	54	93	46	91	37	90	29	89	22	89	16	88	11	86	7	83	4	80	2	77	1	73	1	68	2	63	4	59	7	54	11	50	16	46	22	43	29	39	35	34	40	30	44	27	47	24	49	22	50	21	50	21	49	22	47	24	45	26	42	27	38	27	33	26	27	24	21	22	16	21	12	21	9	21	7	21	6	20	6	18	7	15	9	12	12	9	16	7	21	6	27	6	34	7	42	8	51	10	61	11	70	11	78	10	85	9	91	9	96	10	100	11	103	13	105	15	106	16	106	16	
57:
110	24.16	95	34	95	33	96	31	98	28	99	24	99	20	98	17	96	15	93	14	89	14	84	14	79	15	74	17	70	20	66	24	63	29	61	35	60	42	60	50	60	59	61	68	63	76	66	83	70	89	75	94	80	98	84	102	87	107	89	113	90	120	90	127	91	134	93	140	96	146	100	151	105	155	110	158	115	160	119	161	122	161	124	160	125	158	125	155	124	153	122	152	119	152	116	153	112	155	107	158	101	162	94	166	86	169	78	171	70	172	63	172	57	171	52	170	48	168	45	167	43	167	42	168	42	168	43	168	45	168	48	167	52	165	57	162	63	159	70	155	78	150	87	144	97	139	108	133	118	128	128	124	137	119	145	113	152	108	158	103	163	98	167	93	170	87	172	80	173	72	173	64	172	57	170	51	169	46	169	42	170	39	172	37	173	34	173	30	172	26	170	23	167	21	163	20	158	20	152	21	145	23	138	26	131	28	123	29	116	31	110	32	105	32	101	32	98	33	96	34	95	34	95	34	
58:
92	6.651	131	68	130	67	129	65	127	62	126	58	124	53	121	48	117	43	112	39	106	36	99	34	93	33	88	33	84	34	81	35	79	36	78	36	78	35	79	33	81	30	84	26	88	21	91	15	93	10	94	6	94	3	93	1	91	0	88	-1	84	-1	79	0	73	2	66	5	58	8	50	10	43	12	36	14	30	17	25	21	21	26	18	32	16	39	15	47	14	56	14	64	13	73	11	82	9	92	7	103	6	113	6	122	7	130	9	137	12	143	15	148	19	153	23	157	28	160	34	162	41	163	49	163	58	162	67	160	77	157	87	153	98	148	108	142	118	135	127	128	135	120	142	111	149	102	155	94	160	85	164	77	167	70	170	64	172	59	173	55	173	52	172	50	170	49	167	49	163	49	158	50	152	52	146	55	141	58	137	62	134	65	132	67	131	68	131	68	
59:
110	6.465	15	152	16	151	18	150	21	148	25	146	30	145	36	144	43	144	51	145	60	146	69	148	79	150	89	151	100	152	110	154	119	156	127	157	134	157	140	156	145	154	149	151	152	147	154	142	155	138	155	133	154	127	152	121	151	114	151	108	152	102	154	96	157	91	159	87	160	84	160	82	159	81	157	81	154	82	150	84	145	86	139	88	132	89	124	89	117	88	110	86	104	83	99	79	95	74	92	70	89	66	85	63	80	61	75	60	69	60	62	61	54	63	47	65	41	66	36	66	32	65	29	63	27	60	26	56	24	51	23	45	23	38	24	30	26	21	29	12	33	4	38	-3	44	-9	51	-14	59	-18	68	-22	78	-25	88	-27	98	-28	107	-28	115	-27	122	-25	128	-22	133	-18	137	-13	140	-7	142	0	143	8	143	16	142	25	140	33	137	40	133	48	128	57	122	66	115	76	107	87	98	98	88	108	78	117	69	125	60	132	51	138	43	143	36	147	30	150	25	152	21	153	18	153	16	152	15	152	15	152	
60:
106	1.421	174	152	173	151	171	150	168	149	164	147	159	144	155	140	152	135	149	129	146	122	142	115	137	109	131	104	124	100	116	95	107	91	98	88	90	86	82	83	75	79	69	74	64	70	60	67	57	65	55	64	52	64	48	65	45	67	43	70	42	74	42	79	41	84	39	90	38	96	37	102	35	108	32	113	28	117	24	120	20	122	16	123	13	123	10	122	8	120	7	119	7	119	7	120	8	122	10	125	13	129	17	134	22	139	28	145	33	150	39	155	45	159	50	162	56	164	63	165	69	165	74	164	80	162	85	159	89	155	93	150	96	144	98	137	100	129	102	120	103	110	103	100	102	89	102	78	102	68	103	59	105	51	108	44	112	38	117	33	122	29	128	26	135	24	143	23	151	23	158	24	164	26	169	29	173	33	176	38	178	44	179	51	179	59	180	67	182	76	183	86	183	97	182	107	180	116	177	124	174	131	172	137	171	142	171	146	172	149	173	151	174	152	174	152	
61:
126	78.949	53	159	54	160	56	162	59	163	62	164	66	164	69	163	71	161	72	158	72	154	71	149	69	143	66	137	62	132	57	128	51	125	44	123	38	122	33	122	28	123	22	125	17	128	13	132	10	137	7	142	5	147	3	151	1	154	0	156	0	157	1	157	3	156	6	154	10	151	15	147	21	144	28	140	36	137	45	135	53	132	60	128	66	124	71	119	75	115	79	111	82	106	84	102	85	97	85	92	84	88	82	85	79	83	75	81	70	78	65	74	59	69	54	64	50	58	47	51	45	44	44	36	44	28	45	21	47	15	50	10	54	6	59	3	65	1	72	0	80	0	87	1	93	3	98	6	102	10	106	15	109	21	111	28	112	36	112	43	112	49	113	54	115	58	118	61	122	63	127	64	133	64	139	63	146	61	152	58	157	54	162	50	166	45	169	39	171	32	172	25	172	19	171	14	169	10	166	7	162	5	157	4	152	4	148	5	145	7	143	10	142	14	142	19	142	25	141	32	139	40	136	49	132	59	127	70	121	82	114	93	106	104	98	114	89	123	81	131	74	138	68	144	63	149	59	153	56	156	54	158	53	159	53	159	
62:
108	12.402	0	24	1	25	3	27	6	28	10	29	15	29	21	29	28	29	34	28	39	26	43	25	47	25	51	26	54	28	56	31	58	35	59	40	59	46	58	53	56	61	53	68	51	74	49	79	47	83	45	86	44	88	44	89	45	89	47	89	50	89	54	90	59	92	64	93	68	95	71	98	73	102	74	107	76	113	78	120	79	128	79	136	78	144	76	151	73	157	69	162	64	166	58	169	51	171	44	172	38	172	33	171	29	169	26	166	24	162	23	158	23	155	24	153	26	152	29	152	33	153	38	155	44	157	51	160	59	164	68	169	77	175	87	180	97	184	108	187	118	189	128	190	137	190	145	189	152	187	158	184	163	180	167	175	170	169	172	162	173	154	173	145	173	135	172	124	170	112	167	99	163	86	158	74	152	63	146	53	139	44	131	36	122	29	112	23	101	18	90	14	78	10	66	7	55	5	45	4	36	4	28	5	21	7	15	10	10	14	6	18	3	21	1	23	0	24	0	24	
63:
118	24.684	28	36	29	37	29	39	30	42	31	45	32	47	32	50	31	52	29	53	27	53	26	52	26	50	26	47	27	43	29	38	32	32	36	25	41	19	47	14	54	9	62	5	69	1	77	-2	85	-4	92	-5	98	-5	103	-4	107	-2	110	1	112	5	113	10	113	16	112	23	111	31	111	40	112	49	114	57	117	64	121	70	126	75	132	79	139	82	147	84	154	85	160	85	166	84	171	82	175	79	178	75	180	70	181	64	182	59	183	55	183	52	182	50	180	49	179	49	177	50	175	52	174	55	174	59	175	64	176	70	176	77	177	85	177	94	178	104	178	113	177	122	177	130	176	137	175	143	173	149	170	154	166	158	161	161	155	163	148	164	142	164	137	163	133	161	130	158	128	154	127	149	125	144	122	140	118	137	113	135	108	134	102	134	96	135	89	137	81	140	72	143	62	145	53	146	45	146	38	145	31	143	24	140	18	136	13	131	9	125	6	119	3	112	1	105	0	98	0	90	1	81	3	72	6	64	10	57	15	51	19	46	22	42	25	39	27	37	28	36	28	36	
64:
130	6.724	48	31	47	30	45	28	42	25	38	21	33	17	29	14	26	12	24	11	21	10	17	10	13	11	10	13	8	16	7	20	7	24	8	28	10	33	13	39	17	45	22	51	27	56	33	60	40	64	48	67	57	69	67	70	76	70	84	70	91	69	97	67	102	64	106	60	109	55	111	50	112	46	113	43	114	41	114	40	113	40	113	41	114	43	116	46	119	49	123	51	128	53	134	54	139	54	143	53	146	51	148	48	149	44	149	39	148	33	146	27	145	22	145	18	146	15	148	13	151	12	155	12	160	13	166	15	172	18	179	22	186	26	192	31	197	37	201	44	204	52	206	61	207	71	207	80	206	88	204	95	201	101	197	106	192	110	186	113	179	115	172	116	164	116	155	115	145	113	136	110	127	107	119	105	112	104	106	104	101	105	97	107	94	110	92	114	91	119	91	125	90	132	88	140	85	148	81	155	77	161	74	166	70	170	65	173	59	175	52	176	46	176	41	175	37	173	34	170	32	166	30	161	29	156	29	150	30	143	31	135	31	126	31	116	31	105	32	95	34	86	37	76	41	67	45	59	48	52	50	46	51	41	51	37	50	34	49	32	48	31	48	31	
65:
133	97.725	12	34	13	35	15	37	18	40	22	44	26	49	30	53	33	56	35	58	36	59	36	59	35	58	33	56	31	53	29	49	28	44	28	38	29	31	31	25	34	20	38	15	43	11	47	8	52	6	58	5	64	5	71	6	78	8	85	11	91	15	96	20	100	24	103	27	105	29	106	30	107	30	107	29	106	28	104	28	101	29	97	30	93	32	90	35	88	39	87	44	87	50	88	57	90	64	92	72	93	81	93	91	94	101	94	111	93	120	92	128	92	135	93	141	95	146	98	150	102	153	106	155	111	156	116	156	122	155	128	153	135	150	143	146	150	141	156	135	161	128	165	120	168	111	170	101	172	91	175	82	179	72	182	63	184	55	185	48	185	42	184	37	182	33	179	30	175	28	170	27	166	27	163	28	159	30	154	33	148	37	142	42	137	48	132	55	128	63	125	71	121	80	116	90	110	101	103	112	95	122	86	131	76	139	65	146	53	152	42	157	31	161	21	164	12	166	4	167	-4	167	-11	166	-17	164	-22	161	-26	157	-29	152	-31	146	-32	139	-32	131	-31	122	-29	113	-26	104	-22	94	-17	85	-12	77	-7	70	-3	62	0	55	4	49	7	44	9	40	10	37	11	35	12	34	12	34	
66:
107	3.953	165	144	165	145	164	147	162	149	160	152	159	155	159	157	159	158	160	158	161	157	161	155	161	152	160	148	158	143	156	139	154	135	151	131	147	128	142	126	136	125	131	125	127	126	124	127	122	129	120	132	119	134	119	135	120	135	122	134	125	132	129	129	134	125	139	120	145	114	151	107	156	100	160	92	164	83	167	73	169	64	170	56	170	49	169	42	167	36	164	31	160	27	155	24	149	21	142	19	134	18	125	18	115	17	105	15	94	12	82	8	71	4	61	1	52	-1	44	-2	37	-2	31	-1	26	1	22	4	19	8	17	13	16	19	16	24	17	30	19	37	21	44	24	52	27	61	29	71	30	81	30	90	29	100	27	109	24	117	21	124	18	130	16	137	15	144	15	152	16	159	18	165	21	170	25	174	30	177	36	179	43	180	51	180	59	179	68	178	78	178	88	177	99	175	110	172	120	168	129	163	137	158	144	153	150	149	155	146	159	144	162	143	164	143	165	144	165	144	
67:
90	6.275	52	28	51	27	49	25	47	22	46	20	46	19	47	18	49	18	51	19	54	21	58	24	63	28	69	33	76	38	84	43	91	47	99	50	107	52	116	53	125	53	134	52	143	50	151	48	158	45	164	42	169	38	173	33	176	27	178	21	179	15	179	10	178	6	176	3	173	1	169	0	164	0	158	1	153	2	147	2	140	3	132	5	124	8	117	12	111	17	106	23	102	30	99	38	97	47	96	57	96	68	97	80	98	91	100	101	103	110	106	118	109	126	111	134	112	141	113	147	113	152	112	156	110	160	107	163	103	165	98	166	92	166	85	165	79	163	73	160	68	156	64	151	61	145	59	139	58	133	58	127	59	120	61	112	64	103	66	93	67	83	67	73	66	64	64	56	61	49	57	43	54	38	52	34	51	31	51	29	52	28	52	28	
68:
124	196.704	103	24	102	24	100	25	98	27	96	29	95	32	95	36	96	39	98	41	101	42	104	42	108	41	113	39	118	36	122	32	125	29	127	26	128	24	128	22	127	21	125	19	122	16	118	14	113	12	107	11	100	11	92	12	84	14	75	17	67	21	60	26	54	31	49	36	45	41	41	45	38	48	35	50	32	51	30	51	29	50	28	48	27	45	26	41	26	36	26	30	27	23	29	17	31	12	32	8	32	5	32	3	33	2	34	2	36	3	39	5	43	8	47	12	51	17	54	23	57	30	61	38	65	47	68	57	70	68	73	79	76	90	79	100	81	109	82	117	82	124	82	131	81	137	79	142	76	146	72	149	67	151	61	154	54	156	48	157	43	157	39	156	36	155	34	153	33	150	32	146	32	141	33	137	35	133	38	130	42	127	47	125	53	124	60	124	68	125	77	127	86	130	96	134	107	137	117	139	126	141	134	143	141	144	147	144	152	143	156	141	159	138	161	134	162	129	162	123	161	116	159	108	156	99	152	89	147	79	141	69	134	60	127	52	121	45	116	39	112	34	109	30	106	27	104	25	103	24	103	24	
69:
118	46.992	92	81	91	80	89	78	87	75	85	71	82	67	79	64	75	62	71	61	66	61	61	62	57	64	54	67	52	71	51	76	51	82	52	89	54	96	56	103	58	110	59	117	59	123	58	128	56	133	53	138	49	144	46	149	44	153	43	156	43	159	44	161	46	162	49	164	53	167	58	169	64	172	70	174	77	175	85	175	92	174	98	173	103	171	108	168	112	164	115	159	117	153	118	148	118	144	117	139	115	135	112	132	108	128	105	125	103	123	102	122	102	120	103	118	105	115	108	111	112	108	117	106	123	104	130	103	137	103	143	103	148	102	152	101	155	101	157	102	158	104	158	106	157	108	155	111	152	113	148	114	143	114	137	113	130	112	122	110	113	107	103	103	92	98	81	92	70	86	60	81	51	77	43	72	36	66	30	60	25	53	21	45	18	37	16	29	15	22	15	16	16	11	18	7	21	4	25	2	30	1	36	1	43	2	50	4	56	7	63	11	69	16	74	22	78	29	81	37	83	45	84	53	86	60	87	66	87	71	88	75	89	78	91	80	92	81	92	81	
70:
129	51.722	18	156	18	155	19	153	20	150	22	146	25	141	27	136	29	132	32	129	36	127	41	126	45	126	50	127	54	129	57	131	59	134	60	138	60	142	59	147	57	153	54	159	52	164	51	168	51	171	52	173	54	174	57	175	61	175	66	174	71	172	76	169	82	165	89	160	95	154	100	148	104	142	107	137	109	131	110	126	110	122	109	119	107	117	104	115	100	114	95	112	91	109	88	105	86	100	85	94	85	87	86	81	88	76	91	72	95	69	100	67	106	65	112	64	119	64	126	65	132	67	137	70	141	74	145	79	150	85	155	92	161	100	166	109	170	118	173	128	175	137	177	145	178	152	179	158	179	163	178	167	176	170	173	172	169	173	164	173	158	172	151	170	143	167	134	163	124	158	113	152	103	145	94	137	86	128	79	118	73	107	68	95	64	82	61	70	59	59	58	49	58	40	59	32	59	25	59	19	59	14	60	10	61	7	61	5	60	4	58	4	55	5	51	7	46	10	42	14	38	19	33	25	29	32	24	40	20	49	17	59	13	69	9	79	6	90	4	101	3	111	2	120	2	128	3	135	5	141	8	146	12	150	15	153	17	155	18	156	18	156	
71:
125	52.36	159	74	160	73	161	71	163	69	164	66	164	62	163	57	163	53	162	50	160	48	157	47	153	47	150	47	148	48	147	50	147	53	148	55	150	56	153	56	157	55	161	53	164	50	166	46	167	41	167	35	166	29	164	24	161	19	157	15	152	12	146	10	139	9	131	9	122	10	112	12	102	13	92	13	83	13	75	13	68	13	62	14	57	16	53	19	50	23	48	28	46	33	45	37	43	42	40	47	36	51	31	54	27	56	24	57	22	58	21	60	21	62	22	65	24	69	27	74	31	79	36	85	42	92	48	100	54	109	60	119	66	129	71	138	77	146	84	153	91	159	99	164	106	168	112	171	117	173	121	174	124	174	126	173	127	171	127	168	126	166	124	164	121	163	117	163	112	164	106	166	99	169	91	173	82	177	72	182	62	186	52	189	43	191	35	192	28	192	22	191	17	189	13	186	10	182	8	177	7	173	7	168	8	162	10	155	13	148	17	141	22	135	28	129	35	122	43	114	52	106	62	99	73	93	83	87	94	82	104	78	114	75	123	73	131	72	138	70	144	69	149	69	153	70	156	72	158	73	159	74	159	74	
72:
100	78.417	92	162	93	161	95	159	98	156	102	153	107	150	113	146	120	143	128	141	135	140	141	140	146	139	150	137	153	134	155	130	156	125	156	119	155	112	153	105	150	99	146	94	141	90	135	86	128	83	120	81	112	80	104	80	95	81	87	83	80	86	74	90	69	94	65	99	62	103	59	106	57	109	56	111	55	112	53	112	50	111	48	109	45	106	41	102	36	97	31	91	27	84	24	76	22	69	19	63	17	58	16	54	16	51	17	49	19	48	21	48	24	48	28	48	33	47	39	45	46	42	54	39	63	35	72	32	82	30	91	29	99	27	107	25	114	22	120	18	125	13	130	9	134	6	137	4	139	3	142	3	146	4	151	6	156	9	160	13	163	18	165	24	166	31	166	39	165	48	163	58	161	69	158	81	154	93	149	104	143	114	136	123	128	131	120	138	113	144	107	149	102	153	98	156	95	159	93	161	92	162	92	162	
73:
100	72.072	169	66	168	67	166	69	163	70	159	70	155	69	150	67	144	64	139	60	133	55	127	51	121	48	115	46	110	44	106	42	103	39	101	35	100	30	100	24	101	19	103	13	106	8	110	4	115	1	121	-1	128	-2	136	-2	144	-1	151	1	157	4	162	8	166	12	170	17	173	23	175	30	176	38	176	47	175	57	173	67	170	76	166	84	161	91	155	98	148	104	141	109	133	113	125	116	116	118	108	120	101	123	95	127	90	130	86	132	83	133	81	133	79	132	77	130	74	127	70	123	67	118	64	113	60	107	55	100	49	93	43	87	36	82	28	78	21	75	15	73	10	72	6	72	3	73	1	75	0	78	0	82	1	87	3	93	6	100	10	106	15	111	21	115	28	118	36	120	45	121	55	122	66	122	78	121	91	119	103	116	114	112	124	107	133	101	141	94	148	87	154	81	159	76	163	72	166	69	168	67	169	66	169	66	
74:
120	5.754	27	121	28	122	28	124	28	127	29	131	29	136	29	142	28	147	28	153	29	159	29	164	28	169	26	173	23	176	20	178	17	179	15	179	14	178	14	176	15	173	17	169	20	164	24	158	29	152	35	147	42	143	50	140	59	138	67	137	74	137	80	138	85	140	90	143	95	147	101	152	108	157	116	161	123	164	129	166	134	167	138	167	141	166	143	164	144	161	144	157	143	152	141	146	138	140	134	133	129	127	123	122	116	118	109	115	103	112	98	110	93	108	89	107	86	105	84	102	83	98	83	93	84	88	85	83	85	79	84	76	82	74	79	73	75	72	70	72	64	73	57	73	51	72	46	70	42	67	39	63	37	59	36	54	36	50	37	45	39	39	42	32	46	25	51	19	57	14	64	10	72	7	81	5	90	4	100	4	109	5	117	7	124	10	130	14	135	18	139	23	142	29	144	35	145	40	145	45	144	51	142	57	139	63	135	68	130	72	124	76	117	81	109	87	101	92	92	96	82	100	72	103	63	105	55	107	48	110	42	113	37	116	33	118	30	119	28	120	27	121	27	121	
75:
85	20.474	80	144	80	145	81	147	83	149	86	150	90	150	94	151	99	152	105	154	110	157	114	161	117	166	119	170	122	173	124	175	127	176	131	176	136	175	142	173	147	170	151	166	154	161	156	155	157	148	157	140	156	131	154	121	152	111	149	102	145	94	142	87	138	81	135	76	132	72	130	69	127	67	125	66	124	65	124	63	125	62	127	61	130	59	134	56	137	52	139	47	140	42	140	37	139	32	137	28	134	24	130	20	125	17	119	15	112	14	104	14	95	15	86	17	78	20	70	24	63	29	57	35	52	41	48	48	45	55	42	62	40	68	39	74	39	79	40	83	42	86	45	88	49	90	53	92	56	95	59	99	62	104	66	110	69	116	73	123	76	129	78	134	80	138	81	141	81	143	80	144	80	144	
76:
118	22.169	151	27	150	28	148	30	145	33	142	37	138	42	135	46	133	51	131	57	130	64	130	70	131	77	133	85	134	92	134	99	133	105	131	110	128	114	124	117	121	121	119	126	118	131	118	135	119	138	121	140	124	141	128	142	133	143	139	143	146	142	152	142	158	143	163	144	167	146	170	149	172	153	173	157	173	162	172	167	170	171	167	174	163	176	158	177	152	177	145	176	137	174	129	171	121	167	114	162	107	157	99	152	91	148	83	145	75	143	68	142	62	142	57	142	53	142	50	141	48	139	47	136	47	132	48	127	50	121	53	114	57	106	60	99	62	92	63	86	63	81	62	77	60	74	57	72	53	71	48	71	42	72	35	74	27	77	18	81	10	86	3	92	-3	99	-8	107	-12	116	-15	126	-17	135	-18	143	-18	150	-17	156	-15	161	-12	165	-8	168	-3	170	3	171	10	171	17	170	23	168	28	165	32	161	36	156	40	150	45	143	51	135	58	126	66	116	75	105	85	93	96	82	106	72	115	63	123	55	130	48	136	42	141	37	145	33	148	30	150	28	151	27	151	27	
77:
100	54.751	58	20	57	21	55	23	54	26	53	30	53	35	54	40	55	45	57	49	60	52	64	54	69	55	75	55	82	54	90	53	99	53	109	53	119	54	129	56	138	59	146	63	153	67	159	70	164	74	168	79	172	85	175	91	177	98	178	106	178	115	177	124	175	132	172	140	168	147	163	153	157	158	150	162	142	165	133	167	125	168	118	168	112	167	106	165	101	163	97	160	94	156	92	151	91	145	89	139	88	132	86	126	83	121	79	117	74	114	69	112	63	111	56	111	48	112	40	114	33	117	27	121	22	126	18	131	15	136	13	141	12	146	12	150	13	153	13	155	13	156	13	156	14	155	14	153	14	150	14	146	14	141	13	135	13	128	12	120	12	111	12	101	12	90	13	78	13	67	13	57	14	48	14	40	15	33	17	27	20	22	24	18	29	15	35	13	41	12	46	12	50	13	53	15	55	17	57	19	58	20	58	20	
78:
104	6.191	15	133	14	134	14	136	14	139	15	143	16	148	17	153	19	158	21	162	23	165	26	167	29	168	33	168	38	167	44	165	50	162	57	158	64	153	72	147	79	140	85	132	92	124	99	117	106	111	113	106	119	102	124	99	128	97	131	96	133	96	135	97	137	99	140	100	143	100	145	99	147	98	150	96	154	93	159	89	163	84	166	78	168	71	169	63	171	54	172	45	172	37	171	30	169	24	166	19	162	15	157	12	151	10	144	9	136	9	127	10	118	12	110	15	102	19	95	23	89	26	84	29	80	33	77	37	75	41	74	45	74	48	75	50	77	51	80	51	83	50	85	48	86	45	86	41	86	36	86	30	85	24	83	19	80	15	76	12	71	10	65	9	58	9	51	10	45	12	40	15	36	19	33	24	29	29	25	35	21	42	18	50	16	59	15	68	13	78	10	88	8	97	7	105	6	112	6	118	7	123	9	127	12	130	14	132	15	133	15	133	
79:
120	73.129	12	69	13	70	15	72	18	75	22	79	27	82	31	85	35	89	38	94	40	100	41	107	41	115	40	123	38	132	36	141	35	149	35	156	36	162	38	168	41	173	45	177	50	180	56	182	62	183	69	183	77	182	86	180	94	177	101	173	107	168	112	162	116	155	119	148	121	142	122	136	122	130	121	123	119	115	116	106	112	97	107	89	101	82	95	76	90	69	86	63	83	56	81	48	79	41	77	35	74	30	70	26	65	23	59	21	52	20	44	20	37	21	29	23	22	26	16	28	11	29	7	29	4	28	2	26	1	23	0	20	0	16	1	11	3	5	6	0	10	-4	15	-7	21	-9	28	-10	36	-10	45	-9	55	-7	66	-4	78	0	90	4	103	9	115	15	126	21	136	28	145	36	153	44	161	52	168	61	174	71	179	81	183	91	186	100	188	108	189	115	189	123	188	130	186	136	183	141	179	145	174	148	168	150	161	151	153	151	145	150	136	149	126	147	115	144	103	140	90	135	78	129	67	122	57	114	48	105	40	97	33	90	27	84	22	79	18	75	15	72	13	70	12	69	12	69	
80:
98	97.237	160	18	161	19	163	21	166	24	169	28	171	33	172	39	172	46	171	52	169	57	166	61	162	64	157	66	151	67	145	67	138	68	130	68	121	67	111	67	102	68	94	70	87	73	81	77	76	82	72	88	69	95	67	102	66	108	64	114	61	119	57	123	52	126	47	130	42	134	37	138	32	141	28	143	25	144	23	144	20	143	18	141	17	138	16	134	16	131	17	129	19	128	21	128	22	129	22	131	21	134	19	138	17	143	14	149	10	154	7	160	5	165	4	169	4	172	5	175	6	177	7	178	7	178	6	177	4	175	1	172	-1	168	-3	163	-6	157	-8	150	-10	142	-11	133	-11	123	-10	112	-8	100	-6	87	-3	75	1	64	6	54	12	45	19	36	27	28	36	21	46	15	57	10	69	6	82	3	94	1	105	-1	115	-2	124	-2	132	-1	139	1	145	4	150	8	154	12	157	15	159	17	160	18	160	18	
81:
114	84.383	84	127	85	128	86	130	88	133	91	137	94	142	97	148	100	154	102	159	103	163	103	166	102	168	100	170	97	171	93	171	88	170	82	168	75	165	67	162	58	160	50	159	42	159	35	160	29	162	24	165	20	169	17	173	15	176	13	178	10	179	6	179	2	178	-1	176	-3	173	-6	169	-8	164	-9	158	-9	151	-8	143	-6	134	-3	124	1	115	6	107	12	100	19	94	27	89	36	85	46	81	57	78	69	76	80	75	90	75	99	76	107	77	115	77	122	76	128	74	133	71	137	67	140	62	142	56	143	51	143	45	142	38	140	32	137	27	135	23	134	19	134	15	135	11	137	8	140	5	144	3	149	2	155	2	160	3	165	5	169	8	172	12	174	17	175	23	176	30	176	38	175	47	175	57	174	68	172	80	170	92	167	104	163	115	160	125	158	134	157	142	157	149	157	155	157	160	156	164	156	167	155	169	153	170	150	170	146	169	141	167	135	164	128	160	120	156	112	151	105	146	99	142	94	137	90	133	87	130	85	128	84	127	84	127	
82:
112	10.93	63	142	62	143	60	144	57	146	53	149	50	153	47	156	44	158	42	159	41	159	41	158	42	158	44	159	46	160	47	161	47	163	46	165	44	166	41	167	37	168	32	169	28	169	25	168	21	166	18	164	16	161	15	157	15	153	16	148	18	143	21	139	25	134	30	130	36	127	43	123	51	119	59	114	66	110	72	107	77	105	81	104	84	103	86	103	87	103	87	104	86	104	84	105	81	106	77	108	72	110	66	113	59	115	51	116	44	116	38	115	33	113	29	110	26	106	24	101	23	95	23	88	24	81	26	73	29	64	33	56	38	49	44	42	51	36	59	31	68	27	77	24	87	22	97	20	106	19	116	19	125	20	133	21	141	23	148	26	154	30	159	35	163	41	166	48	170	56	173	65	175	75	176	86	177	98	178	110	178	121	177	131	175	140	172	148	168	155	163	161	157	166	150	170	142	173	133	175	123	176	114	176	105	175	97	173	90	170	84	166	78	161	73	156	69	152	66	148	64	145	63	143	63	142	63	142	
83:
106	58.053	171	145	172	146	172	148	172	151	171	153	169	154	166	155	162	155	158	154	155	152	152	149	150	145	149	140	149	134	150	128	152	123	155	119	159	116	164	114	169	112	173	110	176	107	178	105	179	104	179	102	178	99	176	97	173	94	169	90	164	85	158	79	151	73	143	68	135	64	128	61	122	59	116	57	111	56	106	56	102	57	99	59	95	62	92	66	90	71	87	77	84	84	80	92	75	101	69	109	64	116	60	122	55	127	49	131	43	134	37	136	30	137	23	137	17	136	12	134	8	131	5	127	3	122	2	116	2	109	3	101	5	94	7	88	10	82	14	77	19	72	25	68	32	63	40	57	49	50	59	43	70	37	82	32	95	28	108	23	121	19	133	16	144	14	154	13	163	13	171	14	178	16	185	19	191	23	196	28	200	34	203	41	205	49	206	58	207	68	207	79	206	90	204	100	201	109	197	117	192	124	186	130	181	135	177	139	174	142	172	144	171	145	171	145	
84:
118	266.796	167	96	166	95	164	94	161	92	157	89	152	85	148	80	145	76	142	73	140	70	139	68	139	65	140	63	142	62	145	61	147	60	148	58	148	55	147	52	145	48	142	45	138	43	133	40	127	37	120	35	112	34	103	32	93	29	84	27	76	26	68	25	61	25	55	26	50	27	46	27	43	26	41	24	40	21	40	18	41	14	43	11	46	9	50	8	53	8	55	9	56	11	56	14	55	18	53	23	50	29	48	36	47	44	47	53	48	62	48	70	49	77	51	83	52	88	52	92	51	95	49	97	46	98	42	98	37	97	31	96	25	94	20	93	15	93	11	94	8	96	6	99	5	103	5	108	6	114	8	121	11	128	15	135	20	141	26	146	32	150	39	153	47	156	55	159	64	161	73	162	82	162	91	161	99	159	106	156	112	152	117	148	121	145	125	143	130	142	136	142	142	143	147	145	151	148	154	152	157	155	160	157	162	158	165	158	169	157	173	155	176	152	178	148	180	143	181	137	182	130	182	124	181	117	179	111	176	106	173	102	170	99	168	97	167	96	167	96	
85:
122	46.621	31	139	30	138	28	136	25	133	22	129	20	124	19	118	18	112	18	107	19	102	21	98	24	95	28	93	33	92	39	92	46	93	54	94	63	94	72	94	80	94	87	95	93	95	98	95	102	94	105	92	107	89	108	85	108	80	107	75	105	69	102	62	99	54	95	45	90	37	84	29	77	22	69	16	61	11	53	7	46	3	40	0	35	-2	31	-3	27	-3	24	-2	22	0	21	3	21	7	22	12	24	18	27	25	31	33	36	41	42	48	49	54	57	59	66	63	76	66	87	68	99	69	111	69	122	69	132	68	141	66	149	63	156	59	162	54	167	48	171	42	174	36	176	31	177	27	177	24	176	22	174	21	171	21	167	22	162	24	157	27	153	31	150	36	148	42	147	49	147	57	147	66	147	76	147	87	147	99	146	110	146	120	145	129	144	137	144	144	145	150	147	155	150	159	153	162	155	164	156	165	156	165	155	164	153	162	150	159	146	156	141	154	135	153	128	153	120	153	113	154	105	155	96	155	86	154	76	152	67	151	59	150	52	149	46	147	41	146	37	144	34	142	32	140	31	139	31	139	
86:
126	120.007	148	163	147	162	145	160	142	157	138	155	133	153	127	152	120	152	114	153	109	155	104	158	100	162	96	165	93	167	91	169	90	170	90	170	91	169	93	167	96	164	100	160	105	155	111	149	117	142	123	134	128	125	132	116	135	108	137	101	138	95	138	90	137	86	135	82	132	79	129	77	127	74	126	70	126	65	127	59	129	54	131	49	134	45	138	42	143	40	149	39	155	39	162	39	168	40	173	40	177	39	180	37	182	34	183	30	183	27	182	25	180	23	177	22	174	22	171	23	169	25	168	28	168	32	167	37	167	43	168	50	170	58	171	67	171	77	171	86	172	95	172	103	172	110	171	116	169	121	166	125	162	128	157	130	151	132	144	133	136	133	127	132	117	130	106	127	95	123	85	118	76	112	68	105	60	97	53	88	47	78	42	68	38	58	35	49	33	41	32	34	32	28	33	23	35	19	37	16	40	14	44	13	49	13	55	14	60	16	65	19	70	23	74	28	77	34	81	41	84	49	86	57	89	66	93	76	98	87	104	97	111	108	118	118	124	127	129	135	134	142	138	148	142	153	145	157	147	160	148	162	148	163	148	163	
87:
133	132.354	13	16	12	15	10	14	8	14	6	13	5	11	5	9	6	8	8	8	11	9	15	11	20	12	26	12	33	11	41	10	48	10	55	10	61	9	66	9	70	9	73	9	75	10	76	12	76	14	75	17	73	21	70	26	66	31	61	37	56	43	52	50	49	56	47	61	45	65	44	68	44	70	45	71	47	73	50	76	54	79	59	82	65	85	70	88	74	92	77	97	79	103	80	110	81	116	81	121	80	125	78	128	75	130	71	131	66	132	62	133	59	135	57	138	55	142	54	147	54	152	55	156	57	159	60	162	64	164	69	165	75	165	82	166	90	166	99	165	109	163	119	160	128	156	136	152	143	147	149	141	154	134	158	126	161	117	163	108	165	100	166	92	166	84	167	77	168	71	170	66	171	62	171	59	170	57	168	56	165	56	162	57	159	59	157	62	156	66	156	70	155	75	154	81	154	88	155	96	157	105	160	114	164	122	169	129	173	135	176	140	178	144	179	147	179	149	178	150	176	150	173	149	169	147	164	144	158	140	151	135	143	129	134	122	124	114	113	105	101	95	89	84	78	74	68	65	58	56	49	48	41	41	34	35	28	30	23	26	19	22	16	19	14	17	13	16	13	16	
88:
130	341.37	67	131	66	132	64	134	63	137	61	140	60	143	60	147	61	151	63	154	66	158	70	162	74	167	77	172	79	176	80	179	80	182	79	185	77	187	74	188	70	188	65	187	59	185	52	182	44	178	35	173	27	167	20	160	14	152	9	143	5	133	2	122	0	110	-1	98	-2	87	-2	77	-1	68	1	60	4	53	8	47	13	42	18	38	23	35	28	33	34	32	40	32	46	33	51	35	55	36	58	36	60	35	61	33	62	30	62	26	61	21	59	17	56	13	52	10	47	8	41	7	34	7	27	8	21	10	15	12	10	13	6	13	3	12	1	10	0	7	0	5	1	4	3	4	6	5	10	6	15	8	21	11	28	15	36	18	43	22	50	27	58	33	65	38	71	43	76	47	80	50	83	53	85	55	86	58	86	60	87	61	89	61	92	60	96	58	101	55	105	51	110	46	116	41	123	37	131	33	139	30	148	28	156	27	163	27	169	28	174	30	178	33	181	37	183	42	184	48	184	55	183	63	181	72	178	81	174	89	169	97	163	105	156	112	149	118	141	123	132	128	122	132	112	135	103	137	95	139	88	140	82	140	77	139	73	137	70	134	68	132	67	131	67	131	
89:
108	11.58	71	57	70	58	68	59	66	59	63	59	59	58	54	56	48	53	42	50	35	47	29	45	24	44	19	44	15	45	12	47	10	50	9	53	9	57	10	62	12	68	15	75	19	83	23	92	28	102	32	113	35	124	37	134	38	143	38	151	38	158	39	164	41	169	44	173	48	176	53	178	59	179	66	179	74	179	83	179	93	179	104	178	115	176	127	173	138	171	148	168	157	164	165	159	172	153	178	146	183	138	187	129	190	119	192	109	193	99	193	90	193	82	192	75	190	69	187	63	183	58	178	54	172	51	165	49	157	48	148	48	139	49	131	49	124	50	118	51	112	53	107	56	103	59	100	61	98	62	97	62	97	61	98	59	100	56	103	52	107	47	112	42	118	36	125	31	131	26	137	20	142	15	146	11	149	8	151	5	152	3	152	1	151	0	149	0	146	1	142	2	137	4	131	7	124	11	116	16	107	22	99	29	92	36	86	42	81	47	77	51	74	54	72	56	71	57	71	57	
90:
118	7.067	3	168	3	167	4	165	5	162	7	158	10	153	14	149	19	144	25	139	32	135	39	132	46	130	52	129	57	129	61	130	65	132	68	135	70	138	73	142	77	147	82	152	88	156	95	159	103	161	112	162	122	162	131	162	139	161	146	160	152	159	157	159	161	159	164	158	166	157	167	155	167	152	166	148	164	143	161	138	157	134	152	131	148	129	143	127	139	124	135	120	132	115	130	110	129	104	129	99	130	95	132	91	135	87	138	82	141	78	143	74	144	71	144	69	143	68	141	68	138	68	134	69	129	70	123	70	116	69	110	67	103	64	97	60	92	55	88	49	85	42	82	34	80	27	79	21	79	14	80	8	82	3	85	-1	89	-4	94	-6	100	-7	107	-8	115	-8	124	-7	133	-5	141	-2	148	2	154	6	159	9	163	11	166	13	168	15	169	16	169	18	168	21	166	25	163	30	159	36	154	43	148	51	141	60	133	69	124	79	114	89	103	98	91	106	80	114	69	121	58	127	48	134	39	140	31	147	24	153	18	158	13	162	9	165	6	167	4	168	3	168	3	168	
91:
110	37.504	70	59	70	58	69	56	67	53	66	49	66	44	67	39	69	34	71	29	74	23	76	16	77	9	77	3	76	-2	74	-6	71	-9	67	-11	62	-12	56	-12	49	-11	42	-9	35	-6	29	-2	24	3	20	9	17	16	15	23	14	31	14	40	15	50	17	59	20	67	24	75	29	82	33	88	36	93	38	97	39	101	39	104	38	107	36	110	34	112	31	113	29	113	28	112	28	111	29	109	31	106	34	103	38	100	42	98	47	97	53	97	58	98	62	100	65	103	67	107	68	112	68	118	67	124	65	131	63	139	62	146	62	152	63	157	65	161	68	164	72	166	77	167	83	168	90	168	98	167	106	165	113	162	119	158	124	153	128	147	131	140	133	132	134	123	134	113	135	102	135	92	136	83	138	75	141	68	144	62	148	57	151	52	153	48	154	44	154	41	153	39	151	37	148	36	144	36	139	37	133	39	126	41	118	42	111	44	103	45	96	47	90	49	85	52	80	54	76	55	73	56	71	58	70	59	70	59	
92:
116	28.157	165	149	166	148	168	148	171	147	173	145	174	142	174	138	173	133	171	128	168	123	165	119	163	116	161	114	160	113	160	113	161	114	163	114	165	113	168	111	172	108	176	104	179	99	181	93	182	86	182	78	181	69	180	61	178	54	175	48	171	42	166	36	160	31	153	27	145	24	138	22	131	21	125	21	120	22	116	24	113	27	111	31	110	36	108	42	105	48	101	53	96	57	91	60	85	63	78	66	72	70	67	74	63	79	60	85	58	92	57	100	57	109	57	119	58	128	60	137	63	145	67	152	71	158	76	163	82	167	87	170	91	172	94	173	98	173	101	172	103	170	104	167	104	163	103	158	101	152	99	145	96	137	92	128	87	120	81	111	74	101	66	92	57	84	48	77	40	71	33	66	27	62	22	59	18	57	15	56	13	56	12	57	12	59	13	62	15	66	18	71	22	77	27	84	33	92	40	101	48	111	57	120	67	128	78	135	90	141	101	146	111	150	120	153	129	155	137	157	144	158	150	158	155	157	159	155	162	152	164	150	165	149	165	149	
93:
121	49.04	31	139	32	140	34	142	36	145	38	149	41	152	45	154	50	155	54	155	57	154	59	152	60	149	60	145	60	140	60	135	60	130	59	125	57	119	54	113	51	106	49	99	48	92	48	85	49	79	51	74	54	70	58	67	63	64	67	62	70	60	73	58	75	56	76	53	76	49	75	45	73	41	70	38	66	35	61	33	55	32	48	32	40	33	33	33	27	32	22	31	18	30	15	30	13	29	12	29	12	30	13	31	15	33	18	36	22	40	27	45	33	50	40	56	47	63	55	71	64	78	73	86	81	95	88	104	94	112	99	119	103	125	106	130	108	134	109	137	109	141	108	146	106	150	103	153	101	155	100	156	100	156	101	155	103	153	106	152	110	151	115	151	119	152	122	154	124	157	125	161	125	166	124	170	123	173	123	175	124	176	126	176	128	175	131	173	135	170	140	166	144	161	147	155	149	148	150	140	150	133	149	127	147	121	144	116	140	112	135	109	129	106	122	104	114	103	105	103	95	104	86	106	76	109	67	113	59	118	52	122	46	127	41	131	37	134	34	136	32	138	31	139	31	139	
94:
105	34.503	155	89	154	90	152	92	151	95	149	99	146	104	142	110	139	115	135	119	130	122	126	124	123	125	120	125	117	124	113	122	108	119	104	115	101	110	97	104	92	97	86	89	80	80	74	70	69	61	65	53	61	46	57	40	52	35	46	31	40	28	34	26	29	25	25	25	22	26	20	28	19	31	19	35	20	40	22	46	24	52	27	58	30	64	32	69	33	75	33	82	32	89	30	95	27	100	23	104	18	108	12	113	7	118	3	122	0	127	-2	132	-3	137	-3	141	-2	144	-1	146	1	147	4	147	8	146	13	144	19	141	25	137	32	132	40	126	49	119	59	111	68	102	76	92	83	81	89	70	94	60	99	49	103	39	106	30	108	22	109	15	109	9	110	4	112	0	115	-3	118	-5	122	-6	127	-6	133	-5	140	-3	147	0	153	4	158	9	162	14	165	20	167	27	168	35	168	44	167	53	165	61	162	68	159	74	157	79	155	83	154	86	154	88	155	89	155	89	
95:
109	35.141	5	48	5	47	5	45	4	43	4	40	3	36	3	33	2	31	2	30	3	30	5	31	7	33	9	36	12	40	15	45	19	50	24	54	30	57	37	59	45	60	53	60	60	59	66	57	71	54	75	50	80	45	86	40	93	34	101	27	110	21	120	16	129	12	137	9	144	7	150	6	155	6	159	7	162	9	164	12	165	14	165	15	164	17	162	19	159	22	155	25	150	28	144	32	137	37	129	42	121	48	114	55	108	61	103	66	99	72	96	79	94	85	93	90	93	94	94	97	96	99	99	101	103	104	108	108	114	112	119	117	123	122	126	128	128	134	129	141	129	147	128	152	126	156	123	159	119	161	115	162	110	162	104	161	97	159	89	156	80	153	70	151	60	149	51	148	42	148	34	149	27	151	21	153	16	154	12	154	9	153	7	151	6	148	6	144	7	139	9	133	12	127	14	120	16	112	18	103	20	93	21	84	21	76	20	69	18	63	15	58	11	54	8	51	6	49	5	48	5	48	
96:
90	21.722	37	148	36	147	36	145	37	142	39	138	42	133	45	129	47	124	50	120	54	117	58	115	62	114	66	114	69	115	71	117	74	120	77	124	81	127	86	129	90	130	93	130	95	129	96	127	96	124	95	120	93	116	90	111	87	105	85	98	84	91	84	84	84	78	83	73	81	69	78	66	74	64	69	62	64	59	60	55	57	50	53	44	48	39	42	35	36	32	30	30	25	29	20	29	16	29	13	30	11	32	10	35	10	37	11	38	13	38	16	38	20	39	25	41	31	44	38	46	46	47	54	47	63	46	72	45	80	43	87	42	94	42	100	43	105	44	109	44	112	45	114	46	115	48	115	51	114	54	112	58	109	63	105	69	100	76	94	84	88	93	81	103	73	112	65	120	58	127	52	133	47	138	43	142	40	145	38	147	37	148	37	148	
97:
108	107.806	145	123	146	123	148	122	150	120	153	117	157	113	161	109	164	104	166	98	167	91	167	83	166	75	164	68	161	62	159	57	158	53	158	50	158	48	157	47	155	47	152	48	148	50	144	53	141	57	137	62	132	68	127	73	121	77	114	80	108	82	103	83	99	83	96	83	94	83	93	84	93	86	94	89	96	93	99	98	102	103	105	108	107	112	109	115	110	117	110	118	109	118	107	117	104	115	100	114	96	114	91	115	85	117	79	120	74	124	70	129	67	135	64	142	62	150	61	157	59	163	58	168	56	172	53	175	49	177	44	178	38	178	32	177	25	175	18	172	12	168	7	163	3	157	0	150	-2	142	-3	133	-3	123	-2	112	0	101	3	90	7	80	12	71	18	63	25	56	32	50	40	45	49	41	59	38	70	36	80	35	89	35	97	36	104	38	110	41	116	45	122	50	127	56	132	63	136	70	139	78	143	87	146	95	148	102	149	108	149	113	148	117	146	120	145	122	145	123	145	123	
98:
93	37.639	154	90	155	91	157	93	160	96	163	98	165	99	166	99	166	98	166	96	165	93	163	89	160	84	156	78	152	72	148	66	145	61	143	57	142	54	142	51	143	48	145	46	148	45	152	45	156	45	160	45	165	46	169	47	173	47	176	46	178	44	179	41	179	39	178	36	176	34	173	33	169	33	164	32	158	32	151	31	144	30	136	30	127	31	117	33	106	36	94	39	83	42	73	45	64	47	56	48	49	48	43	48	38	49	34	51	31	54	28	57	26	60	25	62	25	63	25	63	24	62	23	60	22	57	20	53	19	50	19	48	18	47	16	47	15	48	15	50	15	53	16	57	18	62	21	68	25	74	30	80	36	86	43	91	50	95	58	98	67	100	77	101	88	102	99	102	109	101	118	99	126	96	133	93	139	91	144	89	148	88	151	88	153	89	154	90	154	90	
99:
112	1.847	51	45	52	44	53	42	55	40	56	39	56	39	55	40	53	42	50	45	46	47	42	49	37	50	33	50	29	49	25	47	22	44	20	40	19	35	19	29	20	23	22	18	25	14	29	11	34	8	40	6	47	5	55	5	64	6	73	8	83	11	94	15	104	20	113	25	122	29	130	33	137	36	143	38	149	39	154	39	158	38	161	36	163	33	164	29	164	24	164	20	165	17	166	15	168	14	169	14	169	15	170	17	170	20	170	24	169	29	167	35	166	42	164	50	161	59	157	69	154	78	151	87	148	95	145	102	142	108	138	113	133	117	127	120	120	122	114	124	109	125	105	125	100	124	96	122	91	119	86	115	82	110	79	104	77	99	75	95	72	92	70	90	68	89	65	89	62	90	59	92	55	95	52	99	48	103	44	107	41	112	39	116	38	119	38	121	39	122	41	122	42	121	42	119	41	116	39	112	38	107	37	102	36	96	35	89	35	81	35	73	36	66	38	60	41	55	45	51	48	48	50	46	51	45	51	45	