0:
93	58.063	1	27	0	28	0	30	1	33	3	37	5	42	8	47	10	51	13	54	17	56	22	57	28	57	33	56	37	54	40	53	42	53	43	54	43	56	42	58	42	61	43	63	45	64	47	64	50	63	54	61	58	59	61	56	63	52	64	49	64	45	64	42	65	40	67	39	70	38	74	38	77	37	80	36	82	34	83	31	83	29	82	27	80	26	77	24	73	22	69	21	65	20	62	19	60	19	59	20	59	20	60	21	62	23	65	26	69	29	74	32	79	36	83	41	86	47	88	52	89	57	89	62	88	66	86	69	83	71	79	72	75	72	72	71	69	69	66	66	62	62	57	57	51	51	44	44	38	36	33	28	28	21	24	15	21	10	19	6	18	3	18	1	17	0	15	0	12	1	9	3	7	6	6	10	6	15	5	19	3	22	2	24	1	26	1	27	1	27	
1:
88	27.611	78	75	77	76	75	78	72	80	68	81	64	81	59	80	55	78	51	75	46	72	40	69	35	67	30	66	26	66	23	67	20	68	18	68	17	67	17	65	18	62	20	58	21	54	21	51	21	49	20	48	18	47	15	45	12	42	8	38	4	33	1	27	-1	21	-2	16	-2	12	-1	9	1	7	4	6	7	6	11	7	15	9	19	12	23	16	28	21	34	26	41	31	49	35	58	38	66	40	73	41	79	41	84	41	88	42	91	44	93	47	94	50	94	52	93	53	91	53	90	52	88	50	85	47	82	43	79	38	77	32	76	26	76	21	75	16	75	12	74	9	72	7	69	6	65	6	62	7	60	9	59	12	59	16	60	21	61	27	63	34	66	42	70	49	74	55	77	60	79	65	80	69	80	72	79	74	78	75	78	75	
2:
66	0.742	10	78	11	77	13	75	16	73	18	70	21	66	23	63	26	61	30	60	34	60	37	60	40	60	42	60	43	59	43	57	42	55	40	54	37	52	35	49	34	45	34	42	35	38	37	35	40	33	42	31	44	30	46	29	47	29	47	28	46	27	45	27	43	26	42	24	42	23	43	23	45	23	48	23	52	24	57	26	62	28	68	31	73	34	77	37	80	41	82	45	83	50	83	55	82	60	80	64	77	67	73	71	68	74	62	76	55	78	47	81	40	84	34	86	28	88	23	89	19	89	15	88	12	86	10	83	9	81	9	79	10	78	10	78	
3:
74	2.348	41	55	40	56	38	58	35	60	33	61	32	61	31	61	31	60	32	58	34	55	36	51	37	47	37	44	36	42	34	40	31	38	28	35	26	31	23	28	19	26	14	25	9	24	5	22	2	19	0	15	-2	10	-3	6	-3	3	-2	1	0	0	3	0	7	1	12	3	18	6	24	10	29	14	33	18	37	21	42	23	46	24	50	24	53	23	55	21	58	18	60	14	63	10	66	7	68	5	69	4	70	4	70	5	71	7	73	10	76	14	78	19	79	24	79	30	78	37	78	44	77	50	75	56	74	61	74	65	73	68	71	70	68	71	65	71	61	70	56	68	51	65	47	61	44	58	42	56	41	55	41	55	
4:
80	3.484	41	42	40	43	39	45	37	48	34	51	30	54	27	56	25	57	24	57	24	58	25	59	27	60	30	62	34	65	38	68	41	72	43	76	45	79	46	83	46	86	45	88	45	89	46	89	48	88	51	86	55	84	60	83	66	83	71	82	75	81	78	79	80	77	81	74	81	70	82	65	83	60	85	54	86	47	88	40	90	32	92	25	93	19	93	14	92	10	90	7	89	5	87	4	84	4	80	5	75	7	69	10	62	14	56	19	51	25	45	31	40	38	34	45	28	53	23	61	18	68	14	74	11	79	9	83	8	86	7	88	7	89	8	89	10	88	11	86	13	83	16	79	20	74	25	69	29	63	32	57	34	52	36	48	38	45	40	43	41	42	41	42	
5:
74	0.548	29	4	28	5	26	7	23	8	19	8	14	8	10	8	6	9	3	11	1	14	0	18	0	22	1	26	3	29	6	31	10	32	15	32	20	31	26	29	31	26	35	22	38	19	40	17	41	16	43	16	45	17	48	17	51	16	55	15	58	13	60	10	62	8	63	7	63	7	62	8	62	10	63	13	65	16	68	20	72	25	77	31	81	38	84	46	86	54	87	61	87	67	86	72	84	76	81	80	77	83	73	85	68	88	62	90	55	91	47	91	39	90	32	88	25	85	19	81	14	76	10	70	7	64	5	58	4	51	4	43	5	35	7	28	10	22	14	17	19	13	23	10	26	7	28	5	29	4	29	4	
6:
79	2.166	63	59	62	58	60	57	57	57	53	58	50	60	48	62	47	65	47	69	48	74	50	78	52	81	54	83	55	84	55	84	54	83	52	81	49	78	45	74	40	69	34	65	29	60	23	54	18	49	12	44	7	40	3	36	0	31	-2	26	-3	20	-3	15	-2	11	0	8	3	5	7	3	12	2	18	0	25	-1	31	-1	36	0	40	1	43	3	45	6	46	10	48	14	50	19	51	24	53	28	55	31	58	33	62	34	67	34	73	33	80	31	86	28	91	24	95	19	98	13	100	8	101	4	101	1	100	-1	98	-2	95	-2	91	-1	87	1	84	4	80	8	77	13	75	19	74	26	73	33	72	39	70	44	69	49	67	53	65	56	64	58	63	59	63	59	
7:
73	1.387	61	65	60	66	59	68	59	71	60	75	62	79	65	82	67	84	70	85	72	85	73	84	73	82	72	79	70	77	67	75	63	73	58	70	54	68	50	65	47	62	45	59	44	57	42	56	41	56	41	57	41	59	40	60	38	60	36	59	35	59	35	60	36	62	36	65	37	69	37	74	36	78	34	81	31	83	27	84	22	84	18	83	15	81	13	78	12	74	12	69	13	63	15	57	18	51	22	45	27	40	33	36	40	32	48	28	56	25	63	23	70	22	76	22	81	23	85	25	88	28	90	32	91	35	91	37	90	39	88	41	85	44	81	48	76	53	71	57	67	60	64	62	62	64	61	65	61	65	
8:
83	100.427	1	73	2	74	4	76	7	79	11	82	16	84	22	85	27	85	31	85	34	84	36	82	37	79	37	75	37	71	37	67	38	64	40	62	43	61	45	59	46	56	47	52	49	49	52	47	56	46	60	46	65	46	70	46	74	45	77	43	80	40	82	36	83	33	83	31	82	30	80	30	77	31	73	31	69	30	66	28	62	25	59	21	57	16	55	12	53	8	52	5	52	3	53	1	54	0	56	0	59	1	63	3	68	6	73	10	77	15	80	21	82	28	83	36	83	43	82	49	80	54	78	58	77	61	77	63	78	64	79	64	79	63	78	63	76	64	73	66	69	69	64	73	58	77	52	80	45	82	37	84	29	85	22	85	16	84	11	82	7	79	4	76	2	74	1	73	1	73	
9:
82	4.442	44	16	45	17	45	19	45	22	45	26	45	30	45	33	44	35	44	37	45	38	47	38	48	37	48	35	49	32	50	28	51	24	53	21	54	18	56	16	59	15	61	15	64	16	66	18	69	21	72	23	76	24	80	24	83	23	85	21	87	18	88	14	88	9	87	4	85	0	82	-3	78	-5	73	-6	67	-6	60	-6	52	-5	45	-3	39	0	34	3	28	6	23	8	18	9	13	9	9	9	6	10	4	12	3	15	3	19	4	24	6	30	9	36	13	41	18	45	24	48	31	52	39	57	47	62	54	67	60	71	65	74	70	76	74	77	77	77	79	76	80	74	80	71	80	67	79	62	77	57	74	51	70	44	65	37	59	31	54	26	50	22	47	19	45	17	44	16	44	16	
10:
77	8.476	45	87	45	86	44	84	42	81	40	78	38	74	35	71	31	69	26	68	22	68	17	69	13	71	10	74	7	78	5	82	4	85	3	87	2	88	0	88	-1	87	-2	85	-2	82	-1	78	1	73	4	68	8	62	13	55	19	49	26	43	32	38	38	34	43	29	47	23	50	18	52	13	53	9	53	6	52	4	51	3	51	3	52	4	54	6	57	9	61	13	66	17	71	20	75	22	78	23	80	23	81	22	82	21	82	21	81	22	79	24	77	27	76	30	75	34	75	38	76	41	78	43	81	45	84	48	86	51	87	55	87	60	86	64	84	67	81	69	77	70	72	71	66	72	60	74	55	77	51	81	48	84	46	86	45	87	45	87	
11:
92	0.31	20	74	21	75	21	77	22	80	22	83	21	85	19	86	16	86	12	85	9	84	6	82	4	79	3	75	3	70	3	64	2	57	2	50	3	44	5	39	8	35	11	32	15	30	18	29	20	29	23	30	26	32	30	34	34	37	39	39	44	41	50	42	56	42	62	41	68	39	73	36	77	32	80	28	82	24	83	21	83	18	82	16	81	15	79	15	76	16	74	18	73	21	72	25	72	30	72	36	71	42	71	49	72	55	74	61	77	68	81	74	84	79	86	83	87	86	87	88	87	89	86	89	84	88	81	86	77	83	72	80	67	76	61	71	54	65	48	59	41	52	33	45	26	39	20	34	15	30	11	27	7	25	4	24	2	24	1	25	1	27	2	30	3	34	4	38	6	43	9	49	13	55	16	60	18	64	20	68	21	71	21	73	20	74	20	74	
12:
75	0.186	9	22	10	22	12	22	15	22	19	22	24	23	30	23	36	22	41	20	45	18	49	17	52	16	54	16	56	17	57	19	57	22	56	25	54	29	52	32	51	34	51	35	52	35	54	34	57	32	61	31	65	29	68	26	70	22	71	17	71	11	70	6	68	2	65	-1	61	-3	56	-4	51	-4	45	-3	38	-1	32	1	27	4	23	8	19	13	16	18	14	24	13	29	13	33	14	36	16	39	19	42	23	46	28	51	34	57	40	62	45	68	50	73	54	77	57	80	60	82	62	83	63	83	63	82	62	80	60	77	57	73	53	68	48	63	43	57	37	50	30	43	24	37	19	32	15	28	12	25	10	23	9	22	9	22	
13:
88	0.414	43	83	42	82	42	80	42	78	43	75	45	73	48	72	51	72	53	72	54	73	54	75	53	77	51	78	48	78	44	77	41	76	37	74	34	73	32	71	31	68	31	64	32	59	34	55	37	52	41	50	46	49	50	49	54	48	57	48	59	48	60	47	60	45	59	42	57	39	55	35	52	30	50	26	49	21	49	17	50	13	51	10	53	8	54	7	54	5	53	4	51	4	48	4	44	5	39	7	33	10	27	14	22	19	18	24	15	30	13	35	12	39	12	42	13	44	15	45	18	45	22	44	27	43	33	41	40	38	48	34	56	30	64	27	71	25	77	24	82	24	86	25	89	27	91	30	92	34	92	39	91	45	89	50	86	54	82	58	77	63	71	69	64	74	58	78	53	81	49	83	46	84	44	84	43	83	43	83	
14:
80	9.279	4	12	3	13	1	15	0	18	-1	22	-1	25	0	29	2	33	5	37	9	40	14	42	20	43	27	43	33	42	38	40	42	38	45	37	47	37	48	38	48	39	49	41	49	43	48	44	46	44	45	43	43	41	42	38	42	34	43	29	45	23	48	18	52	14	55	10	58	7	62	5	67	4	71	4	76	5	80	7	83	10	85	14	86	19	86	25	86	32	86	39	85	46	83	52	80	57	78	61	76	64	74	66	71	67	67	67	64	67	62	68	61	70	60	73	59	77	57	81	54	84	50	86	45	87	39	87	32	86	24	84	17	81	11	77	6	72	2	67	-2	61	-5	54	-7	46	-8	39	-8	33	-7	27	-5	22	-2	18	1	15	3	13	4	12	4	12	
15:
90	22.881	60	80	59	81	57	82	55	82	53	81	52	79	50	76	49	72	48	68	46	64	43	61	39	59	34	58	30	58	27	59	25	61	23	64	22	68	22	73	23	77	25	80	27	82	30	83	33	83	37	82	42	80	48	77	55	74	61	70	66	66	70	63	73	60	75	57	76	55	76	54	75	54	75	55	75	57	76	60	76	63	77	67	79	71	82	74	86	76	90	77	93	77	96	76	98	74	100	71	101	67	101	62	100	56	99	49	97	41	94	34	90	28	85	23	81	18	76	13	70	9	64	6	57	4	51	3	46	3	42	4	39	6	37	9	35	12	34	16	32	20	29	23	25	25	21	26	18	26	16	25	15	25	15	26	16	28	18	31	21	35	24	40	28	46	33	52	39	59	45	65	50	70	54	74	57	77	59	79	60	80	60	80	
16:
92	4.566	71	84	70	85	68	86	65	86	61	85	56	84	52	82	49	80	46	77	44	73	43	68	43	63	43	59	44	56	44	54	43	53	41	53	38	54	35	56	31	57	28	57	26	56	25	54	24	51	24	48	25	45	27	43	30	42	32	42	33	42	33	41	32	39	30	37	28	34	27	30	26	26	26	22	27	19	27	17	28	16	30	16	31	17	32	19	34	21	37	24	41	28	44	31	48	33	53	34	59	34	65	33	70	31	74	28	78	24	81	20	83	16	84	13	84	11	83	10	81	10	78	11	74	13	69	16	63	20	56	24	48	29	40	33	32	36	25	39	19	43	14	48	10	54	7	60	5	67	4	74	4	80	5	85	7	89	10	92	13	96	17	99	22	101	28	102	35	102	43	101	50	99	56	96	61	93	65	90	68	87	70	85	71	84	71	84	
17:
84	6.343	73	75	73	76	73	78	73	81	73	83	72	84	71	84	69	83	68	81	68	78	68	74	67	69	67	63	68	58	70	54	72	50	75	47	79	45	82	44	84	44	85	43	85	41	84	39	82	36	79	33	75	31	70	30	64	30	57	31	51	33	45	35	40	38	34	40	29	41	25	41	22	40	20	38	19	35	19	31	20	26	22	22	23	18	23	15	22	13	20	12	17	12	13	13	10	15	7	18	5	22	4	27	4	33	5	40	7	47	9	53	12	58	16	62	21	65	26	67	30	68	33	68	35	67	36	65	36	64	35	64	33	65	30	67	27	70	25	74	24	79	24	84	25	88	27	91	30	93	34	94	39	94	45	93	52	91	58	88	63	85	67	81	70	78	72	76	73	75	73	75	
18:
68	9.286	77	17	78	17	79	16	80	16	80	15	79	15	77	14	74	14	70	15	65	17	59	19	52	22	46	26	40	30	33	34	27	37	22	39	18	40	15	42	13	45	12	49	12	54	12	60	13	65	13	69	12	74	10	78	7	81	4	83	2	84	1	85	1	87	2	90	4	92	7	93	11	93	16	92	22	90	28	89	35	89	43	88	50	86	56	83	61	79	65	76	68	73	71	69	73	65	74	62	74	59	73	57	71	56	68	56	64	56	60	56	57	56	55	55	54	53	54	50	55	46	57	41	60	35	63	30	67	26	71	23	74	20	76	18	77	17	77	17	
19:
74	8.735	1	36	0	37	0	39	1	41	2	44	4	47	7	49	11	50	16	50	20	49	23	47	25	44	26	40	26	36	25	32	23	29	20	25	16	22	12	20	9	17	7	14	5	12	4	11	4	9	5	6	7	3	10	1	14	-1	19	-2	25	-2	32	-2	40	-1	49	1	58	2	66	2	73	1	79	0	84	0	88	1	91	3	93	6	94	10	94	15	93	21	91	28	88	36	85	44	81	53	76	61	70	68	63	74	57	79	51	83	44	86	38	88	33	89	29	90	26	90	24	90	23	89	22	87	22	84	22	80	21	76	20	71	18	65	16	60	14	55	11	50	9	46	6	42	4	39	2	37	1	36	1	36	
20:
74	2.085	70	42	70	41	69	39	68	36	66	32	63	28	61	23	60	18	58	14	55	11	53	9	50	8	46	8	41	9	36	11	31	14	26	17	22	21	19	24	17	26	16	28	16	29	17	29	19	29	21	29	24	30	26	32	27	35	27	38	26	40	24	41	21	41	17	41	14	42	11	43	9	43	8	42	7	40	6	37	5	33	4	28	3	24	2	21	0	19	-3	18	-6	18	-8	19	-9	21	-9	24	-8	28	-6	33	-3	39	1	46	6	54	12	61	19	67	27	72	36	76	45	79	53	81	60	82	66	82	71	81	75	79	78	76	80	72	81	67	81	61	80	56	78	52	75	48	73	45	71	43	70	42	70	42	
21:
81	0.338	53	59	54	58	55	56	56	53	57	49	57	45	56	41	54	38	51	35	47	33	42	32	37	31	32	30	27	29	23	27	20	26	18	25	17	23	17	21	18	19	20	18	21	17	21	17	20	18	18	20	15	22	12	23	10	23	9	22	9	20	10	17	12	13	15	9	19	6	23	4	28	3	33	3	39	4	45	6	50	9	56	12	62	14	67	15	72	16	77	16	81	17	84	18	86	20	87	23	87	27	86	32	84	37	81	42	77	46	72	49	66	51	59	52	51	54	42	55	34	55	27	54	21	52	16	50	12	49	9	49	7	49	6	50	6	52	7	53	9	53	12	52	16	51	21	51	27	51	33	52	38	54	43	57	47	59	50	60	52	60	53	59	53	59	
22:
71	15.876	66	22	65	21	63	19	60	16	56	13	51	11	45	10	39	10	33	10	28	11	24	13	21	16	19	19	18	22	18	26	19	30	21	33	23	35	26	37	28	40	29	44	29	49	30	55	32	60	33	64	35	67	38	69	40	71	42	73	43	76	43	79	42	83	40	86	37	89	33	91	28	93	24	94	21	94	19	93	18	91	18	88	19	86	21	83	24	81	28	79	33	77	39	76	45	76	50	77	54	79	57	82	59	85	60	87	60	88	59	88	57	87	56	85	56	83	57	80	59	76	62	71	66	65	69	58	71	50	72	43	72	37	72	32	71	28	69	25	67	23	66	22	66	22	
23:
89	9.617	63	32	62	31	60	31	57	31	55	32	54	34	54	35	55	37	56	40	56	43	56	46	55	48	54	49	52	49	50	48	47	46	43	44	39	42	35	40	32	39	30	39	29	40	29	42	28	45	26	48	23	52	19	56	14	60	10	63	6	65	3	66	1	68	0	69	0	71	1	72	3	74	6	77	10	80	15	83	21	85	28	86	36	87	45	87	54	88	62	89	69	89	75	88	80	86	84	83	87	79	89	74	90	68	90	61	90	53	90	44	89	36	87	29	84	23	80	18	75	13	69	9	62	6	54	3	45	1	36	0	28	0	21	1	15	3	10	6	6	9	3	13	1	17	0	22	0	26	1	29	3	31	6	32	10	32	15	33	21	33	28	34	35	34	42	33	48	31	53	30	57	30	60	30	62	31	63	32	63	32	
24:
81	2.301	47	73	48	74	50	76	51	79	51	83	51	86	50	88	48	89	45	90	41	90	36	89	31	88	27	86	24	83	22	79	21	75	20	70	19	64	19	58	20	53	22	49	23	46	23	42	23	38	24	33	26	27	28	22	29	16	29	11	28	7	26	4	23	2	19	1	14	1	10	2	6	4	3	7	0	11	-2	16	-3	22	-3	29	-2	36	0	43	3	49	7	54	12	58	18	61	25	63	32	64	40	65	48	65	56	64	63	62	69	59	74	55	78	50	81	44	83	37	84	30	84	24	83	19	81	15	78	12	74	10	71	9	67	9	62	10	56	12	50	15	45	19	41	24	38	30	36	37	35	45	35	52	36	58	38	63	41	67	44	70	46	72	47	73	47	73	
25:
75	1.348	39	21	38	22	36	24	33	26	29	27	25	27	22	26	20	24	19	21	19	18	19	14	20	11	22	8	23	6	23	5	22	5	20	6	17	8	13	11	10	15	6	20	3	26	1	31	0	37	0	43	1	49	3	54	6	58	10	61	15	63	21	64	28	64	34	63	39	62	44	62	48	62	51	63	53	65	54	68	54	72	53	77	52	81	52	84	53	86	55	87	58	87	62	86	66	85	70	83	73	82	76	81	78	80	79	78	79	75	78	71	77	66	77	61	78	57	80	54	82	52	83	51	83	51	82	52	80	52	78	51	75	50	71	48	66	45	60	41	54	36	49	31	45	27	42	24	40	22	39	21	39	21	
26:
97	41.801	12	36	11	35	9	33	6	31	4	28	3	24	3	20	4	17	6	15	9	14	13	14	18	15	23	16	28	16	32	15	35	14	37	12	38	11	38	11	37	12	37	14	36	17	36	21	37	26	39	30	42	34	46	37	51	39	57	40	62	40	66	40	71	41	75	43	78	46	80	50	81	55	81	60	80	66	78	71	75	76	71	81	66	85	61	88	56	90	52	91	48	91	45	90	43	88	42	86	42	83	41	81	39	80	36	80	33	81	29	82	24	82	19	81	15	79	12	76	10	72	9	69	9	65	10	60	12	55	15	51	19	48	24	46	30	45	37	45	45	46	54	48	62	49	69	49	75	48	80	46	84	43	87	39	89	34	90	28	90	22	89	17	87	13	84	10	80	8	75	7	69	7	63	8	56	10	48	13	40	17	33	22	27	26	22	30	18	33	15	35	13	36	12	36	12	36	
27:
83	15.101	81	78	80	79	78	79	75	78	73	76	72	73	72	69	72	64	71	60	69	57	66	55	64	53	63	51	63	50	64	50	66	50	69	50	73	49	77	47	80	44	83	40	85	35	86	31	86	28	85	25	83	23	80	22	76	22	71	23	65	24	59	26	53	27	48	27	44	26	41	24	39	21	38	18	37	16	35	15	34	15	34	16	35	18	37	21	38	25	38	30	37	36	35	43	32	50	30	57	29	63	29	68	30	72	32	75	35	77	37	78	38	78	38	77	37	75	35	74	32	74	28	74	24	75	21	77	19	80	17	84	16	88	16	91	17	93	19	94	22	94	26	94	31	93	37	92	43	90	50	87	56	85	62	84	67	83	71	82	75	80	78	79	80	78	81	78	81	78	
28:
81	0.825	64	9	65	8	67	8	70	9	73	11	76	14	78	17	79	20	79	24	78	27	76	31	73	34	69	36	64	39	60	43	56	48	53	54	50	59	48	63	47	66	45	68	42	69	39	69	37	68	35	66	34	63	33	60	32	56	32	52	31	49	29	47	26	46	23	46	21	47	18	49	16	51	15	53	14	55	14	56	14	56	13	55	13	53	14	50	15	46	15	42	14	39	12	37	9	36	6	36	4	37	3	39	3	42	4	46	6	51	9	57	13	64	18	70	24	75	31	79	39	83	47	86	54	88	60	89	65	89	69	88	74	86	79	83	83	79	86	74	88	68	89	61	89	53	88	45	86	37	83	30	79	24	74	19	70	15	67	12	65	10	64	9	64	9	
29:
81	6.471	61	67	62	68	62	70	63	72	65	74	68	77	72	79	75	80	77	80	78	80	78	79	77	79	75	78	72	78	70	79	68	80	67	82	67	83	68	83	70	84	72	84	75	84	78	83	82	81	85	78	87	74	88	70	88	67	87	64	85	62	82	59	78	55	73	50	69	44	66	37	64	31	63	26	63	22	64	17	66	12	67	8	67	5	66	3	64	2	61	2	57	3	52	5	47	8	43	12	40	17	38	22	37	27	37	31	38	34	38	36	37	37	35	37	32	36	28	34	24	31	20	29	17	28	15	28	13	29	11	31	10	34	10	37	11	41	13	46	15	51	18	56	22	60	27	63	33	65	40	66	46	66	51	65	55	65	58	65	60	66	61	67	61	67	
30:
75	1.686	34	61	33	60	31	58	30	55	30	52	31	49	33	47	36	46	40	46	44	47	48	49	51	52	53	56	54	61	54	67	54	72	53	76	51	79	48	81	44	82	41	83	39	85	38	88	38	92	39	95	41	97	44	98	48	98	53	97	59	95	65	92	71	88	76	83	80	77	83	70	85	62	86	55	86	49	87	44	87	40	86	37	84	34	82	32	79	31	75	31	70	30	64	28	58	25	52	21	47	17	43	14	40	12	38	10	37	8	37	5	38	3	40	0	43	-2	47	-3	51	-3	54	-2	56	0	57	3	57	7	58	12	58	18	57	25	55	33	52	40	48	46	44	51	40	55	37	58	35	60	34	61	34	61	
31:
75	6.757	80	15	79	14	77	14	74	15	70	16	65	17	59	17	53	16	48	14	44	11	41	8	39	6	37	5	34	5	31	6	27	8	22	11	18	15	14	20	11	26	9	31	7	35	4	38	2	40	1	42	1	43	2	43	4	43	7	42	11	42	16	42	21	43	26	45	30	48	35	52	39	56	42	61	44	66	45	70	45	73	44	75	42	76	39	77	35	78	30	78	24	77	19	77	14	78	10	79	7	80	5	81	4	83	4	85	5	86	7	86	10	87	14	88	19	88	25	87	32	86	40	84	49	81	57	77	64	72	70	66	75	59	79	51	82	43	84	36	85	30	85	25	84	21	83	18	81	16	80	15	80	15	
32:
74	0.601	3	15	2	16	2	18	3	21	4	25	5	30	7	36	8	41	8	45	9	48	11	50	14	51	18	51	23	50	27	48	30	46	32	43	33	40	33	38	33	37	34	36	36	36	37	37	37	39	38	42	38	46	39	50	40	54	42	57	45	60	49	62	54	63	59	63	63	62	66	60	68	59	69	58	69	58	68	59	67	61	66	64	66	68	67	73	67	78	66	82	64	85	61	87	57	88	54	88	52	87	50	85	49	82	48	78	47	73	47	68	48	62	50	55	51	47	51	40	51	32	51	25	50	19	48	14	45	10	41	7	36	5	30	4	24	4	18	5	13	7	9	10	6	12	4	14	3	15	3	15	
33:
83	0.534	72	28	73	27	75	26	78	25	81	25	83	26	84	28	84	31	83	33	81	34	78	36	74	38	69	39	64	39	60	38	56	36	53	33	51	29	50	24	50	18	51	13	53	9	54	6	54	4	53	3	51	3	48	4	44	6	39	9	34	13	28	16	23	18	19	20	16	23	13	26	11	29	10	31	10	33	11	36	13	40	16	43	20	47	25	51	31	54	37	58	44	61	51	63	57	64	62	64	67	64	71	63	74	63	76	64	77	66	77	69	76	71	74	72	71	74	67	77	62	81	56	84	50	86	44	87	39	88	35	90	32	91	30	91	28	90	27	88	27	85	28	81	30	76	33	70	37	65	42	59	46	53	51	48	57	43	62	38	66	34	69	31	71	29	72	28	72	28	
34:
70	8.417	35	49	36	48	38	46	40	43	43	40	45	38	46	37	48	37	49	38	49	40	49	43	49	47	50	51	51	54	53	56	56	57	59	57	63	56	68	54	72	51	75	47	77	43	80	38	82	32	83	26	83	21	83	17	82	14	80	11	78	9	75	8	71	8	66	9	60	11	53	14	45	18	37	23	30	28	24	32	19	35	14	37	10	38	7	39	4	40	2	40	1	41	1	43	2	46	4	50	7	53	11	56	16	58	20	60	24	62	27	65	29	69	30	72	30	74	29	75	28	75	28	74	29	72	31	69	32	65	32	61	33	58	34	55	34	52	35	50	35	49	35	49	
35:
80	22.03	44	17	43	17	41	16	39	15	37	15	35	16	34	18	34	20	35	23	37	26	40	28	44	30	49	33	53	36	56	40	58	45	59	51	59	56	58	62	57	67	57	71	58	74	60	76	62	77	65	77	69	77	74	76	78	74	81	71	83	68	84	66	84	65	83	63	81	62	78	62	74	63	69	63	63	62	56	61	48	59	40	58	32	58	25	59	19	59	14	58	10	56	7	55	4	55	2	56	1	58	1	61	2	65	4	69	7	72	9	75	10	77	10	78	9	78	7	77	4	75	0	72	-4	68	-7	63	-9	57	-10	50	-10	43	-9	36	-7	29	-4	23	0	18	5	14	11	11	17	9	23	8	29	8	34	9	38	11	41	14	43	16	44	17	44	17	
36:
81	6.383	7	36	8	37	10	37	13	37	16	37	20	38	25	40	31	43	37	47	43	50	49	52	55	53	60	53	64	52	67	50	69	47	70	44	70	42	69	40	67	37	64	33	62	29	61	25	61	20	60	16	58	13	55	11	51	10	47	9	42	8	38	6	35	4	31	2	26	1	21	1	15	2	8	4	2	7	-3	11	-7	16	-10	22	-12	29	-13	37	-13	46	-12	54	-10	61	-7	67	-3	72	2	76	8	80	15	83	23	85	32	86	42	87	51	87	59	87	66	88	72	89	77	89	81	88	84	86	86	83	87	79	87	76	86	74	84	73	81	73	77	74	72	74	66	73	59	71	51	69	43	66	35	62	28	57	22	51	17	46	13	42	10	39	8	37	7	36	7	36	
37:
88	1.264	86	22	85	23	83	25	80	28	76	31	71	35	66	39	62	43	59	46	57	49	56	52	56	54	55	55	54	55	52	54	49	52	45	50	41	48	36	46	30	45	24	45	18	46	12	48	7	51	3	55	0	60	-2	66	-3	71	-3	76	-2	80	0	83	3	85	7	87	12	88	18	88	25	87	32	86	39	84	45	83	50	83	54	83	57	82	59	80	60	77	60	74	59	70	57	65	54	59	50	52	47	44	45	35	44	27	44	20	45	14	47	9	48	5	48	2	47	0	45	-1	42	-1	38	0	33	2	27	5	22	9	18	12	15	14	12	15	9	15	7	14	6	12	6	9	7	5	9	1	12	-2	16	-4	21	-5	27	-5	34	-4	42	-2	50	1	58	5	65	10	71	14	76	17	80	19	83	21	85	22	86	22	86	22	
38:
83	0.457	70	31	69	30	68	28	66	25	64	21	62	16	61	12	61	9	62	6	64	3	67	1	71	0	74	0	78	1	81	3	85	6	88	10	90	15	91	21	91	28	90	35	88	41	85	46	81	50	77	53	73	57	70	62	68	66	67	69	67	71	67	72	66	72	64	71	61	69	57	66	54	62	52	58	49	53	47	47	45	41	43	34	42	28	40	22	37	16	34	11	32	7	30	4	27	2	23	1	18	1	14	2	10	4	7	7	5	11	4	16	3	22	2	29	0	37	-2	45	-3	53	-3	60	-2	66	0	71	3	76	7	80	12	83	18	85	25	86	33	86	40	85	46	83	51	80	56	76	60	71	63	65	67	59	70	52	72	46	73	41	73	37	72	34	71	32	70	31	70	31	
39:
76	0.96	51	32	51	31	52	29	54	26	56	23	59	21	63	19	68	18	72	18	75	19	77	21	78	24	78	28	78	33	79	39	80	46	80	53	79	60	77	67	74	73	70	78	67	82	64	85	62	87	60	88	59	88	58	87	56	85	53	82	49	78	44	73	38	68	31	64	24	61	18	59	13	58	9	58	6	59	4	60	3	61	3	63	4	66	6	68	9	69	13	69	18	68	22	66	25	63	27	59	28	55	28	51	27	48	25	45	22	43	18	41	13	38	8	34	4	29	1	23	-1	17	-2	12	-2	8	-1	5	1	3	4	2	8	2	12	3	17	5	23	8	30	12	36	17	41	22	45	26	48	29	50	31	51	32	51	32	
40:
75	6.149	47	0	48	1	49	3	50	6	50	8	49	9	47	10	44	10	42	11	39	12	35	14	30	17	24	20	18	22	13	23	9	23	6	23	4	22	3	20	3	17	4	15	6	14	9	14	13	15	17	17	20	20	24	24	27	29	29	35	30	41	31	48	31	55	30	62	29	68	27	73	24	77	21	80	18	82	16	83	15	84	15	85	16	87	18	90	21	92	25	94	30	95	36	96	43	96	50	95	56	93	61	90	65	86	68	81	70	76	72	71	75	67	79	64	83	61	86	59	88	56	89	52	89	47	89	41	88	34	86	27	83	21	79	15	74	10	68	6	62	3	57	1	53	0	50	-1	48	-1	47	0	47	0	
41:
62	0.306	6	28	5	28	3	29	2	31	1	34	1	38	0	43	0	49	0	54	1	58	3	61	6	63	10	66	15	70	21	74	28	77	36	80	43	82	49	83	54	84	59	84	63	83	67	81	70	78	72	74	73	69	73	63	72	57	70	51	67	46	64	42	61	39	58	37	56	36	55	35	55	33	56	30	58	27	61	24	65	21	69	19	72	16	74	12	75	7	75	3	74	-1	72	-4	69	-6	65	-7	60	-7	54	-6	47	-4	41	-1	35	2	28	5	22	9	17	13	13	18	10	22	8	25	7	27	6	28	6	28	
42:
61	2.161	74	77	75	76	77	76	80	77	82	77	84	77	85	78	85	80	84	83	82	85	79	87	75	89	71	90	68	90	66	89	65	87	65	84	65	80	65	75	65	69	64	62	63	54	61	47	60	40	58	34	55	29	52	25	49	21	46	18	42	16	38	15	35	15	33	16	32	18	30	20	27	21	23	22	18	23	14	25	11	28	9	31	8	35	8	40	9	46	11	52	14	58	18	63	23	67	27	71	30	76	34	80	38	83	42	85	47	86	53	86	59	85	64	83	68	80	71	78	73	77	74	77	74	77	
43:
81	2.267	88	26	89	25	90	23	90	20	90	18	89	16	87	15	84	15	81	16	78	18	76	21	75	25	75	30	76	36	76	43	77	51	77	59	77	66	78	72	79	77	80	81	80	84	79	86	77	87	74	87	70	86	65	84	59	82	52	81	45	81	38	81	32	81	27	80	23	78	20	75	18	71	17	66	17	60	18	53	20	47	23	42	26	38	28	35	31	33	34	32	37	32	39	33	40	35	40	36	39	36	37	36	34	36	30	37	25	37	20	36	15	34	10	31	6	29	3	28	1	26	0	23	0	19	1	14	3	10	6	7	10	5	14	3	18	1	23	0	29	0	36	1	44	2	52	4	60	7	67	10	73	13	78	16	82	20	85	23	87	25	88	26	88	26	
44:
66	0.266	19	32	20	31	22	30	25	28	27	26	29	25	31	23	32	20	32	18	31	15	31	13	32	12	34	12	37	11	39	9	42	8	46	7	50	7	55	8	59	10	63	13	67	17	70	22	72	28	74	35	75	41	75	46	75	50	74	53	72	55	69	56	67	57	65	57	64	56	64	56	65	57	67	59	69	62	70	65	70	69	69	72	67	74	64	75	60	76	55	78	49	81	42	83	35	86	28	88	22	89	16	89	11	88	7	86	4	84	2	81	0	77	-1	72	-1	66	0	59	2	53	5	47	9	42	13	38	16	35	18	33	19	32	19	32	
45:
75	5.268	30	28	31	29	33	31	36	33	38	35	41	36	45	36	48	35	50	33	53	30	55	26	58	22	62	18	65	14	69	11	72	9	75	7	77	6	78	4	78	2	77	-1	75	-4	72	-7	68	-9	63	-10	59	-10	56	-9	54	-7	53	-4	53	0	54	3	56	6	59	10	63	13	68	17	73	21	77	26	80	32	82	39	83	45	83	52	82	58	80	63	77	68	73	73	68	77	62	80	56	82	49	83	41	83	34	83	28	83	22	84	17	86	13	89	8	91	3	92	-1	92	-4	91	-6	89	-7	86	-7	82	-6	77	-5	71	-4	65	-2	59	1	54	5	48	10	43	15	38	20	34	24	31	27	29	29	28	30	28	30	28	
46:
81	6.683	39	53	39	52	38	50	36	49	33	49	30	50	27	52	23	55	18	57	14	58	11	58	8	57	5	55	3	52	2	48	2	44	3	41	3	38	2	36	0	35	-3	35	-7	36	-11	38	-14	41	-16	45	-17	50	-17	56	-16	63	-14	69	-11	74	-7	78	-2	81	4	83	11	84	17	84	23	83	28	81	32	80	35	80	37	81	40	82	43	84	47	85	52	85	56	84	59	82	61	79	62	75	62	70	63	65	65	59	67	53	69	48	70	44	70	41	69	39	67	38	65	36	62	34	60	32	59	29	59	25	60	20	62	16	65	13	69	11	72	10	74	10	75	11	75	13	74	16	72	20	69	25	65	31	60	37	54	42	49	46	45	49	42	51	40	52	39	53	39	53	
47:
78	2.139	62	58	63	58	65	57	68	57	72	57	76	56	79	54	81	51	82	47	82	42	81	37	81	32	81	28	80	25	80	23	80	21	79	20	77	20	74	21	70	23	66	26	62	28	57	29	53	29	50	28	48	26	47	23	47	20	48	17	50	14	53	11	56	8	59	5	61	1	62	-4	62	-8	61	-11	59	-13	56	-14	52	-14	47	-13	41	-11	34	-8	28	-4	23	1	19	7	16	14	14	22	12	31	11	40	11	50	11	59	10	68	10	76	11	83	13	89	16	94	20	98	25	101	31	103	38	104	45	105	51	106	56	106	62	105	67	103	71	100	74	96	76	91	77	85	77	79	76	73	74	68	71	64	68	61	65	59	63	58	62	58	62	58	
48:
73	0.579	3	61	4	60	6	60	8	61	9	63	9	65	8	68	6	72	5	76	5	79	6	81	8	82	11	83	14	83	18	82	23	80	28	77	32	73	35	68	37	62	38	56	38	50	37	45	35	40	32	36	29	33	25	31	20	30	16	29	12	28	9	27	7	25	6	22	6	18	7	15	9	11	12	8	16	6	21	5	27	5	34	6	41	8	49	11	57	14	64	18	70	21	75	25	79	30	83	35	86	41	88	47	89	53	89	59	88	66	86	73	84	79	82	84	80	88	77	91	73	93	68	94	62	94	55	93	47	91	39	88	31	84	24	79	18	74	13	70	9	67	6	64	4	62	3	61	3	61	
49:
73	0.259	64	56	65	57	67	59	69	62	71	64	74	65	76	65	77	64	77	63	77	63	76	64	74	66	72	69	69	73	65	76	62	78	59	79	55	79	52	79	50	80	49	81	49	82	50	84	52	85	55	85	59	84	64	82	69	79	73	75	76	71	79	67	81	62	82	56	82	49	81	42	79	36	76	31	72	27	67	24	62	22	58	21	55	21	53	21	52	20	52	18	53	15	54	11	54	6	53	2	51	-2	48	-5	44	-7	39	-8	34	-8	30	-7	26	-5	23	-2	21	1	20	5	20	9	21	14	23	20	26	27	30	33	35	38	41	42	46	46	50	49	54	52	58	54	61	55	63	55	64	56	64	56	
50:
88	0.635	69	65	68	65	66	64	63	64	61	63	60	61	58	58	57	56	57	54	58	53	58	53	59	54	60	56	60	59	61	63	61	67	60	71	59	74	57	76	54	78	52	79	50	79	47	78	43	76	38	75	32	75	25	76	19	78	14	81	10	83	7	85	5	87	4	88	3	88	3	87	4	85	6	82	8	78	9	73	9	67	8	60	7	53	5	47	4	40	3	34	3	29	4	25	6	21	8	18	11	16	15	15	20	15	26	16	32	18	38	21	45	25	53	29	62	32	71	34	79	35	86	35	92	34	97	32	101	29	104	25	106	20	107	15	107	11	106	8	104	5	101	3	97	2	93	2	89	3	84	5	80	8	77	12	74	17	72	23	71	30	71	37	72	44	72	50	71	55	71	59	70	62	70	64	69	65	69	65	
51:
72	2.598	51	73	50	72	50	70	50	68	51	66	53	65	56	65	59	66	61	68	62	71	62	75	61	78	59	80	56	81	52	81	47	82	41	84	34	86	27	88	20	89	14	89	9	88	5	88	2	89	0	89	-1	88	-1	86	0	83	2	79	5	74	8	69	12	63	15	58	17	52	18	45	18	39	18	33	17	28	16	24	16	21	17	19	19	18	22	18	26	19	31	21	37	24	42	26	46	27	49	27	51	26	53	24	54	21	55	18	57	16	60	15	64	15	68	16	71	17	74	18	76	20	77	23	77	27	76	32	75	38	73	45	70	52	66	58	61	63	57	67	54	70	52	72	51	73	51	73	
52:
82	2.713	49	24	49	25	50	27	52	29	55	31	58	32	61	32	63	31	64	29	64	26	65	22	65	17	65	13	65	10	66	8	68	7	71	7	75	8	78	10	80	13	81	17	81	22	80	27	78	31	75	34	71	36	66	37	60	39	54	42	49	45	44	48	40	52	37	56	35	60	34	63	34	65	35	66	37	67	40	68	43	69	45	71	46	74	46	77	45	81	43	84	40	86	36	87	31	87	26	86	22	84	19	81	17	77	16	72	16	68	16	64	17	60	19	57	21	55	22	54	22	54	21	55	19	57	16	59	12	62	9	64	7	65	5	65	4	64	4	62	5	60	7	57	10	53	14	49	18	46	23	42	28	37	34	33	39	30	43	27	46	25	48	24	49	24	49	24	
53:
83	12.921	55	18	55	19	55	21	55	24	56	27	58	31	61	34	65	36	69	37	72	38	74	40	75	43	75	47	76	52	76	58	75	65	73	71	70	76	66	80	63	83	59	85	54	86	49	86	45	85	42	83	40	80	39	77	37	73	35	68	33	64	30	61	26	59	22	58	19	58	17	59	16	61	15	64	14	67	12	69	9	70	6	70	3	70	1	71	0	73	-1	76	-1	80	0	83	2	85	5	86	9	86	14	85	20	83	25	80	29	76	32	71	34	66	35	60	35	53	34	45	32	36	29	28	26	21	22	15	19	10	15	6	12	3	9	1	7	0	6	0	6	1	7	3	9	4	12	4	16	4	21	4	27	5	34	7	40	9	45	11	49	13	52	15	54	17	55	18	55	18	
54:
77	2.281	58	82	57	81	57	79	56	76	54	72	51	67	47	61	42	56	37	51	32	47	26	44	20	42	15	41	11	41	8	42	6	42	5	41	5	39	6	36	8	33	10	29	12	24	15	19	17	14	18	10	20	7	22	5	25	4	29	4	34	5	40	7	45	10	50	14	55	19	61	25	66	31	72	37	77	44	81	52	84	59	86	66	87	72	87	77	86	81	84	84	81	86	77	87	72	87	66	86	59	85	51	85	42	86	34	88	27	89	20	89	14	88	9	87	5	87	2	86	0	84	-1	82	-1	81	0	81	2	82	5	82	9	81	14	80	20	80	27	80	33	81	39	83	44	84	48	84	52	83	55	82	57	82	58	82	58	82	
55:
83	0.186	35	33	34	34	32	35	30	36	27	38	25	41	24	43	24	44	25	46	27	47	30	49	32	52	33	56	33	61	33	66	32	71	30	75	28	78	26	80	23	81	19	81	14	80	10	78	7	76	5	73	3	70	2	67	2	64	3	60	5	56	8	52	12	48	17	44	22	39	26	33	29	26	31	19	32	13	32	8	31	3	29	-1	26	-4	22	-6	17	-7	12	-7	8	-6	5	-5	3	-3	2	0	2	4	3	9	5	15	8	22	12	28	17	35	23	43	30	50	38	56	47	61	55	65	62	69	68	72	73	76	77	79	81	81	84	82	86	82	87	81	87	79	86	76	84	72	81	67	77	62	72	57	66	53	59	48	53	44	48	40	44	37	41	35	38	34	36	33	35	33	35	33	
56:
78	5.295	58	89	57	88	55	87	52	87	50	87	47	86	44	84	42	82	41	79	41	76	42	73	44	70	47	68	51	67	55	65	59	63	62	61	64	60	65	58	65	57	64	55	62	53	59	51	56	48	52	44	49	41	47	39	46	38	46	38	47	39	49	40	52	41	56	41	60	40	65	38	69	35	72	31	74	26	75	21	75	15	74	9	72	4	69	0	65	-5	60	-9	54	-12	47	-14	40	-15	34	-15	29	-15	25	-14	22	-12	20	-9	19	-5	18	0	18	6	18	13	17	21	15	29	12	37	9	45	7	54	6	63	6	71	7	78	9	84	12	89	16	93	21	96	27	98	32	99	37	99	43	98	48	96	52	93	55	91	57	90	58	89	58	89	
57:
70	13.559	54	60	53	61	52	63	52	65	52	67	53	68	55	68	57	67	60	65	62	62	63	58	63	54	62	51	60	49	57	48	53	48	48	48	44	49	40	50	36	50	32	49	29	47	26	44	24	40	23	35	22	30	20	25	17	21	13	18	10	16	7	15	5	15	4	15	4	16	5	18	7	20	10	23	14	25	19	26	25	26	32	25	40	23	47	22	54	20	60	18	65	15	69	11	72	8	74	6	75	5	76	5	76	6	76	8	77	11	79	14	81	18	83	23	84	29	84	36	84	43	83	49	81	54	78	58	74	61	69	63	64	64	60	64	57	63	55	61	54	60	54	60	
58:
90	0.182	32	36	32	37	31	39	29	41	28	43	26	45	24	46	21	46	18	45	16	43	15	40	15	36	16	32	18	29	21	27	25	26	28	26	32	27	37	29	43	32	49	34	54	36	58	38	61	41	63	45	64	48	64	50	63	51	61	53	58	56	56	60	55	63	55	65	56	66	58	67	61	67	64	68	68	70	71	73	73	75	74	78	74	80	73	81	71	82	68	82	64	82	59	82	53	81	46	79	39	76	32	72	26	68	21	65	17	63	14	62	12	61	11	61	11	62	12	63	14	64	17	64	21	63	26	61	31	58	37	54	44	49	52	45	60	42	67	38	73	34	78	30	82	26	85	23	87	19	88	16	88	14	87	12	85	11	82	11	78	12	73	14	67	17	60	21	53	25	47	28	42	30	38	33	35	35	33	36	32	36	32	36	
59:
69	2.42	86	32	85	31	83	31	80	31	77	31	74	31	72	32	71	34	71	37	71	41	72	44	74	46	76	48	77	50	77	53	76	56	74	58	71	59	67	59	63	58	59	56	55	53	52	50	49	46	47	41	45	35	44	30	43	26	41	23	39	21	36	20	32	20	29	21	25	23	22	26	20	30	19	35	19	41	20	47	21	53	22	60	22	66	21	71	19	75	16	79	12	82	9	84	6	85	4	85	3	84	3	82	4	81	6	81	9	81	13	80	18	80	24	79	31	77	39	74	47	70	54	65	60	59	65	53	71	47	76	42	80	38	83	35	85	33	86	32	86	32	
60:
96	8.559	81	20	81	19	81	17	82	14	83	10	83	7	84	5	85	3	85	2	84	2	82	3	79	5	76	8	73	12	70	16	66	19	63	21	60	22	58	22	55	21	52	20	49	20	45	21	42	23	38	26	33	30	29	34	24	39	20	44	16	48	13	52	11	57	10	61	10	64	11	66	12	67	12	69	11	70	9	71	8	72	8	74	9	76	11	79	14	81	18	82	23	82	29	81	36	79	44	78	53	78	61	78	69	77	76	76	82	74	87	71	91	67	94	62	96	58	97	55	97	52	96	50	94	49	91	49	87	49	82	48	76	46	69	44	61	43	52	41	43	38	35	34	28	31	22	27	17	22	13	16	10	9	8	3	7	-3	7	-8	8	-12	10	-15	12	-17	15	-18	19	-18	24	-17	30	-15	37	-13	45	-10	53	-6	60	-1	66	5	71	10	75	14	78	17	80	19	81	20	81	20	
61:
68	8.351	45	20	46	21	46	22	46	24	45	26	45	27	44	27	43	26	41	24	39	21	37	17	36	13	34	10	32	8	29	7	26	7	22	8	18	10	14	13	10	17	7	21	3	26	0	32	-2	39	-3	46	-3	54	-2	61	0	67	2	72	5	76	9	79	13	81	17	83	22	84	27	84	33	83	39	81	45	78	52	76	59	75	65	75	70	76	74	78	77	79	79	79	80	78	81	76	81	73	80	69	80	65	79	60	79	54	79	47	79	39	80	32	80	26	79	21	77	17	74	14	72	12	69	11	65	11	60	11	55	12	51	14	48	17	46	19	45	20	45	20	
62:
69	0.897	63	1	64	2	66	3	67	5	67	6	66	8	64	10	61	13	57	15	52	16	46	17	39	17	32	18	26	20	21	23	17	27	12	32	8	38	5	45	3	53	1	60	0	66	0	72	1	77	3	82	5	86	8	89	12	91	17	92	23	92	30	91	36	90	41	89	45	87	49	86	52	84	54	81	55	78	55	74	54	70	52	67	49	65	46	64	44	64	43	65	43	67	44	70	46	74	49	77	53	79	58	80	64	80	69	79	73	77	76	74	78	70	79	65	79	59	78	52	76	44	75	37	73	29	70	22	67	16	65	11	63	7	62	4	62	2	63	1	63	1	
63:
70	1.716	89	4	89	5	88	7	86	10	83	14	81	19	78	24	75	30	72	36	70	41	69	46	69	50	70	53	72	55	75	57	79	59	82	60	84	60	85	59	85	57	84	56	82	56	79	57	75	58	70	58	64	59	57	59	51	60	45	61	40	61	36	61	33	62	31	63	30	65	30	67	31	68	33	70	36	73	39	76	41	79	42	81	42	82	41	82	39	81	37	79	34	76	32	72	31	67	30	61	29	54	29	46	30	37	31	29	31	22	31	16	32	10	34	5	37	1	40	-2	44	-4	49	-5	55	-5	62	-4	68	-4	74	-4	79	-3	83	-1	86	1	88	3	89	4	89	4	
64:
83	0.286	2	78	3	79	5	81	8	83	12	85	17	86	23	86	30	86	38	86	46	85	54	84	61	82	67	79	72	76	76	74	79	73	81	73	82	74	84	76	85	79	85	82	84	84	82	85	79	85	76	84	72	82	68	79	65	75	63	70	61	64	59	57	58	49	58	42	57	35	57	27	56	20	54	14	52	9	51	5	51	2	52	0	54	-1	57	-1	61	0	65	1	70	3	74	6	78	10	82	14	85	19	87	23	88	26	88	28	87	29	85	29	82	28	78	26	73	23	67	19	60	14	52	9	44	5	37	2	31	0	26	-1	22	-1	18	0	14	2	11	5	8	9	6	14	5	20	5	27	5	34	5	42	5	50	4	57	4	63	3	68	2	72	1	75	1	77	2	78	2	78	
65:
74	3.496	10	52	11	53	11	55	10	58	8	62	7	66	7	70	8	73	10	75	13	76	16	76	19	75	23	73	28	70	32	66	35	62	37	58	38	54	38	50	37	47	35	45	32	44	28	44	23	44	17	44	12	43	8	41	5	38	3	34	2	30	2	25	3	20	5	16	8	13	12	11	17	10	23	10	30	11	38	12	47	14	55	17	62	20	68	22	73	23	77	23	80	22	82	22	83	23	83	25	82	28	80	32	77	37	75	43	72	50	68	58	65	65	62	71	60	76	59	80	57	83	54	85	50	86	45	86	39	85	33	83	27	80	22	76	18	71	15	66	13	62	12	58	11	55	10	53	10	52	10	52	
66:
72	1.798	45	54	46	53	48	51	50	50	53	50	56	51	60	53	65	56	69	58	72	59	75	59	77	58	78	58	78	59	78	61	77	64	75	68	72	73	70	77	69	80	68	83	68	85	67	86	65	86	62	85	58	84	53	82	47	79	42	75	38	72	34	70	31	69	28	69	26	70	24	72	22	75	21	79	19	83	16	86	13	88	11	89	9	89	8	88	8	86	8	83	9	79	9	74	10	69	10	63	11	56	11	48	10	40	8	33	7	27	7	22	8	18	10	15	13	13	17	12	22	12	28	13	33	15	37	18	41	22	44	27	46	33	48	39	49	44	49	48	48	51	46	53	45	54	45	54	
67:
69	0.116	65	21	66	22	68	24	71	25	73	25	75	24	78	22	80	19	81	15	81	11	80	8	78	6	75	5	71	4	66	4	60	4	53	4	46	4	40	3	35	3	31	3	28	3	26	4	25	6	25	9	26	13	28	18	31	24	34	31	36	39	37	47	37	55	36	63	34	70	31	76	27	81	23	85	19	88	16	90	14	91	13	91	13	90	14	89	16	89	19	90	23	91	27	91	32	90	38	88	45	85	53	81	61	76	68	70	74	64	79	59	83	53	86	48	88	44	89	41	89	37	88	32	86	28	83	25	79	22	75	20	71	19	68	19	66	20	65	21	65	21	
68:
82	15.145	23	41	22	40	20	38	17	35	14	31	12	26	11	22	11	18	11	15	12	13	14	11	17	10	21	10	26	11	32	13	38	16	43	19	47	22	50	26	52	29	53	32	54	34	54	35	55	35	55	34	55	32	56	29	57	25	59	22	60	19	62	17	65	16	67	16	68	17	68	18	67	20	65	21	62	21	58	20	55	18	53	15	52	13	52	10	53	7	55	4	58	2	62	1	67	1	72	2	76	4	80	6	83	9	85	13	86	17	86	21	85	26	83	32	80	39	76	45	71	50	65	54	60	58	56	62	52	67	49	72	47	76	44	79	41	81	37	82	32	82	28	81	24	79	20	76	17	72	15	67	14	61	14	56	15	51	17	47	20	44	22	42	23	41	23	41	
69:
91	4.044	48	85	47	84	47	83	47	81	48	79	50	78	53	78	56	78	58	77	59	75	60	72	62	68	65	65	69	63	74	62	78	62	81	63	83	65	84	68	84	72	83	75	81	77	78	78	74	78	69	77	63	75	58	72	54	68	51	63	49	57	48	50	48	42	49	34	51	27	53	21	55	15	56	10	56	6	55	3	53	1	52	0	51	0	51	1	52	2	54	3	57	5	61	7	66	8	72	8	77	9	81	10	84	11	86	11	88	10	89	8	89	5	88	1	86	-4	83	-8	79	-11	74	-13	68	-14	61	-14	53	-13	44	-11	34	-9	25	-6	17	-2	10	2	4	6	-1	11	-5	17	-8	24	-10	31	-11	39	-11	48	-10	56	-8	63	-5	70	-1	76	4	81	10	85	17	88	24	90	30	91	35	91	39	91	42	90	45	88	47	86	48	85	48	85	
70:
74	5.205	81	21	80	20	80	18	79	15	77	11	74	8	70	6	65	4	60	3	56	3	53	4	51	6	50	9	49	13	49	18	48	24	46	30	43	37	40	43	38	48	37	52	37	55	38	57	39	58	41	58	43	57	44	56	44	56	43	57	41	59	39	62	38	66	37	70	37	75	38	79	39	82	39	84	38	85	36	85	33	84	29	82	24	79	18	75	13	72	9	69	6	67	4	66	3	66	3	67	4	69	6	71	9	74	13	78	18	82	24	85	31	87	39	88	48	88	56	87	63	85	69	82	75	78	80	73	84	68	87	62	89	56	90	49	90	42	90	36	89	31	87	27	84	24	82	22	81	21	81	21	
71:
87	6.316	20	56	19	57	17	57	15	58	13	60	11	61	10	61	10	60	11	60	13	60	16	59	19	57	22	54	24	50	25	45	25	41	25	38	26	36	27	35	29	35	32	36	36	37	41	38	47	39	54	40	60	40	65	39	70	37	74	34	77	30	79	25	80	19	80	14	79	10	77	7	74	5	70	4	65	4	59	5	52	6	44	6	35	6	27	6	20	7	14	7	9	8	5	9	2	11	0	14	-1	18	-1	23	0	29	2	36	5	44	9	53	14	61	20	68	27	74	35	79	43	83	51	86	59	88	66	90	72	92	77	94	82	95	86	95	89	94	91	92	92	89	92	85	91	80	89	75	86	70	82	65	77	60	71	56	64	53	56	50	48	48	41	47	35	47	30	48	26	50	23	53	21	55	20	56	20	56	
72:
86	19.568	12	29	12	28	11	26	9	24	6	23	4	23	3	24	3	26	3	29	3	32	4	36	6	40	9	44	13	47	17	49	22	50	28	50	33	49	37	47	40	44	42	40	43	36	43	33	43	31	44	30	46	30	49	31	52	33	56	36	61	38	67	39	72	39	76	38	79	36	81	33	82	29	82	26	81	24	81	23	80	23	79	24	79	26	80	29	82	33	84	38	85	44	85	50	84	56	82	61	79	65	75	68	71	70	67	71	63	71	60	71	58	71	57	72	57	74	58	76	60	78	63	81	67	85	72	89	77	92	81	94	84	95	86	95	87	94	87	92	86	90	84	88	81	87	78	85	74	82	69	79	63	75	56	70	48	64	40	57	33	50	27	44	22	39	18	35	15	32	13	30	12	29	12	29	
73:
81	0.508	55	12	55	13	54	15	54	18	54	22	53	27	51	33	50	39	50	44	51	49	53	53	56	56	60	58	64	59	69	59	74	58	79	56	83	53	86	49	88	45	89	40	89	34	88	27	86	21	83	16	81	12	79	9	76	7	72	6	67	6	62	7	56	9	49	12	42	16	36	21	30	27	25	33	21	39	17	45	14	52	12	60	11	67	11	73	12	78	14	82	17	86	21	89	25	91	29	92	33	92	36	91	38	89	39	86	39	82	38	78	36	73	33	67	29	60	24	52	19	45	14	38	10	32	6	27	3	23	1	20	0	17	0	15	1	14	3	12	6	9	10	7	15	6	21	6	28	7	34	7	40	6	45	6	49	7	52	9	54	11	55	12	55	12	
74:
80	11.393	81	74	82	73	82	71	82	68	81	66	79	63	76	61	72	60	68	58	63	55	59	52	56	48	54	44	53	41	53	39	54	38	55	38	57	39	60	41	62	44	63	48	63	53	62	59	61	65	59	71	58	76	58	80	59	83	61	85	64	86	67	86	71	85	75	83	78	80	81	76	83	71	85	65	88	58	90	51	91	43	91	35	90	28	88	22	85	17	81	13	76	10	70	8	63	7	55	7	47	8	40	9	34	11	29	14	25	18	22	23	20	29	17	36	15	44	13	51	10	57	8	62	7	67	7	72	8	76	10	81	13	85	17	88	22	90	27	92	33	93	40	93	48	92	55	90	61	88	66	86	71	83	75	80	78	77	80	75	81	74	81	74	
75:
99	3.464	54	5	53	5	51	6	48	7	46	9	45	12	45	16	46	19	48	21	51	22	55	22	60	21	66	19	71	16	75	12	78	9	80	7	81	5	81	4	82	4	84	5	85	7	86	10	86	14	86	19	85	25	83	31	81	36	78	40	74	43	69	45	63	46	58	48	54	49	51	51	49	54	48	57	48	59	49	60	50	60	51	59	51	57	50	54	48	52	45	51	42	50	40	50	39	51	37	53	35	55	32	58	28	62	23	65	18	68	12	70	5	71	-1	71	-6	70	-10	68	-14	65	-17	61	-19	56	-20	51	-20	47	-19	42	-17	38	-14	35	-10	33	-5	32	0	32	6	33	12	35	18	38	24	42	31	47	39	53	48	58	56	62	63	66	69	69	75	71	80	72	84	72	87	71	89	69	90	66	90	62	89	57	87	51	84	44	80	36	75	29	69	23	64	18	60	14	57	11	55	8	54	6	54	5	54	5	
76:
74	1.718	22	82	23	81	25	79	28	77	31	76	35	76	40	77	46	77	52	76	57	76	61	75	64	75	66	76	68	76	69	75	69	74	68	72	66	70	64	68	62	65	61	61	61	57	62	54	64	52	67	51	70	51	73	52	77	54	81	57	84	60	86	63	87	67	88	70	88	72	87	73	85	73	83	72	80	70	76	67	71	64	65	60	60	55	56	49	52	44	49	40	47	37	46	35	44	34	43	34	43	35	43	37	42	39	40	42	37	45	33	47	28	48	22	48	16	48	11	47	7	46	4	45	2	45	1	46	0	47	0	49	1	52	3	56	5	61	8	67	12	72	16	76	19	79	21	81	22	82	22	82	
77:
90	3.774	86	3	85	4	83	6	80	9	76	13	72	16	68	20	65	23	63	27	62	32	62	36	63	39	65	41	68	42	72	42	77	42	81	41	84	41	86	42	87	44	87	47	86	51	84	56	81	60	77	64	72	67	66	69	59	70	52	70	46	70	41	71	37	73	34	76	32	80	31	83	31	85	32	86	34	86	36	85	39	83	43	80	46	76	48	71	49	65	49	58	48	52	46	47	44	43	41	40	37	38	34	37	32	36	31	36	31	35	32	34	34	32	37	31	40	30	42	28	43	26	43	23	42	20	40	18	38	17	35	17	31	18	26	20	21	23	17	27	14	32	12	37	11	42	11	46	12	49	14	51	17	52	20	52	24	51	29	49	35	46	42	42	50	37	58	31	65	24	71	18	76	13	80	9	83	6	85	4	86	3	86	3	
78:
81	10.077	39	81	39	82	39	84	40	86	42	87	45	87	49	86	52	84	54	81	55	78	55	75	54	73	52	71	49	69	47	68	46	68	46	68	47	67	49	67	52	68	56	70	61	71	66	71	70	71	73	71	75	70	77	68	78	65	78	61	77	56	75	52	72	48	70	45	68	41	66	37	65	33	65	28	66	23	68	19	70	16	72	12	73	9	73	7	72	6	70	6	67	7	63	9	58	12	52	15	45	17	39	18	34	18	30	17	27	15	25	12	24	8	23	5	21	3	18	2	14	2	10	3	6	5	1	8	-3	12	-6	17	-8	23	-9	30	-9	38	-8	47	-6	55	-3	62	1	68	6	73	12	77	18	80	24	82	29	83	33	83	36	82	38	81	39	81	39	81	
79:
80	51.796	16	40	15	41	15	43	15	46	14	50	13	54	11	58	8	61	6	63	4	64	3	64	3	64	4	63	6	62	9	60	13	59	16	58	19	58	21	59	22	61	22	64	21	68	19	71	16	75	14	79	13	82	13	86	14	89	16	91	19	93	23	95	28	96	34	96	41	95	47	93	52	91	56	88	60	84	63	81	65	77	66	73	68	70	70	68	72	67	75	67	79	67	83	66	86	66	88	65	89	63	89	61	88	59	86	56	83	52	79	47	74	41	70	34	66	28	63	23	61	17	60	11	60	6	60	2	59	-1	57	-3	54	-4	50	-4	45	-3	39	-1	34	2	30	6	25	10	21	14	18	19	16	25	15	30	14	34	14	37	15	39	16	40	16	40	
80:
89	2.252	48	70	47	71	45	73	42	76	38	78	35	79	33	79	32	78	32	76	33	73	35	70	37	66	40	61	42	55	43	49	43	44	42	40	40	37	39	35	39	33	40	32	42	31	44	29	46	26	48	22	49	17	49	12	50	8	51	5	53	3	55	2	58	2	61	3	63	5	64	8	64	12	64	17	64	21	63	25	63	28	64	30	66	31	69	31	73	30	78	28	82	25	85	21	87	16	88	12	88	9	88	7	87	6	85	6	82	7	78	9	73	12	67	16	60	20	52	24	45	29	38	33	31	36	25	38	20	39	16	39	13	38	10	36	8	33	7	29	7	25	8	21	9	18	9	16	9	15	9	15	10	16	11	18	13	21	15	25	18	30	21	36	25	43	29	49	33	55	38	60	42	64	45	67	47	69	48	70	48	70	
81:
76	1.526	33	36	34	35	34	33	35	30	36	27	36	25	35	24	33	23	30	23	26	24	21	26	17	29	13	33	9	36	6	40	4	43	3	45	3	47	4	48	6	49	9	49	13	49	18	49	22	50	25	52	28	55	30	59	31	62	31	65	30	68	28	72	26	76	25	80	25	84	26	87	28	89	30	90	33	90	37	89	42	87	48	84	53	81	57	77	60	72	62	66	63	60	63	54	62	49	61	45	59	42	57	40	56	39	56	38	57	37	59	35	62	34	66	32	69	29	71	25	72	20	72	16	71	13	69	10	68	8	68	7	67	7	65	8	62	10	58	13	53	17	48	21	43	26	39	30	36	33	34	35	33	36	33	36	
82:
97	30.581	62	45	62	44	62	42	63	39	63	35	64	32	66	29	68	27	70	26	73	26	76	26	78	27	79	29	79	32	78	35	76	37	73	39	69	42	66	45	64	49	63	53	63	58	64	62	66	65	69	67	73	68	76	68	78	67	81	65	83	63	84	62	84	60	83	57	81	55	78	54	74	54	69	55	63	56	56	56	49	55	43	55	38	54	34	52	31	51	27	51	24	52	22	54	21	57	21	61	22	66	24	70	27	73	31	75	36	76	41	76	45	75	48	73	50	70	51	66	51	61	50	55	48	48	45	41	41	34	36	28	30	23	23	19	17	16	12	14	8	13	5	13	3	14	2	15	2	15	3	14	5	12	8	9	12	5	17	1	23	-2	30	-4	38	-5	45	-5	51	-4	57	-3	62	-1	66	2	69	6	71	11	72	17	72	24	71	30	70	35	68	39	65	42	63	44	62	45	62	45	
83:
71	0.946	86	76	85	77	83	79	80	81	76	82	71	82	65	81	58	80	50	79	43	77	37	75	32	74	26	74	21	75	17	77	14	80	12	82	11	83	11	85	10	86	8	86	7	85	6	83	4	81	3	79	3	76	3	72	2	67	2	61	3	56	4	51	6	47	9	44	13	42	18	41	22	41	25	42	27	44	29	45	30	45	31	44	32	42	32	39	31	35	29	30	28	24	28	17	28	11	29	6	31	2	34	-1	38	-3	42	-4	47	-4	53	-3	60	-1	67	2	73	6	78	11	82	17	85	24	87	32	88	40	88	48	87	55	85	61	84	66	84	70	84	73	85	75	86	76	86	76	
84:
66	1.861	16	63	17	62	19	60	21	57	24	55	28	54	31	54	35	54	39	53	43	51	46	48	48	44	49	41	49	38	50	36	52	35	55	35	59	36	64	38	70	40	75	41	80	41	84	40	87	38	89	35	91	31	92	26	92	20	91	15	89	11	86	8	82	6	77	5	71	5	64	6	56	6	47	5	38	4	30	4	23	4	17	4	12	5	8	7	5	10	3	14	2	18	2	23	3	29	4	36	6	43	9	51	11	58	13	64	14	69	15	73	17	76	18	78	18	79	19	79	20	78	20	76	19	73	17	69	16	66	16	64	16	63	16	63	
85:
81	21.378	46	44	45	45	45	47	46	50	46	52	47	53	49	53	52	52	54	51	55	49	55	46	54	42	53	39	53	37	52	36	50	36	47	37	45	39	42	42	38	44	33	45	27	45	22	44	18	42	15	39	13	35	12	30	11	25	9	21	7	18	5	14	4	11	4	9	5	8	7	7	10	7	14	7	19	7	25	8	32	9	39	11	45	12	50	12	54	11	57	9	59	7	61	6	64	6	68	7	71	9	73	12	75	16	76	21	76	27	77	33	79	40	82	47	84	54	85	62	85	69	84	75	82	80	79	84	75	87	70	89	64	91	58	92	52	92	47	91	43	89	40	86	38	82	37	77	37	71	38	65	40	59	43	54	45	50	46	47	46	45	46	44	46	44	
86:
80	24.612	82	81	81	80	80	78	79	75	77	72	74	70	70	68	65	67	61	67	58	68	56	70	55	73	55	77	55	81	54	84	52	87	51	89	51	90	50	90	50	89	51	87	51	85	50	82	49	78	49	73	48	67	46	62	44	58	41	55	37	53	34	52	32	51	31	51	31	50	32	48	32	45	31	41	29	37	26	33	22	30	19	28	15	27	11	26	8	25	6	23	5	20	5	16	6	13	8	11	11	10	15	10	19	11	24	13	30	15	36	16	43	16	50	15	56	13	62	10	67	7	71	5	76	4	80	4	85	5	89	7	94	10	98	14	101	19	103	25	104	32	104	39	103	46	101	53	98	60	94	66	90	71	87	75	85	78	83	80	82	81	82	81	
87:
84	2.059	28	71	27	70	25	68	24	67	23	67	23	68	24	70	26	71	29	71	33	70	38	68	43	65	47	63	50	61	52	58	54	54	55	50	55	47	54	43	52	39	51	34	51	28	51	21	51	14	50	8	49	3	47	-1	44	-4	40	-6	35	-7	29	-7	24	-6	20	-4	17	-1	15	3	14	8	14	13	15	19	17	24	20	29	24	33	29	38	35	42	42	45	50	47	57	48	63	48	68	47	72	46	75	46	78	46	80	47	81	49	81	52	80	56	78	59	75	62	73	66	71	71	70	75	70	78	71	80	73	81	76	81	80	80	83	80	85	80	86	80	86	79	85	78	83	77	80	77	77	78	73	78	68	77	62	75	55	72	49	70	43	68	38	67	34	67	31	68	29	70	28	71	28	71	
88:
79	9.846	81	75	82	76	82	78	81	80	79	81	76	81	73	80	70	78	68	75	67	71	67	68	67	66	68	65	69	65	69	64	68	62	66	61	63	61	59	61	54	62	48	64	42	66	37	69	33	73	28	76	24	78	20	79	17	79	15	78	14	76	14	73	13	69	13	65	12	61	12	58	13	56	15	55	18	55	21	56	25	56	28	55	30	53	31	50	32	46	32	41	32	36	31	32	29	28	26	25	22	23	17	22	13	22	10	22	8	21	7	19	7	16	8	13	10	10	13	7	17	5	22	4	27	3	33	3	39	4	46	6	52	9	57	13	61	18	64	24	66	31	67	39	67	47	68	54	70	60	72	65	75	69	78	72	80	74	81	75	81	75	
89:
89	6.682	10	21	10	22	10	23	10	24	10	24	11	23	12	21	14	18	15	14	15	9	14	5	14	2	15	0	17	-1	20	-1	24	0	29	2	35	5	41	9	48	14	54	20	60	25	65	29	69	34	73	38	76	42	78	45	79	47	79	48	78	48	76	47	73	45	69	44	64	43	59	43	54	44	48	46	41	49	34	53	27	58	21	64	16	69	12	73	9	76	7	78	4	79	0	79	-3	78	-5	76	-6	73	-6	69	-5	64	-4	58	-2	51	1	44	5	38	10	33	16	29	22	25	29	22	37	20	46	19	54	18	61	17	67	15	73	12	78	10	82	9	85	9	87	10	88	11	88	12	87	12	85	11	82	9	78	7	73	5	67	4	60	4	52	5	45	7	38	8	31	10	25	12	20	14	16	16	13	18	11	20	10	21	10	21	
90:
93	0.287	31	62	30	61	28	60	25	60	21	59	18	58	15	56	13	53	12	50	12	46	13	43	15	40	18	38	22	37	27	37	33	38	40	40	46	43	52	47	58	50	64	52	69	54	73	57	78	60	82	62	85	63	87	63	88	63	88	64	87	64	85	65	82	67	78	70	73	74	67	78	60	81	52	83	44	84	37	84	31	85	26	86	22	87	19	87	17	86	16	85	16	83	17	80	19	76	22	71	26	65	30	58	35	50	39	42	42	35	44	29	45	24	45	20	44	17	42	15	39	14	36	13	34	13	33	14	33	16	34	18	36	19	39	19	43	18	48	16	54	13	60	10	65	6	71	3	76	1	80	0	83	0	85	-1	86	-1	86	0	85	2	83	5	80	9	76	14	71	20	65	27	58	34	52	41	46	47	41	52	37	56	34	59	32	61	31	62	31	62	
91:
72	1.435	56	3	57	4	59	5	62	6	65	8	68	11	72	15	75	19	77	24	78	30	78	36	77	41	75	45	72	48	69	50	66	51	62	51	57	50	53	48	50	45	48	43	45	42	42	42	40	43	39	45	39	47	39	50	40	54	42	58	45	63	48	68	51	72	55	75	60	77	66	78	71	78	75	77	78	75	80	72	81	69	81	66	80	62	78	58	75	53	72	48	68	43	63	39	57	36	50	34	42	33	35	32	28	30	22	27	17	24	13	21	10	18	8	14	7	11	7	8	8	6	10	4	13	1	17	-2	22	-4	28	-5	35	-6	41	-6	46	-5	50	-3	53	0	55	2	56	3	56	3	
92:
81	7.678	19	17	18	17	16	18	15	20	15	22	16	25	18	29	20	34	22	40	23	47	23	55	22	62	20	68	17	73	14	77	11	80	9	82	8	85	8	87	9	88	11	89	14	89	18	88	23	86	29	83	35	79	40	74	44	69	48	64	51	60	53	57	54	55	54	54	54	54	55	55	57	57	60	60	63	62	65	63	67	64	70	64	74	63	78	61	81	58	83	54	84	49	84	43	83	38	81	34	78	30	74	27	70	25	67	24	65	24	64	25	64	26	65	26	67	25	70	23	74	20	78	16	81	13	83	10	84	8	84	5	83	3	81	1	78	-1	74	-2	69	-2	63	-1	56	0	49	1	43	3	38	6	34	10	29	13	25	15	22	16	20	16	19	17	19	17	
93:
71	0.131	25	62	25	61	26	59	27	56	27	53	26	50	24	47	21	44	19	40	18	35	18	30	19	26	19	23	20	19	22	16	25	13	29	10	34	8	40	6	47	5	54	5	61	6	68	8	74	11	79	15	83	19	86	24	88	28	89	31	89	33	88	34	86	36	83	39	79	41	76	44	72	48	67	52	61	57	54	62	48	66	43	69	39	72	36	74	34	75	33	76	33	78	34	81	36	85	39	88	43	90	48	91	54	91	59	90	63	88	66	85	68	81	69	76	69	70	68	65	66	61	63	58	59	56	54	55	48	55	43	56	39	58	35	59	31	59	28	60	26	61	25	62	25	62	
94:
89	48.833	1	24	2	23	4	21	7	19	11	18	16	18	20	18	23	19	25	21	26	23	28	24	30	24	33	23	35	21	36	18	38	14	41	11	44	9	46	7	49	6	52	6	54	7	56	9	59	12	63	16	66	19	68	21	69	22	69	22	68	21	66	19	65	16	65	12	66	9	67	6	69	4	72	3	76	3	80	4	83	6	85	9	86	13	86	18	85	24	84	31	82	38	79	44	75	49	70	53	64	56	59	59	55	61	52	62	50	63	49	63	49	62	50	61	52	61	55	62	59	63	64	65	68	68	71	72	73	76	74	80	74	85	73	89	71	92	68	94	64	96	59	97	53	97	46	96	38	94	30	91	22	87	15	82	9	76	4	71	0	65	-3	59	-5	52	-6	45	-6	39	-5	34	-3	30	-1	27	0	25	1	24	1	24	
95:
77	1.58	34	89	35	90	37	91	39	91	42	90	45	88	48	85	51	82	53	78	56	74	60	71	63	69	66	68	70	68	73	69	75	71	76	73	76	74	75	74	74	73	73	71	72	68	70	64	69	59	68	54	67	48	66	43	64	39	61	36	59	34	56	33	53	33	50	34	48	35	47	37	47	38	47	38	47	37	48	35	50	32	52	28	55	24	59	20	63	15	67	11	70	7	72	3	73	0	73	-2	72	-3	70	-3	67	-2	63	0	58	3	52	7	45	12	39	18	33	25	28	33	24	41	21	50	17	58	14	66	11	73	9	79	8	84	8	88	9	91	11	93	14	94	18	95	22	95	26	94	29	93	31	91	33	90	34	89	34	89	
96:
87	12.536	80	76	81	77	83	79	86	81	88	83	89	84	89	84	88	83	86	81	83	78	79	75	74	73	68	71	63	68	59	64	56	60	54	56	53	53	52	51	52	50	53	50	53	51	52	53	50	56	47	60	44	65	40	69	35	72	30	74	26	75	23	77	21	80	20	83	20	86	21	88	23	89	26	89	28	88	29	86	29	83	29	79	28	74	26	68	23	61	21	53	20	46	20	40	21	34	23	29	26	25	30	22	35	20	41	19	48	19	56	20	63	21	69	23	74	26	78	28	81	29	83	29	84	28	86	26	88	23	89	19	89	14	88	10	87	7	85	5	82	4	78	4	75	5	73	7	72	10	72	14	73	19	75	25	78	32	81	40	83	48	85	55	86	61	86	66	85	70	83	73	81	75	80	76	80	76	
97:
94	5.663	32	39	32	38	31	36	29	33	28	31	28	30	29	30	29	31	28	33	26	36	23	40	20	43	17	45	13	46	10	46	6	45	3	45	1	46	0	48	-1	51	-1	55	0	60	2	66	5	71	8	76	10	80	12	83	14	85	17	86	21	86	25	85	29	83	33	80	38	76	44	72	51	69	59	65	67	60	74	55	80	50	85	45	89	39	92	33	94	28	95	24	95	21	94	19	92	18	89	18	86	19	84	21	83	24	83	28	84	33	86	39	89	46	93	54	97	62	100	69	102	75	103	80	103	84	102	87	100	89	97	90	93	90	88	89	84	87	81	84	77	80	72	75	66	70	59	64	51	57	42	49	34	41	27	34	21	28	16	23	12	19	9	16	7	14	6	13	6	13	7	14	9	16	12	19	16	23	21	28	25	32	28	35	30	37	31	38	32	39	32	39	
98:
86	23.11	62	71	62	70	62	68	61	66	61	64	62	63	64	63	65	64	65	66	64	69	62	73	59	78	55	82	50	86	44	89	38	91	31	92	25	92	20	91	16	91	13	90	11	88	10	85	9	81	9	76	9	72	9	69	8	66	6	64	5	63	5	63	6	63	8	62	11	61	15	59	20	57	25	55	31	52	37	49	43	45	48	40	52	34	55	28	57	23	58	19	60	16	62	14	65	13	68	13	70	14	71	16	71	19	72	23	72	27	71	31	71	34	71	36	70	37	70	37	71	36	72	34	74	31	77	29	81	28	85	28	89	29	92	31	94	34	95	38	95	43	94	49	92	55	91	62	91	68	92	73	92	77	91	80	89	82	86	83	82	83	77	82	72	80	68	77	65	74	63	72	62	71	62	71	
99:
94	3.397	14	7	13	8	11	10	10	13	10	17	11	22	12	28	14	33	17	37	20	40	22	42	24	43	27	43	31	42	36	40	41	38	46	36	50	33	53	30	55	28	56	27	56	27	55	28	53	30	50	33	48	37	47	42	47	47	47	52	48	56	50	59	52	61	54	62	55	62	55	61	54	61	52	62	49	64	45	67	41	71	36	74	30	76	23	77	17	77	12	76	8	74	5	71	3	67	2	62	2	58	3	55	5	53	8	51	12	48	17	46	23	45	30	45	38	46	45	47	53	49	60	52	66	56	71	60	75	63	78	67	80	71	81	74	81	78	81	81	80	83	78	84	77	84	77	83	78	81	80	78	82	74	83	69	83	63	82	56	80	50	77	45	73	41	68	38	63	36	57	35	50	33	42	30	35	26	29	22	24	17	20	13	17	10	15	8	14	7	14	7	