0:
99	18.519	164	111	163	110	162	109	160	107	159	104	158	101	158	99	157	98	155	98	152	99	148	101	143	104	137	108	132	112	128	115	125	117	123	118	121	118	119	117	116	115	113	112	109	108	104	104	98	101	91	99	85	98	79	98	73	99	68	101	64	102	61	103	59	104	58	106	58	109	59	111	61	112	64	113	68	115	72	118	75	122	77	127	78	133	78	139	77	145	75	151	73	158	71	164	70	169	70	173	71	176	73	178	76	179	80	179	85	178	91	178	98	178	106	178	115	177	124	175	132	172	139	168	145	164	150	159	154	153	157	146	159	138	160	129	160	119	159	108	157	96	154	85	150	75	147	66	143	58	140	51	138	45	137	40	137	36	138	33	140	31	143	30	147	30	152	31	158	33	164	36	169	40	173	45	176	51	178	58	179	66	179	75	178	83	176	90	173	96	170	101	167	105	165	108	164	110	164	111	164	111	
1:
116	3.835	21	1	20	1	18	1	15	2	12	4	9	7	6	10	4	14	3	18	3	22	4	25	6	27	9	28	13	30	16	33	18	37	19	42	19	48	18	55	16	63	13	72	10	82	8	91	7	99	7	106	8	112	10	117	13	121	17	124	22	127	28	130	34	132	41	133	47	133	52	132	56	131	59	131	61	132	62	134	62	137	61	141	59	146	57	152	56	159	56	166	57	172	59	177	62	181	66	184	71	186	77	187	84	187	92	188	99	189	106	191	112	194	117	196	121	197	124	197	126	196	127	194	127	191	126	187	124	182	121	176	117	169	112	161	106	152	100	142	95	131	91	119	88	108	86	98	85	89	85	81	86	74	88	68	91	63	95	59	100	56	106	54	113	53	121	53	129	54	136	56	142	57	147	57	151	56	154	54	156	51	157	47	158	42	158	36	157	29	155	22	152	16	148	10	143	5	138	0	132	-6	125	-11	117	-15	108	-18	98	-20	87	-21	76	-21	66	-20	57	-19	49	-17	42	-14	36	-10	31	-6	27	-3	24	-1	22	0	21	1	21	1	
2:
111	8.068	62	132	62	131	61	129	60	126	58	122	55	117	51	113	47	110	43	108	40	107	38	107	37	108	36	110	34	113	32	117	30	120	28	122	25	123	21	123	18	122	16	120	15	117	15	113	16	108	16	102	17	95	19	88	22	82	25	77	27	73	28	68	28	64	29	61	29	59	30	58	32	58	35	59	39	61	43	63	48	65	52	66	55	66	57	65	58	63	59	60	61	56	64	51	68	46	72	41	77	37	82	34	88	31	95	29	101	28	108	28	115	29	121	31	126	34	130	36	133	37	135	37	137	36	139	34	141	31	142	28	142	24	141	21	139	19	136	18	133	18	130	19	128	21	127	24	127	28	128	33	129	39	131	46	133	54	136	62	140	71	145	80	151	90	158	100	164	109	169	117	173	124	176	132	178	139	179	146	179	153	178	159	176	164	173	168	169	171	164	173	158	174	151	174	143	173	134	172	124	170	115	167	107	163	98	159	90	154	83	149	77	145	72	141	68	138	65	135	63	133	62	132	62	132	
3:
136	137.952	66	94	67	95	69	97	72	100	75	104	79	109	84	114	88	119	91	125	93	130	94	135	94	139	93	142	93	144	94	145	96	145	99	145	102	146	104	148	105	151	107	155	108	160	110	166	112	171	115	175	119	178	124	180	130	181	137	181	143	180	148	178	153	175	157	171	160	166	162	160	163	153	163	145	163	136	162	126	160	115	157	105	153	96	148	87	142	79	135	72	129	66	124	61	120	57	116	54	113	52	111	51	110	51	110	52	110	54	109	55	107	55	105	54	102	52	99	49	95	47	90	46	84	46	79	46	74	45	70	43	67	41	65	38	64	34	63	30	61	27	58	25	54	24	49	24	43	25	37	27	30	30	22	34	15	38	9	43	3	49	-2	56	-6	64	-9	73	-11	83	-12	93	-12	104	-11	114	-9	123	-6	131	-2	138	2	144	7	149	13	153	20	156	28	158	37	159	47	159	58	158	70	156	83	153	96	149	109	144	121	138	132	131	142	123	151	114	159	104	166	95	172	87	177	80	181	73	184	67	186	61	187	56	187	52	186	49	184	47	181	45	177	44	172	44	166	45	159	47	151	50	142	54	132	58	121	61	111	65	102	70	94	75	87	79	81	84	76	88	72	91	69	93	67	94	66	94	66	94	
4:
117	22.475	124	126	123	127	122	129	122	132	123	135	125	139	128	142	132	144	135	147	138	150	141	152	145	153	150	153	156	152	162	150	168	147	173	143	177	138	181	132	184	125	186	117	187	110	187	104	186	99	184	95	181	92	177	90	173	89	168	89	162	90	155	90	148	90	142	89	137	87	133	84	130	80	128	75	126	69	125	62	125	54	124	47	122	41	120	36	117	32	113	29	110	26	106	24	101	23	95	23	90	24	86	26	81	29	75	33	70	38	64	44	58	51	53	59	49	67	46	76	43	86	40	97	38	109	35	120	31	130	27	139	24	147	21	154	19	160	18	165	18	169	19	172	21	174	24	175	28	175	33	174	39	172	46	169	54	165	62	160	71	154	79	147	86	139	93	130	100	120	107	109	113	97	119	86	126	76	134	67	142	59	151	52	159	46	166	41	172	37	177	34	181	32	184	31	187	31	189	32	190	34	190	37	189	41	187	46	184	52	180	59	175	66	169	73	164	81	158	90	151	98	145	105	139	111	134	116	130	120	127	123	125	125	124	126	124	126	
5:
128	58.809	59	16	58	17	58	19	58	22	58	26	59	31	59	37	60	42	60	48	59	53	59	57	60	60	62	62	65	63	69	63	74	62	80	60	87	57	95	53	102	48	109	42	115	37	122	33	128	29	133	26	137	24	140	23	142	23	145	24	149	26	152	29	154	33	155	38	155	44	154	51	152	59	150	66	149	72	148	77	148	81	149	84	151	86	154	88	158	89	163	89	167	88	170	87	172	86	173	85	173	85	172	85	170	85	167	86	163	88	158	91	152	94	145	98	137	101	128	103	118	104	109	105	101	105	94	106	88	108	83	111	78	115	74	120	71	125	69	130	66	135	62	139	57	142	51	144	45	145	40	145	36	144	33	144	31	143	30	141	30	138	31	136	33	135	36	135	40	136	45	138	51	141	58	145	66	150	75	156	85	161	96	165	108	168	119	170	129	171	138	171	147	170	155	168	163	166	170	165	176	165	181	166	185	167	188	167	190	167	191	166	191	164	190	161	188	157	185	152	181	146	176	139	170	132	163	124	155	115	146	105	136	94	125	82	114	71	104	61	95	52	87	44	80	37	74	31	69	26	65	22	62	19	60	17	59	16	59	16	
6:
119	88.412	183	54	184	55	184	57	183	60	182	64	182	69	182	73	181	76	179	78	176	79	172	79	167	78	161	77	154	76	147	76	141	77	136	79	131	82	127	86	122	91	118	97	115	104	113	112	110	121	106	130	102	138	97	145	93	151	90	156	88	160	87	165	85	169	82	172	78	174	73	175	67	175	60	174	52	172	45	169	38	165	32	161	27	158	23	156	20	155	18	153	17	150	17	146	18	142	20	138	23	133	27	128	32	124	38	121	45	119	52	118	58	116	64	114	69	113	73	112	76	110	78	107	79	103	79	98	78	93	76	87	73	81	69	74	64	68	58	63	53	59	49	56	44	54	40	53	36	53	32	54	29	56	27	59	26	63	26	68	27	74	29	81	32	89	36	98	41	108	47	119	54	130	61	140	69	149	78	157	88	164	99	170	110	175	120	179	130	182	139	184	147	185	156	185	165	184	173	182	180	179	186	175	192	170	197	164	201	157	204	149	207	140	209	130	210	119	210	109	209	99	207	90	204	82	200	75	196	69	192	64	189	60	186	57	184	55	183	54	183	54	
7:
135	64.685	30	76	29	77	29	79	28	82	26	85	24	88	23	90	23	91	24	91	25	90	27	88	30	85	34	81	39	76	44	70	48	64	53	59	57	55	62	52	68	50	75	49	81	49	86	50	90	52	93	55	95	59	96	64	96	69	95	75	93	81	90	86	86	90	81	93	75	95	68	96	60	96	53	95	47	93	42	90	38	86	35	81	32	75	30	68	27	60	24	51	21	41	19	32	17	24	16	17	16	11	17	6	19	2	22	-1	26	-3	31	-4	37	-4	44	-3	52	-1	60	2	69	6	79	11	90	17	100	24	109	31	117	39	124	48	130	58	135	67	139	75	143	82	146	89	148	95	149	100	149	105	148	109	146	114	143	120	139	126	135	133	132	141	130	148	127	154	124	160	122	165	121	169	121	172	122	175	124	177	127	178	131	178	136	177	142	175	149	172	156	168	164	163	171	157	177	150	182	142	186	133	189	123	191	112	192	100	192	87	191	74	189	62	187	51	185	41	184	32	184	24	183	17	183	11	182	6	180	2	177	-1	173	-3	168	-4	162	-4	155	-3	147	-1	138	2	129	6	119	11	108	17	96	24	85	32	75	40	66	48	58	55	51	61	45	66	40	70	36	73	33	75	31	76	30	76	30	76	
8:
137	313.956	8	152	9	153	11	155	14	158	18	162	22	166	27	169	33	171	38	172	42	172	45	171	47	169	48	166	48	162	47	157	46	151	44	144	42	136	41	127	41	119	42	111	43	103	45	95	48	88	52	82	57	77	63	73	70	70	78	68	86	67	93	67	99	67	104	66	109	64	113	61	116	57	119	53	122	49	126	46	131	44	137	41	142	37	146	34	149	31	151	28	152	24	152	19	151	15	149	12	146	10	143	9	141	9	140	10	140	12	141	15	143	18	146	22	150	27	155	33	160	40	164	48	168	55	171	61	173	66	174	70	174	75	173	79	171	82	169	84	166	87	162	91	157	96	153	102	150	109	148	117	147	126	147	134	148	141	150	147	153	152	157	156	162	159	166	161	169	162	171	162	172	162	172	161	171	159	169	156	166	153	162	149	157	145	151	142	144	139	136	135	128	130	119	124	109	117	98	109	86	100	75	91	65	81	56	70	48	60	41	51	35	43	30	36	26	30	23	25	21	21	20	18	20	16	21	15	23	15	26	16	30	18	35	21	41	25	46	30	50	36	53	43	55	51	56	60	56	70	55	81	53	92	50	102	46	111	41	119	35	126	29	132	23	137	18	142	14	146	11	149	9	151	8	152	8	152	
9:
122	76.534	53	105	53	104	52	102	51	99	49	95	48	91	48	87	47	84	46	82	44	81	43	81	41	82	38	84	36	86	34	89	32	92	29	95	26	97	24	98	22	98	21	97	21	95	22	92	23	88	25	83	27	77	28	70	28	62	27	54	25	45	22	37	20	30	19	24	19	19	20	15	22	11	25	8	29	6	34	5	39	4	45	4	52	5	60	7	69	10	79	14	89	19	98	23	106	27	113	31	119	36	124	41	128	45	131	49	133	52	134	54	134	55	133	55	131	54	128	53	124	52	119	52	113	52	107	53	102	55	98	58	95	62	92	67	90	72	89	78	89	83	90	88	92	94	94	99	97	103	100	106	102	108	103	111	103	115	102	120	102	124	103	127	105	129	108	130	112	132	117	134	123	135	130	135	138	134	147	132	155	129	162	127	168	126	173	126	178	127	182	129	185	131	187	134	188	138	188	143	187	147	185	150	182	152	178	153	173	153	167	152	160	150	152	148	143	145	134	141	125	136	115	132	106	128	97	125	89	123	81	121	74	120	68	118	63	115	59	111	56	108	54	106	53	105	53	105	
10:
146	581.505	60	118	61	119	63	121	64	123	64	126	63	130	61	135	58	139	55	142	53	144	52	145	51	145	51	145	52	144	54	143	57	143	61	144	66	146	71	149	75	153	78	158	80	164	81	170	81	175	81	179	81	183	82	186	84	188	87	189	91	189	96	188	101	186	105	183	109	179	112	174	116	168	119	163	122	159	124	156	125	154	125	153	124	153	124	154	124	156	125	159	127	163	130	168	134	173	138	177	143	180	149	182	156	183	163	183	169	182	174	180	178	177	181	173	183	168	184	163	184	157	184	150	183	143	181	136	178	129	174	122	169	115	164	108	159	100	155	91	152	82	150	74	149	67	149	61	150	56	152	52	154	48	156	45	157	43	157	41	156	39	154	37	151	35	147	34	142	34	136	34	131	35	127	36	124	36	122	35	121	33	121	30	122	26	124	21	127	16	131	12	135	9	139	7	142	6	144	4	145	2	145	0	144	-2	142	-3	139	-5	135	-6	130	-8	124	-9	117	-9	109	-8	100	-6	90	-3	79	1	69	6	58	12	47	19	36	27	26	36	17	46	9	57	2	69	-4	82	-9	94	-13	105	-16	115	-18	124	-19	132	-19	139	-18	145	-16	150	-13	154	-9	157	-5	159	-2	160	2	160	7	159	12	157	18	154	25	150	32	145	39	139	45	133	50	128	54	124	57	121	59	119	60	118	60	118	
11:
149	14.312	75	96	74	95	72	93	69	90	66	86	64	81	63	75	63	68	64	61	66	55	69	49	73	44	77	40	81	37	84	35	86	33	87	32	87	32	86	33	84	35	81	38	77	42	72	47	66	52	59	56	51	59	42	61	33	62	25	62	18	61	12	59	7	56	3	52	0	47	-2	41	-3	35	-3	30	-2	26	-1	23	1	21	4	20	6	20	9	21	12	23	14	26	15	30	17	35	19	41	22	48	25	55	27	63	28	72	28	81	27	90	25	100	23	109	22	117	22	124	23	130	25	135	28	139	32	142	37	144	43	145	50	145	57	144	65	142	74	139	82	135	89	132	95	130	101	129	106	129	110	130	113	132	115	134	116	136	116	138	115	139	113	139	110	138	108	136	107	133	107	129	108	124	109	120	111	117	114	115	117	114	121	114	126	115	132	117	139	120	145	122	150	123	154	124	157	126	159	129	160	133	160	138	159	142	157	146	154	149	151	151	149	152	148	152	147	151	147	149	148	146	150	142	153	137	157	131	161	124	164	117	168	110	173	102	179	93	184	83	188	72	191	62	193	52	194	43	194	35	193	28	191	22	188	17	184	13	179	10	173	8	166	7	158	7	149	8	139	10	130	13	122	17	115	22	109	28	104	35	100	43	97	51	94	60	92	68	89	75	85	81	81	86	78	90	76	93	75	95	75	96	75	96	
12:
109	68.327	103	48	104	47	106	46	109	44	113	41	117	37	121	32	124	26	126	20	127	15	127	11	128	8	130	6	133	5	137	5	142	6	148	8	154	11	160	14	165	18	169	23	174	27	178	32	181	37	183	42	184	48	184	53	183	57	181	60	178	62	174	63	169	63	164	62	160	60	156	57	153	55	151	54	150	54	150	55	151	57	152	60	154	64	157	69	161	75	164	82	166	90	167	99	167	108	166	117	164	125	161	132	157	138	152	143	146	147	139	151	131	154	122	157	112	160	101	162	90	164	79	165	69	165	60	165	52	164	45	162	39	159	34	155	30	150	26	144	23	138	21	133	20	127	20	122	21	118	21	115	21	113	20	112	19	110	18	107	18	103	18	98	19	92	21	85	24	77	28	68	31	59	33	50	34	42	34	34	33	27	33	21	34	16	36	12	38	9	41	7	44	6	48	6	53	7	58	9	63	12	69	16	75	21	82	27	88	33	93	38	97	42	100	45	102	47	103	48	103	48	
13:
117	30.954	30	60	29	59	27	58	24	57	21	56	18	56	15	57	13	59	12	62	12	66	13	71	15	77	18	84	22	92	25	99	27	105	28	112	28	120	27	127	25	133	22	138	18	142	15	145	12	148	10	150	9	151	9	151	10	150	12	148	15	145	19	141	24	138	30	136	37	134	44	133	50	131	56	130	61	128	66	125	70	121	73	116	75	110	76	104	76	97	75	89	73	82	71	75	70	68	70	62	71	57	73	52	76	47	80	42	85	37	91	33	96	29	100	24	103	18	105	13	107	9	110	6	114	4	119	3	124	3	130	4	137	6	145	9	152	13	158	18	163	24	167	31	170	39	172	48	173	58	173	69	172	79	170	90	167	101	164	111	162	120	161	130	161	139	162	147	164	155	166	163	168	170	169	176	169	181	168	185	166	188	163	190	159	191	154	191	148	192	141	192	133	191	126	189	120	186	115	182	111	177	108	171	105	164	101	156	97	147	92	137	86	126	79	115	72	105	64	96	57	88	51	81	45	75	40	70	36	66	33	63	31	61	30	60	30	60	
14:
128	108.131	34	83	33	84	33	86	33	89	33	93	33	98	33	102	32	105	31	107	29	109	26	110	23	110	20	109	16	108	12	106	9	103	5	100	2	98	0	97	-1	97	-3	98	-5	100	-6	103	-7	107	-7	112	-7	118	-6	125	-5	132	-3	140	0	147	4	153	9	158	14	162	20	165	27	167	35	168	43	168	52	167	62	165	73	162	83	158	92	153	100	147	107	140	113	132	118	123	122	113	125	102	127	90	128	79	129	69	129	60	128	52	126	45	125	39	124	34	122	30	119	27	115	25	110	24	104	23	99	23	93	23	88	22	84	20	81	17	79	13	76	8	72	4	67	1	61	-1	55	-2	50	-2	45	-1	41	1	38	4	36	8	35	13	35	19	36	26	38	32	41	39	45	47	50	56	56	65	63	73	71	80	80	87	90	95	101	102	112	110	122	118	132	125	142	131	151	136	159	140	166	143	172	145	177	147	181	150	184	152	186	153	187	153	187	154	186	155	184	157	181	159	177	161	172	162	166	162	159	162	151	161	142	159	132	156	122	152	111	147	100	141	89	134	79	126	70	118	62	111	55	104	49	98	44	93	40	89	37	86	35	84	34	83	34	83	
15:
128	132.962	55	119	54	120	52	122	49	125	47	128	45	131	44	133	44	134	45	134	47	133	50	131	52	128	55	124	59	120	64	116	70	111	76	105	82	98	89	92	97	87	105	83	112	80	118	78	124	77	129	77	133	78	136	80	138	83	139	86	139	90	138	95	136	101	134	108	133	116	133	125	132	134	130	144	127	153	123	161	119	168	115	174	110	179	104	183	98	186	92	188	87	189	83	189	78	188	72	186	65	183	59	179	54	174	48	168	43	161	39	153	36	144	34	134	33	124	33	115	32	107	30	100	27	94	23	89	18	85	14	82	11	80	8	79	5	79	3	78	2	76	2	73	3	69	5	64	7	58	10	52	14	46	19	40	25	35	32	31	40	28	48	26	56	25	64	25	71	26	77	28	82	31	86	35	89	38	92	40	96	41	100	41	103	40	107	38	112	35	118	31	125	26	132	21	140	17	148	14	155	12	161	11	166	11	170	11	173	12	175	14	176	17	176	21	175	24	173	28	170	33	166	38	161	44	155	51	148	59	140	66	131	72	121	77	110	81	100	86	91	91	83	97	76	102	70	106	65	109	61	113	58	116	56	118	55	119	55	119	
16:
124	82.721	56	0	57	1	59	3	62	4	66	4	70	4	73	4	75	5	76	6	76	6	75	6	73	7	70	9	66	11	61	14	55	16	50	19	46	23	43	27	41	32	40	38	40	45	40	52	41	60	43	69	46	77	50	84	55	90	61	95	68	99	76	102	85	104	95	105	106	105	116	104	125	102	133	99	140	95	146	91	152	88	159	86	165	85	170	85	174	85	177	86	179	88	180	91	180	95	179	99	177	104	174	110	171	115	167	119	162	122	156	126	151	131	147	137	144	144	142	152	141	159	141	167	140	174	139	180	137	185	134	189	130	192	125	194	119	195	112	195	104	194	95	193	85	191	75	188	65	184	56	179	48	173	41	168	35	164	29	160	24	157	20	155	17	154	15	154	14	153	14	151	15	150	17	150	20	151	24	152	29	153	35	153	42	152	50	150	59	147	69	143	80	138	90	132	99	125	107	117	114	108	120	98	125	87	129	75	132	62	134	50	135	39	135	29	134	20	132	12	129	5	125	-1	120	-6	114	-10	107	-13	100	-15	92	-16	84	-16	77	-15	71	-13	66	-10	62	-6	59	-3	57	-1	56	0	56	0	
17:
134	0.872	54	122	53	123	52	125	51	128	50	132	48	136	45	139	41	141	36	142	30	142	24	141	18	139	13	136	9	132	6	127	4	121	3	114	3	106	4	98	6	91	9	85	13	80	18	76	22	72	26	69	29	67	33	66	38	66	42	67	45	69	47	72	48	75	48	77	47	78	45	78	42	77	38	75	35	72	33	69	32	65	31	60	31	55	32	49	34	44	37	40	41	37	46	35	52	34	57	34	61	35	66	37	70	40	74	44	78	48	83	51	89	53	95	54	101	54	106	53	111	51	115	48	118	44	120	39	122	33	125	26	129	20	133	15	138	11	144	8	151	6	157	4	162	3	167	3	171	4	174	6	176	9	177	13	178	18	178	24	177	31	175	39	174	48	174	58	175	69	177	79	179	89	181	98	184	106	186	113	188	119	189	124	189	128	188	131	186	133	183	134	180	134	176	133	171	131	165	128	158	124	150	119	142	113	133	106	123	98	112	89	100	79	89	70	79	62	68	55	58	49	49	44	41	40	34	37	28	35	23	34	19	34	15	35	12	37	10	40	9	44	9	49	10	55	12	62	15	70	19	79	24	87	29	94	34	101	39	107	44	112	48	116	51	119	53	121	54	122	54	122	
18:
131	32.906	165	188	166	187	167	185	167	182	166	178	164	173	161	169	157	166	152	163	146	160	139	157	133	153	128	148	124	142	121	135	119	127	118	118	116	108	114	97	111	87	107	77	103	68	100	59	98	51	97	44	97	38	98	33	100	29	103	26	107	24	111	23	116	23	122	24	128	26	135	29	143	31	151	34	159	36	166	37	172	37	177	36	181	34	184	31	186	27	187	22	187	17	187	13	187	10	188	8	190	7	193	7	197	8	201	10	204	13	208	17	211	22	213	28	214	35	214	43	213	52	211	62	208	73	205	84	201	94	196	103	190	111	183	118	175	124	166	129	156	133	146	136	135	138	123	139	110	139	98	138	87	136	77	134	68	131	60	127	53	122	47	116	42	109	38	103	35	98	33	94	30	91	28	89	26	88	23	88	21	89	18	91	15	93	12	96	10	98	9	99	9	99	10	98	11	96	13	93	16	89	19	84	23	78	26	72	28	67	29	63	30	60	32	58	35	57	39	57	42	58	44	60	47	63	50	67	54	72	59	78	65	85	72	93	80	102	89	112	99	122	110	133	120	143	129	152	137	160	144	167	150	173	155	178	159	182	162	185	164	187	165	188	165	188	
19:
126	41.138	12	112	13	112	15	111	18	111	21	111	25	110	29	108	34	105	38	101	41	97	43	94	44	92	44	90	43	87	41	85	38	84	34	83	29	81	23	78	18	74	13	69	7	63	2	56	-2	48	-5	39	-7	31	-8	24	-8	18	-7	13	-5	9	-2	6	2	4	7	3	13	2	20	2	28	1	37	1	47	0	58	-2	70	-3	82	-3	94	-2	105	0	115	2	124	5	132	9	139	12	145	15	150	18	154	22	157	27	159	33	160	40	160	48	159	56	157	64	154	71	151	77	147	82	142	86	136	89	129	91	121	92	114	93	108	93	103	92	99	90	96	87	94	85	91	84	87	84	82	85	76	87	70	90	65	94	61	99	58	105	55	112	53	119	52	127	52	135	53	142	55	148	58	154	62	161	66	169	70	177	75	184	81	190	87	195	94	199	102	202	110	204	119	205	127	205	134	204	140	202	145	199	149	195	152	190	154	184	155	177	155	169	154	160	152	152	149	145	145	139	140	134	134	130	127	127	119	125	110	124	100	124	89	123	78	121	67	119	57	117	48	116	40	116	33	115	27	115	22	114	18	112	15	111	13	111	12	112	12	112	
20:
122	198.479	26	29	27	30	29	32	32	35	35	39	37	44	38	49	38	55	37	62	35	68	32	73	28	78	25	84	23	91	22	99	22	108	21	116	21	125	20	133	18	140	15	147	12	153	10	158	9	164	9	169	10	173	12	176	15	178	19	179	24	179	30	178	37	176	45	173	54	169	62	164	71	158	79	151	86	143	92	134	97	125	101	117	104	110	106	104	107	98	107	93	106	89	104	86	103	84	103	83	104	83	106	84	108	86	111	88	115	91	120	93	126	94	131	94	135	93	140	91	144	88	147	84	150	79	153	74	157	70	162	67	166	65	169	64	171	64	174	65	176	67	177	70	177	74	177	79	178	85	179	92	181	100	184	109	186	119	188	128	189	136	189	143	188	149	186	154	183	158	179	161	174	163	168	164	161	164	153	163	146	162	139	160	133	157	128	153	124	148	121	142	119	135	118	127	118	118	119	109	120	99	122	88	123	78	123	68	122	58	120	49	117	41	113	34	108	28	102	23	95	19	88	16	80	14	71	13	62	13	54	14	47	16	41	19	36	23	32	26	29	28	27	29	26	29	26	29	
21:
120	32.175	155	169	155	168	155	166	155	163	156	160	158	156	161	151	165	147	170	144	174	142	177	141	179	140	180	138	180	135	179	131	177	127	174	124	170	122	165	121	159	121	152	122	144	123	135	125	125	128	116	131	108	135	101	140	95	146	90	152	86	158	83	164	79	169	74	173	68	176	61	178	54	180	46	181	38	181	31	182	25	184	20	186	16	187	13	187	11	186	10	184	10	181	11	177	13	172	16	166	20	159	25	151	29	142	33	133	37	125	40	117	42	110	43	104	43	99	42	95	40	92	37	90	33	89	28	89	23	90	18	91	13	92	9	94	6	95	4	96	3	96	3	95	4	93	6	90	9	87	13	83	18	79	23	74	27	69	30	64	32	59	33	54	33	50	32	47	30	44	27	41	23	39	19	37	15	34	12	32	10	31	9	31	9	30	10	28	12	26	15	25	19	25	24	26	30	28	37	31	45	35	54	40	64	46	73	52	83	58	93	65	104	73	114	82	123	92	131	103	138	114	144	124	149	133	153	141	156	148	158	154	159	159	159	163	158	166	156	168	155	169	155	169	
22:
132	626.668	63	120	64	119	64	117	65	114	67	110	70	105	72	99	75	93	78	86	82	80	87	75	93	71	99	68	104	66	108	65	111	65	113	66	114	67	114	69	113	70	111	70	108	69	104	67	101	64	99	60	98	55	98	49	98	42	99	34	101	26	104	19	108	13	113	8	119	4	126	1	132	-1	137	-2	141	-2	144	-1	146	1	147	3	147	6	146	10	144	14	141	18	137	23	132	28	126	32	119	35	111	37	102	38	92	38	81	37	70	35	60	34	51	34	43	34	36	34	30	34	24	33	19	32	15	30	12	27	10	24	9	22	7	21	4	21	0	22	-4	24	-8	27	-11	31	-15	36	-19	42	-22	49	-24	57	-25	66	-26	76	-27	87	-27	98	-26	109	-24	121	-21	132	-17	142	-12	151	-6	159	1	166	8	172	16	177	25	181	35	184	45	186	56	187	67	187	77	186	87	184	97	181	106	177	114	172	122	166	129	159	136	153	144	147	152	141	159	136	165	132	170	129	174	127	177	126	179	126	180	127	180	129	179	132	177	134	174	137	170	141	165	146	159	150	152	153	145	155	137	156	128	156	118	155	108	153	99	150	91	146	84	141	78	135	73	130	69	126	66	123	64	121	63	120	63	120	
23:
138	12.338	19	64	18	65	17	67	17	70	18	74	20	79	22	84	25	89	29	93	34	96	40	98	46	99	51	99	55	98	58	96	61	93	63	90	64	88	64	87	63	87	61	88	58	90	54	93	51	97	48	102	46	108	45	113	45	117	46	120	48	122	51	123	55	123	60	122	66	120	72	118	77	117	83	117	90	118	96	120	101	123	105	127	108	132	110	137	112	143	113	150	113	158	114	165	116	171	117	176	117	180	116	183	114	185	111	186	107	186	102	185	96	183	89	180	81	176	73	171	65	167	56	162	47	156	38	149	29	141	21	133	14	124	8	116	3	108	-1	99	-4	89	-6	78	-7	66	-7	55	-6	45	-4	36	-1	28	3	21	8	15	14	10	20	6	27	3	35	1	44	0	54	0	63	1	73	2	83	4	92	7	101	11	110	16	118	22	125	29	131	37	136	45	140	54	143	62	145	69	146	75	148	80	151	84	155	87	159	89	164	90	170	90	176	89	181	87	186	86	190	86	193	87	195	89	196	92	196	96	195	101	193	107	190	113	186	119	181	124	175	128	168	131	160	133	151	134	141	134	130	133	118	131	105	128	93	124	82	119	72	113	63	106	55	98	47	91	40	85	34	79	29	74	25	70	22	67	20	65	19	64	19	64	
24:
153	36.856	84	17	85	17	87	16	90	14	94	12	99	9	105	7	110	6	114	5	117	5	119	6	120	8	120	11	119	14	117	18	114	23	111	28	108	32	106	35	105	38	105	42	106	47	108	51	111	54	114	58	117	63	119	69	120	76	121	82	121	87	120	91	120	94	120	96	120	97	121	97	123	96	126	94	130	91	135	87	141	84	148	82	154	81	159	81	163	82	166	84	169	85	171	85	173	84	174	82	174	80	173	77	172	73	172	68	173	64	175	60	177	57	180	55	184	54	188	54	193	55	198	57	202	60	205	64	208	69	210	75	211	82	211	90	210	99	208	108	205	118	201	127	196	135	191	142	185	148	178	153	170	157	162	161	153	164	143	166	133	167	123	167	114	166	106	164	99	161	93	157	88	152	84	146	81	139	79	131	78	122	78	112	78	101	79	91	80	82	80	74	79	67	77	61	74	56	70	52	65	49	59	47	52	46	44	45	36	45	29	46	21	48	12	51	4	55	-3	60	-10	66	-16	73	-21	81	-25	90	-28	99	-30	108	-31	118	-31	129	-31	139	-31	148	-30	156	-28	163	-25	169	-21	174	-16	178	-10	181	-3	183	5	184	13	184	21	183	28	181	34	178	40	174	47	169	53	163	58	156	62	148	65	139	68	129	72	118	75	106	77	94	78	83	78	72	77	62	77	53	78	45	78	38	78	32	78	27	79	23	81	20	83	18	84	17	84	17	
25:
128	110.39	149	37	150	36	152	36	155	37	159	38	162	38	166	37	171	36	176	36	180	37	183	39	185	42	186	46	186	51	185	57	183	62	180	66	176	70	171	73	165	75	158	76	150	76	141	77	133	77	126	76	120	74	115	71	111	68	108	64	106	59	105	53	105	48	105	44	104	41	102	39	99	38	95	38	90	39	84	41	78	44	73	48	69	53	66	59	64	66	63	74	63	82	64	89	66	95	67	100	67	104	66	108	64	111	61	113	57	114	52	114	46	113	41	111	37	108	33	104	30	99	28	95	25	92	21	89	16	87	10	86	4	85	-2	83	-7	81	-11	78	-14	74	-16	69	-17	63	-17	56	-16	48	-14	39	-11	31	-7	24	-2	18	4	13	10	9	17	6	23	4	30	3	36	3	42	4	47	6	51	9	55	13	59	18	64	24	70	31	77	39	83	48	89	57	94	67	98	78	101	89	103	99	105	108	108	116	112	123	117	129	123	134	130	138	138	141	147	143	155	144	162	144	168	143	174	141	179	138	183	134	186	129	188	123	189	116	189	109	188	101	186	92	183	82	179	73	175	65	170	58	164	52	159	47	155	43	152	40	150	38	149	37	149	37	
26:
110	68.675	61	49	62	48	62	47	62	45	61	42	59	38	56	34	52	29	49	25	47	22	46	19	46	16	47	14	49	12	52	9	56	7	61	6	67	6	74	6	82	7	90	9	99	12	108	16	116	19	124	21	133	23	142	24	151	24	159	24	166	25	172	27	177	29	181	32	184	36	186	41	187	47	187	54	186	62	184	71	181	81	177	90	173	98	169	105	166	111	164	116	163	120	163	125	164	131	165	138	167	146	170	154	173	161	175	167	176	172	176	176	175	179	173	182	170	184	166	185	161	185	155	184	148	182	140	179	131	175	122	170	114	164	106	157	98	149	91	142	84	136	78	131	72	126	67	122	62	119	58	117	53	116	47	116	40	117	32	119	24	122	17	125	11	127	6	128	2	128	-2	127	-5	125	-7	122	-8	118	-8	113	-7	107	-5	100	-3	92	-2	84	0	77	3	71	7	65	10	59	12	53	15	48	19	44	24	41	30	39	37	38	43	38	48	39	52	41	55	43	58	46	60	48	61	49	61	49	
27:
130	86.701	50	118	51	118	53	119	56	119	59	118	62	116	65	113	67	109	68	104	68	100	67	97	65	94	62	92	58	91	54	91	49	92	43	94	36	97	30	101	25	106	21	112	18	119	16	127	15	135	15	144	16	152	18	159	21	165	25	171	30	176	36	180	43	183	51	185	60	186	70	186	81	185	91	183	100	181	108	180	115	178	121	175	126	172	130	170	134	169	137	169	141	170	145	172	150	175	156	177	162	178	167	178	171	177	174	175	176	172	177	168	177	163	177	157	176	151	174	145	171	139	168	134	164	130	159	127	154	125	150	124	147	124	145	125	144	125	144	126	145	127	147	127	150	126	154	124	157	122	159	120	160	117	160	113	159	108	157	103	154	98	151	92	149	85	148	78	148	72	149	67	151	63	154	60	158	58	163	57	167	56	170	56	172	57	173	57	173	56	172	54	170	51	167	47	163	42	158	36	152	31	145	27	137	24	128	22	118	21	107	21	95	21	83	22	72	22	62	22	53	22	45	22	38	23	32	25	27	28	23	32	20	37	18	43	17	50	17	58	18	67	20	76	23	84	27	91	32	97	37	103	41	108	44	112	47	115	49	117	50	118	50	118	
28:
148	17.064	21	146	22	147	24	149	26	152	29	156	33	159	38	163	44	167	50	170	56	172	61	173	65	173	68	172	70	170	71	167	71	163	72	158	73	152	75	147	77	143	80	140	84	138	88	137	93	137	98	138	103	140	107	141	110	141	112	141	113	140	113	138	112	137	110	137	107	136	103	134	99	131	96	127	94	122	93	116	93	110	94	103	96	95	98	88	99	80	99	72	98	65	96	59	95	54	93	50	92	47	92	45	93	44	95	44	98	45	102	47	107	50	113	52	120	54	128	55	137	55	145	55	153	55	160	54	166	52	171	49	175	46	178	42	180	37	181	31	181	25	180	19	178	14	175	10	171	7	166	5	160	4	153	4	146	5	140	7	135	10	131	14	128	19	126	25	125	32	125	40	126	49	128	59	131	70	135	81	138	91	140	100	141	108	143	115	144	121	144	126	144	130	144	133	145	135	147	136	150	136	152	135	154	133	156	130	158	127	159	123	159	118	158	112	156	105	153	97	149	88	144	78	138	67	131	56	123	46	114	37	104	29	93	22	83	16	72	11	60	7	47	4	35	2	24	1	14	1	5	2	-3	4	-10	7	-16	11	-21	16	-25	22	-28	29	-30	37	-31	46	-31	56	-30	67	-28	79	-25	90	-21	100	-16	109	-10	117	-3	124	3	130	8	135	12	139	15	142	18	144	20	145	21	146	21	146	
29:
140	162.01	58	20	59	19	61	18	64	18	68	18	73	19	79	21	84	24	88	28	91	33	93	38	95	44	96	49	96	53	95	57	93	60	90	62	86	63	81	63	75	62	68	62	60	63	53	65	47	68	41	72	35	77	30	83	26	89	23	95	21	102	20	110	20	118	21	126	21	133	20	139	18	144	15	148	12	151	10	153	9	154	9	156	10	159	12	161	15	162	19	164	24	166	30	168	35	171	41	175	48	179	56	183	63	186	69	188	74	189	78	189	81	188	83	186	84	183	84	179	84	174	83	168	81	161	78	153	74	145	71	136	69	126	68	116	68	106	69	97	71	89	74	82	78	76	83	71	89	67	96	64	104	62	113	61	123	61	133	62	144	64	154	66	164	68	173	69	181	69	188	68	194	66	199	63	203	59	206	54	208	48	209	43	209	39	208	36	206	34	203	33	199	33	194	34	188	36	182	39	177	43	173	48	170	54	168	61	167	69	167	78	168	88	170	98	173	107	177	116	180	124	183	131	185	137	187	142	188	146	188	149	187	151	185	152	182	152	179	151	176	149	174	146	171	142	167	137	162	131	156	124	149	116	141	107	132	97	123	86	113	75	103	65	94	56	86	48	79	41	73	35	68	30	64	26	61	23	59	21	58	20	58	20	
30:
147	225.573	178	72	178	71	177	69	175	66	174	62	173	57	173	52	173	47	174	43	176	40	179	38	182	36	184	35	185	35	185	36	184	38	182	41	180	45	179	50	179	56	180	63	180	70	179	77	177	85	175	92	173	98	172	103	172	107	171	110	169	112	168	114	168	115	169	115	171	116	174	118	176	121	177	125	177	130	176	136	174	143	171	150	167	156	162	161	156	165	149	169	141	172	132	174	124	175	117	175	111	174	106	173	101	171	97	168	94	164	92	159	91	153	91	146	92	138	94	131	97	125	101	120	106	116	112	113	119	111	125	110	130	108	134	105	137	101	139	96	140	90	140	83	140	75	139	66	137	57	134	49	130	42	125	36	119	31	112	27	104	24	95	22	85	21	74	21	64	22	55	24	47	27	40	31	33	36	27	40	22	43	18	45	15	46	11	46	7	45	4	43	2	40	1	36	1	32	2	29	3	27	5	26	8	26	12	27	16	29	19	32	23	36	26	41	28	47	29	54	29	62	28	71	26	81	24	91	21	102	17	112	12	121	8	131	5	140	3	148	2	155	2	161	3	166	5	170	8	173	12	175	17	176	23	176	30	175	38	173	47	170	57	166	68	162	80	157	93	151	105	144	116	136	126	127	135	117	143	108	150	100	157	93	163	87	168	82	172	78	175	75	177	73	178	72	178	72	
31:
109	15.967	184	77	183	76	181	75	178	75	175	76	172	78	169	81	167	84	166	87	166	89	166	90	166	90	166	89	167	87	168	84	168	80	167	75	165	69	162	63	158	58	153	54	147	50	140	47	133	45	126	44	120	44	115	45	111	47	108	49	106	50	105	50	105	49	106	47	108	44	110	40	111	36	111	31	110	26	108	22	105	19	101	17	97	15	92	14	86	12	79	11	73	11	68	12	64	14	61	17	59	21	58	26	58	31	59	37	61	44	64	52	68	61	73	71	79	82	86	94	93	105	101	115	108	124	114	132	119	139	123	145	126	150	128	154	129	159	129	163	128	166	126	168	123	169	119	170	116	171	113	173	111	176	110	180	110	185	111	191	113	196	116	200	120	203	125	205	131	206	137	206	144	205	152	203	159	200	165	197	170	193	174	188	177	182	179	175	180	167	180	159	179	152	177	145	174	137	172	129	171	120	171	112	172	105	174	98	175	92	177	87	180	83	182	80	183	78	184	77	184	77	
32:
117	42.622	132	82	131	83	131	85	131	88	131	92	131	97	131	101	131	104	132	107	134	109	136	110	137	110	138	109	139	107	141	104	143	100	146	96	150	92	155	89	160	87	164	86	169	86	173	87	176	89	178	92	179	96	179	101	178	106	176	110	173	113	171	117	170	122	170	128	171	135	173	143	176	152	179	160	182	167	184	173	186	178	188	182	189	185	189	188	188	190	186	191	183	191	179	191	174	190	168	188	161	185	153	181	144	176	134	170	123	163	113	157	104	152	95	148	87	143	80	137	74	131	69	124	65	116	62	107	60	98	59	90	59	83	59	77	58	72	56	68	53	65	49	63	44	62	38	62	31	63	24	65	18	68	12	71	7	74	3	76	0	77	-2	77	-3	76	-3	74	-2	71	0	67	2	62	5	56	9	49	14	41	20	32	27	24	35	17	44	11	53	6	61	2	69	-1	76	-3	82	-4	88	-4	93	-3	97	-1	100	2	104	6	109	11	115	17	121	24	126	32	130	39	133	47	135	54	136	61	136	67	135	72	134	76	133	79	132	81	132	82	132	82	
33:
143	4.377	29	189	30	189	32	190	35	190	39	189	44	187	50	185	57	182	64	178	71	173	77	167	82	160	88	152	94	143	100	135	107	128	115	122	123	117	132	113	141	110	149	108	156	107	163	107	169	107	174	106	178	104	181	101	183	99	184	96	184	94	183	92	181	91	178	89	174	86	169	82	163	77	156	73	149	68	143	62	137	57	130	53	124	50	119	47	115	43	112	38	110	32	109	25	109	19	110	14	112	10	115	7	119	5	124	4	130	4	137	5	145	7	153	9	160	11	167	14	173	17	178	19	182	20	185	20	187	19	188	17	188	14	187	10	185	7	182	4	178	1	173	-1	167	-2	160	-2	153	-1	145	1	136	4	126	8	115	13	103	19	91	25	80	30	70	34	61	39	53	44	46	50	40	57	35	65	31	73	28	82	26	92	25	103	25	115	26	126	28	136	31	145	35	153	40	161	46	168	53	174	61	179	70	183	80	186	91	188	103	189	114	189	124	188	133	186	141	183	150	180	158	178	165	177	171	177	176	176	180	174	183	171	185	167	186	164	186	161	185	159	184	158	182	158	179	159	175	161	170	164	164	168	157	173	149	179	140	186	130	192	119	197	107	201	95	204	84	206	74	207	65	207	57	206	50	204	44	202	39	199	35	195	32	192	30	190	29	189	29	189	
34:
146	187.203	11	107	12	107	14	106	16	104	19	101	22	97	25	92	27	86	28	79	28	72	27	66	25	61	22	57	18	54	14	52	11	50	9	49	8	47	8	44	9	40	11	35	14	31	18	28	23	26	29	25	36	25	42	26	47	28	53	31	58	34	62	37	65	39	68	40	70	40	71	39	71	37	70	35	68	32	65	28	63	24	61	21	60	19	60	18	61	18	63	19	66	21	70	24	75	28	81	33	87	38	94	44	102	49	111	53	121	56	131	58	142	59	152	59	161	58	169	56	176	53	182	49	187	44	191	38	194	31	196	25	197	20	197	15	196	11	194	8	191	6	187	5	182	5	176	6	169	8	161	11	153	15	145	20	138	26	131	33	125	41	120	50	116	60	113	71	111	82	110	94	110	106	110	117	109	127	107	136	104	144	100	151	95	157	91	162	87	166	84	169	81	171	79	172	78	172	78	171	79	169	81	166	84	164	88	162	93	161	99	161	106	161	114	160	123	158	132	157	141	156	150	156	158	156	165	156	171	155	176	153	180	150	183	146	185	141	186	135	186	129	185	124	183	120	180	117	176	115	171	114	165	113	158	113	150	114	141	114	131	113	122	112	112	110	101	108	89	107	77	106	66	106	56	107	47	109	39	110	32	110	26	109	21	109	17	108	14	107	12	107	11	107	11	107	
35:
123	290.258	188	54	189	55	191	57	192	59	192	61	191	64	189	66	187	67	184	67	180	66	175	64	170	61	164	57	157	52	151	46	146	40	142	34	139	29	137	25	136	22	136	20	137	17	139	15	142	14	146	14	149	13	153	11	156	8	158	6	159	3	159	-1	158	-5	156	-8	153	-10	149	-11	144	-11	138	-10	132	-9	125	-7	117	-4	109	0	102	5	96	11	91	18	87	26	84	33	82	39	81	44	80	48	80	51	79	53	77	54	74	54	72	55	70	57	69	60	68	64	68	69	69	73	71	76	74	78	78	79	83	79	88	78	92	76	96	73	99	71	101	70	102	70	102	71	101	73	99	75	96	78	92	82	87	87	83	93	78	100	74	108	71	117	69	127	68	138	68	148	69	157	70	165	70	172	69	178	67	183	64	187	60	190	57	192	54	193	52	193	51	192	51	190	52	187	54	183	57	180	61	178	66	177	72	176	79	175	87	174	96	173	106	171	116	168	127	164	138	159	148	153	157	146	165	138	172	129	178	119	183	109	187	99	190	90	192	82	193	75	193	69	192	64	190	60	189	57	188	55	188	54	188	54	
36:
132	52.457	138	108	137	107	135	105	132	103	129	102	125	102	122	103	119	105	116	108	114	112	113	116	113	120	113	124	113	127	114	129	114	130	113	130	111	129	108	127	104	124	99	120	93	115	88	109	82	102	75	95	69	88	64	81	60	75	55	69	51	64	48	60	46	57	45	55	45	54	44	54	43	55	43	57	42	60	40	63	37	66	33	68	28	69	23	69	19	68	16	66	14	63	13	59	13	54	14	48	15	41	17	35	20	30	24	26	29	23	35	21	42	19	50	18	59	18	69	19	78	21	86	24	93	28	99	33	106	39	113	44	119	48	125	51	132	53	140	56	147	58	153	61	158	65	162	70	166	76	169	83	171	91	172	99	172	108	172	116	172	123	172	129	172	134	171	138	169	141	166	144	163	146	160	147	156	147	152	146	148	144	145	141	143	137	142	132	141	126	140	119	140	111	141	102	143	92	145	82	147	72	148	61	148	51	147	42	146	34	145	27	145	21	146	16	148	12	151	9	155	7	159	6	162	6	164	7	165	9	165	12	164	16	163	21	161	27	158	33	154	40	151	48	147	56	144	65	142	73	141	80	141	87	142	93	142	98	141	102	139	105	138	107	138	108	138	108	
37:
147	3.783	145	141	144	142	143	144	142	147	140	151	139	155	139	160	140	164	141	167	143	169	144	170	144	170	144	169	143	167	141	164	138	160	134	155	129	149	123	142	116	134	108	127	99	121	89	116	78	112	68	109	59	107	51	105	44	104	38	104	33	105	29	107	26	110	24	114	23	117	23	119	24	120	24	120	23	119	21	117	18	114	14	110	11	105	9	99	7	92	6	86	6	81	7	76	9	72	12	69	16	67	21	66	27	66	33	67	39	68	45	69	51	69	57	68	63	66	68	63	72	59	75	54	77	48	78	41	78	34	77	28	75	23	72	19	68	16	65	14	63	13	62	13	61	14	60	16	60	19	61	23	63	28	66	34	70	41	75	48	81	54	88	59	96	63	105	67	113	70	122	72	130	73	137	73	143	72	148	70	152	67	155	63	158	59	160	56	161	54	161	53	162	53	163	54	164	56	166	59	169	62	171	66	174	71	177	76	180	80	182	83	183	85	183	86	182	86	182	85	182	83	182	80	182	76	181	71	179	65	178	58	178	50	179	43	180	36	180	30	179	25	178	21	177	18	177	16	178	15	180	15	183	16	185	18	186	21	186	25	185	30	185	36	186	43	186	50	185	58	185	67	184	76	182	86	179	96	175	105	170	113	164	120	159	126	155	131	151	135	148	138	146	140	145	141	145	141	
38:
120	54.352	109	102	108	101	106	99	103	97	99	96	94	96	88	96	81	96	74	97	68	97	63	96	59	94	56	91	54	88	52	84	51	79	51	73	52	66	52	58	51	51	49	45	46	40	43	36	40	33	36	31	31	30	25	30	19	31	14	33	10	35	7	37	5	38	4	38	4	37	5	35	7	32	10	28	14	23	19	19	25	16	32	14	40	13	48	13	56	14	64	16	71	19	77	23	82	28	86	34	89	41	91	49	92	58	92	68	92	79	93	91	95	102	98	112	102	121	107	129	113	136	119	142	124	147	129	151	134	154	138	156	141	158	143	160	144	163	144	167	143	170	141	173	138	175	134	176	129	176	123	175	116	174	109	174	103	175	98	175	94	174	91	172	89	170	88	168	88	167	89	165	91	162	94	158	97	153	101	148	106	142	112	136	119	131	127	127	136	124	144	122	151	121	158	121	164	122	169	124	173	127	176	131	178	135	179	139	179	142	178	144	176	145	173	145	169	144	164	143	158	141	152	138	145	134	137	129	130	123	124	117	119	112	115	108	112	105	110	103	109	102	109	102	
39:
105	65.103	97	48	97	47	96	45	95	42	93	39	91	35	90	31	90	28	91	26	93	25	95	25	98	26	102	28	107	31	111	34	116	38	120	42	124	46	129	49	134	51	138	52	142	52	147	51	151	49	155	48	158	48	160	49	163	51	166	54	169	58	173	63	178	69	182	76	185	83	187	90	188	98	188	105	187	111	185	116	182	120	178	123	173	125	167	126	160	126	153	125	147	123	141	120	136	117	130	113	125	108	121	102	118	97	115	93	111	90	106	88	100	87	93	87	86	88	79	90	73	93	68	97	64	102	61	108	59	115	57	123	56	130	56	137	56	143	55	148	54	152	52	155	49	157	45	158	41	158	36	157	30	155	24	152	19	148	15	143	12	138	10	133	8	127	7	120	7	112	6	103	6	93	7	83	9	74	11	66	14	59	18	53	23	48	29	43	36	39	44	36	52	34	61	33	69	33	76	34	82	36	87	39	91	42	94	45	96	47	97	48	97	48	
40:
119	57.83	98	43	97	44	97	46	97	49	97	53	97	58	98	64	100	71	103	78	105	86	108	94	112	103	117	112	122	120	126	127	129	134	131	140	132	145	132	149	132	152	131	154	129	155	126	155	122	154	117	152	111	151	105	151	100	152	96	154	93	157	91	161	90	165	90	169	91	172	93	174	95	175	97	175	98	174	98	174	97	175	95	177	92	180	88	184	83	187	77	189	70	191	62	192	55	193	49	193	44	193	38	192	33	190	29	187	26	183	24	178	23	172	23	165	24	157	26	149	29	141	31	134	33	128	34	122	34	117	33	113	31	110	28	108	25	107	21	105	17	102	14	98	12	93	11	87	11	80	12	72	14	63	17	54	21	45	26	37	32	30	39	24	47	18	56	13	66	8	77	4	89	1	102	-1	114	-2	125	-2	135	-1	144	1	152	4	160	8	167	13	173	18	178	23	182	27	185	30	187	33	188	36	188	40	187	43	185	45	182	46	178	47	173	48	167	50	160	52	152	53	143	53	134	52	126	50	119	49	113	49	108	48	104	46	101	45	99	44	98	43	98	43	
41:
128	23.841	167	142	166	143	166	145	166	148	165	152	163	157	161	162	160	166	160	169	160	171	159	172	157	172	155	171	154	169	154	166	154	162	153	157	151	151	149	144	147	136	144	129	140	121	135	113	130	105	126	98	123	92	121	87	120	83	120	80	121	78	123	77	126	77	130	78	135	80	141	81	148	81	156	80	163	78	169	75	174	71	178	66	181	60	183	53	186	45	188	37	189	30	189	23	188	17	186	12	183	8	179	5	174	2	168	0	161	-1	153	-1	145	0	136	2	128	5	119	9	111	14	103	20	94	27	85	35	77	43	70	52	64	62	59	72	55	83	52	93	49	102	47	110	46	117	46	123	46	128	47	132	49	135	51	137	54	138	58	138	62	137	66	135	71	132	75	129	78	126	80	124	81	123	81	123	80	124	78	126	75	129	71	133	66	138	62	144	57	151	51	159	46	166	40	172	34	177	29	181	25	184	22	186	20	187	19	189	19	190	20	190	22	190	25	190	29	189	34	189	39	188	45	187	52	186	60	184	69	182	79	181	90	181	101	180	112	178	122	175	131	171	139	166	146	160	152	155	157	151	161	148	164	145	166	143	167	142	167	142	
42:
110	25.936	126	169	125	168	124	166	123	163	123	159	124	155	126	150	129	144	133	137	138	130	143	124	147	119	150	114	152	110	153	106	153	101	152	97	150	94	147	92	143	91	139	91	135	92	131	94	128	96	124	97	119	97	113	96	106	94	100	91	95	87	91	82	88	76	86	69	85	61	85	53	86	46	88	40	91	34	95	29	100	25	106	22	113	20	120	18	126	17	131	16	135	14	138	12	140	9	141	6	143	4	145	3	148	3	152	4	156	4	161	5	166	7	170	9	173	10	175	10	176	9	176	7	175	6	173	6	170	7	166	9	161	10	155	10	148	9	140	7	131	5	121	3	110	2	98	2	85	3	73	5	62	8	52	12	43	17	35	23	28	30	22	37	17	45	12	54	8	64	5	75	3	87	2	99	2	111	3	123	5	134	8	144	12	153	16	161	21	168	27	174	34	179	42	183	51	186	61	188	71	189	81	189	90	189	98	188	105	186	111	183	116	179	120	175	123	172	125	170	126	169	126	169	
43:
108	25.641	75	162	76	161	78	159	81	156	85	152	88	147	90	142	93	136	95	129	96	123	96	118	95	114	93	111	90	109	86	108	83	106	81	103	80	101	80	99	81	96	83	92	85	87	87	83	88	78	88	74	89	71	91	69	94	68	98	68	103	69	109	71	115	74	122	78	128	82	133	87	137	92	140	98	142	104	143	109	143	113	142	116	140	118	138	119	137	119	137	118	138	116	140	113	143	111	147	110	152	110	157	109	162	107	168	104	173	100	177	96	180	93	182	91	183	89	183	88	182	86	180	84	177	81	173	77	169	72	165	68	162	64	160	60	159	56	159	52	160	49	162	47	163	46	163	45	162	43	160	42	157	40	153	37	148	35	142	34	135	34	127	33	118	32	109	31	99	30	89	30	79	30	70	31	62	33	55	36	49	40	44	45	40	51	37	58	35	66	34	75	34	85	35	96	37	107	40	117	44	126	49	134	54	141	60	147	65	152	69	156	72	159	74	161	75	162	75	162	
44:
113	9.51	66	135	65	135	63	135	60	134	56	134	53	133	51	131	50	128	50	125	51	121	53	118	55	115	58	111	62	107	67	103	73	98	80	94	88	91	97	88	107	86	117	84	126	83	135	83	143	83	150	83	156	84	161	85	165	87	168	90	170	94	171	98	171	103	170	108	169	113	167	118	164	123	162	127	161	130	161	134	162	139	164	143	167	146	171	148	174	151	176	155	177	159	177	162	177	165	176	167	174	168	171	168	167	167	162	165	156	162	149	158	142	153	134	147	126	140	119	132	113	123	108	113	104	102	101	90	99	79	98	68	98	58	99	49	101	41	104	34	108	28	113	23	118	19	123	16	127	14	130	11	132	7	133	2	133	-3	132	-7	130	-11	127	-14	123	-16	118	-17	112	-17	105	-16	97	-14	89	-11	80	-8	72	-4	64	0	57	3	51	6	46	8	42	11	39	15	37	20	36	26	36	33	36	41	35	50	34	59	34	69	35	80	37	90	40	99	43	107	47	114	52	120	56	125	60	129	63	132	65	134	66	135	66	135	
45:
139	339.784	135	10	136	11	137	13	139	16	140	20	140	25	139	31	138	36	136	40	133	43	129	45	124	48	120	52	117	55	115	57	114	58	114	60	115	63	117	67	119	72	122	76	126	81	131	85	135	89	138	93	140	97	141	100	141	102	140	103	139	103	139	102	140	100	141	97	143	93	145	88	148	82	152	77	157	72	163	68	170	65	178	63	186	62	193	62	199	63	205	65	210	68	214	72	217	77	219	83	220	90	220	97	219	105	217	114	214	124	210	133	205	141	199	148	192	154	184	159	175	163	165	166	154	168	142	169	129	169	116	168	104	167	92	165	81	164	71	164	62	165	54	167	46	169	39	171	33	172	27	172	22	171	18	169	14	166	11	162	8	157	5	151	3	144	2	137	2	131	3	126	5	122	8	119	12	117	17	116	23	115	30	115	38	116	45	118	52	119	58	119	63	118	67	116	70	113	72	109	73	104	73	98	72	91	70	83	67	74	64	66	60	58	57	51	53	45	48	40	42	36	35	33	29	31	24	30	20	30	17	31	15	33	14	36	14	40	15	43	17	45	20	46	24	46	29	45	35	43	42	40	50	38	59	37	69	35	80	33	90	32	99	31	107	29	114	26	120	23	125	20	129	16	132	13	134	11	135	10	135	10	
46:
133	25.253	113	185	113	184	112	182	111	179	109	175	108	170	108	164	109	159	111	154	114	150	118	146	123	143	128	141	133	140	137	140	140	141	142	143	143	146	145	150	146	154	146	158	145	163	145	167	146	170	148	172	151	173	155	173	160	172	165	170	169	167	172	163	174	158	175	152	176	145	177	137	179	128	182	120	184	111	186	103	187	96	187	90	186	85	184	80	181	76	177	73	172	71	166	70	159	70	151	71	143	73	135	76	126	80	118	85	111	91	105	96	99	100	94	103	90	106	87	108	85	109	82	109	79	108	77	106	76	103	75	99	75	96	74	94	72	93	69	93	65	94	60	96	54	99	48	103	43	108	39	113	36	117	32	121	28	124	25	126	23	127	21	127	20	126	20	124	21	121	23	117	25	112	27	106	28	99	28	91	27	82	25	73	22	63	18	53	13	44	9	36	5	29	2	23	0	17	-1	10	-1	4	0	-1	2	-5	5	-8	9	-10	14	-11	20	-11	27	-10	34	-8	41	-5	47	-1	52	4	56	10	59	17	61	25	62	34	62	44	63	55	65	67	68	80	72	94	77	107	83	119	90	130	96	140	101	149	105	157	109	164	112	170	114	175	115	179	115	182	114	184	113	185	113	185	
47:
102	0.574	91	178	90	179	88	181	85	184	81	186	76	187	72	188	68	188	63	187	57	185	51	182	45	178	40	173	36	167	33	160	31	153	29	147	28	142	28	138	29	135	31	133	34	132	38	132	43	133	49	134	56	136	64	137	71	137	78	136	84	134	90	131	95	127	99	122	103	116	108	111	112	106	115	102	117	99	118	96	118	94	117	93	115	92	113	91	111	89	109	86	108	82	108	77	109	71	111	66	114	62	118	58	123	54	129	50	136	47	142	44	149	42	155	41	160	41	164	42	167	44	169	46	170	49	170	53	169	58	167	64	164	71	160	79	155	88	151	97	148	105	145	112	143	120	142	127	142	133	143	138	145	142	148	145	152	147	157	148	162	148	166	147	169	145	171	143	172	142	172	140	171	138	169	137	166	137	162	138	157	140	151	143	144	147	136	151	127	154	119	158	112	161	106	164	101	168	97	172	94	175	92	177	91	178	91	178	
48:
118	53.175	183	135	182	134	180	132	177	129	173	126	168	124	162	123	156	123	150	123	145	124	141	126	138	128	136	130	135	132	135	135	136	137	138	140	141	143	145	147	150	152	154	157	157	163	159	168	162	172	166	176	170	179	173	181	175	182	176	182	176	181	175	181	173	181	170	182	166	182	161	181	155	179	148	178	140	177	131	177	123	177	116	176	109	174	103	171	97	167	92	162	88	158	84	153	81	149	78	146	76	144	73	143	70	143	68	144	67	146	66	149	66	153	67	158	69	163	70	168	70	174	69	179	67	183	64	186	60	188	56	189	52	189	47	188	41	186	35	183	29	179	22	174	16	168	11	161	7	154	4	146	2	137	0	127	-1	117	-1	106	-1	94	0	81	2	69	4	58	7	48	11	39	15	31	20	24	24	18	28	13	32	9	37	6	41	4	44	3	46	3	47	4	48	6	50	9	53	12	57	16	62	21	68	27	75	33	82	40	90	48	99	57	109	65	119	74	128	82	138	91	147	99	155	107	162	114	168	120	173	125	177	129	180	132	182	134	183	135	183	135	
49:
126	3.769	160	54	160	53	159	51	158	48	158	44	158	39	157	34	155	30	152	26	148	23	143	21	137	20	130	20	122	21	113	23	105	26	98	30	91	35	85	41	80	46	76	52	73	59	71	67	70	76	70	85	71	93	71	100	70	107	68	113	65	118	61	122	56	125	50	128	43	130	35	132	27	133	20	133	14	132	9	131	5	129	2	126	0	123	-1	119	-1	115	-1	110	0	104	2	99	5	95	7	92	8	90	10	89	11	89	13	90	16	92	19	95	23	99	28	104	34	110	41	117	47	125	52	133	57	142	63	150	70	157	77	163	83	168	88	172	92	175	95	177	97	178	99	178	101	177	102	175	103	172	104	168	106	165	108	162	111	159	115	157	120	156	126	156	131	157	135	159	138	161	140	162	142	162	145	161	147	159	148	156	148	152	148	147	149	143	150	140	152	138	155	137	159	137	164	138	168	140	172	143	175	147	177	152	178	156	178	159	177	161	175	162	172	162	168	161	163	159	157	156	151	152	146	147	142	141	139	134	137	126	136	117	135	107	135	98	136	90	138	82	141	75	145	69	150	64	154	60	157	57	159	55	160	54	160	54	
50:
120	752.764	188	88	188	87	187	85	185	82	182	79	179	75	177	70	176	64	176	57	175	49	173	42	170	36	166	30	161	25	155	21	149	18	143	16	138	15	134	15	131	16	129	18	128	21	127	25	127	30	126	35	124	41	121	46	117	50	112	53	106	55	99	56	93	56	88	57	83	59	79	61	76	64	74	68	73	71	73	73	74	74	76	74	78	73	79	71	81	68	82	64	82	59	82	53	83	47	84	42	84	36	83	30	81	25	79	21	77	18	76	16	76	15	77	15	79	16	82	18	86	21	89	25	91	30	92	36	92	43	92	51	91	59	89	68	86	76	82	84	77	92	71	99	64	105	56	110	49	114	41	117	34	119	26	120	19	120	13	120	7	121	2	123	-2	126	-5	130	-7	135	-8	141	-8	148	-7	154	-5	159	-2	163	1	166	5	168	10	169	16	169	23	168	30	166	38	163	47	159	57	154	67	150	76	147	84	144	93	142	102	141	112	141	121	140	129	138	136	135	142	131	147	126	151	120	155	113	158	107	162	102	167	98	173	95	178	92	182	90	185	89	187	88	188	88	188	88	
51:
141	67.26	74	33	73	32	71	32	68	33	64	34	60	36	56	37	52	38	48	40	45	43	43	47	42	52	42	58	43	63	45	67	48	70	52	73	57	75	63	77	70	78	78	78	86	79	93	79	99	79	104	79	108	80	111	82	113	85	115	89	116	93	116	98	116	103	117	107	118	110	120	112	123	113	127	113	132	112	138	111	144	111	149	111	153	112	156	114	158	117	159	121	160	124	162	126	165	127	169	127	172	126	174	124	175	121	175	117	174	112	173	106	172	101	170	97	167	94	163	92	158	91	152	91	145	92	137	94	128	97	118	101	109	106	100	112	91	118	83	125	76	131	70	136	65	140	61	143	58	145	56	146	55	146	54	145	53	143	52	140	50	136	47	131	43	126	38	122	34	119	29	117	25	116	22	116	20	117	19	119	19	122	20	126	22	131	25	137	29	144	34	152	40	159	47	165	55	170	64	174	74	177	85	179	97	180	108	180	119	179	130	177	142	174	153	170	163	165	172	159	180	152	187	144	193	135	198	125	202	114	205	103	207	91	208	78	208	66	207	55	205	45	203	36	200	28	196	21	191	15	185	10	178	6	170	3	161	1	151	0	140	0	129	1	119	3	110	6	102	10	95	15	89	20	84	24	80	27	77	30	75	32	74	33	74	33	
52:
113	10.663	10	53	11	52	13	50	16	47	19	45	23	44	27	44	30	45	32	47	33	50	33	54	32	58	31	62	31	65	32	67	34	68	37	68	41	69	46	71	52	74	58	76	65	79	72	83	79	86	86	89	92	91	98	93	103	94	107	94	110	93	112	91	113	88	113	84	112	79	110	73	107	66	104	58	101	49	99	41	97	34	95	28	94	23	92	19	89	16	86	14	82	13	77	13	72	14	66	16	59	19	53	23	48	28	43	34	37	41	30	48	24	56	19	65	15	75	12	86	10	96	9	105	9	114	10	124	12	133	15	142	19	150	24	157	30	163	37	168	45	172	54	176	64	181	75	185	87	188	100	190	112	191	123	191	133	190	142	188	150	185	157	181	163	176	168	170	172	163	175	155	177	147	178	140	178	133	177	127	175	121	172	115	168	109	163	104	157	98	150	92	142	86	133	81	123	77	112	74	100	72	88	69	76	65	65	62	55	59	46	57	38	56	31	55	25	55	20	54	16	53	13	53	11	53	10	53	10	53	
53:
107	9.615	96	71	97	72	99	74	102	77	106	81	110	86	115	92	120	99	124	106	127	114	129	122	130	130	130	137	130	145	129	152	127	158	124	163	120	167	115	170	110	172	104	173	98	173	91	174	83	175	74	177	64	179	55	182	46	186	38	190	31	193	25	195	20	196	16	196	13	195	11	193	10	190	10	186	11	181	13	176	16	171	19	165	22	158	24	151	25	143	25	135	24	128	22	121	20	113	19	104	19	94	20	83	22	72	24	61	27	51	30	42	32	34	34	27	36	21	38	16	40	12	43	9	47	7	52	6	58	6	65	7	73	9	80	12	87	16	95	21	103	25	111	30	119	35	128	39	136	42	143	44	151	45	158	45	164	44	169	42	173	39	176	36	178	32	179	27	179	21	180	15	182	10	184	6	185	3	185	1	184	0	182	0	179	1	175	3	170	6	164	10	157	15	149	21	140	28	132	35	124	43	117	50	111	56	106	61	102	65	99	68	97	70	96	71	96	71	
54:
136	782.02	72	153	73	152	75	150	78	147	81	145	83	142	85	140	87	139	90	139	93	140	96	142	99	145	101	149	102	154	102	159	101	163	101	166	101	168	102	169	104	169	107	168	111	166	116	163	122	159	128	154	133	148	137	141	140	134	142	126	143	117	143	108	142	100	142	93	143	87	145	82	148	78	152	74	157	71	162	69	167	68	173	68	178	68	182	68	185	68	187	67	188	66	188	64	187	61	185	57	182	52	178	48	173	45	167	43	160	42	152	42	143	42	133	43	122	45	111	46	100	48	90	50	80	52	71	53	63	53	56	53	50	52	45	52	41	53	38	54	36	56	35	59	35	63	36	68	38	74	41	80	43	87	45	95	48	103	52	112	55	120	57	127	58	133	58	138	57	142	55	145	52	147	48	148	43	148	38	147	34	145	31	142	29	138	28	133	28	127	29	120	31	112	34	103	38	93	43	82	47	70	50	59	52	49	53	40	53	32	52	25	50	19	47	14	43	10	40	7	36	5	31	4	25	4	20	5	16	7	13	10	11	14	10	19	10	25	11	32	13	40	16	49	20	59	25	70	31	82	38	93	46	103	53	112	59	120	64	127	68	133	71	138	73	143	74	147	74	150	73	152	72	153	72	153	
55:
154	144.645	11	151	12	151	14	152	17	154	21	156	25	159	30	163	35	168	41	173	48	178	55	182	63	185	72	187	81	188	89	188	96	187	102	185	107	182	111	178	114	173	116	167	117	160	117	154	118	149	119	144	121	140	123	137	126	135	129	134	133	134	138	135	143	137	147	140	151	142	154	143	157	143	159	142	161	140	164	138	166	135	167	131	167	126	166	122	164	119	161	117	159	116	157	116	156	117	155	119	155	122	156	126	158	131	161	137	165	143	170	150	175	157	179	163	182	168	184	172	185	175	185	177	184	178	182	178	179	177	175	175	170	172	164	168	157	163	149	157	140	150	130	142	119	133	108	123	98	112	89	102	81	92	73	83	66	75	60	68	55	62	51	57	47	53	44	50	42	48	41	47	40	47	38	48	35	50	33	53	32	57	31	62	30	68	28	74	27	79	26	83	24	86	22	89	19	91	15	92	11	92	8	91	6	89	3	86	1	82	0	77	0	71	1	64	3	56	6	47	10	37	15	27	21	18	28	9	36	1	45	-6	55	-12	65	-17	76	-21	88	-24	99	-26	109	-27	118	-27	126	-26	133	-24	139	-21	144	-17	148	-14	151	-10	153	-5	154	1	154	8	153	14	151	19	148	23	144	28	139	34	133	41	126	48	118	56	109	65	99	75	88	85	77	94	66	102	56	111	47	119	39	126	32	132	26	137	21	141	17	145	14	148	12	150	11	151	11	151	
56:
118	17.235	186	141	185	141	183	142	180	142	176	142	171	142	165	141	158	141	150	142	141	142	132	142	123	141	115	139	108	137	102	134	96	130	91	125	87	121	84	118	82	116	81	115	79	115	76	116	74	118	72	121	71	125	70	130	70	136	71	143	71	149	72	156	72	162	73	167	73	171	72	174	70	176	67	177	63	177	58	176	52	174	47	171	43	167	40	162	36	156	33	149	31	141	30	132	30	122	30	111	31	99	31	86	30	74	28	63	25	53	21	44	16	36	12	29	9	23	7	18	6	14	6	9	7	4	9	-1	12	-5	16	-8	21	-10	27	-11	34	-11	42	-10	50	-8	57	-5	63	-1	68	4	72	10	76	17	79	25	81	33	84	40	88	46	93	51	99	55	106	58	114	60	123	61	132	61	142	60	151	58	159	55	166	51	172	46	177	41	181	36	184	32	186	29	187	27	187	26	186	26	184	27	182	29	181	32	181	36	182	41	184	46	187	52	191	59	195	67	198	76	200	86	201	96	201	105	201	113	200	120	198	126	195	131	192	135	189	138	187	140	186	141	186	141	
57:
106	52.272	99	73	98	72	96	70	93	67	89	63	84	58	79	53	75	47	71	42	68	37	66	33	65	28	65	24	66	21	68	19	71	18	75	18	79	19	84	21	90	24	97	28	103	33	108	39	112	46	115	54	117	62	118	70	119	79	120	88	122	96	124	103	127	109	131	115	136	120	140	124	143	128	145	133	146	139	146	146	146	154	146	161	147	167	149	172	152	176	154	180	155	183	155	185	154	186	152	187	149	188	145	188	140	188	134	187	128	185	121	184	113	182	105	179	96	176	86	172	75	167	64	163	54	159	45	156	37	152	30	147	24	141	19	134	15	126	12	119	10	113	9	108	9	104	10	100	12	97	15	95	19	93	22	92	25	91	27	89	28	86	28	82	27	77	25	73	22	70	19	68	17	67	16	67	16	68	17	69	19	70	22	72	25	75	29	78	34	81	40	83	47	84	55	84	63	83	71	81	78	78	84	75	89	73	93	72	96	72	98	72	99	73	99	73	
58:
130	80.475	70	145	69	144	67	142	64	139	60	135	55	131	51	128	47	126	44	125	42	125	41	126	41	128	40	130	38	133	36	137	33	140	29	142	24	143	19	143	15	142	12	140	10	137	9	133	9	128	10	122	12	115	14	107	16	98	19	88	23	78	28	69	34	60	40	52	47	45	54	39	60	34	65	30	70	27	74	25	77	24	79	24	80	25	80	27	79	30	77	34	76	39	76	45	77	52	79	60	82	69	86	77	91	84	97	90	104	95	112	100	121	105	129	109	136	112	142	114	147	115	151	117	154	120	156	124	157	129	157	133	156	138	154	142	151	145	147	147	142	149	137	152	131	154	124	157	116	161	107	165	99	170	92	176	84	181	77	185	70	188	64	190	59	191	55	191	52	190	50	188	49	185	49	181	50	176	52	170	55	164	59	157	64	149	70	140	77	130	85	119	94	107	104	95	113	84	121	74	128	65	134	57	139	50	143	44	146	39	148	35	149	32	150	30	150	29	149	29	149	30	150	32	151	35	151	39	150	44	148	50	145	57	141	65	136	74	130	84	123	94	115	103	106	111	98	118	91	124	85	130	80	135	76	139	73	142	71	144	70	145	70	145	
59:
114	36.139	46	181	47	180	49	179	52	177	56	175	61	174	67	174	74	175	82	176	91	178	99	179	108	179	116	178	124	176	131	174	137	173	143	173	150	174	157	175	163	177	170	179	176	180	181	180	185	179	188	177	190	174	191	170	191	165	192	159	192	152	192	144	192	135	191	127	189	120	186	114	182	109	177	104	171	99	164	95	156	92	149	90	142	88	135	86	129	83	124	80	120	76	117	71	115	67	114	62	113	56	113	51	114	46	116	40	119	34	123	29	128	25	133	22	139	20	145	19	152	18	158	18	163	19	167	21	170	24	172	28	173	33	173	39	172	46	170	54	167	63	163	71	158	78	152	85	145	91	137	96	128	100	118	103	107	105	97	106	88	106	80	105	73	103	67	100	61	96	55	91	50	85	46	79	43	74	40	70	38	67	37	65	36	64	34	64	31	65	28	67	26	70	24	74	23	79	23	85	23	92	24	100	26	109	28	119	30	129	31	138	31	146	31	153	32	160	34	166	37	171	40	175	43	178	45	180	46	181	46	181	
60:
130	257.023	78	173	79	172	81	171	84	169	88	168	93	168	99	168	106	169	112	169	117	168	121	166	124	163	126	159	127	154	128	149	128	143	127	138	125	134	122	131	118	129	113	127	107	126	100	126	92	127	84	129	76	131	69	133	63	136	58	140	54	145	51	151	49	158	48	164	48	169	49	173	49	176	48	178	46	179	43	179	39	178	34	176	28	174	21	171	15	167	10	162	6	156	3	150	0	144	-2	137	-3	130	-3	124	-2	118	0	112	3	105	7	99	12	94	16	88	19	81	21	73	22	64	22	55	21	47	19	40	16	34	13	29	9	25	6	22	4	20	3	19	3	19	4	20	6	22	9	25	13	29	18	34	24	40	31	47	39	53	46	59	52	65	57	70	63	74	70	77	77	79	85	80	94	80	102	79	109	77	115	74	121	70	126	67	132	65	138	64	143	64	147	65	150	67	152	70	154	74	155	78	157	83	160	89	163	96	167	104	172	112	177	120	181	129	184	139	186	150	187	160	187	169	186	177	184	184	181	190	177	195	172	199	166	202	159	204	151	205	142	205	132	204	123	202	114	199	106	195	99	191	93	186	88	182	84	179	81	176	79	174	78	173	78	173	
61:
129	10.415	127	133	127	132	126	130	126	127	126	123	127	118	129	113	132	109	136	105	141	102	147	100	154	99	162	98	169	98	175	99	181	101	186	104	190	108	193	113	195	119	196	126	196	134	195	143	193	151	190	158	187	164	183	171	178	177	173	182	167	186	160	189	152	191	144	192	135	192	126	191	116	189	105	186	95	182	86	177	78	171	71	164	65	156	60	148	56	140	53	133	51	127	50	122	50	118	51	115	53	113	55	111	57	110	58	110	58	111	57	113	55	116	52	120	48	124	43	129	37	135	31	142	26	149	20	155	15	161	10	166	6	170	3	173	1	175	0	176	-1	176	-3	175	-4	173	-4	170	-4	166	-5	161	-5	156	-4	150	-2	143	0	135	1	126	2	116	3	105	5	95	6	86	6	77	5	69	5	62	6	56	8	51	10	47	13	44	17	42	22	41	26	41	31	42	35	43	38	43	40	42	41	40	41	37	41	33	41	28	42	24	44	21	47	19	51	18	56	18	62	19	69	21	77	24	85	28	94	33	103	38	111	43	118	48	124	54	129	61	133	69	136	78	138	88	139	97	139	105	138	112	136	118	133	123	130	127	128	130	127	132	127	133	127	133	
62:
127	170.136	85	45	84	46	82	47	79	49	75	52	70	56	64	61	59	66	55	72	52	79	50	85	49	90	49	94	50	97	50	99	50	100	50	100	49	99	47	97	44	94	40	90	37	85	35	80	32	75	28	70	25	66	23	63	21	61	18	60	16	60	13	61	11	63	8	66	5	70	3	75	2	81	0	88	-3	96	-7	105	-11	114	-14	122	-17	129	-19	135	-20	140	-20	144	-19	147	-17	150	-14	152	-10	153	-5	153	1	152	8	150	15	147	22	145	30	144	37	144	43	145	49	147	55	150	62	154	70	159	78	164	87	169	96	174	106	178	117	181	127	184	136	186	145	187	153	187	160	186	166	184	171	181	175	177	178	172	181	166	183	159	184	151	184	142	184	132	185	121	187	109	188	97	188	86	188	75	188	65	187	56	185	48	182	41	178	35	173	30	168	26	162	23	155	21	147	20	138	20	128	21	117	21	105	20	93	18	82	16	72	14	63	13	55	12	48	10	42	8	37	6	33	5	30	4	28	4	27	3	27	2	28	2	30	3	33	5	37	8	42	12	48	16	54	21	59	25	65	29	70	32	75	35	79	39	82	42	84	44	85	45	85	45	
63:
143	953.667	175	129	175	128	174	126	172	125	169	124	165	124	160	124	154	125	148	125	143	125	138	124	134	122	131	119	129	115	128	110	128	104	129	98	129	93	128	89	126	86	123	84	119	83	114	83	108	84	101	85	95	85	90	84	86	82	83	79	81	76	80	73	80	71	79	70	78	70	77	71	75	73	73	76	70	80	66	85	61	91	55	97	48	103	40	108	33	112	27	116	22	121	18	127	15	134	13	142	12	150	12	157	12	164	13	170	15	175	18	179	22	182	27	184	32	185	38	185	43	184	47	182	52	179	58	176	65	173	73	171	80	170	88	170	97	171	107	173	117	176	126	178	135	179	143	180	150	180	156	179	161	177	165	174	168	170	170	165	171	159	171	152	170	144	168	135	166	125	165	115	165	106	166	98	166	91	167	85	169	80	172	76	174	73	175	71	175	68	174	64	172	59	169	53	165	46	160	40	154	35	147	31	139	27	130	22	120	16	111	10	101	5	90	1	80	-2	71	-4	63	-5	55	-5	48	-4	42	-2	37	1	33	5	30	10	28	16	27	23	27	29	28	34	30	38	33	41	37	45	42	50	48	56	55	63	63	71	72	78	82	85	92	92	102	99	111	105	120	111	130	117	139	122	147	126	154	129	160	131	165	132	169	132	172	131	174	130	175	129	175	129	
64:
123	42.333	63	41	64	40	65	38	66	35	68	32	71	29	73	25	75	22	78	20	80	19	83	19	87	20	92	22	98	24	104	26	110	27	116	27	122	26	127	24	132	21	136	17	139	12	141	8	143	4	146	1	150	-1	154	-2	158	-2	163	-1	167	1	171	4	175	8	179	13	182	19	184	25	186	32	187	38	187	43	186	47	184	50	181	52	177	53	172	53	166	54	159	55	151	57	142	60	134	64	127	69	121	75	116	82	111	90	107	99	103	107	100	114	98	120	96	125	93	129	90	132	86	134	81	135	75	135	68	134	60	132	52	129	45	125	39	120	33	114	28	107	24	99	21	91	19	83	18	75	18	68	19	62	21	57	24	53	28	50	33	48	39	47	46	47	54	46	63	45	73	45	84	46	94	47	103	49	112	52	122	56	133	61	143	67	152	73	160	80	167	88	173	96	178	103	182	109	185	114	187	118	188	121	188	123	187	124	185	124	182	123	178	121	173	118	167	114	160	109	152	103	143	96	133	90	124	85	114	79	105	72	97	65	90	59	84	54	78	50	73	47	69	44	66	42	64	41	63	41	63	41	
65:
124	139.401	95	177	96	176	97	174	99	171	102	167	105	162	109	158	114	154	120	151	126	149	132	148	137	148	141	149	144	151	147	154	150	158	154	163	158	167	163	170	169	172	175	173	180	173	184	172	187	170	189	168	190	165	190	162	189	160	187	157	184	155	180	152	175	148	169	143	164	137	158	131	153	125	149	118	146	110	144	101	143	92	143	84	144	77	146	69	149	60	152	52	156	45	161	39	166	34	172	30	177	27	181	25	184	24	186	24	187	25	187	27	186	30	184	32	181	33	177	33	172	32	166	30	159	27	151	25	143	24	136	24	130	25	125	27	121	30	118	34	116	38	114	41	111	43	107	44	102	44	96	43	89	41	81	38	72	34	62	31	51	29	41	28	31	28	22	29	14	30	7	31	1	31	-4	30	-8	28	-11	26	-13	23	-14	19	-14	14	-13	9	-11	5	-8	2	-4	0	1	-1	7	-1	12	0	18	2	25	5	33	9	42	14	52	20	62	27	71	35	79	44	87	54	94	65	100	77	105	90	109	102	112	113	114	123	115	132	115	141	114	149	112	156	109	162	105	167	101	171	98	174	96	176	95	177	95	177	
66:
118	127.972	70	169	69	170	67	172	64	175	60	179	55	182	49	184	43	185	37	185	31	184	26	182	22	179	18	175	15	170	12	164	10	157	8	149	7	140	5	132	4	123	2	115	1	107	-1	100	-2	93	-2	87	-1	82	1	78	4	75	8	73	13	72	19	72	24	73	28	75	33	78	38	82	44	87	51	92	59	96	68	99	77	101	85	102	93	102	100	102	106	102	111	103	115	105	118	107	120	110	121	112	121	113	122	113	124	112	126	110	127	107	128	103	128	98	127	92	125	85	122	78	118	72	115	65	112	59	110	54	107	49	103	45	99	42	94	39	89	37	84	34	80	31	77	27	75	22	74	16	74	11	75	7	77	4	80	2	84	1	89	1	95	2	102	4	110	6	118	9	127	13	136	18	144	24	151	31	157	39	163	48	169	58	174	69	178	81	181	94	183	108	184	121	184	133	183	144	181	154	178	163	174	171	171	178	167	184	162	189	156	193	149	196	141	198	132	199	122	199	113	198	105	196	98	193	91	189	85	184	80	179	76	175	73	172	71	170	70	169	70	169	
67:
112	14.401	18	129	19	130	21	132	24	135	28	139	33	144	38	148	42	152	46	156	49	159	51	162	52	166	52	170	51	173	49	175	46	176	44	176	43	175	43	173	44	171	46	168	49	164	52	159	56	153	59	148	61	144	62	141	62	138	61	135	59	131	56	126	54	120	53	114	53	108	54	101	56	93	58	85	59	78	59	72	58	67	56	63	53	60	49	56	44	51	38	45	32	39	27	34	23	30	20	27	17	25	15	24	14	24	14	25	15	27	17	30	20	34	24	39	29	45	35	52	42	60	50	67	59	74	69	81	79	87	88	92	96	96	103	99	109	101	114	102	118	102	121	101	123	99	126	96	128	92	130	87	133	81	136	75	139	70	142	65	146	60	151	55	157	51	162	48	166	46	169	45	171	45	172	45	172	46	171	46	169	45	166	43	162	41	157	40	151	40	144	41	136	43	127	46	117	50	106	55	94	61	83	68	73	76	63	84	54	93	46	101	39	108	33	114	28	119	24	123	21	126	19	128	18	129	18	129	
68:
127	236.806	67	7	68	6	70	5	73	5	77	6	82	8	88	11	94	15	101	20	107	25	112	31	116	36	119	42	121	48	122	54	122	60	121	65	119	69	116	72	112	74	108	75	105	75	103	75	102	74	102	72	103	69	105	65	108	62	112	60	116	59	121	59	126	60	130	62	133	65	135	69	136	74	136	78	135	82	133	85	130	87	126	90	121	94	115	97	108	101	102	106	97	112	92	119	88	126	85	132	83	137	82	141	80	144	78	146	75	147	71	147	66	146	60	144	54	141	48	138	43	136	39	135	34	135	30	136	27	138	25	141	24	145	24	149	25	154	27	160	30	166	34	171	39	175	45	178	52	180	59	181	67	181	76	180	85	178	95	175	105	171	114	167	123	163	131	159	138	156	144	153	150	151	155	150	159	150	162	151	164	153	165	156	167	158	170	159	174	159	178	158	182	156	185	153	189	149	193	144	196	138	198	131	199	123	199	114	198	104	196	93	193	81	191	69	188	57	184	46	179	36	173	27	166	19	158	12	149	6	139	1	130	-3	121	-6	112	-8	103	-9	95	-9	88	-8	82	-6	77	-3	73	1	70	4	68	6	67	7	67	7	
69:
139	121.907	182	172	181	173	179	174	176	176	172	177	167	177	161	176	154	175	146	173	137	170	129	166	122	161	115	156	109	150	104	144	99	137	95	129	92	120	90	111	89	103	89	96	88	90	88	85	89	81	90	78	91	76	93	75	96	75	100	76	105	78	111	81	116	85	120	89	124	93	128	96	131	98	133	99	134	99	134	98	135	96	136	93	138	89	139	84	141	79	144	73	148	67	153	62	158	57	162	53	165	50	167	48	168	47	168	45	167	44	165	44	162	43	158	41	154	38	150	36	147	35	145	35	144	36	144	36	145	36	147	35	150	33	153	30	157	28	162	26	166	23	169	19	171	15	172	10	172	4	171	-3	169	-10	166	-17	162	-23	157	-29	151	-34	144	-38	136	-41	127	-43	117	-44	107	-44	97	-43	86	-41	74	-38	63	-34	53	-29	44	-24	36	-19	29	-15	23	-10	18	-4	14	1	11	7	9	14	8	21	8	28	9	34	11	40	14	47	18	54	23	62	28	70	32	79	36	88	39	98	41	109	42	120	42	131	41	141	41	150	40	158	40	165	41	171	43	176	46	180	50	183	55	186	61	188	68	189	76	189	85	188	95	187	105	187	116	187	127	187	137	186	146	186	154	186	161	185	167	183	172	180	176	177	179	175	181	173	182	172	182	172	
70:
130	1331.948	99	90	99	89	98	88	96	88	94	89	92	91	89	94	87	98	86	103	86	108	86	113	85	117	83	120	80	122	76	123	71	123	65	123	58	124	52	126	46	129	41	133	37	138	34	142	32	145	30	147	29	148	27	148	24	147	20	145	16	142	13	138	11	133	10	127	10	120	11	112	13	103	15	93	18	84	22	76	27	69	33	63	40	58	48	54	57	51	67	49	77	48	87	48	96	48	104	49	111	50	117	51	122	51	126	50	129	48	131	45	132	41	132	37	131	33	131	30	132	28	134	27	137	27	141	28	146	30	152	33	159	35	165	36	171	36	176	35	180	33	183	30	185	26	186	21	186	16	185	11	183	7	181	4	178	2	175	1	173	1	172	2	172	4	173	7	175	11	178	16	182	22	185	29	187	37	188	46	189	56	189	67	188	77	186	86	183	94	179	101	174	107	168	112	162	116	155	119	149	121	144	122	138	122	133	123	129	125	126	128	124	132	123	137	123	143	124	148	126	152	129	155	133	157	137	158	140	158	142	157	143	155	143	152	142	148	140	144	138	139	135	133	131	126	126	118	120	111	114	105	109	100	105	96	102	93	100	91	99	90	99	90	
71:
111	13.188	126	66	125	65	123	65	120	66	116	68	112	71	109	75	107	80	105	84	104	88	104	92	105	97	107	101	110	106	114	111	119	116	125	120	130	123	136	126	141	128	146	129	152	129	157	128	161	128	164	129	166	131	167	132	167	134	166	137	164	141	161	145	157	150	154	154	150	157	145	159	141	161	138	162	136	162	135	161	135	159	136	156	138	152	141	147	145	141	150	134	155	127	159	119	162	110	164	100	165	89	165	79	164	70	162	62	159	55	155	49	150	43	144	37	137	30	129	24	121	19	112	15	102	12	91	10	80	9	68	9	57	10	47	12	38	15	30	19	23	24	17	30	12	37	8	45	5	54	3	64	2	74	2	85	3	97	5	109	7	120	9	130	12	139	16	147	20	154	24	160	28	165	31	169	33	172	34	174	34	175	33	175	33	174	34	172	36	169	39	165	43	160	48	154	54	147	61	139	69	130	78	120	86	111	94	102	101	94	107	87	112	81	116	76	120	72	123	69	125	67	126	66	126	66	
72:
131	106.152	163	10	162	11	160	13	157	16	153	19	148	22	142	24	135	25	127	25	119	24	112	22	105	19	99	15	94	12	89	9	85	7	82	6	80	6	79	7	79	9	80	12	82	16	85	20	89	25	94	31	100	38	106	46	112	54	117	61	121	67	124	72	126	76	127	81	127	86	127	90	127	93	128	95	130	96	133	96	137	95	142	94	148	92	155	91	162	91	168	92	173	94	177	97	180	101	182	105	183	110	183	116	182	123	180	130	177	136	173	141	169	145	164	148	158	150	153	151	147	151	142	150	138	148	135	145	133	143	132	142	132	142	132	143	132	145	131	147	130	150	128	152	125	153	121	153	116	152	110	150	103	147	96	144	88	140	80	136	73	133	67	131	60	130	54	130	49	129	45	129	42	128	40	127	39	125	39	122	40	118	41	113	42	107	42	102	41	98	39	95	36	93	32	92	27	92	21	93	15	95	10	98	6	102	3	107	1	113	0	118	0	122	1	125	3	127	6	128	10	128	15	127	21	125	28	122	36	118	45	113	55	107	66	100	78	92	90	84	101	75	111	65	120	55	128	46	135	38	142	31	148	25	153	20	157	16	160	13	162	11	163	10	163	10	
73:
136	17.437	111	95	111	94	111	92	110	89	108	85	107	81	106	76	105	70	104	64	102	59	99	55	95	52	90	50	84	49	77	49	71	50	64	52	58	55	53	59	49	62	45	64	42	65	40	65	39	64	39	62	40	59	42	55	44	50	45	44	45	37	44	30	42	24	39	19	35	15	30	12	25	10	20	9	15	9	10	10	6	12	3	15	1	19	0	24	0	30	1	37	3	45	6	54	8	64	10	75	13	85	16	94	20	102	23	109	27	115	32	120	38	125	44	129	49	132	53	136	56	140	59	143	63	145	67	146	70	146	72	145	73	144	73	143	72	143	70	144	67	146	64	149	60	153	56	158	53	163	51	169	50	174	50	178	50	181	51	183	53	184	56	184	59	183	61	181	63	178	65	174	67	169	70	163	72	156	74	148	77	139	79	129	80	118	80	107	81	97	81	87	82	78	84	70	86	62	89	54	93	47	98	41	104	36	111	32	119	29	127	27	136	26	144	26	151	27	157	29	162	30	166	30	169	29	171	27	172	24	173	21	173	18	172	16	170	15	168	15	167	16	167	18	166	21	164	25	161	30	157	36	152	43	146	51	139	59	132	67	126	74	121	80	117	85	114	89	112	92	111	94	111	95	111	95	
74:
126	28.45	32	80	33	81	35	81	38	80	42	78	46	75	50	72	53	69	55	66	56	62	56	58	55	55	53	53	50	52	46	52	41	51	35	51	29	51	22	52	16	54	11	57	7	61	3	65	0	70	-2	76	-3	83	-3	90	-3	97	-2	103	0	108	3	112	7	115	12	117	18	118	25	118	32	117	39	115	46	113	52	110	57	106	63	101	70	95	77	88	83	82	88	77	92	73	95	70	98	68	101	67	104	67	106	68	107	70	107	73	108	77	110	82	113	88	117	94	120	101	123	109	125	118	126	128	126	137	125	145	123	152	120	158	116	164	111	169	105	173	98	177	90	181	83	184	77	186	72	187	68	187	65	187	63	187	62	188	62	190	63	193	65	195	68	196	72	197	77	197	83	196	90	194	98	191	107	187	117	182	128	176	139	169	149	163	158	157	166	150	173	142	179	133	184	123	188	113	191	104	193	96	194	88	194	80	193	72	191	63	188	55	184	48	179	42	173	37	166	33	158	30	149	28	139	27	128	27	116	28	104	30	93	33	83	37	74	42	66	48	59	55	53	61	47	66	42	70	38	74	35	77	33	79	32	80	32	80	
75:
132	15.307	5	148	6	147	8	146	11	144	15	142	19	139	23	135	26	131	28	127	29	124	29	120	28	115	27	110	26	106	26	102	27	99	29	96	32	94	36	93	41	93	47	94	54	95	62	97	70	100	79	104	88	108	96	111	103	113	109	114	114	114	118	113	121	111	123	108	124	104	125	99	125	93	124	86	124	78	125	70	127	63	130	56	134	50	138	45	142	41	147	38	153	35	160	33	167	31	173	29	178	28	182	28	185	29	187	31	188	34	188	38	187	42	185	47	182	52	178	57	174	63	171	70	168	78	166	87	165	97	165	106	166	114	168	122	171	129	175	136	179	143	182	151	184	159	185	166	185	172	184	177	182	181	179	184	175	186	170	187	164	187	158	186	151	184	144	181	137	177	131	172	126	166	122	159	119	151	116	142	114	132	113	121	113	109	112	96	110	83	107	70	104	58	102	47	101	37	101	28	101	20	101	13	102	7	102	2	101	-2	99	-5	96	-7	92	-8	87	-8	81	-7	74	-5	66	-2	57	2	47	7	38	13	30	20	23	28	16	37	10	47	5	58	1	70	-3	82	-6	93	-8	103	-9	112	-9	120	-8	127	-6	133	-4	138	-1	142	2	145	4	147	5	148	5	148	
76:
124	17.959	116	25	115	24	114	22	112	19	110	15	107	12	103	10	98	9	92	9	85	10	79	12	73	13	68	15	64	16	59	16	55	15	52	13	50	11	49	8	49	6	49	5	50	5	51	6	51	8	50	11	50	15	49	20	47	26	46	33	44	40	43	48	42	57	42	66	43	75	45	83	48	92	52	100	55	107	59	113	64	118	69	122	73	125	77	127	82	128	88	128	95	127	101	125	106	123	111	120	115	116	118	111	120	107	123	104	126	102	128	101	130	101	132	102	135	104	139	106	144	109	150	113	157	118	165	124	172	130	178	137	183	145	187	152	190	158	192	164	193	170	193	175	193	179	192	182	190	184	187	185	183	185	178	184	172	182	165	179	157	175	148	170	138	166	127	162	115	159	102	157	90	156	79	156	69	157	60	159	52	162	45	166	39	171	34	177	30	182	27	186	25	189	24	191	24	192	25	192	27	191	30	189	32	186	33	182	34	177	35	171	37	164	40	156	44	147	49	137	54	126	58	114	63	103	69	91	74	80	78	70	83	61	89	53	95	46	101	40	106	35	110	31	113	28	115	26	116	25	116	25	
77:
143	169.962	142	69	143	68	145	66	148	63	151	59	154	54	157	50	159	47	160	45	160	44	159	44	157	45	154	47	150	50	145	54	139	59	132	64	124	68	115	71	106	73	98	74	91	74	84	73	78	71	73	68	69	65	66	62	64	58	63	53	62	48	60	44	57	41	53	39	48	38	42	38	37	39	33	41	29	44	26	47	24	51	23	56	23	62	23	69	23	76	24	83	26	89	28	94	31	98	34	101	38	103	43	104	49	104	55	104	60	103	64	101	67	98	69	96	71	95	74	95	78	96	82	98	85	101	88	105	90	110	91	116	91	123	90	131	90	139	89	146	87	152	84	157	80	161	75	164	71	166	68	167	66	167	65	166	65	165	66	165	68	166	71	168	75	171	80	174	86	177	93	180	101	182	110	183	118	183	125	182	131	180	136	177	140	174	143	171	145	169	146	166	146	163	145	160	143	158	140	157	136	157	131	156	125	154	119	151	112	147	104	142	95	136	85	129	74	121	63	112	53	102	44	91	36	79	29	67	23	56	18	46	14	37	11	29	9	22	8	16	8	11	9	6	11	2	14	-1	18	-3	23	-4	29	-4	36	-3	44	-1	53	2	62	6	70	11	79	17	89	24	98	30	106	35	114	41	121	48	127	54	132	59	136	63	139	66	141	68	142	69	142	69	
78:
133	32.646	12	43	12	42	11	40	11	37	11	33	12	29	14	24	17	19	21	15	24	12	26	10	28	9	29	9	29	10	28	12	26	15	23	19	21	24	20	30	20	37	21	45	23	54	26	64	30	74	34	85	39	96	45	106	52	116	58	125	63	134	68	142	72	149	75	156	77	163	78	170	79	176	80	181	82	185	85	188	89	190	94	191	100	191	106	190	112	188	117	185	122	182	127	179	131	175	134	170	136	164	137	157	137	151	136	146	134	142	131	139	129	137	127	136	126	136	126	137	127	138	128	140	130	143	133	147	137	150	142	152	147	153	151	153	154	152	156	150	158	147	159	143	159	138	158	132	156	125	153	117	150	108	147	98	145	89	144	81	144	74	145	68	145	63	144	59	142	56	139	54	135	53	130	53	126	54	122	56	119	59	117	63	116	68	116	74	117	81	119	89	120	98	120	108	119	119	117	130	114	140	110	149	105	157	99	164	92	170	84	175	75	179	65	182	56	184	46	185	35	185	25	184	16	182	8	179	1	175	-5	170	-10	164	-14	157	-17	149	-19	140	-20	130	-20	120	-19	109	-17	98	-14	88	-10	79	-5	71	0	64	4	58	7	53	9	49	11	46	12	44	12	43	12	43	
79:
103	52.576	119	178	118	177	116	175	113	174	110	174	108	175	107	177	107	180	108	183	110	185	113	186	117	187	122	187	128	186	135	184	143	181	150	177	156	172	161	166	165	159	168	151	170	143	172	134	174	124	177	115	179	107	180	100	180	94	179	89	177	85	174	81	170	77	166	73	163	68	161	62	158	55	154	47	149	40	143	34	136	29	128	25	119	22	110	20	100	19	89	17	79	14	70	10	62	7	55	4	49	2	44	1	39	1	35	2	32	4	30	7	29	11	29	16	30	22	32	29	34	35	37	42	40	49	44	55	49	60	55	64	60	69	65	73	69	78	72	84	74	91	75	99	75	106	74	112	72	118	69	123	65	127	60	130	54	132	48	133	43	134	39	136	36	139	34	143	33	148	33	154	34	159	36	165	39	172	43	178	48	183	54	187	61	190	69	192	78	193	86	194	93	194	99	193	104	191	109	188	113	184	116	181	118	179	119	178	119	178	
80:
125	120.611	83	64	84	63	86	61	89	58	91	55	92	51	92	46	91	42	89	39	86	35	82	32	79	30	77	29	76	29	76	30	77	32	79	35	81	39	84	44	88	50	93	57	98	65	102	73	105	82	107	92	108	102	108	111	108	119	108	126	109	132	110	137	112	141	115	144	118	146	120	147	121	147	121	146	121	144	122	141	124	137	127	132	131	126	135	121	140	117	146	114	152	112	158	111	163	111	167	111	170	111	172	110	173	108	173	105	172	101	170	96	167	90	165	83	164	77	164	72	165	68	167	65	170	63	174	62	179	62	183	63	186	65	188	68	189	72	189	77	188	83	186	89	184	96	181	104	177	113	172	123	166	134	159	144	151	153	142	161	134	168	127	174	121	179	114	183	108	186	103	188	98	189	92	189	86	188	80	186	73	183	67	179	62	174	58	168	54	161	51	153	49	145	46	137	42	128	38	118	33	107	27	97	21	88	16	80	12	72	9	65	7	59	6	54	6	50	7	47	9	45	12	44	16	44	21	45	27	47	34	50	42	54	50	58	57	62	63	65	68	67	73	68	77	68	80	67	82	65	83	64	83	64	
81:
103	4.308	114	69	113	68	111	67	108	67	105	67	103	68	101	70	98	73	94	76	89	78	83	79	76	79	70	78	65	76	61	74	58	73	56	73	55	74	55	76	55	79	54	83	52	88	49	94	46	100	42	105	37	109	33	112	30	114	27	115	25	115	24	114	22	112	19	109	17	105	15	100	14	94	14	88	14	81	13	73	12	64	12	55	13	46	15	38	18	31	22	25	27	20	33	16	40	13	48	11	57	10	67	10	78	10	90	11	101	13	112	14	122	14	133	14	143	15	152	17	160	20	167	24	173	29	178	34	182	40	187	47	191	55	194	64	196	73	197	83	197	94	196	105	194	115	191	125	187	134	182	142	176	149	169	155	161	160	153	164	144	167	135	169	127	170	119	170	111	169	104	167	98	164	93	161	89	157	86	152	84	146	83	139	83	131	84	123	86	114	89	105	93	97	98	90	103	84	107	79	110	75	112	72	113	70	114	69	114	69	
82:
116	717.61	69	39	68	38	66	36	65	35	63	34	60	34	57	35	55	37	54	40	54	43	55	47	57	52	60	56	64	59	69	61	75	62	81	62	86	61	90	59	93	56	95	52	96	47	96	42	95	38	93	35	91	31	90	26	90	21	91	16	93	12	96	9	100	7	104	6	107	6	111	7	115	9	118	12	122	16	127	21	131	27	135	33	140	38	146	42	153	45	159	47	164	48	168	49	172	51	175	54	177	58	178	63	178	69	177	75	175	82	172	90	170	98	169	107	169	117	170	128	171	139	171	149	170	158	168	166	165	173	161	179	156	184	150	188	143	191	136	193	130	194	124	194	119	193	115	191	112	188	110	184	109	179	109	173	110	166	111	158	111	149	110	139	109	128	107	118	104	108	100	99	95	91	89	84	82	78	74	73	65	69	56	66	47	64	39	63	32	61	26	60	21	60	17	61	14	61	12	61	11	62	11	64	12	65	14	65	17	64	21	62	26	59	32	57	38	54	45	50	51	46	56	43	60	41	63	40	66	40	68	39	69	39	69	39	
83:
119	15.315	98	43	97	44	95	46	92	49	88	52	84	54	79	55	73	55	68	54	64	52	59	49	53	45	47	41	42	38	38	36	35	35	32	35	29	36	25	38	22	41	20	45	19	50	19	56	20	63	22	70	25	78	29	87	34	97	39	108	44	119	49	129	53	138	56	147	60	155	63	162	66	168	70	173	74	177	79	180	85	182	92	183	100	183	107	182	115	181	123	180	132	180	140	181	147	183	153	184	159	185	164	185	168	184	171	182	173	179	174	175	174	170	173	164	173	157	172	149	170	140	169	132	169	123	169	115	170	108	172	102	175	97	179	93	182	90	185	88	187	87	188	87	188	88	187	90	185	93	182	95	178	96	173	96	167	95	162	93	156	90	151	86	147	81	144	76	142	70	140	63	139	55	139	46	138	38	136	31	134	25	133	20	133	16	134	13	136	11	139	10	143	10	147	11	152	13	156	14	159	14	161	13	162	11	162	9	162	6	161	4	159	3	156	3	152	4	147	6	141	9	134	13	126	18	119	24	113	29	108	33	104	37	101	40	99	42	98	43	98	43	
84:
144	2.607	105	69	104	68	103	66	102	63	102	60	103	57	105	55	108	54	112	54	117	55	123	57	130	60	136	64	142	69	148	75	154	82	160	90	165	98	169	106	172	115	175	124	177	132	179	139	180	145	180	151	179	156	177	161	174	165	170	168	165	171	159	173	152	174	144	175	135	175	125	174	115	174	106	173	97	171	89	170	81	168	74	165	68	161	63	156	59	150	56	144	54	139	53	135	53	130	54	124	55	118	56	111	56	103	55	96	53	90	51	85	49	80	48	75	48	69	49	63	51	57	54	52	58	47	63	41	68	36	72	32	75	28	77	25	78	21	78	18	77	15	76	12	74	8	71	4	67	1	62	-1	57	-3	53	-4	50	-4	48	-3	47	-1	47	1	48	2	50	3	53	5	57	8	62	12	68	15	74	17	81	18	88	18	96	17	105	16	114	14	123	13	131	13	138	14	144	16	149	18	153	19	156	19	158	19	159	20	159	22	158	25	156	29	153	34	149	40	144	47	138	55	131	64	123	73	114	82	104	90	93	98	83	107	74	116	65	124	57	131	50	137	44	142	39	146	34	149	30	151	27	152	25	152	24	151	24	149	25	148	27	146	30	143	34	139	39	134	45	128	52	121	60	113	69	105	77	97	84	90	90	84	95	79	99	75	102	72	104	70	105	69	105	69	
85:
115	342.103	31	149	30	148	28	146	27	143	27	139	28	134	30	128	33	122	37	117	42	112	47	106	51	101	54	97	56	94	57	90	57	85	56	81	54	77	51	74	47	72	42	69	36	65	30	60	25	56	20	53	16	50	13	48	11	46	10	43	10	39	11	35	13	30	16	25	20	21	25	18	31	15	38	13	46	12	55	12	65	13	76	15	88	18	99	21	109	23	119	26	128	30	136	33	143	35	149	37	154	38	158	38	161	37	163	35	164	33	164	30	165	28	167	27	170	27	174	28	178	30	183	33	187	37	192	42	196	48	200	54	203	61	205	69	206	78	207	87	207	96	206	105	204	114	201	122	197	129	192	135	186	140	179	144	171	147	162	149	152	150	141	150	129	149	118	147	108	146	98	146	89	147	81	149	74	152	67	156	61	161	56	166	50	171	43	175	37	178	30	180	23	181	17	181	12	180	7	178	3	175	0	171	-2	168	-3	166	-3	165	-2	163	0	160	3	156	7	153	12	151	17	150	21	150	25	151	28	151	30	150	31	149	31	149	
86:
132	17.126	145	129	144	130	142	132	139	134	135	137	130	141	124	144	117	146	111	147	106	147	102	146	98	144	95	141	93	137	91	133	88	130	86	128	85	127	84	127	83	128	82	130	80	133	77	137	73	141	68	144	62	146	55	147	47	147	39	146	31	144	24	141	18	137	13	132	9	126	6	119	4	111	3	102	3	92	2	83	1	75	1	68	2	62	4	56	7	51	10	47	14	44	19	42	25	41	32	41	40	42	48	44	57	46	67	49	77	51	86	52	96	54	105	57	113	59	120	61	126	63	131	64	135	64	138	63	140	63	141	64	141	66	140	69	138	73	137	77	137	81	138	85	140	88	143	90	147	91	152	91	158	91	164	90	171	88	177	85	182	81	186	76	189	70	192	63	194	55	195	46	195	38	194	31	192	25	189	20	185	16	180	13	174	11	169	10	163	10	158	11	154	13	150	16	147	20	145	25	144	31	144	38	145	46	147	55	150	65	154	76	159	88	164	99	168	110	171	120	173	129	174	137	174	144	173	150	171	156	168	161	166	165	163	168	159	170	154	171	149	171	145	170	142	168	140	165	139	161	139	156	140	150	142	144	144	139	145	135	146	132	146	130	145	129	145	129	
87:
122	30.903	95	3	94	4	92	6	89	9	85	13	80	18	75	24	69	30	62	37	54	45	47	54	40	62	34	70	29	77	25	83	22	88	20	92	19	95	19	97	20	98	22	98	24	97	26	95	27	92	27	88	26	83	24	79	21	76	17	73	12	71	6	70	-1	70	-7	71	-13	73	-18	76	-22	80	-25	85	-27	90	-28	96	-28	103	-27	111	-25	120	-22	129	-18	137	-13	145	-7	152	0	158	8	163	17	167	27	170	38	172	49	173	61	173	72	172	82	170	91	167	99	163	106	158	112	152	117	145	121	137	124	130	127	124	130	119	134	115	139	112	145	110	152	109	160	109	167	110	173	112	178	115	182	118	185	120	187	121	188	121	188	120	187	118	185	115	182	111	178	106	174	100	171	93	168	85	166	76	164	67	163	59	163	52	164	45	164	39	164	34	164	30	163	27	161	25	158	24	154	24	149	25	144	25	140	25	136	24	133	24	131	25	130	27	130	30	131	34	133	38	135	41	136	43	137	44	137	44	136	43	134	41	131	38	127	34	122	29	116	24	110	18	105	13	101	9	98	6	96	4	95	3	95	3	
88:
139	123.514	53	107	52	106	50	104	47	103	43	103	39	104	35	106	32	109	30	113	29	118	28	122	28	125	27	127	26	128	24	128	21	127	17	125	14	122	11	118	9	113	8	107	8	100	8	92	9	85	10	79	12	74	15	70	19	67	24	65	30	64	37	64	43	65	48	67	53	70	59	74	66	79	72	84	77	89	81	94	84	99	86	104	87	109	87	115	86	122	84	130	81	137	77	143	72	148	66	152	59	155	51	157	42	158	32	158	21	157	11	155	2	152	-6	149	-13	145	-19	140	-24	134	-28	127	-31	119	-33	110	-34	100	-34	89	-33	77	-31	66	-28	56	-24	47	-19	39	-13	32	-7	26	-1	21	6	17	14	14	23	12	33	11	43	11	54	12	64	14	74	17	85	21	95	25	104	30	113	36	121	43	128	50	134	56	141	61	147	65	152	68	156	70	159	71	161	71	162	71	162	72	161	73	159	75	157	78	154	82	150	87	147	93	145	98	144	104	144	110	145	115	147	119	150	122	154	124	159	125	165	125	170	124	174	122	177	119	179	115	180	112	180	108	179	105	177	103	174	102	170	102	165	103	159	105	153	108	146	112	138	117	129	121	119	124	108	126	98	127	89	127	81	126	74	124	68	121	63	117	59	113	56	110	54	108	53	107	53	107	
89:
115	69.978	67	173	66	174	64	176	61	178	59	181	57	184	56	186	56	187	57	187	59	187	62	186	66	184	71	181	76	177	82	172	87	166	91	159	94	153	97	148	101	143	105	139	110	136	115	134	119	133	122	133	124	134	125	135	125	135	124	134	122	132	119	129	115	125	110	120	104	116	99	112	95	108	91	105	87	103	84	102	81	102	78	103	76	105	74	108	73	112	72	117	70	122	67	127	63	131	58	134	52	136	45	137	38	137	31	136	25	134	20	131	15	127	11	122	8	116	6	109	5	101	5	92	6	82	8	73	11	64	15	56	18	49	20	43	22	38	25	34	28	31	32	29	37	28	43	28	50	29	58	30	67	32	76	34	86	37	97	39	109	41	121	44	132	48	142	52	151	57	159	63	166	70	172	78	177	87	181	97	184	108	186	120	187	132	188	143	188	153	187	162	185	170	182	177	178	183	173	188	167	192	160	195	152	197	143	198	133	198	122	197	112	195	103	192	95	188	88	183	82	179	77	176	73	174	70	173	68	173	67	173	67	173	
90:
128	1451.472	113	111	112	112	110	112	107	113	103	114	98	115	92	115	85	115	78	116	72	116	67	117	63	118	60	118	58	117	57	115	57	112	58	108	60	103	62	97	63	90	63	82	62	74	60	67	57	61	53	56	48	52	42	49	36	47	30	46	25	46	21	46	18	46	16	45	15	43	15	40	16	36	18	31	21	25	25	18	29	12	34	7	40	3	47	0	55	-2	64	-4	73	-5	82	-5	90	-4	97	-2	103	1	108	5	112	10	115	16	118	22	120	29	121	35	123	40	126	44	130	47	135	49	140	52	144	55	147	59	149	63	150	68	150	74	149	81	147	89	145	98	143	107	142	115	142	122	143	128	145	133	148	137	152	140	157	142	163	143	170	143	176	142	181	141	185	140	188	140	190	141	191	143	191	146	190	150	188	155	185	161	181	166	176	171	170	176	163	180	155	183	146	185	136	186	125	186	113	186	102	186	91	186	81	185	72	184	64	183	57	183	51	184	46	186	42	187	39	187	37	188	36	188	36	187	37	185	39	182	42	178	46	175	51	171	56	166	62	160	69	153	77	145	85	138	92	132	98	126	103	121	107	117	110	114	112	112	113	111	113	111	
91:
106	20.104	172	91	171	90	169	88	166	85	162	81	159	76	156	71	154	67	153	63	153	60	154	58	156	57	159	56	163	54	168	51	172	47	175	42	177	36	178	29	178	22	177	16	175	11	172	7	168	4	163	2	157	1	150	1	142	1	135	2	127	4	120	7	114	11	109	16	105	21	102	27	99	34	97	42	96	50	96	59	97	67	97	74	96	80	94	85	91	89	87	92	82	94	77	95	71	95	64	94	56	92	48	89	41	85	34	80	28	74	23	69	19	65	15	61	12	58	10	56	7	55	4	55	2	56	1	58	1	61	0	65	0	70	0	76	1	83	3	91	6	99	10	106	15	114	21	122	27	129	32	136	38	142	45	147	53	151	62	154	72	156	82	158	93	161	105	165	117	168	129	171	140	173	150	174	159	174	167	173	174	171	180	169	185	166	189	162	192	157	194	151	195	144	195	136	194	127	192	119	189	112	186	106	182	101	178	97	175	94	173	92	172	91	172	91	
92:
120	26.465	39	78	40	77	42	75	45	72	49	68	52	65	56	63	61	61	66	60	70	60	73	60	75	59	76	57	76	54	75	50	73	45	70	41	66	38	61	36	55	35	49	35	43	36	38	38	34	41	31	45	27	50	22	56	18	63	14	71	11	80	9	90	8	101	8	112	9	122	9	131	10	140	12	148	15	155	19	161	24	166	30	170	37	173	45	175	54	176	64	176	75	175	85	173	94	170	102	166	109	161	115	155	120	150	124	146	127	143	129	141	131	140	133	140	134	141	135	143	136	144	136	144	135	143	134	141	132	138	130	134	129	131	129	127	130	124	132	122	135	121	139	121	144	122	149	122	153	121	156	119	158	116	159	114	159	111	158	109	156	108	154	107	151	105	149	102	148	98	148	95	149	93	151	92	154	92	158	93	163	95	168	96	172	96	176	95	179	93	181	90	182	86	182	83	181	79	179	74	176	68	172	63	167	58	161	54	154	51	146	49	137	48	127	48	116	49	105	51	94	54	84	58	75	63	67	68	60	72	54	75	49	77	45	78	42	79	40	79	39	78	39	78	
93:
134	81.862	6	89	6	88	5	86	5	83	4	79	2	75	1	70	0	64	0	57	0	49	-1	41	-2	33	-2	26	-2	20	-1	15	1	11	4	8	8	6	12	5	15	5	17	6	20	8	24	11	27	15	31	20	36	26	42	33	49	41	56	50	64	60	71	69	79	77	88	84	98	90	107	96	115	101	122	105	128	108	133	110	137	111	140	111	142	110	143	108	144	105	146	101	149	96	153	92	157	89	161	87	164	86	166	84	167	82	167	79	166	75	164	70	161	65	157	59	153	53	148	46	144	39	140	33	137	28	135	24	134	21	133	18	133	16	134	15	136	15	139	16	143	18	147	21	151	25	155	30	158	36	160	43	163	51	166	60	168	70	169	81	169	92	169	104	168	115	168	125	168	134	167	142	165	149	162	155	158	160	153	164	147	167	140	169	132	170	123	170	113	169	102	167	90	164	79	160	68	155	58	151	49	148	41	146	34	145	28	144	23	144	19	145	16	147	14	150	13	154	11	159	8	164	5	169	3	173	2	176	1	178	0	179	-2	179	-5	178	-9	176	-12	173	-14	169	-16	164	-17	158	-17	151	-16	143	-14	134	-11	125	-7	117	-4	110	-2	104	-1	99	1	95	3	92	5	90	6	89	6	89	
94:
141	49.602	75	132	76	133	78	135	81	138	85	142	89	146	93	151	96	157	98	162	99	166	99	169	98	171	96	172	93	172	89	173	84	174	78	176	71	179	63	183	56	186	50	188	45	189	40	189	36	188	33	187	31	185	30	182	30	178	30	173	31	167	31	160	31	153	30	146	28	139	27	133	27	128	28	124	30	121	33	119	37	117	42	116	48	116	55	117	63	119	72	121	82	123	93	124	103	124	112	123	120	121	127	118	133	114	138	110	142	105	145	99	147	92	148	85	148	79	147	74	145	70	142	67	138	65	133	63	128	62	124	62	121	63	117	65	112	67	106	68	101	68	97	67	94	65	92	62	91	58	91	53	92	47	94	42	97	36	101	30	105	25	108	21	110	18	111	16	111	13	110	10	108	8	105	7	101	7	97	8	92	10	86	13	80	17	75	20	71	22	68	23	66	24	65	24	65	23	66	22	68	22	71	23	75	25	80	28	86	32	93	37	101	43	110	50	120	58	131	67	141	77	150	88	158	98	165	107	171	115	176	122	180	128	183	133	185	137	186	142	186	148	185	155	184	161	182	166	179	170	175	173	170	175	164	176	157	176	149	175	140	173	130	171	120	168	111	164	103	159	96	153	90	147	85	142	81	138	78	135	76	133	75	132	75	132	
95:
111	416.201	168	69	167	70	165	71	162	73	158	74	154	74	151	73	149	71	148	68	148	64	149	59	151	53	153	46	155	39	156	33	156	27	155	22	153	18	150	15	146	13	141	12	135	12	128	13	120	15	111	18	102	21	94	25	87	30	81	34	76	37	72	39	69	40	66	42	64	43	63	43	63	44	64	46	66	48	69	51	72	53	75	54	79	54	82	54	84	55	85	55	85	54	84	52	82	51	79	50	75	50	70	50	64	51	58	53	53	56	49	60	46	65	44	71	43	78	43	85	42	92	40	99	37	107	33	115	28	122	22	128	16	133	11	137	7	140	3	142	0	143	-2	145	-3	148	-3	150	-2	151	0	151	3	151	7	151	12	150	18	150	25	151	33	153	42	155	51	158	59	162	68	166	76	169	83	171	89	172	94	172	98	171	101	169	103	166	105	162	108	157	112	151	117	145	122	138	128	130	135	123	142	117	148	112	154	108	159	103	163	97	166	90	168	84	169	79	169	75	168	72	168	70	168	69	168	69	
96:
118	133.498	64	16	63	15	61	13	58	11	54	10	49	10	44	11	39	12	35	14	32	15	30	16	29	18	29	19	30	19	32	18	35	18	39	19	44	21	50	24	57	28	65	33	73	39	80	46	86	54	91	62	95	70	98	77	101	83	103	88	104	92	104	95	105	97	106	98	108	98	111	97	113	95	115	92	118	89	120	87	123	86	127	86	132	87	138	89	144	92	149	96	153	101	156	107	159	113	163	120	166	128	168	137	169	146	169	154	168	161	168	167	167	172	165	176	162	180	158	183	153	185	147	186	140	186	132	185	123	183	114	180	106	176	99	172	93	169	88	166	84	164	81	163	79	163	77	164	76	166	74	169	71	173	67	176	63	178	58	179	52	179	47	178	43	176	40	173	38	169	37	164	37	158	38	152	40	146	43	141	47	136	52	131	58	125	65	118	73	110	82	101	90	93	97	85	103	78	108	72	112	67	115	61	117	54	118	46	118	38	117	31	115	25	112	20	108	16	103	13	98	11	92	10	85	10	79	11	74	13	70	15	67	16	65	16	64	16	64	16	
97:
130	102.561	51	96	52	97	54	98	57	99	61	101	66	102	72	102	78	101	83	99	87	96	90	93	92	89	93	84	93	78	92	72	90	66	88	60	87	55	87	51	88	48	90	46	93	45	97	45	102	46	108	48	115	51	123	55	130	60	136	66	141	73	145	81	148	90	150	99	151	107	151	114	150	121	148	127	145	133	141	138	136	142	130	145	124	147	119	148	115	148	110	147	106	145	103	143	101	142	100	142	100	143	101	145	103	148	106	152	108	157	110	163	111	170	111	176	110	181	108	185	105	188	101	190	96	193	90	195	83	196	76	196	70	195	64	193	59	190	55	186	52	181	50	175	49	168	49	162	50	157	52	152	53	148	53	145	52	143	50	142	47	142	43	143	38	145	32	146	25	146	19	145	14	143	10	140	7	136	5	131	4	125	4	118	5	110	6	101	8	91	11	80	14	69	16	58	17	48	17	39	16	31	14	24	11	18	9	13	8	7	8	2	9	-2	11	-5	14	-7	18	-8	23	-8	29	-7	36	-5	42	-2	48	2	53	7	58	12	62	18	65	25	68	33	70	42	71	51	71	60	70	68	68	75	65	81	61	86	57	90	54	93	52	95	51	96	51	96	
98:
115	109.175	77	127	78	128	80	129	83	131	87	134	92	136	97	137	102	139	107	141	111	144	114	148	116	153	117	159	117	164	116	168	114	171	112	173	111	174	111	174	112	173	114	171	117	168	121	165	126	163	132	161	138	160	145	160	153	161	160	162	166	162	171	161	175	159	179	156	182	152	184	147	185	141	185	134	184	126	182	117	179	108	175	99	170	89	166	78	162	67	159	56	157	46	156	37	156	29	157	22	158	16	159	11	159	7	158	4	156	2	153	1	149	1	144	2	138	4	131	7	123	11	114	16	105	21	97	27	89	33	82	38	76	42	70	45	65	47	61	48	58	48	56	47	55	47	55	48	56	50	58	52	61	55	65	58	70	62	74	67	77	73	79	80	80	88	80	97	79	107	77	117	74	126	70	134	65	141	60	147	55	153	49	158	42	162	36	165	31	167	27	169	24	172	22	176	21	179	21	181	22	182	24	182	27	181	30	179	34	176	39	172	45	167	52	161	58	155	63	148	67	142	71	137	74	133	76	130	77	128	77	127	77	127	
99:
104	18.105	172	18	171	19	170	21	168	24	165	28	161	33	156	39	150	46	144	54	138	61	133	67	129	72	126	76	123	79	121	81	118	82	116	82	113	81	110	79	108	76	107	72	107	67	107	63	106	60	104	58	101	57	97	57	93	58	90	60	88	62	86	65	85	69	85	74	86	80	88	87	91	94	95	100	100	105	106	109	113	113	120	116	126	118	133	119	140	119	146	119	151	118	155	117	158	117	160	118	161	120	161	123	160	127	158	131	155	136	152	142	148	149	143	156	137	163	130	169	123	174	115	178	106	181	96	183	85	184	75	184	66	183	58	181	50	178	42	174	35	171	28	169	22	168	17	167	13	166	10	164	8	161	7	157	7	152	8	146	10	139	13	132	17	124	21	115	26	105	32	95	39	86	47	78	56	71	66	65	77	60	89	56	101	53	112	51	122	50	131	48	139	45	146	42	152	38	157	33	162	28	166	24	169	21	171	19	172	18	172	18	