0:
31	0.162	2	3	1	3	0	3	0	2	0	1	1	1	3	2	4	2	4	1	4	0	5	0	6	1	7	1	8	0	8	0	8	1	9	2	10	4	10	6	9	7	8	7	6	7	4	7	3	7	3	8	3	9	3	9	2	8	1	6	1	4	2	3	2	3	
1:
24	0.013	4	0	5	0	6	0	6	1	7	3	7	5	7	6	8	6	9	5	9	3	8	1	6	0	4	0	3	1	3	3	2	6	2	8	2	9	1	9	0	8	0	6	1	3	3	1	4	0	4	0	
2:
33	0.029	2	3	1	2	0	2	0	3	0	4	0	6	1	7	3	7	4	6	6	6	7	6	7	5	6	3	6	1	7	0	7	0	8	1	9	1	9	2	8	2	6	1	4	0	3	0	3	1	4	3	6	6	7	8	7	9	6	9	4	8	3	6	2	4	2	3	2	3	
3:
29	0.086	1	4	1	5	1	6	0	6	0	7	0	8	1	9	3	9	4	9	4	8	3	8	3	7	4	7	6	8	8	8	9	9	9	9	8	8	7	6	7	3	7	1	7	0	7	0	6	1	5	1	3	1	2	2	1	3	1	4	1	4	
4:
28	0.01	1	6	2	5	3	5	5	4	6	4	6	5	6	7	5	8	3	8	2	7	1	5	1	3	2	2	2	1	1	1	0	1	0	2	1	2	3	1	6	1	8	1	9	2	9	3	8	3	6	3	4	4	2	5	1	6	1	6	
5:
29	0.057	0	6	1	6	2	6	2	5	2	4	3	4	3	5	3	6	4	6	5	6	5	7	6	7	8	6	9	4	9	2	9	0	8	-1	6	-1	3	0	1	0	0	1	0	3	-1	6	-1	8	-1	9	0	9	0	8	0	7	0	6	0	6	
6:
34	0.117	3	4	3	3	4	3	5	4	5	5	4	6	2	6	1	6	1	7	2	8	4	8	5	8	5	9	5	9	6	8	6	6	7	3	7	1	6	0	5	0	5	0	6	1	7	1	8	0	8	-1	7	-1	5	-1	2	0	0	0	-1	0	-1	0	0	1	2	3	3	4	3	4	
7:
33	0.133	0	7	1	8	2	9	3	10	4	10	4	9	4	7	5	6	7	5	8	4	9	3	9	2	8	1	6	1	5	2	4	4	3	5	1	5	0	4	0	3	1	3	2	4	3	5	5	7	7	8	8	8	9	8	9	7	8	7	6	8	3	8	1	8	0	7	0	7	
8:
35	0.063	0	7	1	8	1	9	1	9	2	8	2	6	2	5	3	5	3	6	2	6	0	5	-1	3	-1	1	0	0	2	0	4	0	6	0	8	1	9	1	9	2	8	3	7	3	7	4	8	5	8	5	7	5	6	6	6	7	7	7	7	8	6	9	5	9	3	9	1	8	0	7	0	7	
9:
25	0.193	7	0	6	1	5	3	4	4	3	5	1	5	0	4	0	4	0	5	0	6	0	7	1	7	2	8	3	8	4	8	4	9	5	9	7	9	8	9	9	9	9	8	8	6	7	3	7	1	7	0	7	0	
10:
35	0.567	8	8	8	9	8	9	7	8	7	7	6	6	4	6	3	7	3	8	3	9	2	9	1	9	0	8	0	7	1	6	1	5	2	5	2	4	2	3	3	2	4	2	4	1	3	0	1	0	0	1	0	1	1	0	3	-1	5	-1	7	0	9	1	10	3	10	5	9	7	8	8	8	8	
11:
31	0.046	6	4	7	4	8	4	9	4	9	5	9	7	8	8	6	9	5	9	5	8	4	7	2	7	1	7	1	8	1	8	0	7	0	5	1	4	2	3	2	2	3	2	3	3	3	4	4	4	6	3	8	1	9	0	9	0	8	1	7	3	6	4	6	4	
12:
30	0.115	2	9	1	9	0	8	0	7	0	6	1	6	1	5	1	4	2	4	2	3	1	3	1	2	2	2	3	2	3	3	4	4	6	4	8	3	9	3	9	4	9	6	9	8	8	9	6	9	4	9	3	8	3	7	2	7	2	8	2	9	2	9	
13:
31	0.11	9	8	9	7	9	6	9	6	8	7	6	8	5	8	5	7	5	5	4	4	3	4	2	5	2	6	2	8	3	9	3	9	2	8	1	6	1	3	0	1	0	0	1	0	3	1	5	1	6	0	8	0	9	1	9	3	8	5	8	7	9	8	9	8	
14:
33	0.03	3	7	3	8	2	8	2	7	2	6	3	5	4	5	4	4	3	3	2	3	2	2	3	2	3	1	2	1	1	1	0	1	0	1	1	2	1	4	0	5	0	7	1	8	2	8	4	8	6	8	7	8	7	7	8	5	8	4	7	4	5	5	4	6	3	7	3	7	
15:
29	0.05	5	4	6	4	8	4	9	5	9	6	8	7	6	7	5	6	3	6	2	5	1	5	1	6	1	7	2	7	3	6	4	4	4	2	4	1	3	0	1	0	0	0	0	-1	1	-1	3	-1	5	-1	6	0	6	1	5	3	5	4	5	4	
16:
33	0.115	3	2	3	1	3	0	2	0	1	1	0	2	0	4	1	5	3	5	4	4	5	4	6	4	6	5	6	6	7	6	7	5	7	3	7	2	8	2	9	1	9	-1	8	-2	6	-2	5	-1	5	1	4	4	3	6	3	7	4	7	4	6	3	4	3	3	3	2	3	2	
17:
31	0.012	3	9	4	9	5	8	7	8	8	8	8	7	7	7	5	7	3	7	1	8	0	9	-1	9	-1	8	0	6	2	4	3	2	3	1	2	1	1	1	0	1	0	0	1	0	3	1	6	1	8	1	9	1	9	2	8	4	6	6	4	8	3	9	3	9	
18:
29	0.025	7	3	8	3	8	2	7	2	6	2	6	1	7	0	7	0	6	0	4	0	2	0	1	1	1	2	2	3	3	4	5	4	6	5	6	6	5	7	5	8	4	9	2	9	1	8	1	6	1	4	2	3	4	2	6	2	7	3	7	3	
19:
35	0.154	1	2	2	3	2	4	1	5	0	5	0	6	0	7	1	7	2	6	3	6	3	7	4	8	5	8	6	7	8	7	9	8	9	8	8	7	8	5	8	3	7	2	5	2	4	2	3	1	3	0	4	-1	6	-1	8	0	9	1	9	1	8	0	6	0	4	0	2	1	1	2	1	2	
20:
28	0.111	1	2	1	1	2	0	4	0	6	0	7	1	7	2	7	2	8	1	8	0	8	0	8	1	8	3	8	5	9	7	9	8	8	8	7	8	5	8	3	9	2	9	1	8	0	8	0	7	1	6	2	5	2	3	1	2	1	2	
21:
31	0.049	4	2	4	1	5	0	5	-1	4	-1	2	0	1	2	1	3	2	3	4	3	6	3	7	3	8	4	8	5	9	6	10	8	10	9	9	9	7	9	5	8	3	7	2	7	2	6	3	6	5	5	7	3	8	1	8	0	7	0	5	1	4	2	4	2	
22:
38	0.105	1	3	1	4	1	4	0	3	0	3	1	4	3	4	4	3	5	3	7	4	8	4	8	3	8	1	9	0	9	0	9	1	8	1	6	0	4	0	3	1	3	3	4	5	5	6	5	8	4	9	4	9	5	8	7	8	8	8	8	8	7	9	5	10	3	10	1	9	0	8	0	6	0	4	1	3	1	3	
23:
30	0.065	5	2	6	3	7	3	8	4	8	5	7	5	5	5	4	4	4	2	3	1	1	1	0	2	0	4	1	6	2	8	2	9	1	9	1	8	2	6	4	4	6	2	7	1	8	1	8	0	8	0	9	1	9	2	8	3	6	3	5	2	5	2	
24:
31	0.139	3	4	2	4	1	5	1	7	2	8	4	9	5	9	5	8	6	8	8	8	9	8	9	7	9	6	8	5	7	4	7	2	7	0	6	-1	6	-1	6	0	7	0	8	0	8	-1	7	-1	5	-1	3	-1	2	0	1	1	1	3	2	4	3	4	3	4	
25:
26	0.091	8	1	7	2	7	3	6	3	5	3	5	3	6	4	8	6	9	7	9	8	8	9	6	10	4	10	2	9	1	9	1	8	1	7	1	6	0	6	-1	5	-1	3	0	1	2	0	5	0	7	1	8	1	8	1	
26:
26	0.063	3	5	2	5	1	6	0	7	0	7	1	6	2	6	4	7	5	8	5	9	6	9	7	8	7	6	7	4	7	3	8	3	8	2	8	1	7	1	5	2	3	2	2	1	1	1	1	2	2	4	3	5	3	5	
27:
34	0.102	6	1	6	2	6	4	7	5	8	5	9	5	9	5	8	5	6	5	5	5	5	6	4	6	4	5	3	4	3	4	2	5	1	5	0	5	0	4	0	2	0	1	1	0	3	0	6	1	8	3	9	6	9	8	8	9	6	9	5	8	4	6	4	4	5	2	6	1	6	1	
28:
26	0.094	0	6	1	6	3	6	5	6	6	7	6	7	5	8	3	8	2	9	1	9	1	10	2	10	4	9	6	9	8	8	9	7	9	5	9	3	8	1	7	0	5	0	4	1	4	2	3	3	1	5	0	6	0	6	
29:
34	0.056	1	7	0	7	0	8	1	8	3	8	4	7	4	5	4	4	4	3	5	3	7	4	8	5	8	5	8	4	9	3	9	3	8	4	7	6	7	7	6	8	4	8	2	7	1	5	1	2	0	0	0	-1	1	-1	2	0	3	0	4	1	4	3	3	5	2	6	1	7	1	7	
30:
23	0.019	7	2	8	3	9	4	9	6	8	7	6	8	3	8	1	8	0	8	0	7	1	5	1	3	2	2	4	1	5	1	5	2	6	2	8	2	9	1	9	0	8	0	7	1	7	2	7	2	
31:
31	0.059	9	3	9	4	9	6	9	8	8	9	6	9	5	8	5	6	4	5	3	5	2	6	2	8	2	9	3	9	4	8	6	6	7	4	7	2	6	1	4	1	3	1	3	0	2	0	1	0	0	1	0	2	1	2	3	1	6	1	8	2	9	3	9	3	
32:
33	0.029	9	2	8	1	7	1	6	0	6	0	6	1	6	3	7	5	7	6	6	7	6	7	7	8	8	8	9	7	9	6	8	6	6	7	4	7	2	6	1	5	0	5	0	6	0	8	-1	9	-2	9	-2	8	-2	6	-1	3	1	1	4	0	6	0	8	1	9	2	9	2	
33:
32	0.013	5	0	4	0	2	0	1	1	1	3	2	4	3	4	5	3	6	3	6	4	7	5	8	5	9	4	9	4	10	5	10	7	9	9	7	10	5	10	3	9	2	7	1	6	-1	6	-2	7	-2	8	-1	9	1	9	2	8	3	6	4	3	4	1	5	0	5	0	
34:
29	0.04	0	4	1	4	2	4	2	5	1	6	0	7	0	7	1	8	1	9	0	9	0	9	1	9	3	8	4	8	6	7	8	7	9	6	9	5	8	4	8	4	9	3	10	2	10	1	9	1	7	2	5	4	3	5	1	5	0	4	0	4	
35:
34	0.152	8	6	8	5	9	3	9	2	8	1	6	1	5	2	4	3	3	3	3	3	4	4	5	5	5	6	4	7	3	8	3	9	2	9	2	8	2	7	1	6	-1	4	-2	3	-2	1	-1	0	1	0	2	1	2	3	2	6	2	8	3	9	5	9	6	8	7	7	8	6	8	6	
36:
29	0.091	2	9	3	9	4	9	5	8	5	6	5	5	4	5	3	4	2	4	2	5	2	6	1	6	0	6	0	7	0	8	0	9	0	9	-1	8	-1	6	0	4	2	3	5	2	7	2	8	3	8	5	7	6	5	7	3	8	2	9	2	9	
37:
35	0.493	3	5	2	4	2	4	3	4	4	4	4	3	3	2	2	1	2	1	3	1	4	0	6	0	7	1	7	3	7	5	8	6	9	6	9	6	8	6	6	6	4	7	2	7	1	8	1	9	2	9	2	8	1	6	0	3	-1	1	-1	0	0	0	2	1	3	2	3	4	3	5	3	5	
38:
28	0.123	6	2	6	3	7	4	7	5	8	5	9	5	9	5	8	5	6	5	5	5	4	6	4	8	3	9	2	9	2	8	2	7	1	7	0	8	0	8	-1	7	-1	5	0	3	0	2	1	1	2	0	3	0	5	1	6	2	6	2	
39:
34	0.104	0	6	1	7	2	8	4	9	6	9	7	9	7	8	7	7	8	6	9	6	9	5	8	4	7	2	7	1	7	0	8	0	9	1	9	3	8	4	7	4	5	4	4	3	4	1	3	0	2	0	2	1	1	2	1	2	0	1	-1	1	-2	2	-2	3	-1	5	0	6	0	6	
40:
24	0.017	3	5	4	5	4	4	4	2	3	1	1	1	0	2	0	3	0	5	0	6	1	6	2	6	2	7	1	8	0	8	0	9	1	9	3	9	5	9	6	8	6	6	5	5	4	5	3	5	3	5	
41:
33	0.095	0	1	0	2	1	2	2	2	3	1	4	0	6	0	7	0	7	1	6	3	5	4	5	6	6	7	7	7	7	8	6	9	6	10	7	11	8	11	9	10	9	8	9	5	9	3	8	2	6	2	4	3	2	5	1	6	-1	6	-2	5	-2	3	-1	2	0	1	0	1	
42:
33	0.087	3	2	4	1	4	1	3	1	1	1	0	2	0	2	0	1	0	0	1	0	2	1	2	3	2	5	1	6	1	7	2	7	4	7	5	8	6	9	7	9	8	9	8	8	7	6	7	5	8	5	9	5	9	4	8	3	7	3	6	4	4	4	3	3	3	2	3	2	
43:
35	0.108	9	9	9	8	9	6	9	3	8	1	8	0	9	0	9	1	8	1	7	2	5	2	4	3	4	3	4	2	4	1	3	1	1	2	0	3	0	5	1	7	1	8	2	8	2	9	1	9	1	9	2	8	4	8	5	7	5	5	5	4	6	4	6	5	7	6	8	8	9	9	9	9	
44:
40	0.25	7	2	8	2	8	2	7	3	6	4	6	5	7	6	7	6	6	7	6	8	7	8	9	9	10	9	10	8	9	7	7	6	5	5	4	4	4	3	3	3	3	2	4	2	4	3	3	4	1	4	0	3	0	1	1	0	1	0	0	1	0	3	-1	6	-1	8	0	9	2	9	3	8	4	6	6	5	7	3	7	2	7	2	
45:
38	0.05	2	3	1	3	0	4	0	4	1	5	2	7	2	8	1	8	1	7	2	6	4	6	6	7	7	7	8	7	8	6	7	5	7	4	8	3	8	2	9	2	9	3	8	3	7	2	6	1	6	1	6	2	5	4	5	7	5	9	6	10	8	10	9	10	9	9	8	9	7	8	5	6	3	4	2	3	2	3	
46:
25	0.02	0	9	1	9	3	9	4	9	4	8	5	7	5	5	5	3	6	2	7	2	8	3	8	4	9	5	9	5	9	4	8	2	6	1	3	1	1	1	0	1	0	2	1	4	1	6	0	8	0	9	0	9	
47:
31	0.022	2	4	1	4	1	5	2	5	2	4	2	3	3	3	5	3	6	4	6	5	5	6	4	7	4	8	5	8	7	8	8	7	8	6	7	6	7	7	8	8	8	9	9	9	9	8	8	6	8	3	8	1	7	0	5	0	3	1	2	3	2	4	2	4	
48:
30	0.059	7	0	7	1	7	3	7	5	7	6	8	6	8	6	7	6	5	6	4	5	4	4	3	4	2	5	1	5	1	4	0	4	0	5	1	6	2	6	3	6	3	6	2	6	1	5	0	3	0	1	1	0	2	0	4	0	6	0	7	0	7	0	
49:
40	0.712	3	1	3	2	3	4	2	5	2	6	1	6	1	6	2	6	4	7	6	9	8	10	9	10	9	9	8	7	8	6	9	6	10	7	10	8	9	9	7	9	6	8	6	6	6	3	6	1	6	0	5	0	5	0	6	0	8	0	9	0	9	1	8	2	6	2	3	3	1	3	0	2	0	1	1	0	2	0	3	1	3	1	
50:
27	0.104	6	3	6	4	5	4	4	3	4	2	3	1	3	0	4	0	6	-1	8	-1	9	0	9	2	9	4	9	7	8	9	6	10	4	10	3	9	3	8	2	8	1	8	1	7	1	6	2	5	4	4	5	4	6	3	6	3	
51:
34	0.035	5	7	4	8	4	9	5	9	5	8	4	6	4	5	5	5	7	5	8	5	8	4	9	4	9	5	9	5	9	4	8	3	6	2	5	2	5	1	6	0	8	0	9	0	9	1	8	2	6	4	3	5	1	5	0	4	0	4	1	5	1	7	2	8	4	8	5	7	5	7	
52:
26	0.086	5	9	6	9	8	9	9	9	9	8	9	6	9	3	9	1	8	0	7	0	6	1	4	2	3	2	3	3	4	4	4	6	3	7	1	7	0	6	0	5	1	5	3	5	5	5	6	6	6	8	5	9	5	9	
53:
35	0.205	0	3	1	4	2	4	2	3	2	3	2	4	3	5	3	6	4	6	5	7	5	9	6	10	6	10	7	9	8	7	8	6	7	6	6	6	5	5	5	3	6	2	7	1	7	1	6	0	5	0	3	1	2	3	1	6	1	8	1	9	2	9	2	8	1	6	0	4	0	3	0	3	
54:
31	0.117	5	3	4	2	3	2	3	3	4	3	6	4	7	4	7	3	7	2	8	2	9	2	9	1	8	0	7	0	7	1	8	2	9	4	9	5	8	5	7	6	7	8	7	9	6	9	5	8	3	8	2	9	1	9	1	8	2	6	4	4	5	3	5	3	
55:
27	0.052	6	4	7	5	7	6	6	6	5	5	4	3	4	1	4	0	3	0	2	1	1	2	1	2	0	1	0	1	-1	2	-1	4	0	6	0	8	0	9	1	9	3	9	5	10	7	10	8	9	8	7	7	5	6	4	6	4	
56:
29	0.013	1	8	2	8	3	7	4	7	5	8	5	9	4	9	4	8	5	7	7	7	8	8	9	8	10	7	11	5	11	4	10	3	8	3	5	4	3	4	2	4	2	3	3	1	5	0	6	0	6	1	5	3	3	5	2	7	1	8	1	8	
57:
31	0.26	1	9	1	8	1	7	2	7	3	7	4	7	4	6	3	4	3	3	2	2	1	2	1	1	2	1	3	0	5	0	6	1	8	2	9	2	9	1	9	1	9	2	9	3	9	4	8	4	7	5	7	7	7	9	6	10	4	10	2	9	1	9	1	9	
58:
28	0.139	0	9	0	8	1	7	3	6	4	6	4	5	3	3	3	2	2	1	1	1	1	2	0	2	0	1	1	1	3	2	5	3	7	3	8	2	8	1	9	1	9	2	9	4	8	6	6	7	5	9	3	10	1	10	0	9	0	9	
59:
23	0.014	2	6	2	5	2	4	3	3	3	2	2	2	0	2	-1	3	-1	4	-1	6	0	8	2	9	4	9	6	8	8	8	9	7	9	5	9	3	8	2	6	2	4	3	3	5	2	6	2	6	
60:
28	0.082	5	2	4	1	4	1	3	2	1	2	0	3	0	3	-1	2	-1	1	0	0	0	0	0	1	1	3	3	4	4	4	4	5	3	6	3	8	3	9	4	9	6	9	8	9	9	9	9	8	9	6	8	5	6	3	5	2	5	2	
61:
31	0.044	2	2	1	3	0	3	0	4	0	6	0	8	0	9	1	9	3	8	5	7	6	7	6	6	5	6	5	5	6	3	8	1	9	0	9	0	9	1	8	3	8	6	9	8	9	9	8	9	6	8	4	6	2	4	1	2	1	1	1	1	2	2	2	2	
62:
33	0.098	1	6	2	6	3	5	4	5	5	6	5	7	6	8	7	8	7	9	8	9	9	9	9	8	9	7	9	5	8	4	7	4	7	3	7	2	8	2	8	3	7	4	5	4	4	3	2	1	1	0	0	0	0	1	0	2	0	4	-1	6	-1	7	0	7	1	6	1	6	
63:
32	0.062	4	5	5	5	5	6	4	7	3	7	3	8	4	9	5	9	6	8	8	7	9	6	9	5	8	5	7	5	7	4	8	2	9	0	9	-1	8	-1	6	0	4	1	2	2	0	3	-1	3	-2	2	-2	0	-2	-1	-1	-1	1	0	2	2	3	4	4	5	4	5	
64:
29	0.019	3	5	2	5	2	4	1	4	0	4	0	5	1	7	2	8	2	9	3	9	5	9	6	8	6	6	7	5	7	5	7	6	8	8	8	9	9	9	10	8	10	6	9	3	8	1	6	0	5	0	5	1	5	2	4	4	3	5	3	5	
65:
37	0.127	4	1	5	2	6	2	7	3	8	3	8	2	7	0	6	-1	5	-1	4	0	4	2	3	3	1	3	0	3	0	3	1	4	2	5	2	7	1	8	1	8	2	7	4	6	6	6	7	6	8	7	8	8	9	8	9	7	8	6	6	6	4	5	2	3	1	1	1	0	2	0	3	0	4	1	4	1	
66:
31	0.146	1	8	2	7	2	5	1	4	0	4	0	4	1	5	3	5	4	6	4	7	5	7	5	8	5	9	6	9	6	8	6	7	6	5	6	4	5	4	5	3	6	2	6	2	5	1	5	0	6	-1	7	-1	7	0	6	2	4	5	2	7	1	8	1	8	
67:
28	0.015	4	8	3	9	1	9	0	8	0	6	0	4	1	2	1	1	0	1	0	0	1	0	3	1	4	1	4	2	3	3	3	4	4	4	6	3	8	2	9	1	9	1	9	2	9	4	8	6	7	8	6	9	5	9	4	8	4	8	
68:
34	0.163	7	2	6	1	6	1	6	2	6	4	7	6	7	7	6	7	6	8	7	8	8	8	8	9	8	9	7	8	5	7	3	6	2	6	2	5	1	5	1	6	0	7	0	8	-1	8	-2	7	-2	5	-1	2	1	0	3	-1	6	-1	8	0	9	1	9	2	8	2	7	2	7	2	
69:
32	0.19	2	8	2	7	1	6	0	6	0	7	-1	7	-1	6	0	5	1	4	3	4	4	3	4	1	3	0	1	0	0	0	0	1	1	2	3	2	6	1	8	1	9	1	9	0	10	0	11	1	12	2	12	4	11	6	9	7	6	7	4	8	3	8	2	8	2	8	
70:
34	0.021	2	3	3	2	3	1	3	0	2	0	1	0	0	0	0	1	1	3	2	4	3	5	3	7	2	8	2	9	3	9	5	8	6	8	8	9	9	9	10	9	10	8	9	6	7	4	6	3	6	1	7	0	8	0	9	1	9	3	8	4	6	4	4	3	3	3	2	3	2	3	
71:
34	0.101	9	9	8	9	8	8	9	6	9	4	8	3	7	2	7	2	8	1	8	1	7	1	6	1	5	0	3	0	2	1	2	2	2	2	2	1	1	1	0	2	0	4	1	5	3	7	4	8	4	8	3	7	1	7	0	7	0	8	1	9	3	9	6	8	8	8	9	9	9	9	
72:
31	0.12	9	7	8	8	6	9	4	9	3	9	2	8	2	7	1	7	0	7	0	7	1	6	2	5	2	4	2	2	2	1	1	1	1	0	2	0	3	0	5	1	6	1	6	0	7	0	7	1	7	2	6	2	5	2	5	3	6	5	8	6	9	7	9	7	
73:
32	0.083	1	8	1	7	1	5	2	4	4	4	5	3	6	2	6	1	6	0	6	0	7	1	9	2	10	3	10	5	9	6	7	6	6	6	6	7	7	8	7	9	8	9	8	8	7	6	6	3	4	1	1	0	-1	0	-2	1	-2	3	-1	5	0	7	1	8	1	8	
74:
32	0.075	7	4	8	3	9	2	9	1	8	0	7	0	7	1	7	2	6	3	4	3	2	3	1	4	1	5	0	6	0	7	1	8	2	8	2	7	1	6	0	4	0	3	1	3	3	4	6	5	8	7	9	8	9	9	8	9	8	8	8	6	8	5	7	4	7	4	
75:
33	0.012	9	6	9	5	9	4	8	4	7	5	6	5	5	6	5	7	4	7	3	6	3	5	4	3	4	1	3	0	1	0	0	1	0	3	-1	5	-1	7	0	8	1	8	3	7	4	5	6	3	7	2	9	2	10	3	10	5	9	7	9	8	8	8	8	7	9	6	9	6	
76:
33	0.038	3	6	3	5	3	3	4	2	4	0	5	-1	6	-1	6	0	5	0	3	0	1	0	0	1	0	3	1	6	1	8	1	9	2	10	4	10	6	9	7	8	7	7	6	6	6	5	7	4	9	4	10	5	10	6	9	8	9	9	8	9	6	8	4	7	3	6	3	6	
77:
31	0.114	0	7	0	6	0	4	0	2	0	1	0	0	1	0	3	1	4	2	5	3	5	4	4	4	4	3	5	2	7	1	8	1	8	0	7	-1	6	-1	5	0	5	1	6	1	8	2	9	4	9	6	8	8	7	9	5	9	3	8	1	7	0	7	0	7	
78:
28	0.038	4	8	5	9	6	9	8	8	9	8	9	9	9	9	9	8	9	6	9	4	8	3	8	2	7	2	7	3	7	4	6	5	4	5	3	4	2	3	2	2	1	2	1	3	1	5	0	6	0	6	1	7	3	7	4	8	4	8	
79:
24	0.036	5	7	4	8	3	9	2	9	1	8	1	6	1	4	2	3	3	2	3	1	4	0	6	0	8	0	9	1	9	2	8	3	6	3	5	3	5	4	6	5	7	6	7	7	6	7	5	7	5	7	
80:
26	0.031	1	5	2	5	4	6	5	6	6	7	6	8	6	9	7	9	7	10	8	10	9	9	9	7	8	5	6	3	5	2	3	1	2	1	1	2	0	4	0	6	0	8	1	9	2	9	2	8	1	6	1	5	1	5	
81:
26	0.017	7	7	6	6	4	5	3	5	2	4	2	2	1	1	1	0	2	0	3	1	3	1	4	0	6	0	8	1	9	3	9	4	8	6	6	8	4	9	2	9	1	8	1	7	2	7	4	7	6	7	7	7	7	7	
82:
28	0.065	8	5	9	6	9	8	9	9	8	9	7	8	6	7	4	7	3	8	1	8	0	7	0	6	1	6	2	6	4	6	5	5	5	3	4	1	2	0	1	-2	1	-3	2	-3	4	-2	6	-1	8	0	9	2	9	4	8	5	8	5	
83:
27	0.098	5	9	6	8	6	7	7	7	8	7	9	6	9	5	8	5	7	5	7	4	8	3	8	2	7	2	6	2	5	2	5	1	4	1	4	0	3	0	1	1	0	2	0	4	1	6	1	8	2	9	4	9	5	9	5	9	
84:
38	0.115	3	0	4	0	5	1	5	2	4	3	2	3	1	2	0	2	0	1	1	1	3	2	4	4	4	6	3	7	2	8	1	8	1	9	2	10	4	10	6	9	7	8	8	6	8	4	9	3	9	2	8	1	8	1	8	2	9	3	9	5	9	7	9	8	8	8	6	7	4	5	3	3	3	1	3	0	3	0	
85:
28	0.076	5	9	6	8	7	8	7	7	6	6	6	5	5	4	3	4	2	4	1	3	0	2	0	1	1	1	3	2	5	2	6	1	6	0	5	0	3	1	2	3	2	5	2	7	2	8	1	8	1	9	2	9	4	9	5	9	5	9	
86:
39	0.137	4	6	5	5	6	5	7	6	7	8	7	9	8	9	9	8	9	6	8	5	7	5	7	4	6	3	5	2	4	1	3	1	2	2	1	3	1	4	2	4	2	3	1	2	-1	2	-2	3	-2	5	-1	7	1	8	2	9	3	9	5	8	7	6	9	3	10	1	10	0	9	0	8	1	7	3	5	5	4	6	4	6	
87:
28	0.027	5	7	4	8	4	8	5	9	6	9	8	8	9	7	9	6	8	5	6	5	5	4	5	3	6	3	8	3	9	3	9	2	8	1	6	1	4	1	3	0	1	0	0	0	0	1	0	3	1	5	3	6	4	6	5	7	5	7	
88:
30	0.029	7	0	8	0	8	0	7	1	6	3	6	4	7	4	7	4	6	4	5	3	4	1	4	0	3	0	1	1	0	1	0	1	1	1	2	2	2	3	1	4	1	6	2	8	4	9	6	9	8	9	9	8	9	6	8	3	7	1	7	0	7	0	
89:
29	0.13	9	7	8	8	7	8	6	7	4	7	3	8	2	8	2	7	3	7	3	8	2	9	1	9	0	8	0	7	1	5	2	3	2	1	2	0	3	0	4	0	4	1	4	2	5	2	6	1	7	1	9	2	10	4	10	6	9	7	9	7	
90:
31	0.015	7	4	8	4	8	4	7	5	6	6	4	8	2	9	1	9	0	8	0	6	0	4	0	2	0	1	1	1	3	1	4	2	5	3	5	3	5	2	6	0	8	-1	9	-1	9	0	9	2	9	4	8	6	8	7	9	7	9	6	8	5	7	4	7	4	
91:
27	0.033	0	7	1	6	1	5	2	4	2	3	1	3	0	2	0	2	1	1	1	0	2	0	4	0	6	1	7	2	7	4	7	6	7	8	6	9	4	9	3	8	3	7	2	7	2	8	2	9	1	9	0	8	0	7	0	7	
92:
35	0.032	1	3	2	2	2	1	3	1	3	0	2	0	2	1	3	1	5	1	6	0	6	0	6	1	6	2	5	4	4	6	3	7	2	7	2	8	3	9	3	9	2	10	1	10	0	9	0	8	1	8	3	8	6	9	8	10	9	10	9	9	8	7	6	5	4	4	2	3	1	3	1	3	
93:
29	0.022	1	5	2	4	2	3	1	2	1	2	2	3	4	3	5	2	5	1	4	0	4	0	5	1	7	2	8	4	8	5	8	6	7	6	7	7	7	8	8	9	9	9	9	8	8	8	6	7	3	7	1	7	0	6	0	5	1	5	1	5	
94:
34	0.146	8	4	7	5	6	5	6	4	6	3	5	3	5	4	4	5	2	5	0	4	-1	3	-1	1	0	0	2	0	4	0	5	1	5	3	5	5	6	6	7	7	9	7	10	8	10	8	9	9	7	9	4	9	2	8	1	8	1	7	2	6	3	5	5	4	7	4	8	4	8	4	
95:
39	0.363	1	6	2	6	3	6	3	5	2	4	0	3	-1	1	-1	0	0	0	1	0	2	1	3	1	4	0	5	0	5	1	5	2	5	4	6	5	7	5	8	4	8	2	8	1	9	1	9	2	8	4	7	6	6	8	6	9	5	9	5	9	6	9	8	9	9	8	9	6	8	5	6	4	4	4	2	5	1	6	1	6	
96:
25	0.023	8	4	7	3	6	2	6	1	7	1	8	1	8	2	9	2	9	3	8	3	6	2	5	1	3	0	1	0	0	1	0	3	0	6	0	8	1	9	3	9	6	8	8	8	9	7	9	5	8	4	8	4	
97:
28	0.17	4	6	3	5	3	4	2	4	1	5	0	6	0	8	1	9	3	9	5	8	6	8	6	9	7	9	8	9	8	8	8	7	7	5	7	2	7	0	7	-1	6	-1	4	0	3	0	3	0	4	1	4	3	4	5	4	6	4	6	
98:
27	0.209	1	7	0	8	0	9	1	9	2	9	3	9	3	8	4	8	6	8	7	7	7	6	8	5	9	5	10	4	10	3	9	3	7	4	6	4	6	3	5	2	3	2	2	3	2	4	1	4	1	5	1	6	1	7	1	7	
99:
32	0.051	3	7	3	8	3	9	4	9	6	9	7	9	7	8	7	6	6	5	4	5	3	4	3	3	4	2	6	2	8	2	9	3	9	4	9	5	9	5	8	4	7	2	5	1	3	0	1	0	0	1	0	3	0	6	0	8	1	9	1	9	2	8	3	7	3	7	