0:
121	8.345	62	187	63	188	65	189	68	190	72	190	77	189	83	187	90	184	96	180	101	175	105	169	108	162	110	154	111	145	112	135	112	125	111	114	109	104	106	95	104	87	103	80	103	74	104	69	104	65	103	62	101	60	98	59	94	59	89	60	84	61	80	62	77	62	75	62	74	61	74	59	75	56	77	52	80	47	84	41	89	36	95	30	102	25	110	21	119	18	128	16	136	15	143	15	149	16	154	18	158	21	161	25	164	30	166	36	167	43	167	51	166	59	164	68	162	76	160	83	159	89	159	94	160	98	162	102	165	107	169	113	173	118	176	122	179	125	181	127	182	128	182	128	181	127	179	125	176	122	172	118	167	113	161	107	154	100	146	92	137	83	127	73	116	63	104	54	93	46	82	39	72	33	63	28	55	23	48	19	42	16	37	13	33	10	30	8	28	7	27	7	27	8	28	10	30	13	33	17	37	22	42	28	48	35	55	43	62	52	68	62	73	73	77	85	81	98	84	110	86	121	87	132	87	142	86	151	84	159	81	166	77	172	72	177	68	181	65	184	63	186	62	187	62	187	
1:
134	19.945	46	58	45	59	45	61	45	64	45	68	46	72	48	77	51	83	54	89	57	95	61	101	66	106	70	110	75	113	81	115	87	116	93	116	98	115	102	113	105	110	107	106	108	102	108	98	107	94	105	89	102	83	99	78	97	74	96	71	96	69	97	68	99	68	102	69	105	71	109	73	114	74	119	74	123	73	126	71	128	68	129	64	130	61	132	59	135	58	139	58	144	59	150	61	156	64	163	66	169	68	174	69	178	69	181	68	183	66	185	63	186	59	187	54	187	48	186	41	184	33	181	24	177	16	172	9	166	3	159	-2	151	-6	142	-9	132	-12	121	-14	111	-15	102	-15	94	-14	87	-12	81	-9	76	-6	72	-2	69	3	67	9	66	16	66	24	67	33	69	42	72	51	76	60	81	69	87	78	93	88	98	99	102	109	105	118	107	126	108	133	108	139	107	146	105	152	102	157	100	161	99	164	99	166	100	167	102	167	105	166	109	164	114	161	120	159	127	158	133	156	138	153	142	149	145	144	148	140	150	137	151	134	151	130	150	125	148	119	145	113	141	108	136	104	130	101	123	98	115	96	106	93	97	89	89	85	81	82	74	78	67	73	61	68	56	64	52	61	49	59	47	58	46	58	46	58	
2:
111	148.623	122	103	121	104	121	106	121	109	121	113	120	118	120	123	121	129	123	134	126	138	130	142	135	145	141	147	148	148	154	148	159	147	163	145	166	142	169	138	171	134	172	130	172	126	171	121	169	115	167	109	166	102	165	95	163	89	160	83	156	78	151	72	145	65	138	59	130	53	121	48	111	42	101	37	92	31	83	25	75	20	68	16	62	12	57	9	51	7	46	6	42	6	39	7	36	9	33	12	31	14	30	16	29	17	27	17	24	16	20	14	15	13	9	13	4	14	0	16	-3	19	-5	23	-6	28	-6	34	-5	41	-3	49	-1	58	0	66	0	73	1	79	3	84	6	88	10	91	14	93	19	94	23	94	28	95	32	97	35	100	37	104	38	109	38	115	39	122	40	129	42	137	43	146	43	154	44	161	46	167	48	172	50	176	52	179	55	181	59	182	64	182	70	181	77	179	84	176	90	172	95	167	99	161	102	154	104	146	107	139	109	131	110	124	111	118	113	113	116	109	119	106	121	104	122	103	122	103	
3:
127	112.156	158	107	158	108	157	110	155	113	154	117	153	122	153	128	154	135	154	142	153	150	151	157	148	164	144	170	139	175	133	179	126	182	118	184	109	185	99	185	90	185	81	184	73	182	66	179	60	175	55	170	51	164	48	159	46	155	45	151	45	148	45	146	44	145	42	145	40	146	39	148	38	151	36	155	35	160	33	164	30	167	26	169	21	170	16	170	12	169	9	167	7	164	5	160	4	155	4	149	4	142	5	134	7	126	10	118	14	110	19	103	25	97	32	91	38	85	45	80	52	75	60	71	67	68	75	66	82	65	88	65	93	66	97	68	102	71	108	74	115	76	123	78	132	80	140	81	147	81	153	80	158	78	162	75	165	71	167	68	168	64	168	59	167	54	165	49	162	43	158	36	153	29	147	22	140	16	134	10	127	5	119	1	110	-2	100	-4	89	-5	79	-5	70	-4	62	-2	55	0	49	1	44	1	40	0	37	-1	35	-1	34	0	34	2	35	5	37	9	40	13	44	18	49	24	55	31	62	38	70	44	79	49	87	55	95	60	104	64	113	68	122	73	130	79	137	86	143	92	148	97	152	101	155	104	157	106	158	107	158	107	
4:
113	368.263	17	188	18	187	18	185	19	182	21	178	24	173	28	167	32	160	37	152	42	145	48	138	54	132	61	127	69	123	76	120	82	118	87	117	91	117	96	118	102	120	109	123	116	127	123	132	129	138	135	144	140	149	144	153	147	157	149	162	150	167	150	173	149	178	147	182	144	185	140	187	135	188	129	188	122	188	115	187	109	185	104	182	99	178	95	173	92	167	90	160	89	152	89	143	90	133	92	124	95	115	98	107	102	100	107	94	113	89	120	85	126	82	133	80	140	79	146	79	151	78	155	76	158	73	160	69	161	64	162	58	164	52	165	45	166	39	166	34	165	29	163	25	160	22	156	19	151	17	145	16	140	16	134	15	128	13	121	10	113	7	104	5	94	2	84	-1	75	-3	67	-4	60	-4	54	-3	49	-1	45	2	41	6	38	11	36	17	34	24	31	32	27	41	24	51	21	61	17	72	14	84	12	97	11	110	11	122	12	133	14	143	17	152	20	160	22	167	23	173	23	178	22	182	20	185	18	187	17	188	17	188	
5:
121	158.383	178	102	179	103	179	105	180	108	181	112	181	116	180	121	178	126	175	130	171	134	166	137	160	139	153	140	147	140	142	139	138	137	135	134	133	130	132	125	132	119	133	112	133	104	132	97	130	91	129	86	129	82	130	79	132	77	133	75	135	74	138	74	142	75	147	77	153	79	159	80	166	80	173	79	179	77	184	74	188	70	191	65	193	59	194	52	194	44	193	36	191	29	189	23	186	18	182	13	177	9	171	6	164	4	156	3	147	3	137	3	126	3	114	4	102	5	91	7	81	10	72	14	64	17	57	21	51	26	46	32	42	39	39	45	37	51	36	58	36	66	37	75	39	84	41	92	44	99	47	106	49	112	50	117	50	121	49	124	47	126	44	127	40	127	35	126	31	126	28	126	26	127	25	129	25	132	26	136	28	141	31	146	35	151	40	155	46	158	51	160	56	161	61	161	65	160	68	158	70	155	71	151	72	146	74	140	77	133	81	126	86	119	92	113	99	108	107	104	116	101	126	99	135	98	143	98	150	99	157	101	163	103	168	104	172	104	175	104	177	103	178	102	178	102	
6:
137	834.889	118	5	119	4	121	3	124	2	128	2	133	3	137	5	140	8	142	12	143	17	143	21	142	25	140	28	137	32	135	37	134	43	134	50	135	58	135	67	134	77	132	88	129	99	127	109	124	118	120	126	115	133	109	139	104	144	100	148	97	152	95	156	94	160	94	164	95	168	97	172	100	176	104	179	109	181	115	182	122	182	130	182	137	181	143	179	150	176	156	172	161	167	165	161	168	155	170	150	171	146	171	142	170	139	168	137	165	136	161	136	156	137	150	139	143	142	135	144	126	145	116	145	105	144	93	142	82	139	72	135	63	131	55	126	48	120	42	114	37	107	32	101	28	96	23	91	19	86	16	80	14	74	13	67	13	61	13	56	14	51	15	46	15	42	16	39	18	37	21	36	25	36	29	37	34	39	40	42	45	46	51	51	56	57	60	64	65	72	71	81	76	90	80	100	83	111	85	121	86	132	86	142	85	151	83	159	80	166	76	172	71	177	67	181	64	184	61	186	59	187	58	187	58	186	59	184	61	181	64	177	67	172	71	166	76	159	82	151	89	142	95	132	100	121	104	109	107	96	109	83	110	71	110	60	109	50	107	41	106	33	106	26	107	20	109	15	112	11	115	8	117	6	118	5	118	5	
7:
141	118.81	32	82	31	83	29	85	28	88	26	92	23	97	20	103	17	110	14	118	12	126	11	135	11	144	12	152	14	159	17	165	19	171	22	176	26	180	31	183	37	185	44	186	52	186	60	185	67	183	73	180	78	176	82	171	85	165	87	158	88	150	90	141	91	132	93	124	96	117	99	111	103	106	108	102	113	99	117	96	120	93	122	89	123	84	123	79	122	75	120	71	117	68	113	66	108	65	104	65	101	66	99	68	98	70	98	71	99	71	101	70	104	68	108	65	113	63	119	62	125	62	132	63	139	65	145	68	150	72	154	77	157	83	159	90	160	98	160	106	159	115	158	125	157	134	155	142	152	149	148	155	143	160	139	164	136	169	134	175	133	180	133	185	134	189	136	192	139	194	143	195	148	195	153	194	159	192	166	189	172	185	179	180	186	174	192	167	197	159	201	150	204	140	207	129	209	117	210	104	210	90	209	75	207	61	204	47	200	34	195	22	189	11	183	1	176	-8	168	-16	159	-23	149	-29	138	-34	126	-38	113	-41	100	-43	87	-44	75	-44	64	-43	53	-41	43	-38	34	-34	26	-29	19	-24	13	-18	8	-12	4	-5	1	3	-1	12	-2	22	-2	31	-1	39	1	47	4	54	8	61	13	67	17	72	22	76	26	79	29	81	31	82	32	82	32	82	
8:
149	780.125	54	51	53	52	51	54	48	56	45	59	42	63	40	67	39	70	39	72	40	73	42	73	43	72	43	70	42	67	40	63	37	58	35	52	33	45	30	39	28	34	25	30	23	27	22	25	22	23	23	22	25	22	28	21	32	19	36	17	41	15	47	13	52	11	56	10	59	10	61	11	62	13	63	16	64	20	66	24	69	29	72	35	76	40	81	44	87	47	92	49	97	51	101	54	104	58	106	63	109	69	113	75	118	80	124	84	131	87	138	89	145	90	151	90	156	90	160	90	163	91	165	93	166	94	166	95	165	95	163	96	160	98	156	101	151	105	145	110	138	116	130	122	121	129	111	137	102	146	92	154	83	161	75	167	68	172	62	176	57	179	53	181	50	182	47	182	45	181	44	179	43	176	43	172	42	167	40	161	38	154	35	146	33	139	30	133	27	128	23	124	18	121	13	119	9	118	6	118	4	119	3	121	3	124	4	128	6	132	9	135	13	137	18	138	24	139	31	139	39	138	48	136	58	133	69	129	81	124	94	118	106	111	117	103	127	94	136	84	144	73	151	61	157	50	162	40	166	31	169	23	171	16	172	10	172	5	171	1	169	-2	166	-4	162	-5	157	-5	151	-4	144	-2	136	1	128	5	119	10	109	15	99	21	90	26	82	32	75	37	69	41	64	45	60	48	57	50	55	51	54	51	54	51	
9:
135	2.525	159	94	158	95	156	95	153	94	149	93	144	91	138	89	131	88	123	88	114	88	105	87	97	86	89	84	82	81	75	78	69	75	64	73	58	72	52	72	45	73	38	74	32	75	27	75	23	74	19	72	14	69	10	65	7	60	4	54	2	48	1	42	0	36	0	31	1	27	3	24	6	22	10	20	15	19	21	19	28	20	36	22	45	25	55	27	66	28	78	28	90	27	103	25	115	22	126	20	136	19	146	19	155	19	163	20	170	22	176	25	181	29	185	33	188	38	190	44	191	51	191	59	190	68	189	78	187	88	184	98	180	109	175	119	169	128	162	136	154	143	147	149	141	154	136	158	132	161	129	163	127	166	126	170	126	174	127	177	129	181	132	184	136	186	140	188	145	190	149	191	152	191	154	190	156	188	157	185	157	181	156	176	154	170	151	163	147	156	142	150	136	145	129	141	121	138	112	136	102	135	92	135	82	136	72	138	63	141	55	145	48	150	42	156	37	163	33	169	30	174	28	178	27	181	27	183	28	184	30	184	33	183	37	181	42	178	48	174	55	169	63	164	72	159	82	153	93	148	104	142	114	135	123	127	131	120	138	114	144	109	149	104	153	100	156	97	158	95	159	94	159	94	
10:
110	68.176	116	91	117	92	117	94	116	97	115	101	115	106	115	111	116	117	116	124	115	132	113	141	110	150	106	158	101	165	95	171	88	176	80	180	71	183	63	185	56	186	50	186	44	186	38	185	33	183	29	180	26	176	24	171	23	165	23	159	23	154	24	150	26	146	27	143	29	141	30	140	30	139	29	139	27	139	24	139	21	139	19	138	17	136	16	133	16	129	17	124	19	118	22	111	24	103	26	94	27	84	27	75	26	67	24	60	21	54	17	49	12	45	8	41	5	38	3	36	2	33	2	30	3	28	5	27	8	26	12	25	17	24	23	22	30	20	36	18	41	17	45	15	48	13	50	12	51	12	51	13	52	15	54	18	57	22	61	26	66	29	72	31	79	33	87	34	96	34	105	33	113	31	121	28	129	25	137	23	144	21	150	20	155	20	159	21	162	23	164	25	165	28	165	32	164	35	162	39	159	44	155	50	150	56	144	63	137	70	131	76	126	81	122	85	119	88	117	90	116	91	116	91	
11:
142	63.377	116	81	117	80	119	79	122	77	126	74	131	72	136	69	142	65	149	60	156	55	162	50	168	46	173	43	177	41	180	40	183	40	185	41	186	41	186	40	185	38	183	35	180	31	176	28	171	26	165	24	158	23	150	23	141	23	131	24	122	26	114	29	106	33	99	37	93	42	88	48	84	54	81	59	79	65	78	70	78	74	79	77	81	79	82	80	82	80	81	79	79	77	76	74	72	72	67	71	61	71	56	72	52	74	49	77	47	80	46	84	46	89	47	95	49	100	52	104	56	107	61	109	66	110	71	110	75	109	78	107	80	106	81	106	81	107	80	109	78	112	77	115	77	118	78	120	80	121	83	121	86	120	89	118	91	116	92	115	93	115	93	116	92	117	90	119	87	122	83	126	78	131	72	137	65	144	58	152	51	159	45	165	40	170	35	174	31	177	28	179	25	180	23	180	22	179	22	177	23	174	25	170	28	165	32	159	37	152	42	144	46	135	49	125	51	114	52	102	52	90	51	79	50	69	48	60	46	52	43	45	39	39	34	34	29	30	25	27	22	25	20	24	19	22	19	21	20	21	22	21	25	22	29	24	34	27	40	31	47	36	55	42	64	48	73	54	81	59	88	64	95	68	101	71	106	74	110	76	113	78	115	80	116	81	116	81	
12:
131	96.783	121	106	122	107	123	109	124	112	126	116	128	121	130	127	133	133	137	140	141	146	145	151	148	155	152	158	157	160	163	161	168	161	172	160	175	158	179	156	182	154	184	153	187	153	189	154	190	156	190	159	189	163	187	167	186	172	185	176	184	179	182	181	180	182	179	182	179	181	180	179	182	176	185	172	188	167	191	161	193	154	194	146	194	137	193	127	191	116	188	104	184	92	179	81	173	70	167	60	162	51	158	43	155	35	153	28	152	22	152	17	153	12	155	8	158	5	162	3	167	2	171	2	174	3	176	5	177	8	177	12	176	17	174	22	171	27	167	33	162	38	156	42	149	45	141	47	132	48	122	48	113	47	105	45	98	42	92	38	86	33	81	27	77	22	74	18	72	15	71	13	71	12	72	12	74	13	76	15	77	18	77	22	76	27	75	33	75	40	74	47	72	55	69	63	65	72	60	81	54	89	47	96	39	102	32	107	26	111	21	114	17	117	14	121	12	125	11	129	11	134	12	140	14	145	17	149	21	152	25	154	30	155	36	155	43	154	51	153	60	151	69	148	77	144	85	139	93	133	100	127	106	121	111	116	115	112	118	109	120	107	121	106	121	106	
13:
136	7.031	105	27	104	28	102	29	99	31	95	34	92	38	90	42	89	45	89	49	90	53	92	56	95	58	99	60	104	62	110	63	117	63	123	63	128	63	132	62	136	60	139	57	141	53	142	48	142	42	141	37	139	33	137	29	136	26	136	24	137	23	139	23	142	24	144	26	145	28	145	31	144	35	142	40	139	46	135	53	130	61	125	68	121	74	118	79	116	83	115	86	113	88	110	89	106	89	102	88	98	86	93	83	87	79	80	76	72	74	64	73	57	73	50	74	42	76	35	78	28	81	22	84	17	86	13	87	9	87	5	86	2	84	0	82	-1	79	-1	75	0	70	1	64	1	57	0	49	-2	41	-5	33	-7	26	-8	20	-8	15	-7	11	-6	8	-4	6	-2	5	1	5	4	6	8	8	13	11	17	15	20	20	23	26	25	33	26	41	26	50	26	60	25	70	23	81	21	93	19	106	18	118	18	129	19	139	21	148	24	156	28	163	33	169	39	174	45	178	52	181	60	183	69	185	79	186	88	186	96	185	103	183	109	180	115	176	121	171	127	165	132	158	136	150	139	141	141	131	142	120	142	108	141	97	140	87	138	77	135	68	131	60	126	53	120	47	115	42	111	37	108	33	106	30	105	28	105	27	105	27	
14:
151	215.988	4	187	5	186	7	186	10	187	14	187	19	186	25	185	32	183	40	180	48	176	56	171	63	165	69	159	74	154	78	150	81	146	83	142	84	137	84	132	83	127	82	121	82	115	83	110	85	106	88	103	92	101	96	100	100	100	103	101	105	103	106	106	106	108	105	109	103	109	100	108	96	106	91	103	85	99	78	95	70	91	62	87	53	83	45	80	38	78	32	77	27	77	23	78	20	80	18	83	17	87	17	92	18	96	20	99	23	101	25	102	26	102	26	101	25	100	23	98	20	95	16	91	12	87	9	82	7	76	6	69	6	61	7	52	9	43	12	35	16	28	21	22	27	17	34	13	42	10	51	8	61	7	71	7	80	8	88	10	95	13	101	17	107	22	112	28	116	35	119	41	121	47	124	52	128	56	133	59	139	61	146	62	154	62	162	61	169	59	175	57	180	56	184	56	187	57	189	59	190	62	190	66	189	71	187	77	184	84	180	92	175	101	169	111	164	121	160	132	157	142	155	152	154	161	154	169	155	176	157	182	160	187	164	191	169	194	174	196	178	197	181	197	183	196	185	194	186	191	186	188	185	186	183	185	180	185	176	186	171	188	165	191	158	195	150	200	141	206	131	211	120	215	108	218	95	220	82	221	70	221	59	220	49	218	40	215	32	211	25	207	19	202	14	197	10	193	7	190	5	188	4	187	4	187	
15:
136	59.665	188	43	187	43	185	43	182	44	178	45	173	45	167	45	160	44	153	43	147	41	141	40	136	39	132	37	129	34	125	32	120	31	114	31	109	32	103	34	97	37	92	41	88	45	84	50	80	55	75	59	69	62	62	64	55	65	49	65	44	64	40	62	37	59	35	55	34	50	34	44	35	37	37	31	39	25	41	19	42	14	42	10	41	7	39	5	36	4	32	4	27	5	21	7	15	10	10	14	5	19	1	25	-2	32	-4	40	-6	49	-7	59	-7	68	-6	77	-4	85	-1	92	3	98	8	103	13	107	19	111	25	116	31	122	38	129	46	135	53	140	59	144	64	147	68	149	71	150	74	150	77	149	79	147	81	144	84	140	87	135	90	130	94	125	99	120	105	116	112	113	118	111	123	110	127	109	130	109	132	110	133	112	133	115	132	118	130	120	127	122	123	125	118	128	112	130	105	131	97	132	88	134	78	136	68	139	59	143	51	148	44	152	38	157	33	161	29	164	26	166	24	167	23	167	23	166	24	164	26	161	29	158	33	154	38	149	44	143	51	136	59	128	68	119	78	110	88	100	99	90	110	81	122	73	133	66	143	60	152	55	160	51	167	47	173	44	178	42	182	41	185	41	187	42	188	43	188	43	
16:
108	37.82	85	107	86	108	88	110	89	113	89	117	90	121	91	124	93	126	96	127	99	127	103	126	108	124	114	121	119	117	123	112	126	106	128	100	129	93	130	87	132	82	135	77	139	73	144	70	149	68	153	67	156	65	158	62	159	58	159	53	158	48	156	44	153	41	149	39	144	38	138	38	132	39	125	41	117	44	110	47	104	50	99	54	95	57	92	59	89	60	86	60	84	59	83	57	83	54	84	50	86	45	88	39	89	32	91	26	93	20	94	14	96	9	97	5	97	2	96	0	94	-1	91	-1	87	0	82	2	76	5	70	9	65	14	61	20	57	27	52	35	46	44	41	54	35	64	28	73	22	81	17	89	13	96	10	102	8	109	7	117	7	126	8	134	10	141	13	147	17	152	22	156	28	159	35	161	43	162	52	162	61	163	69	163	77	164	84	164	90	163	95	162	99	160	102	157	104	153	105	148	105	142	104	135	102	128	99	122	95	117	91	113	88	110	86	108	85	107	85	107	
17:
140	47.046	86	38	85	37	83	35	80	32	77	28	74	24	72	20	69	17	65	15	61	14	56	14	50	15	44	17	39	20	35	24	32	29	30	35	29	42	29	50	30	59	32	69	34	78	37	87	41	95	44	102	46	108	47	113	47	117	46	120	44	124	41	127	38	131	35	136	33	142	32	147	32	152	31	156	31	159	32	161	34	162	37	162	40	161	44	159	48	156	53	154	57	153	60	153	62	154	65	156	69	159	73	163	78	168	84	173	91	178	99	182	108	185	118	187	128	188	137	188	145	187	152	185	158	183	163	180	167	176	170	171	172	165	173	158	174	150	174	141	174	132	173	124	171	117	168	111	164	106	159	102	154	99	149	97	145	96	142	96	140	95	139	93	139	90	140	87	142	83	145	78	149	74	154	71	160	69	167	68	173	68	178	68	182	69	185	71	187	74	188	78	188	83	187	89	185	95	182	100	178	105	173	110	167	116	160	123	152	131	143	140	133	148	122	155	110	161	97	166	84	170	72	173	61	175	51	176	42	176	34	175	27	173	21	170	16	166	12	161	9	155	7	150	6	145	6	139	7	132	9	124	12	115	16	107	21	100	27	93	34	87	42	80	50	72	58	65	65	59	71	53	76	48	80	44	83	41	85	39	86	38	86	38	
18:
134	51.772	155	145	156	146	157	147	159	148	162	149	165	151	167	154	168	158	168	163	167	168	165	174	162	179	159	183	156	186	152	188	147	189	142	189	136	188	130	186	123	183	117	179	110	174	103	168	95	162	88	155	81	147	75	139	69	131	64	124	60	118	57	113	54	109	52	106	51	104	50	103	48	103	45	104	41	106	36	109	30	113	25	118	21	123	18	129	14	136	11	144	8	152	6	159	5	166	5	172	6	177	8	181	11	184	15	187	20	189	26	190	32	190	39	189	47	187	55	184	62	180	68	175	73	169	77	162	80	154	82	145	83	135	83	124	82	112	80	99	77	86	73	74	68	63	62	53	55	44	49	36	44	29	40	23	37	18	35	14	34	10	34	5	35	1	37	-4	40	-8	44	-11	49	-13	55	-14	62	-14	70	-14	79	-14	89	-13	99	-11	109	-8	118	-4	126	1	133	7	139	14	144	22	149	30	153	37	156	44	158	50	159	55	159	59	158	62	156	65	154	67	153	68	153	68	154	67	156	65	159	62	162	59	166	57	170	56	174	56	177	57	179	59	180	62	180	66	179	71	177	77	175	84	172	92	168	100	163	109	159	117	156	124	154	130	153	135	153	139	153	142	154	144	155	145	155	145	
19:
118	188.835	113	132	113	131	114	129	116	126	118	123	121	120	125	116	128	112	130	109	131	106	131	102	130	97	128	92	125	86	121	79	118	71	116	63	115	55	115	48	116	42	118	37	121	33	125	30	129	28	134	27	140	27	147	28	153	30	158	33	163	36	168	40	173	45	177	51	180	58	182	66	183	75	183	85	182	96	181	108	180	120	179	131	177	141	174	150	170	158	165	165	159	171	152	176	144	180	135	183	125	185	114	186	102	186	89	185	76	183	64	182	53	182	43	181	34	181	26	181	19	182	13	183	8	184	4	184	1	183	-1	181	-2	178	-3	174	-3	169	-2	163	0	157	3	152	7	148	11	145	14	141	16	136	19	130	23	124	28	117	32	111	37	104	43	96	50	88	56	79	62	69	67	59	71	49	75	40	78	32	80	25	81	19	81	14	80	10	78	7	75	5	71	4	67	4	64	5	62	7	61	10	61	14	62	19	64	25	67	32	71	40	76	49	82	59	89	70	96	80	102	89	107	97	111	104	114	111	116	117	117	122	117	126	116	129	114	131	113	132	113	132	
20:
119	177.48	90	100	91	101	93	102	96	104	100	105	104	105	108	104	111	102	113	99	114	95	114	90	113	85	111	80	108	76	106	71	105	67	105	63	106	60	108	58	111	57	115	57	119	58	124	60	130	63	137	67	143	72	148	78	152	84	155	91	158	98	160	105	161	111	161	116	160	120	158	123	155	125	153	126	152	126	152	127	153	128	155	130	158	133	160	137	161	141	161	146	160	150	158	153	155	155	151	157	147	158	142	158	138	157	135	156	133	156	132	157	132	159	133	162	133	166	132	171	130	176	127	180	123	183	118	185	113	186	107	186	102	185	96	183	89	180	81	176	73	171	65	165	58	158	52	150	47	141	43	131	40	120	38	109	37	99	37	90	38	82	40	75	43	69	47	64	52	60	58	57	65	55	71	52	76	49	81	45	85	40	88	34	90	28	92	22	95	17	97	12	98	8	98	5	97	3	95	2	92	2	89	3	86	5	83	8	80	12	77	17	75	23	74	30	74	38	75	47	76	56	78	64	79	72	81	79	82	85	84	90	87	94	89	97	90	99	90	100	90	100	
21:
111	44.296	159	31	160	30	162	28	165	25	168	21	171	16	173	11	174	7	174	3	173	0	171	-2	168	-3	164	-3	159	-2	153	0	146	3	138	7	129	12	119	18	109	24	100	29	92	33	83	36	73	38	64	39	56	39	48	38	41	36	35	33	30	29	26	26	23	24	20	23	18	23	17	24	17	26	18	29	20	33	23	38	27	44	31	51	34	59	36	68	37	78	37	89	37	99	38	108	40	116	43	123	46	129	48	134	51	138	55	141	60	143	66	144	73	144	81	143	90	141	99	138	108	136	116	134	124	132	131	130	137	129	144	129	151	130	157	132	163	135	169	137	174	138	178	139	181	140	183	142	184	145	184	149	183	154	181	160	178	165	174	169	169	172	163	175	156	177	148	178	141	180	135	181	130	181	126	180	123	178	121	175	120	171	120	166	121	160	123	153	126	145	130	136	135	126	141	117	148	108	154	100	159	93	163	85	166	76	168	67	169	59	169	52	168	46	166	41	163	37	161	34	160	32	159	31	159	31	
22:
136	90.255	99	61	98	60	96	60	93	60	89	59	84	57	80	54	76	50	73	47	71	45	70	44	69	44	68	45	67	47	65	50	62	54	58	58	53	61	47	63	40	64	33	64	27	63	21	62	15	60	10	57	6	53	3	48	1	43	0	37	0	30	1	24	3	18	6	13	10	9	15	6	21	4	28	3	36	3	45	4	55	6	66	9	77	13	87	18	96	24	104	31	111	38	117	46	122	54	126	63	129	73	131	84	132	94	134	103	137	111	141	118	146	124	152	129	159	133	165	137	170	142	174	148	177	155	179	163	180	170	180	176	179	181	177	185	174	188	170	190	165	191	159	191	152	190	145	188	137	185	130	181	122	177	113	174	103	172	93	171	84	171	76	172	69	174	61	177	52	180	44	184	37	187	31	189	26	190	22	190	19	189	17	187	16	184	16	180	17	175	19	170	22	164	26	159	31	154	37	150	44	147	52	145	61	144	71	144	82	143	94	141	106	138	117	134	127	129	136	123	144	116	151	109	158	101	164	92	169	84	173	75	176	67	178	59	179	52	179	46	178	41	176	37	173	34	169	32	164	31	158	31	151	32	143	34	135	37	127	41	120	46	114	51	109	55	105	58	102	60	100	61	99	61	99	61	
23:
117	18.36	86	168	85	169	85	171	86	174	87	177	89	179	91	180	93	180	96	179	98	177	99	175	99	172	98	168	96	164	93	161	89	158	85	156	82	155	80	155	79	156	79	157	80	157	82	156	85	155	89	154	94	152	99	151	105	151	112	151	119	152	127	154	135	156	143	159	150	162	156	166	161	169	165	171	168	172	170	172	171	171	171	169	170	166	169	162	169	157	170	151	172	144	174	136	177	127	180	117	182	106	183	96	183	87	182	79	182	72	181	66	179	61	177	57	174	54	170	52	165	51	159	50	152	50	144	51	135	52	125	54	114	57	102	61	91	65	81	69	72	73	63	76	55	78	48	79	42	79	36	78	31	76	27	73	24	70	22	68	21	65	21	61	22	56	24	52	27	47	31	41	36	34	42	28	49	23	57	19	66	16	76	14	85	13	93	13	102	14	110	16	117	19	123	23	128	28	132	34	135	41	137	49	138	58	138	68	137	79	135	91	132	102	129	113	125	123	120	132	114	140	107	147	101	153	96	158	92	162	89	165	87	167	86	168	86	168	
24:
149	554.332	109	104	108	105	108	107	108	110	109	114	111	118	113	123	114	127	114	131	113	134	111	136	108	137	104	137	101	136	99	134	96	131	92	127	87	122	81	118	74	115	66	113	59	111	52	110	45	110	39	110	34	109	30	107	27	104	25	100	24	95	24	89	25	82	27	74	30	65	34	57	39	50	43	44	46	39	49	35	51	32	52	30	53	29	54	29	55	30	57	32	60	35	64	39	69	43	75	46	81	48	88	49	96	49	103	48	109	46	114	44	119	41	123	37	126	33	128	30	129	27	129	25	129	24	130	24	132	25	135	27	139	30	144	34	149	38	153	41	156	44	160	46	164	47	168	47	172	46	175	44	177	41	178	37	178	34	177	31	175	29	172	28	168	27	163	27	157	28	151	30	146	33	142	37	139	42	137	48	136	55	136	62	137	70	139	79	142	88	146	96	151	103	157	109	164	114	170	118	175	121	179	123	182	124	184	124	185	123	185	121	184	119	182	117	179	116	175	116	170	117	164	119	157	122	149	126	140	131	130	137	121	143	111	150	100	157	89	164	78	170	68	175	59	179	51	182	44	184	38	185	33	185	29	184	26	182	24	179	23	176	23	174	24	171	26	167	29	162	33	158	38	153	44	147	51	140	59	134	68	129	76	123	83	118	89	114	94	111	99	109	103	107	106	106	108	105	109	104	109	104	
25:
125	220.998	67	42	66	43	64	45	61	48	58	52	55	57	53	62	52	68	52	74	53	79	55	83	58	86	62	88	67	89	71	91	74	94	76	98	77	103	77	108	76	114	74	121	71	129	67	136	63	142	60	147	58	151	57	154	57	157	58	159	58	160	57	160	55	159	52	157	48	154	43	150	38	146	34	143	30	141	27	140	25	140	22	141	20	142	19	144	19	147	20	151	22	154	25	156	29	159	34	161	40	162	47	163	55	164	64	164	74	163	85	161	97	158	110	154	122	151	133	149	143	148	152	148	160	149	167	151	173	154	178	158	182	162	185	166	187	169	188	171	188	172	187	172	185	171	183	169	182	166	181	162	181	157	182	151	182	144	183	136	184	128	184	120	183	111	181	101	180	92	179	84	179	77	178	71	176	66	173	62	169	59	165	57	162	56	160	56	159	57	159	59	160	60	161	60	163	59	166	57	170	54	173	50	175	45	176	39	176	32	175	26	173	21	171	16	168	12	164	9	159	6	153	4	146	3	138	3	129	4	119	6	110	9	102	12	95	16	88	21	82	27	77	32	73	36	70	39	68	41	67	42	67	42	
26:
119	41.398	75	26	76	25	78	23	81	20	85	16	90	11	96	7	102	4	109	2	115	1	120	1	124	2	127	4	129	7	130	11	130	16	130	22	131	28	133	35	136	41	139	46	141	50	142	53	142	55	141	56	139	56	136	57	132	58	127	60	122	63	118	67	115	72	113	78	111	85	108	93	104	102	99	111	93	119	86	126	78	132	69	138	61	143	54	148	48	153	43	158	39	162	36	165	34	168	33	171	33	174	34	177	36	179	39	180	43	180	48	179	54	177	61	174	69	170	78	165	88	160	99	156	110	152	120	149	129	147	138	146	146	145	153	145	159	146	164	148	168	150	171	152	173	153	174	153	174	152	173	150	171	147	168	143	164	138	159	132	153	125	146	117	138	108	129	100	119	92	108	85	96	79	83	74	71	70	60	67	50	65	41	64	33	64	26	64	20	64	15	63	11	61	8	58	6	54	5	49	5	43	6	36	7	30	9	24	11	18	12	13	14	9	17	6	21	4	26	3	32	3	39	4	47	6	54	9	60	12	65	16	69	20	72	23	74	25	75	26	75	26	
27:
143	577.894	126	26	125	25	123	24	120	24	116	23	111	22	107	22	104	23	102	25	101	28	101	32	102	37	104	41	107	44	111	46	116	47	122	47	129	47	137	46	144	44	152	41	159	38	165	35	170	31	174	26	177	22	179	19	180	17	182	16	185	16	188	17	190	19	192	21	193	24	193	28	192	33	190	39	187	46	183	53	178	61	172	69	165	78	157	86	148	93	138	99	128	104	119	109	110	113	102	118	95	123	89	128	84	132	80	135	76	137	73	138	71	138	70	137	70	135	71	132	72	128	72	123	72	118	71	114	71	111	70	109	68	108	65	108	61	109	57	111	54	114	51	118	48	123	46	128	45	134	45	140	46	145	48	149	51	152	55	154	60	155	66	156	73	156	81	155	90	154	100	154	110	154	119	154	127	154	135	154	142	155	148	157	153	160	157	164	160	169	162	175	163	180	163	184	162	187	160	189	157	190	153	190	148	189	142	187	135	185	127	182	118	178	108	173	97	167	85	160	73	152	62	143	52	133	43	122	35	110	28	99	22	87	17	76	13	66	10	57	8	49	7	42	7	36	8	31	10	27	13	23	17	20	22	18	28	17	35	17	43	18	52	19	62	21	72	22	81	22	90	22	98	21	105	20	111	20	116	20	120	21	123	23	125	25	126	26	126	26	
28:
131	441.386	42	63	41	63	39	63	36	64	33	66	31	68	30	71	30	74	31	76	33	77	36	78	40	79	44	79	49	78	53	76	56	73	59	69	61	64	62	58	62	51	61	43	59	36	58	30	58	24	59	19	61	15	64	12	68	10	73	9	79	9	86	10	94	12	103	15	113	19	124	24	134	30	143	36	151	43	158	49	165	54	171	59	176	63	180	66	183	68	185	69	186	71	186	73	185	74	183	76	180	78	176	79	171	81	165	84	158	88	151	93	145	99	139	106	134	114	130	122	127	130	125	138	124	145	123	151	123	156	122	160	120	163	117	165	113	166	108	166	102	165	95	163	87	162	79	162	72	163	66	165	61	168	55	172	48	175	40	178	33	180	27	181	22	181	18	180	14	178	11	175	9	171	8	166	8	160	9	155	11	151	14	146	18	142	23	139	27	135	30	132	32	130	33	128	33	125	32	123	30	120	27	116	25	111	24	105	24	98	25	90	27	81	28	72	28	63	27	54	25	46	22	39	18	33	13	28	9	24	6	21	3	19	1	18	0	18	0	19	1	21	3	24	6	28	10	33	15	38	21	44	27	49	32	53	36	57	39	60	41	62	42	63	42	63	
29:
147	176.073	125	84	124	85	122	86	119	88	115	89	110	90	106	90	101	89	95	87	89	84	82	80	76	75	71	69	67	63	64	57	62	50	61	44	60	39	58	35	57	32	55	30	52	29	48	29	43	30	37	32	30	35	24	37	19	40	15	42	11	43	8	43	6	42	5	40	5	37	6	33	8	28	11	22	15	16	20	11	26	7	33	3	41	0	50	-2	60	-3	70	-3	79	-2	87	0	94	3	100	7	105	11	109	15	112	18	114	20	116	21	117	21	117	20	118	18	120	15	121	12	123	9	126	5	130	2	134	0	137	-1	140	-1	142	0	143	2	143	5	142	9	140	14	137	20	133	27	128	35	122	44	117	54	112	65	107	75	103	85	100	96	98	107	97	117	97	126	97	134	98	141	100	147	103	152	107	156	112	159	118	161	125	162	133	162	141	162	148	162	154	161	159	161	163	162	166	163	168	165	169	168	169	171	168	174	166	176	163	177	159	177	154	177	148	177	141	176	133	174	125	171	116	168	106	166	95	163	83	160	71	158	60	156	50	155	41	155	33	155	26	154	20	153	15	153	11	153	8	153	6	152	5	150	5	149	6	148	8	146	11	143	15	139	20	134	26	130	33	126	41	122	50	117	60	111	70	104	80	98	89	93	97	89	104	86	110	84	115	83	119	82	122	82	124	83	125	84	125	84	
30:
138	36.444	4	16	5	15	6	13	6	11	7	9	7	8	6	8	6	9	5	11	5	14	6	18	8	23	11	28	15	32	20	35	24	37	28	38	33	38	38	37	43	35	49	33	54	32	59	32	64	33	70	35	76	37	81	40	85	43	88	45	90	46	91	46	91	45	90	43	88	40	86	36	84	31	83	25	83	18	84	11	86	5	89	-1	93	-6	98	-10	104	-13	110	-15	117	-16	125	-16	134	-15	143	-13	152	-10	160	-7	167	-3	173	2	178	8	182	15	185	22	187	29	188	37	188	45	187	52	185	59	182	65	178	71	173	76	167	82	160	89	154	95	147	101	141	107	136	113	132	119	129	126	127	134	126	142	126	150	127	158	129	165	132	171	136	176	141	180	146	183	152	185	159	187	165	188	171	188	176	187	180	185	183	182	185	178	186	175	186	173	185	172	183	172	180	172	176	173	171	175	165	178	158	181	150	184	141	188	131	191	121	193	110	194	98	194	87	193	77	191	68	188	60	184	53	179	47	173	42	166	38	158	35	151	33	144	32	138	32	133	33	129	35	126	38	124	42	122	45	119	48	115	50	110	51	104	51	97	50	89	48	80	45	71	41	61	36	52	31	44	25	37	19	31	14	26	10	22	7	19	5	17	4	16	4	16	
31:
136	136.313	90	108	91	109	93	111	95	114	98	117	100	121	101	124	103	126	106	127	108	127	109	128	109	130	108	132	106	135	103	137	101	138	100	138	100	137	101	135	103	132	106	128	110	123	115	119	121	116	128	114	135	113	143	113	150	114	156	116	161	119	165	123	168	128	170	133	171	137	171	140	170	142	168	143	167	143	167	142	168	140	170	138	173	137	177	137	180	138	182	140	183	142	183	145	182	149	180	154	177	160	174	167	172	173	171	178	171	182	172	185	174	187	177	188	181	188	186	187	191	185	197	182	204	178	210	173	215	167	219	160	222	152	224	143	225	133	225	122	224	111	222	101	219	92	215	84	210	76	204	69	197	63	189	58	180	54	171	51	161	49	150	48	140	47	131	47	123	46	116	44	109	41	103	37	98	32	94	26	91	20	89	15	87	11	86	8	86	6	85	5	84	5	82	6	79	8	75	11	71	15	66	19	60	23	54	26	48	28	41	29	33	29	26	28	20	26	15	23	11	19	8	14	6	10	5	7	5	5	6	4	8	4	11	5	15	7	20	10	26	14	33	18	41	23	50	29	58	36	65	44	72	53	78	63	83	72	87	80	90	87	92	93	93	98	93	102	92	105	91	107	90	108	90	108	
32:
137	468.222	112	170	113	169	115	167	116	165	116	162	115	158	113	153	110	149	106	146	101	144	96	143	92	143	88	144	85	145	83	147	82	150	82	154	81	158	79	163	77	167	76	170	76	172	77	173	79	173	81	172	82	170	82	167	82	163	81	158	79	152	76	146	72	140	67	135	61	131	54	128	46	126	38	125	30	125	23	126	17	126	12	125	8	123	5	120	3	116	1	111	0	105	0	100	1	96	3	93	6	90	10	86	15	83	21	80	28	78	35	77	42	76	48	76	53	77	57	77	60	76	62	74	63	71	63	68	62	65	60	61	57	56	53	50	48	43	42	36	37	29	33	23	30	18	28	14	27	11	27	9	28	8	30	8	33	9	37	11	42	14	48	18	54	21	61	25	69	30	78	36	88	43	99	51	109	59	119	68	128	76	136	83	143	90	149	96	155	101	160	105	164	108	167	110	169	111	171	111	174	110	178	108	183	105	189	101	194	96	198	90	201	83	203	75	204	68	204	62	203	57	201	53	198	50	194	48	189	47	185	47	182	48	180	50	179	53	179	57	180	62	180	68	179	75	177	83	174	92	170	102	166	113	161	123	155	132	148	140	140	147	133	153	127	158	122	162	118	165	115	167	113	169	112	170	112	170	
33:
141	58.421	126	128	127	127	129	125	132	123	136	121	139	118	141	114	142	109	142	104	141	100	139	97	136	94	132	90	127	87	121	85	116	84	112	84	109	85	107	86	106	88	106	91	107	93	109	94	112	94	116	94	121	93	127	91	134	88	142	86	149	83	155	79	160	75	164	70	167	64	169	57	170	51	170	45	169	40	168	36	166	33	163	31	159	30	154	30	148	31	141	32	133	32	124	31	114	31	103	30	91	28	78	25	66	21	55	17	45	13	35	10	26	8	18	7	11	6	5	6	0	7	-4	9	-7	12	-9	16	-10	21	-10	27	-9	34	-7	42	-4	49	0	55	5	61	11	66	18	70	24	75	30	81	36	88	41	96	45	105	48	115	50	126	51	136	53	145	55	153	56	160	56	166	55	171	53	175	50	178	46	180	42	182	37	183	31	184	25	184	19	184	14	183	10	181	7	180	5	179	4	177	4	174	5	172	7	170	10	169	14	169	19	170	25	171	32	172	40	174	49	176	59	177	70	178	82	179	94	179	107	178	119	176	130	174	140	173	149	173	157	172	164	170	170	167	175	163	179	158	182	152	184	145	185	139	185	134	184	130	182	126	179	123	175	121	170	120	164	120	157	121	150	123	144	124	139	124	135	124	132	125	129	127	127	128	126	128	126	128	
34:
140	549.651	62	68	63	67	65	66	68	65	72	65	75	66	77	68	79	71	81	73	84	74	88	74	93	73	97	71	100	68	102	64	103	59	103	53	103	47	102	42	100	37	97	33	93	30	88	28	82	27	75	27	67	28	60	30	54	33	49	37	45	41	42	46	39	52	37	59	36	67	36	76	37	84	39	91	42	97	46	102	51	106	56	109	62	111	67	112	72	112	76	112	79	113	81	115	82	118	82	122	81	127	79	133	78	140	78	147	79	154	80	160	80	165	79	169	77	172	74	174	70	175	65	176	59	177	52	177	45	176	38	174	32	171	27	167	22	162	17	156	13	150	10	143	8	135	7	126	7	117	8	109	10	102	13	96	17	91	22	86	28	82	35	79	43	77	52	76	62	76	73	77	85	79	97	82	109	86	120	91	130	97	139	104	147	112	154	121	160	129	165	136	169	144	172	152	174	160	175	167	175	173	175	178	174	182	172	185	171	188	171	190	172	191	174	191	177	190	180	188	184	185	189	181	193	176	196	170	199	163	201	155	202	146	202	136	201	125	199	114	196	103	192	93	187	84	181	76	174	69	166	63	158	58	149	54	139	51	128	49	117	48	107	48	98	49	90	51	83	54	77	58	72	62	68	65	65	67	63	68	62	68	62	68	
35:
121	79.844	59	13	58	14	56	16	53	19	49	22	46	26	44	31	42	36	41	42	41	47	42	51	44	54	47	56	51	57	56	57	62	56	69	55	77	53	85	50	93	46	101	41	109	36	118	32	126	28	135	25	143	23	150	22	156	22	161	23	165	25	168	28	170	31	171	35	171	40	171	46	171	53	171	61	170	70	168	79	165	89	161	100	156	110	152	121	149	131	147	140	145	148	144	155	142	161	141	166	141	170	141	174	141	177	141	179	141	180	140	180	138	179	136	177	133	174	129	170	124	165	119	159	113	154	108	150	102	146	96	143	89	141	81	140	74	140	68	141	61	141	55	140	50	138	46	135	43	131	41	127	40	124	40	122	40	121	41	121	41	122	40	124	40	127	39	131	39	136	40	142	42	149	45	157	48	164	52	170	56	175	60	179	63	182	65	184	67	185	70	185	72	184	73	182	73	179	72	175	71	170	71	164	72	157	72	149	73	140	75	130	77	119	80	109	82	98	83	87	84	76	84	66	83	57	81	49	78	41	74	34	69	28	65	23	62	19	60	16	59	14	59	13	59	13	
36:
130	22.071	163	132	164	133	166	134	169	135	173	135	178	134	182	132	185	129	187	125	188	120	188	115	187	111	185	108	182	106	178	105	173	105	167	106	160	108	153	111	145	115	136	120	127	124	119	127	112	129	105	130	99	130	94	129	90	127	87	124	85	120	84	116	82	111	79	106	76	102	73	99	71	97	68	96	64	96	61	97	58	99	56	102	55	106	54	111	54	117	55	124	55	132	55	141	54	149	54	156	55	162	56	167	58	171	61	174	65	176	70	177	76	177	83	177	91	178	100	180	109	183	119	185	130	186	140	186	150	185	159	183	167	180	174	176	180	171	185	165	190	158	194	151	197	143	199	134	200	124	200	113	199	101	197	90	194	80	190	71	185	63	179	56	172	50	164	45	155	41	145	38	135	36	124	35	112	35	100	36	89	38	79	41	70	45	61	50	51	56	42	61	34	65	27	68	21	70	15	71	10	71	6	70	3	68	1	65	0	63	0	60	1	56	3	52	6	48	10	45	15	43	21	42	28	42	36	43	45	45	55	48	66	52	78	57	90	63	101	70	111	78	120	87	128	96	135	104	142	111	148	117	153	122	157	126	160	129	162	131	163	132	163	132	
37:
121	156.677	25	26	24	25	22	23	19	22	15	22	10	23	5	25	1	28	-2	32	-4	37	-5	43	-5	50	-4	58	-2	66	1	73	5	79	10	84	15	89	21	93	26	96	30	98	33	100	36	101	38	101	39	100	39	100	38	100	36	100	33	101	29	103	24	106	19	110	15	115	12	121	10	127	9	134	9	142	10	151	12	159	15	166	19	172	24	177	30	181	35	185	41	188	47	190	52	191	56	191	61	190	65	188	68	185	70	181	71	176	72	170	74	163	77	155	81	146	84	136	86	125	89	113	91	101	92	90	92	80	92	71	93	63	94	56	96	50	99	45	103	41	108	38	114	36	121	35	127	35	132	35	136	36	139	38	141	40	142	43	142	46	141	50	139	54	138	58	138	63	139	67	141	72	143	76	146	79	150	81	155	82	161	82	166	81	170	79	173	76	175	72	177	67	178	61	178	55	177	50	175	46	172	41	168	35	163	30	157	24	150	19	142	14	133	10	123	7	113	5	102	4	91	4	80	5	70	7	61	10	53	14	46	18	40	21	35	24	31	26	28	27	26	27	25	26	25	26	
38:
169	363.813	24	84	25	83	26	81	27	78	27	74	27	71	26	69	24	67	21	66	17	66	13	67	10	69	8	72	7	74	7	76	8	77	10	77	12	76	13	74	13	71	12	67	11	62	11	58	12	54	14	51	16	48	19	46	23	45	28	45	34	46	40	48	47	51	55	55	63	59	70	63	77	66	83	68	88	69	92	69	96	68	99	66	101	63	102	59	102	55	101	50	100	45	98	41	95	38	92	36	90	35	88	35	87	36	87	38	88	41	90	45	91	50	91	56	90	63	88	71	85	79	81	87	76	94	70	100	63	105	56	109	50	112	45	114	41	115	38	115	36	114	35	112	35	111	36	111	38	112	41	114	45	117	49	121	52	126	54	132	55	139	55	147	54	154	52	160	49	166	46	171	42	175	37	178	33	182	30	185	28	187	27	188	27	190	28	193	30	197	33	202	37	206	42	209	48	211	55	212	63	212	72	211	82	209	93	206	105	202	117	197	128	191	138	184	147	176	155	167	162	157	169	146	175	134	180	121	184	108	187	96	189	85	190	75	190	66	189	58	187	51	184	45	180	40	175	36	169	33	164	30	160	26	157	23	154	21	152	20	151	18	151	16	152	15	154	15	157	16	161	18	166	21	172	25	178	28	183	30	187	31	190	31	192	30	193	28	193	25	192	21	190	17	187	14	183	12	178	11	172	11	165	12	157	14	148	17	138	21	127	26	115	32	102	39	90	47	79	55	69	62	60	68	52	73	45	77	39	80	34	82	30	84	27	85	25	85	24	84	24	84	
39:
142	205.839	98	57	97	58	95	59	93	61	92	64	91	67	91	69	92	70	94	71	97	72	101	74	106	77	112	81	119	84	126	87	132	89	137	90	141	90	144	89	147	88	150	88	152	89	155	91	158	94	162	98	165	103	169	109	174	116	180	124	185	133	189	142	192	151	194	159	195	166	195	172	194	177	192	181	189	184	185	186	180	187	175	187	170	186	166	184	163	183	161	183	159	184	157	186	154	189	150	191	145	192	139	193	132	195	124	197	115	198	106	198	97	197	89	195	81	192	73	188	66	183	60	178	55	172	51	167	48	162	46	156	45	149	45	142	46	134	48	125	51	115	55	104	59	92	62	80	64	68	65	57	67	47	69	38	72	30	76	23	80	17	83	12	85	7	86	2	86	-2	85	-5	83	-7	80	-8	76	-8	71	-7	66	-5	60	-2	53	2	47	6	42	9	38	11	35	13	33	14	32	14	32	13	33	12	35	12	38	13	42	15	47	18	53	22	60	27	68	33	77	39	87	44	98	48	110	51	122	53	133	54	143	54	152	53	160	51	167	48	173	45	178	41	182	36	185	30	187	24	188	19	188	15	187	12	185	10	182	9	178	9	173	10	167	12	160	15	152	19	143	24	134	30	126	36	119	42	113	47	108	51	104	54	101	56	99	57	98	57	98	57	
40:
107	126.312	141	163	140	162	138	161	135	159	132	156	129	152	127	147	126	143	126	139	127	134	129	130	132	127	136	123	141	118	147	114	152	111	156	109	159	108	161	107	162	105	162	102	161	100	159	99	158	99	158	98	159	97	161	97	164	96	167	94	171	91	175	88	178	84	180	79	181	73	181	66	180	58	178	49	177	41	175	34	173	27	172	21	170	15	167	10	164	6	160	3	155	1	150	0	144	0	139	1	135	3	130	6	124	10	117	13	109	15	100	16	90	16	80	16	71	16	63	17	56	19	50	22	43	26	37	31	32	37	28	44	25	52	23	61	22	70	21	78	21	85	22	91	23	96	25	100	26	103	26	105	25	106	23	106	20	105	17	104	15	104	14	105	14	107	15	110	17	114	20	119	23	125	27	132	31	139	36	146	42	154	48	161	53	167	58	172	64	176	71	179	79	181	88	182	97	183	105	183	113	182	120	180	126	177	131	173	135	169	138	166	140	164	141	163	141	163	
41:
131	386.98	131	38	131	37	132	35	134	32	137	28	141	25	146	23	151	22	157	22	162	23	166	25	169	27	171	30	172	34	172	39	171	45	169	51	166	58	162	65	159	73	156	82	153	91	149	99	144	108	138	116	131	123	124	129	118	134	113	138	108	141	104	143	100	144	95	144	91	143	88	141	86	139	85	138	85	138	86	139	88	141	91	144	95	148	98	153	100	159	101	165	101	172	100	180	98	187	95	193	91	198	86	202	80	206	73	209	65	211	56	212	47	212	39	211	32	209	26	206	21	202	17	197	14	191	12	184	11	176	11	167	11	157	12	146	12	136	12	127	11	119	11	111	10	104	9	98	8	93	8	89	9	86	11	84	14	83	18	83	23	84	29	85	35	86	41	86	46	85	50	83	53	80	55	76	56	71	58	65	60	58	62	50	63	42	63	35	62	29	60	24	57	20	53	17	49	15	44	14	38	14	31	14	24	13	18	12	13	10	9	9	6	9	4	10	3	11	3	13	4	16	6	19	9	22	13	24	18	25	24	25	31	25	39	24	48	22	58	20	69	19	79	19	88	19	96	20	103	22	110	24	116	27	121	30	125	33	128	35	130	37	131	38	131	38	
42:
126	29.297	143	56	142	57	140	57	137	58	133	59	128	61	124	64	121	67	119	71	118	75	118	80	119	85	121	89	124	92	128	96	133	99	139	101	146	102	152	102	157	102	161	101	164	99	166	96	167	93	167	90	166	88	164	87	161	87	157	87	152	88	146	88	139	87	131	85	122	82	112	78	102	73	91	68	81	64	72	61	64	59	57	58	51	58	46	59	42	61	39	64	37	68	36	73	36	79	37	86	39	92	42	97	46	101	49	104	53	106	57	107	62	107	66	108	69	109	71	111	72	114	72	118	71	123	69	129	67	136	65	143	64	150	64	156	65	161	67	165	69	168	72	170	76	171	81	171	85	170	88	168	91	165	95	163	99	162	104	162	108	163	111	165	113	168	114	172	114	176	113	181	111	185	108	188	104	190	99	191	93	191	86	191	78	190	69	189	59	189	50	188	42	186	35	183	29	180	24	176	20	171	17	165	15	158	14	150	14	142	15	134	17	127	20	121	24	116	29	112	35	109	42	107	50	106	59	105	69	103	79	101	89	98	98	94	107	89	115	83	122	77	128	71	133	66	137	62	140	59	142	57	143	56	143	56	
43:
165	1826.469	143	186	142	186	140	185	137	185	135	186	134	187	134	188	135	189	136	189	138	188	141	186	145	183	150	180	154	178	157	177	159	175	160	172	160	168	159	164	157	161	154	159	150	157	145	156	139	156	132	157	124	157	117	156	111	154	106	151	102	147	99	142	96	136	94	131	93	127	93	124	94	122	96	121	99	119	103	116	107	113	110	109	112	105	113	102	113	98	112	93	110	88	107	84	103	81	98	79	92	78	85	78	77	79	68	81	59	84	51	88	44	93	38	99	32	106	27	114	23	123	20	133	18	142	17	150	17	157	18	163	20	168	21	172	23	176	24	179	24	181	23	182	21	182	18	181	14	179	9	176	3	172	-2	167	-6	161	-10	154	-13	146	-15	137	-16	127	-16	116	-15	104	-13	91	-10	79	-8	68	-6	58	-4	49	-1	41	3	34	6	28	8	23	10	19	12	16	15	14	18	13	21	13	25	14	28	16	31	19	35	22	40	24	46	25	53	25	61	25	70	25	80	25	90	26	99	28	107	31	114	34	120	36	125	37	129	37	132	36	134	34	135	31	135	27	134	23	132	19	129	16	125	14	120	13	114	13	107	14	99	16	90	17	80	17	69	16	58	14	48	11	39	7	31	4	24	1	18	-1	13	-2	9	-2	6	-1	4	1	3	4	3	8	4	13	6	19	9	26	13	34	18	43	24	53	31	64	39	76	48	89	58	102	69	114	80	125	90	135	99	144	107	152	115	159	122	165	128	171	133	176	137	180	140	183	142	185	143	186	143	186	
44:
158	71.224	19	58	18	59	18	61	17	64	17	68	17	72	16	75	14	78	12	80	11	81	10	81	9	80	7	78	5	75	4	71	4	66	5	60	7	53	10	46	14	40	18	35	23	31	29	28	35	26	41	25	46	25	52	26	59	28	66	31	73	35	79	40	84	46	88	53	92	60	96	68	99	77	103	87	108	98	114	108	119	117	124	127	128	136	131	144	133	151	134	157	134	162	133	166	131	171	128	175	124	178	121	181	117	183	114	185	112	186	111	186	111	185	112	183	114	180	117	177	121	175	125	174	130	173	136	173	143	174	151	176	159	177	166	179	173	182	180	184	186	185	191	185	195	184	198	182	201	179	203	175	204	170	204	164	203	157	201	149	198	140	194	130	189	119	184	107	180	95	176	83	171	72	167	62	163	53	158	45	152	38	145	32	139	27	133	22	128	18	124	15	119	13	113	12	106	12	98	13	91	15	85	18	78	22	72	27	67	33	62	40	57	48	53	57	49	67	46	78	44	89	42	99	40	109	38	118	37	126	37	133	37	139	36	144	34	148	31	151	29	153	28	154	26	154	23	153	19	152	15	151	10	151	4	152	-1	154	-5	156	-8	159	-10	163	-11	168	-11	172	-10	175	-8	177	-5	178	-1	178	4	177	8	175	11	172	13	168	14	163	14	157	13	150	11	142	8	133	5	123	3	113	2	103	2	94	3	86	4	79	6	73	9	68	13	64	16	61	18	59	19	58	19	58	
45:
137	379.384	72	117	73	116	75	116	78	117	82	119	87	122	92	126	97	130	101	135	104	140	106	146	107	153	107	159	106	164	105	168	103	172	100	175	96	177	91	178	85	178	78	177	70	175	62	172	54	168	47	163	41	157	36	150	32	142	28	134	25	125	23	115	22	106	22	98	23	90	25	83	28	77	32	72	37	68	43	65	49	63	56	62	63	62	69	62	74	61	78	59	81	56	83	52	84	47	84	41	83	35	81	29	78	24	74	20	69	17	63	15	58	14	53	14	49	15	46	17	44	20	43	22	43	25	44	27	46	30	49	32	53	35	58	39	64	42	71	44	79	45	88	47	98	48	107	49	117	51	126	54	134	56	141	59	147	63	152	67	156	72	159	76	161	79	162	81	162	82	161	82	159	81	156	79	153	76	150	72	148	67	147	61	147	54	147	48	148	43	150	39	153	36	157	34	162	33	168	33	175	34	181	36	186	39	190	43	193	48	196	54	199	61	201	68	203	76	204	85	204	95	203	106	201	117	198	127	194	136	189	144	183	151	178	157	174	162	170	166	165	169	159	171	152	172	146	172	141	171	135	169	128	166	120	162	111	157	103	151	96	144	90	138	85	132	81	127	78	123	75	120	73	118	72	117	72	117	
46:
116	13.176	162	55	161	54	161	53	162	51	162	48	161	44	159	40	157	37	156	35	156	34	157	34	158	35	160	37	162	40	163	44	164	49	165	55	167	62	170	70	174	78	178	87	181	96	183	106	184	116	185	125	185	133	184	140	182	146	179	151	175	155	170	158	164	162	157	167	149	172	141	176	133	180	124	184	116	188	109	191	103	193	98	194	94	194	91	193	89	191	88	188	88	184	89	179	91	173	94	166	98	158	102	149	105	139	108	128	110	117	111	107	112	97	112	87	113	78	113	70	112	63	110	57	107	52	103	48	98	45	92	43	85	42	77	42	68	43	60	45	53	48	47	52	42	57	36	63	29	70	23	76	18	82	14	87	11	93	9	100	8	108	8	117	9	127	11	137	12	146	12	154	11	161	9	167	6	172	4	177	3	181	3	184	4	186	6	187	9	187	13	186	18	184	24	181	31	177	39	172	48	166	58	159	69	151	81	142	93	132	104	121	114	110	123	100	131	91	138	83	144	76	149	70	153	65	156	61	159	58	161	56	162	55	162	55	
47:
111	6.107	170	1	169	0	167	0	164	0	160	-1	155	-1	149	0	143	1	138	2	133	4	129	6	126	9	124	13	123	16	123	20	124	23	126	26	129	29	133	33	136	38	138	44	139	49	139	53	138	57	136	62	135	66	135	69	136	71	137	73	139	75	142	78	146	82	150	87	153	93	155	100	156	108	156	115	155	121	153	127	150	132	148	136	147	139	146	141	146	144	147	147	149	150	152	154	156	159	159	164	161	170	162	176	162	181	161	185	159	188	156	190	152	191	147	191	141	190	134	188	127	185	120	182	112	178	103	175	94	173	85	172	77	172	69	173	61	175	54	177	48	179	43	181	39	182	36	182	34	181	33	179	33	176	34	172	36	168	38	163	40	157	41	152	41	148	40	145	38	143	35	141	33	140	32	140	32	140	33	139	35	137	38	134	42	130	47	125	53	119	60	112	68	105	77	97	87	88	98	78	109	67	119	56	128	46	136	37	143	29	149	22	155	16	160	11	164	7	167	4	169	2	170	1	170	1	
48:
160	3434.109	17	19	16	19	14	20	11	22	8	23	6	23	4	22	3	20	3	17	4	13	6	8	9	3	13	-1	18	-4	24	-6	31	-7	39	-7	48	-6	57	-4	66	-1	74	3	81	8	87	14	94	19	102	23	109	26	115	28	120	29	124	29	128	28	131	26	133	23	134	19	134	16	133	14	131	12	130	11	130	11	131	12	133	14	134	17	135	21	135	26	134	32	132	38	130	43	127	47	125	50	124	52	124	53	125	54	126	54	128	53	131	51	135	48	140	45	145	42	149	38	152	33	154	27	155	22	155	18	154	15	152	13	149	12	145	12	140	13	134	15	127	18	119	22	110	26	102	31	95	37	89	44	83	52	78	61	74	71	71	81	69	90	68	98	68	106	69	113	71	119	74	124	78	128	83	131	89	133	96	134	104	134	113	135	123	137	133	140	142	142	150	145	157	147	163	148	168	148	172	148	175	147	177	145	178	142	178	138	177	133	175	127	172	120	168	114	163	109	157	105	150	102	142	100	133	99	123	99	112	99	100	100	88	102	76	105	65	108	54	110	44	112	35	115	27	119	20	124	14	130	9	137	5	145	2	152	0	160	-1	167	-1	173	0	178	2	182	5	185	8	187	11	188	15	188	20	187	26	185	33	182	39	178	45	173	50	167	54	160	57	152	59	143	60	133	60	122	60	110	59	97	58	85	56	74	53	64	49	55	44	47	38	40	32	34	27	29	23	25	20	22	18	20	17	19	17	19	
49:
111	12.363	40	159	39	158	39	156	40	153	41	149	42	144	42	138	43	131	45	123	48	116	52	110	55	105	57	101	60	98	62	96	65	95	68	95	72	96	77	97	83	97	89	96	94	94	98	91	101	87	103	83	104	80	105	78	107	77	110	77	114	78	119	80	125	83	130	87	134	92	137	98	140	105	142	113	143	121	143	129	142	136	142	142	143	147	145	151	148	154	152	156	157	157	163	157	170	156	178	154	185	151	191	147	196	142	200	136	203	129	205	121	206	112	206	102	205	91	203	79	201	68	198	58	194	49	189	40	183	32	176	25	168	19	159	14	149	10	138	7	128	5	119	4	111	4	104	5	97	7	91	10	85	12	80	13	74	13	69	12	65	10	61	7	58	5	56	2	55	0	55	-1	56	-1	57	0	58	2	58	5	57	9	55	14	52	20	48	27	43	35	37	44	32	54	28	65	24	77	21	88	19	98	18	107	18	115	19	123	21	131	23	138	26	144	30	149	34	153	37	156	39	158	40	159	40	159	
50:
146	2037.402	112	3	111	4	109	6	106	9	103	13	101	18	100	24	100	31	100	37	100	42	101	46	103	50	106	53	110	55	115	56	121	56	128	55	136	54	145	54	154	55	162	56	169	58	175	59	180	59	184	58	187	56	189	53	190	49	190	44	189	39	187	35	184	32	180	30	175	29	169	29	162	30	154	32	146	35	139	39	132	44	126	50	121	57	117	65	114	73	112	80	111	86	111	92	112	97	114	101	117	105	121	108	126	110	132	113	139	116	147	120	154	123	161	126	167	129	172	133	176	138	179	144	181	151	182	157	182	162	181	166	179	169	176	171	172	172	167	172	161	171	154	169	146	167	139	165	133	164	128	164	124	165	121	167	119	170	117	174	116	178	116	181	116	183	115	184	113	184	110	183	106	181	101	178	95	174	88	170	80	167	71	165	63	164	56	164	49	165	43	167	38	170	34	172	31	175	29	177	28	178	26	178	25	177	23	175	22	172	22	168	23	163	25	157	26	150	26	142	25	133	25	123	25	112	25	100	25	89	25	79	26	70	27	61	27	53	27	46	26	40	24	35	21	31	18	27	15	24	13	22	12	21	12	21	13	22	15	24	18	27	22	31	27	34	33	36	40	37	48	37	57	36	67	34	76	31	84	27	91	23	97	18	102	13	106	9	109	6	111	4	112	3	112	3	
51:
133	237.774	32	68	31	67	29	65	27	62	24	58	20	53	16	47	13	41	11	34	10	26	10	19	11	12	13	6	16	1	20	-3	25	-6	31	-8	38	-9	46	-9	53	-8	59	-6	64	-3	68	1	71	6	73	12	75	19	76	25	76	30	76	34	75	37	73	39	72	40	72	40	72	39	73	37	75	34	78	30	82	26	87	23	92	20	98	18	105	17	113	17	121	18	129	20	136	23	142	27	147	32	153	38	158	45	162	53	165	60	168	67	170	74	172	82	173	89	173	96	172	102	170	107	167	111	164	114	162	116	161	117	161	118	162	118	164	117	167	115	171	114	175	114	179	115	182	115	184	115	185	115	185	116	184	118	182	121	179	125	175	129	170	133	164	136	157	138	149	139	140	139	130	138	121	136	113	133	105	129	98	125	92	120	87	116	81	113	74	111	68	110	62	110	56	111	51	113	47	115	44	118	41	122	37	127	34	133	32	140	31	148	31	155	32	161	34	167	37	172	41	176	46	179	52	181	58	182	65	182	71	181	76	179	80	176	83	172	85	167	86	161	86	154	85	146	83	137	80	127	76	117	71	108	65	100	58	93	52	87	47	82	42	78	38	74	35	71	33	69	32	68	32	68	
52:
143	1778.171	162	24	163	25	165	27	168	28	171	28	174	29	178	29	181	28	183	26	184	23	184	20	183	18	181	16	178	15	174	14	169	14	163	15	156	17	150	20	145	24	141	29	138	34	135	40	133	46	132	51	132	56	133	61	134	66	134	72	133	77	131	81	128	84	124	87	121	90	119	94	118	99	118	105	119	112	121	120	124	129	128	137	133	145	139	152	146	158	152	163	157	167	161	171	164	175	166	180	167	184	167	189	166	194	164	198	161	201	157	205	152	208	146	210	139	211	131	211	122	210	112	208	101	205	91	202	81	198	72	193	64	187	57	181	51	174	46	168	42	163	39	159	36	155	34	152	33	150	33	149	34	149	36	150	38	152	39	155	39	159	38	164	36	169	33	174	29	178	24	181	18	183	13	184	9	184	6	183	4	181	3	178	3	174	4	169	6	163	9	156	13	148	16	139	18	129	20	119	21	108	23	97	24	86	24	76	24	67	24	59	25	52	27	45	30	39	34	34	39	30	45	27	52	25	60	24	67	24	75	25	84	26	92	27	99	27	105	26	110	25	114	23	117	20	119	16	120	13	120	11	119	10	117	9	115	9	114	8	114	6	115	5	117	3	120	2	124	2	129	3	135	5	141	7	147	10	152	14	156	18	159	21	161	23	162	24	162	24	
53:
117	5.002	106	172	105	173	103	175	100	176	98	176	96	175	95	173	95	170	96	166	98	162	101	157	105	153	110	150	116	148	123	147	131	147	138	148	144	150	149	153	153	157	156	162	158	166	159	169	161	171	164	172	167	172	171	171	175	169	178	166	180	162	181	157	181	152	180	146	180	139	179	131	179	122	180	113	182	103	183	94	184	86	184	79	183	73	181	68	178	64	174	61	170	59	165	58	159	58	154	59	148	61	141	64	135	68	130	72	125	77	120	81	116	84	113	86	110	87	108	87	107	86	106	84	104	81	101	77	97	73	93	69	88	65	82	62	75	60	68	59	61	59	55	60	50	61	46	63	43	66	41	70	40	73	40	76	40	78	41	79	43	79	44	78	44	76	43	73	41	69	39	64	37	59	36	54	34	48	31	43	27	39	23	36	19	34	16	33	14	33	12	34	10	36	9	39	9	43	10	48	12	54	15	61	19	68	24	76	30	85	37	95	44	106	52	117	61	127	70	136	78	144	85	151	91	157	96	162	100	166	103	169	105	171	106	172	106	172	
54:
139	929.769	110	49	111	48	113	47	116	45	120	43	125	40	129	37	132	33	134	28	135	23	135	18	135	14	134	10	132	7	129	5	125	4	120	4	114	5	107	7	100	10	93	13	85	17	77	20	69	22	61	23	54	23	47	22	41	20	36	19	32	19	29	19	27	20	26	22	26	25	27	29	29	34	32	40	36	45	41	49	46	52	52	56	57	60	61	65	64	71	66	76	67	81	67	86	66	91	64	95	61	99	57	104	54	110	51	117	49	125	48	133	48	141	47	148	46	154	44	159	41	163	37	166	32	168	26	169	21	169	16	168	12	166	9	163	7	159	6	154	6	149	7	145	9	142	12	140	16	139	21	139	27	139	34	139	42	138	51	136	61	134	71	131	80	129	90	126	99	122	107	118	114	113	120	107	125	101	129	96	132	91	135	87	137	84	138	82	140	81	143	81	147	82	151	84	155	87	159	91	162	96	166	102	169	109	173	115	178	122	182	130	185	139	187	148	188	156	188	163	187	169	185	174	182	178	178	181	173	183	167	184	160	184	154	183	147	181	139	178	131	174	124	169	117	163	111	157	106	150	102	142	99	133	96	123	93	112	91	102	90	93	90	85	91	77	93	70	96	64	100	59	104	55	107	52	109	50	110	49	110	49	
55:
141	31.501	93	170	92	170	90	169	87	168	84	166	82	163	80	159	79	154	79	150	80	147	82	145	85	144	89	144	94	145	98	146	102	146	105	146	107	145	108	143	109	140	110	136	110	131	110	127	109	124	108	122	106	121	103	121	99	122	96	124	94	127	93	130	93	134	94	139	96	145	99	150	103	154	108	157	114	159	121	160	129	160	136	159	142	157	149	154	155	150	160	145	164	139	169	132	173	124	178	115	183	105	187	95	190	86	192	78	194	71	195	65	195	59	194	54	192	50	189	47	185	45	180	44	174	44	167	45	159	47	150	50	140	54	129	58	117	63	106	69	96	74	87	79	79	83	72	86	66	88	61	89	57	89	54	88	52	86	50	83	49	81	48	79	46	78	43	78	39	79	36	81	33	84	31	88	29	92	28	95	28	97	29	98	31	98	33	97	36	95	39	92	41	88	42	83	42	77	41	70	40	62	38	54	35	47	31	41	26	36	22	32	19	27	17	21	16	16	16	11	17	6	18	2	20	-1	23	-3	27	-4	32	-4	38	-3	45	-1	52	2	60	6	69	11	78	17	87	24	95	32	102	41	108	51	113	62	117	74	120	87	122	99	123	110	123	120	122	129	120	137	117	144	113	150	108	155	103	160	99	164	96	167	94	169	93	170	93	170	
56:
141	5.293	119	70	118	69	116	67	113	64	109	61	106	58	104	56	103	55	103	55	104	55	106	56	109	56	113	55	118	55	124	54	131	53	139	51	146	48	152	46	159	45	167	45	174	46	180	47	185	49	189	52	192	56	194	61	195	67	195	74	194	82	192	91	189	101	185	111	180	122	176	133	172	143	169	152	167	160	166	167	166	173	167	178	168	182	170	185	173	187	175	188	176	188	176	187	175	185	173	182	170	178	166	173	161	167	155	162	148	157	140	153	131	150	122	148	114	147	107	147	101	148	96	150	92	153	87	157	83	162	80	168	78	173	77	177	76	180	76	182	75	183	73	183	70	182	66	180	61	177	55	173	48	168	42	162	36	155	31	148	27	142	24	137	22	132	21	128	21	125	22	123	24	122	26	122	29	123	33	124	38	125	44	126	50	126	56	125	61	123	65	120	68	116	70	111	72	107	73	103	73	100	73	98	72	97	70	97	69	98	68	100	66	103	63	107	59	112	54	118	48	125	41	133	34	141	27	148	21	155	16	161	12	166	9	170	7	173	6	175	6	176	7	176	9	175	12	173	16	170	21	166	27	161	34	155	42	149	51	142	61	134	71	125	80	115	88	106	95	98	101	91	106	85	110	80	113	76	116	73	118	71	119	70	119	70	
57:
123	114.617	101	46	100	47	98	49	96	52	94	56	93	61	93	66	94	70	96	75	99	79	103	82	108	84	114	86	121	87	128	87	136	87	144	86	151	85	158	84	164	84	169	85	173	87	176	90	178	94	179	98	179	103	178	109	177	115	175	120	172	124	168	127	163	129	157	130	151	131	144	131	136	130	127	128	117	125	108	121	100	117	91	112	83	107	76	103	70	100	65	98	61	97	56	97	52	98	49	100	47	103	46	107	46	112	46	117	45	122	43	128	40	133	36	137	31	140	26	142	20	143	13	143	7	142	2	140	-2	137	-5	133	-7	128	-8	122	-8	115	-7	107	-5	98	-3	88	0	77	4	65	8	54	12	44	17	35	23	27	30	20	38	14	45	9	53	5	62	2	71	0	80	-1	90	-1	99	0	109	2	119	3	128	3	136	3	143	4	149	5	154	7	158	10	161	14	163	19	164	24	164	28	163	31	162	33	162	35	163	37	165	39	167	40	169	40	170	41	170	43	169	44	167	44	164	44	160	44	155	45	149	47	143	48	136	48	129	47	122	45	116	43	111	42	107	42	104	43	102	45	101	46	101	46	
58:
134	20.641	91	116	92	117	94	119	95	122	95	126	94	129	93	131	91	133	88	134	84	134	80	133	76	131	73	129	70	126	68	122	67	117	67	111	68	105	70	100	73	95	77	91	82	88	87	86	91	85	94	85	96	86	97	87	98	87	98	86	97	84	96	81	96	77	97	72	98	66	100	59	103	51	107	43	110	36	112	30	113	25	115	21	118	18	122	16	127	15	133	15	140	16	147	18	153	20	160	21	166	22	171	24	175	27	178	31	180	35	181	40	181	46	181	53	180	61	178	70	175	80	171	91	166	103	161	114	157	124	154	133	150	141	147	148	145	154	144	159	143	164	141	168	138	171	134	173	129	174	123	174	117	173	110	171	102	168	93	164	83	159	72	155	62	152	53	150	45	148	38	147	32	147	27	148	23	150	20	153	18	156	17	158	17	159	18	159	19	158	21	156	24	153	28	149	33	145	39	140	46	134	53	127	60	119	66	110	71	100	75	89	78	79	80	70	81	62	81	55	80	49	78	44	77	40	75	37	72	35	68	34	63	34	59	35	56	37	54	40	53	44	53	49	54	55	56	62	59	70	63	79	68	87	74	94	79	100	83	105	86	109	88	112	90	114	91	115	91	116	91	116	
59:
133	1006.358	41	172	40	173	38	175	35	178	31	180	26	181	20	181	15	180	11	178	8	175	6	172	5	169	5	167	6	166	8	165	11	164	15	162	20	161	25	159	31	156	38	152	44	147	49	141	53	134	56	126	58	119	60	113	62	108	65	104	69	101	74	97	78	92	81	87	83	83	85	80	86	78	86	77	85	76	83	76	80	76	76	76	71	75	65	75	59	74	54	72	50	69	47	66	45	64	44	61	44	57	43	52	41	46	38	41	34	37	29	34	24	32	20	31	17	29	15	26	14	23	13	19	13	16	14	14	16	13	19	13	23	14	28	16	34	19	41	23	48	27	55	30	63	32	72	33	80	33	87	32	94	30	100	28	105	25	109	21	112	17	114	14	115	12	115	11	114	11	114	12	115	14	117	17	120	21	124	26	129	32	135	39	142	47	149	56	155	65	160	75	166	85	172	96	177	107	181	117	184	126	186	135	187	143	187	150	186	156	184	161	181	165	177	168	172	170	166	171	159	171	152	170	146	168	140	165	135	161	131	156	127	151	122	146	116	142	109	139	101	137	93	136	84	136	76	137	69	139	63	142	58	146	54	151	51	157	49	162	47	166	44	169	42	171	41	172	41	172	
60:
131	304.012	68	104	69	103	71	101	74	100	78	100	83	100	88	100	94	101	100	103	105	106	109	110	112	113	114	117	115	122	115	128	114	134	112	139	109	143	105	146	100	149	94	153	87	157	80	162	74	168	69	173	65	177	60	180	54	182	47	183	39	184	31	184	23	183	16	181	10	178	5	174	1	169	-2	163	-4	156	-5	148	-5	139	-4	129	-2	118	1	106	5	95	10	85	16	75	23	65	31	56	40	46	49	37	57	29	65	22	74	16	82	11	89	7	96	4	102	2	107	1	111	1	114	2	116	4	117	7	117	11	116	16	115	22	115	28	116	33	118	37	121	40	125	44	129	49	132	55	134	62	135	69	136	75	138	81	141	86	145	90	150	93	156	95	162	96	168	96	175	95	181	93	186	90	190	86	193	81	195	75	196	68	196	60	195	51	193	43	190	34	186	24	181	14	175	4	168	-5	160	-13	151	-20	141	-26	131	-31	120	-35	108	-38	95	-40	83	-41	72	-41	62	-40	53	-38	45	-35	38	-31	32	-26	27	-20	23	-14	20	-7	18	1	17	10	17	20	18	31	20	42	23	52	27	61	32	69	38	76	45	83	51	89	56	94	60	98	63	101	65	103	67	104	68	104	68	104	
61:
153	172.36	71	67	70	68	68	70	65	71	61	71	56	71	50	70	44	69	39	68	35	66	32	64	30	61	29	57	29	52	30	46	32	41	35	37	38	32	41	27	45	23	48	18	50	13	51	9	51	6	50	4	48	3	45	3	41	4	36	6	30	9	25	13	21	18	18	24	16	31	14	39	13	47	13	56	13	66	14	75	16	84	19	92	22	99	25	105	28	110	32	114	35	117	37	119	38	120	38	122	37	123	35	125	32	128	28	130	23	133	19	136	16	140	14	145	13	151	13	157	14	162	16	166	19	169	23	171	28	172	33	172	38	171	42	169	46	166	49	162	53	157	56	151	58	145	61	138	65	131	70	125	75	120	80	114	86	109	91	105	95	102	98	100	100	99	102	99	105	100	109	102	113	104	118	105	124	105	131	104	139	102	146	99	152	95	157	90	162	84	167	77	171	69	174	60	176	52	177	45	177	39	176	34	174	30	171	27	167	25	162	24	158	24	154	25	151	27	149	30	148	34	148	39	147	45	147	52	148	60	148	68	149	77	151	87	154	98	157	109	160	120	162	131	163	141	164	150	164	158	165	165	166	171	166	176	165	180	163	183	160	185	157	186	154	186	152	185	151	183	149	180	146	176	142	171	137	165	131	158	126	150	122	141	118	131	113	121	107	112	101	103	96	95	91	88	86	82	81	77	77	73	74	70	72	68	71	67	71	67	
62:
116	35.167	153	125	153	124	153	122	154	119	156	115	159	110	163	104	168	98	172	91	177	83	181	74	184	65	186	57	187	50	187	43	186	37	184	31	181	26	177	22	172	19	166	17	161	16	157	16	154	17	151	19	148	22	146	26	145	31	143	36	140	42	137	47	133	51	128	54	122	56	115	57	107	57	98	56	88	54	79	51	71	47	64	42	58	36	53	29	49	23	46	17	44	12	43	8	43	5	44	3	46	2	49	2	52	3	56	5	61	8	66	12	70	16	74	21	77	27	79	34	80	42	80	51	80	60	79	68	77	75	74	81	70	86	65	90	59	93	52	95	44	96	35	96	27	95	20	94	14	93	9	93	4	94	0	96	-3	99	-5	103	-7	108	-8	114	-8	121	-7	129	-5	138	-2	147	2	155	7	162	13	168	20	173	28	177	36	180	44	182	51	183	57	183	62	182	66	181	69	179	71	176	72	172	73	169	75	166	78	162	82	159	87	157	93	155	100	154	108	153	117	151	125	148	132	144	138	139	143	135	147	131	150	128	152	126	153	125	153	125	
63:
122	174.699	114	184	113	183	111	181	109	179	106	176	104	172	103	167	103	162	104	158	106	154	107	151	107	147	106	144	104	141	101	139	97	137	92	134	86	130	81	125	77	121	74	118	72	116	71	115	71	115	71	116	70	118	70	121	69	125	68	130	68	136	69	142	70	149	70	157	70	165	69	172	67	178	64	183	60	187	55	190	49	192	42	193	35	193	27	192	20	190	14	187	9	183	5	178	2	172	0	165	-1	157	-1	149	0	142	2	136	5	131	9	127	14	124	20	122	27	120	35	117	44	113	52	109	59	104	65	98	70	91	74	83	77	74	81	66	86	59	92	53	99	48	106	44	112	39	117	34	121	28	124	21	126	15	127	10	128	6	128	3	127	1	125	0	122	0	118	1	113	3	107	6	100	8	92	9	83	9	73	9	62	9	52	8	43	8	35	7	28	7	22	7	17	8	13	10	10	13	8	17	7	22	7	28	7	35	8	43	10	52	13	62	17	73	22	85	28	98	35	110	43	121	52	131	61	140	69	148	78	155	86	161	93	167	99	172	104	176	108	179	111	181	113	183	114	184	114	184	
64:
158	1.947	23	65	24	66	26	66	29	65	33	64	38	62	44	59	50	56	56	53	62	50	68	46	73	42	77	39	80	35	82	31	83	26	83	20	82	15	80	10	77	6	73	3	68	1	62	0	55	0	47	0	38	-1	30	-3	23	-4	17	-4	12	-3	8	-1	5	2	3	6	2	11	2	17	3	24	5	32	8	41	10	51	13	62	15	72	16	83	16	93	15	102	13	110	10	117	7	123	4	128	2	132	1	136	1	141	2	146	4	150	7	153	11	155	16	156	22	156	29	155	37	153	46	150	56	146	66	141	76	135	85	128	95	120	105	112	115	104	124	97	132	89	139	81	145	74	150	68	154	62	157	57	159	52	160	47	160	42	159	38	157	34	154	31	150	29	145	27	139	26	133	26	128	27	124	27	121	28	119	28	118	27	118	26	119	24	121	21	124	18	128	16	133	13	139	11	146	10	153	9	160	8	166	6	171	5	175	5	178	6	180	8	181	11	181	15	180	20	178	26	175	33	171	40	166	48	160	57	154	67	149	78	144	89	140	99	137	110	135	120	134	129	134	137	135	144	137	150	140	155	144	160	149	164	154	167	160	169	165	170	169	170	173	169	176	167	178	164	179	160	179	155	178	149	176	142	173	134	169	125	164	116	158	108	151	101	143	95	134	90	124	86	113	83	101	81	89	79	78	78	68	77	59	75	51	74	44	72	38	70	33	69	29	67	26	66	24	65	23	65	23	65	
65:
116	101.926	108	140	107	139	105	139	102	140	98	142	93	143	89	145	86	148	84	152	83	157	82	162	82	166	81	169	79	171	76	172	72	172	67	171	61	169	54	166	47	164	39	163	32	163	26	162	21	160	17	157	14	153	12	149	11	144	11	139	12	135	14	131	17	128	21	124	26	121	32	119	39	117	46	114	54	110	63	107	71	104	80	101	88	97	95	92	101	87	106	82	110	78	114	75	119	73	125	72	131	72	138	72	144	71	149	69	153	66	156	62	158	58	159	53	159	47	158	40	156	33	153	27	150	21	146	16	141	12	136	9	130	7	123	6	115	6	106	7	96	9	86	11	76	14	66	18	55	23	45	28	36	32	28	36	21	39	15	41	10	42	4	42	-1	41	-5	39	-8	36	-10	32	-11	27	-11	21	-10	16	-8	12	-6	9	-3	7	0	6	3	6	5	7	6	9	8	12	11	16	15	21	20	27	24	34	29	42	35	50	42	59	50	68	58	78	67	88	75	97	82	105	88	112	93	119	97	125	101	130	104	134	106	137	107	139	108	140	108	140	
66:
125	127.685	147	175	146	175	144	176	141	176	137	175	132	173	127	170	121	167	114	163	107	158	99	152	90	146	82	141	75	137	69	134	64	130	59	127	55	125	52	124	50	123	49	123	49	123	50	123	52	122	55	120	59	117	63	113	66	108	68	102	69	96	69	90	68	85	66	81	63	78	59	76	54	75	48	75	41	76	35	78	30	81	26	85	23	90	20	94	17	97	15	99	14	100	13	100	11	99	9	97	8	94	8	90	7	85	7	79	8	72	10	64	13	55	17	47	22	39	26	32	31	26	37	21	44	17	52	14	61	12	70	11	79	11	87	12	94	14	100	17	105	21	109	26	113	32	116	39	118	45	121	50	124	54	128	57	133	59	138	60	143	60	147	59	152	57	157	54	161	50	164	46	166	43	167	41	169	40	172	40	176	41	180	43	183	46	185	50	186	53	186	57	185	60	183	62	180	63	177	65	173	68	169	72	166	77	164	82	163	88	163	94	164	101	166	109	169	118	173	128	176	138	179	147	181	155	182	162	182	168	181	173	179	177	176	180	172	182	167	183	162	183	157	182	153	180	150	178	148	176	147	175	147	175	
67:
125	20.736	104	111	105	112	106	114	106	117	105	121	103	126	100	132	97	138	93	143	89	147	85	150	82	153	80	157	78	162	77	168	75	174	72	179	68	184	63	188	57	191	50	193	42	194	35	194	29	193	23	191	18	188	14	184	11	179	9	174	8	168	8	161	9	153	11	144	14	134	18	125	22	116	27	108	31	101	34	95	36	90	37	86	37	83	36	81	34	78	33	74	33	69	34	65	36	62	39	60	43	58	47	57	52	57	57	57	63	58	70	60	76	63	81	67	85	70	88	72	90	73	92	73	95	72	97	70	98	67	100	63	101	58	101	52	100	46	99	39	98	33	96	26	93	20	91	15	88	11	86	8	85	6	84	5	83	5	83	6	83	8	83	11	84	15	86	20	89	26	93	32	97	39	102	47	106	55	111	62	117	68	124	73	131	77	139	80	147	82	154	83	160	83	165	82	169	80	172	77	174	73	175	70	176	68	178	67	179	67	179	68	178	70	177	73	175	77	172	82	169	88	165	94	162	101	159	107	155	112	150	116	144	119	137	121	130	122	124	122	119	121	114	119	110	116	107	114	105	112	104	111	104	111	
68:
135	420.759	126	139	125	138	123	136	121	133	118	129	116	126	113	123	109	121	104	120	98	120	93	121	89	123	86	126	84	130	83	135	83	141	84	147	86	154	89	161	92	167	96	172	101	176	107	179	114	181	122	182	131	182	139	181	146	179	152	176	157	172	161	167	164	161	166	154	168	146	169	137	169	127	168	117	166	108	163	99	159	91	154	84	148	78	141	73	133	69	124	66	114	64	105	63	97	63	90	64	84	66	79	69	75	73	72	76	70	79	69	81	69	83	68	84	66	84	63	83	60	81	56	79	51	76	46	74	42	73	39	73	37	74	36	76	36	77	37	77	39	76	42	74	44	71	45	67	45	63	44	58	42	54	39	51	36	49	32	48	29	48	27	49	26	51	26	53	27	54	29	54	32	53	36	51	41	48	45	44	49	39	52	35	54	32	55	30	55	29	54	29	52	30	49	31	45	31	40	31	34	31	29	30	25	28	22	25	20	21	19	17	19	12	20	8	22	4	25	1	29	-1	34	-2	40	-2	47	-1	55	1	64	4	74	8	84	13	94	19	103	26	111	34	118	43	124	52	129	62	133	73	136	84	138	94	139	103	139	111	138	118	136	124	133	129	130	133	128	136	127	138	126	139	126	139	
69:
142	392.805	32	141	33	141	35	141	38	140	42	139	47	137	53	134	59	130	64	125	68	119	71	112	73	106	75	99	77	91	78	83	78	76	77	70	75	65	72	61	68	58	63	55	57	52	50	50	43	49	37	49	32	50	28	52	25	55	22	59	20	64	19	70	19	77	20	85	20	94	19	103	17	113	14	122	10	132	6	141	3	149	1	156	0	162	0	167	1	171	3	174	6	176	10	177	15	178	21	178	28	178	36	177	44	175	51	172	58	168	64	163	71	157	79	151	88	146	96	142	103	139	109	137	114	136	118	136	123	137	127	139	130	142	132	146	133	151	135	157	136	162	136	167	136	172	137	176	139	179	142	181	144	182	145	182	145	181	144	179	142	176	140	172	138	167	137	161	137	154	137	148	138	141	139	133	141	124	144	115	148	106	153	98	159	91	165	85	170	80	174	76	177	73	179	70	180	68	180	67	179	67	177	66	174	64	170	61	165	59	160	58	154	57	149	56	145	54	142	51	140	49	139	46	139	42	140	37	142	33	145	29	149	26	152	24	154	23	155	23	155	24	154	26	152	29	149	33	145	38	140	44	134	51	127	57	119	62	112	67	104	73	95	80	85	88	76	96	68	105	60	113	53	120	47	126	42	131	38	135	35	138	33	140	32	141	32	141	
70:
134	171.526	123	64	124	63	126	61	129	59	132	56	134	52	136	47	137	42	137	38	136	35	134	33	132	32	131	31	131	30	132	29	134	29	137	30	141	32	145	34	150	35	156	37	163	38	169	38	174	37	179	36	183	36	186	36	188	37	189	38	189	38	188	37	186	35	183	32	179	28	174	25	168	23	161	22	153	21	145	21	136	22	126	22	116	21	107	19	99	18	92	17	85	15	79	14	74	14	70	15	67	17	65	20	64	24	64	29	65	35	66	42	66	48	65	53	63	57	60	60	56	62	52	65	47	67	41	69	34	70	28	70	22	69	17	67	13	64	10	60	8	55	6	49	5	44	5	38	6	33	8	29	11	26	15	24	20	23	26	23	33	24	41	26	50	29	59	33	68	38	76	44	83	51	89	59	94	68	98	78	101	89	103	100	104	110	106	119	107	127	107	134	106	140	104	145	101	150	97	154	92	157	86	159	81	160	77	160	74	159	72	157	71	155	71	154	72	153	74	153	77	154	81	156	86	159	92	161	99	162	107	162	115	161	122	159	128	156	133	152	138	147	142	141	145	134	147	126	148	117	148	108	147	100	145	92	142	85	138	79	133	74	129	70	126	67	124	65	123	64	123	64	
71:
144	70.108	21	60	20	61	18	63	15	65	12	68	10	71	8	73	7	74	6	74	6	73	7	71	9	68	12	64	16	59	20	53	24	47	29	41	33	36	37	32	40	29	42	26	43	24	43	23	44	23	45	24	47	26	50	29	54	33	59	36	65	38	72	39	80	40	87	42	93	45	98	49	102	54	105	58	107	63	108	69	108	75	107	82	106	89	105	95	105	101	106	106	108	110	111	113	115	115	120	116	124	118	127	121	129	125	131	130	132	136	132	142	131	147	129	151	126	154	122	156	117	157	111	157	104	156	96	154	87	152	77	151	67	151	58	151	50	151	43	151	37	150	32	148	28	145	25	141	23	136	22	130	22	123	23	116	25	110	28	105	32	101	37	97	43	94	50	92	58	90	67	89	76	89	86	90	95	91	105	91	116	92	126	94	135	97	143	100	150	102	156	104	161	105	165	105	168	104	170	102	171	99	171	95	170	90	168	84	165	78	162	71	160	63	159	55	159	48	160	42	162	37	165	33	169	30	174	28	179	27	183	27	186	28	188	30	189	33	189	35	188	36	186	38	183	41	179	45	174	50	168	56	161	63	153	69	144	75	134	80	123	84	111	87	99	89	87	90	76	90	66	89	57	87	49	84	42	80	36	75	31	70	27	66	24	63	22	61	21	60	21	60	
72:
139	420.15	89	75	90	76	92	78	95	81	99	83	102	86	106	89	111	91	115	92	120	92	124	92	127	93	129	94	130	95	130	96	129	98	127	100	124	101	120	103	116	105	112	107	109	108	107	108	106	109	106	111	107	114	108	118	110	123	113	128	117	134	122	139	128	143	135	147	142	150	149	152	155	154	160	155	164	155	167	154	169	152	170	149	170	145	169	140	167	134	166	127	166	120	167	112	169	103	172	94	176	85	180	77	183	70	185	64	186	59	186	55	185	52	183	50	180	49	176	47	171	44	165	40	158	36	150	33	141	31	131	28	121	24	110	21	98	19	86	18	75	18	65	17	56	17	48	16	41	14	35	13	30	13	25	14	21	16	18	19	16	23	15	28	15	33	16	39	18	46	21	54	24	63	26	72	27	81	27	90	27	98	28	105	28	111	27	116	27	120	26	123	25	125	25	126	26	126	28	125	31	123	35	121	40	120	46	120	52	121	57	123	61	126	65	130	69	135	72	141	76	148	79	155	81	161	82	166	83	171	83	175	83	178	84	180	86	181	89	181	92	180	94	178	95	175	95	171	96	166	96	160	95	153	93	145	90	136	88	126	87	117	86	109	86	102	87	96	89	90	90	85	91	81	91	78	90	76	89	75	89	75	
73:
130	318.403	182	151	181	151	179	151	176	152	172	154	167	157	161	161	155	164	149	166	144	167	140	167	137	166	135	164	134	161	133	157	132	152	131	146	131	139	132	131	134	124	137	117	141	110	146	104	151	99	157	95	162	92	167	90	171	89	174	89	176	90	177	92	177	94	176	95	174	95	171	94	167	92	162	91	156	91	149	90	143	88	138	87	132	85	127	83	123	80	120	77	118	73	117	68	117	62	118	55	120	48	123	42	127	36	132	30	138	25	145	21	152	18	158	16	163	15	167	15	170	15	172	16	173	18	173	21	172	23	170	24	167	24	163	23	158	22	152	22	145	23	138	25	130	28	121	32	112	37	104	43	97	50	89	56	82	61	76	65	71	70	67	74	64	79	62	83	60	86	58	88	55	89	51	89	46	88	41	86	36	83	31	79	26	75	20	72	15	70	9	69	4	69	0	70	-3	72	-5	75	-7	79	-8	84	-9	90	-9	97	-8	104	-6	111	-3	117	1	122	6	126	12	129	19	131	27	132	36	133	46	133	57	132	69	131	82	131	95	132	107	134	118	137	128	141	137	146	146	150	154	153	161	155	167	156	172	156	176	155	179	154	181	152	182	151	182	151	
74:
130	38.15	134	103	135	103	137	102	140	100	144	97	149	93	155	88	161	82	166	77	170	72	173	66	175	59	176	52	176	45	175	37	173	30	170	24	166	19	161	15	155	12	148	10	141	9	135	9	129	10	124	12	120	15	117	19	115	24	114	29	112	35	110	42	109	50	107	57	104	63	100	68	96	72	93	75	91	78	90	82	90	87	91	93	91	98	91	102	90	105	88	107	85	108	83	108	81	107	79	105	76	102	74	99	73	95	72	91	72	88	71	86	69	85	66	85	64	86	63	88	62	90	62	93	62	97	61	101	59	105	57	108	54	110	52	111	50	111	48	110	47	108	47	105	46	102	44	100	41	99	37	99	32	100	27	100	23	99	20	97	18	94	17	90	17	86	18	83	18	81	17	80	15	80	12	81	8	83	3	86	-2	90	-6	95	-9	101	-11	108	-12	116	-12	125	-11	135	-9	145	-6	154	-2	163	3	171	9	178	16	184	24	189	33	193	43	196	54	199	66	201	78	202	89	202	99	201	109	199	118	198	126	196	133	193	139	189	144	184	148	178	151	171	153	163	154	155	154	147	153	139	151	131	148	124	144	118	141	113	138	109	136	106	135	104	134	103	134	103	
75:
127	49.089	178	115	178	114	178	112	177	110	175	109	172	109	168	108	163	108	157	108	151	109	146	111	142	114	138	118	135	123	133	128	132	133	132	139	133	145	135	151	138	156	141	160	143	163	144	165	144	166	143	166	141	165	138	165	134	164	129	164	123	165	117	167	110	170	102	173	93	176	84	178	76	179	69	179	63	179	58	180	54	180	51	180	49	179	48	177	48	174	49	170	51	165	54	159	57	154	59	150	60	147	60	145	60	144	59	144	57	145	54	147	50	150	45	154	39	159	33	163	26	166	18	169	11	171	5	172	0	172	-4	171	-7	169	-9	166	-10	162	-10	157	-9	151	-7	144	-4	136	0	127	3	117	5	106	6	96	6	87	6	77	6	68	5	59	4	50	2	42	1	35	1	29	2	24	4	19	7	15	11	12	16	10	22	9	28	9	34	10	40	12	47	15	55	18	64	22	74	27	83	33	91	40	98	48	104	56	109	63	113	69	116	74	118	78	119	81	120	83	120	84	119	84	119	83	120	81	122	78	124	76	126	75	128	75	131	76	135	78	140	81	146	85	153	90	159	96	164	101	168	105	172	109	175	112	177	114	178	115	178	115	
76:
140	62.298	12	62	13	61	15	60	18	60	21	61	23	63	24	66	24	70	23	75	22	81	20	87	19	93	19	98	20	102	22	105	25	107	29	108	34	108	40	107	47	107	54	108	60	109	67	111	73	114	78	117	82	119	85	120	88	120	90	119	91	117	91	114	90	111	88	107	85	102	81	97	76	92	72	87	69	83	67	80	66	77	66	75	67	74	69	72	72	70	75	68	79	67	82	65	85	62	87	60	88	58	88	56	87	55	85	53	82	50	78	46	74	42	71	39	68	36	66	34	65	33	65	33	66	34	68	35	71	37	75	40	80	44	86	48	93	51	101	53	110	55	119	56	127	56	134	55	141	53	147	50	152	47	156	44	159	40	161	35	162	29	162	23	161	18	159	14	156	11	152	9	147	8	141	8	136	9	130	11	125	14	121	18	118	23	116	29	115	36	115	44	116	53	118	63	121	72	125	80	130	87	134	93	139	98	145	102	151	105	158	107	166	108	173	109	179	109	184	109	188	110	191	112	193	115	194	119	194	124	193	130	191	136	188	141	184	145	179	148	173	150	166	151	158	151	149	150	139	148	128	145	116	141	103	136	90	130	78	123	67	115	57	106	48	98	40	90	33	83	27	77	22	72	18	68	15	65	13	63	12	62	12	62	
77:
123	12.777	102	113	101	112	101	110	100	107	100	103	101	98	103	93	105	87	108	80	111	74	115	69	120	65	126	61	133	58	139	56	146	55	153	55	161	55	168	56	175	58	181	59	186	59	190	58	193	56	196	53	198	49	199	44	199	38	198	32	196	26	193	21	189	17	184	14	178	12	171	11	163	11	154	12	144	14	134	16	123	19	111	23	98	26	86	28	75	29	65	29	56	28	48	26	40	25	33	23	26	22	20	22	15	23	11	25	8	28	6	32	4	37	3	42	2	48	2	55	3	63	5	72	8	80	12	88	17	95	22	101	26	106	29	110	31	113	32	115	32	117	31	119	29	122	26	126	22	131	19	137	17	142	16	146	16	149	17	151	19	153	22	154	26	154	31	153	37	151	43	148	50	144	58	141	67	139	77	138	88	138	100	139	113	141	125	144	136	148	146	153	155	159	163	166	170	172	176	177	181	181	185	184	188	186	190	187	191	188	191	188	190	187	188	185	185	182	181	178	176	173	170	167	163	160	155	152	146	144	138	137	130	131	123	126	117	122	112	119	108	116	105	114	103	113	102	113	102	113	
78:
132	38.992	123	121	124	120	125	118	125	115	124	111	123	107	121	103	118	100	114	98	110	97	106	97	103	98	101	100	100	102	100	103	101	103	103	102	106	100	110	97	114	94	117	90	119	85	121	79	122	72	122	66	121	60	119	55	116	51	112	48	107	46	101	45	94	45	86	46	79	48	73	51	68	55	63	60	59	66	56	73	54	79	51	84	47	89	42	93	36	96	30	98	24	99	19	99	15	98	12	96	10	93	9	89	9	84	10	78	12	71	14	63	16	54	17	44	17	35	16	26	16	18	17	11	19	5	22	0	26	-4	31	-7	37	-9	44	-10	52	-10	61	-9	70	-9	79	-8	87	-6	94	-4	100	-1	105	2	109	4	112	7	114	11	115	14	116	16	118	17	121	17	125	16	130	15	136	13	143	10	149	7	154	5	158	4	161	4	163	5	164	7	164	10	163	14	161	19	158	25	154	32	149	40	143	49	138	59	134	70	131	82	127	95	122	107	116	119	109	130	101	140	93	149	86	157	80	164	74	170	69	175	65	179	62	182	60	184	59	185	59	185	60	184	62	182	65	179	69	175	74	170	80	164	87	157	95	149	102	142	108	136	113	131	117	127	120	124	122	122	123	121	123	121	
79:
126	278.854	156	90	155	91	153	92	150	92	148	91	147	89	147	86	148	83	150	79	153	74	157	68	160	62	162	55	163	48	163	42	162	36	160	31	157	27	154	24	151	22	147	21	142	21	137	22	133	24	130	27	128	31	127	36	126	42	125	48	123	55	120	61	116	66	111	70	105	73	98	75	92	78	87	82	83	86	80	91	78	97	76	104	75	112	75	121	76	130	78	139	81	147	85	154	90	160	96	165	103	169	111	172	120	174	129	175	138	177	146	178	153	178	159	177	164	176	168	176	171	177	173	179	174	182	174	186	173	191	171	196	168	202	164	207	159	211	153	214	146	216	138	217	129	218	119	218	108	217	96	215	84	212	73	208	63	203	54	197	46	190	39	182	33	173	28	163	24	152	21	140	19	127	18	114	18	101	18	89	17	78	15	68	12	59	8	51	4	44	0	38	-3	33	-5	29	-6	24	-6	18	-5	11	-3	5	0	0	4	-4	9	-7	14	-9	20	-10	27	-10	35	-9	44	-7	54	-4	65	0	76	5	86	11	97	18	107	26	116	35	124	45	131	54	137	62	142	69	146	75	150	80	153	84	155	87	156	89	156	90	156	90	
80:
128	4.405	24	85	25	84	27	83	29	81	32	78	35	74	38	71	42	69	47	68	51	68	54	69	56	71	57	73	57	74	57	75	56	75	54	74	51	72	49	69	48	65	48	61	49	56	51	52	54	48	57	45	61	43	66	42	72	41	79	39	85	36	90	33	94	29	97	26	99	24	100	23	102	23	104	24	107	26	110	28	114	30	119	32	124	33	130	33	135	32	139	30	142	27	144	25	147	24	150	23	154	23	157	24	160	25	164	27	167	30	169	34	170	39	170	45	171	52	171	60	170	69	168	77	167	84	166	90	165	95	163	99	160	102	156	104	151	105	146	105	140	104	135	102	129	99	122	95	114	92	106	90	97	88	88	87	80	87	73	88	66	90	60	93	54	96	49	100	45	105	41	110	38	114	35	117	32	119	29	120	25	120	21	119	18	117	16	114	15	111	13	107	12	104	12	102	12	101	11	101	11	102	12	104	14	107	17	111	19	115	22	120	26	126	31	132	36	137	41	141	47	144	52	146	56	147	59	147	61	146	62	144	62	141	61	137	59	132	56	126	52	119	47	112	41	106	36	100	32	95	29	91	27	88	25	86	24	85	24	85	
81:
176	1414.922	5	6	5	7	4	9	2	12	0	16	-2	21	-3	27	-3	32	-2	36	0	39	3	41	7	42	11	42	16	42	20	43	23	45	26	48	28	52	29	57	31	61	34	64	38	66	43	67	47	68	50	68	53	69	55	71	56	74	56	78	55	83	53	89	52	96	52	104	53	111	55	117	58	122	62	126	67	129	73	131	80	132	87	132	93	131	98	129	102	126	105	122	108	118	110	113	111	107	111	101	110	96	108	92	107	89	107	87	108	86	109	86	111	87	114	89	116	92	119	96	123	101	128	107	132	112	135	117	139	122	144	126	149	129	155	131	162	132	168	132	173	131	177	129	180	128	182	128	183	129	183	131	182	134	180	138	177	143	173	149	168	156	162	162	157	168	153	174	150	179	148	183	147	186	147	188	148	189	150	189	153	188	157	186	162	183	168	179	175	174	182	168	188	161	193	153	197	144	200	134	202	123	203	111	203	99	202	88	200	78	197	69	193	61	188	54	182	48	175	43	167	39	159	36	150	34	140	33	129	33	117	34	106	36	95	37	85	37	76	36	68	34	61	31	55	27	50	22	46	18	43	14	41	11	40	9	40	8	41	8	41	9	42	11	42	14	43	18	45	23	48	29	52	36	55	44	58	53	60	63	61	73	62	84	62	95	61	105	59	114	56	122	53	129	49	135	44	140	38	144	31	147	23	149	14	150	4	150	-5	149	-13	147	-20	144	-26	140	-31	135	-35	129	-38	122	-40	114	-41	105	-41	95	-40	84	-38	72	-35	61	-31	51	-26	42	-20	34	-14	27	-9	21	-5	16	-1	12	2	9	4	7	5	6	5	6	
82:
149	884.33	98	14	99	15	101	17	104	20	108	24	113	29	119	33	126	36	134	38	141	39	147	40	153	40	159	39	164	37	168	34	171	30	173	25	174	19	174	14	174	10	175	7	177	5	180	4	183	4	185	4	186	5	186	6	185	8	183	11	180	14	176	18	171	22	165	27	158	33	151	40	145	48	139	57	134	65	130	74	127	82	125	89	124	95	124	100	125	104	127	107	130	109	134	111	138	113	141	116	143	120	144	125	144	130	143	135	141	141	138	147	134	153	130	158	125	162	119	166	112	169	104	171	95	172	85	172	76	172	68	171	61	171	55	172	50	174	46	177	43	180	41	183	39	185	38	186	37	186	35	185	33	183	30	180	28	176	27	171	26	165	26	158	27	150	29	141	31	131	33	122	34	114	34	107	33	101	31	96	29	92	28	89	27	87	27	86	27	86	28	87	30	89	33	92	37	96	42	101	48	106	54	110	60	114	66	117	73	119	80	120	86	120	91	119	95	117	98	114	100	110	101	105	101	99	100	92	98	84	95	76	91	69	86	63	80	58	73	53	65	49	56	45	47	40	39	36	32	33	26	30	21	28	17	27	14	25	12	22	11	20	11	17	12	13	14	9	17	6	21	4	26	3	32	2	39	2	47	3	56	5	64	8	71	11	77	13	83	14	88	15	92	15	95	15	97	15	98	14	98	14	
83:
131	334.012	9	40	10	40	12	40	15	39	19	38	24	37	30	35	37	32	43	28	48	23	52	17	56	12	61	8	67	4	74	1	82	-1	90	-2	99	-2	108	-1	117	1	125	4	132	8	138	12	145	15	151	17	156	18	160	18	163	17	165	16	166	16	166	17	165	19	163	22	160	24	156	27	151	31	146	35	142	40	139	45	137	51	136	58	136	64	137	69	139	73	142	76	146	80	151	84	156	89	160	95	163	102	165	109	166	115	166	122	165	129	163	135	160	140	156	144	151	147	145	149	140	151	135	152	131	152	127	151	124	149	122	146	119	142	115	137	111	131	106	125	102	120	98	116	93	113	87	111	81	110	75	110	70	111	66	113	63	116	61	119	59	123	56	128	52	133	48	137	43	140	37	142	31	143	25	143	20	142	16	140	13	137	11	133	10	129	10	126	11	124	11	123	12	123	14	124	17	126	21	129	24	133	26	138	27	143	27	149	26	154	24	158	21	161	17	163	12	164	8	164	3	163	-1	161	-4	158	-6	155	-7	151	-7	146	-6	140	-4	133	-1	125	3	116	8	106	12	95	15	85	17	76	18	68	18	61	18	55	17	50	15	46	12	43	10	41	9	40	9	40	
84:
129	24.255	22	47	23	48	25	50	28	51	32	51	37	50	42	48	48	45	54	43	60	42	67	41	75	41	82	42	90	44	98	45	105	47	111	50	117	54	122	57	126	61	129	66	131	72	132	78	132	85	131	91	129	96	126	100	122	103	117	105	111	106	104	106	98	105	91	103	83	100	75	96	68	93	62	91	56	90	51	90	47	91	44	93	42	96	41	100	41	104	42	108	44	112	47	116	51	119	55	121	60	122	66	122	73	123	81	124	90	126	98	129	105	133	111	136	116	138	120	141	123	145	125	148	127	150	129	151	131	151	134	150	137	148	139	145	141	141	143	136	146	131	150	127	155	124	161	121	168	119	175	118	182	118	188	119	193	121	197	124	200	128	202	133	203	139	203	146	202	153	200	159	197	164	193	168	188	171	182	173	176	174	170	174	165	173	160	171	155	168	149	164	143	159	138	153	132	146	125	138	117	129	108	119	98	108	87	97	76	86	65	74	55	63	45	53	36	44	28	36	21	29	15	23	10	18	6	14	3	11	1	9	0	8	0	8	0	9	1	11	3	14	4	18	6	23	9	29	11	34	13	38	16	41	19	44	21	46	22	47	22	47	
85:
133	57.996	85	99	84	100	82	102	79	105	75	109	71	113	67	117	64	120	62	122	59	123	57	123	56	122	54	120	52	117	49	113	47	108	44	102	40	96	35	91	31	87	26	84	21	82	17	81	14	81	12	82	11	84	11	87	12	89	14	90	17	90	21	89	26	87	32	85	38	82	43	78	47	73	50	67	52	60	53	54	53	49	52	45	50	41	49	36	49	32	50	29	52	26	55	24	59	23	64	23	70	24	77	26	84	29	92	33	99	38	105	44	110	50	114	57	117	65	119	72	121	78	124	83	128	87	133	90	139	92	145	93	151	93	157	93	162	94	166	96	169	98	171	101	173	105	174	110	174	116	173	121	171	125	168	128	164	130	159	131	153	132	146	132	139	131	132	129	126	127	121	126	117	126	114	127	111	129	109	132	108	136	108	140	109	145	111	149	114	152	118	154	122	155	125	157	127	160	128	164	128	169	127	174	125	180	123	185	120	189	116	192	111	194	105	195	98	195	90	194	81	192	73	191	65	189	58	186	52	182	47	179	43	175	40	170	38	164	37	157	37	149	38	140	40	132	43	125	47	118	52	112	58	107	64	103	70	100	75	98	79	97	82	97	84	98	85	99	85	99	
86:
142	215.357	124	185	123	184	121	183	118	182	115	182	111	181	106	180	101	179	96	179	92	180	89	181	87	181	86	180	86	179	87	177	89	174	92	170	96	166	100	161	105	155	111	148	118	140	126	133	133	126	139	120	144	115	148	111	151	108	153	106	154	103	154	99	153	95	151	91	148	88	144	86	139	84	133	83	127	83	122	84	118	85	115	87	113	89	111	90	109	90	107	89	106	87	105	84	105	81	106	79	108	78	109	78	109	78	108	79	106	79	103	78	99	76	94	73	88	69	81	65	74	60	66	56	57	53	47	49	38	44	30	40	23	36	17	31	12	25	8	19	5	14	3	10	2	7	2	5	2	4	3	4	5	5	6	7	7	10	7	14	6	19	5	25	5	32	6	40	7	49	7	57	6	66	6	75	6	85	5	94	5	102	6	109	7	115	9	120	12	124	16	127	21	129	27	130	34	130	41	129	48	127	55	124	62	120	68	115	73	109	77	102	80	94	82	85	83	76	83	68	83	61	84	54	86	48	89	43	93	39	98	36	104	34	111	33	119	33	126	34	132	36	138	39	143	43	147	48	150	54	152	61	153	69	153	77	152	86	152	96	151	107	149	119	146	130	142	140	138	149	135	157	131	164	128	170	126	175	124	179	123	182	123	184	124	185	124	185	
87:
127	6.06	88	94	87	95	85	97	82	100	80	104	79	109	78	115	78	122	77	129	76	135	76	141	77	146	79	150	82	153	86	155	91	156	96	156	102	155	109	153	117	152	125	152	132	152	138	153	143	154	147	154	150	153	152	151	153	148	153	145	152	142	150	138	147	133	143	127	138	120	133	113	128	106	124	100	121	93	119	85	118	78	118	72	119	67	121	62	123	58	126	55	130	53	135	52	141	52	147	53	152	55	157	58	161	62	166	67	172	71	177	74	181	76	184	77	186	77	187	77	187	76	186	74	184	71	181	67	177	62	172	56	166	49	159	41	151	34	142	27	132	21	122	16	111	11	101	7	92	4	82	2	73	1	65	1	58	2	52	4	46	7	41	11	37	16	34	22	32	29	31	37	31	45	32	53	34	60	37	66	41	71	46	75	50	78	53	80	55	83	56	86	56	89	55	92	53	94	50	95	46	96	41	96	35	96	30	96	24	97	19	99	15	102	12	106	10	111	9	117	9	122	10	126	12	129	15	131	19	132	24	132	30	131	37	129	45	126	53	122	60	117	67	112	73	107	78	103	82	100	85	97	87	95	88	94	88	94	
88:
139	41.71	17	70	17	71	18	73	20	76	23	78	27	81	30	84	34	86	37	87	39	87	40	87	40	88	39	90	37	93	34	97	30	102	25	108	21	114	17	121	14	128	12	134	11	139	11	143	12	146	13	148	15	149	18	149	22	148	27	146	32	143	38	139	45	134	53	128	62	121	72	113	81	106	89	98	96	89	102	79	108	70	114	61	119	53	123	46	126	40	128	35	129	31	130	28	131	26	133	25	134	25	136	26	139	28	142	31	146	35	150	38	155	41	160	43	166	44	171	44	176	43	180	41	183	38	185	34	186	29	186	24	185	19	183	15	180	12	176	10	171	9	165	9	158	10	152	12	147	15	143	19	140	24	138	30	137	37	137	45	138	54	140	64	142	74	144	84	147	93	151	101	156	108	162	114	168	120	173	125	177	129	180	132	182	134	183	135	183	135	183	134	182	132	180	129	177	125	173	120	168	114	162	107	155	99	147	90	138	80	128	71	117	63	106	56	96	50	87	45	79	41	70	37	62	34	55	32	49	31	44	30	40	28	37	25	35	21	34	17	34	14	35	12	37	10	39	9	42	9	45	10	47	12	48	15	48	19	47	24	46	29	44	35	41	42	37	49	32	55	27	60	23	64	20	67	18	69	17	70	17	70	
89:
130	1.642	34	8	35	9	37	11	38	14	40	18	43	23	45	29	46	35	47	41	47	48	46	54	45	59	45	63	46	66	48	68	50	69	51	69	53	68	55	66	58	65	60	65	62	66	64	68	67	71	71	75	76	79	82	83	89	86	95	88	100	89	104	89	107	88	110	86	112	83	113	79	113	74	113	68	113	61	113	53	114	45	116	38	119	32	123	27	128	23	134	19	139	16	144	14	149	13	155	13	160	14	166	16	171	19	175	23	178	28	180	34	181	41	181	49	180	58	178	68	175	78	171	89	168	101	164	113	160	124	157	134	155	143	154	152	154	160	155	167	155	173	154	178	152	182	149	185	145	187	140	188	134	188	127	187	119	185	110	182	100	178	90	173	81	167	73	160	65	154	58	147	52	141	47	136	43	132	40	129	38	127	35	126	31	126	26	127	21	129	17	132	14	136	12	141	11	147	9	152	8	157	7	161	7	164	8	166	10	167	13	167	17	166	21	164	24	161	27	157	30	152	33	146	35	139	36	131	36	122	37	113	37	103	37	93	36	82	35	71	34	61	34	52	35	44	37	36	38	29	38	23	38	18	38	14	37	11	35	9	34	8	34	8	
90:
144	71.117	184	20	183	21	181	23	178	26	174	29	169	33	163	37	157	41	152	45	148	50	145	56	143	62	142	69	141	75	139	80	136	84	132	87	127	89	122	90	116	91	109	91	103	91	98	92	94	93	91	95	88	98	85	102	83	107	80	113	76	120	71	126	65	131	58	135	52	138	47	140	42	141	37	141	33	140	30	138	28	135	27	131	27	126	27	120	27	113	26	106	25	100	25	93	26	86	28	79	31	73	35	68	40	64	46	61	53	58	61	55	69	53	77	52	84	52	90	51	95	49	99	46	102	42	104	37	105	31	105	25	104	19	102	14	99	10	95	7	90	5	84	4	79	3	73	3	66	4	58	6	51	8	44	9	38	9	33	10	29	10	26	9	24	9	23	8	23	8	24	9	26	10	29	11	33	12	38	14	44	17	51	20	59	24	68	29	78	35	89	42	100	50	110	59	119	67	127	76	134	86	141	97	147	108	152	119	156	129	159	138	161	146	162	153	162	161	161	168	159	174	156	179	152	184	147	189	141	193	134	196	126	198	119	199	112	199	106	198	101	196	97	193	94	189	92	184	91	178	91	171	92	163	94	154	97	144	100	133	104	121	109	108	115	96	122	85	130	75	139	65	148	56	156	48	163	41	169	35	174	30	178	26	181	23	183	21	184	20	184	20	
91:
114	140.371	45	177	46	176	48	174	51	171	54	167	58	162	62	156	65	149	67	141	68	132	68	122	67	113	66	105	65	98	63	92	61	87	59	83	56	80	52	78	47	77	41	77	34	78	28	80	22	81	17	81	13	80	9	78	6	75	4	71	3	66	3	61	4	55	6	48	9	41	13	35	18	30	24	26	31	23	39	21	48	20	58	20	69	21	79	23	88	26	98	30	107	34	115	37	123	40	131	42	138	43	144	43	149	42	153	40	156	37	158	34	159	30	159	25	158	21	158	18	159	16	161	15	164	15	168	15	173	16	178	18	182	21	185	24	187	28	188	31	188	33	187	34	185	34	182	35	178	35	173	36	167	38	160	41	153	45	147	50	142	56	137	63	133	71	130	80	128	90	127	100	127	111	128	122	130	132	133	141	135	149	136	156	138	162	139	167	139	171	138	174	137	176	135	177	132	177	128	176	123	174	117	171	110	167	102	164	93	162	84	161	76	161	69	161	63	162	58	164	54	167	51	171	48	174	46	176	45	177	45	177	
92:
125	51.016	73	24	74	25	76	26	79	26	83	25	88	23	94	20	100	17	107	15	115	14	122	12	129	11	135	10	140	10	144	11	147	13	149	15	150	18	150	22	149	27	148	33	146	40	145	48	145	57	146	65	148	72	150	78	151	83	151	87	150	90	148	92	146	93	145	93	145	92	146	90	148	87	151	85	155	84	160	83	165	83	169	84	174	86	179	89	183	93	186	98	188	104	189	109	189	115	188	121	186	126	183	130	179	133	174	135	169	136	164	136	160	135	155	135	150	136	144	137	137	139	130	141	122	142	113	142	104	141	96	139	88	136	79	133	69	130	60	127	52	125	44	123	37	122	31	120	26	117	22	114	19	110	17	105	16	99	16	92	17	85	19	79	22	74	26	70	31	67	37	65	44	64	52	64	61	65	71	67	82	70	94	74	106	79	117	83	128	86	138	88	147	89	155	89	162	88	168	86	173	83	177	79	180	74	182	68	183	61	183	53	182	44	180	35	177	27	173	20	168	14	162	9	155	5	147	2	138	0	128	-1	118	-1	109	0	101	2	94	5	88	9	83	14	79	18	76	21	74	23	73	24	73	24	
93:
139	86.955	83	87	84	88	86	90	89	92	93	93	96	94	98	95	101	95	103	94	104	92	104	89	103	85	102	81	102	78	103	76	105	75	108	75	112	76	117	76	123	77	129	78	134	80	138	81	141	83	143	86	144	90	144	95	143	100	141	104	138	107	134	109	129	110	123	110	116	109	109	108	103	106	97	103	92	100	88	96	85	91	83	85	82	78	82	70	83	62	85	54	88	47	91	40	93	34	94	29	94	25	93	22	91	20	88	19	84	19	79	20	75	20	72	21	70	21	69	20	69	18	70	15	72	11	75	8	79	6	84	5	90	5	97	6	105	8	114	9	124	11	134	14	145	17	156	21	166	26	175	32	183	39	190	47	196	56	202	66	207	76	211	87	214	98	216	108	217	117	217	125	216	132	214	138	211	143	207	147	202	150	196	152	189	153	181	153	172	152	162	150	151	147	139	143	126	139	113	136	101	134	89	133	78	133	68	134	59	136	51	139	44	143	38	148	33	154	29	159	26	164	24	168	23	171	21	173	18	174	15	174	11	173	8	171	6	168	5	164	4	159	3	153	3	146	4	138	6	129	9	120	13	112	18	105	24	99	31	94	39	90	47	87	55	84	62	82	68	81	73	81	77	82	80	84	82	86	83	87	83	87	
94:
131	7.8	25	45	25	46	26	48	28	50	31	51	35	51	40	50	45	49	51	48	56	48	60	48	63	49	65	51	66	54	66	58	65	63	63	69	60	74	56	78	51	83	47	88	44	92	42	96	41	99	41	102	42	104	44	105	47	107	51	110	56	112	62	115	67	119	71	123	74	127	76	130	78	132	79	133	81	133	82	132	84	130	87	127	90	123	92	118	94	112	95	107	97	102	99	96	102	91	105	87	109	84	114	82	120	81	125	81	131	82	136	84	140	87	143	91	145	96	148	102	151	107	153	111	154	116	154	121	154	125	155	128	156	130	158	131	161	131	165	130	169	128	172	125	174	122	175	119	175	117	176	116	176	116	175	117	173	119	170	122	166	126	161	131	155	137	148	144	142	152	137	160	133	167	130	173	128	178	126	182	124	185	121	187	117	188	112	188	106	187	99	185	92	182	86	178	81	173	75	167	69	160	63	152	57	143	50	133	44	122	38	110	33	99	28	88	22	76	17	65	13	55	10	46	8	38	7	31	7	25	8	20	10	16	13	13	17	11	21	10	26	10	30	11	33	13	35	16	36	20	36	25	35	30	33	35	30	39	28	42	26	44	25	45	25	45	
95:
122	278.908	47	177	48	176	50	174	53	171	57	167	62	162	67	156	73	149	78	141	82	132	85	122	87	112	88	102	88	93	87	85	85	76	82	68	78	61	73	55	68	50	64	46	61	43	59	41	56	40	54	40	53	41	53	43	54	45	56	46	59	46	63	45	68	43	73	40	79	36	84	31	88	27	91	24	95	22	98	21	100	21	103	22	105	24	106	26	106	29	106	31	105	32	104	32	103	31	103	29	104	26	105	22	107	18	110	15	113	13	117	12	122	11	128	11	134	12	139	14	143	17	146	21	148	26	149	31	149	37	148	44	147	51	147	57	147	62	147	66	148	69	150	71	151	72	152	72	153	71	153	69	154	66	155	62	157	58	160	53	164	48	167	44	169	41	172	39	175	38	179	38	183	39	187	41	190	44	194	48	197	53	199	59	200	66	200	74	199	83	197	93	194	103	190	114	185	124	179	133	174	141	170	150	167	159	165	168	162	176	158	183	153	189	147	194	140	198	132	201	123	203	113	204	102	204	92	203	83	201	75	199	68	196	62	192	57	187	53	183	50	180	48	178	47	177	47	177	
96:
141	9.966	37	64	37	63	36	61	36	58	37	54	39	50	42	47	46	45	51	44	57	44	63	45	70	47	76	50	81	54	85	59	88	64	90	69	91	75	91	82	90	90	88	99	85	109	82	118	80	126	79	133	79	139	80	144	82	148	85	152	88	155	90	157	91	158	91	158	90	157	88	156	85	155	81	154	77	153	73	153	70	154	68	156	67	159	67	163	68	168	70	173	73	178	77	182	82	185	88	187	95	188	102	188	109	187	116	185	122	182	129	178	135	174	141	169	146	163	150	156	153	148	157	139	162	129	167	118	172	106	176	94	179	81	181	69	182	58	183	48	184	39	184	31	183	24	181	18	178	13	174	9	169	6	163	4	156	3	149	3	143	4	138	6	134	9	131	13	129	18	127	24	124	31	121	38	117	46	112	55	106	64	99	72	91	79	82	85	72	91	62	96	53	100	45	103	38	105	32	106	27	106	23	105	20	103	18	102	15	102	11	103	6	105	2	108	-2	112	-6	117	-9	123	-11	130	-12	138	-12	146	-11	153	-9	159	-6	164	-4	168	-2	171	0	173	1	174	3	174	6	173	10	171	15	168	21	164	28	159	34	153	39	146	43	138	47	129	50	119	52	109	53	100	53	92	52	85	50	79	47	74	43	70	40	67	38	65	37	64	37	64	
97:
110	91.386	120	11	119	12	117	14	114	17	110	21	105	26	99	32	93	38	88	45	84	53	81	61	79	68	78	75	78	83	79	90	79	96	79	101	78	105	76	108	73	110	69	111	64	112	60	113	56	114	52	116	49	117	47	117	46	116	46	114	46	111	47	107	47	103	46	99	44	96	41	94	37	93	33	93	28	94	24	96	21	99	18	103	16	107	15	112	15	117	16	121	18	124	21	127	25	131	28	136	30	142	31	149	31	156	31	162	32	167	34	171	36	174	39	176	43	177	46	177	48	176	49	174	50	171	50	167	49	162	47	156	44	149	40	141	35	132	29	122	23	113	18	103	14	94	11	86	9	79	8	73	8	68	9	64	10	60	10	57	9	55	7	54	4	54	0	53	-3	51	-5	48	-6	44	-6	40	-5	37	-3	35	0	34	3	33	7	33	11	34	16	36	22	38	29	41	37	43	46	44	56	44	66	43	75	41	84	38	92	34	99	30	105	25	110	21	114	17	117	14	119	12	120	11	120	11	
98:
125	436.008	45	73	44	72	42	70	39	67	35	64	30	62	26	61	23	61	21	62	20	64	20	67	19	71	18	76	17	82	15	89	13	97	11	106	10	115	10	123	10	130	11	137	13	143	16	148	20	152	25	155	31	157	38	158	46	158	53	157	59	157	64	158	68	160	71	163	73	166	74	170	74	174	74	177	75	179	77	180	80	180	84	179	89	177	95	175	101	172	108	168	116	164	125	161	133	159	140	158	146	157	151	157	155	158	158	158	160	157	161	155	161	152	160	149	158	145	155	140	151	134	148	127	146	119	145	110	145	100	145	91	144	83	142	76	139	70	135	65	130	61	124	58	117	56	111	55	105	53	100	52	96	50	92	47	89	44	87	40	86	35	86	29	87	23	89	17	92	12	96	8	101	5	107	3	114	1	121	0	129	0	138	1	146	3	153	6	159	10	164	15	168	21	171	28	173	36	174	45	174	55	173	66	171	76	168	85	164	93	159	100	153	106	146	111	138	115	129	118	119	120	108	121	98	121	89	120	81	118	74	115	68	111	63	106	59	100	56	94	54	88	53	83	51	79	48	76	46	74	45	73	45	73	
99:
144	1247.605	66	140	67	141	69	143	71	145	74	146	77	146	79	146	80	145	80	143	79	140	77	136	74	131	70	127	65	124	59	122	52	121	44	121	35	121	27	121	20	122	14	124	9	127	5	131	2	136	-1	142	-3	149	-4	156	-4	164	-3	171	-1	177	2	182	6	186	9	189	13	191	17	192	21	192	24	191	26	189	27	186	27	182	28	177	28	171	28	164	27	156	27	147	28	137	30	127	31	117	33	108	36	100	40	93	45	87	51	82	58	78	64	75	71	73	77	72	82	72	86	72	89	71	91	69	92	66	92	63	91	59	89	55	86	52	82	50	77	49	72	49	66	49	59	48	53	48	46	47	40	46	35	46	31	47	28	49	26	52	25	56	25	61	26	67	28	74	31	80	35	85	40	89	46	92	53	94	61	95	70	95	80	94	91	92	103	90	115	88	126	86	136	83	145	79	153	75	160	72	166	68	171	63	175	57	178	50	180	44	181	39	181	35	180	32	178	29	177	27	177	26	178	26	180	27	183	29	187	32	192	36	196	41	199	47	201	53	202	60	204	68	205	77	205	86	204	96	202	106	199	115	195	123	190	130	184	136	177	141	169	145	161	149	152	152	142	154	132	156	121	158	111	159	102	159	94	158	87	156	81	153	76	150	72	146	69	143	67	141	66	140	66	140	