0:
153	16.992	183	29	184	28	186	26	187	23	187	19	187	14	186	10	184	6	181	3	177	1	172	0	166	0	161	1	157	3	154	6	150	10	147	15	145	21	144	28	144	36	144	45	145	55	147	65	150	75	152	84	154	92	156	99	159	106	161	114	162	121	162	127	161	132	159	136	156	139	152	141	149	142	147	142	146	141	146	140	147	138	149	135	152	132	156	129	160	127	165	126	171	126	177	127	182	129	187	132	191	134	194	136	196	138	197	141	197	145	196	150	194	156	191	162	187	169	182	175	176	180	169	184	161	187	152	189	142	190	131	190	119	190	108	191	97	191	87	191	78	190	70	188	63	186	55	183	48	179	42	174	37	168	33	161	30	153	28	144	27	135	27	125	28	116	30	108	33	101	37	95	42	90	47	85	51	81	54	78	56	76	57	75	57	73	56	70	54	66	51	61	47	57	44	54	42	52	41	51	41	51	42	52	44	54	47	57	51	60	56	64	62	69	67	75	71	80	74	84	77	87	79	89	80	90	80	90	79	89	77	87	74	84	70	80	65	75	59	70	52	64	45	57	39	49	34	42	30	35	27	27	25	20	24	13	24	7	25	2	27	-2	30	-6	34	-10	39	-13	45	-15	52	-16	60	-16	69	-15	79	-13	88	-10	98	-6	109	-1	120	4	130	9	139	15	147	20	155	24	162	27	168	29	173	30	177	30	180	29	182	29	183	29	183	29	
1:
135	89.22	140	61	140	60	140	58	140	55	140	52	139	48	137	43	136	39	136	36	136	34	137	33	139	33	142	34	145	36	149	39	154	42	160	45	167	47	175	48	182	48	188	47	193	45	197	42	200	38	202	33	203	28	203	24	202	21	200	19	197	18	193	18	189	19	184	21	179	24	175	28	172	33	170	39	169	46	169	54	170	63	171	73	173	83	176	93	180	103	183	113	185	122	186	130	186	137	185	143	183	148	180	152	176	155	171	157	165	158	158	158	150	157	143	157	137	158	132	159	128	161	125	164	123	168	122	172	122	177	123	181	124	184	126	186	128	188	130	189	132	189	134	188	135	186	137	183	138	179	138	174	137	169	135	163	132	156	128	148	123	141	117	135	110	129	102	124	93	120	83	117	74	115	66	114	59	114	51	115	44	117	38	120	33	124	27	127	20	129	14	130	9	130	5	129	2	127	0	124	-1	120	-1	115	0	109	2	104	5	98	9	91	13	83	18	74	23	64	28	54	32	45	36	36	40	28	45	21	50	15	56	10	63	6	70	3	76	1	81	0	85	0	88	1	90	3	92	6	95	10	98	15	102	20	107	26	113	33	119	40	125	46	130	51	134	55	137	58	139	60	140	61	140	61	
2:
149	9.564	11	2	10	3	8	5	5	8	2	12	0	17	-2	23	-3	29	-3	34	-2	38	0	41	3	43	7	44	12	44	18	43	25	41	33	39	42	38	50	38	57	39	63	41	68	44	72	48	75	53	78	58	80	64	81	71	82	77	83	82	85	86	88	89	92	91	97	92	103	92	109	91	115	89	120	87	124	85	127	84	129	84	130	85	130	87	129	88	127	90	124	92	120	95	115	99	111	104	108	110	106	117	105	125	105	132	106	138	108	143	111	147	115	150	120	152	125	153	131	153	136	153	141	152	145	150	149	147	153	143	157	139	160	135	162	132	163	130	163	129	162	129	162	130	163	132	164	134	166	135	168	135	170	134	172	132	175	129	178	125	182	120	186	114	189	107	191	99	192	90	192	80	192	70	191	61	189	53	188	46	187	40	186	35	186	31	185	28	183	26	181	25	178	25	176	26	173	28	170	31	166	35	161	40	155	46	150	52	145	59	140	67	136	76	133	86	129	97	126	109	122	121	118	132	115	142	113	151	111	159	108	166	105	172	103	177	101	181	98	184	94	186	89	187	83	187	77	186	71	184	66	181	61	177	55	172	49	166	42	159	36	151	31	142	25	133	20	123	16	112	13	102	11	91	9	80	8	68	8	57	8	47	7	38	7	30	6	23	5	17	5	12	6	8	8	5	10	3	11	2	11	2	
3:
144	816.338	145	11	144	12	144	14	145	17	146	21	148	25	151	28	155	30	160	31	166	31	171	31	175	30	178	28	180	26	181	23	181	19	180	16	178	14	177	13	177	13	178	14	180	16	183	19	186	23	189	28	191	34	192	41	192	49	191	57	189	66	186	74	182	81	177	88	171	94	165	99	158	104	150	108	141	111	133	113	125	114	118	114	112	115	107	116	103	118	100	121	98	125	97	130	97	136	98	143	99	151	100	158	100	164	99	169	97	173	94	176	90	178	85	179	79	179	74	178	69	176	65	173	62	170	58	166	55	161	53	155	52	148	51	142	49	137	46	133	42	130	37	128	31	127	24	127	16	127	8	127	0	126	-7	125	-13	123	-18	120	-22	116	-25	111	-27	105	-28	98	-28	90	-27	81	-25	72	-23	64	-20	57	-16	51	-11	46	-5	42	2	39	9	37	17	36	26	36	36	37	47	39	59	42	72	46	86	51	99	57	112	64	125	72	137	81	148	91	158	102	167	114	175	125	182	135	188	144	193	152	197	159	200	165	202	170	203	174	203	177	202	179	200	180	198	180	197	179	197	177	198	174	200	170	203	165	206	159	208	152	209	144	209	135	209	125	208	114	206	102	203	89	199	77	194	66	188	56	181	47	173	39	166	32	160	26	155	21	151	17	148	14	146	12	145	11	145	11	
4:
136	149.523	140	78	139	77	137	75	136	72	136	68	137	65	139	62	141	60	144	59	147	59	151	60	156	62	161	63	166	63	170	62	173	60	175	58	176	55	176	51	175	46	173	40	170	35	166	31	161	27	155	24	148	22	140	21	131	20	121	20	110	21	100	23	91	26	82	30	73	35	65	40	58	45	52	51	46	57	41	62	37	66	34	69	32	71	30	72	29	72	29	71	28	69	26	66	24	62	21	57	17	51	13	44	9	37	6	31	4	26	2	22	1	19	1	17	2	16	4	16	7	17	11	19	16	22	22	26	29	31	35	37	41	44	46	52	50	60	53	69	55	77	56	84	56	90	56	95	57	99	59	102	62	104	66	105	70	105	73	104	77	102	82	99	88	95	94	92	100	89	106	87	111	86	116	86	120	87	123	89	125	92	126	96	126	101	125	107	123	114	120	120	116	125	111	130	105	135	99	139	92	142	84	144	75	145	65	145	55	144	46	142	38	140	31	138	25	137	20	137	16	138	13	140	11	141	10	141	10	140	11	138	13	135	16	133	20	131	25	130	31	129	38	129	46	128	55	126	65	124	75	121	85	117	95	112	104	107	112	102	119	97	125	92	130	88	134	84	137	81	139	79	140	78	140	78	
5:
133	131.976	130	192	129	191	127	189	126	187	125	184	125	180	126	177	128	175	131	174	134	174	138	175	143	177	149	179	155	180	160	180	164	179	167	177	169	174	170	170	170	165	169	159	167	152	165	144	162	137	158	130	153	124	149	118	144	113	139	109	133	106	128	104	122	103	115	103	108	104	102	106	97	109	93	113	90	118	88	124	87	131	87	138	88	144	89	149	91	153	93	156	94	158	94	159	93	159	91	158	88	156	84	153	79	151	73	150	67	149	62	149	58	150	54	152	51	155	49	157	48	158	46	158	44	157	43	155	43	152	42	148	40	143	37	138	33	132	28	125	22	117	16	109	11	101	7	93	4	84	2	76	1	69	1	63	2	57	4	52	7	48	11	45	16	43	22	42	29	42	37	41	46	41	56	40	67	39	77	39	86	40	94	41	101	42	107	42	112	43	116	43	119	42	121	40	122	37	122	33	121	28	121	23	122	19	124	16	127	13	131	11	136	10	142	10	149	11	157	13	165	16	172	20	178	25	183	31	187	38	190	46	192	55	193	65	193	76	192	88	190	101	187	114	183	126	178	137	172	147	165	156	158	164	151	171	145	177	140	182	136	186	133	189	131	191	130	192	130	192	
6:
144	586.384	185	182	184	183	182	185	179	188	175	192	172	195	170	197	168	198	167	199	167	199	167	198	166	196	164	193	161	189	157	184	152	179	146	175	139	172	131	170	122	168	112	167	101	167	90	167	79	166	69	164	60	161	52	157	44	154	37	150	31	145	26	139	22	132	19	124	17	115	16	105	16	96	17	87	19	79	22	72	26	66	29	61	31	57	32	54	32	52	31	51	29	51	26	51	22	50	17	48	12	45	8	41	5	36	2	30	0	24	-1	19	-1	15	0	12	1	9	3	7	6	6	10	6	15	7	20	9	24	12	29	16	34	21	39	27	43	33	47	39	51	44	56	49	61	53	65	56	70	58	74	59	78	59	81	58	84	56	88	53	93	49	97	46	100	44	102	43	103	42	103	42	102	43	102	45	102	48	102	52	103	57	105	63	108	70	112	78	116	86	120	94	125	101	131	107	136	112	140	116	143	119	146	121	150	122	154	122	159	121	165	119	171	116	176	112	180	107	183	101	185	94	187	88	190	81	192	73	193	66	193	60	192	55	190	51	187	48	183	46	178	45	174	45	170	46	167	48	165	51	164	55	164	60	164	65	165	71	165	78	164	86	164	95	163	105	161	116	160	127	160	137	161	146	163	154	166	161	170	167	175	172	179	176	182	179	184	181	185	182	185	182	
7:
126	570.184	74	36	75	35	76	33	76	30	75	26	73	21	70	16	66	12	61	9	55	7	48	6	42	6	36	7	31	9	27	12	24	16	22	21	21	27	21	33	22	38	24	43	27	49	31	54	35	59	38	64	41	70	44	75	46	80	47	84	47	87	46	89	44	90	41	90	37	90	32	91	28	93	25	96	23	100	22	105	22	109	23	112	25	114	28	115	32	115	37	115	42	116	46	118	49	121	51	125	52	130	52	136	51	143	51	151	52	159	53	167	55	174	58	180	62	185	67	189	73	192	80	194	87	195	93	195	98	194	102	192	105	189	107	185	108	181	110	176	111	170	112	163	114	155	116	146	119	138	121	129	124	121	128	114	132	108	137	103	141	99	145	96	149	94	152	93	156	93	159	94	161	96	163	99	164	103	164	108	164	113	165	117	167	121	170	124	174	126	179	127	184	127	188	126	191	124	193	121	194	117	194	112	193	106	191	99	188	91	186	82	184	72	182	63	180	55	177	47	173	40	168	34	162	29	155	25	147	22	138	19	128	17	119	16	110	16	102	17	95	19	89	22	84	26	80	30	77	33	75	35	74	36	74	36	
8:
164	408.86	49	167	50	166	51	164	52	161	53	157	55	152	57	146	60	140	63	135	67	131	72	128	77	126	83	125	90	125	96	126	103	128	110	131	116	135	121	140	125	146	128	153	130	160	131	167	131	173	130	178	129	182	129	185	130	187	132	188	133	188	134	187	135	185	137	182	139	178	142	173	144	167	145	160	145	152	144	143	144	133	143	124	143	116	144	109	146	103	149	98	153	94	156	91	160	89	163	86	165	82	166	77	166	71	165	65	163	60	160	56	156	52	151	49	145	47	138	46	132	46	127	47	122	49	116	52	111	56	107	61	104	66	102	71	101	75	100	78	100	80	101	81	103	81	104	80	104	78	103	75	102	71	100	66	97	60	94	53	90	45	85	37	79	29	72	22	66	16	61	11	57	7	54	4	52	2	50	1	49	1	49	2	48	4	48	7	47	11	45	16	43	22	42	29	40	37	38	45	35	52	31	59	26	65	21	70	15	74	10	77	6	79	3	80	1	80	0	81	0	83	1	86	3	90	6	94	10	98	15	101	21	103	28	104	36	104	45	103	55	101	66	98	78	94	91	89	103	83	114	76	124	68	133	60	142	52	150	43	157	35	163	27	168	20	172	14	175	9	177	5	179	2	180	0	180	-1	179	-1	177	0	174	2	171	5	167	9	162	14	156	20	149	27	143	35	137	44	130	54	122	65	114	77	105	89	97	101	90	112	83	122	77	131	71	139	66	146	62	152	59	157	55	161	52	164	50	166	49	167	49	167	
9:
123	67.281	37	128	38	129	38	131	37	134	35	138	32	143	28	148	25	152	22	155	18	157	14	158	11	158	9	157	8	155	8	152	9	150	11	149	14	149	18	148	23	146	29	144	36	142	44	141	53	139	61	137	68	134	74	130	79	125	83	119	86	112	88	104	89	95	89	86	88	78	86	71	83	64	80	58	76	53	71	49	66	46	62	44	59	43	57	43	56	43	56	42	57	40	59	37	60	33	60	30	59	26	57	21	55	17	52	14	48	12	43	11	37	11	30	12	23	12	17	13	12	15	8	18	5	22	3	27	2	32	2	38	3	45	5	53	8	61	12	70	17	78	23	87	29	95	36	102	44	108	53	113	63	117	74	120	86	122	98	123	109	125	119	127	128	128	136	128	143	128	149	129	154	130	158	132	161	135	163	139	164	143	164	148	163	153	161	158	158	164	154	169	151	173	149	177	148	182	148	188	147	193	145	197	142	200	138	202	133	203	127	203	120	202	112	200	103	197	93	195	83	192	74	188	66	183	59	177	53	170	48	162	44	155	41	149	38	143	36	138	35	134	35	131	36	129	37	128	37	128	
10:
137	208.455	139	158	140	159	142	161	145	162	149	164	152	167	154	171	155	175	155	180	154	185	152	189	149	192	147	194	146	195	145	195	145	194	146	192	148	189	151	185	155	180	160	174	166	167	172	159	177	151	181	143	184	134	187	126	189	118	190	111	190	104	189	98	187	93	184	89	180	85	175	81	169	78	162	75	154	73	145	72	135	72	125	72	115	72	106	71	98	69	89	66	81	62	73	57	64	52	54	47	45	43	36	40	28	38	21	37	15	37	10	38	6	40	3	43	1	47	0	52	0	58	1	65	3	73	6	80	10	88	15	95	21	101	28	106	36	110	44	113	53	115	61	116	68	116	75	116	81	117	86	119	90	122	93	126	95	131	96	137	96	144	95	150	93	156	90	161	86	165	81	168	75	171	68	173	62	174	55	174	48	173	42	171	37	168	33	164	30	159	28	153	27	146	27	138	28	129	30	119	33	108	37	97	42	85	48	74	55	64	63	55	72	47	82	40	93	34	105	29	117	25	129	22	140	20	150	19	159	19	167	20	174	22	180	25	185	29	189	34	192	40	194	47	195	55	195	64	194	74	192	85	189	96	185	106	180	115	174	123	167	130	160	137	154	143	149	148	145	152	142	155	140	157	139	158	139	158	
11:
141	7.886	131	59	132	60	134	62	137	64	141	66	146	69	152	73	158	76	165	78	171	81	177	85	182	90	186	96	189	103	191	111	192	120	192	128	191	135	189	143	186	150	182	156	177	161	171	165	165	168	158	171	150	173	141	174	132	174	123	173	113	171	104	169	95	166	87	162	80	157	74	151	69	144	65	136	62	127	60	117	58	108	57	100	57	93	58	87	60	82	62	78	63	75	63	73	62	72	60	72	57	73	53	75	48	78	42	81	36	83	31	84	26	84	22	84	19	83	17	81	16	78	16	74	17	70	19	65	21	59	24	52	28	46	33	41	39	37	46	33	54	30	63	28	73	27	84	26	96	24	109	23	121	22	133	21	144	21	154	20	163	20	171	21	178	21	184	22	189	24	193	26	196	29	198	31	199	32	199	34	198	35	196	35	193	36	189	38	184	41	178	45	171	50	163	55	154	61	144	68	133	76	121	85	108	93	94	100	81	106	69	111	57	115	46	119	36	122	27	126	19	131	12	137	6	143	1	148	-3	153	-6	158	-8	162	-9	165	-9	167	-8	168	-6	168	-3	167	1	165	6	162	12	158	19	153	27	147	36	140	45	132	55	123	66	115	76	106	86	97	95	89	103	82	110	76	116	71	121	67	125	64	128	62	130	60	131	59	131	59	
12:
146	895.77	121	56	120	55	118	53	115	50	113	46	112	41	112	36	112	32	113	28	115	24	118	20	122	17	127	15	133	14	139	14	146	14	153	15	159	17	164	20	168	24	171	29	174	35	177	42	179	50	180	59	180	69	181	80	182	92	182	105	183	118	185	130	187	141	190	151	193	160	196	168	198	175	199	181	199	186	198	190	196	193	193	195	189	196	184	196	179	195	174	193	168	190	162	187	155	183	147	178	139	172	132	165	126	157	120	148	115	140	111	133	108	127	106	122	104	118	103	115	103	113	104	112	105	112	105	113	104	115	102	118	99	121	95	123	90	125	84	127	78	128	73	130	69	133	66	137	63	142	61	148	60	154	60	160	59	165	57	169	54	172	50	174	45	175	39	175	34	174	30	172	27	169	24	165	20	160	17	155	14	151	12	146	11	140	11	133	12	127	14	120	17	112	20	105	24	99	29	94	35	90	42	87	49	83	56	79	62	76	67	72	71	67	74	63	76	58	77	52	77	45	76	38	74	32	71	26	67	21	62	17	56	12	49	8	43	5	37	3	32	2	27	2	23	2	20	3	18	3	17	4	17	6	18	9	20	11	23	12	27	14	32	16	38	19	44	21	51	24	59	28	68	33	76	37	85	40	93	43	100	45	106	47	111	50	115	52	118	54	120	55	121	56	121	56	
13:
130	7.825	32	107	31	108	29	110	26	113	22	116	17	118	12	119	8	119	5	118	2	116	0	113	-1	109	-1	105	0	100	2	94	5	87	8	79	11	72	15	66	20	60	26	55	33	51	41	48	49	46	58	45	66	44	73	42	79	39	84	35	88	32	91	29	94	27	97	26	101	26	106	27	112	29	117	32	121	36	125	41	128	47	131	53	134	58	136	62	138	65	139	67	139	68	139	68	138	67	138	65	139	62	141	58	143	53	146	48	148	43	150	39	153	36	157	34	162	33	168	33	173	34	177	36	180	39	182	43	183	48	184	54	184	61	183	69	181	78	178	87	174	97	169	107	163	118	157	128	152	137	148	146	145	154	141	161	136	167	130	172	123	176	115	179	107	181	100	182	94	182	89	181	85	179	82	176	80	172	79	167	79	161	79	154	80	146	81	137	83	128	86	118	88	107	89	95	89	83	88	72	86	62	83	53	79	44	75	36	70	29	64	23	57	18	49	14	40	11	31	9	23	8	16	8	10	9	5	11	1	14	-2	18	-4	23	-5	29	-5	36	-4	44	-3	53	-1	62	2	71	6	79	11	86	17	92	22	97	26	101	29	104	31	106	32	107	32	107	
14:
134	105.819	158	97	157	98	155	100	154	103	153	107	153	111	154	114	156	116	159	117	163	117	168	116	172	114	175	111	178	107	180	102	181	96	181	90	180	85	178	80	175	76	171	73	166	71	161	70	157	69	153	67	150	64	148	60	147	55	147	51	148	46	150	41	153	35	157	30	162	26	166	21	169	16	171	12	172	9	172	6	171	2	169	-2	166	-5	162	-7	157	-8	151	-8	144	-7	136	-5	127	-2	118	2	108	7	99	11	90	15	80	18	71	20	63	23	56	26	50	30	45	34	41	39	38	43	36	47	35	51	35	55	36	60	38	64	41	69	44	75	47	81	51	88	54	96	56	103	57	110	57	116	56	121	54	125	51	130	47	135	44	140	42	145	41	151	41	156	42	160	44	163	47	165	50	166	54	166	58	165	62	163	67	160	72	156	78	151	85	145	91	138	96	131	100	125	104	120	107	116	109	113	110	111	112	110	115	110	119	111	124	113	130	116	137	120	145	125	154	131	162	138	169	146	175	153	180	159	185	164	189	168	192	171	195	173	199	174	202	174	204	173	206	171	207	168	207	164	206	159	204	154	201	148	197	141	192	133	186	125	179	118	173	112	168	107	164	103	161	100	159	98	158	97	158	97	
15:
156	87.325	46	116	47	117	49	119	51	122	54	125	58	127	63	128	67	128	70	128	72	127	73	125	73	122	72	118	70	113	67	107	63	101	60	94	57	86	55	77	54	69	53	62	52	56	50	51	47	47	43	44	38	42	34	41	29	41	24	42	19	44	15	46	10	47	6	47	3	46	1	44	0	41	0	37	1	33	3	30	6	27	10	25	15	24	21	23	27	21	34	19	41	18	49	18	58	19	67	21	76	24	86	28	95	33	103	39	110	45	116	51	121	57	126	62	131	66	137	69	144	71	152	72	160	72	168	71	176	69	183	66	189	62	194	57	198	51	201	44	203	36	204	28	204	21	203	15	201	10	198	6	194	3	189	1	183	0	176	0	168	1	159	3	149	6	138	10	128	15	119	21	111	28	104	36	98	45	93	55	89	66	86	77	84	89	83	102	83	115	84	127	86	138	89	148	93	157	97	165	102	172	107	178	113	183	119	187	124	190	128	192	131	193	133	193	134	193	134	192	133	191	131	190	128	188	124	185	119	182	113	179	107	177	100	174	92	172	84	171	76	171	67	170	57	168	48	166	40	165	33	163	27	160	22	156	18	151	15	147	13	143	12	140	12	138	13	136	14	133	14	129	13	124	11	118	8	111	4	105	1	100	-1	96	-2	92	-2	89	-1	87	1	86	4	86	8	87	13	89	19	92	25	96	31	101	36	106	40	110	43	113	45	115	46	116	46	116	
16:
143	314.692	8	69	9	68	11	66	14	63	18	59	22	54	27	48	31	43	34	39	36	36	39	33	42	31	45	30	49	30	52	31	54	33	56	36	58	40	59	45	61	51	64	56	68	61	72	65	76	68	81	70	87	71	94	71	100	70	106	68	111	65	115	62	118	58	120	53	121	47	121	40	121	34	121	29	122	25	122	22	121	20	119	19	116	19	112	20	108	22	105	25	103	29	101	34	98	40	96	47	95	55	95	64	95	74	96	84	98	95	100	105	103	114	106	122	108	130	109	137	109	143	108	148	106	152	103	155	99	157	94	158	88	160	82	163	77	167	72	172	67	177	63	181	59	184	56	186	54	187	51	187	49	186	46	184	42	181	37	177	31	172	25	167	19	161	14	156	10	152	7	148	5	144	4	140	4	135	5	130	7	126	10	123	14	121	19	120	25	120	32	121	40	123	49	125	59	128	70	132	82	137	95	143	108	150	120	157	131	163	141	168	151	173	160	177	168	180	175	182	181	183	186	183	190	182	193	180	195	177	196	173	196	168	195	162	193	155	190	149	186	144	181	140	175	137	169	135	162	134	154	134	145	135	135	135	124	134	112	132	99	130	86	127	74	123	63	118	53	112	44	105	36	97	29	90	23	84	18	79	14	75	11	72	9	70	8	69	8	69	
17:
133	120.259	108	199	108	198	108	196	108	193	109	189	111	184	114	178	118	172	123	166	127	161	131	157	136	154	141	152	145	151	148	151	150	152	151	154	153	157	155	161	156	166	158	171	161	176	165	180	170	183	175	185	181	186	187	186	192	185	196	183	199	180	201	176	202	171	202	165	202	158	201	150	199	141	196	132	192	122	187	111	181	99	175	88	168	78	160	69	152	61	145	54	139	48	134	43	130	39	127	35	125	32	124	30	124	29	125	27	127	25	130	22	133	20	137	19	140	19	142	20	143	22	143	23	142	23	140	24	137	24	133	23	128	23	122	24	115	26	107	29	98	32	88	36	77	39	67	42	57	44	48	45	40	45	33	45	27	45	22	46	18	48	15	51	13	54	12	58	12	63	13	69	15	76	18	82	22	87	27	91	31	94	34	96	36	97	37	98	37	99	36	100	34	102	31	105	27	109	22	114	16	120	11	127	7	134	4	140	2	145	1	149	1	152	2	154	4	156	7	157	11	157	16	156	22	155	28	154	35	152	43	150	52	148	61	147	70	146	79	146	87	147	94	149	100	152	105	156	109	161	112	167	114	174	115	180	115	185	114	189	112	193	111	196	109	198	108	199	108	199	
18:
159	132.288	23	160	22	160	20	161	17	163	13	165	10	168	8	172	7	177	7	183	8	188	10	192	13	195	16	198	20	200	25	201	31	201	38	200	46	198	54	195	61	191	67	186	72	180	76	173	79	165	81	156	82	146	82	136	81	127	79	119	77	112	76	106	76	101	77	97	79	94	82	92	86	91	91	91	97	92	104	94	112	97	120	101	129	105	139	110	148	114	157	117	165	121	172	124	178	126	183	128	187	131	190	133	192	134	193	135	193	135	192	134	190	132	187	129	183	125	178	120	172	114	166	107	161	99	157	90	154	80	152	69	151	59	151	50	152	42	153	35	155	28	158	21	162	15	167	10	173	6	179	3	185	1	190	0	194	0	197	1	199	3	200	6	200	9	199	13	197	18	194	24	190	31	185	37	179	42	172	46	164	49	155	51	145	52	135	53	126	53	118	52	111	50	105	47	100	43	96	38	93	33	91	27	89	22	87	18	84	15	80	13	75	12	69	12	62	12	54	13	46	15	38	18	30	22	23	25	17	27	12	29	8	31	5	34	3	38	2	43	2	48	3	52	5	57	8	61	12	66	17	72	23	77	30	81	38	86	47	92	57	99	67	107	76	116	84	126	91	136	97	147	102	157	106	166	109	174	111	181	112	187	112	192	111	196	109	199	106	201	102	202	97	202	91	201	84	199	76	196	67	192	59	187	51	181	44	175	38	170	33	166	29	163	26	161	24	160	23	160	23	160	
19:
137	171.436	103	50	102	51	100	52	97	54	93	55	88	56	82	56	77	55	71	53	64	50	58	47	51	43	45	38	40	33	35	29	31	24	28	18	26	13	25	9	25	6	26	4	26	3	25	3	23	4	20	6	17	9	13	13	10	18	8	24	7	31	7	39	8	48	10	58	13	69	17	81	22	92	28	102	34	111	41	119	49	127	57	134	64	141	70	147	76	153	81	158	85	162	88	165	90	167	91	169	91	170	92	170	94	169	96	167	99	164	103	161	108	157	114	152	121	146	129	139	138	132	146	126	155	121	163	117	170	114	177	111	183	109	188	108	192	108	195	109	197	110	198	110	198	109	197	107	195	104	192	100	189	95	186	89	184	83	183	78	183	73	184	69	186	66	189	64	192	63	194	62	195	60	195	57	194	54	192	51	189	49	185	48	180	48	174	49	169	51	163	54	158	58	154	63	151	69	149	76	148	84	148	93	148	103	149	114	151	125	154	135	158	144	163	152	169	159	175	165	180	170	184	174	187	177	189	179	190	180	190	180	189	179	187	177	184	174	180	170	175	165	169	159	163	152	158	144	153	135	149	125	146	114	143	104	139	95	134	86	128	78	122	71	117	65	113	60	109	56	106	53	104	51	103	50	103	50	
20:
137	882.481	164	155	164	156	165	156	167	155	169	153	170	150	171	146	171	141	170	136	168	131	165	127	161	124	156	122	150	121	143	121	137	122	132	124	128	127	125	131	123	136	122	142	122	149	123	157	125	164	128	170	132	175	137	179	142	182	146	184	149	187	151	189	152	190	152	192	151	194	149	195	146	195	142	194	137	192	131	190	124	188	117	185	110	181	103	176	97	170	92	163	88	155	85	148	83	142	82	137	82	133	83	130	83	128	82	127	80	127	77	128	73	130	68	132	62	135	55	139	47	144	40	150	32	155	24	161	17	168	11	176	6	183	2	189	-2	194	-5	198	-7	201	-8	203	-8	204	-7	204	-5	203	-2	201	1	198	3	194	4	189	4	183	3	176	3	168	4	159	5	149	5	138	6	126	8	115	9	104	11	93	13	83	16	74	20	66	24	59	29	53	35	48	42	44	50	40	59	37	69	35	79	33	89	31	98	30	106	28	114	25	121	23	127	21	132	19	136	17	139	14	142	11	144	8	145	6	145	5	144	5	144	6	145	8	147	11	150	15	154	20	159	26	165	33	171	41	176	50	180	60	183	71	186	83	188	94	189	104	189	113	188	121	186	128	183	134	179	140	174	145	170	149	167	152	165	154	164	155	164	155	
21:
134	14.271	47	113	48	114	49	116	51	117	54	119	56	120	57	120	57	119	57	117	57	114	58	110	59	105	59	99	60	93	60	88	59	84	57	81	54	79	50	78	45	78	39	79	32	81	25	84	19	86	14	87	10	87	7	86	5	84	4	81	4	77	5	72	7	66	10	60	14	55	19	50	25	46	32	43	40	41	49	40	59	40	69	41	80	41	90	40	99	38	107	35	114	31	120	26	125	21	131	17	138	14	144	12	149	11	154	11	158	12	161	14	163	17	164	21	164	26	165	32	167	39	169	47	172	56	174	65	177	73	179	80	180	86	180	91	179	95	177	98	174	101	170	103	165	104	159	104	152	103	145	101	139	98	134	95	130	93	127	92	125	92	124	93	124	95	124	98	125	102	126	107	126	113	125	120	123	126	120	132	116	138	111	143	105	148	98	152	90	155	81	157	73	159	64	160	55	160	47	159	40	157	34	154	28	152	23	151	19	151	15	152	12	154	10	157	9	161	9	166	10	172	12	178	15	183	19	187	24	190	30	192	36	193	42	193	49	192	55	190	60	187	64	183	67	178	69	172	70	165	70	157	69	149	67	141	64	134	61	128	57	123	53	119	50	116	48	114	47	113	47	113	
22:
124	241.666	13	181	13	180	12	178	12	175	13	171	15	166	16	160	16	153	15	146	15	140	14	135	14	130	14	126	15	123	17	121	20	120	24	120	29	121	34	123	40	125	45	126	51	126	58	125	64	123	69	120	73	116	76	111	80	105	83	98	85	91	86	85	86	78	85	72	84	67	82	63	79	60	75	58	70	57	64	57	57	58	51	60	45	62	40	64	36	65	33	65	30	64	28	63	27	61	27	58	28	54	30	49	33	43	37	36	42	30	48	24	55	19	63	15	72	12	81	10	89	9	96	9	102	10	107	12	112	15	116	18	119	22	121	25	122	28	122	30	122	31	123	31	125	30	128	28	131	25	135	21	138	17	142	12	147	8	153	5	160	3	166	2	172	2	177	3	181	5	184	8	186	12	187	17	187	23	187	30	188	38	188	47	189	56	191	66	194	77	196	89	197	102	197	116	196	130	194	143	192	155	189	166	185	176	180	185	174	193	167	200	159	206	150	211	140	215	129	218	117	220	104	221	91	221	79	220	68	218	58	215	49	211	41	207	34	202	28	196	23	191	19	187	16	184	14	182	13	181	13	181	
23:
115	148.107	21	134	22	134	24	133	27	132	30	130	32	127	33	123	33	118	32	112	30	105	27	99	23	93	19	88	15	83	12	78	10	74	9	71	9	68	10	66	12	65	14	65	17	66	21	68	26	71	32	73	37	74	41	74	44	73	47	71	49	68	50	64	50	60	49	55	47	49	44	42	40	36	35	31	30	27	26	24	23	22	21	19	20	17	20	16	21	16	23	17	26	19	30	20	35	22	41	24	48	25	56	25	65	25	75	25	85	24	94	22	102	20	110	19	118	19	126	18	133	16	139	13	144	9	148	6	152	4	156	3	160	3	165	4	171	6	177	9	182	13	186	18	189	24	191	31	192	39	192	48	191	58	189	69	186	81	182	92	177	102	171	111	164	119	156	126	147	132	139	137	132	141	126	144	119	147	113	150	108	154	104	159	101	165	99	171	98	177	97	182	97	186	97	189	97	191	96	192	94	192	91	191	87	189	83	187	78	184	72	180	65	175	57	169	49	162	42	155	36	149	31	144	27	140	24	137	22	135	21	134	21	134	
24:
120	145.293	173	91	174	90	176	89	178	88	181	88	183	89	185	91	186	93	186	94	185	94	183	93	180	91	177	88	173	86	168	85	163	85	158	85	154	85	151	86	149	88	148	91	148	95	149	98	151	102	154	107	158	111	161	116	163	122	164	128	164	134	163	140	161	147	158	154	154	160	149	165	143	169	137	173	130	176	123	179	115	181	106	182	98	182	91	181	84	179	78	176	73	172	69	167	66	161	64	154	61	146	57	139	52	133	46	127	40	120	33	112	26	105	20	97	15	89	11	81	8	72	6	62	5	52	5	43	6	35	8	28	11	22	15	17	20	13	26	10	33	8	41	7	48	7	55	8	61	10	66	13	72	17	77	22	83	28	89	33	96	37	103	40	111	42	118	43	124	43	129	42	133	40	136	37	138	33	139	28	139	23	139	18	139	13	140	8	141	3	143	-2	146	-6	150	-9	155	-11	161	-12	168	-12	175	-11	181	-9	186	-6	190	-3	193	1	195	6	197	12	198	19	198	27	197	36	197	46	196	55	194	63	191	70	187	76	183	81	179	85	176	88	174	90	173	91	173	91	
25:
124	97.158	79	99	78	100	76	102	73	105	70	109	68	114	67	119	67	125	68	130	70	134	72	137	73	140	73	143	72	146	70	149	67	153	63	158	58	163	52	167	46	170	41	172	37	173	34	173	32	172	31	170	31	167	32	163	34	159	37	156	41	154	46	151	52	149	59	148	67	148	76	149	86	151	96	154	107	158	117	163	127	167	136	170	144	172	151	173	157	173	162	174	166	176	170	179	173	183	175	187	176	190	176	193	177	195	179	196	182	196	185	195	188	193	191	190	193	186	194	181	194	175	193	168	191	160	188	151	184	142	179	132	173	121	167	109	162	97	158	85	155	74	153	64	152	55	152	46	153	38	155	31	158	25	162	20	166	16	170	13	173	11	175	10	176	10	176	11	175	13	173	16	170	19	166	22	161	25	155	29	149	32	142	35	134	39	125	44	115	48	104	51	92	53	81	54	71	54	61	53	52	53	44	54	37	56	31	59	26	63	22	66	19	68	17	71	16	74	16	78	17	81	19	83	22	84	26	86	31	88	37	89	44	89	51	88	58	88	64	89	69	91	73	93	76	96	78	98	79	99	79	99	
26:
117	215.492	138	77	137	78	135	80	133	83	130	87	126	92	121	97	116	102	111	106	105	109	98	111	91	112	84	114	78	117	73	120	69	124	66	128	64	133	63	139	63	146	63	154	62	162	60	169	57	175	53	180	48	184	42	187	37	189	33	190	29	190	26	189	22	187	18	184	15	180	13	175	11	169	10	162	10	154	11	145	13	135	15	124	16	112	18	99	21	87	25	76	30	66	36	57	43	49	50	41	58	34	67	28	75	22	82	15	88	9	95	3	103	-2	112	-6	121	-9	130	-11	138	-12	145	-12	151	-11	156	-9	160	-6	163	-2	165	2	166	7	166	12	166	16	167	19	169	21	172	23	176	24	180	24	184	23	187	21	189	20	190	20	190	21	189	23	187	26	184	30	181	35	177	41	172	48	168	56	165	65	163	75	162	86	162	96	163	105	164	113	165	121	167	128	170	134	172	139	173	143	175	146	176	148	176	149	177	149	179	148	180	146	180	143	180	139	179	134	177	128	174	121	170	113	165	105	159	98	153	92	148	87	144	83	141	80	139	78	138	77	138	77	
27:
173	2273.082	150	153	149	152	147	150	145	147	144	143	144	138	144	132	145	127	147	121	150	114	154	106	158	99	162	93	166	88	169	84	171	81	172	79	172	78	171	78	169	78	166	79	162	79	157	78	151	76	146	73	142	69	139	64	137	58	135	51	133	44	132	38	130	33	127	28	123	24	118	21	112	19	107	18	103	18	100	19	98	21	97	24	97	28	98	31	99	33	101	35	104	38	108	40	113	41	119	42	126	42	134	41	143	39	152	36	160	32	167	27	173	22	178	18	182	15	185	13	187	11	188	10	188	9	187	8	185	8	182	7	178	6	173	6	167	7	160	9	152	11	143	14	133	18	122	23	110	29	98	34	87	39	77	45	68	52	60	60	53	69	47	79	42	88	38	96	35	105	33	113	32	120	32	126	32	131	31	136	29	140	26	143	23	145	21	147	20	149	20	151	21	152	23	153	26	153	30	153	35	154	41	156	48	158	56	160	65	161	73	161	80	162	86	163	91	165	96	168	100	172	103	177	105	183	106	190	106	196	105	203	103	209	100	214	96	218	91	221	85	223	78	224	70	224	61	223	51	221	41	218	31	214	22	209	14	203	7	196	1	190	-4	183	-8	175	-11	166	-13	156	-14	145	-14	133	-13	120	-11	107	-8	95	-4	84	-1	74	1	65	2	57	2	50	2	44	2	39	2	35	1	32	1	30	2	29	4	29	7	30	11	32	16	35	22	38	29	42	37	47	46	53	56	60	67	68	79	77	90	87	100	98	109	108	117	117	124	125	130	132	135	138	140	143	144	147	147	150	149	152	150	153	150	153	
28:
154	59.243	39	110	38	111	36	113	34	116	31	119	27	122	22	124	17	125	12	125	8	124	5	124	3	125	2	127	2	130	3	134	5	138	8	141	12	143	16	144	21	145	27	147	34	150	42	152	50	153	58	153	65	152	71	150	76	148	82	147	87	147	91	148	95	150	98	153	100	157	101	161	101	166	100	172	98	178	95	184	91	189	86	193	80	196	74	198	69	199	65	199	62	198	60	196	59	193	59	189	60	184	62	178	65	171	69	163	74	154	78	145	82	137	85	129	87	121	88	112	88	102	87	93	85	85	82	78	78	72	73	67	67	63	62	58	56	54	49	49	43	43	38	38	34	32	31	26	29	19	28	13	28	8	29	4	31	1	34	-1	38	-2	42	-2	46	-1	50	1	55	4	61	8	68	13	76	19	83	26	89	33	94	39	98	44	101	48	103	51	104	53	104	54	103	54	103	53	102	51	102	48	103	44	105	40	108	35	112	29	117	24	123	20	130	17	138	15	147	14	157	14	167	15	178	17	189	20	199	24	208	29	216	35	223	42	229	50	234	59	238	69	241	80	243	92	244	105	245	118	245	130	244	141	242	151	239	160	235	168	230	175	224	181	217	186	209	190	200	193	190	195	179	196	167	196	154	195	142	193	131	190	121	186	112	181	104	176	97	170	90	163	83	155	75	146	67	138	60	131	54	125	49	120	45	116	42	113	40	111	39	110	39	110	
29:
156	40.7	87	188	88	189	90	191	92	193	95	196	99	198	104	199	110	199	117	198	123	196	128	193	132	189	135	184	137	178	138	171	138	163	137	156	135	149	133	141	131	134	128	128	124	123	121	118	119	112	118	105	118	99	119	94	121	90	123	87	126	85	128	84	129	84	129	85	128	85	126	86	123	87	119	87	116	86	114	84	112	81	111	77	111	72	112	66	114	59	117	51	119	42	120	33	120	25	119	18	117	12	114	7	110	3	105	0	99	-2	92	-3	85	-3	79	-2	73	0	68	3	64	7	61	12	59	17	58	22	58	26	59	29	61	31	64	32	68	32	73	31	79	29	86	26	94	23	103	19	112	16	121	13	131	11	140	10	150	10	159	11	167	13	174	16	180	20	185	25	189	31	192	38	194	46	195	55	195	65	194	75	192	85	190	94	187	102	183	109	178	115	172	120	167	124	163	127	160	129	158	130	157	130	157	129	158	128	160	127	163	127	167	128	172	130	177	133	181	137	184	142	186	148	187	153	187	159	186	164	184	168	181	172	177	177	172	183	166	188	160	192	153	195	145	197	136	199	126	200	115	200	103	199	90	197	78	194	67	190	57	185	48	179	40	172	33	165	27	159	22	154	18	150	15	147	13	145	12	144	12	143	13	143	15	144	18	146	22	149	27	153	33	158	40	164	48	170	56	175	63	180	69	184	74	187	78	189	81	190	84	190	86	189	87	188	87	188	
30:
144	33.762	81	119	82	120	84	122	85	125	85	129	84	134	82	140	79	147	76	153	72	158	67	162	61	165	55	167	50	168	46	168	43	167	41	165	40	162	40	159	41	157	43	156	46	156	50	157	55	158	61	160	67	163	74	167	82	171	91	175	99	179	106	184	113	189	119	193	124	196	128	198	131	199	135	199	140	198	146	196	152	193	157	189	161	185	164	181	166	178	168	176	171	175	174	175	176	175	177	176	177	178	176	181	174	183	171	184	167	184	162	183	158	181	155	178	153	174	152	170	152	166	153	163	155	159	158	154	162	149	167	143	173	138	178	134	182	129	185	125	187	121	188	118	188	114	187	111	185	109	182	107	178	106	173	105	169	105	166	106	163	107	161	107	160	106	160	104	161	102	163	99	164	97	164	95	163	93	161	90	159	88	156	87	152	87	147	88	141	89	136	89	131	88	127	88	124	87	122	85	121	82	121	78	122	73	124	69	127	66	131	64	136	61	140	57	143	52	145	47	146	41	146	34	145	27	143	21	140	16	136	12	131	9	125	6	118	4	111	3	103	3	96	3	88	3	79	3	71	4	64	6	58	9	53	13	49	18	46	24	44	30	43	37	43	45	44	54	46	64	48	74	51	83	55	91	60	98	66	104	71	109	75	113	78	116	80	118	81	119	81	119	
31:
134	535.507	45	30	46	31	48	32	51	34	55	35	59	37	62	38	66	40	69	43	71	46	74	48	78	49	83	49	89	48	96	46	104	44	113	43	122	43	130	44	137	45	144	47	150	48	155	48	159	47	162	45	164	42	165	39	165	36	166	34	168	33	171	33	173	34	174	36	174	39	175	42	177	45	178	47	178	48	177	48	175	47	173	45	171	42	169	38	168	33	166	27	163	21	159	16	154	12	148	8	143	5	138	3	134	2	130	2	127	3	125	5	123	8	122	12	122	17	123	23	125	30	128	38	132	47	135	57	137	67	138	77	138	87	137	96	137	104	138	111	139	117	141	122	144	126	148	129	153	131	159	132	166	132	173	133	179	133	184	133	188	132	191	132	193	133	194	135	194	138	193	141	192	145	190	150	187	156	183	162	178	167	172	171	165	174	157	176	148	177	138	177	128	176	118	174	108	171	99	168	91	166	84	165	78	165	73	166	69	168	66	171	64	175	63	178	63	180	64	181	66	181	69	180	71	178	73	175	76	171	78	166	79	160	79	153	78	145	76	136	74	126	71	116	67	105	62	94	58	84	55	75	53	66	52	58	52	51	52	45	51	40	50	36	48	33	46	31	45	30	45	30	
32:
122	79.251	118	199	119	198	119	196	119	193	119	189	120	184	122	179	125	175	129	172	134	170	140	169	145	169	149	168	152	167	154	165	155	162	155	158	154	153	152	147	149	142	145	138	140	135	134	133	127	132	119	132	111	133	103	135	96	137	90	139	85	140	81	140	78	139	75	137	73	134	70	131	66	129	61	127	55	126	48	125	41	125	34	125	28	125	23	124	19	122	16	121	14	121	13	120	13	118	14	115	16	111	19	106	23	100	28	94	34	87	40	79	46	70	51	60	55	50	58	41	60	33	62	26	65	19	69	13	74	8	80	4	86	1	92	-1	99	-2	107	-2	115	-1	122	1	128	4	135	8	141	13	146	19	150	26	153	34	156	43	158	53	159	64	159	76	158	89	156	102	153	114	149	125	144	135	138	144	131	152	123	159	114	165	104	170	94	174	85	177	77	179	70	180	64	180	59	179	55	177	52	174	50	171	47	169	45	168	44	168	44	169	45	171	47	174	49	177	52	181	56	186	60	192	65	197	71	201	78	204	86	206	93	207	99	207	104	207	108	206	112	204	115	202	117	200	118	199	118	199	
33:
128	61.843	87	181	88	180	90	178	93	175	97	171	100	167	103	162	105	156	106	149	106	142	105	136	103	131	100	127	96	123	91	118	85	112	80	105	76	97	73	89	71	81	70	74	70	68	71	63	73	59	76	56	80	53	85	51	89	50	92	50	94	51	95	53	95	55	94	58	92	62	89	67	85	71	80	74	74	76	67	77	59	77	51	76	44	74	38	71	32	67	27	62	23	56	20	49	18	41	17	33	17	26	17	20	18	15	19	11	19	7	19	4	20	2	22	1	24	1	26	2	29	4	33	6	38	8	44	9	51	9	59	10	68	11	78	13	89	15	101	18	113	21	124	23	135	25	145	26	154	26	162	27	169	29	175	31	180	34	184	38	187	42	189	46	190	51	190	56	189	62	187	69	184	75	180	80	176	86	173	91	171	96	170	101	170	106	170	111	171	115	173	118	176	120	180	121	185	122	190	122	195	121	199	121	202	122	204	124	205	127	205	131	204	135	202	140	199	144	195	148	190	151	184	153	177	154	170	154	163	153	155	151	146	150	136	150	127	151	119	153	112	156	106	160	101	165	97	170	94	174	92	177	90	179	88	180	87	181	87	181	
34:
156	641.511	184	115	185	114	187	112	189	109	192	105	195	100	197	94	198	87	198	79	197	71	195	64	192	58	188	53	183	49	179	46	176	44	174	41	173	37	173	32	174	26	176	21	179	17	183	14	187	12	191	11	194	11	196	12	197	14	197	17	196	21	194	26	191	32	187	38	182	45	176	52	169	58	161	63	152	67	143	70	134	72	126	73	119	73	113	72	108	70	104	67	101	63	99	58	97	52	95	46	94	39	92	33	89	28	85	24	80	21	74	19	67	18	59	18	50	19	42	21	35	24	29	28	24	33	20	39	17	46	15	54	14	63	14	73	15	82	17	90	20	97	24	105	29	112	34	118	40	124	47	130	55	135	64	139	73	142	82	144	90	145	98	145	105	144	111	142	116	140	120	138	123	137	125	137	126	138	126	140	126	143	125	147	124	152	123	158	123	165	124	172	126	178	129	183	133	187	138	190	143	192	147	193	150	193	152	192	153	190	153	188	152	187	150	187	147	188	143	190	138	193	132	197	125	200	117	202	108	203	99	203	90	202	80	201	70	199	60	196	50	192	41	187	33	183	26	180	20	178	15	177	11	177	8	178	6	180	5	183	5	187	6	191	8	195	11	198	15	200	20	201	26	202	33	202	41	201	50	199	60	197	71	194	83	190	96	185	108	179	119	172	129	165	139	157	148	149	156	142	163	136	169	130	174	125	178	121	181	118	183	116	184	115	184	115	
35:
138	42.892	142	50	141	51	139	52	136	54	132	57	129	60	126	62	123	63	120	63	117	62	115	60	113	59	112	59	112	60	111	62	110	65	109	69	108	74	106	80	103	87	99	94	94	100	88	105	81	109	73	112	64	114	54	116	45	117	37	117	30	116	24	115	19	113	15	110	12	106	10	101	9	95	9	89	10	84	11	80	13	77	15	75	18	74	22	73	27	71	31	68	34	64	36	59	37	55	37	51	36	47	34	44	31	42	27	41	24	41	20	42	15	44	10	47	4	51	-1	56	-5	62	-8	69	-10	77	-11	86	-11	96	-10	107	-9	118	-7	129	-6	139	-4	148	-2	156	1	163	5	169	10	174	16	178	22	181	29	183	37	184	46	184	54	183	61	182	68	180	74	177	79	174	83	172	86	171	88	171	89	172	90	174	90	177	89	181	89	186	90	192	92	198	95	203	99	207	104	210	110	212	117	213	125	213	134	212	144	210	154	207	163	203	171	198	178	192	184	185	190	177	195	168	199	158	202	147	204	135	205	122	205	108	204	95	202	83	199	72	195	62	190	53	185	45	179	38	174	32	168	27	163	23	157	20	151	18	145	17	140	17	136	18	133	20	131	23	130	27	130	31	131	36	133	40	136	44	139	47	141	49	142	50	142	50	
36:
167	1.01	160	6	159	5	157	5	154	6	150	8	146	11	141	15	135	20	130	26	126	33	123	41	121	50	120	58	120	65	121	71	123	76	126	80	129	83	131	85	132	86	132	87	131	88	129	89	126	89	122	88	117	86	111	83	104	79	96	74	88	70	79	67	71	65	63	64	55	63	48	62	42	60	37	57	33	53	30	48	28	42	27	36	27	29	28	21	30	14	33	8	37	3	41	-1	46	-4	52	-6	57	-7	61	-7	64	-6	66	-4	67	-1	67	3	66	6	64	10	61	15	57	21	53	27	48	34	42	42	37	51	33	61	30	71	28	80	27	88	27	95	28	101	30	106	33	110	37	113	42	115	48	117	55	118	63	120	72	123	82	127	92	132	103	137	114	143	126	149	137	155	147	160	156	164	164	168	171	171	177	173	182	174	186	174	189	175	191	175	192	174	192	172	191	170	189	169	186	169	182	170	177	172	171	175	164	179	156	184	147	188	137	191	127	193	116	194	104	194	93	195	83	195	74	194	66	194	59	194	53	194	48	194	44	193	41	193	39	192	38	190	38	187	39	185	41	184	44	183	48	181	51	178	53	175	54	172	54	170	53	169	51	169	48	170	44	172	39	175	34	179	28	183	21	188	15	192	10	195	6	197	3	198	1	198	0	197	0	195	1	192	3	188	6	183	10	177	15	170	21	162	28	153	36	143	45	133	55	122	66	110	78	97	90	84	101	72	111	61	120	51	128	42	135	34	141	27	146	21	150	16	154	12	157	9	159	7	160	6	160	6	
37:
146	697.295	31	71	31	70	31	69	30	68	28	68	27	69	26	71	26	74	26	78	27	82	28	86	29	91	31	95	34	98	38	100	42	101	45	101	47	100	48	98	50	95	53	91	57	86	62	80	68	73	75	66	82	59	89	52	95	46	100	41	104	36	107	32	109	29	110	27	110	26	109	26	107	26	104	25	100	23	96	21	93	19	91	16	89	12	88	7	88	2	89	-3	91	-7	94	-10	98	-12	103	-13	109	-13	115	-12	122	-10	128	-7	133	-3	137	2	140	8	142	15	143	22	143	29	143	37	143	46	143	56	144	65	146	73	147	80	147	87	146	94	145	100	143	105	140	109	136	112	131	114	127	115	124	115	122	114	121	112	121	109	122	107	124	106	127	106	131	107	136	109	142	112	149	115	155	118	160	121	164	124	168	127	171	130	173	134	174	138	174	143	173	148	171	153	168	158	164	162	159	165	153	167	146	168	138	168	129	167	119	165	108	162	96	158	83	153	71	148	59	144	48	141	38	139	29	138	21	138	14	139	8	141	3	144	-2	148	-6	153	-9	159	-11	166	-12	172	-12	177	-11	181	-9	184	-6	186	-2	187	3	187	7	186	10	184	12	181	13	177	13	172	13	166	14	159	16	151	19	142	23	132	27	122	30	113	32	105	33	98	33	92	32	86	32	81	32	77	31	74	31	72	31	71	31	71	
38:
136	50.318	30	36	29	35	27	33	24	30	22	26	21	21	21	16	22	12	24	8	27	5	31	3	36	2	42	2	49	3	56	5	62	7	67	10	71	14	74	19	76	25	77	31	77	38	76	46	74	54	71	61	68	67	66	72	65	76	64	79	64	81	65	82	67	82	69	82	70	83	70	84	69	84	67	84	64	85	60	87	56	90	53	94	51	97	50	99	50	101	51	103	53	106	56	110	60	113	64	115	69	118	75	122	82	126	88	129	93	131	97	132	100	132	102	131	103	130	105	128	107	127	109	127	110	128	110	130	109	133	107	137	105	142	102	148	98	155	94	163	89	171	83	178	76	184	68	189	61	193	54	196	48	198	43	199	38	199	34	198	31	196	28	193	26	189	25	184	25	178	26	172	27	165	29	157	32	148	36	138	41	127	47	117	54	108	62	100	71	93	81	87	92	82	102	78	113	75	125	73	136	71	146	69	155	68	163	67	170	67	176	68	181	68	185	68	188	67	190	65	191	62	191	58	190	53	188	47	185	41	181	35	176	30	170	25	164	21	157	16	149	12	140	9	130	7	119	6	108	6	96	7	85	9	75	12	66	16	58	21	51	26	45	30	40	33	36	35	33	36	31	36	30	36	30	36	
39:
127	121.117	142	108	143	109	143	111	143	114	144	118	144	121	143	124	141	126	138	127	134	127	131	126	129	124	128	121	127	117	127	112	127	107	126	101	125	96	123	92	120	89	116	87	111	86	106	86	101	87	97	89	94	92	91	96	89	101	87	107	86	114	86	122	86	131	87	139	88	147	88	154	87	160	85	165	82	169	78	172	74	174	70	175	66	175	61	174	55	172	48	169	40	165	33	160	27	154	22	147	18	139	15	131	13	124	11	118	10	113	10	108	11	104	13	101	14	97	14	92	13	86	12	79	12	73	13	68	15	64	18	61	22	59	27	58	33	57	40	56	48	54	57	51	65	47	72	42	80	36	88	29	95	23	103	18	110	14	118	10	127	7	137	5	146	4	156	4	166	5	175	7	183	10	190	14	196	19	201	25	206	32	212	40	217	49	221	59	224	70	226	82	227	95	227	108	226	120	224	131	221	141	217	150	212	158	206	165	199	171	191	176	182	180	172	183	163	185	155	186	147	186	140	185	134	183	129	180	125	176	122	171	120	165	119	158	119	150	120	142	122	135	125	129	128	123	132	118	136	114	139	111	141	109	142	108	142	108	
40:
143	252.793	93	184	92	183	91	181	89	178	88	174	88	171	89	169	91	168	94	168	98	169	102	171	107	174	113	177	119	179	126	181	133	182	141	182	148	181	154	179	159	176	163	172	166	167	168	161	169	154	169	146	168	139	166	133	165	128	165	124	166	120	168	117	171	114	175	112	178	111	180	111	181	112	181	114	180	117	178	121	175	125	171	128	166	130	160	131	153	131	145	131	136	130	126	128	116	125	107	121	99	116	92	110	86	103	81	95	77	86	74	76	72	66	71	57	71	49	72	41	74	34	77	28	81	23	86	19	90	16	93	14	95	13	96	13	96	14	95	16	93	19	90	23	86	27	81	30	75	34	68	37	60	39	52	40	44	40	37	39	31	37	26	34	22	32	19	29	17	25	16	20	16	15	16	11	15	8	13	6	10	5	6	5	2	6	-1	8	-4	11	-6	15	-7	20	-7	26	-6	33	-4	41	-1	49	3	58	8	68	14	79	20	89	27	98	33	106	38	114	42	123	45	133	47	143	48	153	48	162	47	170	45	177	42	183	38	188	33	192	27	195	22	197	18	198	15	198	13	197	12	195	11	192	11	189	12	186	14	184	17	183	21	183	26	184	31	185	37	186	44	188	51	189	59	191	66	192	72	192	78	191	83	189	87	187	90	185	92	184	93	184	93	184	
41:
135	55.291	4	78	5	77	6	75	8	72	11	68	15	63	20	59	24	56	27	54	29	53	30	53	30	54	29	56	27	59	24	63	21	68	18	74	16	81	15	89	14	98	14	108	14	119	14	130	15	140	17	149	20	157	24	164	29	171	34	177	40	182	47	186	55	189	64	191	74	192	85	192	97	191	110	189	122	186	133	182	143	178	152	175	160	173	167	172	173	172	178	173	182	175	186	178	189	182	191	186	192	190	192	193	191	195	189	196	186	196	182	195	177	193	172	190	167	186	163	181	160	175	158	168	157	160	157	152	158	145	160	139	163	134	167	130	171	127	176	125	182	124	187	123	191	123	194	124	196	124	197	123	197	121	196	118	194	115	191	111	187	106	182	102	176	99	171	97	165	96	158	96	151	97	145	98	140	98	136	97	133	95	131	92	130	88	130	83	131	78	133	72	134	65	134	59	133	54	133	50	134	47	136	45	139	44	141	44	142	45	144	47	147	48	150	48	153	47	155	45	156	42	156	38	155	33	153	28	150	23	146	19	141	16	135	14	128	13	120	13	112	14	103	16	93	19	82	23	70	28	59	34	49	41	40	49	32	56	25	62	19	67	14	71	10	74	7	76	5	77	4	78	4	78	
42:
147	132.807	52	55	52	56	52	58	53	61	55	65	58	70	62	74	67	77	73	79	80	80	88	80	96	79	103	77	109	75	115	74	120	74	124	75	127	77	129	80	130	83	130	87	129	91	128	94	128	96	128	97	129	97	131	96	134	94	138	91	143	88	149	86	155	85	160	85	164	86	167	88	169	90	170	93	170	95	170	96	169	96	169	95	170	93	172	90	174	86	177	81	181	75	185	69	188	62	192	56	195	50	197	45	198	40	198	36	197	33	195	31	192	30	188	30	183	31	177	33	170	36	164	40	159	45	153	51	148	58	142	66	137	75	132	84	126	94	121	104	117	115	114	125	111	134	109	142	107	149	104	155	100	160	95	164	89	167	82	169	75	170	67	170	58	169	50	167	43	164	37	160	32	155	28	151	24	147	19	144	13	142	8	141	4	141	1	142	-1	144	-2	147	-2	149	-1	150	1	152	4	153	8	153	13	152	19	150	26	147	34	144	43	141	52	138	62	136	73	134	85	133	98	133	111	134	123	136	134	139	144	143	153	148	161	153	168	157	174	160	179	162	183	163	186	163	188	162	189	160	189	158	188	157	186	157	183	157	179	156	174	154	169	152	163	149	156	145	148	140	139	134	129	127	118	119	107	110	97	100	88	91	80	83	73	76	67	70	62	65	58	61	55	58	53	56	52	55	52	55	
43:
118	12.135	7	21	8	22	10	24	13	27	16	31	19	36	22	41	24	47	25	53	25	60	24	68	22	76	19	83	15	89	12	94	10	98	9	101	8	103	8	104	9	104	11	103	14	101	18	98	23	95	29	92	36	90	42	89	47	89	51	90	55	92	58	95	60	99	61	104	61	110	60	117	58	125	56	134	53	142	51	149	50	155	50	160	51	165	53	169	56	172	60	174	65	176	71	177	78	178	86	180	95	183	105	186	116	188	128	191	139	193	149	194	158	194	166	194	173	193	179	191	184	188	189	184	193	179	196	173	198	166	199	160	199	155	198	151	196	147	193	144	189	142	184	140	178	139	173	139	169	138	166	136	164	133	163	129	163	124	164	118	166	111	169	103	172	94	176	84	181	73	186	62	190	51	193	41	195	32	196	24	196	17	195	11	194	6	192	2	189	-1	185	-3	180	-4	174	-4	168	-4	161	-3	153	-1	144	2	134	4	123	5	111	5	98	4	85	4	73	3	62	2	52	1	43	1	35	2	28	4	22	7	17	11	13	15	10	18	8	20	7	21	7	21	
44:
130	36.231	104	64	105	63	107	62	110	60	114	57	119	55	124	54	130	54	135	55	139	56	142	58	144	61	145	65	145	70	144	74	142	77	141	79	141	80	142	80	143	79	145	77	147	74	150	70	154	66	159	63	165	61	171	60	176	59	180	59	183	60	185	62	187	65	188	69	188	74	187	80	185	87	182	95	178	103	173	110	167	116	160	121	152	125	143	130	134	136	126	143	119	149	112	154	106	158	101	161	97	163	92	164	86	164	79	163	73	161	67	158	62	154	58	149	55	143	53	136	52	128	51	120	49	113	46	107	43	100	40	94	36	89	31	85	25	82	19	80	14	79	10	77	7	76	5	74	4	71	4	67	5	62	7	56	10	51	14	47	19	44	24	42	30	41	37	41	43	42	49	44	55	47	60	51	64	56	68	62	71	69	73	77	74	86	74	96	75	107	76	118	76	130	75	141	73	151	70	160	66	168	61	175	56	181	50	186	43	190	37	193	32	195	27	196	23	196	20	195	18	193	17	190	17	186	18	181	20	175	23	168	27	160	32	151	38	141	45	130	53	119	62	109	70	100	77	92	83	85	89	79	94	74	98	70	101	67	103	65	104	64	104	64	
45:
156	1622.15	159	185	160	184	162	184	165	185	169	186	173	186	178	186	183	186	187	186	191	186	194	186	196	185	197	183	197	180	196	176	194	171	191	165	187	158	182	152	176	146	169	141	161	137	152	134	144	130	137	127	131	125	126	124	122	124	119	125	117	125	116	124	116	122	117	120	119	117	122	113	126	108	131	102	135	95	140	87	144	79	147	70	149	62	150	55	150	48	149	42	147	37	144	33	140	30	135	28	129	27	122	27	116	28	111	30	106	33	102	35	99	37	97	39	96	40	95	40	95	39	95	37	94	34	92	30	90	25	87	21	83	18	78	16	72	15	65	14	57	14	48	15	39	15	31	14	24	14	18	15	13	17	9	20	5	24	2	29	0	35	-1	41	-1	48	0	56	2	64	5	73	9	82	14	90	20	97	26	103	31	108	35	112	38	115	40	117	41	118	41	118	40	117	38	116	35	116	31	117	26	119	20	122	14	126	9	131	5	137	2	142	0	148	-1	155	-1	162	0	168	2	173	5	177	9	180	14	182	20	183	27	183	35	183	44	182	53	180	61	177	68	173	74	168	79	162	83	155	86	147	88	138	89	128	89	119	88	111	86	104	83	98	80	93	77	89	74	86	72	84	71	83	70	83	70	84	71	86	73	89	76	93	80	98	85	104	91	111	97	118	104	126	112	135	121	144	129	152	136	159	142	165	147	170	151	175	154	179	156	182	158	184	159	185	159	185	
46:
150	5.775	102	18	103	19	103	21	103	24	102	28	100	33	97	39	94	46	90	53	86	59	81	64	76	68	71	71	65	73	60	75	54	76	49	77	45	79	42	82	40	86	39	90	39	95	40	101	40	107	41	112	43	116	46	119	50	121	53	122	55	122	56	122	56	121	55	120	53	120	50	121	46	123	41	124	35	124	29	124	24	123	20	121	17	120	15	120	14	121	14	123	15	126	17	130	20	135	23	141	25	148	26	155	26	161	25	167	23	173	20	178	18	183	17	189	17	196	18	203	20	211	23	218	27	224	32	229	38	233	45	236	53	238	62	239	72	239	83	240	93	240	102	239	110	237	117	234	123	230	128	225	132	219	136	212	139	204	141	195	142	185	142	174	141	163	139	151	137	139	135	128	134	118	134	109	135	101	137	94	140	88	144	83	149	77	155	70	162	62	170	54	177	47	183	41	188	36	192	32	195	29	197	27	198	24	198	21	197	19	195	18	192	18	188	19	183	21	177	24	170	28	162	33	153	39	143	46	132	54	120	61	107	68	93	74	80	79	68	83	57	86	47	88	38	89	30	89	23	88	17	86	12	83	8	79	5	74	3	68	2	61	2	53	3	44	5	36	8	29	12	23	17	18	23	14	30	11	38	9	47	8	57	8	66	9	74	11	81	14	87	17	92	19	96	20	99	20	101	19	102	18	102	18	
47:
101	23.245	1	97	2	98	4	100	6	103	7	107	8	112	9	117	10	121	11	124	11	126	10	128	10	129	11	129	13	128	15	126	18	124	22	123	27	123	33	124	39	126	46	129	54	133	61	137	67	142	72	147	78	151	84	154	90	156	96	157	102	157	109	156	116	154	123	151	130	147	136	142	141	137	145	133	148	130	150	128	152	127	153	127	153	128	153	130	154	133	156	137	159	140	162	142	166	143	171	143	177	143	182	142	186	140	189	137	191	133	192	128	192	122	192	115	192	107	191	98	189	89	186	80	183	71	179	62	176	54	173	47	169	39	166	31	164	24	161	18	157	13	154	9	152	6	150	4	147	3	144	3	141	4	138	6	135	9	131	13	126	18	120	24	113	31	105	37	96	42	86	46	75	49	64	51	54	52	44	53	35	55	27	58	20	62	14	66	9	71	5	76	2	82	0	87	-1	91	-1	94	0	96	1	97	1	97	
48:
179	5393.697	166	1	167	2	169	4	172	7	174	9	175	12	175	15	174	17	172	19	169	22	165	24	160	25	154	25	147	24	139	22	130	19	122	17	115	16	109	16	104	17	100	19	97	22	95	26	94	31	94	37	95	44	97	51	100	59	103	66	106	72	109	78	111	83	112	87	112	90	111	92	109	94	106	95	102	97	99	98	96	100	94	103	93	107	93	112	94	118	96	125	98	131	101	136	105	140	109	143	112	146	114	149	115	153	115	156	114	159	112	161	109	162	105	164	100	167	94	171	88	176	82	180	77	184	73	187	70	189	68	190	67	190	67	189	68	187	70	184	72	180	74	175	75	169	76	162	76	155	75	149	73	144	70	140	67	137	63	135	58	134	52	133	46	132	41	130	37	127	33	123	30	118	28	113	27	108	27	104	28	101	30	99	32	98	35	98	38	99	40	101	41	104	41	108	41	113	40	119	38	125	35	130	31	134	26	137	20	139	13	140	5	140	-3	139	-10	137	-16	134	-21	130	-26	125	-30	119	-33	112	-36	105	-40	97	-43	88	-45	78	-46	67	-46	56	-45	46	-43	37	-40	29	-36	22	-31	16	-25	11	-18	7	-10	4	-2	2	7	1	17	1	26	2	34	4	41	7	49	11	58	16	68	22	79	29	91	36	102	44	112	53	121	62	129	72	136	83	142	94	147	104	151	113	154	121	156	128	157	134	157	139	156	143	154	146	153	148	153	149	154	149	154	148	153	146	151	143	148	139	146	134	145	128	145	121	146	113	148	105	150	96	152	86	153	75	155	64	156	54	158	45	159	37	160	29	162	22	165	16	167	11	168	7	168	4	167	2	166	1	166	1	
49:
139	35.194	131	161	132	161	134	162	137	163	140	165	142	168	144	172	147	176	150	179	154	181	158	182	163	182	167	181	170	179	172	176	173	172	173	167	172	163	170	160	167	158	164	157	162	156	161	154	161	151	162	147	164	142	167	136	171	129	175	123	180	118	185	112	189	107	192	103	194	100	195	98	195	97	194	97	192	98	189	100	185	103	180	107	174	112	167	118	159	124	150	131	140	139	130	148	120	158	111	167	103	175	96	182	90	188	83	193	75	197	66	200	58	202	49	203	41	203	34	202	28	200	23	197	19	193	16	188	14	182	13	175	13	167	13	159	14	152	16	146	19	141	23	137	28	134	34	131	41	128	47	124	52	119	56	113	59	106	61	98	62	89	62	79	61	70	59	62	56	55	54	49	52	44	50	40	49	36	48	33	48	31	49	30	51	30	54	31	58	33	63	34	67	34	70	33	72	31	73	28	73	24	72	20	70	15	67	10	63	6	58	2	52	-1	45	-3	37	-4	29	-4	22	-3	16	-1	11	2	7	6	4	11	2	17	1	24	1	32	2	41	4	51	7	62	11	74	16	87	22	99	29	110	37	120	46	129	56	137	67	144	77	150	86	155	95	159	103	162	110	164	116	165	121	165	125	164	128	162	130	161	131	161	131	161	
50:
125	10.105	58	6	59	7	60	8	60	10	59	13	57	17	54	21	50	26	47	32	44	39	42	47	41	54	41	60	42	65	44	69	47	73	51	76	55	78	60	79	66	79	72	78	77	76	82	73	86	69	89	66	91	64	93	63	96	63	100	64	105	66	110	69	116	73	122	76	127	78	132	79	138	79	144	78	149	76	153	73	156	69	158	64	159	58	159	52	160	45	162	39	165	34	169	30	174	27	180	25	186	24	193	24	201	25	208	27	214	30	219	34	223	39	226	45	228	52	229	60	229	69	228	79	226	89	223	100	219	111	214	121	208	130	201	140	195	149	189	157	182	164	175	170	167	175	159	179	150	182	140	184	131	185	123	185	116	184	110	182	105	179	101	175	97	171	94	167	92	164	91	162	89	161	86	161	82	162	77	164	71	167	64	171	56	176	49	181	41	185	32	188	24	190	17	191	11	191	6	190	2	188	-1	185	-3	181	-4	177	-4	172	-3	166	-1	159	2	151	6	142	11	132	16	121	20	109	25	97	31	84	38	72	44	61	49	51	53	42	56	34	59	27	61	21	62	16	62	12	61	9	59	7	58	6	58	6	
51:
130	139.25	112	173	113	174	115	174	118	173	122	171	127	168	132	166	137	164	142	163	148	163	155	164	161	166	166	168	170	169	173	169	175	168	176	166	176	163	175	159	174	154	174	150	175	147	177	143	180	140	184	138	188	137	191	137	193	138	194	140	194	142	193	145	191	148	188	151	184	153	179	154	173	155	166	155	158	154	149	152	139	149	128	147	116	146	105	146	95	145	86	143	78	141	71	139	65	138	60	138	56	139	53	140	51	141	50	141	49	140	49	138	49	135	50	131	52	126	53	121	54	116	54	111	53	107	51	104	48	102	44	100	40	99	35	98	31	98	28	97	26	96	25	95	25	93	26	90	28	88	31	87	35	85	40	82	46	78	51	73	56	67	60	61	63	54	65	46	66	38	66	30	65	23	63	17	60	12	56	8	51	5	45	3	38	2	30	2	21	3	13	5	6	8	-2	12	-9	17	-15	23	-20	30	-24	38	-27	47	-29	57	-30	68	-30	80	-29	93	-27	107	-24	120	-21	132	-18	143	-14	153	-9	162	-3	170	4	177	12	183	20	188	29	192	39	195	50	197	60	198	69	198	77	197	84	195	91	192	97	188	102	183	106	179	109	176	111	174	112	173	112	173	
52:
153	86.56	84	82	83	83	81	85	78	87	74	90	69	94	63	98	56	101	48	105	41	108	35	112	30	117	26	123	23	130	21	136	20	142	20	148	20	154	21	159	23	163	26	166	30	168	34	169	39	169	44	168	48	166	51	165	53	165	54	166	54	168	53	171	51	174	48	178	44	181	39	183	33	184	26	184	19	183	12	181	6	178	0	174	-5	169	-9	163	-12	156	-14	148	-15	139	-15	129	-14	118	-12	106	-9	93	-5	81	0	70	6	60	11	51	15	42	18	34	21	26	23	19	26	13	30	8	35	4	41	1	48	-1	56	-2	65	-2	73	-2	81	-1	90	1	98	4	105	7	111	11	116	14	120	18	123	21	125	25	126	29	126	33	125	36	123	38	120	39	116	39	112	39	109	38	107	36	106	35	106	33	107	31	109	30	112	30	116	31	121	33	127	36	134	40	141	45	147	51	153	58	158	65	162	71	165	76	167	82	168	89	168	97	167	106	165	115	162	124	158	132	153	139	147	145	141	150	136	154	132	158	129	161	127	163	126	164	126	165	127	167	129	170	132	174	136	179	141	185	147	192	154	198	162	203	170	207	177	210	183	212	188	213	192	213	195	212	197	210	198	207	198	203	197	198	195	192	192	187	188	183	184	179	179	174	173	168	166	161	158	154	149	146	139	137	129	127	120	118	112	110	105	103	99	97	94	92	90	88	87	85	85	83	84	82	84	82	
53:
133	0.283	94	6	93	7	91	7	88	6	85	6	83	7	82	7	82	8	83	10	85	13	88	16	92	18	97	20	103	21	108	22	112	22	115	23	117	25	118	28	118	32	117	35	115	37	112	38	108	40	103	43	98	47	94	52	91	58	89	64	88	71	88	79	89	88	90	96	92	103	95	109	98	114	100	118	102	121	103	123	103	124	102	126	100	129	97	132	94	134	92	137	91	140	91	143	92	146	94	148	97	150	101	152	106	153	112	153	119	152	127	151	136	149	145	146	155	142	164	137	172	133	179	128	185	123	190	117	194	111	197	106	199	102	200	99	200	95	199	92	197	88	194	84	190	80	185	77	181	75	177	72	174	70	171	68	169	65	168	62	168	58	169	55	171	53	174	51	178	49	181	47	183	45	184	43	184	40	183	36	181	31	178	27	174	23	169	18	163	12	156	5	148	-2	139	-9	129	-15	118	-22	107	-28	95	-33	82	-37	70	-40	59	-42	49	-43	40	-43	32	-42	25	-40	19	-38	14	-35	10	-31	7	-26	5	-20	4	-13	4	-5	5	2	7	8	10	13	14	17	19	20	25	22	32	23	40	23	49	22	58	20	66	17	73	14	79	12	84	9	88	7	91	6	93	6	94	6	94	6	
54:
114	29.495	6	94	7	95	9	97	12	99	16	101	21	103	27	105	34	106	40	107	46	107	53	108	59	110	64	112	68	115	71	119	73	124	74	130	74	137	73	143	71	148	68	153	66	157	65	160	65	163	66	165	68	166	71	166	75	165	80	163	86	160	92	156	97	151	101	145	104	138	106	130	107	121	107	113	108	106	110	99	113	93	117	88	122	84	128	81	135	79	142	78	150	78	159	79	167	79	174	80	180	80	185	81	189	83	192	85	194	88	195	92	195	97	194	102	192	108	190	113	187	117	183	121	178	124	172	126	165	127	158	127	152	126	147	124	143	121	140	117	138	112	137	106	137	99	138	91	140	84	143	76	147	67	152	59	157	52	163	46	170	41	176	37	181	33	185	30	188	28	190	27	191	25	191	23	190	20	188	16	185	13	181	10	176	7	170	5	163	4	156	4	148	5	139	7	129	10	118	14	106	19	93	25	81	32	70	39	60	47	51	56	42	64	34	71	27	77	21	82	16	86	12	89	9	91	7	93	6	94	6	94	
55:
149	55.142	139	24	140	25	141	27	143	30	144	32	144	33	143	33	142	32	140	30	137	27	135	23	134	18	134	13	135	9	137	6	140	3	143	1	146	0	150	0	155	1	161	3	168	6	174	10	180	14	185	19	189	25	192	32	194	40	196	49	197	59	197	69	196	79	194	88	191	97	188	106	184	115	179	125	173	134	166	142	158	149	151	155	145	160	140	164	136	167	133	169	131	170	130	172	130	175	131	179	133	183	136	186	139	189	142	191	146	192	149	192	151	191	152	189	152	186	151	182	149	177	146	173	142	170	137	168	131	167	124	167	116	168	107	169	97	171	86	174	76	178	67	181	59	185	51	188	44	190	38	191	33	191	29	190	26	188	24	185	23	181	22	176	22	170	23	164	25	158	28	153	32	149	37	146	43	144	50	143	58	143	66	144	74	144	81	143	87	141	92	138	96	134	99	129	101	124	102	118	104	111	107	103	109	94	110	84	110	73	109	62	107	52	104	43	100	34	95	26	89	19	82	13	74	8	65	4	55	1	45	-1	36	-2	28	-2	21	-1	15	1	10	4	5	8	1	12	-2	17	-4	23	-5	30	-5	36	-4	41	-2	45	1	48	5	51	10	54	16	56	23	59	31	61	40	62	50	62	61	61	73	59	84	56	94	53	103	49	111	44	118	39	124	35	129	32	133	29	136	27	138	25	139	24	139	24	
56:
120	266.702	60	138	59	137	57	135	55	132	53	128	51	123	48	117	44	112	39	108	33	104	27	101	22	99	18	98	15	97	13	97	12	98	12	100	13	102	15	103	18	103	22	103	27	102	33	100	40	99	48	98	57	96	65	93	72	90	78	86	83	81	88	75	92	69	95	64	97	60	99	57	102	55	105	54	108	53	110	53	111	52	111	50	110	47	109	43	109	38	110	32	112	27	115	22	119	18	124	13	130	9	136	6	141	4	147	3	152	2	156	2	160	3	163	5	165	8	166	12	168	16	170	19	171	21	171	22	171	22	170	21	170	19	171	17	171	15	172	12	174	10	177	9	181	9	184	10	186	12	187	15	187	19	188	24	190	30	191	37	191	45	190	54	188	63	187	73	185	84	182	96	180	107	178	117	175	126	171	134	166	141	161	147	157	152	154	156	152	159	150	161	147	162	143	162	139	161	136	159	134	156	133	152	132	147	130	141	129	135	127	129	124	124	120	120	115	117	111	115	106	114	100	114	93	115	86	117	80	120	75	124	70	128	66	132	63	135	61	137	60	138	60	138	
57:
129	45.573	70	182	69	181	67	179	64	176	61	174	59	171	58	167	58	162	59	158	61	155	64	152	68	150	72	149	77	149	83	150	88	151	92	153	95	156	97	158	99	159	100	159	101	158	101	156	101	153	100	149	98	146	95	142	91	138	88	134	86	131	85	127	85	122	86	117	88	111	91	104	95	98	100	93	105	89	109	86	112	84	114	83	115	82	115	80	114	78	112	77	109	76	106	76	102	75	97	73	92	70	88	66	85	61	83	55	82	48	82	41	83	34	85	28	88	23	92	17	97	12	103	8	110	5	116	3	121	1	127	0	133	0	139	0	144	1	148	3	151	6	153	10	154	15	154	21	154	27	155	34	157	40	160	45	164	49	169	52	175	54	180	57	184	61	187	66	189	72	190	79	191	87	191	95	190	104	188	113	185	121	181	128	176	134	170	139	163	143	155	146	146	148	136	149	125	149	113	148	100	146	87	143	75	139	64	134	54	128	45	122	37	117	30	112	24	108	19	105	15	103	12	102	10	102	9	103	9	105	10	108	12	112	15	117	19	123	24	130	29	138	35	146	42	154	49	161	55	167	60	172	64	176	67	179	69	181	70	182	70	182	
58:
109	221.576	21	159	22	160	24	162	25	165	25	167	24	170	22	174	19	179	16	184	13	189	11	193	10	196	10	198	11	199	12	199	12	198	11	196	9	193	8	189	7	184	7	178	8	171	10	163	13	154	16	144	20	135	25	127	31	120	37	113	42	105	46	96	50	88	53	79	55	69	56	59	56	50	57	42	58	35	58	29	58	24	58	20	59	17	61	15	64	14	68	14	73	15	78	17	83	20	89	24	96	29	102	35	107	42	111	50	114	58	116	66	117	73	117	79	116	84	114	88	111	91	108	93	105	94	101	94	98	95	96	97	95	100	95	103	96	107	98	112	101	118	104	125	108	131	113	136	119	140	126	144	134	147	142	149	149	151	155	153	160	155	164	157	167	159	169	161	170	162	170	163	169	163	167	164	164	165	160	166	155	167	150	168	144	169	137	170	129	171	120	172	110	172	99	172	87	172	76	172	66	172	57	172	49	171	42	170	36	168	31	167	27	165	24	162	22	160	21	159	21	159	
59:
147	197.118	145	52	146	53	148	55	150	58	151	62	151	67	151	72	150	77	149	81	147	84	145	86	144	87	142	87	139	86	135	84	130	81	126	77	123	73	121	69	119	65	116	61	113	58	111	56	110	55	109	55	108	56	106	58	103	61	99	64	94	66	88	67	81	67	73	66	66	64	60	62	55	61	51	60	48	60	46	61	45	63	45	66	46	70	48	75	51	80	55	86	60	93	66	99	73	104	81	108	90	112	99	115	107	118	114	122	120	126	125	131	129	137	132	144	134	151	135	159	135	166	136	172	138	177	141	181	145	184	150	186	156	187	163	187	169	186	174	184	178	181	181	177	183	172	184	166	184	161	183	157	181	154	178	152	174	151	169	151	163	152	156	154	148	157	139	160	129	162	120	164	112	165	103	167	94	170	85	173	75	176	66	179	58	181	51	182	45	182	40	181	36	179	32	178	29	178	27	179	26	181	25	184	23	188	20	191	16	193	11	194	5	194	-1	193	-6	191	-10	188	-13	184	-15	179	-16	173	-16	166	-15	158	-13	149	-10	140	-6	130	-1	119	5	107	12	94	20	81	29	69	39	58	50	48	61	39	71	31	80	24	88	18	95	13	102	9	108	6	113	4	117	3	122	3	128	4	134	6	139	9	143	13	146	18	148	24	150	31	151	37	151	42	150	46	148	49	146	51	145	52	145	52	
60:
151	158.186	23	106	22	107	20	109	19	112	17	116	16	121	14	127	13	134	12	140	12	145	12	149	13	153	15	156	18	158	22	159	27	159	32	158	36	156	39	153	41	149	44	144	48	140	52	137	56	135	59	134	62	134	64	135	65	137	65	140	65	144	64	149	63	155	63	161	62	166	62	170	63	173	65	175	68	176	72	176	77	175	82	173	88	170	93	166	97	161	100	155	102	148	104	140	105	131	107	121	108	110	110	99	113	89	117	80	122	72	126	64	129	55	131	45	132	36	133	28	133	20	132	13	130	7	127	2	123	-2	118	-5	112	-7	105	-8	97	-8	88	-7	80	-5	73	-2	67	2	62	6	58	11	55	17	53	24	52	31	52	39	53	48	54	56	56	64	58	71	59	77	59	82	58	86	56	90	53	93	49	95	44	96	38	96	32	95	25	93	19	90	14	86	10	81	7	75	5	68	4	60	4	51	5	43	7	36	10	30	14	25	19	21	25	18	32	16	40	15	49	15	59	16	70	18	82	21	95	25	108	29	120	33	131	38	141	44	150	51	158	59	165	68	171	77	176	87	180	97	183	107	185	118	186	128	186	137	185	145	183	152	180	158	176	163	171	167	165	170	158	172	150	173	141	173	131	172	121	170	111	167	100	163	89	158	78	152	68	146	59	139	51	132	44	126	38	121	33	116	29	112	26	109	24	107	23	106	23	106	
61:
158	1490.656	124	190	123	189	121	187	118	184	116	180	115	175	115	169	116	162	118	154	121	147	125	141	130	134	136	128	143	123	151	119	160	116	169	114	177	112	184	109	190	105	195	100	199	94	202	87	204	81	205	76	205	71	204	67	202	64	199	62	195	61	190	61	184	62	178	64	172	66	166	67	161	67	157	66	154	64	152	61	151	57	151	52	151	46	152	40	154	35	157	31	161	28	166	26	170	25	173	25	175	26	176	28	176	31	175	33	173	35	170	36	166	37	161	37	155	37	148	36	142	34	137	31	133	27	130	22	128	18	127	15	127	13	128	12	129	12	129	13	128	15	128	18	127	22	125	27	122	33	118	40	115	47	111	53	106	58	100	62	93	65	85	67	77	68	69	68	62	67	56	65	51	62	47	58	44	54	42	51	41	49	41	48	42	48	44	49	47	51	51	54	54	58	56	63	57	69	57	76	56	84	54	92	51	99	47	106	42	113	36	119	29	124	22	128	16	131	11	133	7	134	4	135	2	135	1	135	1	136	2	138	4	141	7	145	11	150	16	156	22	163	29	171	37	178	46	184	56	189	67	194	79	198	92	202	105	205	118	207	130	208	141	208	151	207	160	205	168	202	175	198	181	193	186	187	190	180	193	173	195	167	196	162	196	158	195	155	193	153	190	152	186	152	181	153	175	155	168	158	160	162	152	167	145	173	139	178	134	182	130	185	127	187	125	189	124	190	124	190	
62:
137	630.578	170	158	169	157	167	155	165	152	163	148	161	143	160	138	160	134	161	129	163	123	165	118	168	114	172	111	175	109	177	108	178	108	178	109	177	111	175	113	172	114	168	114	163	113	157	111	151	108	146	104	142	99	139	94	135	89	130	84	126	80	121	77	115	75	108	74	102	74	97	74	93	73	90	71	88	68	87	64	87	59	88	54	89	48	90	43	90	39	89	36	87	34	84	33	80	33	75	34	69	36	63	39	57	41	51	42	46	42	42	41	39	39	37	38	36	38	36	39	37	41	39	44	42	48	44	53	45	59	45	64	44	68	42	72	39	76	35	80	30	85	24	91	19	98	14	106	10	115	7	124	4	132	2	141	1	149	1	156	2	162	4	167	7	171	11	174	16	176	22	177	29	177	37	176	46	174	54	171	61	167	69	162	78	156	88	149	99	142	110	134	121	125	131	115	140	104	148	92	155	80	161	68	166	57	170	47	173	38	175	30	176	23	176	17	175	12	173	8	170	5	166	3	161	2	155	2	150	3	146	5	143	8	141	12	140	17	140	23	141	30	143	38	146	47	150	57	155	68	161	80	166	92	170	103	173	113	176	122	178	130	179	137	179	143	178	148	176	152	173	155	171	157	170	158	170	158	
63:
152	495.047	13	162	12	163	12	165	13	168	14	172	14	177	14	183	15	188	15	192	15	195	16	197	18	198	20	198	22	197	24	195	26	192	27	188	29	183	31	177	34	170	36	162	37	155	37	149	36	144	36	140	37	137	39	135	42	134	45	134	49	135	52	136	56	137	60	137	65	136	71	134	76	131	80	127	84	122	87	117	89	113	90	110	90	108	89	106	88	105	87	105	87	106	88	108	90	111	93	115	97	119	102	124	107	128	113	131	120	133	126	134	132	134	137	133	141	131	144	128	146	124	147	119	147	113	146	106	144	100	141	95	137	91	132	86	126	81	120	76	113	71	105	65	96	58	87	52	79	47	72	43	66	40	61	38	57	35	54	32	52	30	51	29	51	28	52	26	54	24	57	22	59	20	60	18	60	17	59	17	57	18	54	20	50	23	45	27	40	32	36	38	33	45	31	53	30	62	30	72	31	83	33	95	36	107	40	119	45	130	50	140	56	149	61	157	67	165	74	172	82	178	91	183	101	187	112	190	122	192	131	193	139	193	146	192	153	190	159	187	164	183	168	179	172	175	175	172	178	170	180	169	181	169	181	170	180	172	178	174	175	177	171	180	166	183	160	187	153	191	145	194	136	196	126	198	115	199	103	199	91	198	79	196	68	193	58	190	49	186	41	181	34	176	28	172	23	169	19	167	16	165	14	163	13	162	13	162	
64:
143	505.188	107	166	106	165	104	163	101	161	97	158	92	155	86	151	80	147	74	144	67	140	61	136	54	133	48	130	43	128	39	127	35	127	32	128	30	130	29	133	29	137	30	142	32	148	35	155	39	162	44	170	50	177	57	183	65	188	73	192	82	195	92	197	103	198	113	198	122	197	130	195	137	192	143	188	148	183	152	177	155	170	157	164	158	158	158	153	157	149	155	145	152	142	148	138	145	133	143	127	142	121	142	114	143	107	145	99	147	91	149	82	150	73	150	65	151	58	151	52	150	47	148	43	145	40	141	38	136	37	130	37	123	38	117	38	112	37	108	36	105	34	103	31	102	27	101	22	101	18	101	13	100	9	98	6	95	4	92	3	88	3	84	4	79	6	73	9	68	12	62	14	55	16	47	17	39	17	32	18	25	19	19	21	14	22	10	22	7	21	5	19	4	18	4	17	5	17	7	16	10	15	14	14	19	12	25	11	32	10	40	10	49	10	59	9	70	8	82	8	95	7	107	5	119	4	131	2	142	1	152	0	161	-1	169	-1	176	0	182	2	187	5	191	9	194	14	196	20	197	26	197	33	196	41	194	50	191	58	187	67	182	77	176	88	169	100	161	111	152	121	143	130	135	138	128	145	122	151	117	156	113	160	110	163	108	165	107	166	107	166	
65:
123	224.68	12	159	12	158	13	156	15	153	18	149	22	144	27	138	33	132	40	127	46	122	51	118	55	115	58	113	60	112	61	111	61	111	60	111	58	111	55	111	51	110	47	108	43	105	40	101	38	96	37	90	37	83	38	75	39	66	39	56	38	47	36	39	33	32	29	26	24	21	18	17	13	14	9	12	6	11	4	11	3	12	3	12	4	12	6	11	9	9	13	6	18	4	24	3	31	2	39	2	47	3	56	5	66	8	77	12	89	17	102	23	115	30	127	38	138	47	148	57	157	66	165	74	172	82	178	91	183	99	187	108	191	118	194	127	196	136	197	144	197	151	196	157	194	162	191	166	187	170	182	173	176	175	169	176	161	176	153	175	145	173	138	170	132	166	127	161	123	155	120	149	118	143	117	138	117	134	118	131	118	129	117	128	115	128	112	129	108	131	105	134	101	137	97	141	94	144	90	146	87	148	85	149	82	149	78	148	75	147	73	147	72	148	72	150	71	153	70	157	68	162	65	166	61	169	56	171	50	172	43	172	37	171	32	171	27	170	22	168	18	165	15	162	13	160	12	159	12	159	
66:
147	12.329	193	174	193	173	192	171	191	168	191	164	191	159	192	153	192	146	193	138	195	130	196	123	196	117	195	112	193	108	190	105	187	103	183	102	180	102	176	103	173	105	169	108	166	112	162	117	159	123	157	130	156	138	156	147	157	156	158	164	160	171	161	177	163	182	166	186	168	189	169	191	169	193	168	195	166	197	163	200	159	202	154	203	148	203	141	202	133	200	125	197	116	193	108	188	100	182	93	176	87	169	82	162	78	154	75	147	73	141	72	136	72	132	73	128	75	125	78	123	82	122	86	120	90	118	93	115	95	111	96	108	96	104	95	101	93	98	90	95	86	93	81	91	75	90	68	90	62	91	57	92	52	92	48	91	44	89	41	86	39	82	38	77	38	71	39	64	41	57	44	51	48	46	53	42	59	39	66	37	73	36	81	36	88	37	94	39	99	42	103	45	106	49	108	53	109	58	109	63	108	69	106	76	103	84	99	93	94	102	88	110	81	117	73	123	64	128	54	132	45	135	37	137	29	138	22	138	16	137	11	135	7	132	4	128	2	124	1	120	1	117	2	114	4	110	7	107	11	105	16	104	22	104	29	104	37	103	46	103	56	104	67	106	78	108	90	111	103	115	115	120	127	126	138	133	148	140	157	146	165	152	172	158	178	163	183	167	187	170	190	172	192	173	193	174	193	174	
67:
131	385.49	162	121	163	122	165	124	168	126	172	129	176	132	180	134	183	135	185	135	186	134	186	132	185	129	183	126	180	123	176	121	171	120	165	120	159	121	153	123	146	126	140	130	135	133	131	137	128	142	126	148	125	153	125	157	126	160	126	162	125	163	123	165	120	167	116	170	111	174	105	177	98	179	90	180	82	181	74	181	67	180	61	178	56	175	52	171	49	166	47	161	46	155	46	148	45	142	43	136	40	131	36	127	31	124	26	121	22	119	19	116	17	112	16	108	16	103	17	97	19	90	22	82	26	74	30	66	34	58	37	51	39	45	40	39	40	34	39	30	37	26	34	23	30	21	25	20	20	20	16	21	13	23	11	26	10	30	10	35	11	41	13	48	16	56	19	63	23	69	28	74	34	78	41	81	49	83	58	84	68	84	78	83	89	81	101	78	113	75	124	72	134	70	145	69	155	67	164	64	172	60	179	55	185	49	190	42	194	36	197	30	199	25	200	21	200	18	199	16	197	15	194	15	190	16	186	18	183	21	181	25	179	30	178	36	178	43	179	51	179	60	180	70	180	79	179	87	177	94	175	100	172	106	169	111	167	115	165	118	163	120	162	121	162	121	
68:
117	18.947	61	60	62	60	64	60	67	61	71	63	76	66	81	69	87	72	94	75	100	78	105	81	109	85	112	90	114	96	115	103	115	110	115	117	116	123	118	128	121	132	125	135	128	139	132	143	135	147	137	151	138	156	138	161	137	167	135	174	134	181	133	187	133	192	134	197	136	201	139	204	143	206	148	207	153	207	159	206	166	204	172	201	177	197	181	192	184	186	187	179	189	171	190	162	190	152	189	142	187	133	184	125	180	118	175	111	169	103	162	94	154	84	145	73	135	63	126	54	118	46	111	39	103	33	96	28	88	24	79	21	69	19	60	18	52	18	45	19	39	21	34	24	30	28	27	32	25	37	24	43	24	50	24	57	24	65	25	73	27	80	30	86	34	91	39	95	44	98	48	100	51	102	53	103	54	105	55	108	55	110	54	113	52	117	51	121	49	126	46	131	42	135	37	138	31	140	26	141	22	141	19	140	17	138	16	135	16	131	17	126	19	120	22	113	26	105	31	96	37	88	43	81	48	75	52	70	55	66	58	63	60	61	61	60	61	60	
69:
156	414.056	177	139	178	140	180	142	182	145	183	149	183	152	182	154	180	155	177	155	173	154	168	152	164	151	161	151	159	152	157	154	156	157	155	161	154	165	152	169	149	172	145	174	140	175	134	175	129	174	124	172	120	169	117	165	115	160	114	154	114	148	115	142	117	137	120	133	124	130	129	128	135	127	142	125	148	123	153	120	157	116	160	111	162	105	163	98	163	92	163	87	164	83	166	80	168	78	171	77	175	77	180	78	186	80	191	81	195	81	198	80	200	78	201	75	201	71	200	66	198	60	195	53	192	45	189	37	187	30	186	24	186	19	187	15	188	12	190	10	193	9	197	9	202	10	208	12	215	15	223	19	230	24	236	30	241	36	245	43	248	51	250	60	251	70	251	81	250	92	248	104	245	116	241	127	236	138	230	148	223	157	215	165	206	172	196	178	185	183	173	187	161	190	149	192	136	193	123	193	109	192	96	190	84	189	73	188	63	188	54	187	46	185	39	184	33	182	28	179	24	175	21	172	19	170	18	167	18	163	19	158	21	152	23	146	24	139	24	131	23	122	22	112	20	101	17	89	13	78	8	68	4	59	1	51	-1	44	-2	38	-2	33	-1	29	1	26	4	24	8	23	13	23	19	24	26	26	34	29	43	33	53	38	64	44	76	51	89	59	101	68	112	78	122	88	132	97	141	105	149	112	156	118	162	124	167	129	171	133	174	136	176	138	177	139	177	139	
70:
132	601.348	35	16	34	17	33	18	31	19	28	20	24	22	20	25	17	29	15	32	14	36	14	39	15	43	17	46	20	48	24	49	29	49	35	49	42	48	50	46	59	43	69	39	80	34	90	29	99	25	108	20	116	16	123	13	129	11	135	10	140	10	144	11	147	13	149	16	150	19	150	22	151	24	152	25	154	25	156	25	158	24	159	22	159	19	159	15	160	12	161	9	163	7	165	6	168	6	170	7	171	9	171	12	170	16	170	21	170	27	171	33	173	38	176	42	180	45	185	47	189	48	192	49	195	49	197	48	198	46	198	43	198	39	197	36	195	34	192	33	188	33	183	34	177	36	170	39	163	43	156	48	150	54	144	61	139	69	135	77	132	85	130	92	129	98	129	103	130	107	132	110	135	112	139	113	144	113	150	112	157	110	164	108	170	107	175	107	179	108	182	110	184	113	185	117	185	122	184	128	182	135	179	141	175	146	170	150	164	154	157	157	149	159	140	160	130	160	119	160	107	159	94	157	82	154	71	150	61	145	52	139	44	132	37	124	31	115	26	105	22	94	19	82	17	71	16	61	16	52	17	44	19	37	22	31	25	26	29	22	32	19	34	17	35	16	35	16	
71:
150	262.951	158	64	157	63	155	61	152	60	148	60	143	61	137	63	132	66	128	70	125	75	123	81	122	88	122	94	123	101	125	107	128	112	132	116	136	119	140	121	144	122	147	122	149	121	151	121	152	121	152	121	151	121	149	122	146	124	144	127	142	131	141	136	141	142	142	147	144	151	147	154	151	156	156	157	162	157	168	157	174	156	179	154	183	151	186	147	188	142	189	137	189	132	188	128	186	125	183	122	179	119	174	117	168	116	161	116	153	117	144	118	136	120	127	123	117	127	107	132	98	138	88	143	79	147	71	152	64	156	58	160	53	164	49	167	46	171	44	175	43	178	43	180	44	183	46	187	49	191	53	196	57	200	62	203	68	205	74	206	79	206	83	205	86	203	88	200	89	196	89	191	88	185	86	178	83	171	79	163	74	154	68	145	61	137	53	130	45	123	37	117	30	112	24	108	19	105	15	103	12	102	10	102	9	103	9	105	10	107	12	108	15	108	19	107	24	105	29	103	35	100	40	96	44	91	47	85	49	78	50	70	50	61	50	51	50	42	51	34	53	27	56	21	60	15	65	10	71	5	78	1	86	-2	95	-4	105	-5	116	-5	127	-6	137	-7	146	-7	154	-6	161	-4	167	-2	172	1	176	5	179	10	181	16	182	21	182	27	181	34	179	41	176	47	172	52	168	56	164	59	161	61	159	63	158	64	158	64	
72:
120	30.776	142	116	141	117	139	119	136	122	134	126	133	131	133	137	134	142	136	147	139	152	142	157	146	162	151	167	157	172	163	176	170	179	177	181	183	182	189	182	194	181	198	179	201	176	203	172	204	167	204	161	203	154	201	146	198	137	194	127	189	117	183	107	176	98	169	90	163	83	158	77	154	72	151	67	149	62	148	58	147	54	147	51	148	47	150	43	151	39	151	36	150	34	148	33	145	33	141	33	136	34	130	36	123	39	116	43	110	46	105	50	101	54	98	59	96	64	95	68	95	71	94	73	92	74	90	74	88	73	87	71	85	68	82	64	78	59	73	53	67	47	60	42	52	38	45	35	39	33	34	32	30	32	27	33	24	35	22	38	21	42	21	47	22	53	23	60	24	68	26	77	27	87	28	98	30	110	33	121	37	131	40	140	42	148	43	156	43	163	42	169	41	174	40	178	40	182	41	186	43	189	46	191	50	192	55	192	61	191	67	189	74	186	82	182	91	178	100	173	108	167	115	160	121	152	126	144	130	137	133	131	135	126	137	122	139	119	141	117	142	116	142	116	
73:
123	408.655	51	103	52	102	54	101	57	100	61	100	65	101	68	103	70	105	71	108	73	111	76	113	80	114	85	114	90	113	94	111	97	108	100	105	103	103	107	102	112	101	117	101	121	102	124	104	126	107	127	110	127	114	126	119	126	125	126	131	126	136	127	140	127	143	128	145	130	146	131	146	131	145	131	143	130	140	129	136	129	131	129	125	128	118	126	110	124	102	121	93	119	85	116	76	114	68	113	61	113	55	112	50	110	46	107	43	103	41	98	40	92	40	85	40	78	40	72	39	66	37	61	34	57	30	53	26	49	22	44	19	38	17	32	16	27	16	23	17	20	19	18	22	17	26	17	31	18	37	20	44	23	51	27	57	32	62	38	67	45	71	53	74	62	76	72	77	83	77	95	77	107	76	118	74	129	71	140	69	150	67	159	66	167	66	174	66	180	66	185	67	189	69	192	72	194	74	195	75	195	75	194	74	192	72	189	69	185	65	180	62	174	60	167	59	159	59	150	60	140	62	129	64	117	67	106	71	96	76	87	81	79	85	72	90	66	94	61	97	57	99	54	100	52	102	51	103	51	103	
74:
149	138.945	1	25	2	25	4	26	7	27	11	29	15	31	20	33	25	36	29	39	32	41	35	42	39	42	43	41	46	39	50	36	55	32	61	29	67	27	72	26	76	26	79	27	81	29	82	32	82	36	81	41	80	47	78	53	75	60	71	68	66	75	60	81	53	86	46	90	40	93	34	95	29	96	25	96	22	95	20	95	19	95	19	96	20	98	22	101	25	105	29	109	34	114	39	120	43	127	46	134	48	140	49	147	49	153	49	158	48	162	46	165	43	168	39	170	34	171	28	171	22	170	17	168	13	165	10	161	8	158	7	155	7	152	8	150	10	149	13	149	17	150	22	152	28	154	35	157	43	161	52	164	62	168	72	172	83	175	94	177	104	178	113	178	121	177	128	176	134	174	139	172	143	170	146	167	148	165	149	163	149	162	148	160	146	158	143	155	139	151	136	146	134	140	133	133	133	125	134	116	136	107	139	97	143	88	148	80	154	73	161	67	167	62	174	58	180	55	185	53	189	52	192	52	194	52	195	53	195	55	194	58	192	60	189	61	185	61	180	60	174	58	168	55	162	51	156	46	151	40	146	33	142	25	139	17	137	10	134	4	130	-1	125	-5	119	-8	112	-10	104	-12	95	-13	85	-13	74	-12	64	-10	55	-7	46	-5	37	-2	29	1	22	5	16	10	11	15	7	19	4	22	2	24	1	25	1	25	
75:
144	1521.471	58	8	57	9	55	11	52	14	48	18	43	22	37	27	31	31	26	35	22	39	19	42	17	44	16	45	16	45	17	46	19	48	22	49	26	50	31	50	37	49	44	47	51	46	59	44	68	41	78	37	89	32	101	26	112	21	122	16	131	12	139	8	146	5	152	3	157	2	161	2	164	3	166	5	167	8	167	12	166	17	165	23	163	30	161	38	160	47	160	56	161	64	163	71	166	77	170	82	173	86	175	89	176	91	176	93	175	95	174	96	172	96	171	96	171	95	172	93	174	92	177	92	181	93	185	94	189	96	192	99	194	103	195	107	195	112	194	118	192	125	191	133	191	142	190	151	188	160	185	168	181	175	176	181	172	186	169	190	165	193	161	195	158	196	154	196	149	195	144	193	140	190	137	186	134	181	132	175	130	168	129	160	129	151	130	143	130	136	129	130	127	125	126	121	125	118	123	116	120	115	116	115	113	116	111	118	109	121	108	125	106	130	103	136	100	143	98	150	95	158	91	165	86	171	82	176	79	180	76	183	72	185	68	186	64	186	61	185	58	183	54	180	49	176	43	171	38	165	34	158	31	150	29	141	28	132	26	122	25	111	23	99	22	86	22	74	23	63	25	53	28	44	32	36	37	29	43	23	48	18	52	14	55	11	57	9	58	8	58	8	
76:
139	561.464	177	23	176	24	174	24	171	25	167	27	162	29	157	30	151	30	144	30	136	31	127	32	117	32	107	32	97	31	88	29	80	27	73	24	67	20	62	15	58	10	55	6	53	3	52	1	50	0	47	0	43	1	38	3	33	6	29	10	25	15	21	21	18	28	16	36	15	45	15	54	16	63	16	73	17	82	19	90	22	97	26	103	31	108	37	113	44	117	52	120	60	122	68	123	77	123	85	123	93	123	100	124	106	126	111	129	115	133	120	138	125	144	130	150	134	155	137	159	139	162	140	164	140	167	139	169	137	170	134	171	130	171	125	171	119	172	112	172	104	172	97	173	90	175	83	178	75	182	68	185	62	187	57	188	53	188	50	187	48	185	47	182	47	178	48	173	50	167	53	160	57	152	62	143	68	134	75	126	83	119	92	113	102	108	113	104	125	101	138	99	151	98	163	98	174	99	184	101	193	104	201	108	208	113	214	119	219	126	223	134	226	143	229	151	231	158	232	164	232	169	231	173	229	176	226	178	222	179	217	179	211	178	204	176	196	173	188	169	181	164	175	158	170	151	166	143	163	134	161	124	160	113	160	101	161	89	163	78	166	68	170	59	174	51	177	44	179	38	180	33	180	29	179	26	178	24	177	23	177	23	
77:
152	133.097	11	135	12	134	13	133	15	132	18	131	22	131	27	132	33	134	40	137	46	141	51	146	55	152	58	158	60	163	61	167	61	171	60	174	58	176	55	177	51	177	46	176	41	174	35	171	30	167	26	162	23	156	21	149	20	143	20	136	21	128	23	121	26	114	30	108	35	103	41	99	48	96	54	94	59	93	65	93	72	94	80	96	87	99	93	102	98	106	103	109	107	111	110	112	112	112	113	111	113	109	112	106	110	102	108	97	107	91	107	84	107	77	108	71	110	66	113	62	117	59	122	57	128	56	135	56	143	56	151	56	158	56	165	55	172	54	178	52	183	49	187	45	190	42	192	40	193	39	194	39	194	40	193	41	191	43	188	46	184	50	180	55	177	61	175	68	173	76	172	85	172	95	172	106	173	118	175	130	178	141	180	151	181	160	181	168	180	175	178	181	175	186	171	190	166	193	160	195	153	196	145	196	136	195	126	193	116	190	107	186	99	181	92	175	86	168	81	160	77	151	74	141	72	130	71	118	71	105	72	91	74	78	76	66	79	55	82	45	84	36	85	28	85	21	84	15	82	10	79	6	75	3	70	1	64	0	57	0	50	1	44	3	39	6	35	10	31	15	28	21	26	28	25	36	25	45	25	53	25	62	24	72	22	81	19	90	15	99	12	107	10	114	8	120	7	125	7	129	8	132	10	134	11	135	11	135	
78:
129	11.916	39	160	40	159	40	157	40	154	41	150	42	145	42	141	41	138	39	136	36	134	32	133	28	132	25	131	23	129	22	126	22	122	23	117	25	111	28	106	32	102	37	97	42	92	46	87	49	81	51	76	52	72	52	69	51	67	49	66	46	65	42	65	39	66	36	68	34	69	33	69	33	68	34	66	36	63	39	59	43	54	46	48	48	41	49	33	49	26	48	20	46	15	43	11	41	8	40	6	40	5	41	5	43	6	46	8	50	11	55	15	61	20	68	24	75	28	83	31	92	33	102	35	113	36	124	36	135	35	145	33	154	31	162	30	169	30	175	31	180	32	184	34	187	37	189	41	190	46	191	51	191	57	190	64	188	72	185	81	181	91	176	102	170	112	164	121	159	131	155	140	152	148	150	155	149	161	149	168	150	176	152	184	155	191	159	197	164	202	170	206	177	209	184	211	190	212	195	212	199	211	202	209	204	208	205	206	205	203	204	199	202	194	199	189	195	185	190	182	184	180	177	179	169	179	160	180	150	182	140	185	129	187	117	189	105	190	94	190	84	189	75	187	67	184	60	180	54	175	49	170	45	166	42	163	40	161	39	160	39	160	
79:
176	1795.837	6	164	7	163	9	162	12	161	15	160	19	160	23	160	26	159	28	157	29	154	29	150	28	147	26	143	23	140	19	137	16	135	14	134	12	132	11	130	11	127	12	123	14	120	17	118	21	117	26	117	32	118	38	120	43	122	47	125	50	129	52	134	53	139	55	144	58	148	62	151	67	153	73	154	79	156	86	159	93	163	99	168	104	174	108	179	111	183	113	186	114	188	114	189	113	189	111	188	108	186	104	183	100	179	97	174	95	168	93	161	92	153	92	144	93	136	95	128	98	121	102	115	107	109	113	104	120	100	128	97	136	95	144	93	151	90	157	86	162	81	166	75	169	70	171	66	173	63	176	61	180	60	184	60	188	61	193	63	197	66	201	70	205	75	208	80	210	86	211	93	212	101	212	108	211	114	209	119	206	123	202	126	197	128	192	129	187	129	183	128	180	126	176	123	171	119	165	114	159	108	153	101	146	93	138	85	129	76	119	68	108	61	96	55	83	50	71	46	60	43	50	41	41	40	33	40	26	41	20	43	15	46	11	50	8	55	6	61	5	67	5	72	6	76	8	79	11	82	15	86	20	91	26	95	33	98	41	100	50	101	60	101	71	100	83	98	95	95	106	91	117	86	129	80	140	73	150	65	159	56	167	47	174	39	180	31	185	24	189	18	192	13	194	9	195	6	195	4	194	3	192	3	189	4	185	6	180	9	174	13	167	18	159	24	150	31	141	39	131	48	120	58	109	69	97	81	84	93	72	104	61	114	51	123	42	131	34	138	27	144	21	149	16	154	12	158	9	161	7	163	6	164	6	164	
80:
143	319.328	146	98	147	99	149	100	152	100	156	99	161	98	167	96	172	93	176	89	179	86	181	82	182	77	182	72	182	68	181	65	179	63	176	62	172	62	167	63	163	65	158	68	153	72	149	77	146	83	144	90	143	98	143	106	144	113	146	119	149	124	153	128	157	131	162	133	168	134	174	134	180	134	185	135	189	137	192	140	194	144	195	149	195	155	194	162	192	169	189	175	185	180	180	186	174	191	167	195	159	198	150	201	140	203	130	204	121	204	112	203	104	201	97	198	91	194	86	189	82	183	78	177	75	172	73	168	72	165	72	163	73	162	75	162	76	163	76	165	76	168	75	172	73	177	70	182	66	187	61	191	55	194	50	196	46	197	42	197	39	196	37	194	36	191	35	187	35	182	36	176	38	169	39	161	39	152	38	142	36	131	35	120	34	110	34	100	35	91	37	83	40	76	44	70	49	65	54	60	59	56	65	52	70	47	74	41	77	34	79	27	81	21	82	16	83	12	84	9	84	7	84	6	83	6	82	7	81	9	80	12	80	16	80	21	80	27	79	34	77	42	76	51	74	61	73	70	73	78	74	87	75	95	76	102	77	108	79	113	82	117	86	120	91	122	97	123	104	123	112	122	119	120	125	117	131	113	136	108	140	104	143	101	145	99	146	98	146	98	
81:
132	1679.398	4	181	5	182	7	183	9	184	12	184	14	183	15	181	15	178	14	174	13	169	12	163	12	156	13	148	15	140	18	133	22	127	27	122	32	117	38	113	43	110	47	108	50	107	52	107	54	108	55	110	56	113	56	117	56	122	56	128	57	134	59	139	62	143	66	146	71	148	77	149	84	149	90	149	96	149	101	150	105	152	108	155	110	159	111	164	111	170	112	177	113	183	115	188	118	192	121	195	125	197	130	199	136	200	143	200	151	199	158	197	164	194	169	190	173	185	176	181	178	177	179	173	179	169	178	166	176	164	173	162	169	160	164	157	158	153	151	148	143	142	134	135	124	129	115	122	107	114	100	105	94	96	89	87	85	79	82	72	79	66	76	61	72	57	68	54	65	52	63	51	62	51	62	52	63	53	65	53	68	53	72	53	77	52	82	51	88	49	93	46	97	42	100	37	102	31	103	25	103	19	102	14	100	10	98	7	95	5	91	4	86	4	80	5	73	7	65	10	57	14	50	19	44	25	39	32	35	40	32	49	30	59	29	70	29	82	30	95	32	107	33	118	33	128	32	137	30	145	27	153	23	160	19	166	14	171	10	175	7	178	5	180	4	181	4	181	
82:
127	9.827	49	70	48	71	46	72	45	74	43	77	41	81	40	86	40	90	41	93	43	95	46	96	49	96	52	95	56	93	61	90	67	86	73	81	80	75	88	68	97	61	107	54	116	47	124	41	131	36	137	32	142	29	147	27	151	25	154	22	156	19	157	17	157	16	156	16	154	17	151	19	149	22	148	26	148	31	149	36	151	41	154	45	157	48	161	50	166	51	172	51	178	50	184	48	189	45	193	41	196	38	198	36	199	35	201	35	204	36	208	38	213	41	217	45	220	50	223	56	227	63	230	70	232	78	233	87	233	97	232	107	230	116	227	124	223	131	218	137	213	142	207	146	200	149	192	151	183	152	175	152	168	151	160	149	152	148	145	148	139	149	134	151	129	154	125	158	122	162	120	165	117	167	115	168	114	168	114	167	113	165	111	162	108	158	104	153	99	149	93	146	86	144	79	143	73	143	68	144	64	146	61	149	59	153	58	158	56	162	54	165	52	167	50	168	47	168	44	167	41	165	39	162	38	158	38	153	39	147	41	140	44	132	48	124	52	115	55	106	57	98	58	91	58	85	57	80	55	76	52	73	50	71	49	70	49	70	
83:
138	99.666	88	33	89	32	91	31	94	29	98	28	103	27	109	26	116	24	123	21	131	17	139	13	148	9	156	6	163	4	169	3	175	2	180	2	184	3	187	5	189	8	191	12	192	17	192	23	191	30	189	36	186	42	182	49	177	55	172	60	166	64	160	67	155	69	151	70	148	70	146	70	145	70	145	71	146	73	148	76	151	80	155	85	160	89	164	92	167	94	169	96	170	99	170	103	169	108	167	113	164	117	160	120	155	123	149	125	142	126	134	126	127	125	121	124	116	124	112	125	109	127	107	130	106	134	106	137	107	141	109	146	112	152	116	157	121	163	126	168	132	173	139	177	147	180	154	182	160	184	165	185	169	185	172	184	174	182	175	179	175	177	174	176	172	176	169	177	165	178	160	178	154	178	147	177	139	175	130	172	120	169	109	166	97	164	86	163	76	163	67	164	59	166	52	169	46	173	41	178	37	182	33	186	30	189	27	191	24	192	20	192	17	191	14	189	12	186	11	182	11	177	12	171	14	164	16	156	17	147	19	137	22	128	25	119	29	111	34	104	40	98	47	93	55	88	64	84	72	80	79	77	85	75	90	74	94	72	97	69	99	65	100	60	100	54	99	48	97	43	94	39	91	36	89	34	88	33	88	33	
84:
125	14.127	119	9	118	10	116	12	115	15	113	19	112	24	112	30	113	37	115	44	118	52	120	59	121	65	122	71	122	76	121	81	119	87	116	94	112	101	108	109	105	118	103	128	102	137	102	145	102	152	102	158	103	163	105	167	107	170	110	172	114	173	119	173	125	172	132	170	140	167	149	165	157	163	164	162	170	162	176	163	181	165	185	168	189	172	192	176	194	179	195	181	195	182	194	182	194	181	193	179	192	176	192	172	192	167	192	161	191	154	189	146	187	137	185	128	183	118	180	107	176	95	173	82	171	70	170	59	170	49	171	40	173	32	176	25	180	19	184	14	188	10	192	6	195	3	197	1	198	0	198	0	197	1	195	3	192	6	188	10	183	15	177	21	170	28	162	36	153	45	143	54	132	64	120	73	107	81	94	88	82	94	71	99	61	103	52	106	44	108	36	110	28	112	21	115	15	118	10	120	6	121	3	121	1	120	0	118	0	116	1	114	3	112	6	109	10	106	15	102	21	97	28	91	36	84	45	77	55	69	65	61	74	52	83	44	91	37	98	30	104	24	109	19	113	15	116	12	118	10	119	9	119	9	
85:
140	7.658	43	18	42	19	40	21	38	23	35	25	32	26	28	26	25	25	23	23	22	20	22	16	23	11	25	6	28	2	32	-1	37	-3	43	-4	50	-4	58	-3	67	-1	76	2	84	5	93	8	101	12	108	17	114	22	119	28	123	35	126	41	128	46	130	50	132	54	133	57	135	59	136	60	137	60	138	59	138	57	137	54	137	51	137	47	137	42	138	36	140	31	142	27	145	24	149	22	153	21	158	21	163	22	168	24	174	27	181	31	187	36	192	42	196	49	199	57	201	66	202	76	202	86	201	97	199	107	196	116	192	124	187	131	181	137	174	142	166	146	158	149	151	151	145	152	140	152	135	151	131	149	128	146	126	142	123	137	119	131	114	124	108	117	101	110	93	104	84	98	74	92	63	87	51	83	40	80	29	78	19	77	10	77	1	78	-7	80	-14	83	-20	87	-25	92	-29	98	-32	105	-34	113	-35	122	-35	132	-34	143	-32	153	-29	162	-25	170	-20	178	-14	185	-7	191	1	196	9	200	18	203	26	205	34	206	42	206	50	205	58	203	65	200	71	196	76	191	82	185	87	178	91	170	94	161	96	151	97	141	97	130	96	118	94	107	91	95	87	84	83	73	78	63	73	54	67	46	61	39	56	33	52	28	49	24	46	21	44	19	43	18	43	18	
86:
120	10.689	0	93	1	94	2	96	4	99	7	103	10	108	12	112	13	116	15	119	17	121	19	122	21	122	22	121	22	119	21	118	19	118	16	119	12	121	9	124	7	128	6	133	6	138	5	144	3	151	1	157	0	162	0	166	1	169	3	171	6	172	9	172	13	171	18	169	22	166	26	162	30	157	35	152	41	148	47	144	52	141	56	139	59	138	61	138	64	139	68	141	72	144	76	148	81	153	87	157	92	160	97	162	103	163	110	163	116	162	121	160	125	157	128	155	130	154	131	153	131	151	130	148	128	144	125	139	121	134	117	128	113	121	110	113	108	106	107	99	107	93	108	87	110	82	113	78	117	75	122	73	128	72	134	72	141	73	149	75	157	78	165	82	172	87	178	93	183	100	187	108	190	117	192	127	193	138	193	148	192	157	190	166	187	174	183	181	178	187	172	192	165	196	157	199	148	201	138	202	127	202	116	201	105	199	95	196	86	192	78	187	71	181	65	174	60	166	55	157	49	148	43	138	36	129	28	121	21	114	15	108	10	103	6	99	3	96	1	94	0	93	0	93	
87:
132	52.792	84	159	85	160	87	162	88	165	88	169	88	174	89	178	89	182	89	185	88	187	86	188	83	188	79	187	74	185	69	182	65	178	62	173	60	167	59	160	59	152	59	144	60	137	62	131	65	126	69	122	74	119	79	117	83	115	86	114	88	114	89	115	89	116	88	116	86	115	83	113	79	110	74	106	68	101	61	96	53	92	45	89	38	87	32	86	27	86	23	87	20	88	18	90	17	92	17	93	18	93	20	92	23	90	27	87	32	83	38	78	45	72	52	65	59	58	65	52	70	46	74	41	77	37	80	33	83	30	86	28	90	27	95	27	100	28	106	29	113	29	121	28	130	28	140	28	150	28	159	29	167	31	174	34	180	38	185	41	189	43	192	44	194	44	195	43	195	43	194	42	192	42	189	43	185	45	180	48	174	52	168	57	163	63	159	70	156	78	154	87	153	97	153	108	154	119	156	130	159	140	163	149	168	157	174	164	181	170	187	177	192	183	196	188	199	193	201	199	202	205	202	210	201	214	199	217	196	220	192	222	187	223	181	223	174	222	166	220	158	217	149	213	139	208	129	202	120	195	112	187	105	180	99	174	94	169	90	165	87	162	85	160	84	159	84	159	
88:
155	151.348	113	100	113	101	112	103	110	106	107	110	103	115	98	121	94	127	91	132	88	136	86	139	84	141	82	142	79	142	76	141	72	139	69	136	66	132	63	127	61	121	60	114	60	106	59	99	57	93	54	88	50	84	45	81	39	79	32	78	26	78	20	79	15	81	11	84	8	88	6	93	4	98	3	104	3	111	4	119	6	128	9	137	13	145	16	152	18	158	19	163	19	168	18	172	16	175	14	177	11	178	8	179	5	180	3	182	2	185	2	187	3	189	5	190	8	191	12	191	17	190	23	188	30	185	38	183	47	182	57	181	68	181	79	182	91	182	104	182	116	182	128	183	139	185	149	188	158	191	166	193	173	194	179	194	184	193	188	191	191	188	193	184	194	179	194	173	193	167	191	160	188	152	185	143	181	133	176	122	171	110	167	98	164	87	160	77	155	68	149	60	142	53	136	47	129	42	121	38	114	35	108	33	103	32	98	32	94	33	91	35	89	36	88	36	88	35	89	34	91	32	93	29	94	25	94	20	93	16	91	13	88	11	85	9	83	6	82	3	82	0	83	-2	85	-3	88	-3	92	-2	96	-1	101	1	107	3	114	4	122	4	130	3	139	1	147	-1	154	-2	160	-2	165	-1	169	1	172	4	174	8	175	13	175	18	174	24	172	30	169	37	165	45	160	54	154	62	147	69	141	76	134	82	128	87	123	91	119	94	116	97	114	99	113	100	113	100	
89:
184	503.892	6	36	7	35	8	33	10	30	12	26	15	23	17	21	20	20	22	20	23	21	24	23	25	26	27	30	30	34	34	38	37	41	39	43	41	44	44	44	48	43	51	41	53	38	54	34	55	29	57	24	59	20	62	17	66	15	70	14	75	14	80	15	84	17	87	20	89	24	90	29	90	35	89	41	87	48	85	54	82	59	79	64	77	68	76	71	76	73	77	74	79	74	82	73	86	71	91	68	97	64	103	59	108	54	114	50	119	47	123	44	126	42	128	41	129	41	129	42	128	44	126	47	123	51	120	56	117	62	115	69	114	75	113	81	113	87	114	92	116	96	119	100	123	103	128	105	134	106	141	106	147	105	152	103	156	101	159	100	162	100	164	101	167	103	169	106	170	110	170	115	170	121	169	128	169	136	168	143	166	149	163	154	159	158	154	161	148	163	142	164	135	164	128	164	120	163	113	161	107	159	102	156	98	154	95	153	93	153	92	154	92	156	93	159	95	162	98	166	101	170	103	175	104	181	104	188	103	194	101	199	98	204	94	208	89	211	83	213	76	214	69	214	61	213	53	211	46	208	40	204	35	199	31	193	28	186	26	178	25	169	25	159	26	150	28	140	31	130	35	121	40	113	46	106	53	100	61	95	70	91	80	88	91	86	103	85	116	85	128	86	139	88	149	91	158	95	166	100	173	106	179	113	184	121	188	130	191	138	193	145	194	151	194	156	193	160	191	163	188	165	184	166	179	166	173	165	167	163	160	160	152	156	143	151	133	145	122	138	110	130	97	121	84	112	72	102	61	91	51	81	42	72	34	64	27	57	21	51	16	46	12	42	9	39	7	37	6	36	6	36	
90:
139	774.815	20	74	21	75	22	77	24	80	27	84	30	87	32	89	33	90	33	90	32	89	30	87	29	84	29	81	30	77	32	72	35	68	39	65	44	63	50	62	57	61	65	61	72	62	78	64	83	67	87	71	90	76	93	82	95	89	96	95	96	100	95	104	95	107	96	109	98	110	101	110	105	109	110	108	116	108	123	109	131	111	138	114	144	118	149	121	153	123	157	124	161	124	166	123	172	121	177	118	181	114	184	111	188	109	191	108	194	107	196	106	197	106	197	105	196	103	194	101	191	98	187	94	182	89	176	83	169	76	163	68	158	59	154	50	151	41	149	33	148	26	148	20	148	14	149	9	150	5	150	2	149	0	147	-1	144	-1	140	0	135	2	129	5	123	9	118	14	114	20	110	27	105	34	99	42	92	49	84	57	77	65	70	72	64	80	59	89	55	98	52	108	50	119	49	131	49	143	50	154	52	165	55	175	58	184	62	192	67	199	73	205	80	210	88	215	97	219	105	222	113	224	120	225	126	225	131	224	135	222	138	219	140	215	141	210	141	205	140	199	138	192	135	185	131	179	126	173	120	166	113	159	105	152	96	144	86	135	75	126	65	117	56	109	48	102	41	95	35	89	30	84	26	80	23	77	21	75	20	74	20	74	
91:
139	111.078	4	127	3	128	3	130	3	133	3	137	4	142	6	146	9	150	12	153	16	155	19	156	21	156	23	155	24	153	25	150	25	146	24	141	22	135	21	130	21	124	22	118	24	113	27	109	31	106	36	104	42	103	49	103	55	104	60	106	64	109	67	113	70	118	74	123	79	127	85	130	92	133	99	135	106	136	112	136	117	135	122	133	126	131	129	128	132	124	134	119	135	114	135	108	134	102	133	97	133	93	134	90	136	88	139	87	142	87	146	87	151	88	156	89	160	89	164	88	167	86	169	84	170	81	170	77	169	74	167	71	164	67	160	64	155	62	149	61	143	60	138	58	133	55	129	52	126	49	124	45	123	40	123	34	124	27	126	19	127	12	127	6	126	1	124	-3	121	-6	117	-8	112	-9	107	-9	103	-8	100	-6	98	-4	97	-1	97	3	98	8	100	14	103	21	107	29	112	37	118	46	125	55	132	64	139	72	147	79	154	87	160	95	165	104	169	112	172	121	174	131	175	141	175	151	174	160	172	168	169	175	165	181	160	186	154	190	147	195	139	199	130	202	120	204	109	205	97	205	84	204	72	202	61	199	51	195	42	190	34	184	27	177	21	169	16	162	12	155	9	148	7	142	6	137	6	133	5	130	4	128	4	127	4	127	
92:
131	167.337	106	133	105	134	103	136	100	139	97	143	93	147	88	150	82	152	75	154	68	155	62	155	56	154	51	152	47	150	44	147	42	143	41	138	41	132	41	125	40	117	40	110	41	104	41	99	40	95	38	92	35	90	32	89	29	89	25	90	20	92	16	93	13	93	10	92	8	90	7	87	7	83	8	78	10	72	13	67	17	63	22	60	28	58	35	57	43	57	52	58	60	60	67	63	73	66	78	70	84	75	89	80	93	86	96	91	98	95	99	98	99	100	100	101	101	101	103	100	106	98	110	95	113	91	115	86	116	82	117	79	117	77	116	76	114	76	111	77	108	79	104	82	99	86	93	91	86	97	80	104	75	112	71	121	67	131	64	141	62	151	61	160	60	168	58	175	55	181	51	186	48	190	46	193	45	195	45	196	46	198	48	199	51	199	55	198	60	196	66	193	73	191	81	189	90	188	100	188	111	188	122	189	133	191	143	194	152	198	160	201	167	203	173	204	178	204	182	203	185	201	187	198	188	194	188	189	187	183	185	176	182	169	178	163	173	158	167	152	162	147	156	142	149	137	141	133	134	130	127	128	121	127	116	127	112	128	109	130	107	132	106	133	106	133	
93:
151	293.538	7	79	8	80	10	82	11	85	13	89	14	94	14	100	13	105	13	109	14	112	16	114	19	115	23	115	28	114	34	112	41	109	48	105	55	100	61	94	66	87	70	79	73	71	75	64	76	57	76	51	76	46	75	42	73	39	70	37	66	36	61	36	55	37	48	39	41	41	35	43	30	44	26	44	23	43	21	41	20	38	20	34	21	30	23	25	26	21	30	16	35	12	41	9	47	7	54	6	62	6	71	6	81	7	92	9	104	12	116	16	128	20	139	23	149	25	158	26	166	26	173	26	179	27	184	29	188	32	191	36	193	41	194	47	194	52	193	56	191	59	188	61	184	64	179	68	173	72	166	77	158	81	149	84	141	87	134	90	128	94	123	99	119	105	116	112	114	120	113	129	113	139	113	148	114	156	114	163	113	169	111	174	108	178	104	181	99	184	93	186	88	188	83	191	79	194	76	196	74	197	73	197	73	198	74	200	76	203	79	207	83	212	88	218	94	225	101	231	109	236	118	240	128	243	139	245	149	246	158	246	166	245	173	243	179	240	184	236	188	231	191	225	193	218	194	210	194	201	193	192	191	183	188	175	184	168	179	162	174	157	168	153	161	150	153	148	144	147	134	147	123	146	111	144	98	141	85	137	73	133	62	128	52	122	43	115	35	107	28	100	22	94	17	89	13	85	10	82	8	80	7	79	7	79	
94:
145	700.911	82	187	81	186	79	184	77	181	75	177	73	172	72	168	72	165	73	162	75	160	78	158	82	156	85	153	87	149	88	146	88	144	87	143	86	143	86	144	87	146	89	149	92	151	96	152	100	152	103	151	105	149	106	146	106	142	105	137	103	131	101	124	100	116	100	108	101	101	101	95	100	90	98	86	97	83	96	81	96	80	97	80	99	80	102	81	106	83	111	84	117	84	124	83	132	82	141	82	150	82	158	82	165	82	172	83	178	85	183	88	187	92	190	97	192	103	193	110	193	118	192	127	190	137	187	146	184	154	182	161	181	167	180	172	180	176	181	180	183	183	185	185	188	186	190	186	191	186	191	187	190	189	188	190	185	190	181	190	176	189	170	189	163	188	155	188	146	189	136	191	125	194	113	198	101	202	89	205	78	207	68	208	57	208	47	207	38	205	30	202	23	198	17	193	12	187	8	180	5	172	3	164	2	155	2	146	3	136	5	125	8	113	12	100	17	88	22	77	28	67	35	58	43	50	51	43	60	37	68	32	76	28	83	25	89	23	94	22	100	22	107	23	115	25	122	28	128	32	133	37	137	43	140	50	142	58	143	67	143	77	142	88	140	100	137	112	133	123	128	133	123	142	117	151	110	159	103	166	97	172	92	177	88	181	85	184	83	186	82	187	82	187	
95:
153	458.78	24	131	23	130	21	128	18	125	14	121	10	116	6	110	3	105	1	99	-1	93	-2	87	-2	81	-1	76	1	70	4	65	8	61	13	58	19	55	26	53	34	50	41	46	49	43	56	40	62	38	67	36	71	33	74	29	76	24	77	19	77	15	76	11	76	8	76	6	77	5	79	5	80	6	82	8	85	11	89	15	94	20	100	24	107	27	115	29	124	30	132	30	139	30	145	30	150	29	154	27	157	25	159	24	160	24	160	25	159	26	157	28	154	31	150	35	145	40	139	46	133	53	126	60	118	66	109	71	101	75	94	78	88	80	83	81	79	81	76	82	74	84	73	87	73	91	74	96	76	102	78	109	81	117	83	125	84	133	84	140	83	146	81	151	78	155	74	160	69	165	64	171	60	178	57	184	54	191	52	199	51	207	51	214	52	220	54	225	57	229	61	233	66	236	72	238	79	239	87	239	96	238	106	236	116	233	126	229	135	224	144	218	152	211	159	203	165	194	170	184	174	173	177	161	179	148	180	134	180	119	179	104	177	90	174	77	170	65	165	54	159	44	152	35	144	27	135	20	125	14	114	9	102	5	89	2	76	0	64	-1	53	-1	43	0	33	2	24	4	16	7	9	11	3	16	-2	22	-6	29	-9	37	-11	46	-12	55	-12	65	-11	76	-9	86	-6	95	-2	103	3	110	9	116	14	121	18	125	21	128	23	130	24	131	24	131	
96:
152	289.905	134	144	133	145	131	147	130	150	129	154	129	159	129	164	130	169	132	174	135	178	139	181	144	183	150	184	157	184	164	183	170	181	175	178	179	174	182	170	184	165	185	159	185	153	184	146	182	140	179	134	175	127	170	121	164	116	157	112	149	109	140	107	132	106	125	106	118	107	110	109	103	112	96	116	90	120	84	123	79	125	74	126	70	126	67	125	65	123	64	121	63	119	61	118	59	118	56	119	54	121	52	124	49	127	45	129	40	130	34	130	27	131	21	132	16	134	12	137	9	141	7	146	6	152	6	159	7	166	9	173	12	179	16	184	20	188	25	191	31	193	38	194	46	194	54	193	63	191	71	188	78	184	84	179	89	173	94	166	98	158	101	149	103	139	104	128	104	117	103	107	101	97	98	88	94	80	89	73	83	67	76	62	68	58	59	55	49	53	40	52	32	51	25	49	19	46	14	42	10	37	7	33	5	30	4	28	4	27	5	27	7	27	10	28	14	30	19	33	25	37	32	42	40	48	49	53	58	58	68	62	79	66	91	69	102	71	113	72	123	72	132	71	140	69	147	66	153	62	158	57	162	52	165	47	167	43	168	40	168	38	168	37	168	37	167	38	165	40	162	43	158	47	153	52	147	58	142	65	138	72	135	80	133	89	131	99	130	108	129	116	128	123	128	129	129	134	131	138	132	141	133	143	134	144	134	144	
97:
136	21.914	57	117	58	117	59	117	61	116	64	115	68	113	73	111	77	109	81	108	86	108	92	109	97	111	101	113	105	114	109	114	112	113	114	111	116	109	117	106	117	102	116	97	114	91	113	85	112	80	112	76	113	73	115	70	118	68	122	67	127	67	133	68	140	70	148	73	157	75	165	76	172	76	178	75	183	73	188	70	192	68	195	67	197	67	198	68	198	70	197	73	195	77	192	82	189	87	187	93	185	100	184	107	184	113	185	118	187	122	190	125	194	127	198	128	202	128	206	127	209	125	211	122	212	118	213	113	215	107	216	100	216	92	215	83	213	73	211	62	208	52	204	42	200	33	196	24	193	16	190	9	186	3	181	-2	175	-6	168	-9	160	-11	151	-12	141	-12	130	-11	120	-9	110	-6	101	-2	93	3	85	9	78	16	71	23	65	31	60	40	56	48	53	56	50	63	48	69	47	74	47	78	47	81	47	83	46	84	44	84	41	83	37	81	32	79	26	78	20	78	14	79	9	81	5	84	2	88	-1	92	-3	97	-4	103	-4	110	-4	117	-3	125	-1	132	2	138	6	143	11	147	16	150	22	152	29	153	36	153	42	152	47	150	51	147	54	143	56	138	57	132	57	127	56	123	56	120	56	118	57	117	57	117	
98:
137	417.108	54	2	53	3	53	5	52	8	52	12	52	17	53	23	55	29	58	35	62	41	66	46	69	50	72	53	75	55	79	56	83	56	88	55	93	53	97	50	100	46	102	41	104	37	106	34	108	32	109	30	111	29	113	29	116	30	119	32	123	35	128	39	134	44	140	49	146	53	153	56	160	58	168	59	177	59	185	58	192	58	198	59	203	61	207	64	210	68	212	73	213	79	213	85	213	92	212	100	210	107	208	113	205	118	201	122	196	125	190	127	184	128	179	128	175	127	172	127	170	128	169	130	169	133	170	135	171	138	172	142	172	145	171	147	169	148	166	148	162	147	157	145	151	143	144	140	136	136	127	131	117	127	106	124	96	122	87	121	79	121	72	122	66	122	61	122	57	121	54	119	52	116	50	112	49	109	49	107	50	106	51	106	51	107	50	109	48	112	46	116	45	121	45	127	46	134	48	142	51	151	55	159	60	167	66	174	73	180	81	185	90	189	99	192	109	194	118	195	126	195	133	194	139	192	144	189	148	185	151	180	153	174	154	167	154	159	153	150	151	140	148	129	144	117	139	104	133	91	126	79	118	68	109	57	99	47	90	38	82	30	75	23	69	17	64	12	60	8	57	5	55	3	54	2	54	2	
99:
133	6.877	174	161	173	162	171	164	169	167	167	171	166	176	166	180	167	184	169	187	172	189	176	190	181	190	186	189	190	187	194	184	197	180	199	175	200	169	200	162	199	155	197	149	194	144	190	139	185	135	179	132	172	130	164	129	156	129	147	130	137	132	127	135	118	138	110	141	103	143	97	144	92	145	88	145	85	144	83	142	82	139	82	136	83	132	85	128	88	123	92	117	96	111	99	105	101	100	102	96	102	92	101	89	99	87	96	86	92	85	87	84	81	82	74	79	68	75	63	70	59	64	56	58	54	52	52	47	51	43	51	40	52	38	54	37	57	37	61	36	66	34	72	31	79	28	87	24	95	19	104	15	112	12	119	9	125	7	130	6	134	6	137	7	139	9	140	12	140	16	139	21	137	25	134	28	130	31	125	33	119	34	112	34	105	33	97	31	88	28	78	26	68	25	58	25	49	26	41	28	34	31	28	35	23	40	19	46	16	53	14	61	13	69	13	78	14	88	15	98	17	109	20	121	24	132	29	142	35	151	41	159	48	166	56	172	65	177	75	181	86	184	98	186	109	187	119	187	129	186	138	184	146	181	153	177	159	172	164	168	168	165	171	163	173	162	174	161	174	161	