0:
53	2.268	16	2	17	3	18	5	18	7	18	9	17	10	15	10	12	10	10	9	8	7	7	4	7	2	8	1	8	1	8	2	7	4	6	7	6	11	7	15	7	18	8	20	8	21	9	21	9	20	8	20	6	20	4	21	3	23	3	26	4	29	6	31	9	32	12	32	16	32	20	31	23	29	25	26	26	22	26	18	27	15	27	12	28	10	28	7	27	4	27	2	28	1	28	0	27	0	25	1	22	1	19	1	17	1	16	2	16	2	
1:
52	0.151	21	22	21	21	21	20	22	19	22	19	23	20	24	22	26	24	27	26	27	27	26	27	24	27	21	26	19	25	18	24	18	24	17	25	16	27	14	28	11	28	9	27	8	25	8	22	9	20	11	19	14	18	16	16	19	13	23	9	26	6	28	4	29	2	29	1	28	1	26	0	23	0	19	1	15	3	12	6	8	9	5	13	3	16	2	20	2	23	3	25	5	26	8	26	11	25	15	23	18	22	20	22	21	22	21	22	
2:
55	0.526	2	7	2	6	2	4	2	2	3	1	5	1	8	2	10	4	11	6	12	7	14	7	16	6	17	5	17	3	18	1	18	0	19	0	20	1	21	3	21	6	21	10	20	13	18	15	16	16	15	17	15	19	16	21	17	22	18	24	18	26	17	27	17	28	18	29	20	29	22	29	25	28	27	26	28	24	29	21	29	18	28	16	26	15	25	15	23	16	20	18	16	20	11	21	7	21	4	20	2	18	1	15	0	12	0	10	1	8	2	7	2	7	
3:
49	0.379	11	12	12	11	13	9	13	6	14	3	15	1	16	0	16	0	16	1	17	3	19	5	22	8	24	12	26	15	27	17	27	18	28	18	28	19	27	20	25	21	22	21	19	20	17	19	15	18	12	18	9	17	7	15	6	13	5	10	3	8	1	7	0	7	0	8	1	10	2	13	4	16	6	19	8	22	9	24	9	25	8	26	7	26	7	25	7	23	8	21	10	18	11	15	11	13	11	12	11	12	
4:
48	0.271	1	29	0	29	0	30	1	30	3	29	6	29	9	28	13	26	16	24	18	23	21	23	23	23	24	24	24	26	24	27	25	27	26	26	28	24	29	22	29	19	28	15	27	10	27	6	26	3	25	1	23	0	20	0	17	0	15	1	13	3	12	4	10	4	8	3	5	2	3	2	2	3	2	5	3	7	5	9	7	11	9	14	10	16	10	19	9	23	7	26	4	28	2	29	1	29	1	29	
5:
56	0.667	26	19	27	20	28	22	29	23	29	23	28	22	26	20	25	17	23	15	22	14	20	14	19	15	18	17	17	19	17	20	16	20	16	19	15	17	15	14	15	12	15	9	16	6	18	4	20	3	23	3	26	4	28	5	29	7	29	10	28	14	28	19	28	23	28	26	28	28	27	29	25	29	22	28	18	26	13	23	9	20	6	17	4	15	2	14	0	14	-1	15	-1	17	0	20	2	22	5	23	9	23	14	24	18	24	21	23	23	21	25	20	26	19	26	19	
6:
50	0.182	13	8	13	9	13	9	13	8	12	7	12	5	13	4	15	4	17	5	19	7	20	9	20	10	19	10	19	9	20	7	22	4	23	2	25	1	27	1	28	2	28	4	27	7	25	11	24	16	23	20	23	23	24	25	26	26	27	26	27	25	27	23	26	22	24	22	21	22	19	23	18	24	18	26	18	28	18	29	17	29	15	28	13	26	10	23	8	20	7	16	7	13	8	11	10	9	12	8	13	8	13	8	
7:
50	1.718	14	18	13	19	12	21	12	23	12	25	13	26	14	26	16	25	19	23	23	21	26	20	28	19	29	17	29	15	29	14	28	13	26	13	24	13	23	12	23	10	23	7	22	5	22	3	22	2	21	2	19	2	16	1	12	0	9	0	7	1	6	3	6	5	7	6	9	7	10	7	10	7	9	8	7	8	5	8	2	7	0	7	-1	8	-1	10	0	12	2	15	5	17	8	18	11	19	13	19	14	18	14	18	
8:
59	9.615	29	4	28	5	27	7	27	8	28	8	28	7	29	6	29	4	28	2	26	1	24	1	23	2	21	4	18	7	14	9	11	10	9	10	7	11	6	13	6	14	7	14	9	14	11	15	13	17	14	19	16	20	19	22	21	23	22	23	22	22	21	21	19	19	16	18	12	18	9	19	7	21	6	23	5	25	5	26	5	26	4	25	4	23	5	20	5	16	4	12	3	9	1	7	0	5	0	4	1	4	3	5	6	7	10	9	15	10	19	10	23	9	26	7	28	5	29	4	29	4	
9:
48	0.126	22	16	23	17	24	19	24	21	24	23	25	24	27	26	28	27	28	27	27	27	25	26	23	24	21	23	18	22	16	22	15	23	15	24	16	25	16	27	15	28	13	29	10	29	7	29	4	29	2	29	1	28	1	26	2	24	4	22	7	20	10	19	14	17	18	15	21	13	23	11	24	9	24	6	23	3	23	1	22	0	20	0	18	1	17	3	17	6	18	10	19	13	21	15	22	16	22	16	
10:
47	0.139	1	0	2	1	4	2	5	4	6	5	7	7	9	8	10	9	10	11	11	12	13	12	14	12	14	11	13	9	13	7	13	5	14	4	16	4	19	4	21	5	22	5	22	4	22	2	22	1	23	1	25	2	27	4	28	7	28	11	27	15	25	18	22	20	19	22	15	23	11	23	7	22	4	21	2	21	1	20	1	18	2	15	4	11	5	7	5	4	4	2	2	1	1	0	1	0	
11:
57	0.045	10	5	9	5	8	6	7	7	7	9	8	12	8	15	7	17	7	18	8	18	10	18	13	18	15	19	16	19	16	20	15	22	15	25	15	27	14	28	12	28	11	27	11	27	12	27	14	28	17	30	20	31	24	31	27	30	29	28	30	25	30	22	29	18	27	14	24	11	22	9	20	8	19	7	19	5	20	4	22	3	23	3	23	4	22	5	20	5	17	5	14	5	10	5	7	4	4	2	2	1	1	1	1	0	2	0	4	1	7	2	9	4	10	5	10	5	
12:
53	0.655	20	1	21	1	22	2	24	2	26	3	27	5	27	7	26	8	24	9	21	9	19	8	17	6	16	3	15	1	13	0	12	0	11	1	10	3	8	5	6	6	5	7	5	9	6	10	6	10	5	9	3	8	2	8	2	9	3	11	5	14	7	16	9	17	11	18	12	19	12	20	11	22	9	24	7	25	5	25	4	24	4	24	5	25	7	26	10	26	14	25	18	23	21	20	23	16	24	11	24	7	23	4	21	2	20	1	20	1	
13:
54	0.723	23	21	24	21	24	20	24	19	23	19	22	20	20	20	19	19	17	18	14	18	12	19	11	20	11	22	11	24	11	25	10	25	9	24	7	22	6	19	5	17	3	15	2	13	2	12	3	12	5	12	6	13	8	13	9	12	9	10	8	8	7	7	6	6	6	6	7	7	9	9	11	10	14	10	17	9	21	7	25	6	28	6	30	7	31	9	31	12	30	16	28	20	27	23	25	25	24	26	22	26	21	25	21	23	22	22	23	21	23	21	
14:
62	0.165	28	0	28	1	27	3	25	5	23	8	21	10	20	12	20	15	21	17	21	20	20	22	18	23	15	23	12	22	9	20	7	18	5	16	4	15	4	15	5	14	7	14	8	14	8	13	7	11	5	10	3	10	2	11	2	12	3	12	5	11	8	9	10	6	11	4	12	3	14	2	17	2	21	3	24	4	26	6	27	9	27	13	26	18	25	23	23	27	20	30	16	32	11	33	7	33	4	32	2	31	1	29	1	27	2	26	4	24	7	22	11	19	16	15	20	10	23	6	25	3	27	1	28	0	28	0	
15:
49	0.066	11	9	10	8	8	7	6	5	3	3	1	2	0	2	0	3	1	5	2	8	2	12	2	15	1	17	0	19	0	21	0	24	1	26	2	27	3	27	4	26	6	24	9	21	11	19	12	18	12	16	13	15	13	15	12	16	12	17	11	19	11	22	11	25	12	27	14	28	17	28	20	27	23	25	25	22	26	18	26	14	26	10	26	7	25	5	23	4	20	4	17	5	14	6	12	8	11	9	11	9	
16:
49	0.134	27	16	26	17	24	18	23	18	21	17	20	15	20	12	20	8	21	5	22	2	24	0	26	-1	27	-1	27	0	26	2	24	5	21	7	18	8	15	10	13	13	11	16	10	18	8	19	6	19	5	18	5	16	6	14	6	11	5	8	5	6	4	5	2	5	0	6	-1	8	-1	11	0	15	2	19	5	23	9	26	13	28	18	29	22	29	25	28	27	26	28	23	28	20	27	18	27	17	27	16	27	16	
17:
45	0.356	15	22	16	23	17	24	17	24	18	23	19	22	19	20	20	19	22	18	23	17	23	15	22	12	20	10	17	9	14	8	11	8	9	8	8	9	8	10	7	12	6	13	5	13	3	12	2	12	0	13	-1	15	-1	17	0	20	2	23	4	25	7	26	10	27	13	28	16	29	20	29	23	28	25	27	26	27	26	26	25	24	23	22	20	21	18	21	16	21	15	22	15	22	
18:
57	0.658	14	0	14	1	14	2	14	3	14	3	13	2	11	2	10	3	10	5	9	6	7	6	5	7	4	9	4	12	4	15	5	17	7	18	10	18	13	17	15	15	16	13	16	12	17	12	18	12	20	12	21	13	21	13	20	14	18	14	16	14	15	15	15	16	16	18	18	19	19	20	19	20	18	21	17	22	16	22	16	22	17	23	18	25	18	27	17	29	15	30	12	30	9	30	7	29	5	27	4	24	4	20	5	15	6	10	8	6	11	3	13	1	14	0	14	0	
19:
57	0.782	0	8	1	8	3	8	5	7	6	5	6	3	5	2	3	2	2	2	2	3	3	5	4	8	4	10	4	13	3	15	1	16	0	18	0	21	0	24	1	27	3	29	6	30	9	30	12	29	14	28	15	26	17	24	18	23	20	23	21	24	23	24	25	24	27	24	28	25	28	26	27	26	25	25	22	23	20	20	19	16	19	12	20	9	21	7	23	6	25	6	26	6	26	7	25	7	23	6	20	5	16	5	12	5	8	5	5	5	3	6	1	7	0	8	0	8	
20:
55	1.997	8	27	9	26	11	25	14	25	17	25	19	26	20	28	20	29	21	29	21	28	21	26	22	24	22	21	23	17	24	14	26	12	28	11	29	11	29	12	28	13	26	13	23	12	21	10	20	7	20	5	21	4	23	2	25	1	27	1	28	1	28	0	27	-1	25	-1	22	0	19	1	17	3	16	6	15	8	15	10	14	11	12	11	10	10	7	10	5	10	4	10	4	11	5	13	5	15	4	17	3	18	3	20	4	23	6	25	7	26	8	27	8	27	
21:
52	0.407	28	28	27	28	25	27	22	26	19	24	17	21	16	19	15	18	13	18	11	18	10	19	8	19	5	18	3	16	1	13	0	10	0	7	1	5	3	3	5	2	7	2	8	3	8	5	8	7	9	8	11	9	14	11	18	12	21	13	23	13	24	12	24	10	23	9	21	9	19	10	16	12	12	15	8	18	5	22	3	25	2	27	2	28	3	29	4	30	6	30	9	29	13	27	18	26	22	26	25	26	27	27	28	28	28	28	
22:
53	0.332	28	10	27	10	25	10	23	10	21	9	20	7	20	6	19	6	18	7	16	8	15	9	15	9	14	8	12	8	11	9	11	11	12	12	14	13	16	14	19	16	21	19	22	22	22	24	21	25	19	25	16	26	12	26	8	25	5	24	3	24	2	23	2	21	3	18	3	14	4	9	4	4	5	0	5	-3	4	-5	2	-6	0	-6	-1	-5	-1	-3	0	0	2	2	5	3	9	5	13	6	18	6	22	6	25	7	27	9	28	10	28	10	
23:
51	0.097	20	9	20	8	20	7	19	7	17	8	14	8	11	7	8	6	6	6	3	6	1	7	0	9	0	12	1	14	3	16	5	17	8	17	10	17	11	16	11	16	10	16	9	17	8	19	8	21	9	22	11	22	14	21	18	21	21	22	23	22	25	21	26	21	26	22	26	24	26	26	25	28	23	29	21	29	20	28	20	27	21	25	23	22	26	19	28	17	29	15	29	12	28	10	26	9	23	8	21	8	20	9	20	9	
24:
56	0.616	2	13	1	13	-1	13	-2	12	-2	10	-1	8	1	7	3	7	6	8	8	10	9	12	9	15	10	19	10	22	9	24	7	25	4	25	2	24	0	23	-1	23	-1	24	-1	26	0	28	1	29	3	29	6	29	10	29	13	28	17	28	20	27	22	26	23	25	23	23	22	20	22	16	23	13	25	11	27	10	28	9	29	9	29	8	29	6	28	4	26	1	23	-1	19	-3	14	-4	9	-4	5	-3	2	-1	0	2	-1	6	-1	9	0	11	1	12	2	13	2	13	
25:
62	0.307	15	25	14	26	14	26	15	26	17	25	20	24	22	24	23	24	23	25	22	27	22	28	23	28	24	28	26	27	27	26	28	24	28	21	27	19	27	17	26	16	24	16	23	17	21	18	19	18	18	17	16	15	15	13	15	11	16	9	18	8	19	7	19	7	18	6	16	6	13	7	11	9	9	10	8	12	7	15	7	18	7	20	8	21	8	21	7	20	5	18	2	16	-1	13	-3	9	-4	6	-4	3	-3	1	-2	0	0	0	2	1	4	3	7	6	9	10	10	15	11	19	12	22	14	24	15	25	15	25	
26:
61	0.679	2	16	3	15	4	14	5	13	7	13	8	14	8	16	7	19	5	22	3	24	2	25	1	25	1	24	2	23	4	22	7	22	10	22	13	21	17	21	20	22	22	24	23	26	25	27	27	27	28	26	28	24	27	21	27	18	28	16	28	14	27	13	25	13	23	14	21	15	20	16	20	17	21	17	22	16	22	15	22	13	21	10	21	7	21	5	21	4	22	4	22	5	21	6	19	7	16	7	14	6	13	4	13	2	14	1	14	1	14	2	13	4	11	7	8	10	5	13	3	15	2	16	2	16	
27:
55	0.248	29	11	29	10	29	8	28	6	26	5	24	3	21	2	19	2	18	3	17	5	17	8	17	11	17	13	18	14	20	14	22	13	23	12	24	12	26	13	27	15	29	17	30	19	30	22	29	24	27	25	25	25	23	24	21	22	20	20	18	19	15	19	11	20	8	21	5	22	3	22	2	21	2	19	3	16	5	12	6	8	6	5	5	3	3	1	2	0	2	0	3	1	5	2	7	4	10	6	14	7	19	8	23	8	26	9	28	10	29	11	29	11	
28:
55	0.401	9	10	8	11	8	13	7	14	6	14	5	13	3	13	2	14	2	16	3	17	4	18	5	20	5	22	4	23	4	23	5	22	7	20	10	19	13	19	15	19	16	19	16	18	17	16	17	13	18	10	19	7	19	5	18	4	16	4	15	3	15	2	16	0	18	-2	21	-3	24	-3	26	-2	27	0	27	3	26	6	25	10	25	14	25	19	26	23	26	26	26	28	25	29	23	29	22	28	20	26	17	23	14	19	12	16	10	13	9	11	9	10	9	10	
29:
43	0.272	16	10	15	10	14	10	14	9	13	8	12	8	11	9	10	10	10	12	11	13	13	13	16	12	19	12	22	11	24	11	25	12	25	14	24	16	22	18	19	19	15	21	12	22	10	24	9	26	8	28	6	29	5	29	4	28	4	26	3	23	2	19	1	15	1	11	2	8	4	5	7	3	11	2	14	2	16	3	17	5	17	7	17	9	16	10	16	10	
30:
56	0.836	1	18	2	17	3	15	4	12	6	10	9	9	11	7	12	4	12	2	13	1	15	1	18	2	21	2	24	1	26	0	27	0	27	1	26	3	25	6	25	9	25	12	26	14	26	17	25	20	23	22	20	23	17	23	14	23	12	23	10	24	9	26	9	28	10	30	12	32	15	33	18	33	22	32	25	30	27	27	28	23	28	18	27	14	25	10	22	7	18	5	13	4	9	3	6	3	3	4	1	5	0	7	0	10	1	13	2	15	2	17	1	18	1	18	
31:
59	0.983	19	28	18	27	18	25	19	24	21	24	23	25	24	25	24	24	23	22	21	19	19	17	18	14	17	11	17	9	18	8	20	8	23	9	25	10	26	10	27	9	27	7	26	5	25	4	23	4	20	5	17	6	14	8	12	11	11	14	9	16	7	17	6	17	5	17	5	18	5	20	4	22	4	24	4	26	3	27	1	27	-1	26	-2	24	-2	22	-1	19	0	15	1	12	1	9	1	7	2	6	4	6	6	7	8	9	9	12	11	16	12	19	14	22	16	25	18	27	19	28	19	28	
32:
53	0.238	1	26	2	27	4	28	6	28	7	28	8	27	9	25	10	23	12	22	14	22	16	23	18	23	19	22	19	20	19	17	20	14	20	12	19	11	17	10	14	8	11	5	9	3	8	2	8	2	7	3	7	5	6	7	4	9	3	11	3	13	3	15	3	17	2	18	2	18	3	17	5	16	8	14	11	11	15	9	19	8	22	6	24	4	25	3	25	3	24	4	22	6	19	9	15	12	11	16	7	20	4	23	2	25	1	26	1	26	
33:
54	0.301	10	20	10	21	10	23	10	24	9	24	8	23	7	23	7	24	7	25	8	27	10	28	11	28	12	27	13	25	13	22	14	20	14	18	15	16	15	14	14	12	12	11	9	11	7	12	6	14	6	17	7	19	9	20	12	20	15	20	19	19	23	17	26	16	28	16	29	17	29	19	29	21	29	22	29	23	30	23	31	22	31	20	31	17	31	13	30	10	28	8	26	7	23	7	20	8	18	10	16	13	13	15	11	17	10	19	10	20	10	20	
34:
58	2.247	7	16	8	15	9	13	9	10	8	7	7	5	5	4	3	4	2	4	2	5	3	5	5	5	8	5	12	6	16	6	19	7	21	9	23	12	24	14	24	16	23	17	21	17	20	17	20	18	21	19	23	21	25	22	27	22	28	21	28	19	29	17	29	16	28	16	28	17	28	19	27	21	25	24	22	26	20	27	18	27	17	26	16	26	16	27	15	28	13	29	11	29	9	28	8	26	8	24	9	23	10	22	12	22	13	22	13	21	12	19	10	17	8	16	7	16	7	16	
35:
48	5.075	13	16	12	15	11	13	9	10	6	7	4	5	3	4	3	4	4	4	6	3	9	2	13	1	17	1	20	1	23	2	25	4	26	5	28	5	29	6	29	8	29	11	29	15	28	18	28	20	27	21	25	21	23	20	22	20	22	21	22	23	21	24	19	24	16	24	13	25	11	27	10	29	9	30	7	30	4	29	2	27	1	26	1	26	2	25	4	24	7	22	10	19	12	17	13	16	13	16	
36:
50	1.376	10	20	9	20	8	20	8	19	9	19	11	18	13	17	14	16	14	14	13	13	12	12	12	10	12	8	11	7	9	6	8	5	8	5	9	4	11	4	12	4	12	3	13	1	15	0	18	0	21	1	24	3	26	6	27	10	27	13	26	15	24	16	21	18	19	21	18	23	18	24	18	24	17	23	15	23	14	24	12	25	9	25	6	24	4	24	3	25	3	26	4	26	5	25	7	23	9	21	10	20	10	20	
37:
49	2.993	24	22	25	22	26	22	28	22	29	21	29	20	28	19	27	18	25	17	24	15	24	13	25	11	26	9	28	8	29	6	29	4	28	3	26	3	23	3	20	2	18	2	17	3	17	4	17	6	16	9	16	12	16	15	15	17	14	18	12	18	10	17	9	16	9	16	9	17	9	19	8	21	6	23	4	24	3	24	3	23	4	22	6	22	9	23	12	24	15	24	18	23	21	22	23	22	24	22	24	22	
38:
54	0.671	11	13	10	13	8	14	7	15	7	17	8	18	9	19	11	21	12	23	12	24	11	25	9	25	8	26	8	27	9	28	11	28	14	29	16	29	17	28	17	26	16	23	16	20	16	18	17	17	19	17	22	17	25	18	27	19	28	19	28	18	27	16	26	13	24	10	21	8	18	7	14	7	10	7	7	6	5	5	3	5	0	6	-3	8	-5	11	-6	13	-6	16	-5	19	-3	21	-1	22	2	22	5	21	7	19	8	16	10	14	11	13	11	13	
39:
54	0.14	20	14	21	14	22	15	22	16	21	17	20	17	19	17	19	18	20	19	22	19	23	18	24	16	24	14	25	13	25	13	26	14	28	15	29	16	29	16	29	15	29	13	28	10	26	7	24	5	21	4	17	3	14	3	12	4	11	6	9	8	8	10	6	11	4	11	3	10	2	8	2	7	1	6	-1	6	-2	7	-3	9	-3	12	-2	16	0	20	3	23	6	25	10	26	14	26	17	26	19	25	20	23	20	20	19	17	19	15	20	14	20	14	
40:
47	0.786	20	9	21	10	21	11	21	12	21	12	21	11	20	9	18	8	17	8	17	9	17	10	16	12	14	13	12	13	11	12	11	10	12	7	13	5	13	4	12	3	10	3	7	4	5	6	3	9	2	12	2	15	2	17	3	19	5	21	8	23	11	25	14	26	16	26	17	25	19	23	22	22	25	22	27	21	28	19	29	16	29	13	28	10	26	8	23	7	21	7	20	8	20	9	20	9	
41:
59	2.093	9	24	10	25	10	26	9	28	7	29	5	29	3	28	2	26	2	23	3	21	5	20	7	20	9	19	10	17	10	15	10	12	10	8	11	5	13	3	15	2	16	2	16	2	15	1	13	0	12	0	12	1	13	2	15	2	18	1	22	1	25	2	27	4	29	7	30	11	30	14	29	18	29	22	29	25	28	27	26	28	23	28	19	27	16	25	12	22	8	18	5	14	3	10	2	7	2	5	3	4	5	4	8	5	10	7	12	10	13	14	13	18	12	21	10	23	9	24	9	24	
42:
57	0.046	13	2	14	3	14	4	13	6	11	8	10	9	10	9	11	9	11	10	10	11	9	12	8	12	8	13	9	14	9	14	8	13	6	13	4	13	3	14	2	16	2	19	3	22	5	24	8	25	12	25	15	24	17	24	18	23	18	22	17	20	16	17	16	13	17	10	19	6	22	3	24	1	25	0	25	0	24	1	24	3	23	6	21	10	18	15	14	19	9	22	5	24	2	25	0	25	-1	24	-1	22	0	19	2	15	4	11	7	8	10	5	12	3	13	2	13	2	
43:
43	0.055	26	4	25	4	23	4	22	5	21	6	21	8	22	9	24	9	25	8	27	8	28	8	28	9	27	11	25	12	23	13	20	13	16	12	12	10	9	7	6	4	4	2	3	1	3	0	2	0	1	1	1	3	1	6	1	10	2	15	4	19	6	22	8	24	10	25	12	25	15	24	18	22	20	19	22	15	23	12	25	10	26	7	26	5	26	4	26	4	
44:
54	0.249	17	27	18	28	20	28	23	28	25	27	26	25	26	23	26	20	26	18	27	16	27	15	26	14	25	13	25	11	26	8	26	6	25	5	23	4	20	4	16	4	13	5	11	7	10	9	10	11	11	13	13	14	14	14	15	14	15	14	14	14	12	15	9	17	6	18	4	18	3	19	3	21	4	22	6	22	8	22	9	21	9	19	8	16	6	13	4	11	3	10	3	10	4	11	5	12	7	14	9	17	11	21	14	24	16	26	17	27	17	27	
45:
49	0.493	12	3	12	2	11	1	11	1	12	2	12	4	11	7	9	10	7	12	4	13	2	14	1	15	1	16	2	17	4	18	6	19	8	19	9	20	9	22	10	24	12	26	15	27	17	27	18	27	18	26	17	24	16	21	16	18	17	15	18	12	20	10	22	9	25	9	27	9	29	10	30	12	30	14	29	17	29	19	29	20	28	20	26	19	23	17	19	14	16	10	14	7	13	5	12	4	12	3	12	3	
46:
45	0.342	8	9	7	8	5	8	4	9	2	9	1	9	1	8	2	6	3	3	4	1	4	0	3	0	3	1	4	3	6	6	9	10	12	14	14	18	15	21	15	24	15	26	16	27	18	27	20	26	23	25	26	25	28	25	29	25	29	24	28	22	26	21	25	19	25	16	26	13	27	9	27	6	27	4	26	3	24	2	21	2	18	3	14	5	11	7	9	8	8	9	8	9	
47:
54	0.301	11	10	10	9	9	7	8	6	6	6	5	6	5	7	5	9	5	10	4	10	2	9	1	9	1	10	2	12	4	15	5	17	7	18	10	18	12	18	13	17	14	15	16	14	19	14	22	15	24	15	25	14	25	12	24	9	22	7	20	5	17	4	13	3	10	3	8	3	7	4	7	6	8	9	10	13	13	18	16	22	19	25	23	27	26	28	28	28	29	28	29	27	28	26	26	25	24	23	21	20	17	16	14	13	12	11	11	10	11	10	
48:
60	0.951	23	1	24	2	24	4	24	6	23	8	21	10	18	11	15	11	13	10	12	10	12	11	12	13	11	14	9	14	7	13	6	13	6	14	7	14	9	15	10	16	10	18	9	19	7	19	4	20	2	22	1	24	1	25	2	27	4	28	7	28	11	27	14	27	18	27	21	26	24	24	26	22	27	20	27	19	26	19	26	20	27	22	28	25	29	27	29	28	28	28	26	27	23	25	19	22	16	18	13	13	11	8	10	4	10	1	11	-1	12	-2	14	-3	17	-3	20	-2	22	0	23	1	23	1	
49:
55	2.318	10	20	11	21	12	21	12	22	11	24	11	26	12	27	14	27	17	26	21	26	25	27	28	27	30	26	31	24	31	21	31	18	30	15	28	13	25	12	21	12	18	12	16	12	15	13	15	15	16	16	18	16	19	15	19	13	19	10	18	8	18	7	17	6	15	6	14	6	14	5	14	4	14	2	15	1	17	1	18	2	18	3	17	4	15	6	12	9	10	12	7	15	4	18	2	20	1	21	1	21	2	20	4	19	7	19	9	19	10	20	10	20	
50:
51	0.205	17	18	18	17	18	15	19	14	20	13	21	13	21	14	22	16	24	18	25	20	25	22	24	24	22	25	19	25	15	25	12	25	9	24	7	24	6	25	5	27	3	28	2	29	2	29	3	28	5	26	7	23	9	21	10	20	10	19	9	18	7	17	4	16	2	14	1	11	1	7	2	4	4	2	7	1	11	0	14	0	17	1	20	3	23	6	25	8	26	9	26	9	25	10	23	12	20	15	18	17	17	18	17	18	
51:
65	0.055	29	5	28	6	27	8	25	10	24	12	23	15	23	17	23	18	22	18	21	17	20	16	19	16	17	17	16	19	14	20	13	20	12	19	12	17	11	16	10	16	10	17	11	19	13	22	15	24	18	26	21	27	24	27	26	26	27	24	28	21	28	17	28	13	27	10	25	8	22	7	20	7	18	8	15	8	12	8	10	7	9	5	9	2	10	0	12	-1	14	-1	15	0	15	2	14	5	12	8	9	12	6	17	3	21	1	24	0	26	0	27	1	27	3	26	6	24	10	22	15	19	19	15	23	11	26	8	28	6	29	5	29	5	
52:
57	0.683	7	0	6	-1	4	-1	2	-1	1	0	1	2	1	5	2	8	4	10	7	11	11	11	14	11	16	12	17	14	17	15	18	15	19	14	19	13	19	11	18	8	16	6	14	5	13	4	13	2	14	0	16	-1	19	-2	22	-2	25	-1	27	1	28	4	28	8	27	12	26	16	25	19	25	21	26	22	27	23	27	23	26	22	24	21	21	21	19	22	16	24	12	26	7	27	3	27	0	26	-2	24	-3	21	-3	17	-2	12	-1	8	1	5	4	3	6	1	7	0	7	0	
53:
49	0.457	14	4	13	3	12	2	11	2	9	3	7	5	6	8	6	11	7	14	9	16	11	17	12	17	13	16	13	15	14	15	15	16	16	17	16	19	15	21	13	22	12	22	12	21	13	20	14	20	16	21	17	23	17	24	16	26	15	27	13	27	12	28	12	29	13	29	15	29	18	28	20	26	23	23	25	19	26	14	27	10	28	7	28	5	27	3	25	1	22	0	19	0	17	1	15	3	14	4	14	4	
54:
54	0.699	4	2	5	2	6	1	8	1	9	2	9	4	9	6	8	7	7	9	7	12	7	14	8	15	9	15	10	14	10	13	10	11	11	10	13	10	15	11	17	11	18	10	18	9	17	7	16	4	15	2	15	1	16	1	18	1	21	1	24	2	26	4	27	7	27	11	28	14	28	16	27	17	25	17	22	18	19	20	16	23	12	26	9	28	6	29	4	29	3	28	3	26	4	24	4	21	3	17	2	12	2	8	2	5	3	3	4	2	4	2	
55:
57	0.214	25	29	26	28	26	26	26	24	25	22	25	20	26	19	27	19	28	18	28	18	27	18	25	18	22	17	18	16	15	16	13	17	10	17	8	16	7	15	7	14	8	12	10	10	12	9	13	7	13	5	12	4	10	3	9	2	9	2	10	3	12	3	13	2	13	0	12	-1	10	-1	7	0	4	2	2	5	1	9	1	13	2	16	3	18	4	20	4	23	3	25	1	26	0	26	0	25	1	25	3	25	6	25	10	25	15	26	19	26	22	27	24	28	25	29	25	29	
56:
45	0.175	22	2	21	2	19	2	16	3	14	5	11	6	8	6	6	5	4	5	3	6	2	8	2	11	2	13	3	16	5	19	6	21	6	22	5	22	3	22	1	22	0	23	0	24	1	25	3	26	6	26	9	25	11	25	12	24	13	24	13	25	12	27	11	28	11	29	12	29	14	28	17	26	21	24	24	21	26	17	27	12	27	8	26	5	24	3	23	2	22	2	22	2	
57:
59	4.104	25	20	26	19	28	18	29	17	29	17	28	17	26	17	25	16	24	15	24	13	24	10	24	8	23	6	21	5	18	5	16	6	14	8	11	10	7	12	4	13	2	13	1	12	1	10	1	8	2	5	4	3	7	1	9	0	10	0	10	1	9	3	8	6	8	10	8	14	9	17	11	19	14	20	18	20	21	21	23	23	24	25	26	27	27	28	27	28	26	27	24	27	21	28	17	28	14	28	12	28	11	27	11	25	12	23	14	22	17	22	19	21	22	20	24	20	25	20	25	20	
58:
60	0.253	0	17	1	18	1	20	2	22	2	24	3	25	4	25	5	24	5	24	4	25	2	27	1	28	0	28	0	27	1	25	3	23	6	22	9	22	11	22	12	23	13	25	13	26	13	26	13	25	13	23	14	21	16	19	19	18	22	18	25	19	27	21	28	23	28	24	27	24	25	23	24	21	23	18	23	14	24	11	26	8	28	6	29	4	29	2	28	0	26	-1	23	-1	19	0	16	2	14	5	13	8	12	10	10	11	7	11	4	10	1	10	-1	11	-2	12	-2	14	-1	16	0	17	0	17	
59:
57	1.965	7	10	6	9	4	8	3	7	3	6	4	6	4	7	3	9	3	10	2	10	1	9	1	7	2	6	4	6	7	6	10	5	12	3	13	2	15	2	18	3	20	5	23	6	26	6	28	5	31	5	33	6	34	8	35	11	35	15	34	18	32	20	29	21	25	21	20	21	16	20	13	19	11	19	10	20	10	21	11	23	12	26	12	28	11	29	9	29	6	28	3	28	1	28	0	29	-1	29	-1	28	-2	26	-2	23	-1	19	1	16	4	13	6	11	7	10	7	10	
60:
50	0.259	29	19	28	20	26	21	25	21	24	21	24	22	25	24	25	26	25	28	24	29	22	29	19	28	16	27	12	27	8	27	5	28	3	29	2	29	1	28	1	26	1	23	1	19	2	15	2	11	3	8	5	6	7	4	10	3	14	3	18	4	21	6	23	9	24	11	24	12	25	12	26	11	26	9	26	6	27	4	29	2	31	1	34	1	36	2	37	4	37	6	36	9	34	13	32	16	30	18	29	19	29	19	
61:
51	0.824	21	28	20	27	18	27	15	27	12	27	10	27	8	27	7	26	7	24	8	22	9	19	11	17	13	16	14	14	14	13	13	13	13	14	13	16	14	18	15	20	17	21	18	21	19	20	19	18	19	15	18	12	18	8	17	5	15	3	12	1	9	0	6	0	4	1	3	3	3	4	4	4	5	3	7	1	10	0	14	-1	19	-1	23	0	26	2	28	5	29	9	29	14	28	18	26	22	24	25	22	27	21	28	21	28	
62:
49	0.048	14	20	15	21	17	23	19	25	20	26	20	26	19	26	17	26	14	26	10	25	7	24	5	24	3	25	2	27	2	28	1	28	0	27	0	25	1	23	3	20	6	17	9	15	11	14	13	14	14	13	14	11	13	10	11	10	8	11	5	12	3	12	2	11	2	9	3	6	5	3	8	0	11	-2	15	-3	19	-3	22	-2	24	0	25	3	25	6	24	10	22	14	19	17	17	19	15	20	14	20	14	20	
63:
58	0.151	9	18	10	17	12	17	15	17	18	17	20	18	22	20	23	21	25	22	26	24	27	25	28	25	29	24	29	22	28	20	26	17	24	14	21	12	18	11	16	10	14	8	13	5	13	3	14	2	16	2	19	2	23	1	26	1	28	1	29	1	29	2	28	2	26	2	24	3	21	5	17	7	12	9	8	10	5	12	3	14	1	15	0	16	0	17	1	18	3	18	6	19	10	21	14	24	17	27	19	29	20	30	20	30	19	29	17	27	14	24	12	21	10	19	9	18	9	18	
64:
53	0.431	0	1	1	1	3	2	6	2	9	1	11	0	12	0	12	1	13	2	13	4	14	6	16	7	18	7	19	6	20	4	20	3	20	1	20	0	21	0	22	1	24	2	27	2	29	2	30	3	30	5	29	8	28	12	28	16	29	20	30	23	30	25	29	26	27	27	24	27	20	27	16	26	12	25	9	24	7	24	5	25	4	27	4	28	5	28	7	27	8	25	8	23	7	20	5	16	2	11	0	7	-1	4	-1	2	0	1	0	1	
65:
54	0.537	20	13	19	14	19	16	20	18	22	19	25	19	27	18	28	16	28	13	27	9	25	6	23	4	22	3	20	3	19	2	19	2	20	2	20	3	20	4	21	4	22	3	22	1	21	0	19	0	17	1	16	2	15	2	15	1	14	0	12	0	9	0	6	0	4	1	2	3	1	6	1	9	1	13	2	16	4	18	7	19	10	21	12	23	13	26	13	28	12	29	10	29	9	28	9	26	10	23	12	19	14	16	17	14	19	13	20	13	20	13	
66:
55	0.158	17	28	18	28	18	29	19	30	20	30	22	29	23	27	23	24	22	22	20	20	18	18	17	16	16	13	16	9	16	6	16	3	17	1	17	0	18	0	20	1	21	3	23	5	25	6	26	6	26	5	27	4	29	4	30	5	31	7	31	10	30	13	28	17	25	20	21	22	16	23	12	23	9	22	5	20	2	17	0	14	-1	12	-1	9	0	6	2	4	5	3	9	3	13	4	16	6	18	9	20	13	21	18	21	22	20	25	18	27	17	28	17	28	
67:
62	5.542	11	15	12	15	14	15	15	16	15	18	14	19	13	20	13	21	12	22	11	23	11	25	12	26	14	26	17	25	20	25	22	26	23	27	24	28	24	29	23	29	22	28	22	26	23	23	25	21	27	18	28	14	29	9	29	4	28	0	26	-3	23	-5	19	-6	14	-6	10	-5	7	-3	5	0	3	2	2	5	2	7	2	8	1	8	0	9	-1	11	-1	13	0	15	0	16	-1	16	-2	15	-2	13	-3	10	-4	6	-4	3	-3	1	-2	0	0	0	1	1	2	3	3	6	5	9	8	12	10	14	11	15	11	15	
68:
55	0.109	20	14	19	13	18	13	18	14	19	16	21	18	22	19	23	19	24	18	25	16	25	13	26	10	27	8	27	5	26	3	24	2	21	2	18	2	14	3	11	4	9	6	8	7	6	7	4	6	3	5	3	3	4	1	5	0	7	0	10	1	12	3	13	6	13	10	12	13	12	16	11	19	11	22	10	24	8	25	5	25	3	24	2	22	1	21	1	21	2	22	4	23	7	25	11	26	15	26	18	25	20	23	21	20	21	17	20	15	20	14	20	14	
69:
51	3.361	7	3	6	2	6	2	7	3	8	4	10	6	13	7	15	7	16	6	16	4	16	2	16	1	17	1	19	2	21	3	23	3	24	3	24	3	23	4	21	6	20	9	20	11	21	12	23	12	26	13	28	15	29	17	29	19	28	20	26	20	23	19	19	18	16	18	13	18	11	19	10	21	10	24	10	27	9	29	7	30	4	30	2	29	0	27	-1	24	-1	20	0	16	2	13	4	9	6	6	7	4	7	3	7	3	
70:
50	0.031	0	6	1	5	2	3	3	2	4	2	6	3	7	5	7	8	6	11	6	15	6	18	5	20	5	22	6	23	8	23	10	23	13	22	15	21	16	19	16	16	15	13	14	11	14	9	15	8	17	7	18	7	18	8	17	10	15	13	12	16	8	18	5	19	3	19	2	19	2	19	3	20	5	22	8	25	11	27	13	28	15	28	16	27	16	25	15	23	13	20	10	16	6	12	3	9	1	7	0	6	0	6	
71:
50	0.136	23	0	24	0	25	0	25	-1	24	-1	22	-2	19	-2	16	-1	14	1	13	4	13	8	14	11	16	13	17	15	18	17	18	19	17	20	15	21	14	21	14	21	15	22	17	23	18	25	18	26	17	27	15	28	14	30	12	31	10	31	8	30	6	28	5	25	3	21	2	17	2	14	3	12	5	11	8	11	12	12	17	13	21	14	24	14	26	13	28	12	29	10	29	7	28	4	26	2	24	1	23	0	23	0	
72:
52	0.215	1	12	1	11	1	9	1	7	2	6	4	6	5	7	5	9	5	11	6	13	8	14	10	14	12	13	14	13	15	14	15	15	16	15	16	16	15	18	13	19	12	19	12	19	13	19	14	18	15	16	15	13	14	9	12	6	10	4	9	2	9	0	10	-1	11	-1	13	0	16	2	19	5	21	9	24	13	26	17	28	21	29	24	29	26	28	27	26	27	23	26	19	24	15	21	11	18	7	15	4	13	2	12	1	12	1	12	
73:
54	0.114	6	5	7	6	7	7	8	9	10	11	11	13	11	14	10	15	8	17	7	20	6	22	6	25	7	27	9	28	12	28	15	29	19	29	22	28	24	28	25	27	25	25	24	22	22	20	20	19	18	17	17	14	16	10	16	7	17	5	17	3	18	2	19	2	19	1	18	1	16	2	15	2	15	1	16	0	18	0	20	1	23	1	26	2	28	4	29	7	29	10	28	12	26	13	23	13	19	12	15	10	12	8	9	6	7	5	6	5	6	5	
74:
47	2.924	24	14	25	14	25	13	26	11	27	9	27	8	26	7	24	7	21	8	18	9	15	9	13	8	12	7	10	7	8	7	6	8	5	10	5	13	5	16	5	19	4	21	2	22	0	23	-1	23	-1	24	0	25	2	26	4	28	7	29	10	30	12	30	13	29	14	27	14	25	15	24	17	24	18	25	19	25	19	24	18	22	17	19	17	16	18	14	20	13	22	13	23	14	24	14	24	14	
75:
55	1.316	12	1	11	0	9	0	6	1	4	3	3	6	3	8	4	9	6	9	8	10	9	11	9	13	9	14	8	15	6	15	4	14	1	13	-1	13	-2	14	-2	16	-1	18	1	21	4	24	8	26	12	27	15	27	18	26	22	24	25	21	27	19	29	18	30	17	30	17	29	18	27	18	26	17	26	17	27	16	28	15	29	13	29	11	28	8	28	6	27	4	25	3	23	3	21	3	20	4	20	6	20	7	19	7	17	6	15	4	13	2	12	1	12	1	
76:
48	0.97	22	26	22	25	22	24	21	23	20	21	19	19	17	18	14	17	12	17	10	18	8	20	7	22	7	24	8	26	10	27	11	28	11	29	10	29	8	29	6	28	4	26	2	23	1	19	1	16	1	14	0	13	0	12	1	11	3	11	6	10	10	8	13	7	17	7	20	6	22	4	23	2	23	1	24	1	25	2	26	4	26	6	26	9	25	13	25	17	24	20	23	23	22	25	22	26	22	26	
77:
51	0.932	14	11	15	11	17	10	18	10	18	11	17	11	15	12	13	12	12	13	11	14	11	16	12	18	14	19	17	19	20	19	22	20	23	22	23	25	22	27	20	28	17	29	13	29	9	28	5	28	2	29	0	29	-1	28	-1	26	0	25	1	24	3	23	4	21	4	18	5	14	7	9	9	5	12	2	16	0	20	-1	24	-1	27	-1	29	-1	30	-1	30	0	29	2	27	5	24	7	20	8	17	9	15	10	14	11	14	11	
78:
48	0.098	28	27	29	26	29	24	28	23	26	23	24	24	23	26	21	27	20	27	18	26	17	24	15	22	14	19	13	16	11	14	9	13	6	13	3	14	1	15	0	17	0	20	1	23	3	25	5	26	6	26	6	27	7	27	7	26	6	24	6	21	6	17	7	13	9	10	12	7	15	4	17	2	18	1	18	1	19	2	21	4	22	7	24	11	26	15	28	19	29	22	29	24	28	26	28	27	28	27	
79:
57	1.087	17	8	16	8	16	7	17	7	18	6	19	6	19	6	18	5	17	3	16	2	16	1	17	1	19	1	22	2	24	3	25	5	25	8	24	10	22	11	20	13	17	14	15	16	13	17	11	17	9	16	7	15	6	14	6	14	6	15	6	17	5	19	4	22	2	24	1	26	0	27	0	28	1	28	3	27	6	26	10	24	14	23	18	23	21	22	23	20	24	19	24	19	24	20	25	22	27	23	28	23	28	22	27	20	25	17	22	14	20	11	18	9	17	8	17	8	
80:
53	0.142	0	5	0	4	-1	4	-2	4	-2	5	-1	7	1	9	3	12	4	15	6	17	8	18	9	19	9	21	8	22	6	24	5	27	5	29	6	30	8	30	9	29	9	27	10	24	12	21	15	19	19	18	22	18	25	19	27	20	28	22	28	25	28	27	28	28	29	28	30	27	31	25	31	22	31	18	30	13	30	9	30	6	29	4	27	2	24	1	21	1	19	2	17	4	14	6	12	8	9	9	6	9	3	8	1	6	0	5	0	5	
81:
56	0.029	9	12	10	13	10	15	11	18	12	20	12	22	11	23	10	23	9	24	9	26	10	27	12	28	15	29	19	29	22	28	24	26	25	23	25	20	24	18	22	17	19	17	17	16	16	14	16	11	17	9	19	8	20	6	20	5	19	5	17	5	14	6	10	6	7	6	4	5	2	3	1	2	1	2	2	2	4	3	7	5	10	7	14	9	19	10	23	10	26	9	28	9	29	8	29	6	28	4	26	3	23	3	19	4	15	6	12	9	10	11	9	12	9	12	
82:
61	0.82	17	13	16	14	14	14	13	13	13	11	14	9	16	7	19	4	21	2	23	1	25	1	27	2	28	4	28	7	27	11	26	15	24	18	22	20	20	21	19	22	19	23	20	24	22	24	25	23	28	23	30	22	31	21	31	21	30	22	28	24	25	26	21	27	16	27	12	27	9	26	7	24	6	22	6	20	7	19	8	19	8	20	7	22	6	25	6	27	5	28	3	28	0	27	-2	25	-3	22	-4	18	-4	14	-3	10	-2	7	0	5	3	4	7	4	11	5	14	7	16	10	17	12	17	13	17	13	
83:
49	1.572	25	3	26	3	26	2	26	0	25	-1	23	-1	21	-1	20	0	19	2	19	5	20	8	22	11	23	13	25	15	26	16	26	17	25	18	23	19	22	21	22	22	23	24	23	26	22	27	20	27	17	26	13	26	10	26	8	26	7	25	7	23	6	22	4	21	3	20	3	20	4	19	6	18	8	16	9	13	9	9	8	5	8	2	9	0	11	-2	13	-3	16	-3	19	-2	22	0	24	2	25	3	25	3	
84:
60	0.44	9	10	9	9	9	7	10	6	10	5	11	5	11	6	12	8	14	10	17	12	19	13	20	13	21	12	21	12	20	13	20	15	19	18	19	20	20	21	20	21	19	20	17	19	15	18	14	18	13	19	13	21	12	22	10	22	8	21	7	20	7	20	7	21	6	21	6	20	6	18	5	16	3	14	1	13	0	13	0	14	1	16	3	19	6	23	10	26	14	28	18	29	21	29	23	28	25	26	27	24	28	21	28	17	27	13	25	10	22	8	18	7	15	7	12	8	10	9	9	10	9	10	
85:
55	3.539	25	9	26	10	27	10	28	9	28	7	28	4	27	2	25	1	22	1	20	2	18	4	16	6	14	8	13	10	13	13	14	17	14	20	15	23	17	25	18	26	18	28	19	29	21	29	23	29	26	28	28	27	29	27	29	28	28	30	26	33	23	35	19	36	14	36	10	35	7	33	4	30	2	26	1	22	1	18	2	14	2	10	2	7	2	5	1	4	0	4	0	3	1	2	3	2	6	2	10	3	15	3	19	4	22	6	24	8	25	9	25	9	
86:
51	1.015	8	25	8	26	9	26	10	25	12	25	14	26	16	28	19	29	23	30	26	30	28	29	29	27	29	24	28	20	26	16	24	13	23	11	23	9	22	8	20	8	18	9	17	10	17	10	16	9	16	7	17	4	17	2	16	1	15	1	15	0	16	0	18	1	21	1	23	1	24	1	24	0	23	0	21	0	18	0	14	0	10	1	7	1	5	2	4	4	3	7	3	11	4	15	6	19	7	22	7	24	8	25	8	25	
87:
53	0.441	0	4	1	5	2	6	4	6	5	7	5	8	6	8	8	7	9	7	9	8	8	10	8	13	8	15	9	16	11	16	13	16	14	15	14	13	14	12	15	12	17	12	18	13	18	15	17	17	15	20	13	24	12	27	12	29	13	30	15	30	17	29	20	27	22	25	23	24	25	24	26	25	26	27	25	29	23	30	21	30	18	29	14	27	9	26	4	26	0	25	-3	23	-5	20	-6	16	-6	12	-5	9	-3	7	-1	5	0	4	0	4	
88:
59	0.227	2	26	1	27	0	28	0	28	1	27	2	25	2	23	1	22	1	20	2	17	3	13	4	10	4	8	4	6	3	5	2	5	2	6	3	7	5	7	7	7	9	6	11	4	12	3	14	3	16	4	18	6	19	8	21	9	24	9	27	8	29	8	31	9	32	11	32	13	31	15	29	16	26	16	22	15	18	15	15	15	13	16	12	16	10	15	9	13	7	10	6	7	5	4	3	2	0	1	-3	1	-5	2	-6	4	-7	7	-7	11	-6	16	-4	20	-1	23	1	25	2	26	2	26	
89:
59	0.847	0	20	0	19	1	19	2	20	3	22	5	25	7	27	10	28	13	29	15	29	16	28	16	26	15	23	13	21	12	19	12	17	13	15	15	14	16	14	16	13	15	11	15	10	16	9	17	9	19	10	20	12	20	15	20	19	20	22	19	24	19	25	20	25	22	24	25	24	28	24	30	24	31	24	31	23	30	23	28	24	25	24	21	23	16	21	11	18	7	14	4	10	2	6	1	3	1	1	2	0	4	0	5	1	6	3	6	6	6	10	5	14	3	17	1	19	0	20	0	20	
90:
60	0.031	1	22	2	21	4	20	7	20	9	21	10	22	10	22	10	21	9	19	7	16	6	13	6	9	6	6	6	4	6	3	7	3	8	4	9	6	9	9	10	11	11	12	11	12	12	11	13	9	15	8	18	8	20	9	21	11	23	13	25	14	27	14	28	13	28	11	29	8	30	5	30	3	29	2	28	2	27	3	27	5	27	8	26	12	24	16	22	19	21	21	20	22	20	22	19	21	17	19	14	17	12	14	9	12	6	11	4	11	2	12	0	14	-1	16	-1	19	0	21	1	22	1	22	
91:
50	0.679	17	1	18	2	20	4	23	6	25	8	27	9	28	9	28	10	27	10	26	11	26	13	26	15	27	16	27	17	28	17	29	16	30	14	30	11	29	7	28	4	26	2	23	1	19	1	14	2	10	2	7	2	5	1	2	1	0	2	-1	4	-1	7	-1	10	0	14	2	17	5	20	7	23	10	26	12	28	13	29	13	29	13	28	13	26	13	23	13	19	12	15	12	11	13	7	14	4	16	2	17	1	17	1	
92:
48	1.662	29	17	29	18	28	19	27	20	26	21	26	23	26	26	26	28	26	29	27	29	28	28	28	26	27	23	25	19	24	16	24	14	23	13	23	11	24	9	24	6	23	4	21	3	18	3	16	2	13	2	10	3	7	3	5	4	4	6	4	8	5	9	7	10	9	12	10	14	10	17	9	20	7	22	6	23	6	23	7	22	9	22	12	21	15	19	19	17	23	16	26	16	28	16	29	17	29	17	
93:
56	1.264	16	2	17	3	19	4	20	6	20	7	19	7	19	7	20	7	22	8	24	10	27	12	29	13	30	15	30	16	29	18	27	20	25	21	22	22	18	22	15	21	13	19	12	18	11	17	9	17	8	18	8	20	7	21	5	21	4	20	4	18	3	15	3	12	4	10	6	8	8	7	9	7	9	8	9	9	8	9	6	9	4	8	3	6	3	3	4	0	6	-2	9	-3	12	-3	16	-4	19	-4	21	-3	22	-1	22	1	21	2	19	2	17	2	16	2	16	2	
94:
59	1.97	4	7	3	6	1	4	0	2	0	1	1	1	3	0	6	0	8	1	11	3	13	5	15	7	16	8	17	8	19	9	22	9	25	8	27	7	28	5	28	2	27	0	25	-2	22	-3	20	-3	18	-2	17	0	17	3	18	7	20	11	23	14	25	16	26	17	26	18	25	18	23	19	20	20	17	20	15	21	14	23	13	24	12	24	11	23	9	21	8	19	7	18	6	17	4	17	2	18	1	19	0	21	0	22	1	22	1	21	0	19	0	16	0	13	1	10	3	8	4	7	4	7	
95:
61	2.241	24	22	25	21	25	20	24	18	24	15	24	11	24	8	23	6	22	5	20	5	17	6	15	8	14	9	12	9	10	9	9	9	9	8	10	7	11	5	12	3	12	2	11	2	9	1	7	1	4	1	2	2	1	4	1	6	2	8	4	11	6	13	7	14	7	15	6	16	4	17	2	18	1	20	1	23	2	25	4	26	6	26	9	25	11	23	13	20	14	17	14	15	13	14	11	14	10	15	10	17	11	20	13	24	15	27	16	29	17	30	19	30	22	29	24	27	25	25	25	23	24	22	24	22	
96:
58	0.134	20	25	19	25	17	26	14	27	11	27	9	27	8	26	8	25	9	23	11	21	14	18	18	16	21	14	23	13	24	13	25	14	25	15	26	15	28	14	29	12	29	9	28	7	26	6	23	6	21	7	20	7	20	7	21	6	23	4	26	2	28	1	29	1	29	0	28	0	26	0	23	1	19	3	14	5	10	8	6	10	3	11	1	12	0	13	0	13	1	14	3	16	6	19	10	21	15	22	19	23	22	25	24	27	25	28	25	29	24	29	22	28	21	26	20	25	20	25	
97:
61	0.437	12	1	11	2	9	3	8	4	8	6	9	7	11	8	14	8	16	9	17	11	17	13	16	14	16	16	17	17	19	18	21	20	22	21	22	23	21	24	19	25	18	27	18	29	19	30	21	30	24	29	26	27	27	24	27	21	26	18	24	14	23	10	23	7	23	5	24	4	25	4	27	4	28	3	28	1	27	0	25	0	24	1	22	3	19	6	15	10	11	15	8	19	5	22	3	25	2	27	1	28	-1	28	-2	27	-2	25	-1	23	1	20	4	16	6	11	7	7	9	4	11	2	12	1	12	1	
98:
48	0.194	13	25	12	24	12	22	13	20	13	19	12	18	12	18	13	19	15	21	17	22	20	22	23	21	26	20	28	20	29	21	29	23	30	24	31	24	32	23	33	21	33	18	32	16	30	13	27	11	23	10	19	9	16	8	14	7	13	5	13	2	14	0	16	-1	17	-1	17	0	16	2	14	5	11	9	7	13	4	16	2	20	1	23	1	25	2	27	4	28	7	28	10	27	12	26	13	25	13	25	
99:
56	0.065	11	25	10	26	9	27	7	27	5	26	4	24	3	22	3	20	2	17	2	14	3	12	4	11	6	11	7	12	7	14	7	17	7	19	7	20	8	20	10	19	11	17	13	14	16	11	18	9	21	8	23	8	26	9	28	10	29	12	29	15	28	19	26	22	25	24	25	25	26	26	26	26	25	26	23	25	20	23	18	20	16	16	15	11	13	7	10	4	7	2	4	1	2	1	1	2	0	4	0	7	1	11	3	15	5	19	8	22	10	24	11	25	11	25	