0:
69	3.745	19	16	19	15	18	13	17	10	17	7	18	5	19	4	21	3	24	3	27	4	29	6	30	9	30	13	29	17	28	20	27	23	25	25	22	26	20	27	19	29	19	30	20	30	21	30	23	30	26	31	29	31	31	32	32	33	32	35	32	37	31	38	30	38	30	37	31	36	33	34	36	31	38	28	39	26	39	25	38	25	36	25	33	24	29	23	24	21	18	18	13	16	8	15	4	15	1	15	-1	16	-2	18	-2	20	-1	21	0	21	0	20	-1	18	-3	15	-5	11	-6	8	-6	6	-5	5	-3	4	0	4	4	5	9	7	13	10	16	13	18	15	19	16	19	16	
1:
57	0.186	8	28	7	27	6	25	6	23	7	20	7	17	6	14	6	11	7	9	9	8	12	8	14	8	15	7	15	5	14	3	13	1	11	-1	8	-2	6	-2	5	-1	5	1	6	3	8	4	10	4	13	4	17	4	22	4	26	5	29	5	31	6	32	7	32	9	31	11	29	12	27	13	26	13	26	13	27	14	28	15	29	17	29	18	28	20	28	23	29	27	29	31	29	34	30	36	30	37	29	37	27	37	24	36	21	34	18	33	14	31	11	30	9	29	8	28	8	28	
2:
67	0.198	22	15	21	14	20	13	19	13	18	14	18	16	17	19	16	21	15	22	13	22	12	22	11	21	11	21	12	22	14	24	17	25	21	25	24	24	26	23	27	21	27	20	26	18	24	16	21	15	18	15	15	14	13	12	12	9	12	5	12	2	13	0	15	-1	17	-1	18	-1	18	0	17	0	15	0	12	0	9	-1	6	-2	4	-2	2	-1	1	1	1	4	2	8	4	11	5	13	5	15	4	17	2	19	1	22	1	26	2	29	2	33	1	36	0	38	0	39	1	39	2	38	4	36	7	33	11	29	14	25	17	21	19	18	21	16	22	15	22	15	
3:
64	0.657	10	13	10	14	11	14	13	13	16	13	18	14	19	16	19	19	19	23	19	27	18	30	16	32	13	33	10	33	8	33	7	34	7	36	7	38	7	39	6	39	4	38	2	36	1	33	1	31	2	30	4	29	6	27	9	24	11	20	14	16	16	11	17	7	19	4	21	2	24	1	26	1	27	2	29	4	31	5	32	5	33	4	33	2	33	1	34	1	34	2	33	4	33	7	32	11	32	16	31	20	31	23	32	27	34	30	35	32	35	33	34	33	32	32	29	30	25	27	20	23	16	19	13	16	11	14	10	13	10	13	
4:
57	0.968	34	4	35	4	37	4	38	5	38	7	37	10	36	14	36	18	37	23	38	27	39	30	39	33	38	35	36	37	33	38	30	38	27	37	25	35	24	33	23	30	21	28	18	27	15	27	13	27	12	28	12	30	11	31	9	31	8	31	8	32	9	34	11	36	13	37	16	37	18	36	20	35	21	33	21	30	20	26	19	21	17	17	14	14	10	12	7	11	5	10	4	8	4	5	5	3	7	2	10	2	14	1	19	0	24	0	28	0	31	1	33	3	34	4	34	4	
5:
67	2.713	35	35	35	34	35	32	36	31	38	31	39	32	39	34	38	37	38	39	39	40	40	40	42	39	44	37	45	34	45	30	44	27	42	25	39	23	35	22	30	22	24	23	19	23	15	23	12	22	10	20	9	19	9	19	10	20	10	22	9	25	8	27	6	28	3	28	1	28	0	29	0	31	1	34	3	37	6	39	9	40	11	40	12	39	12	37	11	34	9	30	7	25	4	19	2	13	1	8	1	4	2	1	3	-2	5	-4	8	-5	12	-5	16	-4	19	-2	22	1	24	5	27	10	31	16	34	21	36	25	37	29	37	32	36	34	35	35	35	35	
6:
60	4.241	18	31	17	32	17	33	18	34	18	34	19	33	21	32	24	30	26	29	27	27	27	24	27	22	28	21	30	21	33	21	35	22	36	24	36	26	36	29	37	32	38	34	38	35	37	35	35	34	34	32	34	29	35	26	35	22	36	19	37	16	39	14	40	11	40	7	39	4	37	2	34	1	30	1	25	2	20	4	15	7	11	11	8	16	6	20	5	23	5	25	5	26	4	26	2	26	0	26	-1	27	-1	28	-1	30	0	33	2	35	5	36	8	36	12	35	15	33	17	32	18	31	18	31	
7:
60	0.539	1	1	1	0	2	0	4	1	7	3	9	6	10	9	11	12	13	14	16	16	19	19	21	22	22	24	22	26	23	27	25	27	27	26	30	24	32	22	34	21	36	21	37	22	37	24	36	27	34	29	32	31	31	33	29	36	26	38	22	39	18	39	15	38	12	36	10	33	9	29	9	24	10	18	11	13	13	9	16	6	20	4	24	3	29	3	33	3	36	4	38	6	39	8	39	9	38	9	36	8	33	6	29	3	24	1	18	0	13	0	9	-1	6	-1	4	-1	2	0	1	1	1	1	
8:
68	2.852	35	20	34	19	32	18	30	16	27	13	25	11	24	10	22	9	19	9	17	10	16	12	16	15	17	18	19	20	22	21	25	22	27	23	29	25	30	28	30	32	29	35	27	37	24	38	21	38	18	37	16	35	14	34	13	34	11	35	10	35	10	34	10	32	9	31	7	31	4	32	2	34	1	37	1	39	2	40	4	40	6	39	8	37	9	34	9	30	9	26	8	23	6	20	3	18	1	17	0	17	0	16	1	15	3	14	6	12	9	9	13	6	16	3	19	1	23	0	27	0	30	1	32	3	33	6	33	10	33	14	33	17	34	19	35	20	35	20	
9:
53	1.606	37	37	36	37	35	36	34	34	34	31	33	27	32	23	32	20	31	18	31	15	32	13	34	12	35	10	36	8	36	6	35	5	33	5	30	6	26	6	22	5	19	3	17	2	15	2	13	3	11	4	9	6	6	7	3	7	1	7	0	8	-1	10	-1	13	0	17	2	22	3	27	3	31	4	34	4	36	5	37	7	37	8	36	9	34	11	31	14	28	18	26	21	25	23	25	25	26	28	28	31	31	34	34	36	36	37	37	37	37	
10:
59	0.362	13	17	12	16	10	16	8	17	6	18	4	18	3	17	2	15	2	13	3	10	3	6	4	3	6	1	8	0	11	0	13	1	15	3	18	4	21	5	25	5	29	5	32	6	34	8	37	11	39	14	40	18	40	22	39	25	37	27	34	28	30	28	26	27	22	27	19	28	17	29	15	30	14	30	14	29	15	27	15	26	14	25	12	25	10	26	8	28	6	30	5	33	5	36	6	38	8	39	11	39	14	38	16	36	17	33	17	29	16	25	14	22	13	20	13	18	13	17	13	17	
11:
50	0.729	9	16	10	17	12	18	13	20	13	23	14	27	14	31	14	34	14	36	15	37	17	37	20	37	24	37	28	37	31	37	33	36	34	34	34	31	34	28	33	26	31	25	30	25	30	25	31	24	33	22	35	21	36	19	36	16	35	14	33	13	30	12	26	12	22	11	19	9	17	6	16	3	16	0	15	-2	13	-3	10	-3	6	-3	3	-2	1	0	0	2	0	4	1	7	3	10	6	13	8	15	9	16	9	16	
12:
59	0.55	15	32	16	33	16	34	15	35	13	35	12	34	12	32	12	30	12	28	13	27	15	27	18	28	22	29	27	31	31	32	34	32	36	32	37	32	38	31	38	29	38	26	37	22	35	18	34	14	33	11	31	9	28	8	26	8	25	7	25	5	26	3	28	1	31	0	34	-1	37	-1	39	0	40	0	40	0	39	0	37	1	34	2	30	2	25	2	19	1	14	1	10	2	6	2	3	2	1	3	0	5	0	8	1	12	3	16	6	19	8	22	10	26	12	29	14	31	15	32	15	32	
13:
51	2.821	31	29	31	28	31	27	30	27	28	27	27	27	27	26	28	24	29	21	31	19	34	17	37	15	39	13	40	10	40	8	39	7	37	7	34	6	31	5	29	3	28	2	26	2	23	3	19	5	14	8	9	10	5	11	2	11	0	11	-2	12	-3	14	-3	16	-2	19	0	21	3	22	7	22	10	23	12	25	13	28	13	32	12	35	12	37	13	38	15	38	18	38	22	38	25	37	27	35	28	32	30	30	31	29	31	29	
14:
58	1.094	8	34	9	34	11	35	14	35	16	34	19	32	21	29	23	25	24	22	24	20	23	19	21	19	20	18	20	16	20	14	20	12	19	11	17	11	16	12	15	14	14	15	12	16	10	16	8	15	7	13	7	10	7	6	8	3	10	1	13	0	15	0	18	1	22	2	26	2	29	2	31	2	32	3	32	5	31	7	30	10	29	14	29	17	30	19	32	20	34	20	36	19	37	19	37	19	36	20	34	22	31	25	27	28	23	30	18	31	14	33	11	34	9	34	8	34	8	34	
15:
64	0.552	29	21	29	22	29	23	28	23	26	23	24	23	23	23	23	24	23	26	24	27	26	28	29	28	33	28	36	27	38	25	40	23	41	20	42	17	42	14	41	12	39	11	36	11	34	10	32	8	31	6	31	4	31	3	31	3	31	4	30	6	28	9	25	12	21	15	18	18	16	20	15	21	15	21	14	20	12	18	9	16	6	15	3	15	1	16	0	18	-1	20	-1	21	0	21	0	20	-1	18	-2	15	-2	11	-1	7	1	4	3	2	6	1	10	1	15	2	19	4	22	7	24	11	25	15	26	18	28	20	29	21	29	21	
16:
59	0.158	18	14	17	13	15	13	14	14	13	16	13	18	12	19	12	21	12	23	13	24	15	24	16	23	18	23	21	24	25	25	28	25	30	24	31	24	31	25	30	27	28	29	27	30	27	30	28	30	30	29	33	27	35	24	37	21	38	19	38	17	37	14	35	12	33	11	31	11	30	10	30	8	31	5	33	3	35	2	36	2	36	3	35	5	33	8	30	10	26	11	21	11	17	11	14	10	12	8	10	5	9	3	9	2	9	2	10	3	11	5	13	8	15	11	17	13	18	14	18	14	
17:
66	1.105	20	5	19	6	19	8	19	11	20	13	22	14	24	14	25	14	25	15	24	16	22	16	21	17	20	19	20	22	21	24	22	26	22	29	21	32	19	34	17	35	14	35	12	34	11	32	10	30	8	29	6	29	4	30	3	31	3	33	4	35	5	36	7	36	10	35	13	33	15	30	16	26	16	21	15	17	13	13	10	10	6	8	3	7	1	7	0	7	0	6	1	5	3	3	6	1	10	-1	15	-2	21	-2	26	-1	30	1	34	4	37	6	39	8	40	11	40	13	39	14	37	14	34	14	30	13	26	11	23	8	21	6	20	5	20	5	
18:
68	6.129	19	21	20	20	22	18	23	15	23	13	22	12	20	12	18	13	15	14	11	14	8	13	6	12	5	10	5	7	6	5	8	3	11	2	14	1	16	1	17	2	17	4	16	7	14	9	11	10	7	10	4	11	2	13	1	16	1	18	2	20	3	21	5	21	8	22	10	23	11	25	11	27	10	30	8	32	7	34	7	35	8	35	10	34	13	33	17	31	21	29	26	28	30	26	33	25	35	25	36	26	36	28	35	30	33	32	32	33	31	33	29	33	26	33	24	34	23	36	23	37	22	37	21	36	21	34	20	31	19	27	18	24	18	22	19	21	19	21	
19:
63	1.803	31	29	32	30	34	32	36	34	38	35	40	35	41	34	41	32	42	29	42	25	41	20	39	16	36	13	34	10	33	8	33	7	34	6	36	6	38	5	39	3	39	1	38	0	36	-1	33	-1	29	0	25	0	21	1	17	3	14	5	12	8	11	11	11	15	11	19	11	22	12	25	13	27	15	28	16	28	17	27	17	26	16	26	14	26	11	27	8	28	5	28	3	27	2	25	2	23	1	22	1	22	0	23	0	25	1	27	3	30	5	33	8	35	12	36	16	36	21	35	25	33	28	31	30	30	31	29	31	29	
20:
65	4.227	13	2	12	3	10	4	8	6	7	9	7	11	8	12	10	12	11	12	11	13	11	15	11	18	10	22	8	26	6	29	5	31	4	33	4	34	5	35	7	35	8	34	10	34	13	35	15	35	16	34	16	32	17	29	19	27	22	26	26	24	31	23	35	23	38	23	40	24	41	26	41	29	40	33	39	36	37	38	34	39	30	39	26	38	23	36	21	33	20	29	20	24	21	19	23	14	26	10	30	6	34	3	37	1	39	0	40	0	40	1	39	1	37	2	35	4	32	6	28	7	23	7	19	6	16	5	14	3	13	2	13	2	
21:
64	3.352	24	38	25	37	25	36	26	35	27	35	27	36	27	38	28	39	30	39	33	38	36	37	38	35	39	33	39	31	38	30	36	28	35	25	34	22	34	19	35	17	35	16	34	16	32	17	30	18	28	18	27	17	26	17	25	18	23	20	20	21	16	21	13	21	11	22	10	24	10	27	11	29	11	31	10	32	8	32	5	31	3	29	2	26	2	22	3	17	4	13	6	10	9	7	12	5	16	4	20	4	23	5	26	7	28	8	31	8	33	9	35	11	36	14	36	18	35	23	33	28	30	32	27	35	25	37	24	38	24	38	
22:
67	0.784	20	18	19	18	17	18	16	18	16	19	16	20	16	20	15	19	15	17	16	15	18	14	20	14	23	15	25	17	26	19	27	21	28	22	29	22	30	21	32	19	34	18	35	18	36	19	37	21	37	24	36	27	34	30	31	32	29	33	28	33	28	34	29	35	31	35	33	36	35	37	36	39	36	40	35	41	33	41	30	40	26	39	21	38	15	36	10	33	6	29	3	24	1	18	0	13	0	9	1	6	3	4	5	3	8	3	12	3	17	3	22	2	26	1	29	1	31	1	32	2	32	3	31	5	29	8	26	12	23	15	21	17	20	18	20	18	
23:
59	1.833	22	0	23	1	25	3	28	4	31	4	33	5	34	7	34	10	33	14	31	18	28	21	25	23	23	24	20	24	17	24	15	23	14	21	14	18	13	16	11	15	10	15	8	16	7	18	6	21	5	23	4	24	2	24	1	25	0	27	0	30	1	32	3	34	6	36	10	37	13	37	15	36	16	34	16	32	15	29	13	25	10	20	8	16	7	12	7	9	8	7	10	6	11	6	11	5	10	3	8	2	7	2	7	3	8	3	10	2	13	0	16	-1	19	-1	21	-1	22	0	22	0	
24:
51	1.959	22	21	23	20	23	18	24	15	25	13	27	12	29	12	31	12	32	13	32	15	33	18	35	20	37	21	38	21	38	21	37	20	35	20	33	21	31	23	30	25	30	28	29	30	27	32	24	33	20	34	15	35	10	35	6	35	3	35	1	34	-1	32	-2	30	-2	27	-1	23	1	20	3	16	6	13	9	9	11	6	12	4	13	2	15	1	17	1	18	2	20	4	22	7	23	11	23	15	22	18	22	20	22	21	22	21	
25:
55	4.924	27	29	28	28	30	27	31	27	31	28	32	30	34	33	37	36	39	38	42	39	45	39	47	38	48	36	48	33	47	29	45	24	42	19	38	15	34	12	31	10	28	9	24	9	20	10	15	12	10	13	6	13	3	14	1	15	0	17	0	18	1	18	1	17	0	15	-1	12	-1	9	0	6	1	4	2	3	4	3	7	4	10	6	12	9	13	13	13	16	13	19	12	23	11	26	11	28	12	29	14	29	17	29	21	29	24	30	26	30	27	29	27	29	
26:
69	0.632	29	7	30	7	31	8	33	10	34	12	34	15	33	17	31	18	29	19	26	19	23	19	21	19	20	20	20	22	19	23	18	25	18	26	19	27	21	28	22	30	22	33	23	35	23	36	24	36	26	35	27	33	29	31	32	30	34	30	35	30	35	30	34	31	32	33	29	36	25	38	20	39	15	39	10	38	6	37	3	35	1	33	0	31	0	29	1	28	3	26	6	23	10	20	13	17	15	14	16	12	16	9	15	5	13	2	10	0	6	-1	3	-1	1	0	0	2	0	3	1	3	3	2	6	1	10	1	14	2	19	3	23	4	26	5	28	6	29	7	29	7	
27:
69	10.72	26	14	27	15	27	15	26	15	24	16	22	18	20	20	18	23	17	25	17	27	18	30	18	33	18	36	17	39	15	41	12	42	8	42	5	41	3	39	2	36	2	32	3	29	5	26	7	24	10	22	12	20	13	19	13	19	12	19	10	18	7	16	4	13	2	11	1	10	1	10	2	11	4	12	7	12	10	11	12	9	13	6	13	3	12	1	12	0	13	0	15	1	16	2	18	2	21	1	24	0	28	0	32	1	36	3	39	6	41	10	42	15	43	20	43	24	42	27	40	29	37	30	33	30	30	29	28	27	27	24	27	20	26	17	26	15	26	14	26	14	
28:
74	5.406	32	16	33	17	35	18	36	20	38	22	39	23	39	23	38	22	36	21	33	21	29	22	25	24	22	27	20	30	19	32	19	33	18	33	16	32	13	31	11	29	8	27	6	26	5	26	4	27	4	27	4	26	5	24	7	21	10	19	14	17	17	14	19	10	22	7	26	5	29	3	31	1	32	0	32	0	31	1	29	3	27	6	25	10	24	14	24	19	25	25	26	30	28	34	31	37	34	39	36	40	37	40	37	39	36	37	34	35	31	34	27	33	22	33	18	34	14	36	10	38	7	39	5	39	4	39	4	38	5	36	7	33	10	30	14	26	19	23	23	21	26	20	29	19	31	17	32	16	32	16	
29:
66	0.141	22	1	21	2	21	3	20	4	18	4	16	3	14	2	12	1	11	1	11	2	12	4	14	7	17	9	19	10	20	10	21	9	21	8	20	7	18	7	15	8	12	9	10	11	9	14	9	17	10	19	12	20	15	22	19	24	22	25	24	25	26	24	27	22	27	20	26	19	26	19	26	20	27	22	28	25	30	27	32	28	35	28	38	27	40	25	41	23	41	21	40	20	39	20	37	21	34	23	30	26	26	29	22	31	19	32	16	33	13	33	10	32	8	30	7	27	7	23	8	18	10	13	13	9	16	6	19	4	21	2	22	1	22	1	
30:
64	3.705	8	3	9	4	11	6	14	8	16	10	17	11	17	12	16	12	14	13	13	15	13	17	14	18	16	18	18	17	19	17	19	17	18	18	16	20	14	23	11	26	7	28	4	29	2	29	1	28	1	26	1	23	1	19	0	14	0	9	1	5	3	2	5	-1	8	-3	12	-4	16	-4	21	-3	25	-1	28	2	31	5	33	9	34	14	34	20	34	25	35	29	36	33	37	36	39	38	41	39	42	39	42	38	41	37	39	36	36	34	32	33	27	32	23	30	20	27	18	23	17	18	16	13	14	9	11	6	9	4	8	3	8	3	
31:
74	0.775	29	11	30	10	31	9	33	9	36	10	38	12	39	15	39	19	38	22	37	24	35	25	32	25	29	24	27	24	26	24	26	25	27	27	29	30	31	32	32	35	32	37	31	38	29	38	26	37	22	35	19	32	17	28	16	24	15	21	13	19	12	17	12	15	13	14	14	14	14	13	13	12	11	11	10	11	10	12	11	14	13	16	16	17	18	17	19	16	19	14	18	11	16	7	13	4	9	2	4	1	-2	1	-7	2	-12	4	-16	7	-19	10	-21	14	-22	19	-22	25	-21	30	-20	34	-18	37	-15	39	-11	40	-6	40	-1	39	5	37	10	34	14	30	17	25	20	21	23	17	26	14	28	12	29	11	29	11	
32:
55	0.802	24	30	23	29	21	28	18	26	16	25	15	23	15	22	16	20	18	19	21	18	23	16	24	15	24	14	23	12	21	9	18	7	14	5	10	3	6	1	3	0	1	0	0	1	-1	3	-1	6	-1	10	0	14	0	19	0	24	-1	28	-1	31	0	34	2	36	5	37	9	38	14	38	20	38	25	37	29	37	33	38	36	38	38	38	39	37	39	35	38	33	37	30	37	27	38	25	38	24	37	24	35	25	33	25	30	26	27	27	25	29	24	30	24	30	
33:
64	0.315	3	32	2	31	2	29	3	28	5	26	8	23	12	19	16	15	19	12	21	9	22	7	23	6	24	6	24	7	24	9	25	12	26	14	27	15	27	15	26	15	25	15	24	16	24	18	25	21	27	23	29	25	30	26	32	26	33	26	33	25	32	24	30	24	27	25	23	26	18	26	13	25	9	24	6	22	4	19	3	15	3	10	4	6	6	3	9	1	13	0	18	0	24	1	29	2	33	2	36	2	38	1	39	0	39	0	38	1	36	3	33	6	29	10	24	15	18	20	13	24	9	27	6	29	4	31	3	32	3	32	
34:
60	1.213	13	39	13	38	12	36	12	33	11	30	9	28	7	26	6	23	6	20	6	18	5	17	5	17	5	18	4	20	3	22	1	23	-1	23	-2	22	-2	20	-1	17	0	13	2	10	5	8	9	7	13	6	16	6	19	6	21	5	22	5	22	6	21	8	20	11	18	15	17	19	16	22	16	24	17	25	19	25	22	25	26	25	29	25	31	24	32	22	32	19	33	17	34	16	35	16	37	17	38	19	38	22	38	25	37	29	35	32	32	34	28	35	23	35	19	35	16	36	14	38	13	39	13	39	
35:
64	1.973	11	21	12	20	12	18	11	17	11	17	10	18	10	20	9	22	9	25	10	29	10	33	10	36	11	38	12	39	13	39	13	38	14	36	16	33	18	31	21	29	23	27	24	24	24	20	24	17	25	15	27	14	30	14	32	14	33	14	33	15	32	15	30	14	27	12	24	9	20	5	16	2	13	-1	9	-3	5	-4	2	-4	0	-3	-1	-1	-1	2	0	6	2	10	5	13	9	15	14	18	20	20	25	22	29	24	32	26	34	29	35	32	35	34	34	35	32	35	29	34	25	32	21	29	17	26	14	24	12	22	11	21	11	21	
36:
62	0.524	3	38	4	37	6	36	9	36	11	36	14	35	16	33	17	30	17	28	17	26	18	25	19	25	19	24	18	24	16	23	15	21	15	18	16	16	18	14	19	12	19	11	20	11	21	12	21	12	20	12	18	11	16	10	15	9	15	7	16	6	18	5	21	5	23	6	24	8	24	11	23	15	22	20	21	25	21	29	22	32	24	34	27	35	30	35	33	35	35	34	36	32	36	29	35	25	33	21	30	18	26	16	21	15	15	15	10	16	6	18	3	21	1	25	0	29	0	32	1	35	2	37	3	38	3	38	
37:
61	5.755	16	14	15	15	14	16	14	16	15	16	16	16	17	17	17	19	16	22	14	24	12	25	11	27	11	29	10	30	9	30	7	29	4	27	2	26	1	25	1	24	2	24	4	25	7	27	11	30	16	33	20	35	23	36	26	36	28	35	29	34	30	34	30	35	31	36	33	36	36	35	38	33	40	30	41	26	41	22	40	19	38	16	36	14	33	13	30	13	28	13	27	12	27	10	26	9	24	9	21	10	18	11	14	12	11	12	9	11	8	9	8	8	9	8	11	9	13	11	15	13	16	14	16	14	
38:
62	0.297	1	20	2	21	3	22	4	22	6	21	7	19	7	16	7	14	8	13	10	13	13	14	15	15	16	15	16	14	15	12	13	9	11	7	10	5	8	4	5	4	3	5	2	7	2	10	3	14	5	19	6	23	6	26	5	28	3	29	1	29	0	30	-1	32	-1	33	0	33	2	32	5	30	9	29	14	28	20	28	25	29	29	31	32	32	34	32	36	31	37	29	38	26	38	23	38	19	39	16	39	13	38	11	36	10	33	10	29	9	24	8	18	8	13	9	9	11	6	14	4	17	2	19	1	20	1	20	
39:
64	5.179	10	9	10	8	10	6	9	5	8	5	6	6	3	6	1	6	0	6	0	5	1	5	3	5	6	4	10	4	15	4	19	3	22	2	24	2	25	3	27	4	30	4	32	5	35	7	37	9	38	12	38	16	37	21	35	25	34	28	33	30	33	31	34	31	36	31	37	32	37	34	36	35	34	36	31	36	27	35	24	33	22	30	21	28	21	25	21	23	21	22	20	22	18	23	15	25	12	28	10	32	9	35	9	37	9	38	10	38	12	37	14	35	15	32	15	28	16	24	16	19	15	15	13	12	11	10	10	9	10	9	
40:
66	1.11	28	31	29	30	29	29	30	29	32	30	34	31	35	33	35	36	34	38	32	39	29	39	25	38	22	37	19	35	17	33	16	30	15	27	13	25	10	23	6	22	3	22	1	23	0	25	0	28	-1	31	-1	34	-1	36	0	37	2	37	5	36	7	34	8	31	9	27	9	23	10	19	12	15	14	12	16	10	17	7	17	5	16	4	14	3	11	3	9	4	6	5	4	7	3	8	3	9	4	9	6	8	9	6	13	3	18	1	23	0	27	0	30	1	32	3	33	6	33	10	34	15	34	19	33	22	31	25	29	28	28	30	28	31	28	31	
41:
70	0.053	4	15	5	15	6	16	6	17	5	17	4	17	2	17	1	16	1	14	2	11	4	8	7	6	10	5	12	5	13	6	13	8	12	11	11	15	11	20	12	24	13	27	13	31	12	35	10	38	9	40	9	41	10	41	12	41	15	40	19	38	24	35	28	33	31	31	34	28	36	26	37	23	37	21	36	19	34	17	31	16	27	16	24	16	22	17	21	17	21	17	22	16	24	15	27	14	29	13	32	12	34	10	35	7	35	5	34	3	33	2	33	1	34	0	35	0	35	-1	34	-3	32	-4	29	-4	26	-3	22	-1	17	2	13	5	10	9	7	12	5	14	4	15	4	15	
42:
70	21.049	31	0	30	1	28	3	25	6	21	8	18	10	16	12	14	14	13	17	13	19	14	20	16	20	17	19	17	17	16	16	14	16	11	17	9	18	8	20	8	23	8	25	7	27	6	28	5	30	5	33	5	35	4	36	2	36	1	35	1	33	2	30	2	26	3	22	3	18	3	15	3	13	4	12	6	12	7	12	7	11	6	9	4	8	3	7	2	7	2	8	3	10	5	13	8	17	12	21	17	24	22	27	27	29	31	31	34	32	36	32	37	33	37	35	37	36	36	36	36	35	37	33	39	30	40	26	40	21	40	15	39	10	37	6	34	3	32	1	31	0	31	0	
43:
43	0.649	33	35	34	35	35	34	36	34	36	33	35	32	35	30	36	29	37	29	38	28	38	28	37	27	35	26	32	24	29	21	27	17	25	14	24	11	23	7	21	4	18	2	14	1	10	1	7	1	4	2	2	3	1	5	1	8	2	11	3	13	4	16	4	18	5	21	7	25	9	28	12	30	16	32	21	33	25	35	28	36	30	36	32	35	33	35	33	35	
44:
69	0.641	11	35	12	36	13	37	14	38	14	38	13	37	13	35	14	32	14	29	15	27	17	26	18	25	18	23	17	22	16	21	14	20	11	20	8	21	6	23	5	24	3	25	2	26	2	28	3	30	3	31	3	31	4	30	5	28	5	25	4	21	2	16	1	12	1	9	2	7	4	5	6	4	8	4	9	5	10	7	11	10	13	14	16	18	18	22	21	25	25	27	28	28	32	28	36	27	39	25	41	22	42	18	42	14	42	10	41	7	39	5	37	3	35	2	32	2	29	3	26	5	23	8	19	12	16	17	14	22	13	26	13	29	13	32	12	34	11	35	11	35	
45:
57	3.675	38	16	37	17	35	19	32	21	28	22	25	22	23	22	22	21	22	20	22	19	21	19	20	20	19	20	19	19	20	17	20	14	20	10	20	6	19	3	17	1	14	0	11	0	8	1	6	3	5	6	5	9	5	11	4	12	3	13	2	15	2	17	3	20	5	22	8	23	10	24	11	24	12	23	12	23	11	24	11	25	12	27	13	30	13	34	13	37	14	39	16	40	19	40	23	39	28	37	32	35	35	33	37	30	39	26	40	22	40	19	39	17	38	16	38	16	
46:
70	0.776	2	2	3	2	4	3	6	4	9	6	13	7	16	7	18	6	19	5	19	5	18	5	16	6	14	8	12	11	11	15	11	19	12	22	14	24	17	25	21	26	24	27	27	29	29	31	30	32	31	32	32	31	33	29	35	28	36	27	38	27	39	28	39	29	39	29	40	28	41	26	43	23	44	19	44	16	43	14	41	13	38	13	34	14	31	16	29	19	28	23	28	27	29	31	29	34	28	36	26	37	23	37	21	36	18	35	16	34	15	34	13	35	11	36	10	36	10	35	11	33	11	30	10	26	8	23	5	20	3	16	1	12	0	8	0	5	1	3	2	2	2	2	
47:
71	0.04	19	27	19	28	20	30	20	32	21	33	23	33	25	32	26	30	26	28	25	27	23	25	21	23	18	22	14	20	11	19	9	19	8	18	8	17	9	17	11	18	13	18	15	17	17	15	18	12	18	9	17	7	15	6	13	4	10	3	7	2	4	2	2	2	1	1	1	0	2	0	4	1	7	3	11	5	16	6	22	6	27	6	31	6	34	6	36	6	37	7	37	9	36	10	34	11	32	12	30	13	29	15	29	18	30	21	32	25	34	29	35	33	35	37	34	40	32	42	29	43	26	43	23	42	19	42	16	41	14	39	13	36	13	33	14	30	16	28	18	27	19	27	19	27	
48:
56	2.718	38	5	37	4	35	2	34	1	32	0	29	0	26	1	24	3	23	5	23	7	24	9	26	12	27	14	27	17	28	19	30	21	31	24	31	27	32	30	34	33	36	35	37	36	37	37	36	38	34	40	31	41	27	41	22	40	18	38	15	36	13	35	12	34	12	33	11	32	9	31	6	31	3	32	1	34	0	37	0	39	1	40	3	40	4	39	4	37	5	35	7	32	9	28	11	23	14	18	18	14	23	10	28	7	32	5	35	4	37	4	38	5	38	5	
49:
61	1.1	11	11	10	12	9	12	8	11	7	9	6	6	5	3	5	1	4	0	2	0	1	1	0	3	-1	6	-1	10	0	14	0	17	0	21	0	25	0	28	0	30	1	31	3	31	5	30	8	30	12	31	15	33	18	36	21	38	25	39	29	39	32	38	34	36	36	33	38	29	39	25	40	22	40	20	39	18	37	16	34	15	31	14	28	14	26	15	25	16	25	16	26	15	28	13	30	10	33	8	35	7	36	6	36	6	35	7	33	9	30	10	26	10	21	9	17	9	14	9	12	10	11	11	11	11	
50:
59	0.042	16	25	17	26	19	26	22	27	25	28	27	29	28	30	28	32	27	34	25	35	22	35	18	34	15	34	12	34	10	35	8	37	5	38	3	38	2	37	2	35	3	33	5	30	7	28	8	27	8	25	7	24	5	24	2	23	0	21	-1	18	-1	16	0	14	2	13	5	12	7	11	8	9	8	6	7	4	6	2	6	1	7	1	9	1	12	2	16	2	21	3	26	5	30	7	33	10	35	14	36	17	36	19	35	22	33	24	30	25	26	25	22	24	19	24	17	24	16	25	16	25	
51:
58	0.883	19	33	20	32	22	32	23	33	24	35	24	36	23	36	21	35	18	34	15	32	13	30	12	28	12	27	11	26	9	26	6	27	3	27	1	26	0	24	0	22	1	20	3	19	6	19	10	19	14	20	18	20	21	20	23	21	24	21	24	20	23	18	21	15	19	13	18	10	17	6	17	3	17	1	18	-1	20	-2	23	-2	27	-1	31	1	34	4	36	8	37	13	37	19	37	24	38	29	39	33	39	36	38	38	36	39	33	39	29	38	25	36	22	34	20	33	19	33	19	33	
52:
58	0.411	27	28	27	27	26	26	25	26	25	27	24	28	22	28	20	27	18	27	15	28	11	30	7	31	4	31	2	30	1	29	1	29	2	28	4	26	7	24	10	22	12	19	13	16	13	14	14	13	16	12	18	12	19	11	19	9	18	7	16	4	14	2	11	1	9	1	8	2	8	4	9	5	11	6	14	6	18	5	22	4	26	4	31	5	35	5	38	6	40	8	41	10	41	13	40	17	38	20	35	22	31	23	28	23	26	22	25	22	25	23	25	25	26	27	27	28	27	28	
53:
56	1.038	32	0	31	-1	29	-1	26	0	24	2	23	4	22	6	22	7	23	8	23	8	22	9	22	10	23	10	25	10	27	10	29	11	31	13	32	15	32	18	31	22	30	27	30	31	30	34	29	36	29	37	29	37	28	36	27	34	25	31	24	28	22	25	21	23	20	22	18	22	16	23	13	25	11	27	8	28	6	28	5	27	5	25	6	24	7	22	7	19	6	16	6	13	7	9	9	6	12	4	16	3	21	3	25	4	28	4	30	3	31	1	32	0	32	0	
54:
65	0.265	15	26	16	25	17	23	19	21	20	18	20	16	19	15	17	14	14	14	10	15	6	17	3	20	1	24	0	27	0	29	1	31	3	32	4	32	4	31	4	29	3	26	2	23	0	19	-1	14	-1	9	0	5	2	2	5	0	8	-1	12	-1	17	0	21	2	24	5	26	7	29	9	32	10	35	10	37	9	39	7	40	5	40	3	39	2	37	1	34	1	32	2	30	4	28	6	27	9	27	13	28	18	30	24	33	29	35	33	37	36	38	38	38	39	37	39	35	38	32	36	28	33	24	30	21	28	18	27	16	26	15	26	15	26	
55:
67	0.186	8	34	9	33	11	33	12	32	12	30	11	29	9	29	8	28	8	27	9	26	11	26	14	26	17	27	19	27	22	26	24	24	25	21	27	18	30	16	32	15	33	14	33	12	32	11	30	10	27	10	24	9	22	8	21	7	21	6	22	5	24	5	27	6	30	6	33	5	35	3	36	1	36	-2	35	-4	33	-5	30	-5	26	-4	21	-3	17	-2	13	0	9	1	6	1	4	2	3	4	3	7	4	11	6	16	9	20	13	24	17	28	21	32	24	35	26	37	27	38	27	38	26	37	24	37	21	36	17	34	14	33	11	33	9	33	8	34	8	34	
56:
45	1.01	26	30	26	29	27	28	29	28	31	29	34	29	36	28	37	26	38	23	38	19	37	16	35	14	33	13	31	13	28	12	25	11	22	10	20	10	19	11	18	12	18	14	19	17	19	21	18	25	16	28	14	30	11	31	8	31	6	30	4	28	3	26	3	25	2	25	1	26	1	27	1	29	2	30	4	30	7	29	11	27	16	26	20	26	23	27	25	29	26	30	26	30	
57:
54	3.151	10	29	10	28	10	27	9	27	7	27	4	27	2	28	0	29	-1	29	-2	28	-2	26	-1	23	1	21	4	20	6	18	7	15	7	12	6	9	6	6	7	4	9	3	12	2	16	2	21	2	25	2	28	3	30	5	31	8	31	12	31	15	32	17	34	18	35	19	35	20	34	20	32	21	29	21	25	21	21	21	18	22	16	24	15	26	15	29	15	33	16	36	18	38	19	39	19	39	18	38	16	36	13	33	11	31	10	30	10	29	10	29	
58:
63	0.639	17	16	18	16	20	17	21	19	22	21	22	24	22	27	23	31	23	34	22	36	21	37	20	37	19	36	18	34	17	31	15	29	12	28	10	28	7	28	4	27	2	25	1	23	1	21	2	18	4	14	6	10	8	7	9	4	9	2	8	1	8	1	9	1	10	0	12	0	15	0	19	1	24	3	28	4	31	6	33	7	34	9	34	11	33	12	32	13	30	15	29	16	29	18	30	20	32	23	34	26	35	30	35	33	34	35	33	36	31	36	28	35	24	33	21	30	19	26	17	22	16	19	16	17	17	16	17	16	
59:
55	0.561	10	25	11	26	11	27	10	29	10	32	9	34	7	35	5	35	4	36	4	37	5	39	7	40	10	41	14	41	19	40	23	38	28	36	32	33	35	30	37	28	38	27	38	25	37	22	35	18	34	15	33	13	33	11	34	9	36	8	37	6	37	3	36	1	34	-1	31	-2	27	-2	24	-1	22	1	19	3	16	4	13	4	10	3	8	3	7	4	5	4	2	3	0	3	-1	4	-1	6	0	9	2	12	4	16	5	19	7	22	9	24	10	25	10	25	
60:
69	0.534	30	22	29	23	29	25	30	28	31	30	32	31	34	32	36	32	37	31	37	29	37	27	37	26	38	26	40	27	41	29	41	32	40	35	39	37	37	38	34	38	30	37	25	35	21	32	18	29	15	26	13	24	10	23	7	23	4	24	2	25	1	25	1	24	1	22	2	21	4	20	6	19	9	17	12	14	16	10	19	7	23	5	28	3	32	1	35	0	37	0	38	1	38	2	37	4	35	7	32	9	28	11	23	13	17	16	12	19	8	23	5	28	3	32	2	35	2	37	3	38	5	38	8	37	11	35	15	32	20	28	24	25	27	23	29	22	30	22	30	22	
61:
64	0.821	28	8	29	8	31	7	34	7	36	8	37	10	37	13	36	16	34	19	32	22	31	25	31	27	32	28	33	28	34	27	34	25	33	23	31	21	28	19	24	18	20	18	17	19	15	20	13	22	12	25	12	27	13	28	13	30	12	33	10	35	9	37	9	38	10	38	10	37	9	35	7	32	5	28	4	24	4	19	5	15	6	12	8	10	11	8	14	7	16	7	17	7	17	6	16	4	14	1	12	-1	9	-2	6	-3	4	-3	3	-2	3	0	4	1	6	1	9	1	13	1	18	2	22	3	25	5	27	7	28	8	28	8	
62:
56	0.607	34	34	33	35	31	37	28	38	24	38	20	38	16	37	13	35	11	33	10	31	10	28	11	26	13	25	16	25	20	25	24	24	28	22	31	21	33	21	34	22	34	23	35	23	36	22	36	20	35	17	33	15	30	13	26	12	21	12	15	12	10	11	6	10	3	10	1	11	0	12	0	13	0	13	0	12	0	10	1	7	3	4	6	1	10	-1	15	-2	21	-2	26	-1	30	1	33	4	36	8	38	13	39	19	39	24	38	28	37	31	35	33	34	34	34	34	
63:
62	0.531	17	24	16	25	15	25	13	24	12	22	12	20	12	19	13	18	15	17	18	16	20	14	21	11	21	9	20	7	18	6	15	6	12	7	10	8	9	10	9	13	10	15	12	16	15	17	19	17	24	16	28	14	31	11	34	8	36	6	37	4	37	3	36	3	34	4	32	6	31	9	30	13	29	18	29	22	29	25	28	28	27	31	25	33	22	34	20	34	19	34	18	33	18	31	19	30	21	30	24	31	27	33	30	36	32	38	33	39	33	39	32	38	30	36	27	33	23	30	20	27	18	25	17	24	17	24	
64:
56	1.849	26	7	26	8	25	10	23	11	21	11	19	10	16	8	13	5	11	3	8	2	6	2	5	3	5	5	5	8	6	11	8	13	9	14	9	14	8	13	6	13	5	14	5	15	6	17	8	20	9	23	9	27	9	30	9	32	9	33	8	33	6	32	5	31	5	31	6	32	8	34	11	37	15	39	20	40	24	40	27	39	29	37	31	34	32	31	32	27	32	23	32	19	32	16	32	14	33	13	34	13	34	12	33	12	31	11	29	9	27	8	26	7	26	7	
65:
58	1.017	7	24	8	24	10	24	11	25	11	26	12	28	14	30	15	32	15	34	15	35	14	36	12	36	9	35	6	33	4	30	3	26	3	22	4	19	6	16	9	14	12	13	14	11	15	8	15	6	16	5	18	5	21	6	23	7	25	7	26	6	26	4	25	3	23	3	21	4	20	6	20	9	21	12	22	14	24	15	27	15	30	14	32	14	33	15	33	17	32	20	32	24	32	28	32	31	32	33	31	34	29	34	26	33	22	31	17	28	13	26	10	25	8	24	7	24	7	24	
66:
68	3.968	23	8	24	8	26	8	29	8	31	7	32	6	32	4	31	3	29	3	26	3	22	3	19	2	17	2	16	3	16	5	17	8	19	11	21	13	23	14	26	14	28	15	29	17	29	20	29	22	30	23	32	23	34	22	36	20	37	17	37	14	36	12	34	11	31	11	27	12	22	14	18	16	15	17	13	18	12	20	10	22	8	23	6	23	4	22	2	20	1	17	1	15	2	14	4	14	6	15	7	17	7	19	6	22	5	26	4	30	4	33	5	35	7	36	10	36	14	35	17	33	19	30	20	26	20	21	19	17	19	14	20	11	22	9	23	8	23	8	
67:
65	6.559	19	29	18	28	18	26	17	25	17	25	18	26	19	28	19	31	18	33	16	34	14	34	11	33	9	31	8	28	8	25	9	21	9	18	8	16	6	15	3	15	1	15	0	14	0	12	1	9	3	7	5	6	8	6	11	7	13	9	14	10	14	11	13	12	12	12	12	11	13	9	14	7	16	5	19	3	22	2	24	2	25	3	27	4	29	4	30	5	30	7	29	10	28	12	27	15	27	18	28	20	29	21	31	22	34	23	36	25	37	28	37	32	36	35	34	37	31	38	27	38	24	37	22	35	20	32	19	30	19	29	19	29	
68:
60	1.785	23	32	22	32	21	33	21	33	22	32	23	30	23	29	22	28	21	28	19	28	16	29	13	29	11	28	10	26	10	23	11	20	13	18	14	17	14	17	13	18	11	19	8	20	4	20	1	19	-1	17	-2	15	-2	14	-1	13	1	11	4	8	6	5	7	2	9	0	11	-1	14	-1	17	0	20	2	23	5	27	8	31	10	34	11	36	11	37	10	37	9	37	8	36	8	35	9	35	11	36	14	38	18	39	22	39	26	38	29	37	31	35	32	32	32	29	33	26	33	24	33	23	32	23	32	
69:
66	3.73	34	24	35	24	36	23	37	21	37	19	36	17	34	15	31	14	29	13	28	13	28	12	29	10	31	8	33	6	34	5	34	5	33	5	31	5	28	4	25	2	23	0	20	-1	18	-1	16	0	14	2	13	5	13	9	12	12	10	14	7	15	5	16	4	17	4	19	5	22	6	25	7	28	7	31	6	33	5	34	3	34	2	33	2	32	3	30	5	27	8	24	12	22	16	21	19	21	21	22	22	24	22	27	23	31	23	34	23	36	24	38	26	39	29	39	33	39	36	38	38	37	39	35	39	32	38	29	36	27	35	25	34	24	34	24	
70:
62	0.244	8	7	7	8	6	10	6	11	7	11	9	11	11	10	12	8	14	6	15	3	17	1	19	0	22	-1	26	-1	29	0	31	2	32	5	32	9	31	14	30	19	28	24	27	28	27	31	28	33	30	35	32	36	35	36	37	35	38	35	38	36	37	37	35	37	32	36	28	36	23	35	18	34	14	33	11	31	9	30	7	30	5	31	3	33	1	35	0	36	0	37	1	39	3	40	6	41	8	41	9	40	9	38	8	35	6	31	3	26	1	21	0	16	0	12	1	9	3	7	5	6	7	6	8	7	8	7	
71:
61	1.335	14	15	15	16	17	17	19	17	20	17	20	17	19	17	17	18	15	20	13	21	12	23	12	25	11	27	9	28	6	28	2	27	-2	27	-5	26	-7	24	-8	21	-8	17	-7	12	-6	8	-4	5	-1	3	3	2	8	1	14	1	19	2	23	4	26	6	28	8	30	9	33	9	35	9	36	10	36	11	35	11	35	10	36	8	36	5	35	3	34	2	33	1	32	1	32	2	33	4	34	7	36	10	38	13	39	16	39	18	38	20	36	21	33	22	29	22	24	21	20	20	17	18	15	16	14	15	14	15	
72:
58	0.087	3	30	4	29	5	27	6	24	6	22	7	21	9	21	12	22	14	22	15	23	15	25	15	28	14	31	12	33	10	34	9	36	9	38	10	39	12	39	14	38	17	37	21	35	24	32	26	28	27	24	27	20	27	17	26	15	24	13	21	12	18	12	15	12	12	13	10	13	9	12	9	10	10	8	12	5	15	2	18	-1	22	-3	27	-4	31	-5	34	-5	36	-4	37	-2	37	1	36	5	34	9	31	13	27	17	22	20	18	24	13	27	9	29	6	30	4	30	3	30	3	30	
73:
45	1.042	35	12	34	12	32	13	31	15	31	17	32	18	34	19	36	19	37	18	37	17	36	17	34	18	31	20	27	22	24	23	21	24	19	25	18	27	18	30	18	33	17	35	15	36	12	37	8	37	5	36	3	36	2	36	2	35	3	33	4	31	5	28	7	24	9	21	12	18	15	14	18	11	22	8	25	6	27	5	30	5	32	6	33	7	33	9	34	11	35	12	35	12	
74:
66	0.058	30	25	31	26	31	28	32	29	33	31	35	32	38	32	40	31	41	29	41	26	40	23	38	20	35	18	33	16	30	15	28	15	26	14	25	14	25	15	26	15	27	14	29	13	32	11	35	9	37	7	38	4	38	1	37	-1	35	-2	32	-2	28	-1	23	0	17	0	12	0	8	0	5	1	3	3	2	4	2	5	3	6	4	8	5	11	5	14	4	17	3	20	3	22	4	24	6	25	9	25	11	26	13	27	15	29	16	32	16	35	15	37	13	38	12	38	12	39	13	39	15	38	17	36	20	33	24	30	27	28	29	26	30	25	30	25	
75:
61	1.712	32	14	31	13	30	11	29	9	29	8	30	7	31	7	31	6	30	6	28	7	27	8	25	10	24	13	24	16	25	18	25	19	24	19	23	19	22	19	22	20	23	22	25	24	28	27	31	29	33	30	36	30	38	29	39	29	39	30	38	32	36	34	33	36	29	37	25	37	21	38	18	38	16	37	15	35	15	32	15	29	14	27	12	26	9	26	6	26	3	25	1	23	0	20	0	16	0	12	1	8	2	5	3	3	5	2	8	2	12	2	17	3	22	5	26	8	29	11	31	13	32	14	32	14	
76:
49	0.046	34	13	33	14	31	14	30	13	30	11	30	8	30	5	30	3	29	2	27	2	26	3	25	5	25	8	24	12	23	17	22	21	22	24	23	26	23	27	22	27	20	26	17	24	13	22	10	19	8	16	7	13	5	11	3	10	2	10	1	11	1	12	1	14	1	17	2	21	3	26	3	30	2	33	2	35	3	36	5	36	7	35	10	33	14	30	19	26	24	22	28	19	31	16	33	14	34	13	34	13	
77:
63	0.135	26	19	25	18	24	16	22	14	20	13	18	12	17	12	16	13	16	15	16	18	16	21	15	24	13	26	10	27	7	27	5	26	4	24	4	21	4	17	4	12	4	8	5	5	7	3	10	2	14	2	18	3	21	3	23	3	24	2	26	2	27	3	27	5	28	7	30	10	31	12	31	13	31	13	32	12	34	10	36	7	37	4	37	2	37	1	38	1	39	2	41	4	42	6	42	9	41	13	40	18	38	23	35	27	33	30	32	32	32	33	33	33	34	32	34	30	33	28	31	25	29	22	27	20	26	19	26	19	
78:
54	0.196	36	15	36	14	35	12	33	10	32	7	31	5	31	2	32	0	34	-1	36	-1	37	0	37	2	36	5	34	9	32	12	30	16	29	20	29	23	28	25	27	27	27	28	26	28	25	27	24	27	23	28	22	28	20	27	19	25	19	23	18	21	16	18	15	16	13	15	12	15	10	16	9	18	9	21	8	24	7	28	7	31	7	34	8	37	9	39	10	40	11	40	12	39	14	37	17	34	21	30	26	25	30	21	33	18	35	16	36	15	36	15	
79:
64	0.944	5	23	4	24	3	26	2	29	2	32	3	34	5	36	8	38	12	39	17	40	21	40	25	39	28	39	30	38	32	36	33	33	33	30	32	27	30	25	27	24	24	22	22	20	21	18	19	16	16	15	12	15	9	14	7	12	5	9	3	6	2	3	2	1	3	0	5	0	8	1	12	3	16	4	21	4	26	4	30	3	33	2	35	1	36	1	36	2	35	4	34	6	33	9	33	11	34	12	36	12	38	12	39	13	39	15	38	17	36	18	33	18	29	17	24	16	19	16	15	17	11	18	8	20	6	22	5	23	5	23	
80:
53	0.511	24	32	23	33	23	34	23	34	22	33	20	31	19	28	19	25	18	23	17	22	15	22	12	22	10	23	9	25	9	28	10	31	10	33	9	34	7	34	4	33	2	31	1	28	0	24	-2	19	-3	14	-3	10	-2	7	-1	5	1	4	4	4	8	5	12	5	17	6	21	6	24	5	26	5	27	6	27	8	28	10	30	11	33	11	36	10	38	9	39	9	39	10	38	12	37	15	35	19	32	23	30	26	27	29	25	31	24	32	24	32	
81:
55	0.726	4	36	3	36	2	35	2	33	2	31	3	30	5	30	8	30	10	31	11	33	11	34	10	34	9	33	8	31	8	28	9	25	11	23	14	22	18	21	22	21	25	22	27	24	28	27	28	31	28	35	28	38	29	40	31	41	33	41	36	40	38	38	39	35	39	31	38	27	36	22	35	17	35	13	35	9	34	6	32	4	29	3	25	3	21	3	17	3	13	4	9	6	6	9	4	13	3	18	1	22	0	26	0	30	1	33	3	35	4	36	4	36	
82:
64	1.076	8	0	9	0	11	0	13	1	14	3	14	6	14	10	14	14	13	17	12	20	12	24	12	27	11	29	10	30	8	31	5	31	2	30	0	28	-1	25	-1	21	-1	16	0	12	2	9	5	7	9	6	13	6	18	7	22	8	25	8	28	7	30	5	31	2	31	0	32	-1	34	-1	36	0	38	1	39	3	39	6	38	8	36	10	33	12	30	15	28	19	27	23	27	26	28	28	30	29	33	31	36	32	38	34	39	35	39	35	38	34	36	32	33	29	29	25	24	20	19	15	15	10	12	6	10	3	9	1	8	0	8	0	
83:
67	11.263	15	13	14	12	12	12	9	12	6	12	4	13	3	14	3	16	4	18	6	20	8	21	10	21	11	20	12	18	12	15	12	11	11	7	9	3	6	0	3	-2	1	-3	-1	-3	-2	-2	-2	0	-1	1	1	1	4	0	8	-1	12	-1	17	0	21	2	25	5	28	7	30	9	31	12	31	14	32	15	34	15	37	16	39	18	40	20	40	23	39	26	39	30	39	33	39	35	39	36	38	36	36	35	34	34	33	33	32	33	31	34	31	36	31	38	30	39	28	39	25	38	21	36	17	33	14	29	12	24	11	20	11	17	12	15	14	14	15	13	15	13	
84:
71	1.579	11	13	12	14	14	16	15	17	17	19	19	20	21	20	22	19	23	17	23	15	22	14	20	14	18	15	15	17	12	20	10	22	9	25	8	27	6	28	3	28	1	27	0	25	0	23	1	20	1	16	2	11	2	7	3	4	4	2	4	1	5	1	7	2	10	4	12	7	13	11	13	16	13	22	13	27	12	31	10	34	9	36	9	37	9	37	10	36	12	34	15	33	19	33	22	34	24	36	25	38	26	39	27	39	29	38	30	36	31	33	33	29	34	24	35	20	37	17	38	13	38	9	37	6	35	4	32	3	28	3	23	4	19	5	16	7	14	10	12	12	11	13	11	13	
85:
68	2.272	12	9	13	8	15	7	17	7	19	8	20	10	20	12	20	14	21	15	23	15	26	15	29	15	32	15	34	16	35	17	35	18	34	20	32	23	31	25	31	27	32	29	33	31	35	32	36	32	36	33	35	35	33	36	30	36	28	35	27	34	25	32	24	31	22	31	19	32	15	34	11	36	7	37	4	37	2	36	1	34	0	31	-1	27	-1	22	0	17	0	11	1	4	3	-2	6	-7	10	-11	14	-14	19	-16	25	-17	30	-17	34	-16	37	-14	39	-12	40	-9	40	-5	39	0	37	4	34	7	30	9	25	10	21	10	18	9	15	8	13	8	12	9	12	9	
86:
57	0.838	34	23	35	22	36	20	36	18	35	17	33	17	30	18	27	19	25	19	23	18	22	16	20	14	17	13	15	12	13	10	12	7	12	4	13	2	15	1	17	1	19	1	20	2	20	4	19	6	17	9	14	12	11	15	7	19	4	22	2	26	1	29	1	31	2	32	4	32	7	31	11	29	15	27	18	26	20	26	21	26	21	27	21	29	22	31	24	32	27	33	30	34	32	36	34	38	35	39	37	39	39	38	40	36	40	33	39	29	37	26	35	24	34	23	34	23	
87:
70	0.259	30	26	31	27	32	29	33	30	33	30	32	30	30	31	28	31	27	30	27	28	27	25	27	23	27	22	26	22	24	23	21	25	18	26	15	26	11	25	8	24	6	22	5	20	5	17	6	15	6	14	5	14	3	15	2	17	1	19	1	22	2	26	4	30	6	33	9	35	13	36	18	37	23	37	28	36	32	34	35	31	37	27	38	22	38	18	37	15	36	13	35	11	35	10	36	10	38	9	39	9	39	8	38	7	36	5	33	3	29	1	25	-1	20	-2	16	-2	13	-1	11	1	10	2	10	3	11	5	13	8	16	12	20	16	24	20	27	23	29	25	30	26	30	26	
88:
71	4.366	36	11	36	10	36	9	35	8	33	8	31	7	29	5	27	4	26	4	25	5	24	7	24	10	25	12	25	13	24	14	22	14	19	13	15	11	12	10	10	10	8	11	7	13	7	15	8	18	10	20	12	21	14	21	15	22	15	24	14	25	12	25	9	24	5	24	2	25	0	26	-1	28	-1	30	0	31	2	31	4	30	6	28	7	25	7	21	6	16	4	11	3	7	3	4	4	2	6	1	9	1	13	2	17	4	21	7	26	11	30	16	34	20	37	25	39	29	40	32	40	34	39	35	37	35	35	34	34	32	34	29	35	25	36	21	37	17	37	14	36	12	36	11	36	11	
89:
59	1.25	34	16	35	16	36	15	38	15	39	14	39	12	38	10	36	8	33	6	29	4	25	3	21	2	18	1	16	0	13	0	11	0	10	1	10	3	11	6	13	10	16	13	20	15	24	17	27	20	29	23	30	25	32	26	35	26	38	26	40	27	41	29	41	31	40	33	38	34	35	34	31	34	27	33	23	31	18	28	14	24	11	20	9	16	8	13	6	11	3	10	1	10	0	9	0	8	1	8	3	7	6	7	10	8	15	9	19	10	24	12	28	14	31	15	33	16	34	16	34	16	
90:
63	0.441	34	26	33	26	32	27	32	28	33	28	34	29	34	31	33	32	31	32	29	33	27	35	26	36	24	36	21	35	19	33	18	31	17	29	17	28	16	28	14	29	11	31	9	34	6	36	2	37	-1	37	-3	36	-4	34	-4	31	-3	27	-1	22	2	16	4	11	5	7	7	3	10	0	14	-2	17	-3	20	-3	22	-2	23	0	23	3	22	7	22	11	23	14	25	16	28	17	30	18	33	18	36	17	38	15	39	13	40	12	42	12	44	13	45	15	45	18	44	22	43	25	42	27	40	28	37	28	35	27	34	26	34	26	
91:
62	0.267	0	5	1	4	3	4	5	4	6	5	7	7	7	9	6	11	5	12	3	12	1	13	0	15	0	17	1	18	3	18	6	17	10	17	15	17	19	18	22	20	24	22	25	23	26	23	28	22	29	20	30	19	32	19	33	20	33	20	33	19	34	18	36	16	38	13	39	11	39	9	38	7	36	5	35	4	33	4	30	5	28	7	27	10	25	13	22	17	20	21	19	26	19	30	18	33	16	35	13	36	9	36	4	35	0	33	-3	30	-5	26	-6	21	-6	16	-6	12	-5	9	-3	7	-1	6	0	5	0	5	
92:
53	0.821	6	20	7	21	9	23	12	25	14	28	15	30	15	32	16	33	18	33	21	33	25	34	28	35	30	36	31	36	32	36	32	35	31	33	29	30	26	27	24	24	23	22	23	21	24	19	26	16	27	13	28	11	28	9	27	8	25	8	22	8	18	8	15	7	12	7	10	8	8	10	6	13	3	17	1	22	0	27	0	31	0	34	0	36	0	38	1	39	3	39	5	38	7	36	8	33	8	29	8	26	8	23	7	21	6	20	6	20	
93:
50	0.069	6	13	7	14	9	16	11	17	13	17	14	18	16	20	19	21	22	21	24	21	25	20	25	19	25	17	26	16	26	16	27	17	29	18	31	18	33	17	35	16	36	16	37	17	38	19	38	21	37	24	35	28	33	31	32	34	32	36	33	37	33	38	33	38	33	37	32	35	30	33	27	31	23	30	19	30	16	31	13	32	11	33	9	33	7	32	6	30	6	27	6	23	5	19	5	16	5	14	6	13	6	13	
94:
62	0.451	28	14	29	13	31	11	34	10	36	8	37	5	37	2	36	0	35	-1	33	-1	30	0	26	2	22	5	19	8	17	10	16	12	14	13	11	13	9	12	8	10	8	9	9	9	10	10	10	12	9	15	7	19	4	22	1	24	-1	26	-2	28	-2	31	-1	33	1	34	3	34	6	33	10	32	13	31	15	31	16	32	16	34	16	37	17	39	18	40	20	40	21	39	23	38	24	36	24	33	23	30	22	28	22	27	23	27	25	28	28	29	31	29	33	28	34	26	34	23	33	20	31	17	29	15	28	14	28	14	
95:
66	3.297	32	10	31	11	30	13	30	15	30	18	29	20	28	21	28	22	29	22	31	23	33	24	34	26	36	28	37	31	37	33	36	34	34	34	31	33	29	31	26	30	24	30	22	31	20	32	18	32	17	31	15	29	12	28	10	28	9	29	8	31	7	34	7	37	8	39	10	40	11	40	11	39	11	37	10	34	8	30	6	25	4	20	3	16	1	13	0	11	0	10	1	10	3	10	6	10	9	9	12	8	14	6	15	3	15	1	14	0	13	0	13	1	13	3	14	6	16	9	17	11	19	13	22	14	26	14	29	13	31	11	32	10	32	10	
96:
64	0.481	19	20	18	19	18	18	18	16	19	15	20	15	21	14	21	12	20	11	18	10	15	10	13	10	12	9	12	7	13	6	15	4	17	2	18	1	18	1	19	2	20	3	21	5	23	7	25	8	28	8	30	7	31	5	32	3	32	2	32	2	31	3	31	5	32	8	34	12	35	15	36	18	38	20	39	22	39	25	38	27	36	28	33	28	29	28	24	27	19	27	15	28	10	29	6	31	3	32	1	32	0	31	0	29	0	26	1	22	1	19	1	16	2	14	4	13	7	13	10	14	13	15	16	17	18	19	19	20	19	20	
97:
71	0.876	5	10	4	10	3	10	2	10	2	9	3	7	5	6	8	6	12	7	16	9	19	11	21	12	24	12	27	13	30	14	33	15	35	16	36	18	36	21	35	23	33	24	31	26	29	29	28	31	27	32	26	32	26	31	25	29	25	28	26	28	26	29	27	30	29	32	31	35	34	37	38	38	42	38	45	37	49	35	52	32	54	28	55	23	55	18	54	14	52	11	49	8	45	6	40	5	34	5	27	6	21	8	16	11	12	15	9	19	6	23	4	27	3	30	3	33	3	35	4	36	5	36	5	35	4	33	3	30	3	26	3	21	4	17	4	14	4	12	4	11	5	10	5	10	
98:
74	1.863	30	20	29	19	29	17	29	14	30	11	32	9	34	7	36	6	37	6	37	5	36	3	34	2	31	2	28	3	25	4	21	4	18	4	16	5	15	6	15	8	16	9	18	10	19	12	19	15	18	18	18	20	17	22	17	23	18	23	20	23	22	23	23	24	23	25	22	27	20	29	19	30	19	30	18	29	16	27	14	26	13	26	11	27	10	29	10	32	11	35	13	38	16	41	20	43	25	44	29	44	32	43	34	41	35	38	35	34	34	30	32	27	29	25	25	24	20	24	15	25	11	25	8	25	6	24	5	22	5	19	6	17	8	16	11	16	15	17	20	19	24	20	27	21	29	21	30	20	30	20	
99:
69	0.364	11	14	12	14	14	13	15	11	15	9	16	8	18	8	19	9	20	9	20	8	19	6	19	3	20	0	22	-3	25	-5	28	-6	31	-6	34	-5	36	-3	37	0	37	3	36	7	34	11	32	16	30	20	29	23	29	25	30	26	31	26	31	27	30	27	28	27	25	28	21	28	18	27	16	27	14	28	13	30	13	32	14	33	16	35	19	36	21	38	22	39	22	39	21	39	19	38	16	36	12	33	9	29	6	26	4	23	3	21	3	20	4	18	6	17	7	15	7	13	6	11	4	10	2	10	1	10	1	11	2	13	4	14	7	14	9	13	10	13	11	14	11	14	