0:
79	0.344	28	1	27	1	26	0	24	0	22	0	21	1	21	3	22	4	24	5	27	7	31	9	34	10	38	10	41	9	44	7	46	5	47	4	47	4	46	5	44	6	41	8	37	11	34	15	31	18	29	20	28	23	28	25	29	26	29	26	28	25	26	25	23	25	19	26	14	26	10	26	7	27	5	28	4	28	4	29	5	31	7	33	9	34	12	34	16	34	19	34	21	35	22	36	22	38	21	40	19	43	16	45	13	47	10	48	8	48	7	47	7	45	8	43	10	41	13	40	16	38	20	36	25	35	30	35	36	36	41	37	45	38	48	38	50	37	51	35	51	32	50	28	48	23	45	17	41	12	37	8	34	5	31	3	29	2	28	1	28	1	
1:
71	3.666	33	42	34	41	36	41	38	40	39	39	40	37	40	34	39	31	37	29	35	28	33	26	32	23	32	20	33	17	35	15	36	14	36	13	35	12	33	12	30	13	26	14	23	16	21	18	20	20	20	22	21	23	23	23	25	24	26	25	26	27	25	29	24	31	23	34	21	38	18	41	14	43	9	44	5	44	2	43	0	41	-2	38	-3	34	-3	29	-2	24	0	20	3	17	7	15	12	13	17	12	23	12	28	12	32	11	35	9	37	7	38	4	38	2	38	1	39	1	41	2	42	4	44	6	45	9	46	13	46	18	45	24	44	29	42	33	39	36	36	39	34	41	33	42	33	42	
2:
67	2.218	45	21	46	20	46	18	46	15	47	12	48	9	48	7	47	6	45	6	42	7	38	9	34	10	30	12	25	13	21	15	18	18	15	22	13	26	12	30	12	33	13	35	14	36	16	36	19	35	21	33	24	30	28	28	32	27	36	27	39	27	41	27	42	27	42	28	41	30	39	31	37	32	35	34	34	36	34	39	35	42	35	44	34	45	32	45	29	45	25	46	21	47	16	47	11	46	7	44	3	41	0	37	-2	32	-3	27	-3	23	-2	18	0	14	3	11	7	9	12	8	18	8	24	9	30	10	35	12	39	15	42	18	44	20	45	21	45	21	
3:
70	3.104	16	40	17	40	18	41	18	43	19	45	21	46	24	46	26	45	28	43	30	40	32	37	34	35	36	34	37	34	37	35	36	35	34	34	31	33	27	31	24	28	21	26	19	24	18	23	17	23	16	24	15	25	13	25	11	24	10	22	10	19	11	16	12	13	14	11	16	10	19	10	23	11	27	13	30	14	34	14	38	13	42	11	45	10	47	9	48	7	48	4	47	1	45	-2	42	-5	38	-7	33	-8	27	-8	21	-7	15	-5	10	-2	6	2	1	7	-3	12	-6	18	-8	25	-9	31	-9	36	-8	40	-6	43	-3	45	1	46	6	46	10	45	13	43	15	41	16	40	16	40	
4:
71	5.247	21	43	22	42	24	41	26	41	28	41	29	40	29	38	29	36	29	33	30	31	32	30	34	30	35	30	35	29	34	28	32	28	29	28	26	27	22	27	18	26	15	24	13	21	12	18	10	14	9	11	9	8	10	6	12	5	14	4	15	2	15	0	14	-1	12	-1	9	-1	6	0	3	2	1	5	0	9	0	14	1	19	1	25	1	30	2	34	4	37	5	39	6	40	8	40	10	39	12	37	13	34	13	30	13	25	14	19	16	14	19	10	23	7	28	5	32	4	35	4	37	5	38	7	38	10	37	13	35	17	32	22	28	28	25	33	23	37	22	40	21	42	21	43	21	43	
5:
73	42.549	3	32	2	33	1	35	1	38	1	41	2	43	4	45	7	47	10	48	13	48	17	47	20	45	22	42	23	40	23	39	24	39	26	40	28	41	29	41	29	40	29	38	30	37	32	37	35	38	38	38	40	38	41	37	41	35	41	32	42	30	43	29	45	29	47	30	48	30	48	29	47	27	45	24	42	20	38	17	33	15	29	13	26	12	24	10	23	7	23	5	24	4	26	3	29	3	33	4	36	5	40	6	43	6	45	5	46	3	46	0	45	-4	43	-7	40	-9	36	-10	31	-10	25	-10	18	-9	12	-7	7	-4	3	0	0	5	-2	11	-3	17	-3	22	-2	26	0	29	2	31	3	32	3	32	
6:
68	1.737	11	16	10	17	8	17	6	16	3	15	1	13	0	10	-1	7	-1	4	0	2	2	1	5	1	9	2	12	4	14	7	17	10	21	12	25	13	30	13	34	14	37	16	39	18	40	20	41	21	43	21	45	21	47	20	48	19	48	17	47	16	45	16	42	17	39	19	37	22	34	26	32	31	31	35	31	39	32	42	34	44	36	45	39	45	41	44	42	42	42	39	41	35	39	32	36	30	32	29	27	29	23	30	19	32	15	35	12	39	10	42	9	44	9	45	10	45	12	44	15	42	17	39	18	35	18	31	17	26	16	22	14	19	12	17	11	16	11	16	
7:
62	0.263	12	36	13	37	15	38	18	40	20	42	23	45	26	47	28	48	29	48	29	47	29	45	29	42	30	38	30	34	31	31	32	29	34	28	37	27	39	27	41	26	42	25	42	24	43	24	44	25	45	26	45	26	45	25	44	23	42	20	40	16	37	13	35	11	32	10	28	10	25	11	23	11	21	10	20	8	20	5	19	2	19	0	19	-1	20	-1	20	0	19	2	18	5	17	9	16	13	14	18	11	24	7	30	4	35	2	39	1	42	1	44	1	45	2	45	4	44	6	42	9	39	11	37	12	36	12	36	
8:
70	1.701	47	9	46	8	44	7	42	5	40	4	39	4	38	5	36	7	34	10	33	14	33	18	34	23	36	27	38	31	39	34	39	36	38	37	36	37	33	37	29	38	26	40	24	42	22	45	19	47	16	48	12	48	8	47	5	45	3	42	2	38	2	33	3	29	5	25	6	22	6	20	5	18	4	17	3	17	3	18	4	18	6	17	9	17	11	16	12	16	12	16	11	15	9	13	8	10	8	8	9	6	9	3	9	1	8	0	6	0	4	0	3	1	3	3	4	4	6	4	9	3	13	3	18	3	24	4	30	5	35	5	39	5	42	5	44	6	46	8	47	9	47	9	
9:
72	3.557	22	43	23	43	24	43	25	43	25	42	24	42	22	42	19	43	16	43	14	42	12	42	11	43	11	45	10	46	8	46	6	45	5	43	5	40	6	36	7	31	9	27	11	24	12	22	12	21	11	21	9	21	8	20	7	20	7	19	8	17	8	14	9	10	9	7	8	5	7	4	7	2	8	1	10	1	13	2	15	4	17	7	19	11	20	15	20	18	19	20	18	21	18	21	19	20	20	18	22	15	25	11	29	8	34	6	38	4	41	3	43	3	44	4	46	6	49	9	51	13	52	18	52	24	51	30	49	35	46	39	42	42	37	44	32	45	28	45	25	45	23	44	22	43	22	43	
10:
72	3.276	20	22	21	23	22	24	23	24	24	23	24	22	23	22	22	23	21	25	19	28	18	31	16	33	13	34	11	35	9	37	8	39	8	40	9	42	11	43	14	43	18	43	23	43	28	44	32	46	35	47	38	47	40	46	41	44	41	42	40	39	38	35	36	30	34	25	33	19	33	14	34	10	36	7	39	5	41	4	43	3	44	1	44	-2	43	-5	41	-7	38	-8	34	-8	29	-8	24	-7	20	-5	17	-2	14	2	12	6	11	9	11	11	10	12	8	12	5	11	3	9	0	6	-2	3	-3	1	-3	0	-2	0	0	1	2	3	5	6	9	9	12	13	14	16	17	19	19	21	20	22	20	22	
11:
69	12.191	47	15	46	16	44	18	41	19	37	19	33	18	30	16	28	14	26	12	25	10	24	9	22	9	19	8	17	7	16	5	16	3	16	1	16	0	15	0	13	1	10	3	8	6	6	9	4	11	2	13	1	14	1	16	2	17	4	17	7	16	11	15	14	15	16	15	17	15	18	16	18	18	18	21	18	25	19	28	20	32	21	36	21	39	20	41	18	42	15	42	11	41	8	39	6	37	5	35	4	34	4	34	5	35	7	37	10	40	14	43	19	45	25	46	32	46	38	45	43	44	47	42	50	39	52	35	53	30	53	25	52	21	50	18	48	16	47	15	47	15	
12:
71	2.639	42	21	41	20	39	20	38	20	36	19	35	17	35	14	36	10	36	6	35	3	35	1	36	0	37	-1	39	-1	41	0	43	2	45	4	47	5	48	5	48	4	47	4	45	5	42	7	38	10	33	12	29	13	26	13	24	12	22	10	21	7	21	4	21	2	21	1	22	1	22	2	21	4	19	7	18	11	18	16	18	22	18	27	18	31	17	34	16	36	14	37	12	38	10	38	9	38	9	37	10	35	12	34	15	33	18	33	22	34	26	36	29	39	32	43	35	46	38	48	42	49	46	49	49	48	51	46	52	43	52	39	51	34	49	30	46	27	44	24	43	22	42	21	42	21	
13:
70	8.272	44	23	43	24	41	25	38	26	34	26	30	25	27	25	25	25	24	26	23	28	23	29	24	29	26	28	28	26	29	23	29	19	29	16	28	14	26	13	23	13	20	13	18	12	17	10	16	7	14	5	11	4	8	4	6	5	4	6	3	8	3	11	4	13	6	14	7	16	7	19	6	22	5	25	5	28	6	30	7	31	7	31	6	31	4	32	2	34	1	37	1	40	2	43	4	45	7	46	11	46	14	45	18	43	23	40	29	36	34	31	38	27	41	22	43	17	44	13	44	10	43	8	41	7	39	7	38	8	38	10	39	13	41	17	43	20	44	22	44	23	44	23	
14:
70	0.269	25	14	24	15	22	15	19	15	17	14	16	12	15	9	15	7	15	6	14	6	14	7	13	9	13	10	12	12	10	13	7	13	5	12	4	11	3	9	2	8	0	8	-1	9	-1	11	-1	14	-1	17	-2	20	-2	23	-1	26	1	28	3	29	6	29	9	28	11	28	12	29	12	31	11	33	11	35	11	38	10	40	10	41	11	41	12	40	14	38	17	35	21	33	25	31	29	30	33	30	36	31	38	33	39	34	39	36	38	38	37	39	37	39	38	38	39	36	41	33	42	29	42	24	41	20	41	16	40	13	39	11	37	10	34	10	31	10	28	11	26	13	25	14	25	14	
15:
66	1.481	0	35	1	34	3	33	4	31	4	28	5	26	7	25	10	25	14	26	17	27	19	27	20	26	20	24	21	21	21	18	20	16	18	15	15	15	11	16	7	18	3	21	0	25	-2	29	-3	32	-3	35	-2	37	0	38	3	38	7	37	12	36	16	36	19	37	21	39	22	42	22	45	22	47	23	49	23	50	23	50	23	49	24	47	24	44	25	40	27	36	30	33	34	31	38	30	42	30	45	29	47	28	48	26	48	23	47	19	46	16	44	14	41	13	37	13	32	14	26	16	20	18	15	21	10	25	6	29	3	32	1	34	0	35	0	35	
16:
60	2.389	30	24	31	24	33	24	36	25	40	27	43	28	46	28	48	27	49	27	49	28	48	30	46	33	43	36	39	39	35	41	32	43	29	46	27	48	26	49	24	49	23	48	22	46	21	43	19	39	18	34	18	28	18	23	18	19	19	15	20	12	21	9	23	7	25	6	27	6	28	7	28	8	27	8	26	7	24	5	21	3	17	2	14	2	11	3	9	5	6	8	4	12	3	15	1	17	0	20	0	23	1	27	3	30	6	32	10	33	15	33	20	32	24	30	27	27	29	25	30	24	30	24	
17:
72	0.028	2	21	3	20	5	19	7	17	8	14	10	12	11	11	13	11	16	12	19	13	21	15	22	16	22	16	22	15	21	13	21	10	22	8	23	7	23	7	22	8	20	10	18	13	17	16	16	20	16	25	17	29	18	32	20	34	23	35	26	35	28	34	29	32	29	30	30	29	32	29	33	30	35	32	38	33	42	33	45	32	47	30	48	27	49	23	50	18	50	13	49	9	48	6	48	4	48	3	49	3	49	4	48	6	48	9	48	13	47	18	45	24	42	30	38	35	33	39	28	42	24	44	21	45	19	45	17	44	15	42	14	39	12	35	9	31	6	27	4	24	3	22	2	21	2	21	
18:
71	2.594	47	24	48	25	48	27	47	30	45	32	43	33	40	33	36	34	33	36	31	39	30	41	30	42	31	42	31	41	30	39	28	38	26	36	23	35	19	35	14	36	10	38	7	39	5	39	3	38	2	36	2	33	3	30	5	27	8	25	11	22	14	19	17	17	21	16	24	16	26	17	28	18	29	20	29	22	30	23	32	23	35	22	37	20	38	17	38	13	37	9	35	5	32	2	28	0	23	-1	19	-1	15	-1	12	0	10	2	7	3	4	3	2	2	1	2	1	2	2	3	4	3	7	4	11	4	16	5	22	7	27	9	32	11	37	14	41	18	44	21	46	23	47	24	47	24	
19:
74	0.415	14	6	14	5	13	3	13	2	14	2	15	3	17	5	19	7	20	8	20	8	20	7	21	5	23	3	26	2	30	2	33	3	36	5	38	8	39	11	39	15	38	18	36	21	34	23	32	26	31	29	31	32	32	34	32	35	31	35	29	34	26	32	22	31	17	31	13	32	10	32	8	31	7	31	7	32	7	34	8	37	8	41	7	45	7	48	8	50	9	51	11	51	14	50	18	48	23	45	28	41	34	38	39	36	43	35	46	35	48	36	49	36	50	35	52	33	54	30	55	26	55	21	55	15	54	10	52	6	49	3	45	0	40	-2	35	-3	29	-3	24	-2	20	0	17	3	15	5	14	6	14	6	
20:
80	0.707	11	38	12	37	14	35	16	32	18	30	19	29	19	29	20	30	22	32	25	35	27	38	28	41	29	43	30	44	32	44	33	43	34	41	36	40	39	40	43	41	46	42	48	42	49	41	49	39	48	36	46	32	45	29	43	27	41	25	38	24	36	24	35	25	34	25	34	24	33	22	31	19	28	15	24	12	21	10	19	8	18	6	18	4	19	3	21	3	24	4	28	6	33	7	37	9	41	10	44	10	46	9	47	7	47	5	46	3	44	2	41	2	37	3	32	5	26	8	20	12	15	16	11	20	8	23	6	26	5	28	5	31	6	35	8	39	11	42	15	45	18	47	20	48	21	48	21	48	20	47	19	46	17	44	14	41	12	39	11	38	11	38	
21:
72	1.606	15	35	16	36	17	37	18	37	18	36	17	34	15	32	13	31	12	31	12	32	12	34	11	37	10	39	9	40	7	40	5	39	4	37	3	34	3	30	4	26	6	22	9	19	12	17	15	15	17	14	18	13	18	11	17	9	16	7	16	5	17	2	19	0	22	-1	26	-1	29	-1	33	0	36	2	38	4	39	6	39	9	38	13	36	16	35	18	35	19	36	19	38	18	41	18	44	18	47	19	49	21	51	23	52	26	52	30	51	33	49	35	47	36	45	36	43	36	42	37	42	39	43	40	43	41	42	41	40	41	37	40	33	38	29	37	25	36	21	36	18	36	16	36	15	35	15	35	
22:
71	1.335	49	45	49	44	48	42	47	39	47	37	46	36	44	36	43	37	43	39	42	41	41	42	41	43	40	43	38	42	35	41	32	41	30	42	29	42	29	41	30	39	31	36	33	32	35	29	37	26	39	24	40	21	40	17	39	13	39	10	39	8	38	7	36	7	35	8	33	10	30	13	27	15	24	17	22	18	19	18	16	17	14	15	13	12	13	8	13	5	14	3	14	2	13	2	11	3	9	5	6	8	3	12	1	17	0	22	0	28	1	33	1	37	1	40	2	42	3	43	5	43	8	42	12	40	17	39	22	37	28	36	34	36	39	37	43	39	46	42	48	44	49	45	49	45	
23:
67	10.237	38	1	38	2	37	4	36	7	36	10	37	12	39	13	40	13	41	12	42	12	42	13	41	15	39	18	37	21	34	23	30	24	25	24	21	23	18	21	16	20	15	19	15	18	16	17	16	16	15	16	13	16	10	17	7	19	5	21	4	24	4	26	5	27	7	27	9	28	11	29	12	31	12	34	12	37	12	39	13	40	15	40	18	41	21	43	23	46	24	48	24	49	24	49	24	48	25	46	25	43	25	39	24	34	23	28	23	22	22	15	20	9	19	4	19	0	19	-3	20	-5	22	-6	25	-6	28	-5	32	-4	35	-2	37	0	38	1	38	1	
24:
66	0.432	22	26	23	27	24	29	25	32	27	34	29	35	32	35	34	34	35	33	35	31	36	29	38	27	40	26	42	26	44	27	45	29	45	32	44	35	42	39	39	42	35	44	30	46	24	48	18	49	13	49	9	48	6	46	4	43	3	39	2	35	2	30	3	26	5	22	8	19	11	17	13	16	14	14	14	12	13	11	12	9	10	6	9	4	9	1	10	-1	12	-2	15	-2	19	-1	24	1	30	2	35	2	39	2	43	3	46	5	48	7	49	9	49	11	48	12	46	14	44	17	41	21	37	24	32	26	28	27	25	27	23	27	22	26	22	26	
25:
73	0.399	2	19	2	20	3	22	3	24	4	25	6	26	7	26	8	25	10	23	13	22	15	22	17	22	18	22	18	21	18	20	19	20	21	21	22	23	24	24	27	25	29	25	31	24	32	24	32	25	31	27	30	30	30	34	31	37	33	39	36	40	38	42	39	43	39	45	38	46	36	46	33	45	29	44	25	42	20	41	14	41	9	40	5	40	2	41	0	42	-1	43	-1	44	0	45	2	47	5	48	9	48	14	47	20	45	26	44	32	42	37	39	41	35	44	30	46	25	47	20	47	16	46	12	44	9	41	7	37	5	32	4	26	4	20	5	15	7	11	10	8	13	5	16	3	18	2	19	2	19	
26:
81	2.45	0	35	1	35	3	35	5	34	7	32	9	31	11	31	12	32	14	33	17	33	20	32	23	30	25	29	26	27	26	24	25	22	23	21	22	19	22	16	23	14	24	13	26	13	29	14	33	15	36	17	38	20	39	23	39	26	38	28	38	29	39	29	40	28	42	27	45	26	48	26	50	27	51	28	52	30	52	33	51	37	49	40	47	42	44	43	40	43	35	42	29	40	22	37	16	34	11	32	7	29	4	26	2	22	1	17	1	12	2	8	4	5	7	3	11	1	16	0	22	0	28	-1	34	-1	39	0	43	2	46	3	48	3	49	2	49	1	48	1	46	1	43	2	39	4	34	7	28	11	21	15	15	20	10	25	6	29	3	32	1	34	0	35	0	35	
27:
70	7.327	21	14	21	13	20	11	20	9	20	7	20	6	19	6	18	7	17	8	15	8	13	7	11	6	9	5	6	5	4	6	3	8	3	11	4	15	5	19	7	22	10	25	14	27	19	28	23	30	26	32	28	33	30	33	31	32	32	30	32	27	31	23	31	18	32	14	33	11	33	9	33	8	33	8	34	9	36	11	37	14	39	18	42	23	44	29	45	34	45	38	44	41	44	43	45	44	46	44	47	44	47	44	46	45	44	47	41	48	37	49	32	49	27	50	23	50	20	49	17	48	15	46	13	43	12	39	12	34	13	29	15	24	18	20	20	17	21	15	21	14	21	14	
28:
60	0.14	13	17	12	18	11	20	11	22	10	25	8	28	6	30	4	32	3	33	2	33	2	33	3	32	5	31	8	30	12	30	17	31	21	33	24	35	26	37	27	39	27	42	26	44	24	46	21	47	18	47	16	46	15	44	15	42	16	39	18	37	21	35	25	33	30	31	34	30	37	28	39	25	40	22	40	19	39	15	38	12	37	9	37	7	38	6	40	5	41	3	43	2	44	2	45	2	45	3	44	5	42	8	39	10	35	11	32	12	28	14	23	16	19	17	16	17	14	17	13	17	13	17	
29:
69	6.473	3	37	4	36	6	34	9	33	12	33	15	34	17	36	18	39	18	42	17	45	16	47	16	48	17	48	19	47	21	45	24	44	28	44	31	43	33	43	34	44	34	44	33	43	32	41	32	39	33	38	35	38	38	38	42	38	45	37	47	35	48	33	48	32	47	32	45	32	44	33	43	35	42	37	42	40	43	42	45	43	48	43	50	42	52	40	53	37	53	33	52	28	50	22	48	16	45	11	42	7	38	4	33	2	27	1	21	1	16	2	12	4	9	5	7	5	6	6	5	8	4	11	4	14	4	18	4	23	3	27	2	31	2	34	2	36	3	37	3	37	
30:
65	0.315	13	11	14	11	15	12	17	14	19	15	22	17	24	19	25	20	25	21	24	21	22	22	21	24	20	26	20	28	21	30	23	31	26	31	29	30	33	28	37	25	42	21	46	16	49	10	51	5	52	1	52	-2	51	-4	49	-5	46	-5	43	-4	40	-2	37	1	33	5	28	8	22	10	16	11	11	12	7	13	4	15	2	17	1	19	1	22	2	26	4	31	7	36	11	40	16	43	22	45	28	46	33	46	37	46	40	46	42	45	43	43	43	40	42	36	40	31	37	27	33	24	28	22	23	19	19	16	16	14	14	12	13	11	13	11	
31:
60	0.077	33	30	32	30	30	30	29	30	29	31	30	33	32	34	35	35	39	35	42	35	44	34	46	34	47	35	47	37	46	39	44	42	41	44	37	45	32	45	28	44	25	42	23	41	22	41	21	42	21	44	22	46	23	47	23	47	22	46	20	44	18	41	17	37	16	32	16	28	17	24	18	21	18	19	17	18	15	17	14	16	14	14	15	11	17	8	20	6	24	5	29	5	33	6	36	7	40	9	43	10	45	11	46	12	46	13	45	15	43	17	40	20	37	24	35	27	34	29	33	30	33	30	
32:
63	0.985	28	13	27	12	26	10	24	7	22	5	21	3	21	2	20	1	18	0	15	0	13	1	12	2	12	4	13	7	14	9	15	10	16	10	16	9	15	7	13	6	10	6	8	6	7	7	7	9	7	12	7	16	6	19	4	21	3	22	3	22	4	22	6	23	8	25	10	28	12	31	13	33	15	34	16	35	17	35	18	34	20	32	23	31	25	31	26	32	26	34	25	36	23	39	20	43	16	46	12	48	9	49	7	49	6	48	6	46	7	43	9	39	11	34	14	28	18	23	22	19	25	16	27	14	28	13	28	13	
33:
60	0.914	35	23	34	22	34	21	34	21	33	22	33	24	34	26	36	27	37	27	38	26	40	24	43	22	45	21	47	21	48	20	48	18	47	17	45	15	43	12	41	8	40	5	39	3	37	2	34	2	32	3	29	4	27	5	25	5	24	4	23	2	21	0	18	-1	14	-1	11	0	9	2	6	5	3	9	1	13	0	18	0	24	1	30	3	35	6	39	10	42	14	44	19	45	24	45	28	44	33	42	37	41	40	40	42	40	43	39	43	37	42	34	40	30	38	27	36	25	35	24	35	23	35	23	
34:
60	0.274	11	9	12	10	13	12	13	15	13	18	12	20	10	21	7	22	5	22	4	21	4	20	5	20	6	21	8	22	11	24	14	27	17	31	19	35	21	38	23	40	24	42	24	43	23	45	21	46	20	46	20	45	21	43	22	41	24	38	27	35	31	32	34	29	36	25	37	21	37	17	37	14	37	12	38	11	39	11	41	12	44	14	48	17	51	20	53	24	54	29	54	33	53	36	51	38	49	39	46	39	44	38	41	36	37	33	32	29	26	24	21	19	17	15	14	12	12	10	11	9	11	9	
35:
68	7.871	46	41	46	40	46	38	45	35	45	32	44	30	42	28	40	27	37	27	33	28	29	29	24	29	20	29	17	29	15	30	14	32	14	35	15	38	17	41	19	43	21	44	23	44	25	44	26	44	26	45	25	47	25	48	26	48	28	47	30	45	31	43	31	42	30	42	28	43	25	45	21	46	16	46	12	45	9	43	6	40	4	36	3	33	3	29	4	24	6	18	7	13	7	9	6	6	5	4	5	3	6	3	8	4	11	5	15	7	20	9	25	10	31	12	37	15	42	17	46	19	49	22	51	25	52	28	52	32	51	35	49	38	47	40	46	41	46	41	
36:
62	1.29	5	16	6	15	8	13	10	11	13	10	16	10	20	10	23	11	25	13	26	15	26	18	25	20	25	22	26	23	28	23	30	22	32	20	34	18	35	15	35	11	35	8	36	6	38	5	41	5	43	6	44	8	46	10	47	13	47	17	47	22	46	28	46	33	46	37	46	41	45	44	43	46	40	47	36	47	31	46	26	45	22	43	19	40	17	36	16	32	16	28	17	25	19	23	22	21	25	18	27	14	29	10	30	7	30	5	29	4	27	4	24	5	20	7	15	10	11	13	8	15	6	16	5	16	5	16	
37:
60	1.273	29	26	28	27	27	27	27	26	27	24	26	23	24	23	21	23	18	22	16	20	15	17	14	15	14	14	13	14	12	13	11	11	9	9	8	7	6	6	3	6	1	7	0	9	0	10	1	10	3	9	6	7	10	6	15	4	21	3	26	3	30	4	33	6	37	9	40	13	42	17	43	21	43	25	42	29	41	32	39	36	36	39	33	42	29	44	25	45	20	45	15	45	11	44	8	43	6	41	5	38	5	36	6	33	8	31	11	30	15	30	19	30	23	30	26	29	28	27	29	26	29	26	
38:
63	1.053	10	27	11	27	13	28	15	28	16	27	16	25	16	24	17	23	19	23	21	24	23	25	26	25	30	25	34	25	37	26	39	28	40	30	42	33	44	37	45	41	45	44	44	46	42	47	39	47	35	48	31	48	28	47	26	45	25	42	25	39	26	37	28	34	31	30	35	27	38	23	42	19	45	14	47	10	48	7	48	4	47	2	45	1	42	0	38	0	33	1	27	2	20	4	14	7	9	11	5	16	2	22	0	27	-1	31	-1	34	0	36	1	37	3	37	6	36	8	35	10	33	11	30	11	28	10	27	10	27	
39:
62	1.077	3	37	4	36	6	34	8	31	10	27	11	23	11	19	10	16	8	14	6	12	5	10	5	9	6	8	8	8	11	8	15	8	20	8	25	8	29	9	32	11	34	14	35	16	35	17	35	17	36	16	37	14	39	13	41	11	42	8	42	6	41	4	40	3	40	3	40	4	41	6	43	9	45	13	46	18	46	22	45	25	44	27	42	28	41	28	41	29	42	31	44	34	45	37	45	41	44	44	42	46	39	47	37	47	35	46	32	44	28	41	23	39	18	38	13	38	9	39	6	39	4	38	3	37	3	37	
40:
72	0.866	4	27	4	28	5	28	7	28	9	27	12	25	15	22	17	18	18	14	18	10	19	7	20	4	22	2	25	1	28	1	30	2	31	4	32	7	32	11	31	15	29	19	28	23	28	26	28	28	29	29	31	29	32	29	32	30	31	32	29	33	27	33	26	33	26	32	27	30	29	28	32	27	36	27	40	28	43	30	45	31	47	31	48	30	48	28	47	25	45	21	42	16	38	12	33	9	27	7	20	6	14	6	9	7	5	9	1	11	-2	14	-4	18	-5	23	-5	29	-4	34	-3	38	-1	41	1	43	2	44	2	44	1	43	1	41	2	39	2	36	3	33	3	30	3	28	4	27	4	27	
41:
85	9.258	2	13	3	14	5	16	6	19	8	22	9	25	9	28	8	31	8	33	9	35	10	36	12	36	14	36	15	36	15	37	14	37	12	37	9	38	6	40	4	43	3	46	3	49	4	52	6	54	9	55	12	55	16	54	21	52	26	49	30	45	33	41	35	38	36	36	36	35	35	35	33	35	31	34	30	32	30	29	31	26	31	24	30	23	28	22	25	21	22	20	19	18	17	15	16	12	16	9	17	7	18	6	20	6	23	7	25	9	28	12	32	15	35	17	39	18	42	18	44	17	45	15	45	13	46	12	47	12	48	13	49	15	49	18	48	22	47	27	45	32	43	36	42	39	40	41	37	42	33	42	28	41	22	39	16	36	11	32	7	27	4	23	2	19	1	16	1	14	2	13	2	13	
42:
72	3.36	41	40	41	41	40	43	38	45	36	46	33	47	29	47	24	46	20	44	17	41	15	38	13	36	12	34	12	33	13	33	15	33	18	34	22	34	26	33	29	31	31	28	33	26	34	23	36	20	39	16	43	13	46	11	48	9	49	8	49	8	48	9	46	10	43	12	40	15	36	17	31	18	25	18	20	17	16	15	13	12	11	9	8	6	6	4	3	3	1	3	0	4	0	6	1	9	2	13	2	18	3	23	4	27	5	32	5	37	4	41	3	44	3	46	2	47	1	47	1	48	2	50	4	51	7	52	11	53	16	53	22	52	27	50	31	47	35	44	38	42	40	41	41	40	41	40	
43:
57	5.888	41	13	42	12	42	11	41	10	40	10	39	11	39	13	40	14	42	14	45	13	47	12	48	10	48	8	47	6	45	3	42	1	38	0	33	0	29	0	26	1	24	3	23	6	22	10	22	14	23	19	23	23	23	26	22	29	20	31	18	32	16	33	13	34	9	34	6	34	3	34	1	35	0	37	0	39	1	42	3	44	6	47	10	49	15	50	21	50	27	49	33	47	38	46	42	44	45	41	47	37	48	32	48	27	47	23	45	19	43	16	42	14	41	13	41	13	
44:
60	1.408	36	36	36	35	35	33	33	32	30	32	28	33	27	33	27	34	27	34	27	33	26	32	24	32	23	33	23	35	22	37	20	38	18	40	17	42	17	43	16	43	14	42	11	40	9	39	8	39	7	40	6	42	6	45	6	47	5	48	4	48	2	47	0	45	-2	43	-3	40	-3	36	-2	31	0	27	3	24	6	22	8	21	9	21	9	22	8	22	6	21	4	19	3	16	3	13	3	11	4	10	5	10	7	11	9	12	12	14	16	17	21	21	26	26	30	30	33	33	35	35	36	36	36	36	
45:
56	1.223	4	25	4	24	5	22	5	20	4	18	2	17	1	17	1	18	2	19	4	21	6	24	7	28	8	32	8	37	7	41	7	44	8	46	10	47	13	48	16	48	18	47	20	47	23	47	27	46	31	44	35	41	38	38	40	34	41	29	41	25	41	22	40	20	38	19	35	19	32	20	30	20	28	19	26	17	24	14	23	10	23	6	24	3	24	1	23	-1	21	-2	18	-2	15	-1	13	1	10	4	8	8	7	13	5	17	4	20	3	22	3	24	4	25	4	25	
46:
64	8.052	46	38	45	37	43	37	41	38	40	39	40	40	41	42	43	44	44	45	44	46	43	47	41	47	38	46	34	44	29	43	24	42	19	41	15	39	11	36	7	32	4	27	2	22	1	18	1	15	2	13	4	12	7	12	11	11	15	9	19	8	22	8	24	7	25	7	25	8	25	10	25	12	26	13	28	15	31	16	33	18	35	20	36	21	37	21	38	20	38	18	37	15	37	11	37	7	38	4	39	2	40	1	42	1	43	2	43	4	44	7	46	10	48	14	49	18	49	23	48	28	46	32	45	35	45	37	46	38	46	38	
47:
79	3.834	32	1	31	2	29	3	26	3	22	2	18	1	15	0	12	0	10	1	9	3	9	6	9	10	10	14	10	17	9	19	7	20	4	20	2	19	1	19	1	18	2	18	4	18	7	19	11	21	15	24	19	26	23	27	26	29	28	31	29	34	29	38	29	41	29	43	30	44	32	44	35	43	38	41	40	38	41	34	41	31	40	29	40	28	41	28	43	29	46	31	48	34	49	36	49	38	48	39	46	39	45	40	45	42	46	45	47	47	47	48	46	48	44	47	41	45	37	43	32	41	26	38	20	36	15	35	11	35	8	35	6	36	4	37	3	37	3	36	4	34	6	31	9	27	13	22	17	16	22	11	26	7	29	4	31	2	32	1	32	1	
48:
74	5.94	9	19	8	20	7	22	7	23	8	24	10	24	13	23	16	21	19	20	21	20	22	19	22	17	23	14	24	12	26	10	27	8	28	7	30	7	31	6	31	5	32	5	32	6	33	8	33	9	32	9	30	8	27	6	23	5	18	5	14	5	10	6	7	7	5	8	3	8	2	7	1	5	1	3	0	2	-2	2	-3	3	-3	5	-3	8	-2	12	0	17	1	23	1	28	0	32	0	36	1	39	3	41	6	42	10	42	15	42	21	41	28	39	34	37	39	35	43	34	46	34	48	35	49	37	49	39	48	40	46	40	43	39	39	37	34	35	28	33	23	30	19	26	15	23	12	21	10	20	9	19	9	19	
49:
71	2.194	22	33	23	34	23	36	24	39	24	42	23	45	21	48	19	50	16	51	14	51	13	50	13	49	13	49	14	50	16	51	19	52	23	52	27	51	31	49	34	46	36	42	38	38	39	35	39	33	40	32	42	32	45	33	47	34	48	34	48	33	48	31	49	28	49	24	48	21	47	19	47	17	47	16	46	16	44	17	41	17	38	16	34	14	29	12	25	10	22	9	20	9	19	10	19	12	20	13	20	13	19	14	17	16	14	17	10	19	7	20	4	20	2	19	1	17	1	14	1	12	1	11	2	11	3	12	5	14	8	17	12	21	16	25	19	28	21	30	22	32	22	33	22	33	
50:
79	6.096	46	33	47	32	48	30	48	28	48	27	47	26	45	26	42	26	40	25	39	23	39	20	39	16	40	13	42	11	44	10	45	9	45	7	44	4	42	1	39	-1	35	-3	30	-4	26	-5	23	-5	20	-4	18	-2	17	1	17	5	18	9	20	12	23	14	25	17	26	20	26	22	25	23	23	24	21	26	20	27	20	28	21	29	23	31	25	33	26	36	26	38	25	39	23	39	20	38	16	36	12	33	9	30	7	27	6	25	6	24	7	24	9	25	11	27	12	30	14	34	17	37	21	40	26	42	32	43	37	43	41	42	45	41	48	41	50	42	51	44	51	46	50	48	48	49	45	49	43	48	42	46	42	43	42	39	43	36	45	34	46	33	46	33	
51:
77	7.559	30	7	31	8	33	9	35	11	38	14	41	16	43	17	45	18	46	18	46	17	45	17	43	18	40	20	36	23	33	26	29	28	26	29	23	29	21	28	20	26	20	24	20	22	20	21	19	21	17	22	16	24	15	27	14	31	14	35	15	38	16	41	16	43	15	44	13	44	10	43	7	43	5	44	4	45	4	46	5	46	7	45	10	43	13	40	16	38	20	37	25	36	30	36	35	37	39	39	43	41	47	43	50	44	52	44	53	43	53	41	52	39	50	36	47	33	43	29	39	25	34	20	28	15	23	11	19	8	16	6	13	5	11	5	10	5	10	6	11	8	13	10	16	11	20	11	24	11	27	10	29	8	30	7	30	7	
52:
76	0.869	20	12	19	13	17	15	15	16	12	16	8	16	5	16	3	17	2	19	2	22	2	25	3	27	5	29	8	30	11	30	14	29	16	29	17	30	17	32	16	35	14	37	11	38	9	40	8	41	7	41	7	40	8	38	10	35	13	32	17	30	22	28	26	26	30	24	33	23	35	21	36	19	36	16	35	14	33	12	30	11	28	9	27	7	27	4	28	2	30	1	33	0	36	-1	38	-1	41	0	43	2	46	4	48	7	49	11	49	14	48	16	46	18	43	19	39	19	34	18	28	16	21	15	15	13	10	10	6	7	3	5	1	4	0	3	0	1	1	0	3	0	6	1	10	3	14	6	17	9	19	11	20	12	20	12	
53:
71	0.346	1	2	2	2	4	2	7	1	11	1	15	0	19	0	22	0	24	1	25	3	25	5	25	8	26	11	28	15	30	18	33	20	36	22	38	25	39	27	40	28	41	28	43	27	45	25	46	22	47	18	47	15	46	13	44	12	43	12	41	13	40	15	40	18	41	22	43	27	44	31	44	34	43	36	41	37	38	38	34	38	30	37	27	35	25	32	23	28	20	23	16	19	13	16	11	14	10	13	10	13	11	14	11	16	12	19	12	23	12	28	11	32	9	35	6	37	4	38	2	38	1	37	-1	35	-4	32	-6	28	-7	23	-7	17	-6	12	-4	8	-2	5	0	3	1	2	1	2	
54:
61	1.605	2	16	1	16	0	17	0	18	1	20	3	22	5	24	8	26	12	28	15	31	17	34	18	37	18	40	17	42	15	43	13	44	11	44	10	44	10	45	11	47	13	48	16	48	20	47	24	45	28	43	31	42	33	42	36	43	38	44	41	44	44	43	46	41	47	38	48	34	48	29	48	25	47	21	45	17	44	13	44	9	45	6	47	4	49	3	50	3	50	4	49	6	47	9	44	11	40	12	35	12	29	12	22	11	16	10	11	9	7	9	4	9	2	10	1	12	1	14	1	15	2	16	2	16	
55:
81	0.41	36	2	35	1	33	1	32	2	32	3	33	3	35	3	38	2	41	2	45	2	48	3	50	5	51	8	51	12	50	15	48	17	45	19	41	20	37	22	34	23	30	23	27	22	25	20	24	17	24	13	23	9	21	6	19	4	18	3	17	3	15	4	14	6	13	7	12	7	10	6	8	4	7	1	5	-1	3	-2	2	-2	1	-1	-1	1	-2	4	-2	8	-1	13	1	19	4	26	7	32	9	37	10	41	10	44	11	46	12	47	14	47	17	46	21	44	26	41	32	39	38	38	43	38	47	39	50	41	52	44	53	46	53	47	52	49	50	50	48	50	46	49	43	47	39	44	35	40	32	35	30	29	29	23	29	17	30	12	31	8	33	5	35	3	36	2	36	2	
56:
78	0.856	4	32	5	31	7	30	10	29	12	27	13	25	13	22	12	20	10	17	8	13	6	9	5	6	5	3	6	1	8	0	11	0	13	1	16	3	20	5	24	8	28	10	33	12	38	13	42	14	45	14	47	13	48	11	48	9	47	8	45	8	42	9	39	11	35	14	32	18	30	22	28	27	27	32	27	36	28	39	29	41	29	43	29	46	28	48	26	49	23	49	20	48	16	46	12	43	9	41	6	40	4	40	3	41	3	43	4	46	6	48	9	51	13	53	17	54	21	54	26	53	31	51	35	48	38	46	40	44	41	42	41	41	40	40	38	40	36	39	33	37	29	34	24	31	19	29	14	28	10	28	7	29	5	31	4	32	4	32	
57:
71	4.93	39	42	38	43	36	43	34	43	31	43	29	44	28	44	28	43	28	41	27	38	25	34	23	30	22	27	22	25	21	23	19	22	16	22	12	23	9	23	6	22	4	20	3	17	3	14	4	11	6	7	8	4	11	2	15	1	19	1	22	2	24	4	25	6	26	9	28	12	31	14	35	15	38	15	40	16	41	18	41	21	40	23	38	25	37	26	37	27	38	27	38	27	37	28	35	30	33	33	30	37	26	40	21	42	15	43	10	44	6	44	3	43	1	41	0	38	0	36	1	35	3	35	6	36	10	38	15	41	21	43	26	45	30	46	33	46	36	45	38	43	39	42	39	42	
58:
64	0.787	49	22	48	22	46	21	44	19	42	16	41	12	41	8	41	5	41	3	40	2	38	2	35	2	33	3	32	3	32	4	31	6	29	9	26	13	22	18	19	23	17	27	16	31	16	34	17	36	17	38	18	39	20	39	22	39	25	38	29	36	32	33	34	31	35	30	35	30	34	31	32	32	29	34	25	36	20	38	16	39	11	39	7	39	4	38	2	36	1	34	1	31	2	27	2	22	1	17	0	12	0	8	1	5	3	3	6	2	10	2	15	3	21	5	28	8	34	12	39	16	43	19	46	21	48	22	49	22	49	22	
59:
77	0.2	26	1	25	2	23	2	20	3	18	5	17	8	16	11	15	13	15	15	16	16	18	16	21	15	24	13	26	11	29	10	32	10	34	11	35	13	35	16	34	20	32	25	31	29	31	32	30	36	29	39	27	41	25	42	23	42	20	41	17	39	15	37	13	35	11	34	8	34	5	35	3	37	2	39	2	41	2	42	2	42	2	41	2	39	1	36	1	32	1	27	1	21	2	16	4	11	7	6	11	2	16	-1	22	-3	28	-4	34	-4	39	-3	43	-1	46	2	48	6	49	11	49	17	48	22	48	26	47	29	46	31	45	32	43	32	40	31	38	29	37	26	36	22	35	18	35	15	34	11	32	7	29	4	27	2	26	1	26	1	
60:
65	7.423	26	21	25	21	24	22	22	23	19	23	17	22	16	22	16	21	17	19	19	17	22	15	25	13	28	10	30	6	31	3	31	1	30	0	28	-1	25	-1	22	-1	19	0	17	2	15	4	14	5	13	5	12	4	10	4	7	5	4	7	2	10	1	14	0	19	0	25	1	30	1	34	1	37	2	39	4	40	7	40	11	39	16	37	21	36	27	36	32	37	37	37	41	37	44	37	46	38	47	40	47	41	46	41	46	40	46	38	45	35	45	31	46	26	46	22	45	19	43	17	40	16	36	16	32	17	29	18	27	20	26	21	26	21	
61:
81	23.351	48	40	47	41	45	41	42	41	40	40	39	38	39	35	39	32	39	29	38	27	36	26	35	25	35	23	36	21	38	20	41	20	43	19	45	17	46	16	46	15	45	15	43	14	42	12	42	9	42	5	41	2	39	0	36	-1	32	-1	27	0	21	2	16	5	12	8	9	11	7	13	6	15	6	18	7	22	7	25	6	27	5	28	3	29	1	29	0	28	0	28	1	27	3	25	6	24	8	24	11	25	13	27	15	30	18	34	22	37	25	39	27	40	28	40	28	41	27	43	25	46	22	48	18	49	13	49	9	50	6	50	4	49	3	47	3	45	4	44	6	44	9	44	12	43	16	41	21	38	27	36	33	35	38	35	42	36	45	37	47	39	48	40	48	40	
62:
72	1.017	28	11	27	12	26	14	25	15	25	16	26	17	28	19	30	21	31	24	31	26	30	29	28	31	26	33	24	36	23	39	23	42	24	44	26	45	29	45	33	46	36	47	38	47	39	46	39	44	38	41	37	37	37	34	38	32	40	31	42	31	43	32	45	33	47	33	48	32	48	30	49	27	50	23	50	18	49	14	47	11	46	7	45	4	43	2	40	1	36	1	31	2	25	4	19	7	13	10	8	12	4	14	1	17	-1	21	-2	26	-2	32	-1	37	1	41	4	44	8	46	11	47	15	47	20	46	24	44	28	41	31	37	33	32	34	26	34	21	33	17	31	14	29	12	28	11	28	11	
63:
66	0.5	16	20	17	21	18	21	20	20	22	19	24	17	25	16	26	16	26	17	26	19	25	22	23	26	22	29	20	31	18	32	17	33	17	34	18	35	20	37	23	40	25	43	26	46	26	48	25	49	23	49	20	49	17	48	13	46	10	43	6	39	3	36	1	34	0	33	0	33	1	34	3	36	6	39	9	43	12	47	15	50	19	52	24	53	30	53	36	52	41	50	45	47	48	43	50	38	51	33	51	27	50	21	48	15	45	10	43	6	42	3	41	1	41	0	40	0	38	1	35	3	31	6	26	10	22	14	19	17	17	19	16	20	16	20	
64:
80	2.899	48	14	49	15	49	17	49	19	48	21	46	22	45	22	45	21	44	19	42	16	40	12	37	9	33	7	30	6	27	6	25	7	24	9	23	12	23	16	22	19	20	21	17	22	15	23	12	23	10	22	8	21	5	21	3	22	2	24	2	27	3	29	5	32	8	35	12	37	16	38	19	38	21	37	22	35	24	32	26	30	28	29	30	29	31	30	31	32	32	34	34	35	37	35	41	34	45	32	48	31	50	31	51	32	51	34	50	37	48	41	45	45	41	49	36	53	30	56	24	58	18	59	13	59	9	58	6	56	4	53	3	49	3	46	4	44	6	43	9	43	13	42	18	40	24	37	30	33	35	29	39	24	42	20	45	17	47	15	48	14	48	14	
65:
72	8.288	45	22	46	21	48	20	49	20	50	21	51	23	51	26	50	28	48	30	45	31	41	33	36	34	30	36	25	39	21	41	18	42	14	42	11	41	9	39	8	36	8	34	9	33	11	33	13	32	15	30	16	29	16	28	15	28	13	29	10	29	6	28	3	26	1	23	0	20	0	17	1	13	3	9	6	6	10	4	13	3	17	3	20	4	22	6	24	8	25	9	26	9	27	8	27	7	27	7	28	8	29	10	30	12	32	14	35	15	38	15	42	14	46	12	49	9	51	5	52	2	52	0	51	-1	49	-1	46	0	44	2	43	5	43	9	44	13	45	16	46	19	46	21	45	22	45	22	
66:
74	0.151	28	37	27	36	26	35	26	34	27	34	29	35	30	37	30	39	30	40	29	40	27	39	24	37	21	34	18	31	15	27	13	23	12	20	10	18	8	17	5	17	3	18	2	20	2	23	2	26	2	30	1	33	0	35	0	36	1	36	3	35	6	33	9	30	11	26	12	22	13	17	13	13	12	10	10	8	9	7	9	7	10	8	12	10	15	13	19	16	24	18	30	19	35	20	39	20	42	19	44	17	45	14	45	10	46	7	47	5	48	4	50	4	53	5	57	7	60	10	62	14	63	19	64	25	64	30	63	34	61	38	58	41	54	43	49	44	43	44	38	43	34	42	31	40	29	38	28	37	28	37	
67:
65	12.843	43	14	44	13	46	11	48	8	49	5	49	3	48	2	46	1	43	1	39	2	34	2	28	2	23	1	19	1	16	2	14	4	13	7	13	10	14	13	15	17	17	20	19	22	20	23	20	23	19	22	17	22	14	22	10	23	6	25	3	28	1	32	0	35	0	37	0	38	1	39	3	40	4	41	5	43	6	46	6	48	7	49	9	49	11	48	12	46	14	43	15	40	17	37	19	35	21	34	24	34	27	35	29	37	31	39	33	40	36	40	38	39	39	38	40	36	40	33	41	29	41	24	41	20	41	17	42	15	43	14	43	14	
68:
61	0.076	4	8	5	8	7	9	9	11	10	13	11	15	12	16	14	16	17	15	20	15	22	16	23	18	23	21	22	24	20	26	19	27	18	29	18	32	19	35	19	38	18	40	17	41	15	41	12	40	9	38	7	35	6	32	5	29	5	27	6	26	8	26	11	27	15	28	20	30	26	33	31	35	35	36	38	36	40	36	42	35	43	33	43	31	42	28	40	24	39	19	39	13	40	8	41	4	41	1	40	-1	38	-2	35	-2	31	-1	27	0	22	1	18	1	14	2	10	3	7	5	5	7	4	8	4	8	
69:
68	2.084	20	29	19	30	17	30	15	29	13	27	12	25	12	24	13	24	13	25	12	27	10	30	8	32	5	33	3	34	2	34	2	34	3	35	5	35	8	36	11	38	13	40	15	42	16	44	18	45	21	45	25	44	29	42	33	39	36	35	38	31	39	28	39	25	38	22	36	20	33	18	31	16	30	13	29	9	29	6	29	4	28	3	26	3	23	4	21	6	20	8	19	9	19	9	20	9	22	10	25	11	29	13	34	16	39	20	43	25	46	30	48	35	49	39	49	42	48	44	46	45	43	45	39	44	34	42	30	39	26	35	23	32	21	30	20	29	20	29	
70:
60	10.711	11	5	10	5	10	4	11	4	13	4	15	5	18	7	20	9	21	12	21	14	20	15	18	16	15	18	12	21	10	25	9	30	9	35	9	39	8	42	6	44	3	45	1	45	0	45	0	45	1	46	3	47	6	47	10	46	15	45	19	45	23	46	27	46	31	46	34	45	36	43	38	40	40	38	43	37	45	35	46	32	46	29	45	26	43	24	40	23	37	23	35	24	34	24	34	23	35	21	36	18	36	14	35	11	33	8	30	6	26	5	21	5	17	6	14	6	12	6	11	5	11	5	
71:
63	0.351	19	36	20	35	22	33	24	32	26	32	27	33	27	35	26	38	25	40	25	43	25	45	26	46	28	46	30	45	33	43	37	42	40	41	42	39	43	37	43	35	42	32	40	30	37	29	33	27	29	24	25	22	22	21	20	21	19	20	19	19	20	18	22	17	24	16	26	16	27	15	27	14	26	12	24	10	21	7	18	4	16	2	13	1	9	1	6	2	4	4	3	7	3	11	4	15	6	20	7	26	7	32	6	37	6	41	6	44	5	46	5	47	6	47	8	46	10	44	13	41	16	39	18	37	19	36	19	36	
72:
70	2.412	42	12	41	12	40	12	38	13	37	15	37	17	38	18	40	18	43	18	45	18	47	17	48	15	48	12	47	8	46	5	45	3	43	2	40	2	36	3	33	5	31	8	28	10	25	11	23	11	21	10	20	10	19	11	17	13	14	16	10	18	7	19	5	19	4	18	4	18	5	19	7	21	9	23	10	25	10	28	9	30	8	31	8	32	9	33	11	34	14	35	16	35	17	34	18	32	18	29	17	27	17	26	16	26	15	27	14	29	12	32	9	36	7	39	6	41	6	42	7	42	9	41	12	39	16	36	21	32	27	27	32	22	36	18	39	15	41	13	42	12	42	12	
73:
77	4.517	16	35	15	36	13	38	12	39	12	39	13	39	15	38	16	36	16	33	15	29	13	26	12	23	12	20	13	17	15	15	16	14	17	14	17	13	16	11	14	10	13	9	13	7	14	6	15	6	17	5	18	5	18	6	17	6	15	7	12	9	8	11	5	14	3	18	2	23	2	29	3	34	5	38	8	41	12	43	17	44	22	44	26	43	29	41	31	38	32	34	33	30	33	27	34	25	36	23	39	22	41	22	43	22	44	21	44	19	43	16	42	13	42	10	43	8	45	7	48	7	52	8	55	10	57	13	58	17	58	22	57	28	55	33	52	37	48	40	43	42	37	43	31	43	26	42	22	40	19	38	17	36	16	35	16	35	
74:
63	0.401	21	40	22	39	24	39	27	38	30	36	32	33	33	31	33	28	32	25	31	23	31	22	32	22	34	23	37	24	41	26	44	29	46	31	47	33	47	34	46	35	44	35	41	34	39	32	36	29	33	25	31	20	30	14	30	9	31	5	33	2	34	0	34	-1	33	-1	31	0	28	2	24	4	21	5	19	5	18	4	18	3	17	2	15	2	12	3	9	5	6	8	4	12	3	16	3	21	4	27	4	32	4	36	5	39	6	43	6	46	5	48	5	49	6	49	8	49	11	48	15	46	18	43	20	41	21	40	21	40	
75:
70	5.097	4	10	5	10	7	11	9	11	12	10	15	8	17	5	18	3	20	2	21	2	21	3	21	5	21	7	22	9	24	10	27	10	29	9	30	8	31	8	31	9	30	11	29	14	29	16	30	17	32	17	34	17	37	18	39	20	40	23	41	25	42	26	44	26	45	25	46	23	47	20	47	17	46	15	44	14	41	14	37	15	34	17	32	20	31	24	31	28	32	31	34	34	36	38	37	41	37	43	36	46	34	49	31	51	28	53	24	54	19	54	15	53	12	51	10	49	9	46	9	42	8	39	6	37	3	34	1	30	0	25	0	20	0	16	1	13	3	11	4	10	4	10	
76:
67	6.29	19	35	18	35	16	35	14	34	12	33	10	32	9	31	8	31	7	32	6	34	6	37	5	40	4	42	3	43	3	43	2	42	2	40	3	37	5	33	8	30	11	28	15	26	18	25	21	25	23	26	24	28	24	31	25	35	27	39	29	42	32	44	36	45	39	45	41	44	42	42	42	39	41	35	39	31	38	28	36	25	35	23	35	22	36	21	38	20	41	19	45	19	48	18	50	16	51	15	51	14	50	14	48	13	45	11	43	10	42	8	42	7	41	7	39	8	37	10	34	13	31	17	28	22	26	26	23	29	21	32	20	34	19	35	19	35	
77:
59	0.842	8	10	9	11	10	11	12	10	14	8	16	6	19	4	21	2	22	1	24	1	25	2	25	4	26	6	28	9	31	11	34	12	37	12	40	12	42	13	43	14	43	16	42	19	41	23	41	28	42	32	43	35	45	37	46	38	46	39	45	41	43	42	40	42	36	42	31	43	27	45	24	46	21	46	19	46	17	45	16	43	16	40	17	37	19	33	20	29	20	26	20	24	19	23	17	23	14	24	11	25	8	26	5	26	3	25	2	23	2	20	3	16	5	13	7	11	8	10	8	10	
78:
74	4.393	15	33	16	34	18	36	20	37	21	37	21	36	20	34	19	31	18	28	16	26	13	25	9	25	6	25	4	26	3	27	3	28	4	28	6	27	9	25	11	22	12	19	12	17	11	15	9	13	6	10	3	7	1	4	0	2	0	1	1	-1	3	-2	6	-2	10	-1	14	0	18	1	21	1	23	1	24	2	24	4	23	6	23	7	24	7	26	8	28	10	31	12	35	13	38	13	40	12	42	10	43	7	43	5	44	4	45	4	45	5	44	7	43	10	43	14	43	19	44	25	46	31	47	36	47	40	47	43	46	46	44	48	41	49	37	49	34	48	30	46	25	43	21	39	18	36	16	34	15	33	15	33	
79:
67	0.52	23	9	22	10	20	12	19	14	18	15	18	15	19	14	21	12	24	9	27	5	30	2	34	0	37	-1	40	-1	42	0	43	2	43	5	42	8	40	11	39	14	39	16	40	17	42	18	44	20	45	21	45	22	44	23	42	23	39	24	36	25	33	27	31	30	30	33	30	36	31	38	32	39	34	39	37	39	40	38	43	37	45	37	46	38	46	40	45	43	43	46	40	49	36	51	31	52	25	52	18	51	12	49	7	48	3	46	0	43	-2	39	-3	34	-3	28	-2	22	0	17	2	13	5	10	9	8	13	7	17	7	20	8	22	9	23	9	23	9	
80:
79	0.304	29	23	30	22	32	22	35	22	37	23	39	25	40	28	40	32	40	35	40	37	41	38	43	38	45	39	46	41	46	43	45	45	44	46	42	46	39	45	36	45	32	44	27	44	21	44	16	45	12	45	9	44	7	42	6	39	6	37	7	34	9	31	12	28	15	25	17	23	18	20	18	16	17	13	16	11	15	10	15	8	16	7	18	7	21	8	23	8	25	8	26	7	26	5	25	3	23	1	21	0	18	-1	14	-1	10	0	7	2	5	5	4	9	4	14	5	20	7	25	10	29	14	32	19	34	25	35	31	35	36	34	40	32	43	29	46	25	48	21	49	18	49	16	48	15	46	15	43	16	39	18	35	20	32	22	30	23	29	23	29	23	
81:
67	0.266	46	19	47	18	47	16	47	13	46	10	44	8	41	7	38	7	35	7	33	8	32	10	32	13	31	17	31	22	31	28	32	34	33	39	33	43	33	46	32	48	30	49	27	49	23	48	18	47	13	46	9	46	6	46	4	46	3	47	3	47	4	46	6	44	7	41	7	37	7	34	6	32	4	31	2	31	1	30	1	28	2	25	4	21	6	18	9	16	11	14	12	13	12	13	11	13	9	13	6	12	3	10	1	9	0	7	0	5	1	2	3	0	6	-1	10	-1	15	0	21	2	27	5	32	9	36	13	40	16	43	18	45	19	46	19	46	19	
82:
79	4.483	18	31	18	30	18	28	17	27	15	27	13	28	12	30	12	32	13	35	13	37	12	38	11	39	11	41	12	43	14	44	17	44	20	44	24	43	28	41	33	38	37	34	40	29	42	23	43	18	45	14	46	11	46	9	45	6	43	4	42	3	42	3	43	3	45	3	47	3	48	2	48	1	47	0	46	0	44	-1	41	-1	37	0	34	2	32	5	31	9	31	12	31	14	30	16	28	17	25	17	21	16	16	14	12	11	9	7	7	3	6	0	6	-2	6	-3	7	-3	9	-2	12	0	14	3	17	7	21	12	26	18	31	25	35	31	38	36	40	40	41	43	41	45	40	46	38	46	35	45	31	43	27	40	24	37	21	34	19	32	18	31	18	31	
83:
68	0.248	44	2	43	3	41	3	39	3	36	2	33	0	30	-1	27	-1	25	0	23	2	22	4	22	6	23	8	24	11	25	15	25	20	24	24	22	28	20	31	19	33	17	35	15	36	12	36	10	35	8	33	6	31	4	28	2	24	1	21	1	19	2	18	4	18	7	18	10	18	12	19	15	21	18	24	20	28	21	32	22	35	24	37	26	38	29	38	31	37	32	35	34	34	37	34	39	35	40	37	40	40	40	42	39	45	37	47	35	48	33	48	31	47	30	45	30	42	31	38	33	33	36	28	40	23	43	17	45	12	46	8	46	5	45	3	44	2	44	2	
84:
56	0.942	32	16	33	17	34	19	35	22	35	26	36	30	37	33	38	36	38	39	39	41	41	42	44	42	46	41	47	41	47	41	46	41	44	42	41	42	37	41	33	39	29	38	25	36	22	34	18	33	15	33	12	34	10	34	9	33	8	31	6	30	4	30	3	31	2	33	2	34	3	35	5	35	7	34	9	32	10	29	10	25	9	20	7	16	5	12	4	9	4	7	5	6	7	6	10	5	13	5	15	6	18	7	22	8	26	10	29	13	31	15	32	16	32	16	
85:
67	0.311	20	43	19	43	17	43	16	43	15	44	15	45	16	47	18	48	21	48	25	47	29	45	32	42	34	40	35	39	35	38	34	36	32	34	29	33	27	32	25	32	24	31	24	29	25	28	27	28	30	27	34	25	37	24	39	24	40	25	42	25	44	24	46	22	47	19	47	16	46	14	44	13	41	13	37	12	32	10	27	9	23	9	20	9	18	8	17	7	17	6	18	5	20	5	22	4	23	2	23	-1	22	-3	20	-4	17	-4	13	-3	10	-1	8	2	6	4	5	7	5	11	5	16	6	22	8	28	11	33	14	37	17	40	19	42	20	43	20	43	
86:
79	0.572	13	39	13	38	13	36	14	33	15	30	16	28	16	27	17	27	18	27	18	28	17	28	15	29	12	29	9	28	7	26	6	24	5	23	4	23	3	24	3	25	3	27	3	28	3	28	3	27	4	25	5	22	7	19	10	17	14	16	18	16	22	17	25	19	28	22	32	25	36	27	39	30	41	34	42	38	42	41	41	43	39	44	36	44	33	43	29	41	26	39	24	38	23	38	22	39	22	41	23	43	25	44	28	44	31	43	35	41	38	38	40	34	41	29	42	23	42	17	41	12	39	8	36	5	32	2	27	0	21	-1	15	-1	10	-1	6	0	3	2	1	5	0	9	0	13	1	18	2	24	4	29	7	33	10	36	12	38	13	39	13	39	
87:
63	0.157	20	30	19	31	17	32	14	33	11	33	9	34	8	35	8	37	9	40	9	43	9	46	8	48	8	49	8	49	9	48	11	46	13	44	14	43	16	42	18	42	19	43	19	45	20	46	21	48	23	49	26	49	30	48	34	46	38	44	41	42	43	39	44	35	44	30	44	25	44	20	44	15	44	11	43	8	41	6	38	5	36	5	35	6	33	8	32	10	31	11	29	11	26	10	22	8	19	5	16	3	14	1	11	0	9	0	8	1	7	3	7	6	8	10	9	15	11	20	14	24	17	27	19	29	20	30	20	30	
88:
70	10.205	38	3	37	4	36	4	36	3	37	1	39	0	42	0	44	1	45	3	45	6	44	8	42	9	39	10	37	12	36	14	36	17	37	19	38	20	40	21	42	22	43	24	43	26	42	27	40	28	39	30	38	33	38	36	37	39	35	41	32	42	28	43	25	44	22	44	19	43	17	43	16	44	16	46	15	48	14	49	12	49	9	49	7	48	6	46	6	43	7	40	9	38	12	37	16	35	19	33	21	30	22	27	22	23	21	18	19	14	18	11	16	9	13	8	11	8	10	9	10	11	11	13	13	14	16	15	20	15	25	14	29	12	32	9	35	6	37	4	38	3	38	3	
89:
79	5.126	24	15	23	15	21	14	19	12	16	9	14	7	13	4	13	2	14	1	16	1	19	2	22	4	24	7	25	11	25	16	25	20	24	23	22	25	19	26	16	27	14	29	13	31	13	34	14	36	16	39	18	41	20	43	21	45	21	47	20	48	18	48	15	47	12	47	10	47	9	48	9	50	10	51	12	51	15	50	19	48	24	45	29	43	33	40	38	38	43	36	47	35	50	35	52	34	53	32	53	30	52	29	50	29	48	30	47	32	47	35	47	38	46	41	44	45	41	48	37	50	32	51	26	51	20	50	14	48	9	45	5	41	2	36	0	30	-1	24	-1	19	0	15	2	12	5	10	9	9	14	9	18	10	21	12	23	14	24	15	24	15	
90:
74	9.858	35	5	34	6	33	8	33	11	34	13	35	14	37	14	39	13	42	12	44	12	45	13	45	15	44	17	42	20	39	23	35	25	31	26	27	26	24	25	22	23	21	21	20	20	20	19	19	19	18	20	18	22	17	23	15	23	13	23	12	24	11	26	11	29	12	32	14	34	17	35	19	36	21	38	22	41	23	44	25	46	28	47	32	47	37	46	41	44	45	42	48	41	50	40	51	38	51	35	50	31	48	26	45	22	41	17	36	12	30	8	24	5	18	3	13	2	9	2	6	3	4	5	3	8	3	12	4	15	6	17	9	18	13	18	18	17	23	16	27	14	30	11	32	8	34	6	35	5	35	5	
91:
74	42.964	46	47	46	46	45	44	45	41	45	38	45	36	44	35	42	34	41	34	40	35	38	37	35	40	33	42	32	43	32	43	32	42	31	40	29	37	27	35	24	34	22	34	21	35	21	35	22	34	24	32	27	29	29	25	30	22	32	20	33	19	33	17	32	16	30	16	27	16	23	16	18	17	14	17	11	16	8	14	6	13	5	12	5	10	6	9	7	7	7	4	6	2	6	1	5	0	3	0	2	1	2	3	3	6	4	10	4	15	3	21	3	27	2	32	2	36	1	39	0	41	0	44	1	46	3	47	6	48	10	48	15	49	21	50	26	50	31	49	36	47	40	46	43	46	45	46	46	47	46	47	
92:
71	1.582	43	35	42	35	40	35	37	36	33	38	30	39	28	41	27	43	27	46	28	48	29	49	29	49	28	48	26	46	23	45	19	43	15	41	12	40	10	38	9	35	9	33	10	32	12	32	15	32	18	31	21	30	23	30	24	30	24	29	23	27	21	25	19	24	17	24	16	24	16	23	17	21	19	20	22	19	25	19	27	20	28	20	28	19	27	17	25	15	22	12	20	10	19	8	19	5	19	2	18	0	16	-1	13	-1	11	0	8	2	6	4	4	5	2	5	1	4	1	4	2	5	4	7	7	10	11	12	16	15	22	18	28	21	33	25	37	29	40	32	42	34	43	35	43	35	
93:
60	3.687	39	12	38	13	38	15	39	16	41	17	43	18	44	20	44	23	43	26	41	29	38	31	34	32	30	32	26	31	23	29	21	27	19	25	17	24	15	24	14	25	13	27	13	30	14	33	16	35	17	37	19	38	22	38	26	38	29	38	31	39	32	41	32	43	31	44	29	44	26	44	22	44	17	44	12	43	8	42	5	40	2	37	0	34	-1	30	-1	25	0	20	0	16	1	13	1	11	2	10	4	10	6	10	9	9	13	7	18	6	24	6	29	7	33	9	36	11	38	12	39	12	39	12	
94:
69	15.182	43	12	44	13	46	15	47	16	47	16	47	15	46	13	45	10	44	6	42	3	41	1	39	0	36	0	34	1	33	3	32	6	30	9	27	12	23	14	20	15	18	15	16	14	13	13	10	11	8	9	7	8	6	8	5	9	4	11	4	14	5	18	5	21	5	24	5	26	6	27	8	27	11	26	14	26	17	27	20	29	22	31	23	33	24	36	24	40	23	43	21	45	18	46	14	47	11	47	9	47	8	47	8	46	9	44	11	41	14	38	18	36	23	35	28	33	32	31	37	30	41	30	44	29	46	27	47	24	47	20	46	17	44	15	43	13	43	12	43	12	
95:
82	65.704	29	49	28	50	26	50	23	49	19	47	16	44	14	42	13	40	13	37	14	35	14	34	13	34	11	35	8	36	5	38	3	41	2	44	2	46	3	47	5	47	7	46	8	44	8	41	7	37	5	33	4	29	4	26	5	24	7	23	10	23	13	24	15	24	17	24	18	23	18	21	18	20	19	20	21	21	22	22	24	22	27	21	30	20	32	19	33	19	33	20	33	21	34	21	34	20	33	18	33	15	34	11	36	7	39	4	43	2	46	1	48	1	49	2	49	2	48	2	46	2	43	3	39	5	34	7	29	8	23	8	18	7	13	5	9	4	6	4	4	5	3	7	3	10	4	14	6	19	9	25	13	31	18	36	22	40	25	43	27	46	28	48	29	49	29	49	
96:
69	0.536	34	18	33	18	32	19	31	21	31	24	32	26	34	27	37	27	41	27	44	28	46	28	47	27	47	25	47	22	46	18	44	14	41	11	37	8	32	5	26	3	20	2	14	0	9	-1	5	-1	2	0	0	2	-2	5	-3	9	-3	14	-2	19	0	25	3	30	7	34	11	37	14	39	16	41	17	43	17	44	17	44	18	43	20	41	21	39	22	38	24	38	26	39	27	41	28	43	28	45	28	46	27	46	27	45	28	43	30	41	33	39	37	38	40	38	44	39	47	41	49	42	50	42	50	41	50	39	49	36	47	32	44	28	40	24	37	21	35	19	34	18	34	18	
97:
73	0.39	1	26	2	26	4	25	6	23	9	20	11	18	12	15	12	13	13	12	15	12	17	12	19	11	20	9	20	6	19	4	17	2	14	1	11	0	8	0	6	1	5	3	5	6	6	10	8	15	10	20	13	24	17	27	20	29	22	30	24	30	25	29	26	27	26	26	25	26	25	27	26	29	27	32	29	34	32	37	34	41	37	44	40	46	44	47	47	47	49	46	50	44	50	41	50	37	49	32	47	28	44	25	40	22	37	20	34	19	32	19	30	20	29	22	27	25	24	29	21	33	19	37	18	40	18	42	17	43	15	43	12	42	10	41	8	39	7	36	6	32	4	29	2	27	1	26	1	26	
98:
77	8.292	35	2	36	2	38	1	40	1	41	2	41	4	41	7	41	11	42	15	44	19	47	23	49	26	50	28	50	30	49	31	47	32	45	34	42	35	38	35	35	35	33	36	32	37	32	39	33	40	35	40	38	40	41	41	43	43	44	46	44	48	43	51	41	53	38	54	34	54	30	53	27	51	24	48	22	44	21	39	21	35	22	32	24	30	26	28	27	26	27	25	26	25	24	25	21	24	17	22	14	19	11	15	8	12	6	10	4	9	3	9	3	10	3	12	4	15	5	19	6	23	6	28	5	32	5	35	5	37	5	38	6	38	8	37	9	35	11	32	13	28	16	23	20	17	25	12	29	8	32	5	34	3	35	2	35	2	
99:
78	2.941	24	31	24	32	24	34	24	36	24	38	23	39	21	39	18	38	16	38	15	39	15	41	16	44	18	46	21	47	25	47	28	46	30	44	31	42	31	40	30	39	28	39	25	40	21	42	16	44	11	45	7	45	4	44	2	42	1	39	1	35	1	30	1	25	2	21	4	18	5	16	5	15	4	14	4	12	5	9	7	7	10	6	13	6	16	7	18	7	19	6	19	5	18	5	18	6	18	8	19	10	21	12	24	13	28	13	31	12	33	10	34	7	34	4	33	1	31	-1	28	-2	25	-2	21	-2	16	-3	11	-4	7	-4	4	-3	2	-1	1	2	1	6	2	10	4	13	7	16	11	20	14	23	18	25	21	28	23	30	24	31	24	31	