0:
102	3.322	41	57	42	56	44	54	45	52	45	51	44	50	42	50	39	50	35	49	32	47	30	44	28	40	27	36	27	32	28	29	30	27	33	26	37	26	42	26	48	25	55	24	62	24	68	25	73	27	77	30	80	33	82	36	83	38	85	39	87	39	90	38	92	36	93	33	93	31	92	30	90	30	87	31	83	33	79	36	76	40	73	45	71	51	70	57	70	62	71	66	73	69	76	71	80	72	85	73	91	75	96	76	100	76	104	75	107	73	110	70	112	68	113	67	113	67	112	68	110	70	107	73	103	76	98	80	92	85	85	91	77	98	68	104	60	109	52	113	45	116	39	118	34	119	29	119	25	118	22	116	20	113	18	109	17	104	17	98	18	91	18	83	17	74	15	65	13	57	10	50	6	44	3	39	1	35	0	32	0	30	1	29	3	29	6	30	10	32	15	35	21	39	26	44	31	48	35	51	38	54	40	56	41	57	41	57	
1:
114	776.91	118	34	117	34	115	35	112	37	108	39	105	42	103	46	102	49	102	53	103	56	105	58	107	60	110	61	112	61	113	60	113	58	112	57	110	56	107	56	103	57	98	59	92	62	85	64	79	67	74	70	70	72	67	75	65	77	64	78	64	78	65	77	67	77	70	77	74	78	79	80	84	83	88	85	91	88	93	91	94	95	94	98	93	100	93	101	94	101	96	100	99	98	103	95	107	91	110	86	112	80	113	73	113	66	112	60	110	55	107	50	103	46	99	43	94	41	88	40	81	40	73	41	64	41	56	40	49	39	43	39	38	40	34	41	31	43	28	46	26	50	25	55	24	61	23	68	21	74	20	81	18	88	16	94	15	99	15	103	16	106	16	109	15	111	14	112	12	112	9	111	5	109	1	106	-2	102	-4	97	-5	91	-5	84	-4	76	-3	67	-2	59	0	52	3	45	7	39	12	34	18	30	25	27	33	25	42	24	52	24	63	25	73	26	82	27	90	28	97	29	103	30	108	30	112	31	115	32	117	33	118	34	118	34	
2:
120	122.195	96	62	97	63	98	65	99	68	100	72	100	77	99	81	98	84	96	87	93	89	89	90	84	90	79	89	75	87	70	84	64	81	59	78	55	76	52	73	49	71	47	70	46	70	46	71	47	72	49	72	52	71	56	69	61	66	66	62	70	59	73	57	75	54	76	52	76	51	75	51	73	52	70	54	66	57	62	59	57	60	51	62	44	65	36	69	29	74	23	80	18	85	14	90	11	94	9	97	8	99	8	100	9	100	11	99	14	97	17	94	19	90	20	85	20	79	19	73	18	67	16	61	13	56	9	52	6	49	3	47	1	46	0	44	0	42	1	41	3	41	6	42	8	42	9	41	9	39	8	36	8	32	9	28	11	23	14	19	18	14	22	10	25	6	28	3	30	1	31	0	33	0	36	1	40	3	44	6	49	10	55	15	62	21	70	28	79	36	87	45	94	55	100	65	105	74	109	82	112	89	114	95	115	100	115	104	114	107	112	109	111	110	110	110	110	109	111	107	113	104	114	100	114	95	113	89	111	83	109	77	106	72	102	68	99	65	97	63	96	62	96	62	
3:
127	77.113	92	9	93	10	95	12	98	15	101	19	103	24	104	30	104	36	103	43	101	49	98	55	94	62	89	69	83	77	78	85	73	92	69	98	66	103	64	107	63	110	62	112	60	113	57	113	55	112	52	110	48	108	44	105	41	102	38	98	35	94	33	90	32	86	32	83	33	81	34	79	36	76	39	74	42	72	44	69	45	66	45	63	44	61	42	60	39	60	35	60	30	61	26	62	21	62	17	61	14	60	11	58	9	55	8	51	8	46	9	40	11	34	14	28	17	22	20	17	24	12	29	8	33	5	36	3	38	2	39	2	39	2	38	3	36	5	33	8	29	12	24	17	18	23	13	30	9	38	6	47	4	56	3	64	3	71	4	77	6	83	9	88	13	92	18	95	24	98	31	100	39	101	48	101	57	100	65	98	72	96	78	95	83	95	87	96	90	98	92	101	93	104	93	108	92	113	92	118	93	122	95	125	98	128	101	130	105	131	109	131	112	130	114	128	115	125	115	121	114	116	112	110	109	103	107	95	104	86	102	76	101	67	101	59	102	52	102	44	102	37	101	30	99	24	96	19	94	15	93	12	93	10	92	9	92	9	
4:
107	110.944	85	87	84	88	82	90	79	92	77	93	76	93	76	92	77	90	79	87	82	83	86	80	91	76	95	72	98	69	101	67	104	66	107	65	109	64	110	64	110	63	109	61	107	58	104	55	100	51	95	48	90	45	86	43	83	42	81	42	80	43	80	45	80	48	79	52	77	56	74	59	70	62	65	64	60	65	56	65	53	64	51	63	49	62	48	62	48	63	49	65	51	68	52	72	54	77	55	82	55	88	54	93	52	97	49	100	46	102	43	103	39	103	34	102	28	100	23	97	19	93	15	88	10	83	6	79	3	74	1	68	0	62	0	55	1	47	3	40	6	34	10	29	13	24	15	20	16	17	16	15	15	14	13	14	10	13	8	11	7	9	7	6	8	2	10	-3	13	-7	17	-10	22	-12	28	-13	35	-13	43	-12	52	-10	60	-7	67	-3	74	2	80	8	85	15	89	23	92	32	94	42	96	51	97	59	97	66	96	72	94	77	91	81	88	84	86	86	85	87	85	87	
5:
106	20.246	32	100	33	99	34	97	35	94	35	90	34	85	32	80	29	74	27	68	25	63	24	59	24	56	25	54	27	53	30	53	34	53	39	52	45	52	52	51	58	50	63	50	67	50	70	51	72	53	75	54	79	54	82	53	84	51	85	48	85	44	84	41	82	39	79	38	75	36	72	33	68	29	63	26	58	24	52	23	45	23	38	24	32	25	27	26	22	26	18	25	15	23	13	20	12	16	12	11	13	7	15	4	18	2	20	1	21	1	21	2	21	4	20	7	18	11	15	16	11	22	8	29	6	37	5	45	5	53	6	60	8	66	11	71	15	75	20	78	26	80	33	81	41	81	48	80	56	78	64	76	71	73	77	69	82	65	86	62	89	60	91	59	93	59	96	60	100	62	104	65	107	69	109	74	110	80	110	87	109	94	107	100	104	105	100	109	95	112	89	114	83	116	76	117	68	117	60	116	53	115	47	113	42	110	38	106	35	103	33	101	32	100	32	100	
6:
106	194.667	97	3	98	4	100	6	103	9	107	13	111	18	115	24	118	31	120	39	121	48	121	58	120	67	118	75	115	82	111	88	108	93	106	97	105	100	105	102	106	103	106	103	105	102	103	100	100	97	96	95	91	93	85	92	78	92	72	93	67	95	63	98	60	101	58	105	57	109	57	112	58	114	58	115	57	115	55	115	52	114	48	112	44	109	41	105	39	100	38	95	38	89	38	82	39	74	40	67	40	61	40	56	40	52	41	49	43	47	46	46	49	46	51	47	52	47	52	46	51	44	50	42	48	39	45	35	41	32	38	30	36	28	35	27	35	26	36	26	38	25	41	23	45	21	48	19	51	18	53	16	54	15	54	13	53	10	51	7	48	5	44	4	39	4	33	5	28	7	24	10	21	13	19	16	18	18	18	21	19	25	21	29	24	32	28	34	33	35	39	35	46	34	54	32	62	30	69	27	76	23	82	18	87	13	91	9	94	6	96	4	97	3	97	3	
7:
113	57.544	51	58	50	57	48	55	45	52	41	48	37	45	34	42	31	40	29	39	28	39	28	40	29	42	29	45	28	49	27	52	25	54	22	55	18	55	13	54	9	53	6	52	4	52	3	53	3	55	4	58	6	62	9	67	13	73	18	79	22	84	26	88	30	91	34	93	38	94	41	94	43	94	44	94	44	95	43	97	41	100	39	104	38	108	37	111	37	113	38	114	40	114	43	114	47	114	51	113	54	111	56	108	57	104	58	99	59	94	61	90	64	87	68	85	73	84	78	84	84	85	90	85	95	84	99	84	102	84	104	84	105	85	105	87	104	90	103	93	103	95	104	96	106	96	109	95	112	93	114	90	115	86	116	81	116	76	115	71	113	67	110	64	107	62	103	61	98	61	92	62	85	64	77	67	68	71	58	76	48	82	39	88	31	93	24	97	18	100	13	103	9	105	6	106	4	107	3	107	3	106	4	105	6	103	9	100	13	96	18	91	24	85	30	79	36	73	41	68	45	64	48	61	50	59	51	58	51	58	
8:
99	112.793	34	115	35	116	37	116	40	115	43	113	47	110	50	107	52	103	53	98	54	92	54	85	53	79	51	72	48	66	46	61	45	57	45	54	46	51	48	49	50	47	52	45	53	42	53	38	53	34	53	31	52	28	50	26	47	25	44	25	41	26	39	26	38	25	38	23	39	20	39	16	38	11	36	7	33	3	29	0	25	-2	22	-3	20	-3	19	-2	19	-1	20	1	22	4	25	8	29	13	34	19	40	25	47	30	55	34	64	37	73	39	81	40	88	40	94	39	99	37	104	35	108	32	111	28	113	23	114	17	114	12	113	8	112	5	111	3	109	2	106	2	104	3	103	5	103	8	104	12	106	17	108	23	110	30	113	38	115	47	117	56	118	66	118	76	117	85	115	93	112	100	109	106	105	112	100	117	94	121	87	124	79	126	70	127	62	127	55	127	49	126	44	124	40	121	37	118	35	116	34	115	34	115	
9:
134	287.969	115	28	114	29	112	30	109	32	106	35	102	37	97	38	91	38	86	38	82	37	79	35	77	32	76	28	76	23	77	18	79	13	82	9	85	6	89	4	93	3	96	3	98	4	99	6	99	8	98	11	96	15	93	19	89	22	84	26	78	31	71	37	63	43	56	48	50	52	45	57	41	62	36	66	30	69	25	71	21	72	18	72	16	71	15	69	15	66	16	64	18	62	21	61	25	61	30	62	36	63	43	65	50	68	56	72	61	77	65	81	68	85	71	89	73	94	74	98	74	101	73	103	71	104	69	105	66	105	62	106	57	107	51	107	44	106	36	106	28	107	21	109	15	111	10	114	4	116	-2	117	-9	117	-15	116	-22	114	-28	111	-33	107	-37	102	-40	96	-42	89	-43	81	-43	72	-42	63	-40	54	-37	46	-33	39	-30	33	-26	28	-21	24	-15	21	-8	19	0	18	9	18	19	19	30	21	41	24	51	28	61	33	70	39	79	46	87	54	94	63	100	73	105	82	109	90	112	97	114	103	115	108	115	112	114	115	112	117	109	118	107	118	106	117	106	115	107	112	109	108	112	103	116	97	120	90	123	82	125	73	126	64	126	56	126	49	125	43	123	38	120	34	118	31	116	29	115	28	115	28	
10:
124	619.477	98	7	98	6	98	4	97	2	95	1	92	1	88	2	83	2	77	2	70	1	63	0	57	0	52	1	48	3	45	6	43	10	42	15	42	21	43	26	45	30	48	33	51	36	55	38	60	39	66	39	73	38	81	36	88	33	94	29	99	24	103	20	106	17	108	15	110	14	113	14	117	15	120	17	122	20	123	24	123	29	122	35	122	42	121	50	119	59	118	69	118	78	118	86	117	93	115	99	112	104	108	108	103	111	97	113	90	114	84	114	79	113	75	112	72	110	70	107	69	103	69	98	68	94	68	90	67	87	67	85	68	84	70	84	71	85	71	87	71	90	70	94	68	99	65	103	61	106	56	108	50	109	43	109	35	109	28	108	22	106	17	103	13	99	10	95	8	92	7	89	7	85	8	82	10	80	13	79	17	77	20	75	23	73	25	70	26	66	26	61	25	55	23	49	20	43	16	38	12	34	8	30	5	27	3	24	2	20	2	16	3	13	5	10	8	7	12	5	17	4	23	3	29	3	36	4	44	6	53	8	62	9	70	10	77	10	83	9	88	8	92	8	95	8	97	8	98	7	98	7	
11:
110	8.666	90	97	89	97	87	96	84	94	80	91	75	87	69	83	63	80	58	77	53	75	49	74	46	74	43	75	41	77	40	80	40	84	41	88	43	91	45	93	46	95	46	97	45	98	43	100	40	101	37	103	33	105	28	107	23	108	17	108	12	108	8	107	5	106	3	104	2	101	2	97	3	93	5	88	8	82	12	76	17	71	21	67	24	64	26	61	27	57	27	53	26	48	25	44	25	41	25	39	26	38	28	38	31	39	35	40	39	40	43	39	46	37	48	34	50	31	52	28	55	26	59	25	64	25	70	26	77	26	83	25	89	25	94	25	98	26	101	27	103	27	104	26	104	24	103	23	101	23	98	23	94	22	89	20	83	18	76	16	68	15	59	15	49	15	40	14	32	13	25	13	19	14	14	16	10	19	7	23	5	27	4	32	4	38	5	43	7	47	10	50	14	53	19	57	25	61	32	64	40	66	47	69	55	72	62	76	69	79	75	83	80	87	84	91	87	94	89	96	90	97	90	97	
12:
107	1.589	103	70	103	69	102	67	100	64	98	60	96	55	94	51	91	48	87	46	83	44	79	43	76	43	74	44	73	45	73	45	74	44	75	42	75	39	74	35	73	30	72	25	70	20	67	16	63	13	58	11	52	10	47	10	42	11	38	13	34	16	31	20	29	25	26	31	22	38	17	45	13	53	10	62	8	70	7	77	7	83	8	89	10	94	12	99	15	104	18	108	22	111	25	113	27	114	28	114	30	113	32	111	35	108	37	104	38	99	38	94	39	89	41	85	42	82	44	80	46	79	48	79	51	80	55	82	60	85	66	89	71	94	75	99	80	103	85	106	91	108	98	109	104	109	109	108	114	106	118	103	121	99	123	94	124	88	124	81	123	73	121	64	118	54	114	45	111	37	109	30	106	24	104	19	103	15	103	12	104	10	106	9	109	9	112	10	114	12	115	15	115	19	114	24	112	29	109	35	105	42	102	49	100	55	99	60	99	64	100	67	102	69	103	70	103	70	
13:
98	6.014	31	90	31	89	32	87	32	84	33	80	35	76	36	73	38	70	39	68	39	67	38	67	36	68	33	69	29	71	24	72	18	72	12	71	7	69	3	66	0	62	-2	57	-3	51	-3	45	-2	40	0	36	3	33	7	31	11	30	16	30	22	31	28	33	33	34	37	34	40	33	42	31	45	28	48	24	52	20	57	17	63	14	68	12	72	11	76	11	80	12	83	14	85	17	87	21	88	26	88	32	88	37	88	41	87	44	85	47	82	49	78	50	75	51	73	51	71	50	70	48	70	46	71	43	73	39	76	36	80	34	85	33	91	33	97	34	104	36	110	39	115	43	119	48	122	54	124	61	125	69	125	78	124	86	122	93	120	99	117	104	113	108	109	111	104	113	98	115	91	116	83	117	74	117	66	118	59	118	52	117	46	115	41	112	37	109	34	105	32	100	31	96	31	93	31	91	31	90	31	90	
14:
105	24.499	11	57	11	58	11	60	10	63	8	67	7	71	5	76	3	81	1	86	0	90	0	93	1	95	3	96	6	96	9	95	11	93	12	90	13	86	15	82	17	79	20	77	23	76	27	76	30	77	32	79	33	82	33	86	32	91	30	97	29	102	29	107	28	111	26	114	25	116	25	117	26	117	28	116	30	114	33	111	37	108	42	104	46	99	49	93	51	86	52	80	52	73	51	67	49	62	48	58	48	54	49	51	51	49	52	48	52	48	51	49	49	50	46	50	42	49	37	47	32	44	28	40	25	35	23	29	22	22	22	15	23	9	25	4	28	0	32	-3	37	-5	43	-6	49	-6	54	-5	58	-3	61	0	63	3	64	7	64	12	65	16	67	21	70	27	74	34	79	41	83	47	86	53	88	58	89	62	89	65	88	67	86	69	83	71	79	74	74	76	68	77	62	77	55	77	47	77	39	76	32	74	26	71	21	67	17	63	14	60	12	58	11	57	11	57	
15:
127	823.788	113	23	112	23	110	22	108	21	105	20	101	20	96	21	92	23	89	26	87	30	86	35	86	41	87	47	87	52	87	57	88	61	90	64	93	66	97	67	101	67	104	66	106	64	107	61	107	58	108	56	110	55	113	55	115	56	116	58	116	61	115	65	113	69	111	74	110	80	108	85	105	90	101	94	96	97	92	99	89	100	87	102	85	105	84	107	84	108	84	108	84	107	85	105	85	102	84	98	82	94	80	90	77	87	73	85	70	84	66	84	63	85	61	87	59	89	57	92	54	96	50	99	47	101	44	102	40	102	36	101	32	99	27	96	22	92	18	88	15	85	13	83	12	82	10	82	7	83	4	85	2	87	1	89	0	91	0	92	1	92	3	91	5	89	8	86	11	82	15	77	20	71	26	65	31	59	35	54	38	50	40	46	41	43	41	39	40	35	38	32	35	29	31	27	26	26	20	26	15	26	10	25	6	25	3	26	1	28	0	31	0	33	1	34	3	34	6	33	10	31	15	29	21	28	28	28	36	29	45	31	54	32	63	34	71	35	78	35	85	34	92	32	98	29	103	26	107	24	110	23	112	23	113	23	113	23	
16:
127	168.084	69	7	70	8	71	10	72	13	74	17	77	21	81	26	84	30	87	35	89	39	90	44	90	48	89	51	87	53	84	56	81	59	79	63	78	67	78	70	79	72	81	73	84	73	88	72	93	70	97	67	102	65	106	62	109	58	111	53	112	48	112	42	113	37	114	33	114	30	114	28	113	27	111	27	108	28	104	30	101	33	98	37	96	42	95	48	95	55	96	63	98	72	101	81	105	89	108	96	110	102	111	108	111	113	110	117	108	120	105	122	101	123	96	123	90	124	83	124	75	123	66	121	57	119	49	118	42	118	35	119	29	119	24	118	20	117	17	115	15	112	14	108	14	103	15	97	17	90	19	83	22	77	24	72	25	68	25	65	24	63	22	60	19	57	16	53	12	48	8	42	5	36	3	30	2	23	2	17	2	12	3	8	5	5	7	3	10	2	14	2	17	3	20	5	23	8	27	12	32	17	38	23	43	29	47	35	50	42	52	49	53	55	53	60	52	64	50	67	48	69	46	70	43	70	40	69	38	67	37	64	37	60	38	55	40	49	42	42	45	35	49	28	54	22	59	17	63	13	66	10	68	8	69	7	69	7	
17:
122	9.359	82	103	83	104	83	106	84	108	85	109	85	109	86	108	88	106	91	103	95	99	100	96	104	94	109	91	113	89	116	88	118	88	119	88	119	87	118	86	116	84	113	81	109	78	104	74	99	71	95	68	92	66	90	64	89	62	89	61	90	60	91	58	91	55	90	51	89	46	87	40	85	35	84	31	84	28	85	26	85	25	85	25	84	26	82	28	79	29	75	31	70	32	65	32	59	32	53	31	46	29	40	28	35	28	31	28	28	29	26	31	25	34	25	38	24	43	22	49	19	55	15	60	10	64	6	67	3	69	1	71	0	73	0	75	1	76	3	78	6	80	10	81	15	81	21	80	28	78	35	75	43	71	52	66	60	62	69	57	77	51	84	44	90	37	95	31	99	26	102	22	104	19	105	17	105	16	104	16	102	16	99	17	95	17	91	16	86	14	80	11	73	7	65	4	56	0	48	-3	41	-5	35	-6	30	-6	26	-5	23	-3	21	0	20	4	20	9	21	15	23	22	26	30	30	39	35	48	41	58	47	67	54	75	61	82	67	88	72	93	76	97	79	100	81	102	82	103	82	103	
18:
99	13.806	37	41	38	41	40	41	42	42	45	44	48	47	50	50	53	53	55	55	57	56	60	56	62	55	64	53	65	52	67	51	70	51	74	52	79	54	85	56	91	58	97	59	103	59	108	58	112	56	115	53	117	49	118	44	118	40	117	36	115	31	112	27	108	22	103	18	97	15	90	13	82	11	73	9	64	8	55	8	47	9	40	9	34	10	29	12	25	14	22	15	20	15	18	14	17	12	17	9	18	7	19	5	19	4	19	4	18	5	16	7	14	10	13	14	13	19	14	25	16	32	17	38	19	43	22	47	26	50	31	53	36	57	40	62	43	68	46	75	50	83	53	90	55	97	56	103	57	108	57	112	56	115	54	117	51	119	47	121	42	122	36	122	30	121	25	119	20	116	16	113	13	109	11	104	10	98	10	92	11	85	13	77	15	69	18	62	22	56	27	51	31	47	34	44	36	42	37	41	37	41	
19:
98	14.391	66	27	65	27	63	28	62	30	62	33	63	36	65	39	68	42	70	46	71	51	71	56	71	61	72	65	74	68	77	70	80	71	84	71	89	70	94	68	99	65	103	61	107	58	110	55	112	51	113	47	113	42	112	37	110	31	107	26	103	22	98	19	92	17	85	16	77	16	69	16	62	15	56	13	51	12	46	12	42	13	39	15	37	17	36	20	36	24	36	29	37	35	37	41	36	48	34	54	31	59	27	63	24	66	22	68	21	71	20	74	20	77	21	81	23	84	26	86	30	87	35	87	39	87	42	86	44	84	45	83	45	83	44	84	42	86	41	89	41	92	42	95	44	97	47	100	51	104	56	108	61	111	67	113	74	115	81	116	87	116	92	115	96	113	99	110	101	106	102	101	102	95	101	88	99	80	96	71	92	63	87	55	81	48	76	42	72	37	69	33	67	30	66	28	66	27	66	27	
20:
114	36.525	3	95	4	94	5	92	7	90	10	89	14	89	19	89	25	90	32	91	39	91	46	90	52	88	58	86	63	85	67	85	70	86	72	88	73	91	73	95	72	99	70	104	67	109	63	113	58	116	53	118	48	119	44	119	41	118	39	118	38	119	38	121	39	124	41	127	44	129	48	132	53	134	59	135	66	135	74	134	82	132	89	130	95	127	100	123	105	118	109	112	112	105	114	97	115	89	115	82	114	76	112	71	109	67	105	64	100	62	94	61	87	61	81	60	75	58	69	55	62	53	54	52	47	51	41	51	36	52	32	53	29	53	27	52	26	50	26	47	27	43	27	39	27	34	28	28	30	21	33	15	36	10	40	6	44	3	47	1	49	0	52	0	56	1	61	3	65	6	68	9	70	11	72	12	75	12	78	11	80	9	81	6	81	3	80	1	78	0	76	0	75	1	75	3	75	6	74	10	72	15	69	21	65	28	60	36	54	45	47	54	39	62	31	69	24	75	18	80	13	85	9	89	6	92	4	94	3	95	3	95	
21:
113	17.309	31	106	30	107	28	109	25	111	21	113	16	114	11	114	7	113	4	111	1	108	-1	104	-2	100	-2	95	-1	90	1	84	4	79	8	75	13	72	19	70	26	69	32	69	37	70	41	72	46	75	51	79	55	83	60	86	65	88	70	89	74	90	78	90	82	89	85	87	89	84	93	80	97	75	100	71	104	68	108	66	111	64	113	62	115	59	116	55	116	51	115	46	113	40	111	33	108	26	104	20	99	15	94	11	89	8	84	6	80	5	75	5	70	6	64	8	57	10	51	13	46	17	41	20	35	22	30	23	26	25	23	28	21	32	20	37	20	41	21	44	23	46	24	47	24	47	23	46	21	44	18	42	14	39	9	35	5	30	2	25	0	21	-1	18	-1	16	0	15	2	15	5	16	9	18	14	21	20	25	27	30	35	36	44	43	52	51	59	59	65	68	70	76	74	85	77	93	79	100	80	106	80	111	79	115	77	118	74	120	70	121	65	122	59	122	52	121	46	119	41	116	37	112	34	109	32	107	31	106	31	106	
22:
123	33.882	40	64	41	63	43	61	46	59	50	57	54	56	59	56	64	55	69	53	73	50	76	46	78	41	79	37	79	34	78	32	76	31	73	31	70	32	66	34	61	36	55	37	50	37	46	36	43	35	41	33	40	30	40	27	41	25	41	24	40	24	40	25	40	27	39	30	38	34	37	39	35	44	32	48	28	51	24	53	21	54	18	54	16	54	15	55	15	57	16	60	17	63	19	67	21	72	24	76	28	80	33	85	38	89	44	92	50	94	55	95	59	95	62	94	64	92	65	89	66	85	68	80	71	75	74	71	77	67	81	64	86	62	90	61	94	61	97	62	99	64	100	67	100	71	99	76	98	82	98	89	99	97	99	105	98	112	96	118	93	123	89	127	84	130	78	132	71	133	63	133	55	132	48	130	41	127	35	123	30	118	26	112	23	105	21	97	20	88	20	78	21	68	23	59	26	51	30	43	35	35	40	28	46	22	53	17	60	13	66	10	71	8	75	7	78	7	80	8	81	9	81	11	80	14	78	18	75	23	71	29	66	36	60	43	55	49	50	54	46	58	43	61	41	63	40	64	40	64	
23:
103	49.226	18	29	19	30	21	32	22	34	22	36	21	38	19	39	16	39	12	39	9	38	6	37	4	36	3	36	3	37	4	39	6	42	9	45	12	49	14	54	15	59	15	64	15	68	15	72	16	75	18	77	21	78	25	78	30	77	35	77	39	77	42	78	44	80	45	82	45	85	44	88	42	91	39	95	35	99	30	104	24	109	19	113	15	116	11	118	8	119	6	119	5	118	5	117	6	115	8	112	11	108	15	103	20	97	26	90	33	84	40	77	48	70	57	63	65	55	72	48	79	42	85	37	90	33	95	30	99	28	102	27	104	27	107	28	110	30	113	33	115	37	116	41	116	44	116	46	116	47	115	47	115	46	116	44	116	41	115	37	113	32	110	26	106	20	101	15	95	11	88	7	80	4	71	2	63	0	54	-2	46	-4	39	-5	33	-5	28	-4	24	-2	21	1	19	5	17	9	15	14	14	19	14	23	15	26	17	28	18	29	18	29	
24:
113	15.601	90	77	91	78	91	80	92	83	94	87	97	92	101	96	105	100	108	103	111	105	113	106	114	107	114	109	115	112	115	114	114	115	113	115	111	114	108	112	104	109	99	107	93	106	86	106	78	107	71	107	65	107	60	106	56	106	53	105	51	104	50	102	50	99	51	96	53	93	56	91	60	90	64	88	67	85	69	81	70	77	70	74	69	71	67	67	64	64	60	62	55	61	49	61	42	62	36	64	31	67	27	69	24	72	22	74	21	75	19	75	16	74	12	72	9	70	5	69	0	69	-4	70	-7	72	-9	75	-10	79	-10	84	-9	90	-7	97	-4	103	0	108	3	112	6	115	10	117	15	118	21	118	28	117	36	115	43	112	49	108	54	103	58	97	61	90	63	82	65	73	66	64	66	55	65	45	64	36	64	28	65	21	67	15	70	10	74	6	79	3	85	1	92	0	99	0	105	1	110	3	114	6	117	10	119	15	120	21	120	28	119	36	117	44	114	51	110	57	105	62	100	67	96	71	93	74	91	76	90	77	90	77	
25:
108	10.884	92	84	93	83	93	82	94	81	95	81	96	82	98	84	100	87	102	91	103	96	103	102	102	107	100	111	97	114	93	116	89	117	85	118	82	118	80	117	79	115	79	112	79	108	78	103	76	97	73	92	69	88	64	85	60	83	57	82	55	80	54	77	54	74	55	70	56	65	57	61	57	58	56	56	54	55	51	55	47	56	42	58	38	61	35	65	33	70	32	75	32	81	33	88	35	94	37	99	38	103	38	106	37	110	35	113	32	115	29	116	25	116	20	115	15	113	11	110	8	106	6	101	5	96	4	90	4	83	5	75	6	66	6	56	6	47	6	39	7	32	9	26	12	21	16	17	21	14	27	12	34	11	42	11	50	12	59	14	69	17	78	21	86	26	93	31	99	35	104	39	108	42	111	44	113	45	114	45	115	44	116	42	116	40	115	38	114	37	114	37	115	38	116	40	117	43	117	47	116	52	114	58	111	64	107	69	102	74	98	78	95	81	93	83	92	84	92	84	
26:
99	14.428	91	86	90	87	88	87	85	86	83	84	82	81	82	78	83	76	85	75	86	75	86	76	85	78	84	81	82	85	79	90	75	94	71	97	66	99	60	100	55	100	51	101	48	103	45	106	41	108	36	109	30	109	25	108	19	106	14	103	10	100	7	96	5	91	4	85	3	78	3	70	4	63	4	56	3	50	3	45	4	41	6	38	9	36	13	35	17	35	22	36	28	37	33	39	37	42	40	46	42	50	44	54	46	58	49	61	53	63	58	64	62	64	65	63	67	61	68	58	68	54	67	50	65	45	62	41	58	38	54	34	51	31	49	27	48	22	48	16	49	11	51	7	54	3	58	0	63	-2	69	-3	76	-3	84	-2	92	-1	99	1	105	4	111	8	116	13	120	19	123	26	125	34	126	43	126	52	125	60	123	67	120	73	116	78	112	82	109	85	105	87	101	88	97	88	94	87	92	86	91	86	91	86	
27:
118	245.718	27	62	28	61	30	59	33	56	35	52	36	49	36	46	35	44	33	43	30	43	26	43	21	44	16	44	11	43	7	41	4	38	2	34	1	29	1	23	2	16	4	10	7	5	11	1	16	-2	22	-4	29	-5	36	-5	43	-5	49	-4	54	-2	58	1	61	5	64	10	67	15	71	19	75	23	80	26	84	28	89	29	93	29	96	30	98	32	99	35	99	39	99	43	99	48	100	54	102	59	105	65	108	72	110	78	111	83	111	87	110	90	108	92	105	93	101	93	96	92	91	92	87	92	84	91	82	91	81	92	81	94	82	96	84	99	87	102	91	104	94	105	97	105	99	104	100	102	101	99	101	95	100	90	98	85	95	81	91	78	86	76	80	75	73	75	66	76	60	78	55	81	51	85	48	90	46	94	45	97	44	99	42	100	40	100	39	99	38	98	36	97	33	97	31	98	30	100	30	103	31	107	33	111	36	114	39	116	42	117	44	117	45	116	45	114	46	111	47	107	47	102	47	96	46	90	44	83	41	77	37	72	33	68	30	65	28	63	27	62	27	62	
28:
127	528.722	9	74	10	73	12	72	15	71	19	70	24	68	28	66	31	64	33	61	35	58	36	54	36	49	35	45	33	42	30	40	26	39	21	39	16	40	12	42	9	43	7	43	6	42	6	40	6	39	7	38	9	37	12	35	16	32	21	28	27	25	33	22	40	19	46	17	51	15	55	14	59	14	62	15	64	17	65	20	65	23	64	27	63	32	63	36	64	39	66	41	69	42	73	42	78	41	84	39	91	38	97	38	102	38	106	39	110	41	113	44	115	46	116	47	116	47	115	46	113	44	110	41	108	37	107	33	107	28	106	23	104	19	101	16	99	14	96	13	93	13	91	14	90	16	90	19	91	23	93	28	95	34	96	41	96	49	95	58	93	67	90	75	86	82	81	89	75	95	70	100	64	104	59	107	55	109	52	110	49	110	47	109	46	107	46	104	47	102	49	101	52	101	56	102	61	103	67	105	74	108	81	112	87	115	92	117	96	118	99	118	101	117	102	117	102	116	101	115	99	113	96	112	93	112	89	113	84	114	78	114	71	113	63	111	54	108	45	104	37	100	30	95	24	89	19	84	15	80	12	77	10	75	9	74	9	74	
29:
122	105.464	89	44	88	45	86	47	83	50	79	54	75	59	70	63	66	66	63	68	60	69	56	69	52	68	49	66	47	63	44	60	40	57	36	53	31	49	27	46	24	44	22	42	21	39	21	36	22	34	24	32	27	31	31	29	34	26	36	22	37	17	37	12	36	8	34	5	31	2	28	0	26	-1	25	-1	25	0	26	1	28	1	31	0	35	-1	40	-2	45	-3	51	-3	56	-2	60	-1	63	-1	65	0	66	2	66	4	65	7	63	10	60	13	56	17	51	21	45	26	38	32	32	39	26	47	21	54	17	60	14	66	12	71	11	75	11	78	12	80	14	83	15	87	15	91	14	96	12	102	9	107	6	111	4	114	2	116	1	117	1	117	2	116	4	116	7	115	11	115	16	114	22	112	29	109	37	107	44	106	50	105	55	103	59	102	62	100	64	99	65	99	65	100	65	102	64	105	64	109	65	113	67	117	70	120	74	122	78	123	82	123	87	122	93	122	99	121	104	119	108	116	111	112	113	107	114	101	114	95	114	88	113	80	111	72	108	65	104	59	99	54	95	50	92	47	90	45	89	44	89	44	
30:
124	493.739	22	66	21	65	20	63	19	60	18	56	18	51	19	47	21	44	24	42	26	41	29	41	31	42	32	43	32	43	31	42	30	40	30	37	31	33	33	29	36	26	39	24	43	23	47	23	50	24	52	26	53	29	53	33	52	38	52	43	53	47	54	50	56	52	59	53	63	54	67	54	72	55	77	57	81	60	84	64	86	69	87	75	87	80	86	84	84	87	81	89	77	90	72	90	66	89	59	88	52	87	46	87	40	88	35	90	30	93	26	97	23	100	21	103	19	107	17	111	16	114	14	116	11	117	8	117	4	116	0	114	-5	111	-10	107	-14	102	-17	96	-19	89	-20	81	-20	73	-19	64	-17	54	-14	44	-10	35	-5	27	1	20	7	14	14	9	22	5	31	2	39	0	46	-1	53	-1	59	0	64	2	68	4	71	5	73	5	74	4	74	3	75	1	77	-2	80	-4	84	-5	89	-5	95	-4	101	-2	106	1	110	5	113	10	115	16	116	21	116	25	115	28	113	31	110	35	106	38	101	40	95	42	89	44	82	46	74	48	66	51	58	53	50	54	43	56	37	57	32	59	28	61	25	63	23	65	22	66	22	66	
31:
129	73.783	13	30	12	31	11	33	9	36	6	40	4	44	2	49	1	55	1	61	2	66	4	70	7	73	11	77	16	80	20	82	24	83	29	83	33	82	36	80	38	77	39	74	41	71	44	68	47	66	51	65	56	65	61	65	65	66	68	68	71	71	73	75	74	80	74	86	74	91	75	96	76	100	78	103	81	105	85	106	89	106	93	105	96	103	100	100	103	96	105	91	106	85	106	78	106	70	105	63	103	57	100	52	96	48	91	45	85	43	78	42	71	42	65	42	60	42	56	42	52	41	49	39	47	36	46	32	46	27	47	22	49	17	50	13	52	10	53	7	53	4	52	0	50	-3	47	-6	43	-8	38	-9	32	-9	26	-8	19	-6	12	-3	6	1	1	6	-3	12	-7	19	-10	27	-12	36	-13	46	-13	56	-12	65	-10	73	-7	80	-3	86	2	91	8	95	15	98	23	100	32	101	42	101	53	100	63	98	72	95	80	91	87	86	93	80	98	73	103	65	107	56	110	47	112	39	113	32	113	26	112	21	110	17	107	14	103	12	98	10	92	9	85	9	77	10	68	12	58	15	49	18	41	20	34	23	28	25	23	26	19	26	16	27	14	29	13	30	13	30	
32:
108	8.73	17	61	16	62	14	64	13	67	12	71	12	75	13	78	15	81	18	83	22	84	27	84	33	83	40	81	47	80	54	80	60	81	65	83	69	86	72	89	74	92	75	94	75	95	76	95	78	94	81	92	84	89	86	85	87	81	87	78	86	76	85	75	84	75	84	76	85	78	86	81	88	85	91	89	95	93	99	96	104	98	108	99	113	99	117	98	120	96	123	93	125	89	126	84	126	78	125	71	124	65	122	59	119	54	115	50	110	47	104	45	97	44	90	43	83	43	77	42	72	42	68	42	65	43	63	45	62	46	60	46	58	45	57	43	57	40	58	36	60	31	63	25	67	20	72	16	77	13	83	11	90	10	96	10	101	11	105	13	108	14	110	14	112	13	113	11	113	8	112	4	110	-1	107	-5	103	-8	98	-10	92	-11	85	-11	77	-10	68	-8	59	-5	50	-1	42	4	35	9	29	15	24	21	20	28	17	34	15	40	14	46	14	51	15	55	16	58	17	60	17	61	17	61	
33:
118	465.621	71	115	70	116	68	117	65	117	61	117	58	116	55	114	53	111	52	107	52	102	52	96	53	90	54	84	54	79	53	75	51	72	48	70	44	69	39	69	33	70	26	70	20	71	15	71	11	70	8	68	5	65	3	61	2	56	2	50	3	45	5	41	6	38	6	35	5	33	5	32	6	32	6	33	7	35	9	38	12	41	15	43	19	44	24	44	30	43	37	41	44	38	51	35	57	31	62	27	66	23	69	20	71	18	72	17	74	17	76	18	77	20	79	23	82	27	85	31	88	36	90	41	91	45	91	48	92	50	94	51	97	51	101	50	105	48	108	45	111	41	113	36	115	31	116	27	117	24	118	22	119	21	121	21	123	22	124	24	125	27	125	31	124	36	122	42	120	49	117	57	113	65	108	73	102	81	95	88	87	94	78	99	68	103	58	107	49	110	41	112	34	113	28	113	23	112	19	110	16	108	14	105	13	101	13	98	14	96	16	95	19	95	23	96	28	98	33	100	39	103	46	107	52	111	57	114	61	116	65	117	68	117	70	116	71	115	71	115	
34:
117	2.907	74	92	73	93	71	95	69	97	68	98	68	100	69	101	71	101	74	100	77	98	81	96	86	93	91	89	97	84	102	79	107	73	111	66	114	58	116	50	117	42	117	35	117	28	117	22	116	17	114	13	113	10	112	8	110	7	107	7	103	8	99	10	96	12	93	13	89	13	84	12	79	10	74	7	70	5	67	4	65	4	64	5	64	7	63	10	61	12	58	15	54	19	50	24	46	30	43	36	41	42	40	48	40	53	41	58	43	62	46	65	49	67	51	69	52	70	54	70	57	69	59	69	60	70	60	72	59	75	57	79	56	84	54	89	53	95	51	100	48	104	45	107	41	109	36	111	30	112	23	112	17	111	12	109	8	106	5	102	3	97	1	91	0	84	0	76	1	68	3	61	6	55	9	50	13	46	18	43	24	41	31	40	39	40	47	41	56	43	66	46	75	50	83	55	90	61	96	68	101	76	105	84	108	91	110	97	111	102	111	106	110	109	108	111	105	112	101	112	96	111	90	109	85	106	81	102	78	98	76	95	75	93	74	92	74	92	
35:
117	29.873	39	92	38	93	36	94	33	95	30	97	27	100	25	104	24	108	24	111	25	114	27	116	30	117	33	118	37	118	40	117	43	115	45	112	47	108	50	103	54	99	59	95	65	92	72	89	80	87	88	86	95	85	101	83	106	81	110	79	113	77	115	74	116	70	116	65	115	61	113	58	111	55	108	53	104	52	99	52	93	52	86	51	79	49	73	46	68	43	64	41	61	40	58	40	55	41	53	43	52	46	50	49	47	51	43	52	38	52	33	51	29	49	26	48	24	47	23	47	23	48	24	50	26	53	28	57	30	62	31	67	31	71	30	74	28	76	25	77	21	77	17	76	12	74	7	71	3	67	0	63	-2	58	-3	52	-3	45	-4	37	-4	28	-3	19	-1	9	2	0	6	-8	11	-15	17	-21	24	-26	32	-30	41	-33	51	-35	61	-36	70	-36	78	-35	85	-33	91	-30	96	-26	100	-21	103	-15	105	-8	106	-2	106	3	105	8	103	14	100	21	97	29	93	38	88	47	82	56	75	64	67	71	60	77	54	82	49	86	45	89	42	91	40	92	39	92	39	92	
36:
116	32.876	25	71	24	71	22	72	19	73	15	74	11	76	8	79	6	83	5	88	5	94	5	99	6	103	7	106	9	108	11	109	13	109	16	108	20	106	25	103	30	99	36	94	41	88	45	81	48	74	50	67	51	59	51	50	50	42	48	35	47	29	47	24	48	20	50	17	53	15	57	14	62	14	67	15	71	17	75	20	78	24	80	28	81	32	81	35	80	37	79	38	78	38	76	37	74	35	71	32	68	28	66	23	63	18	59	14	54	11	48	9	41	8	34	8	28	9	23	11	19	14	15	18	12	21	10	23	8	24	7	24	5	23	4	21	4	18	4	15	5	13	5	11	4	10	2	10	0	11	-1	13	-1	16	0	20	2	24	5	28	9	33	14	38	20	44	27	49	35	55	43	61	52	66	62	71	71	75	79	78	87	80	94	81	100	81	105	81	109	82	112	84	114	87	115	91	115	96	114	100	112	103	109	105	105	107	100	108	94	108	87	107	79	105	70	102	61	98	53	93	46	89	40	84	35	80	31	77	28	74	26	72	25	71	25	71	
37:
90	25.77	77	72	78	71	79	69	80	66	80	64	80	63	79	63	78	64	77	66	76	69	76	72	77	76	79	81	82	85	86	88	91	90	96	91	100	91	103	90	105	89	106	87	106	84	105	80	104	75	102	69	101	64	101	58	101	52	102	47	104	43	107	40	111	38	114	37	116	36	117	34	117	31	116	28	114	25	111	23	107	22	103	22	98	23	92	25	85	28	77	31	69	34	61	36	53	37	46	37	40	36	35	34	31	31	27	27	23	23	19	20	16	18	12	17	8	17	5	18	2	20	0	23	-1	27	-1	30	0	34	2	37	5	39	9	40	13	42	16	45	18	49	19	54	19	60	19	67	19	73	20	78	22	82	25	85	29	87	34	88	40	89	45	89	50	89	56	88	62	87	67	85	71	82	74	78	76	75	77	73	77	72	77	72	
38:
111	43.441	23	53	22	54	20	56	19	58	17	59	14	59	11	58	9	56	8	53	8	49	8	45	9	41	11	38	14	35	18	33	23	32	28	32	33	33	38	35	42	38	45	42	47	46	48	51	48	57	47	64	45	71	42	77	40	82	39	86	39	89	40	92	42	95	45	97	48	100	50	103	52	106	53	109	53	112	52	114	50	115	47	115	43	114	40	112	37	109	34	105	30	102	25	100	21	99	18	97	16	94	15	90	15	85	16	80	18	75	21	71	25	68	30	66	36	64	43	63	50	63	57	64	63	66	70	69	76	73	81	78	86	84	90	91	93	98	95	104	97	109	99	113	101	116	104	118	107	119	110	119	112	118	114	116	117	113	120	109	124	105	127	100	129	94	130	87	132	79	133	71	133	62	132	52	130	43	127	35	123	28	118	22	114	17	110	13	106	10	101	7	95	5	88	4	81	4	75	5	70	7	64	10	57	14	50	19	44	25	38	32	33	38	29	43	26	47	24	50	23	52	23	53	23	53	
39:
101	60.515	90	97	91	96	93	96	95	97	97	98	99	99	100	101	100	104	99	106	97	107	94	107	90	107	85	108	79	109	72	111	64	113	56	115	49	116	42	117	36	117	31	117	27	116	24	114	22	112	21	109	21	105	22	100	24	94	25	88	25	81	24	73	22	66	20	60	19	55	19	51	20	48	22	46	25	44	29	43	33	43	37	44	40	46	42	49	44	53	46	58	48	62	49	65	49	67	49	70	50	72	52	73	55	73	59	72	62	70	66	67	69	63	71	58	72	52	72	45	71	37	69	30	67	23	64	17	60	12	56	8	53	5	49	3	46	2	44	2	43	3	43	5	43	8	44	11	46	13	49	14	53	14	58	14	64	15	71	16	78	17	85	17	91	17	96	16	100	16	103	17	105	19	106	22	106	26	105	31	105	37	104	44	104	52	104	61	103	69	101	76	98	82	96	87	94	91	92	94	91	96	90	97	90	97	
40:
100	84.428	2	31	3	30	5	28	7	25	10	22	14	20	19	18	25	17	30	17	34	16	37	16	39	17	40	19	41	22	43	26	46	29	50	31	53	32	55	32	56	31	56	29	55	26	55	23	55	19	56	15	57	12	59	10	62	9	66	8	71	6	77	3	84	1	90	0	95	0	99	1	102	3	104	6	105	10	105	15	104	21	102	28	101	35	101	41	102	46	103	50	105	53	108	55	111	56	114	56	118	55	121	55	123	56	124	58	124	60	123	63	121	67	118	72	114	78	109	84	103	89	96	93	88	96	80	98	73	99	67	99	60	98	54	98	49	97	45	97	42	98	39	100	37	103	36	107	36	111	37	114	39	116	42	117	46	117	51	116	55	114	58	111	61	107	63	102	64	96	64	89	63	82	61	75	58	69	54	64	49	59	43	55	36	51	29	48	23	45	17	41	12	38	8	35	5	33	3	32	2	31	2	31	
41:
121	42.535	76	12	77	11	78	9	80	6	83	4	87	2	92	1	96	1	99	1	101	2	102	4	102	6	101	9	100	13	99	18	99	24	99	31	98	37	96	42	94	46	91	49	87	51	82	52	77	52	73	51	70	49	68	46	67	42	66	37	64	33	61	30	58	27	56	25	53	24	49	24	45	25	42	27	40	30	38	34	37	39	37	44	37	48	38	51	40	54	42	57	45	60	49	64	53	69	56	75	58	81	59	86	59	90	58	93	56	95	53	96	50	96	46	96	41	95	35	95	30	95	26	95	22	95	19	95	17	96	16	98	16	101	17	105	19	110	22	114	26	117	31	119	37	120	44	120	51	119	59	117	68	114	76	110	83	105	89	99	94	92	98	85	101	79	103	72	104	64	104	55	103	46	101	36	98	26	94	17	89	9	83	2	76	-4	68	-9	59	-13	49	-16	40	-19	32	-21	25	-22	19	-22	14	-21	10	-19	7	-16	5	-12	4	-7	4	-1	5	6	7	12	10	17	14	21	19	24	25	26	32	27	40	27	48	26	55	24	61	21	66	18	70	15	73	13	75	12	76	12	76	12	
42:
125	26.466	52	12	53	13	54	15	56	18	59	21	63	23	68	25	74	28	80	32	85	37	90	43	95	50	99	57	102	63	104	69	105	74	105	78	104	81	102	83	99	84	95	84	92	85	90	86	89	88	89	91	90	94	90	98	89	102	87	105	84	107	80	108	76	108	73	107	71	105	70	102	69	98	69	94	70	89	72	85	75	82	79	78	82	73	84	67	85	62	85	58	84	55	82	53	79	51	75	50	70	50	64	51	58	53	52	56	47	60	43	65	40	71	38	78	37	86	37	94	37	101	38	107	40	112	42	116	43	119	43	121	42	122	40	122	37	122	33	121	28	119	23	116	19	112	14	107	9	101	5	94	2	88	0	83	-1	79	-1	76	0	74	2	72	5	70	9	69	14	69	20	70	27	72	35	73	44	74	53	75	62	75	71	76	79	78	88	79	96	81	103	84	109	88	114	93	118	98	121	103	123	108	124	112	124	115	123	117	121	118	118	118	115	117	113	115	112	112	112	108	112	103	111	97	109	91	106	84	102	76	98	67	93	57	87	48	80	40	73	33	67	27	62	22	58	18	55	15	53	13	52	12	52	12	
43:
99	88.52	29	76	28	75	26	73	24	70	23	66	22	62	22	58	23	55	25	53	28	52	32	52	37	53	42	54	46	55	49	55	51	55	53	54	54	52	54	49	53	45	51	40	48	34	46	29	45	25	44	22	44	18	45	15	47	11	50	8	54	5	59	3	65	2	72	2	78	3	85	4	92	4	98	5	103	7	107	10	110	14	112	19	113	25	113	31	112	37	110	42	107	46	103	49	100	53	98	57	97	61	97	64	98	66	100	67	103	67	106	66	108	66	110	66	111	67	111	68	110	69	108	71	107	74	107	78	107	83	108	88	108	93	107	98	105	102	102	105	98	107	93	108	88	108	82	107	77	106	72	106	68	107	65	109	63	112	62	116	60	119	57	123	53	126	48	128	42	129	37	129	32	128	27	126	23	123	20	119	18	115	17	110	17	104	18	97	20	91	23	86	26	82	28	79	29	77	29	76	29	76	
44:
135	48.503	115	78	114	77	112	76	109	74	105	73	100	73	94	74	89	76	85	79	82	83	80	88	79	94	78	99	76	103	74	106	71	108	67	109	62	109	58	108	55	106	53	103	52	99	52	94	53	88	54	83	55	78	55	74	54	71	52	68	49	66	46	63	44	61	43	60	43	59	44	57	46	56	48	56	50	56	51	55	51	53	50	50	48	46	45	43	43	40	42	38	42	37	43	37	45	37	48	38	52	38	57	37	63	35	68	32	72	28	75	23	77	18	78	13	78	9	77	6	75	4	72	1	68	-1	63	-3	59	-4	56	-4	54	-3	52	-1	51	2	51	6	52	11	54	15	57	18	61	20	66	23	72	25	79	26	86	26	92	26	97	27	101	27	104	27	106	26	107	26	107	27	108	29	109	32	111	36	114	40	118	45	121	51	123	58	124	66	124	75	123	84	121	92	118	99	114	106	109	112	103	117	96	121	88	124	79	126	70	127	60	127	50	126	41	124	33	121	26	117	20	112	15	106	11	99	8	91	6	82	5	74	5	66	6	59	8	53	11	48	15	44	20	41	26	39	33	38	41	38	50	39	60	41	70	44	79	48	87	53	94	59	100	64	105	68	109	72	112	75	114	77	115	78	115	78	
45:
112	30.165	12	79	11	78	9	76	6	73	4	70	2	67	1	65	1	64	2	64	4	64	7	65	11	66	15	66	19	65	22	64	24	62	25	60	26	58	27	57	29	57	30	56	30	56	29	55	27	53	25	50	24	46	24	41	25	36	27	32	28	29	28	26	27	24	25	21	22	19	18	16	14	14	11	13	9	11	8	9	8	6	9	4	11	3	14	3	18	3	23	4	28	6	34	9	40	13	45	18	49	23	52	29	54	36	55	43	55	51	54	58	53	64	53	69	54	73	56	76	59	79	61	82	62	86	62	91	61	96	59	100	56	103	54	106	53	110	53	113	53	115	54	116	56	116	59	116	63	115	68	113	74	110	81	106	89	101	97	95	104	88	110	80	115	71	119	61	122	52	124	43	125	35	126	27	126	20	125	14	123	9	120	5	116	2	111	0	105	-1	98	-1	91	0	83	2	74	5	64	9	55	14	46	20	38	27	31	35	25	43	20	51	16	58	13	64	11	69	10	73	10	76	11	78	12	79	12	79	
46:
117	14.204	41	98	42	99	44	101	46	104	47	106	47	107	46	107	44	106	41	104	37	102	33	100	28	99	22	99	16	99	11	98	7	96	4	93	2	89	1	84	1	78	2	71	3	63	5	55	8	48	12	42	17	37	23	33	29	30	35	28	41	27	47	26	52	26	56	27	59	28	61	29	63	29	64	28	64	26	63	23	61	19	58	15	56	12	55	10	55	9	55	9	56	10	58	12	60	15	63	19	67	24	72	30	78	37	83	43	89	49	96	54	102	58	107	61	111	63	114	64	116	65	117	65	117	66	116	68	114	71	111	75	108	80	106	85	105	91	105	97	105	102	105	106	106	110	106	113	105	115	103	116	101	116	98	115	95	113	92	110	88	106	84	101	80	95	77	89	75	82	74	75	73	67	73	58	74	48	76	39	78	31	81	24	85	18	89	13	92	9	94	6	97	4	100	3	102	3	103	4	103	6	102	9	101	13	99	18	96	24	92	31	87	39	81	47	74	56	68	64	62	71	56	77	51	83	47	88	44	92	42	95	41	97	41	98	41	98	
47:
129	5.716	72	13	71	14	70	16	70	19	71	23	73	28	76	32	78	35	80	37	83	38	87	38	92	37	96	36	99	36	101	37	102	39	102	42	101	46	99	51	96	56	92	61	87	65	81	68	75	70	70	71	66	71	63	70	61	68	60	67	60	67	61	68	63	70	66	73	68	77	69	81	70	86	70	91	69	95	67	98	64	100	61	101	59	102	58	104	58	107	59	110	61	114	64	117	68	119	72	120	77	120	81	119	85	117	88	114	90	110	91	105	91	101	90	98	88	96	85	95	81	95	76	96	70	98	63	99	55	101	46	102	38	102	31	101	25	99	20	96	16	92	13	87	11	82	10	76	10	71	11	67	12	64	14	62	15	60	15	59	14	59	12	60	9	61	6	61	3	60	1	58	0	55	0	51	1	48	3	44	6	40	10	36	15	33	21	31	27	30	32	30	36	30	39	30	41	29	42	27	42	25	41	23	39	21	36	20	32	19	27	19	22	20	16	20	11	19	7	17	4	14	2	10	1	5	1	1	2	-2	4	-4	7	-5	11	-5	16	-4	22	-2	29	1	37	5	44	9	51	12	57	14	62	15	66	15	69	15	71	14	72	13	72	13	
48:
114	42.422	45	59	46	60	46	61	46	63	45	65	43	66	40	66	38	65	37	63	37	60	38	56	39	51	41	47	44	44	48	42	53	40	57	39	61	39	64	40	66	42	67	45	68	49	68	54	69	59	71	63	73	66	76	68	80	69	85	69	89	68	92	66	94	63	95	59	95	54	94	49	92	43	90	37	88	32	87	28	87	25	88	23	90	22	93	22	97	23	102	25	108	28	113	31	117	35	120	40	122	46	123	53	124	61	124	70	123	78	121	85	118	91	114	96	110	100	105	103	99	105	92	106	84	106	76	105	67	103	59	102	51	102	44	103	38	105	33	108	29	111	25	113	20	114	15	114	10	113	6	111	3	108	1	105	0	101	0	97	-1	92	-1	86	-1	79	0	72	2	65	5	59	9	54	14	50	18	47	22	45	25	44	27	42	28	39	28	35	27	30	26	25	26	20	27	16	28	13	30	11	33	10	37	10	42	11	46	13	49	16	51	20	52	25	52	31	51	38	49	44	47	49	45	53	44	56	44	58	45	59	45	59	
49:
93	6.776	35	39	36	40	38	41	41	42	45	44	49	47	52	50	55	53	57	57	58	60	58	62	57	63	55	64	54	66	54	68	55	70	57	71	60	71	63	70	67	68	72	67	76	65	79	62	81	58	84	55	88	53	93	52	97	52	101	53	106	55	110	58	113	61	115	65	116	70	116	76	115	83	113	90	111	96	108	101	106	105	104	109	103	112	103	114	103	115	102	115	100	114	97	112	93	109	89	105	85	101	82	98	79	96	76	95	74	95	71	96	67	98	62	100	56	102	49	103	41	103	32	102	24	100	17	97	11	93	6	88	2	82	-1	75	-4	68	-6	61	-7	53	-7	45	-6	38	-4	31	-1	25	3	20	7	16	12	13	16	11	19	9	21	7	22	6	24	6	25	7	27	9	30	12	32	16	34	20	36	25	37	29	37	33	37	36	36	38	35	39	35	39	
50:
129	39.4	103	55	102	56	100	58	97	61	93	65	89	69	84	72	79	75	75	77	72	78	70	78	69	78	69	79	70	81	72	82	74	84	76	86	77	89	77	92	76	94	74	96	71	99	69	101	68	102	68	103	69	103	71	102	74	101	78	101	83	101	88	101	94	102	99	102	103	101	106	100	108	98	109	95	109	93	108	90	106	86	103	81	99	76	95	72	90	69	84	67	79	66	74	66	70	65	67	63	65	60	64	57	64	54	65	51	67	47	70	44	74	40	79	35	84	30	88	25	91	20	93	16	94	13	94	11	93	10	93	10	92	11	90	13	87	16	83	20	78	25	72	31	65	36	57	40	48	43	39	45	31	46	24	46	17	45	11	43	6	40	2	36	-1	31	-3	25	-4	20	-4	16	-3	13	-1	11	2	9	6	8	11	8	15	9	20	11	24	14	27	18	29	23	30	29	30	36	29	44	27	52	24	61	20	70	17	78	14	85	11	91	7	96	4	100	2	104	1	109	1	113	2	116	4	118	7	119	11	119	16	118	22	116	28	113	34	109	41	105	49	101	58	96	67	90	75	83	82	76	88	70	93	65	97	61	100	58	102	56	103	55	103	55	
51:
108	195.152	117	93	117	92	116	90	114	87	111	83	107	79	103	76	99	74	94	72	90	70	87	67	85	64	83	60	82	55	82	50	83	45	85	41	88	38	92	36	97	35	101	35	105	35	109	34	112	32	114	29	115	26	115	24	114	23	112	22	109	22	105	22	100	23	94	24	87	24	79	25	71	25	64	24	58	22	53	21	49	19	46	16	44	12	43	8	43	5	42	3	40	2	37	1	33	1	28	2	23	4	18	7	14	11	11	16	9	22	8	29	8	36	9	43	11	49	14	54	17	58	21	61	25	63	28	64	30	64	31	63	31	62	30	62	28	63	25	65	21	68	16	71	12	74	8	78	5	83	3	89	2	94	2	98	3	101	5	103	8	104	12	104	16	103	20	101	24	98	29	94	35	91	40	88	44	86	47	85	49	85	50	86	50	88	51	91	53	95	56	100	60	104	64	107	69	109	75	110	82	110	89	109	96	107	102	104	107	100	111	97	114	95	116	94	117	93	117	93	
52:
125	41.192	7	31	8	30	9	28	11	25	14	22	17	20	21	19	24	18	28	18	31	19	33	21	34	24	36	28	37	33	39	39	42	46	45	53	47	59	50	66	53	72	57	77	62	81	68	84	73	86	77	87	80	87	83	86	85	84	86	81	86	77	85	72	83	66	82	61	82	57	83	54	84	52	86	50	89	49	93	49	98	50	102	52	105	55	109	58	112	61	114	63	115	64	115	65	114	65	113	64	113	62	114	59	116	55	118	50	119	44	119	37	120	29	121	22	122	15	122	9	121	4	119	0	116	-3	112	-5	107	-6	102	-6	98	-5	94	-3	91	0	89	4	88	9	88	15	89	22	91	30	94	38	98	47	103	57	107	67	110	77	112	86	113	94	113	102	112	109	110	115	107	120	103	124	98	127	92	129	85	130	77	130	68	129	58	127	49	124	41	121	34	117	28	112	23	107	19	102	16	98	14	95	13	93	13	92	14	92	15	93	16	95	16	97	15	100	13	102	10	103	8	103	5	102	3	100	2	97	2	93	3	88	5	82	8	75	11	67	13	59	14	52	14	46	13	41	12	37	10	34	8	32	7	31	7	31	
53:
121	288.912	116	111	117	110	119	108	120	105	120	101	119	96	117	90	115	83	112	76	109	70	105	65	100	61	94	58	88	56	82	55	77	55	73	55	70	54	68	52	67	49	66	45	65	40	63	36	60	32	56	29	51	27	46	26	41	26	37	27	34	28	32	28	31	27	31	25	32	23	32	21	31	19	29	18	26	18	24	18	22	17	20	15	19	12	19	9	19	7	18	6	16	6	13	7	9	9	6	12	3	15	1	18	0	20	0	21	1	21	3	20	6	18	10	15	15	11	21	8	27	5	33	3	40	2	48	2	56	3	65	5	74	8	82	11	89	15	95	20	100	25	104	31	107	38	109	46	110	55	110	63	109	70	107	76	104	81	100	85	95	88	89	90	82	91	74	91	67	90	60	88	54	85	49	82	45	78	42	74	40	71	38	69	35	68	31	68	26	69	22	71	17	73	13	76	10	80	8	85	7	91	7	98	8	105	10	112	13	118	17	123	22	127	28	130	35	132	43	133	52	133	61	134	71	134	80	133	88	131	95	128	101	124	106	121	110	117	113	114	115	112	116	111	116	111	
54:
111	43.614	14	106	13	107	12	107	12	107	13	106	15	105	16	104	18	103	19	103	19	104	18	106	16	107	13	108	10	108	7	108	5	107	4	105	4	102	5	98	7	94	10	91	12	88	13	84	14	80	14	76	15	73	15	71	16	70	18	70	21	71	25	73	30	76	34	80	38	83	42	85	45	86	47	86	48	85	48	83	47	80	47	76	47	71	48	65	48	58	48	51	49	45	49	40	49	36	48	33	46	31	43	30	39	30	34	31	30	32	26	34	23	35	21	35	20	34	19	32	19	29	20	25	22	21	25	17	29	12	34	8	40	5	47	3	55	2	62	1	68	1	73	2	77	4	80	6	82	9	83	13	83	18	82	24	80	31	77	39	74	48	71	57	69	67	68	76	68	84	69	91	71	97	74	102	78	106	83	109	87	111	90	112	92	112	93	113	93	114	92	114	90	113	87	111	83	109	78	108	72	108	65	109	57	111	49	113	42	114	35	114	29	113	24	111	20	109	17	107	15	106	14	106	14	106	
55:
116	284.092	1	28	2	27	2	25	2	22	2	18	3	13	5	9	8	6	10	4	12	2	13	1	14	1	15	2	15	4	14	7	12	11	11	16	11	22	12	29	14	35	17	40	21	44	26	47	31	49	36	51	42	52	47	52	51	51	54	51	56	51	57	52	57	53	56	55	54	58	52	62	51	67	49	71	48	76	48	82	48	88	48	94	48	99	47	103	45	107	42	110	38	112	35	113	33	113	32	112	32	110	32	107	31	103	29	98	26	93	23	89	20	86	16	84	11	83	7	83	4	84	2	86	0	89	-1	93	-1	98	0	103	2	107	5	110	9	112	14	113	20	113	27	112	35	110	43	107	50	103	56	98	61	92	66	86	70	81	73	76	75	70	76	64	76	59	75	54	74	50	74	47	75	45	77	44	80	44	84	43	89	42	94	41	98	39	101	36	103	32	104	27	104	21	103	14	101	8	98	3	94	-1	90	-4	85	-6	79	-7	72	-8	64	-8	55	-7	46	-5	37	-2	29	2	22	7	16	13	11	18	7	22	4	25	2	27	1	28	1	28	
56:
105	56.198	10	57	10	58	10	60	11	63	11	67	10	71	8	75	6	78	5	81	5	85	6	88	7	90	9	91	12	91	16	90	19	89	21	89	22	90	22	92	21	95	20	99	20	103	20	108	21	112	23	115	25	117	28	118	32	118	36	117	41	115	47	112	52	108	56	105	59	103	62	100	65	98	67	97	68	96	68	94	67	91	65	87	63	83	62	80	62	78	63	77	65	77	68	78	72	78	77	78	82	79	88	81	93	84	97	87	100	90	102	94	103	98	103	102	102	105	100	107	97	108	93	108	88	107	84	105	80	102	77	98	75	93	74	87	72	80	71	72	69	65	68	58	68	52	69	47	71	43	74	40	77	38	81	37	85	37	88	37	90	36	91	34	91	31	90	29	88	28	86	26	83	23	79	19	74	15	68	12	61	10	53	9	45	9	38	10	32	12	26	15	21	19	16	24	12	30	9	36	7	42	6	47	6	51	7	54	9	56	10	57	10	57	
57:
113	188.781	117	29	116	28	114	26	111	24	107	23	102	23	96	23	90	24	85	26	81	29	78	32	76	34	75	36	75	37	76	37	77	36	78	34	78	31	77	27	75	22	72	18	68	15	64	13	60	11	55	10	49	8	42	7	36	6	30	4	24	2	17	1	11	1	6	2	2	4	-1	7	-3	11	-4	16	-4	21	-3	27	-1	32	2	36	6	40	10	43	15	45	20	46	25	46	31	45	36	44	40	44	43	44	45	44	46	45	46	47	45	48	43	49	40	50	36	51	33	53	31	55	30	58	30	62	31	67	33	72	36	76	40	79	45	81	50	83	54	84	57	84	60	83	62	81	63	79	63	76	62	74	60	73	57	73	53	74	48	76	42	79	37	82	33	86	30	91	28	97	27	104	27	111	28	117	30	122	33	126	37	129	42	131	47	132	53	132	60	131	68	129	77	127	86	124	94	120	101	115	107	109	112	102	116	94	119	85	121	77	122	70	122	63	121	57	120	50	119	44	119	39	119	35	119	32	118	30	117	29	117	29	
58:
120	242.543	77	99	77	98	76	96	75	93	75	90	76	86	78	82	81	79	85	77	89	76	93	76	96	77	98	79	99	82	99	86	98	90	98	93	99	95	101	96	103	96	106	97	108	99	111	102	114	105	117	107	121	108	124	108	126	107	127	105	127	102	126	98	124	93	122	87	119	80	116	72	112	65	109	59	105	54	101	50	98	47	96	45	95	42	95	38	96	34	98	31	101	29	104	28	107	28	109	29	110	31	110	34	109	38	107	43	104	49	100	54	95	58	89	61	82	63	74	64	65	64	55	63	46	61	37	58	28	54	20	50	13	45	7	39	2	32	-2	25	-5	18	-7	12	-8	7	-8	3	-7	0	-5	-2	-2	-3	2	-3	5	-2	9	0	12	3	14	7	15	12	15	18	14	25	12	33	9	42	6	50	4	59	1	68	-1	76	-3	83	-4	89	-4	94	-3	98	-1	101	2	103	6	104	10	104	15	104	21	103	26	102	30	102	33	103	35	105	36	108	36	111	35	115	35	118	36	120	38	121	41	121	45	120	50	118	56	116	62	113	67	109	71	105	74	102	76	100	77	99	77	99	
59:
105	2.821	46	33	45	34	44	36	42	39	41	41	39	42	37	42	36	41	36	39	37	36	39	32	42	28	45	25	49	22	54	20	60	19	67	19	73	19	78	19	82	18	85	16	87	13	88	9	90	5	91	2	91	0	90	-1	89	-1	88	0	88	2	89	5	91	9	93	13	95	18	96	23	96	29	95	36	93	43	90	50	87	57	83	63	78	68	74	72	71	75	69	79	68	82	68	86	69	91	71	96	73	102	76	107	78	111	79	114	79	116	78	118	76	119	73	119	69	118	64	116	58	115	51	114	43	114	34	114	26	114	19	113	13	111	8	108	4	104	1	101	-1	99	-2	97	-2	95	-1	94	1	94	4	93	8	92	11	90	15	87	18	83	20	79	21	74	21	68	20	61	18	53	15	45	11	38	7	32	3	27	0	22	-2	18	-3	14	-3	11	-2	9	0	8	3	8	7	8	12	9	18	11	25	14	31	18	36	23	40	27	43	30	45	32	46	33	46	33	
60:
130	335.773	85	113	86	112	88	110	91	107	94	103	97	98	99	92	100	86	100	81	101	77	103	74	106	72	110	71	113	71	115	72	116	74	116	77	115	81	114	86	114	91	115	95	116	98	116	100	115	101	114	101	112	100	110	98	107	95	103	91	99	86	94	81	88	77	81	74	74	72	66	71	57	71	49	70	42	68	36	67	31	67	26	68	22	70	19	73	17	76	16	80	16	83	17	85	19	86	20	86	20	85	19	83	18	80	16	76	15	71	15	65	16	58	18	52	21	46	25	40	28	34	30	28	31	23	33	19	36	16	40	14	45	13	49	13	52	13	54	12	56	10	57	7	58	4	58	2	59	1	61	1	62	2	62	4	61	7	61	11	62	16	64	21	67	26	71	31	76	35	82	38	88	40	94	41	99	41	103	40	106	38	108	35	109	31	109	26	108	20	106	13	103	7	99	1	94	-4	88	-8	81	-11	73	-13	64	-14	54	-14	45	-13	37	-11	30	-9	24	-8	19	-8	15	-7	12	-5	10	-3	9	0	9	4	10	9	12	15	15	22	19	30	24	39	30	49	37	59	45	68	53	77	60	85	66	92	71	98	75	103	79	107	82	110	84	112	85	113	85	113	
61:
116	40.73	46	49	47	48	49	46	51	43	54	41	58	40	61	39	64	39	66	40	67	42	67	45	66	49	66	54	65	59	64	64	64	68	65	71	66	73	68	74	71	74	75	73	80	71	86	68	92	66	97	65	101	65	104	66	106	68	109	71	111	75	112	80	112	86	111	93	111	100	111	107	110	113	108	118	105	122	101	125	96	127	90	128	83	128	75	127	66	126	58	124	51	121	44	117	38	114	33	111	29	107	26	102	22	98	17	95	12	93	8	91	5	90	3	88	2	85	2	81	3	76	5	70	8	65	12	60	16	56	19	53	21	50	22	46	22	41	21	37	19	33	16	30	14	28	13	27	13	27	14	28	16	28	19	27	23	27	28	28	34	30	39	31	45	33	52	34	60	34	68	33	76	32	83	31	89	31	94	32	98	33	101	33	103	32	104	30	104	27	103	23	102	20	102	16	103	13	105	11	106	9	106	7	105	6	103	6	100	7	96	8	92	10	87	13	81	17	74	22	67	28	61	34	56	39	52	43	49	46	47	48	46	49	46	49	
62:
124	238.09	92	51	91	52	89	54	86	56	82	57	78	57	74	56	70	54	67	52	64	50	62	49	59	49	57	50	55	51	52	52	48	52	43	51	39	50	34	48	30	46	27	45	25	45	24	46	24	48	23	51	21	55	18	60	14	66	11	73	9	80	8	86	8	91	9	95	11	98	14	100	18	101	23	101	28	102	34	104	41	107	47	110	52	112	56	113	59	113	61	112	62	110	62	107	61	103	61	98	60	94	60	90	61	87	63	85	66	84	70	84	75	85	81	87	88	88	96	88	103	87	109	86	114	85	118	83	121	80	123	76	124	71	124	65	123	58	121	50	119	41	117	33	114	26	110	20	105	15	101	11	96	8	90	6	85	5	81	5	77	6	74	8	72	11	71	15	71	18	71	22	70	25	70	27	69	28	67	28	64	27	60	25	56	22	51	18	45	13	38	9	31	5	25	2	19	0	14	-1	9	-1	5	0	2	2	0	5	-1	8	-1	12	0	16	2	19	5	21	9	23	14	25	20	28	27	32	34	35	41	37	49	39	57	40	64	42	71	44	77	46	82	47	86	48	89	49	91	50	92	51	92	51	
63:
113	141.254	100	101	100	100	100	98	99	95	99	91	99	86	98	80	96	73	93	67	89	62	86	58	84	55	83	52	83	50	84	48	86	47	87	47	87	48	86	49	84	49	81	48	78	46	76	43	75	40	75	37	76	35	78	33	80	32	83	32	86	33	89	35	93	37	96	38	98	38	99	37	99	35	99	32	98	28	96	23	93	18	89	14	84	11	79	9	74	8	70	8	67	9	65	11	64	14	64	18	65	22	66	27	66	32	65	36	63	39	60	41	57	42	53	42	50	43	48	45	46	48	45	52	45	57	46	63	47	70	47	77	47	84	48	90	49	95	51	99	54	102	56	104	57	105	57	105	56	104	54	102	51	99	47	95	42	92	37	90	32	89	28	89	25	90	23	92	20	95	17	99	15	103	12	108	10	112	9	115	7	117	4	118	2	118	1	117	1	115	2	114	4	113	7	112	11	111	16	110	22	108	29	107	37	105	46	104	55	102	64	99	72	97	79	96	85	95	90	95	94	96	97	98	99	100	100	101	100	101	
64:
95	49.247	105	73	106	73	108	72	109	72	109	73	108	75	106	78	103	82	99	87	94	93	89	98	83	102	76	105	68	107	61	108	55	109	50	109	46	108	43	106	41	105	40	103	40	100	41	96	43	91	46	85	48	78	50	70	51	62	53	55	56	49	60	44	65	40	71	37	77	33	82	28	87	22	91	16	95	11	98	7	100	4	103	2	105	1	106	1	106	2	105	2	103	1	100	1	96	0	91	-2	85	-3	78	-3	72	-2	65	-1	59	1	54	4	50	8	47	13	45	18	44	24	44	31	43	39	42	46	40	53	37	59	33	64	28	68	22	71	16	73	11	75	7	77	4	79	2	82	1	85	0	87	0	90	1	94	3	99	6	104	10	108	15	111	21	113	28	114	36	114	45	113	55	111	64	108	72	104	79	99	85	94	90	88	95	83	99	79	102	76	104	74	105	73	105	73	
65:
109	47.735	0	108	1	109	3	111	6	114	10	116	15	118	21	119	27	120	33	120	40	119	46	117	51	114	55	110	58	106	60	103	63	101	65	100	66	100	66	101	67	103	69	106	72	109	76	111	81	112	86	112	92	112	97	111	101	109	104	106	108	102	111	97	113	91	114	85	114	80	113	76	111	72	108	69	104	67	99	66	95	66	90	67	86	69	83	71	81	72	80	72	80	71	79	70	77	68	74	65	70	63	65	61	59	60	53	60	47	61	42	63	38	65	35	68	33	70	30	71	27	71	25	70	24	68	24	65	24	61	23	56	23	51	22	46	22	42	23	38	25	34	28	31	32	29	37	26	43	24	49	22	56	20	64	17	72	14	80	12	87	11	94	10	100	10	105	11	109	13	112	16	114	20	115	24	115	27	114	30	112	34	109	39	105	45	100	52	95	60	89	69	82	78	74	86	65	93	55	99	45	104	36	108	28	111	21	113	15	114	10	114	6	113	3	111	1	109	0	108	0	108	
66:
121	129.207	76	18	75	17	73	16	70	15	66	15	63	16	61	18	60	21	60	25	61	30	63	35	66	39	70	43	75	46	81	48	88	50	95	51	101	51	106	50	110	48	113	45	115	41	116	37	116	33	115	30	114	28	113	27	113	27	114	28	115	30	117	33	120	37	122	42	123	48	123	55	122	63	120	71	117	78	113	84	108	89	102	93	95	96	87	98	79	99	72	99	66	98	61	96	57	93	54	89	52	84	51	79	51	74	52	70	52	67	51	65	49	64	46	64	42	65	37	67	32	68	28	68	25	67	23	65	22	62	22	59	22	56	21	54	19	52	16	50	12	47	9	43	7	38	6	32	6	26	7	20	9	15	12	11	16	8	20	5	23	3	25	2	26	2	26	3	25	5	23	8	20	12	16	17	12	23	9	30	7	38	6	47	5	57	5	66	4	74	3	81	3	87	4	93	5	98	7	102	10	105	14	107	19	108	23	108	26	107	29	105	32	102	36	98	41	93	47	87	53	80	59	72	65	63	70	54	74	46	77	39	79	33	80	28	80	24	79	21	77	19	76	18	76	18	
67:
124	8.281	90	39	91	40	93	42	96	44	99	45	102	45	106	44	109	42	111	39	112	35	113	30	114	25	114	21	113	18	111	16	108	15	104	15	99	16	93	18	87	21	82	23	77	24	73	24	70	23	68	21	67	18	66	14	64	10	61	7	58	5	54	4	50	4	47	5	44	7	40	9	35	10	29	10	22	9	16	9	11	10	7	12	4	15	2	19	1	24	0	29	0	35	1	42	2	50	3	57	4	63	4	68	5	72	7	75	10	77	14	78	19	78	25	77	30	76	34	75	37	75	40	76	42	78	44	81	45	84	47	87	49	89	52	90	56	90	61	89	67	87	74	85	82	84	90	84	97	85	103	87	108	90	113	93	117	95	121	96	124	96	126	95	127	93	127	90	126	86	124	81	121	75	117	69	112	64	107	60	101	57	94	55	86	54	77	54	68	55	59	57	49	60	40	64	32	69	25	75	19	82	14	89	10	95	7	100	5	104	4	107	4	109	5	110	7	110	10	109	14	107	19	104	25	100	32	95	40	89	49	82	57	75	64	67	70	60	75	54	80	49	84	45	87	42	89	40	90	39	90	39	
68:
133	130.992	45	110	46	110	48	109	51	107	55	104	60	101	64	97	67	93	69	88	72	84	75	81	79	79	84	78	90	77	97	77	103	77	108	76	112	75	115	74	117	72	118	69	118	65	117	61	115	57	112	54	108	52	103	51	97	51	91	52	86	53	82	54	79	54	77	53	76	51	76	48	77	44	79	39	81	33	82	27	82	21	81	16	80	12	78	9	75	7	73	6	70	6	66	7	61	9	55	12	48	16	41	20	34	24	28	27	23	29	18	30	14	30	11	29	9	27	8	24	8	20	8	16	9	13	11	11	14	10	18	10	22	11	27	13	32	16	36	20	39	25	41	31	42	38	42	45	41	52	39	58	36	63	32	67	28	70	24	73	20	75	17	76	15	76	14	77	14	79	15	82	17	86	20	91	24	97	29	102	35	106	42	110	50	113	59	115	69	116	79	116	89	115	98	113	106	110	113	106	119	101	124	95	128	88	131	80	133	71	134	62	134	54	133	47	131	41	129	35	127	30	124	26	120	23	115	21	109	20	102	20	94	21	85	23	76	26	68	30	61	35	55	41	50	48	46	56	42	65	39	74	37	82	36	89	36	95	37	100	39	104	42	107	44	109	45	110	45	110	
69:
111	94.841	10	69	10	68	9	66	8	63	8	59	8	55	8	50	7	44	6	37	6	29	6	22	6	16	7	11	9	7	12	4	15	2	19	1	23	1	28	2	34	4	41	7	47	10	54	14	60	18	65	22	71	25	78	27	84	28	90	28	96	28	101	28	105	29	108	31	110	33	111	35	111	37	110	38	108	38	105	39	101	40	96	42	91	45	87	49	84	54	81	60	78	67	76	73	75	78	73	82	72	85	72	88	71	90	69	91	66	91	62	90	58	88	53	87	49	87	46	88	44	90	43	93	43	97	43	102	42	106	40	109	37	112	33	114	29	115	25	115	22	114	18	112	15	109	13	105	12	100	12	94	13	89	15	85	18	82	22	80	27	79	33	79	40	80	48	81	57	81	65	82	72	83	78	85	83	88	87	92	90	97	92	103	93	108	93	112	92	115	90	117	87	118	83	118	78	117	72	115	65	112	57	108	49	103	41	98	34	93	28	87	23	82	19	78	16	75	13	72	11	70	10	69	10	69	
70:
83	13.694	109	119	108	118	107	116	106	113	104	110	101	106	97	103	93	101	90	99	88	97	87	94	86	90	86	85	86	80	86	76	86	73	85	71	83	70	80	70	76	71	71	73	66	76	62	79	59	83	56	86	54	90	53	94	53	99	54	103	56	106	57	108	59	109	60	111	60	114	59	117	57	119	54	120	50	121	45	121	39	120	33	118	27	116	22	113	18	111	14	108	10	104	7	100	5	96	4	92	4	88	5	83	7	77	10	70	14	64	19	59	24	53	30	46	37	40	45	35	52	31	58	28	63	26	67	25	72	25	78	26	85	28	93	31	100	35	106	40	111	46	115	53	119	61	122	70	124	79	125	87	125	94	124	100	122	105	119	109	115	113	112	116	110	118	109	119	109	119	
71:
119	3.129	105	71	106	72	108	73	109	73	109	74	108	76	106	78	103	80	99	81	94	83	89	84	85	84	81	83	78	81	76	79	75	78	75	77	76	77	78	78	81	80	85	82	90	85	95	88	99	92	102	97	104	102	105	106	105	109	104	111	102	112	100	112	98	111	97	109	97	106	98	102	100	97	103	91	106	84	110	76	113	67	115	57	116	48	116	40	115	32	113	25	112	19	112	14	113	10	115	7	116	5	116	3	115	2	113	2	110	3	106	5	101	8	95	12	88	16	80	19	71	21	63	22	56	22	49	21	43	19	38	16	34	12	31	9	29	7	26	6	24	6	22	7	21	9	21	12	20	16	20	21	21	26	23	30	24	33	24	36	23	38	21	39	18	39	15	38	13	36	12	33	12	31	13	30	15	30	18	31	22	33	26	36	29	40	31	44	32	49	33	54	33	60	32	67	30	75	28	83	26	90	25	96	25	101	26	105	28	108	31	110	35	111	40	111	46	110	53	108	61	105	69	101	77	97	84	92	90	86	95	81	99	77	102	74	104	72	105	71	105	71	
72:
107	48.201	34	115	35	116	36	117	38	117	41	116	45	114	49	111	53	108	56	104	59	99	63	95	66	91	68	87	69	84	69	80	68	76	66	71	63	65	59	59	54	54	49	49	45	43	42	37	40	30	39	23	38	17	38	12	39	8	41	5	44	3	48	2	53	2	58	3	63	4	67	6	70	9	72	13	73	18	73	24	73	31	74	39	76	46	79	52	83	57	87	61	92	64	98	68	103	73	107	79	110	86	112	92	113	99	113	105	112	110	110	114	107	117	104	119	100	120	95	120	89	119	82	117	74	114	66	110	59	105	53	99	47	93	42	88	38	84	35	81	31	79	26	77	20	75	13	72	7	68	2	63	-2	57	-5	50	-8	42	-10	35	-11	28	-12	22	-12	17	-11	13	-9	10	-6	8	-3	7	1	7	4	8	6	10	7	13	8	17	8	22	7	28	7	35	8	43	10	52	13	62	15	71	16	79	18	87	19	94	21	100	24	105	28	109	31	112	33	114	34	115	34	115	
73:
128	101.324	61	109	62	110	62	111	61	113	59	115	56	116	54	116	53	115	52	113	50	110	47	106	44	101	40	95	35	88	29	82	24	77	19	73	14	70	10	68	7	65	5	62	4	59	4	55	5	51	7	48	10	46	14	45	19	45	25	45	32	46	39	47	45	47	50	46	54	46	57	45	59	43	61	40	62	36	64	31	67	27	71	24	76	22	81	21	87	21	92	22	96	23	99	25	101	27	102	29	103	32	103	36	102	39	100	41	97	42	93	42	90	41	88	39	87	36	87	32	88	28	90	23	92	18	93	14	95	11	98	9	102	8	107	8	113	9	118	11	123	14	127	18	130	23	132	29	133	35	133	42	132	50	130	59	127	68	123	76	119	83	116	89	114	94	112	98	111	101	111	103	112	104	113	104	113	103	112	101	110	98	107	94	103	89	98	84	92	78	85	71	77	63	68	54	60	45	51	36	43	28	36	21	30	15	25	10	21	6	18	3	16	1	15	0	14	0	14	1	15	3	17	6	20	10	24	15	29	21	35	28	42	36	48	45	53	55	57	64	61	73	64	81	66	88	67	94	67	99	66	103	64	106	62	108	61	109	61	109	
74:
128	266.34	78	66	77	65	75	64	72	64	68	64	63	64	59	63	55	61	52	58	50	54	49	49	49	43	50	37	52	32	55	28	57	25	58	23	58	20	57	16	55	13	52	9	49	6	45	4	41	3	38	3	36	4	35	6	35	9	36	13	38	16	41	20	45	25	50	29	56	32	63	34	71	36	79	37	86	38	93	38	99	39	104	41	109	43	113	45	116	48	118	52	119	56	119	59	118	61	116	62	113	62	109	61	105	59	102	56	100	52	99	47	99	42	100	36	102	31	105	27	109	24	113	22	117	21	121	21	124	22	126	24	127	27	127	31	128	36	130	42	131	49	132	57	132	66	131	75	129	83	126	90	122	96	117	101	111	105	104	108	96	110	87	111	79	112	72	112	66	113	61	113	57	112	53	110	50	107	48	103	47	98	46	94	46	91	47	89	49	88	52	88	54	89	55	91	55	93	54	96	52	100	49	105	45	109	40	112	34	114	29	115	24	115	20	114	17	112	14	109	12	105	11	100	11	95	12	90	14	85	17	79	21	74	26	70	32	66	38	63	45	61	52	60	58	60	63	61	68	63	72	64	75	64	77	65	78	66	78	66	
75:
97	26.652	48	62	49	63	51	65	52	68	52	72	52	77	52	81	52	84	53	86	55	87	58	88	61	90	65	93	68	97	72	102	75	107	77	111	80	114	83	116	86	117	90	117	94	116	99	114	105	111	110	107	114	102	117	96	119	89	120	82	120	74	119	67	117	61	114	56	110	52	105	49	101	45	98	40	96	34	95	29	95	25	96	22	98	20	101	19	105	19	109	20	112	20	115	20	117	21	118	21	118	20	117	18	115	15	112	12	108	9	103	7	98	6	94	6	91	7	89	9	86	12	82	14	77	15	73	17	70	20	68	24	66	28	64	31	61	33	57	34	52	34	46	33	39	32	31	30	23	28	16	27	10	27	5	28	1	30	-2	33	-4	37	-5	41	-6	46	-6	52	-5	58	-3	63	0	67	4	70	9	72	15	73	22	74	28	74	33	73	38	71	42	68	45	65	47	63	48	62	48	62	
76:
97	11.207	112	69	111	70	111	72	110	75	108	78	105	82	101	85	97	87	92	88	86	90	81	93	77	95	74	96	71	96	67	95	63	93	58	90	54	86	51	81	49	75	46	70	44	66	43	63	42	60	42	58	43	56	45	54	47	53	50	53	54	52	58	50	61	47	63	43	64	38	64	32	64	27	64	21	65	16	67	12	70	9	74	7	79	6	83	5	86	5	89	5	91	4	92	2	92	0	91	-3	89	-6	86	-9	82	-11	77	-12	71	-12	64	-11	56	-9	48	-6	40	-2	33	3	27	8	21	14	16	21	12	29	9	38	7	47	6	55	6	62	7	68	9	73	10	79	10	86	9	92	7	97	5	101	3	105	2	108	2	111	3	113	5	114	8	114	12	113	17	113	23	112	30	110	38	107	47	103	57	98	67	92	76	86	84	81	91	77	97	74	102	71	106	69	109	68	111	68	112	69	112	69	
77:
105	82.116	25	51	25	50	25	48	25	45	24	41	22	36	20	31	19	27	19	22	20	18	21	15	23	13	26	12	30	12	33	13	37	15	42	18	46	22	49	27	53	33	56	40	60	46	65	51	70	56	76	60	81	65	85	71	89	78	92	84	94	90	95	95	96	99	96	102	95	104	93	105	90	105	86	104	83	103	79	103	75	104	70	106	66	108	63	109	60	109	58	108	57	106	57	104	57	101	58	97	59	92	59	86	58	81	56	77	53	74	49	72	44	71	38	71	33	72	29	74	25	77	21	80	18	84	16	89	15	95	15	101	16	106	18	110	21	113	25	115	30	117	36	118	43	118	51	117	59	115	68	112	78	110	87	108	95	107	102	106	108	106	113	105	117	103	120	100	122	96	123	91	123	85	122	78	120	71	117	65	113	59	108	54	102	50	95	47	87	45	78	44	70	44	61	43	53	42	46	42	40	43	35	44	31	46	28	48	26	50	25	51	25	51	
78:
108	79.536	119	60	119	59	118	57	117	54	116	50	114	45	112	40	109	34	105	29	101	25	97	22	92	20	87	19	83	19	79	20	76	22	74	23	72	25	71	28	70	31	70	35	70	39	71	42	72	44	73	45	74	45	75	44	75	42	74	39	72	35	70	30	67	24	63	19	60	14	56	10	53	7	51	5	49	4	48	4	48	5	48	7	47	10	45	14	42	17	38	19	33	20	28	20	24	19	21	19	19	20	18	22	18	25	19	29	21	34	24	40	28	47	33	54	39	60	44	66	50	73	55	80	59	86	62	91	64	96	66	100	67	103	69	105	72	106	76	106	79	105	81	105	82	105	82	106	81	108	79	111	76	114	73	117	69	119	64	120	58	120	51	119	44	119	38	118	33	116	29	113	26	110	24	108	23	107	23	106	24	105	26	103	29	100	33	96	38	92	44	89	51	86	59	84	68	81	76	77	83	72	91	68	98	64	104	61	109	59	113	58	116	58	118	59	119	60	119	60	
79:
114	37.723	56	68	55	69	53	71	50	73	48	75	47	76	45	76	44	75	44	73	45	71	47	70	50	70	53	71	57	73	62	75	67	77	71	79	74	82	76	84	77	86	77	88	76	89	75	89	74	88	74	86	75	83	77	79	80	76	82	74	85	73	89	73	94	74	98	76	101	79	103	83	104	88	104	93	103	97	101	100	98	102	94	104	89	105	83	105	76	104	68	103	59	103	51	104	43	106	36	108	30	109	25	109	21	108	18	106	15	103	13	99	12	95	12	91	13	86	15	80	17	73	18	67	18	62	17	58	15	55	12	53	8	52	5	52	3	53	2	53	2	52	3	50	5	47	8	44	10	41	11	39	11	38	10	37	10	35	11	33	13	30	16	26	20	23	25	21	31	20	38	20	46	20	55	19	64	19	74	18	83	18	91	17	98	15	104	12	109	10	113	9	116	8	118	8	119	9	119	11	118	13	116	15	113	18	109	22	104	27	98	33	91	39	84	44	77	49	71	54	66	58	62	62	59	65	57	67	56	68	56	68	
80:
130	11.702	77	63	78	62	80	61	83	59	86	58	89	58	91	59	92	61	92	64	92	68	91	73	89	79	86	84	82	88	79	91	77	93	76	96	76	100	77	104	79	107	82	109	86	110	91	110	96	109	102	107	107	104	111	100	114	95	116	89	117	82	117	74	116	66	114	59	112	53	110	47	109	42	108	38	107	35	105	33	102	32	98	32	93	33	89	34	85	34	82	33	79	31	77	28	76	25	75	22	73	20	70	19	67	19	65	20	64	22	62	25	61	29	61	34	62	39	63	43	63	48	62	52	60	55	57	57	53	58	48	58	42	57	37	55	32	53	28	50	24	48	21	47	19	47	18	48	18	50	19	53	21	57	23	62	24	68	24	75	23	81	21	87	18	92	14	96	9	99	5	102	1	104	-2	107	-4	110	-5	114	-5	117	-4	119	-2	120	1	120	4	119	8	117	11	114	13	110	14	105	14	99	13	92	13	84	13	75	12	65	10	54	7	44	4	35	2	27	1	20	0	14	0	9	1	5	1	2	2	0	4	-1	6	-1	9	0	13	2	18	5	24	9	31	14	38	20	44	27	51	35	57	42	62	48	67	53	71	57	74	60	76	62	77	63	77	63	
81:
131	276.501	109	48	109	49	108	51	106	54	105	58	105	63	106	69	108	75	109	80	111	84	112	87	112	90	111	92	109	95	106	97	102	98	98	98	95	97	92	95	89	92	87	88	86	84	85	81	85	79	86	78	88	78	91	79	93	81	94	84	94	87	93	90	91	94	88	97	84	99	79	100	74	100	70	99	66	97	63	94	60	90	58	85	57	80	57	76	58	73	59	70	59	68	58	67	56	67	53	68	49	70	45	72	42	73	40	74	39	74	39	73	40	71	42	68	44	64	47	59	50	53	52	48	54	42	55	35	57	29	59	24	61	20	64	17	68	15	73	14	79	14	85	15	91	16	98	16	104	15	109	15	113	14	116	12	118	9	119	6	119	3	118	0	116	-3	113	-7	109	-12	104	-17	98	-21	92	-24	85	-26	77	-27	68	-27	58	-26	49	-24	41	-21	33	-18	26	-14	20	-9	15	-3	11	4	8	12	6	21	5	31	4	42	4	53	3	64	1	74	-2	83	-4	91	-5	98	-5	104	-4	109	-2	113	0	116	3	118	7	119	12	119	17	118	23	116	30	113	38	109	47	104	57	98	66	91	74	84	81	76	88	69	94	63	99	58	103	54	106	51	108	49	109	48	109	48	
82:
120	154.116	89	45	90	44	92	42	94	39	96	35	97	30	97	25	96	21	95	18	93	16	90	15	86	15	81	16	77	17	72	17	68	16	64	14	61	11	59	9	58	6	58	4	58	3	58	3	57	4	55	6	52	9	50	13	49	18	49	24	50	29	52	33	55	36	57	38	58	40	59	41	60	41	60	40	59	38	57	36	55	33	52	29	48	25	43	22	37	20	30	19	24	19	17	20	11	22	6	25	2	29	-1	34	-3	39	-4	45	-4	52	-4	59	-3	65	-1	70	2	75	6	79	11	82	17	84	22	87	26	91	29	94	32	98	34	102	35	105	35	107	34	108	32	110	29	111	27	113	26	115	26	116	27	118	29	119	32	119	36	118	41	117	46	115	50	112	53	108	55	103	57	98	59	93	62	89	66	86	71	84	76	83	81	83	87	83	94	84	100	86	105	89	109	93	112	96	114	100	115	103	115	107	114	111	112	114	109	116	105	117	100	117	94	116	88	114	83	111	79	107	76	102	74	96	73	89	73	81	73	73	74	66	76	60	79	55	83	51	86	48	88	46	89	45	89	45	
83:
113	29.205	8	48	9	49	11	51	12	54	13	56	13	57	13	57	14	56	15	54	17	51	18	47	19	43	21	39	23	34	24	30	24	27	23	25	21	22	18	19	15	16	11	14	8	13	5	13	3	14	2	16	2	19	3	21	5	22	8	23	12	25	17	26	23	26	30	25	38	23	47	20	55	18	63	16	70	14	76	11	82	9	87	8	91	8	95	9	98	11	100	14	101	18	101	22	100	25	98	28	95	30	91	31	88	31	84	32	81	33	79	35	78	36	78	36	79	35	81	35	84	36	88	38	93	41	98	45	103	50	107	56	110	61	112	67	113	72	113	76	112	80	111	83	109	85	106	86	102	86	97	85	91	84	84	83	76	83	69	83	63	84	58	84	54	84	51	83	49	81	48	78	46	76	44	75	41	75	39	76	38	78	38	81	39	83	41	84	44	84	48	84	51	83	54	81	56	78	57	74	57	69	56	63	54	58	51	53	47	49	42	46	36	44	29	43	23	42	18	42	14	43	11	45	9	47	8	48	8	48	
84:
93	2.789	60	78	61	77	61	75	62	74	64	73	66	73	69	74	73	76	78	79	84	82	91	84	97	87	102	91	106	95	109	99	111	102	112	104	112	105	111	105	110	104	109	102	108	99	107	95	107	90	107	85	108	81	109	77	110	72	112	68	115	64	117	61	118	59	118	57	117	56	115	56	112	57	109	58	105	60	102	61	100	61	98	60	96	58	95	55	93	51	90	46	86	40	81	35	75	31	70	28	66	26	63	25	61	25	59	26	56	28	53	31	49	33	44	34	38	34	31	33	25	31	20	30	16	30	13	31	11	32	9	34	8	37	8	41	9	46	11	52	14	59	16	66	17	74	18	81	18	87	17	92	15	96	13	99	12	101	11	104	11	106	12	107	14	107	17	106	21	104	26	101	32	97	39	92	45	88	50	84	54	81	57	79	59	78	60	78	60	78	
85:
125	4.162	25	43	25	42	25	40	25	37	24	33	24	29	25	26	26	24	27	23	28	23	30	24	32	26	35	28	39	29	43	29	47	28	50	26	54	23	57	20	61	18	65	16	70	15	76	15	81	16	86	18	91	21	95	25	98	28	100	32	101	37	101	43	100	48	99	52	98	57	96	61	93	65	89	69	85	72	82	74	79	75	75	75	71	74	67	72	64	69	61	67	59	66	58	66	58	67	58	69	57	72	56	76	56	81	55	87	54	94	52	101	49	107	45	112	40	116	34	119	29	121	23	122	18	122	14	121	11	119	9	116	8	112	8	107	9	102	11	98	14	95	18	93	23	92	29	92	36	93	44	95	53	97	63	100	72	102	80	103	87	103	93	102	98	100	102	97	105	93	107	90	108	88	108	87	107	87	106	88	106	89	107	91	109	94	111	96	114	97	118	97	123	96	128	94	132	91	135	87	137	82	138	76	138	69	137	61	135	53	133	44	130	36	127	29	124	23	120	18	115	14	109	11	102	9	94	8	85	8	75	9	66	11	58	14	51	18	45	23	40	28	35	33	31	37	28	40	26	42	25	43	25	43	
86:
147	376.178	84	100	85	101	85	103	86	106	88	110	89	113	89	115	88	117	87	118	87	118	86	117	86	115	87	112	89	110	92	108	96	107	100	107	103	108	105	110	108	113	110	116	112	118	115	119	117	119	120	118	122	116	123	113	123	109	122	104	120	98	117	91	113	85	108	80	102	74	95	68	87	63	80	59	74	54	69	49	65	43	62	38	60	34	59	30	58	27	56	25	53	24	49	24	45	23	42	21	40	18	39	14	38	11	37	8	35	6	32	5	28	5	23	6	18	8	14	11	11	15	9	20	8	26	8	33	9	39	11	44	14	48	18	51	23	53	29	54	35	54	40	55	44	57	47	60	49	62	50	65	50	69	49	74	47	80	44	85	40	89	35	92	29	94	23	95	18	95	13	95	9	94	6	92	3	89	1	85	0	82	-1	80	-1	79	0	79	0	80	1	82	3	85	5	89	8	94	12	100	16	106	19	111	21	115	24	118	28	120	33	121	39	121	45	120	52	118	58	115	63	111	68	106	73	100	78	93	82	85	85	77	87	68	88	58	88	49	87	40	85	32	83	25	82	19	82	14	83	10	85	7	87	5	90	4	94	4	99	5	105	7	110	10	114	14	117	19	119	25	120	31	120	38	119	46	117	55	114	64	110	72	105	79	99	85	94	90	90	94	87	97	85	99	84	100	84	100	
87:
90	8.517	88	115	89	115	91	115	94	116	97	118	100	120	103	121	105	121	106	120	108	118	109	115	109	111	108	107	106	102	103	96	99	89	96	81	94	73	92	66	91	60	91	55	92	51	94	48	96	45	99	43	102	42	104	42	105	43	105	45	104	48	102	50	99	52	95	53	90	53	84	52	79	50	75	47	71	43	68	39	64	34	59	28	54	23	49	17	45	12	41	8	38	5	35	3	33	2	32	2	32	3	33	5	34	8	35	11	35	15	34	18	32	20	29	21	25	21	21	20	17	18	12	17	8	15	4	13	1	12	-1	12	-2	13	-3	15	-3	18	-3	21	-2	25	0	30	3	34	7	39	11	43	15	46	20	48	24	51	29	55	34	60	40	66	47	73	53	80	60	87	67	94	73	100	78	105	82	109	85	112	87	114	88	115	88	115	
88:
101	7.386	10	20	10	19	10	17	9	15	9	13	9	12	9	12	10	13	12	15	15	18	18	22	22	26	27	29	33	31	38	32	42	32	45	32	47	31	49	29	51	26	54	22	58	19	63	17	69	16	74	16	78	17	83	19	88	22	92	24	95	25	97	27	98	28	98	29	97	30	95	32	92	34	89	37	85	41	82	45	80	50	79	56	79	61	80	65	82	68	85	72	89	76	94	80	100	83	105	85	109	86	112	86	114	85	115	83	115	80	114	76	112	72	109	68	105	65	100	63	94	62	87	61	80	61	74	62	68	64	62	67	56	71	51	76	47	82	44	88	42	93	41	97	41	100	42	104	44	107	46	110	49	112	51	113	52	114	52	115	51	115	49	114	46	114	42	113	37	111	31	108	25	104	19	99	13	93	8	86	4	80	1	73	-1	65	-2	56	-2	48	-2	41	-1	35	1	30	4	26	7	23	9	21	10	20	10	20	
89:
103	5.972	22	117	23	116	25	115	28	114	32	112	37	111	43	111	49	112	55	112	60	113	66	113	72	112	77	110	83	107	90	104	97	102	103	101	108	100	112	100	115	100	117	101	118	102	118	103	117	103	115	102	112	100	108	97	103	93	97	90	90	88	82	86	74	85	65	85	57	85	50	84	44	82	39	80	35	78	32	76	30	73	29	69	29	64	30	59	32	53	34	47	37	42	39	38	40	34	40	31	39	29	37	28	35	27	32	27	29	28	26	30	24	32	23	33	23	33	24	32	26	30	29	27	33	24	38	22	44	21	51	20	58	20	66	21	73	23	79	24	84	24	88	23	91	21	93	18	94	14	95	10	97	7	100	5	104	4	108	4	112	4	115	5	117	7	118	10	118	14	117	19	115	25	112	30	108	35	103	41	97	48	91	55	84	63	76	72	67	80	58	87	50	93	43	98	37	103	32	107	28	111	25	114	23	116	22	117	22	117	
90:
106	86.033	111	105	110	106	109	108	107	110	105	113	104	115	104	116	105	116	107	115	110	114	113	112	115	109	116	105	116	100	116	95	115	91	114	88	112	86	109	85	105	85	100	84	96	82	91	79	87	75	82	70	78	64	75	57	72	50	70	42	69	33	69	25	70	18	70	12	69	7	67	3	64	0	60	-2	55	-3	50	-3	45	-3	40	-3	36	-2	33	0	31	3	30	7	30	11	31	14	32	16	34	18	36	21	37	24	37	28	36	33	34	38	32	43	30	49	27	54	23	60	18	65	14	69	11	72	9	74	8	76	8	77	9	79	11	81	14	82	18	82	22	81	27	79	33	76	40	72	48	67	57	61	65	54	72	47	79	40	85	32	90	25	94	19	97	14	99	10	100	7	100	5	100	4	101	4	103	5	106	7	109	10	112	13	114	17	115	22	115	28	114	35	113	43	112	51	112	60	113	69	115	77	116	84	116	90	116	95	115	99	113	102	112	104	111	105	111	105	
91:
94	2.35	49	36	50	35	50	33	50	30	51	27	53	25	56	24	60	24	65	25	69	27	72	28	74	28	75	27	75	25	74	22	73	18	73	14	74	11	76	9	79	8	83	8	88	9	93	11	99	14	104	18	108	22	111	27	113	33	114	40	115	48	115	56	114	63	112	69	110	74	108	80	105	85	101	89	96	92	92	94	87	95	82	95	78	94	75	92	73	89	72	85	72	81	71	77	69	74	66	72	63	71	59	71	56	72	54	74	52	76	50	79	47	83	43	88	39	92	35	95	31	97	28	98	25	98	23	97	20	95	17	92	15	88	14	83	14	77	15	70	15	62	16	53	16	44	16	36	17	28	17	21	16	15	15	10	15	6	16	3	18	1	21	0	25	0	30	0	36	1	41	3	45	6	48	10	50	15	51	21	51	26	51	30	50	33	49	35	49	36	49	36	
92:
102	60.05	58	57	59	56	61	54	63	51	66	48	70	46	75	44	80	43	86	43	92	43	98	43	103	42	107	40	110	37	112	33	113	29	113	26	112	23	110	21	107	20	103	19	98	19	92	20	85	21	77	21	70	20	64	18	59	15	55	11	52	8	50	5	48	3	45	2	43	2	42	3	41	5	39	8	37	12	35	15	32	17	30	18	28	18	26	17	25	15	25	13	24	10	22	6	20	3	18	1	15	0	12	0	9	1	7	3	6	6	6	10	7	14	8	19	10	25	11	30	11	34	10	37	8	39	5	40	3	40	2	40	2	41	3	43	5	45	8	48	12	52	17	57	23	63	28	70	33	78	37	86	42	93	48	99	55	104	63	108	71	111	79	113	86	114	92	115	97	115	101	114	104	112	106	109	107	105	107	100	106	94	104	87	101	80	97	74	92	69	86	65	79	61	73	58	68	56	64	55	61	55	59	56	58	57	58	57	
93:
114	7.838	19	54	20	53	22	51	23	48	23	44	22	39	20	35	17	32	14	29	12	27	11	26	11	26	12	27	14	29	17	32	21	36	25	41	28	47	30	54	31	62	32	69	32	75	31	80	29	84	26	88	22	93	19	98	17	102	16	107	16	111	17	114	19	116	22	117	26	117	31	116	36	114	41	112	45	109	49	105	52	100	54	95	55	89	55	84	54	78	53	72	53	65	54	59	56	54	58	50	61	47	65	45	70	44	76	44	81	45	85	47	88	50	90	53	91	55	91	56	90	56	88	55	86	53	85	50	85	46	86	41	88	36	91	30	94	25	98	21	103	18	108	16	112	15	115	15	117	16	118	18	118	21	117	25	117	30	116	36	114	43	112	51	109	59	107	67	106	74	106	80	107	85	109	89	112	92	116	95	119	97	121	99	122	102	122	106	121	110	119	113	116	115	113	117	109	118	104	118	99	117	94	115	88	112	81	108	73	103	64	97	55	90	47	82	40	75	34	69	29	64	25	60	22	57	20	55	19	54	19	54	
94:
114	7.639	82	13	81	14	79	16	76	18	72	20	69	21	67	21	66	20	65	18	63	15	60	11	57	7	53	4	50	2	46	1	41	1	36	2	32	4	29	7	27	11	26	16	26	22	27	27	29	31	32	34	35	37	37	39	38	40	38	42	37	44	35	46	32	47	28	47	23	46	18	44	13	41	9	37	5	32	2	28	0	25	-1	21	-1	18	0	15	1	13	3	12	6	12	10	13	14	15	17	18	20	22	22	27	25	33	29	40	34	48	40	57	47	66	54	74	62	81	69	87	75	92	80	97	84	102	87	106	90	110	92	114	93	117	93	119	92	120	90	120	87	120	83	119	78	117	72	115	65	113	57	112	48	112	39	112	31	112	24	112	18	112	13	112	9	111	6	109	4	107	3	105	3	102	4	98	6	93	9	87	13	82	18	77	24	73	31	70	39	68	48	67	57	66	66	64	74	61	81	57	87	52	92	46	96	41	99	37	101	34	102	30	102	25	101	21	99	17	96	14	92	12	88	11	85	11	83	12	82	13	82	13	
95:
107	60.208	43	27	44	26	46	25	49	25	53	24	57	22	60	19	64	15	69	11	73	8	76	6	78	5	79	5	79	6	78	8	76	11	73	15	70	20	68	26	67	33	67	39	68	44	70	48	73	51	76	53	80	54	85	54	91	55	96	57	102	59	108	60	113	60	117	59	120	57	122	54	123	50	123	46	122	43	120	41	117	40	115	40	114	41	114	43	115	46	117	50	118	55	118	61	117	68	115	74	112	79	109	83	105	87	100	90	95	92	89	93	82	93	75	92	67	90	59	88	52	87	44	86	36	86	29	86	23	87	18	88	14	88	11	87	9	85	8	82	8	78	9	74	11	69	14	63	18	56	21	50	23	44	24	39	24	35	23	32	22	30	20	29	17	29	13	30	9	32	6	33	4	33	3	32	3	30	4	27	4	23	3	19	1	14	0	10	0	7	1	5	3	4	6	4	10	5	15	7	21	10	27	14	32	18	36	21	39	24	41	26	42	27	43	27	43	27	
96:
106	60.736	89	84	88	83	86	81	83	78	79	75	74	73	70	72	67	72	64	73	62	75	61	78	59	82	57	85	55	87	52	88	48	88	43	88	38	87	33	87	29	88	25	90	22	92	19	93	16	93	14	93	13	94	13	96	14	98	16	100	19	103	23	105	28	106	34	106	39	106	43	106	46	107	48	108	50	110	51	111	51	112	50	112	48	111	45	109	41	106	37	102	32	97	26	91	21	84	17	76	14	69	12	62	11	56	11	51	12	47	14	44	17	42	21	41	26	41	31	40	35	38	38	35	40	31	41	27	41	22	40	18	38	15	35	13	31	12	27	12	24	13	22	15	21	17	21	20	22	24	24	27	27	29	31	30	36	31	42	31	49	30	56	28	62	25	67	21	71	16	74	12	76	9	78	7	81	6	84	6	86	7	87	9	87	12	86	16	84	21	83	27	83	34	84	42	86	50	88	57	90	63	91	69	91	74	91	78	90	81	90	83	89	84	89	84	
97:
116	6.94	65	76	66	75	66	73	67	70	69	66	72	61	75	55	79	48	82	42	84	36	85	30	86	24	87	19	88	15	90	12	92	10	95	9	98	9	102	10	106	12	109	15	111	19	112	24	112	30	111	37	109	43	106	48	103	52	101	57	98	61	96	64	95	66	95	67	96	67	98	67	101	66	105	66	110	67	114	69	117	72	119	76	120	81	120	87	119	92	117	96	114	99	110	101	105	102	99	102	94	101	88	99	81	96	73	92	65	87	58	81	51	76	45	72	39	69	34	67	30	65	27	64	25	62	24	59	24	55	25	52	27	49	28	46	28	42	27	37	25	33	23	30	21	28	20	27	20	27	21	28	23	28	25	27	28	25	32	22	37	18	41	13	44	9	46	6	48	4	49	3	49	3	48	4	46	6	43	9	41	13	38	18	34	23	29	29	23	36	17	43	12	51	8	58	5	65	3	71	2	77	2	83	3	88	5	92	8	95	12	97	17	98	23	98	30	97	37	95	44	93	50	90	55	86	59	82	62	79	64	77	65	76	65	76	
98:
108	136.124	38	79	39	80	41	82	42	85	42	89	42	94	41	99	40	103	38	106	35	108	33	109	32	109	32	108	33	106	35	104	38	102	42	101	47	101	53	102	60	104	67	107	73	109	78	112	82	114	86	115	91	115	96	114	102	112	107	109	111	105	114	101	116	96	117	91	117	85	117	80	117	76	116	73	114	71	111	70	107	70	102	71	96	73	90	75	85	76	81	76	78	75	76	73	75	70	75	66	76	61	77	55	78	49	78	44	78	39	78	35	77	32	75	30	72	29	69	29	67	29	66	30	66	32	67	34	69	35	72	35	76	34	81	32	86	31	90	31	93	30	95	30	96	29	96	27	95	24	93	20	90	17	86	15	81	14	75	14	68	13	61	13	55	14	50	16	46	19	43	23	41	28	39	33	38	38	36	42	33	45	29	47	24	48	19	48	15	47	12	45	10	44	9	44	9	45	10	47	12	50	15	54	19	59	24	64	28	69	32	73	35	76	37	78	38	79	38	79	
99:
129	179.007	77	9	78	10	80	12	81	15	83	18	84	22	84	25	83	27	81	28	78	28	74	29	69	31	63	34	57	38	52	43	46	47	41	50	37	52	34	53	32	53	31	52	31	50	31	47	32	43	34	39	37	36	39	33	40	29	40	24	39	19	37	15	36	11	36	8	37	6	39	4	42	3	45	2	47	1	49	0	50	0	50	-1	49	-3	47	-5	44	-6	40	-7	35	-7	30	-6	24	-4	19	-2	15	-1	12	1	9	4	7	6	6	9	6	12	7	14	9	16	12	18	16	21	21	24	27	28	34	33	42	38	51	44	59	50	66	57	72	63	77	68	81	72	84	75	86	77	87	79	87	80	88	80	90	79	93	77	97	74	101	70	104	65	107	61	109	58	111	56	114	55	116	55	118	56	119	58	119	61	118	65	116	69	113	74	109	80	104	87	98	93	92	98	87	103	82	107	78	110	75	112	71	113	68	113	66	112	65	110	63	107	60	103	56	99	52	96	47	94	42	93	36	93	31	94	27	94	24	93	22	91	21	88	21	84	22	80	24	75	27	69	31	62	36	54	42	45	49	37	56	30	62	24	67	19	71	15	74	12	76	10	77	9	77	9	