0:
137	202.293	70	51	69	51	67	50	64	48	60	46	55	43	49	39	43	34	37	28	30	23	24	19	19	15	15	11	11	8	8	6	6	5	5	5	5	6	6	8	8	11	10	15	13	20	17	26	21	33	24	40	26	47	27	55	27	64	26	74	25	83	25	91	26	98	28	104	31	109	33	113	35	116	36	119	36	122	35	126	33	130	30	133	27	135	25	137	24	140	23	144	23	149	24	153	26	156	29	158	33	159	38	160	44	160	51	159	59	157	68	154	76	150	83	145	89	139	94	134	98	129	101	123	103	117	104	112	104	108	103	105	101	103	98	102	95	102	93	103	91	105	90	108	90	112	91	116	93	121	96	127	100	132	105	136	110	139	116	141	121	142	127	142	132	141	136	139	139	137	141	135	142	134	142	134	141	135	141	137	140	140	140	144	141	147	143	149	144	150	144	152	143	155	141	157	138	158	134	158	129	157	123	155	116	152	108	148	100	143	92	137	85	130	79	122	74	113	70	103	67	93	65	82	64	71	62	60	59	50	57	41	56	33	56	26	57	20	58	15	60	11	62	8	65	6	67	5	70	5	72	6	75	8	78	11	80	15	81	20	81	25	81	31	80	36	78	41	75	45	73	48	71	50	70	51	70	51	
1:
132	19.39	159	79	160	78	160	76	159	73	157	70	155	66	152	63	148	61	143	60	138	60	134	61	131	63	129	66	128	70	128	75	128	81	129	88	130	96	130	105	129	113	128	120	127	126	126	131	124	135	121	139	118	142	114	144	110	145	106	145	103	144	101	142	99	139	98	137	98	136	97	136	97	137	98	139	99	142	99	146	99	150	98	153	96	155	94	156	91	156	88	155	85	153	83	150	82	146	81	141	80	135	79	128	79	122	80	117	81	111	81	105	80	100	78	94	75	87	71	80	67	74	64	68	62	62	61	57	61	51	62	46	64	42	67	39	71	37	75	36	80	36	86	37	91	38	95	40	99	41	104	41	108	40	111	38	113	35	114	31	114	26	113	20	111	13	108	7	104	2	99	-2	93	-5	86	-7	78	-8	70	-8	63	-7	57	-5	52	-2	47	2	43	7	40	13	38	20	35	28	31	37	26	46	20	56	14	67	9	78	5	90	2	101	0	111	-1	120	-1	128	0	135	2	141	5	146	9	150	13	153	18	155	24	156	31	156	39	155	48	153	58	150	69	146	81	141	93	135	104	128	114	120	123	112	131	105	138	99	144	94	149	89	153	85	156	82	158	80	159	79	159	79	
2:
131	444.095	134	93	133	93	132	93	132	94	133	94	135	95	138	97	142	98	145	98	148	97	150	96	152	96	153	95	153	93	152	90	150	87	147	84	143	82	138	80	132	79	126	79	121	80	117	82	114	85	112	89	111	94	111	100	112	105	114	110	116	114	119	118	121	123	122	128	122	132	121	135	119	137	116	138	112	138	107	138	101	139	94	140	88	141	83	141	79	141	76	140	74	138	73	136	73	134	72	133	70	132	67	130	63	129	59	127	56	124	53	120	49	115	46	109	44	104	43	100	43	97	42	95	40	94	37	94	35	95	33	97	31	100	28	104	24	109	20	115	15	120	11	126	7	131	4	136	2	140	0	143	-1	145	-1	146	0	146	0	145	0	143	-1	140	-3	136	-6	131	-8	125	-9	118	-10	110	-11	101	-13	91	-14	80	-14	70	-13	61	-11	53	-8	46	-4	40	1	35	5	31	10	28	16	26	21	24	27	23	34	23	40	24	45	26	49	28	53	31	58	35	64	39	69	42	73	44	76	45	80	45	85	44	91	42	97	40	104	38	110	37	115	37	119	38	123	40	126	43	128	47	129	52	129	58	130	65	130	72	129	78	129	83	130	87	131	90	133	92	134	93	134	93	
3:
146	76.784	30	19	29	18	27	17	24	16	20	16	15	16	10	17	6	19	3	22	1	26	0	30	0	35	1	40	3	44	6	47	10	50	15	52	21	53	28	54	36	56	43	57	49	58	55	59	60	61	64	64	67	68	69	72	70	75	70	79	69	83	67	86	66	88	66	89	67	91	69	92	72	93	76	94	80	96	83	99	85	103	87	108	88	114	88	120	88	125	87	129	86	132	84	134	81	135	77	136	72	136	66	136	59	136	51	135	44	133	38	130	33	126	29	121	26	117	24	114	23	110	23	106	24	101	26	95	29	88	33	82	38	77	44	73	51	68	57	64	62	59	67	53	71	47	74	40	76	33	77	27	77	22	76	18	74	14	71	11	68	9	66	8	65	7	65	7	66	8	68	10	71	11	75	11	80	10	86	9	93	9	101	10	109	10	117	10	124	11	130	12	135	14	140	17	144	21	148	24	151	27	153	30	154	34	154	38	153	43	151	49	148	56	144	63	140	71	137	78	135	84	134	89	133	93	133	97	134	100	136	104	139	108	142	113	144	119	145	125	145	130	144	134	142	137	139	139	137	140	134	140	130	139	125	137	119	134	112	130	104	125	95	119	85	112	75	104	66	95	58	85	51	74	45	64	40	55	36	47	33	40	31	34	29	29	28	25	28	22	29	20	30	19	30	19	
4:
136	232.604	108	3	108	4	107	6	105	9	102	13	98	18	94	23	89	28	83	32	77	35	72	37	68	39	64	41	61	44	59	48	58	52	58	57	59	63	61	68	64	72	68	75	72	77	75	78	78	78	80	79	81	81	81	84	80	87	79	91	78	95	78	98	79	100	81	101	84	101	87	101	89	102	90	104	90	107	89	111	87	115	84	120	81	126	79	132	78	139	78	145	79	150	81	154	83	157	85	159	87	160	89	160	90	159	90	157	89	154	89	150	90	145	91	139	93	132	96	124	99	115	103	106	107	96	112	87	118	79	125	72	133	66	140	61	146	57	151	53	155	50	158	48	160	47	161	47	161	48	160	50	158	52	155	53	151	53	146	53	140	52	133	50	125	48	116	45	106	41	95	38	84	36	73	35	63	35	54	36	46	38	39	41	33	45	28	50	24	55	21	59	19	62	18	65	18	67	19	68	21	70	24	73	27	77	29	81	30	84	30	86	29	87	27	87	24	86	20	84	15	81	11	77	8	72	5	66	3	59	2	53	2	46	3	38	5	29	8	20	12	12	17	5	23	-1	30	-6	38	-10	47	-13	57	-15	66	-16	74	-16	81	-15	87	-13	93	-10	98	-6	102	-3	105	0	107	2	108	3	108	3	
5:
130	141.924	84	130	85	129	87	128	90	126	93	125	95	124	96	122	96	119	95	116	93	113	90	111	86	110	81	110	77	110	74	110	72	109	71	107	71	104	72	100	73	95	74	89	76	84	77	80	79	76	82	72	85	68	89	65	92	62	95	60	97	59	98	58	98	57	97	57	95	57	92	56	88	54	83	51	79	47	76	43	74	38	73	34	73	31	74	28	76	24	79	21	83	19	88	18	94	18	101	19	107	21	113	24	118	27	122	31	125	36	127	42	128	48	128	54	127	59	125	63	124	68	124	73	125	77	127	80	130	82	134	84	139	85	144	85	148	84	152	82	155	79	157	75	158	70	158	64	159	57	160	49	160	40	159	31	157	23	154	16	150	10	145	5	139	1	132	-2	124	-4	115	-5	105	-5	94	-4	82	-2	70	1	59	5	49	10	40	16	32	23	25	30	19	36	14	42	10	47	7	52	5	56	4	59	4	62	5	66	7	70	10	74	14	79	19	85	25	92	32	100	40	107	49	114	57	122	64	129	70	135	75	140	79	144	82	147	84	149	85	152	85	154	85	155	84	155	84	154	85	152	86	149	87	145	88	140	88	136	87	133	85	131	84	130	84	130	
6:
117	10.421	121	68	120	67	118	67	116	68	115	69	114	71	114	74	115	77	117	81	119	84	122	86	126	87	131	87	135	86	138	84	141	81	143	77	144	72	145	67	145	61	144	55	144	50	143	45	141	41	138	38	134	36	129	35	125	35	120	36	116	38	113	41	110	45	108	49	106	52	103	54	99	55	95	55	92	54	90	52	89	50	89	49	90	49	90	50	91	52	91	55	90	59	88	62	85	65	81	67	76	68	71	68	66	68	62	69	58	71	55	74	53	77	52	79	52	80	53	80	54	79	54	77	53	74	51	71	48	69	44	68	41	68	38	69	36	71	35	74	35	78	36	83	38	88	41	94	45	101	49	109	54	117	58	124	61	130	63	135	64	139	64	142	63	144	62	145	62	145	63	144	65	142	68	139	72	136	77	134	83	133	90	133	98	134	107	136	116	138	124	140	131	143	137	146	142	148	146	149	149	149	151	148	153	146	154	143	154	139	153	134	151	128	148	121	144	113	139	104	134	96	130	89	126	83	123	78	121	74	120	71	120	69	121	68	121	68	
7:
127	27.749	159	93	160	94	162	96	165	99	167	103	168	108	168	114	167	121	165	129	162	138	158	146	153	153	147	159	140	164	132	168	123	171	115	173	107	174	100	174	94	173	89	171	85	168	82	164	80	159	79	154	79	148	80	141	82	134	85	127	88	120	90	112	91	105	91	99	90	92	90	84	91	77	93	71	96	66	100	60	105	53	111	47	118	41	124	35	129	30	133	24	136	19	139	15	141	12	142	9	142	5	141	2	139	-1	136	-3	132	-4	127	-4	121	-3	115	-1	110	2	106	6	102	10	99	15	97	19	96	22	96	24	97	25	99	27	100	28	100	28	99	27	97	25	94	24	90	22	85	19	80	15	74	12	67	10	59	9	50	9	42	10	34	12	27	15	21	19	16	24	12	29	9	33	7	37	6	41	6	45	7	48	9	50	12	53	15	57	19	62	23	68	26	75	28	83	29	92	29	101	28	111	26	120	23	128	21	135	20	141	20	146	21	150	23	153	26	155	30	156	35	156	41	155	48	153	56	150	65	146	74	141	84	135	95	130	105	125	114	121	123	116	131	110	138	105	144	101	149	98	153	96	156	94	158	93	159	93	159	93	
8:
132	708.707	107	1	106	0	104	-1	101	-3	97	-4	92	-4	88	-3	85	-2	83	0	82	2	82	3	83	5	85	7	88	10	92	14	97	19	103	25	110	30	118	34	125	37	131	40	136	43	140	47	143	50	145	52	146	53	146	55	145	57	143	59	140	62	136	65	131	69	126	72	120	74	114	76	109	77	105	79	102	82	100	85	99	89	99	92	100	94	102	97	105	99	109	100	114	102	119	104	124	107	128	111	131	114	133	116	134	119	134	123	133	127	131	131	128	136	125	142	121	147	117	151	114	154	111	156	108	157	104	157	100	156	95	154	90	151	84	147	77	143	71	139	66	136	62	133	58	131	55	130	53	130	52	131	51	131	49	130	47	128	46	126	45	123	44	120	44	118	43	117	41	117	40	118	40	120	40	123	40	127	41	132	42	137	43	143	45	148	48	152	50	155	51	157	52	158	54	158	55	157	57	155	58	152	60	148	63	143	65	137	66	130	66	122	65	113	63	103	60	92	57	81	53	71	48	62	44	54	41	47	39	41	38	36	38	31	39	26	41	22	44	18	48	13	53	9	58	6	64	4	71	3	79	2	86	2	92	2	97	2	101	3	104	3	106	2	107	1	107	1	
9:
127	50.871	97	68	98	67	100	65	103	64	107	64	112	64	118	65	123	67	127	70	130	74	132	79	133	84	133	88	134	91	136	93	138	94	141	94	144	93	147	91	151	88	155	84	158	80	160	75	161	69	161	63	160	58	158	54	157	51	156	49	156	48	157	48	158	49	159	51	161	54	163	57	165	61	166	66	166	72	166	79	165	87	163	96	160	106	156	115	151	123	145	130	138	136	131	141	123	145	114	148	106	151	99	154	93	156	88	157	84	157	81	157	78	156	76	154	75	151	75	147	74	142	73	136	71	130	68	124	64	118	59	113	53	109	48	104	44	98	41	91	39	84	38	78	37	73	35	69	32	66	28	64	23	63	18	63	14	63	11	64	9	65	7	67	6	70	6	74	7	79	7	85	6	91	6	97	7	102	8	106	9	109	11	111	13	112	16	112	18	111	19	109	20	106	22	102	23	97	23	91	24	84	25	76	25	67	26	59	26	52	27	45	27	38	26	32	26	27	27	23	29	20	32	18	36	17	41	17	46	18	51	20	57	23	64	26	70	30	75	35	79	41	82	47	84	53	87	58	91	62	94	65	96	67	97	68	97	68	
10:
116	143.921	100	58	100	57	100	55	101	52	103	48	104	43	106	39	109	34	112	30	114	27	115	24	115	22	114	21	112	19	111	17	111	14	112	10	114	7	117	5	121	4	126	4	132	5	137	7	141	10	144	14	146	19	147	25	147	32	146	40	144	49	142	59	139	68	137	78	134	88	130	97	127	105	123	113	120	121	118	128	117	134	117	139	118	143	119	146	119	148	118	149	116	149	114	148	111	146	107	144	103	143	98	143	92	144	86	146	80	149	75	151	71	152	68	152	66	151	65	149	65	147	65	145	64	144	62	144	59	144	55	144	50	145	44	145	37	144	30	142	24	139	18	135	13	130	9	124	6	117	4	109	3	102	3	95	4	89	6	84	9	80	13	75	16	69	20	63	23	57	25	51	26	45	26	40	25	36	23	33	20	31	16	30	12	28	9	25	7	21	5	17	4	13	4	10	5	8	7	6	10	5	14	5	19	6	25	8	32	11	39	15	47	20	56	24	64	28	72	32	79	37	85	43	90	48	94	52	97	55	99	57	100	58	100	58	
11:
131	110.107	24	86	25	86	27	87	29	89	31	92	32	95	32	99	31	104	29	109	26	114	24	120	23	127	23	133	24	138	26	142	28	146	31	149	33	151	36	153	40	154	44	154	47	153	49	151	50	148	50	144	50	140	51	137	53	135	56	134	60	134	65	135	70	137	76	140	83	144	89	147	94	149	98	150	101	150	103	149	104	147	104	144	103	140	101	135	99	131	96	126	94	121	93	116	93	112	94	109	96	107	99	106	103	106	108	107	114	109	119	112	123	116	126	121	128	127	130	134	133	140	136	145	138	149	140	152	143	154	147	155	152	155	157	154	161	152	164	149	166	145	167	140	167	134	166	127	164	119	161	110	159	100	158	89	158	79	158	70	159	61	159	53	158	46	156	40	153	35	149	31	144	28	138	26	131	25	123	25	114	25	106	25	97	24	89	24	82	23	76	21	70	20	63	20	55	21	48	23	42	26	37	29	33	33	30	36	27	38	24	39	22	39	21	38	21	36	21	33	20	29	18	25	15	22	11	20	7	19	4	19	1	20	-1	22	-2	25	-2	29	-3	34	-3	40	-2	47	0	55	3	62	7	68	11	73	15	77	18	80	21	83	23	85	24	86	24	86	
12:
131	159.573	66	78	67	79	69	81	71	84	73	86	75	87	76	89	76	92	75	95	73	97	70	100	68	102	67	103	67	103	68	102	70	100	73	97	77	94	82	92	88	91	95	90	102	90	108	90	113	89	117	87	120	84	122	80	123	75	123	70	122	66	120	63	117	61	113	60	108	60	104	61	99	63	94	65	90	66	87	66	85	65	83	63	81	60	78	56	74	53	70	51	65	49	59	48	54	48	49	49	43	51	38	54	34	58	31	63	29	68	28	74	28	79	28	85	27	90	25	96	22	102	18	107	14	111	10	116	6	120	3	125	1	131	0	138	0	144	1	149	3	153	6	156	10	158	15	159	21	159	28	159	36	158	45	157	54	156	64	156	75	156	86	155	97	153	107	150	116	147	124	143	131	138	137	132	142	125	146	117	149	108	151	98	153	87	154	75	154	62	153	50	151	38	148	27	145	17	142	7	138	-2	133	-10	127	-17	120	-23	112	-28	103	-32	93	-35	84	-37	75	-38	67	-38	60	-37	53	-35	46	-32	40	-28	35	-23	31	-17	28	-10	26	-3	25	5	25	14	26	23	28	31	31	40	35	48	40	55	45	61	51	66	56	70	60	73	63	75	65	77	66	78	66	78	
13:
114	109.129	134	116	135	115	137	113	139	110	140	106	140	102	140	98	139	95	137	93	134	92	130	92	125	93	119	95	114	98	110	100	106	101	102	101	99	100	97	98	96	95	96	91	96	86	96	80	95	75	94	71	92	68	91	66	89	65	86	65	83	66	79	68	74	71	70	75	67	80	65	86	64	93	64	100	65	108	67	115	70	121	74	126	79	130	85	133	91	135	98	136	104	136	109	135	115	133	122	130	129	126	135	121	140	115	144	108	147	100	149	91	150	81	150	72	150	62	151	53	151	45	150	38	148	32	145	27	141	23	136	20	130	18	123	17	115	17	106	16	96	15	86	13	76	10	67	7	59	5	52	4	46	4	41	5	37	7	34	10	32	14	30	19	28	25	26	32	24	39	21	47	17	55	13	63	10	72	7	81	5	89	4	97	4	106	5	115	7	123	10	130	14	136	19	141	25	145	32	148	40	150	49	151	59	152	70	152	80	151	89	149	98	146	106	142	113	137	119	131	124	126	128	122	131	119	133	117	134	116	134	116	
14:
126	56.206	135	62	134	61	132	60	130	58	129	57	127	57	126	58	126	60	126	62	127	63	128	63	128	62	128	60	128	57	127	55	125	52	122	50	118	49	115	49	111	49	108	48	106	46	105	43	104	40	104	38	103	37	103	37	102	38	100	40	98	43	96	45	95	46	93	46	92	45	92	43	91	40	89	36	87	31	84	27	80	23	75	20	69	18	62	16	54	14	47	13	40	13	33	14	26	16	20	19	15	23	11	28	8	34	6	41	5	49	5	57	6	66	8	75	11	83	15	91	20	98	26	104	33	109	40	113	48	116	56	118	63	119	69	120	74	120	78	119	81	117	83	115	84	114	84	113	83	112	81	112	78	113	74	115	69	118	64	122	60	127	56	133	53	140	51	147	50	154	50	160	51	165	53	170	56	174	60	177	65	179	71	180	78	180	86	180	95	179	104	177	114	174	124	170	133	165	142	159	150	152	157	144	163	135	168	125	172	114	175	103	177	92	178	82	178	73	177	65	175	58	172	52	168	47	163	43	157	40	150	38	144	37	139	37	135	38	132	40	130	43	129	47	129	52	130	56	132	59	134	61	135	62	135	62	
15:
136	83.463	42	30	43	31	44	33	45	36	45	39	44	41	43	42	41	42	40	41	40	39	39	36	39	32	39	28	40	25	42	22	45	20	49	19	52	19	56	20	61	22	67	23	72	25	76	26	80	26	83	25	86	23	89	21	93	20	97	20	100	21	103	23	107	26	112	30	118	33	124	37	129	40	133	42	136	43	138	43	139	44	139	45	138	46	136	46	133	45	129	43	124	40	118	36	111	33	104	31	98	30	91	30	85	31	79	33	74	36	70	40	67	45	65	51	64	58	64	65	65	71	67	76	70	80	73	83	75	86	76	88	76	90	75	91	73	91	70	90	66	89	61	87	55	85	48	84	41	84	35	85	30	87	26	90	22	94	19	99	17	105	16	112	14	118	13	124	12	131	12	138	13	144	15	149	18	153	22	156	27	158	32	159	37	159	42	158	48	156	55	153	63	149	71	144	78	140	84	136	91	133	99	130	108	128	116	127	123	127	129	128	134	130	138	133	141	137	143	142	144	146	144	149	143	151	141	152	138	152	134	151	129	149	123	146	116	142	108	137	99	131	91	124	84	116	77	108	71	100	65	92	60	83	56	75	51	66	47	58	44	51	42	45	41	40	40	36	40	33	41	31	42	30	42	30	
16:
129	104.85	18	73	19	73	21	72	24	71	28	71	33	72	39	74	44	77	48	81	51	86	53	92	54	98	54	103	54	109	53	114	51	118	48	122	44	125	39	127	35	128	32	128	30	127	29	125	29	122	30	119	32	117	35	116	39	116	44	117	50	119	57	122	64	125	70	127	75	128	79	130	82	133	84	137	85	141	85	144	84	146	84	147	85	147	87	146	90	146	94	147	99	147	105	148	110	149	114	151	117	152	120	152	122	151	123	149	123	146	122	142	120	137	119	131	118	124	117	116	117	107	118	97	120	87	123	77	127	68	130	60	132	53	133	47	133	42	132	38	130	35	127	33	123	32	118	31	112	31	107	32	103	34	100	37	98	40	95	43	91	45	87	47	84	48	82	48	80	47	79	45	79	42	80	38	82	34	85	31	89	29	94	28	100	28	106	28	111	27	115	25	118	23	120	21	121	18	121	14	120	10	118	7	115	5	111	4	106	3	100	3	93	4	85	6	76	9	66	11	55	12	45	12	36	13	28	14	21	14	15	15	10	17	6	20	3	24	1	29	0	34	0	39	1	45	3	52	5	58	8	63	12	67	15	70	17	72	18	73	18	73	
17:
109	80.071	4	83	5	84	7	86	9	87	12	89	14	91	15	94	15	98	14	103	12	109	10	116	8	123	7	129	7	134	8	138	10	141	13	143	17	145	22	146	28	146	35	145	43	145	52	145	62	146	73	148	83	151	92	153	100	154	107	154	113	153	118	151	122	149	125	146	127	142	128	137	128	131	127	124	126	116	126	107	126	98	127	89	129	81	131	73	132	66	133	60	134	55	136	51	139	48	143	45	147	41	150	36	152	30	153	23	153	17	152	12	151	8	149	5	146	3	142	1	138	0	133	0	129	1	125	3	120	6	114	10	109	15	105	21	102	28	99	36	96	43	94	49	91	54	87	58	84	61	82	63	80	64	79	65	79	67	80	68	82	69	84	69	85	68	85	66	84	63	82	59	79	54	75	49	70	45	65	41	60	38	56	34	51	31	45	29	38	28	32	28	27	29	23	31	18	34	14	38	10	43	7	49	5	56	3	62	1	68	0	73	0	77	1	80	3	82	4	83	4	83	
18:
119	50.261	99	112	99	111	99	109	99	106	98	102	96	98	93	95	91	93	88	92	86	92	85	93	85	95	86	98	87	102	88	106	88	111	87	116	85	120	83	123	80	125	76	126	73	126	70	125	67	123	64	120	60	116	55	112	49	109	44	107	39	106	35	105	32	103	30	100	28	96	27	92	27	89	28	87	29	86	29	86	28	87	26	89	23	92	20	95	18	99	17	103	17	108	18	113	20	119	23	125	27	130	32	136	38	141	45	146	53	150	62	154	72	157	81	160	90	162	100	163	109	163	117	162	124	160	130	157	135	153	139	148	142	142	144	135	145	127	145	118	144	108	142	98	139	87	135	77	130	68	124	60	117	53	110	47	104	42	99	38	95	34	92	29	89	25	85	22	80	20	74	19	67	18	59	18	50	17	41	15	33	14	25	12	18	10	12	9	7	8	3	8	0	9	-2	11	-3	14	-3	18	-2	23	0	28	3	33	7	37	11	42	16	47	22	53	29	60	37	68	45	75	54	81	63	86	71	90	78	93	84	97	89	102	93	106	96	109	98	111	99	112	99	112	
19:
119	26.93	20	116	19	115	18	113	16	110	14	106	13	102	13	99	14	97	16	96	19	96	23	97	28	97	32	96	35	94	37	91	38	87	38	82	37	76	35	71	32	67	28	62	23	56	19	49	16	42	14	36	13	31	13	27	14	24	15	21	17	19	20	18	24	18	29	18	35	19	42	21	50	23	59	25	69	26	80	26	91	25	101	24	110	22	119	20	127	19	134	19	140	20	145	22	149	25	152	29	155	34	157	40	158	47	158	55	158	64	157	74	155	83	152	91	150	99	148	107	146	114	145	120	145	126	145	131	145	135	144	140	142	144	139	147	135	149	130	150	124	150	117	149	109	149	100	150	91	152	82	155	72	158	62	162	53	165	45	167	38	168	32	168	27	167	23	167	20	166	18	164	17	161	17	157	18	154	20	152	23	151	27	151	32	150	38	148	45	145	53	141	60	136	66	131	71	125	75	118	78	110	81	103	83	97	84	92	84	88	83	85	81	83	78	82	74	82	69	83	63	85	56	88	48	92	41	97	35	102	30	106	26	110	23	113	21	115	20	116	20	116	
20:
126	28.381	90	19	89	19	87	19	84	18	80	18	75	19	71	21	67	24	64	27	62	31	61	36	61	42	61	48	61	54	62	60	64	67	67	73	71	79	74	84	76	88	77	91	78	93	78	94	77	94	75	93	72	91	68	89	63	87	59	86	56	86	54	87	53	89	53	92	54	96	56	100	58	105	61	109	65	112	68	114	71	115	74	115	78	114	82	113	85	113	87	114	88	116	88	119	87	123	87	128	86	133	86	138	87	142	88	145	90	147	93	148	97	148	102	147	107	145	112	142	116	138	119	133	121	127	122	120	122	112	121	103	120	93	120	82	119	71	117	61	116	52	116	44	116	37	117	31	119	26	122	22	126	19	130	16	135	14	139	12	142	11	144	11	145	12	145	13	144	14	142	14	139	13	135	13	130	13	124	12	117	10	110	7	102	5	93	4	83	2	72	1	61	1	51	1	42	2	34	4	27	7	21	11	15	16	10	22	6	28	3	34	1	39	0	43	0	46	1	48	3	49	6	49	10	50	15	50	21	49	28	47	36	46	45	44	54	41	62	37	69	32	75	28	80	25	84	22	87	20	89	19	90	19	90	19	
21:
116	86.064	90	32	89	31	87	30	85	30	82	30	78	30	73	30	69	29	65	27	62	25	60	22	59	19	59	15	60	11	62	8	65	5	69	3	74	2	80	2	85	3	89	5	92	8	94	12	95	17	97	23	100	28	104	32	109	35	115	37	121	39	127	40	133	40	138	41	142	43	145	46	147	50	148	55	148	61	147	67	145	73	142	79	139	86	137	93	136	99	136	105	137	110	139	114	141	117	143	119	144	120	144	120	143	119	141	117	138	116	134	116	129	115	123	113	116	110	110	108	103	105	97	101	92	98	87	96	83	95	80	94	78	94	77	95	77	97	76	100	75	104	73	109	70	114	66	119	61	124	55	128	50	131	46	133	43	134	41	134	40	135	40	137	41	140	43	143	44	145	44	146	43	146	41	145	38	144	34	142	29	139	24	135	19	130	14	124	10	118	7	111	5	105	4	98	4	90	5	81	7	71	10	62	14	54	19	47	25	41	32	36	40	32	49	29	57	27	64	26	70	26	75	27	80	29	84	31	87	32	89	32	90	32	90	32	
22:
104	30.413	88	81	87	81	85	82	83	84	80	85	76	85	71	84	65	83	59	83	54	84	50	86	47	89	45	93	44	98	44	104	44	109	44	113	43	116	41	118	38	119	34	119	30	118	27	116	24	113	21	111	19	110	17	108	16	106	16	103	17	99	19	94	22	88	25	81	29	73	32	64	34	55	37	46	40	38	44	31	47	25	51	19	56	14	60	10	63	7	65	5	68	4	70	4	73	5	76	7	79	10	81	14	83	19	86	23	90	27	94	30	98	32	102	33	105	33	108	32	112	31	115	30	119	30	123	31	126	33	128	36	129	40	129	44	128	48	126	51	123	53	119	55	114	56	108	57	102	59	96	62	90	66	85	71	81	77	78	84	76	92	75	100	75	108	76	115	78	121	81	126	85	130	89	133	94	135	98	136	101	136	103	135	104	133	105	130	105	126	104	121	102	115	100	109	97	102	94	96	92	91	91	87	89	84	88	82	88	81	88	81	
23:
144	25.176	23	153	23	152	23	150	24	147	26	143	29	138	32	132	34	126	35	119	36	111	37	102	37	93	36	85	35	78	33	72	30	67	28	63	27	59	25	56	22	54	20	53	19	53	19	54	20	56	22	59	24	62	27	64	31	65	36	65	42	64	47	62	51	59	54	55	57	50	61	45	64	39	68	33	71	27	75	21	80	16	86	12	93	9	100	7	106	5	111	4	115	4	118	5	120	7	121	10	123	14	126	17	130	19	135	20	141	21	148	22	155	24	161	27	166	31	170	36	173	42	176	49	178	57	179	66	179	74	178	82	176	89	173	95	169	100	164	104	159	107	153	109	146	110	138	110	129	109	121	108	112	106	103	103	95	101	88	100	82	100	77	101	73	103	70	106	68	110	67	115	67	121	68	128	70	135	73	141	77	146	82	150	88	153	95	155	101	156	106	156	111	155	115	153	118	150	121	146	125	141	130	135	134	128	137	120	139	111	140	101	140	90	139	79	137	67	134	56	130	46	125	37	119	29	112	22	104	16	97	11	89	7	80	4	70	2	59	1	48	1	37	2	27	4	18	7	10	11	3	16	-3	22	-8	29	-12	37	-15	46	-17	56	-18	67	-18	79	-17	90	-15	100	-12	109	-8	117	-3	125	3	132	8	138	13	143	17	147	20	150	22	152	23	153	23	153	
24:
126	112.246	123	139	123	140	123	142	122	144	120	147	117	149	113	151	108	152	104	152	100	151	96	149	91	146	85	143	79	141	73	140	67	139	62	137	58	134	55	130	52	125	48	121	43	118	38	116	32	115	27	115	21	115	16	114	12	113	9	111	7	108	6	104	6	99	7	93	9	87	12	82	16	78	21	75	27	72	34	70	42	69	51	69	60	70	68	72	75	75	81	79	86	84	90	90	93	97	95	103	96	108	96	112	96	115	97	117	99	118	102	118	105	117	109	115	114	112	120	108	127	103	134	98	140	93	145	89	149	86	152	84	154	83	155	82	155	82	154	81	152	79	149	76	145	72	140	67	136	63	133	60	131	56	130	53	130	49	131	45	132	42	134	40	137	39	139	38	140	38	140	37	139	37	137	38	134	38	130	37	125	36	119	34	112	31	105	29	97	28	88	26	80	23	71	19	63	14	55	10	48	7	42	5	37	4	33	4	30	5	28	7	27	10	27	14	28	19	30	25	33	31	37	38	42	46	48	55	55	65	63	76	70	86	78	95	87	103	95	111	102	118	108	124	113	129	117	133	120	136	122	138	123	139	123	139	
25:
137	621.232	41	60	42	60	43	61	45	61	48	60	52	60	55	61	57	63	58	66	58	70	57	74	55	77	52	79	49	82	46	85	44	88	43	90	43	91	44	91	46	90	49	88	53	85	58	81	64	76	70	70	75	63	79	56	82	49	84	43	85	37	85	32	86	28	88	24	91	21	95	19	100	16	106	14	113	13	119	13	124	14	129	16	133	19	136	23	138	28	139	33	139	37	138	40	136	42	133	45	129	48	126	52	124	57	123	63	123	70	124	78	125	85	127	91	130	96	134	101	138	106	141	110	143	113	144	115	144	118	143	120	141	122	138	123	134	123	129	122	123	120	118	119	114	119	111	120	109	120	108	121	108	123	109	125	111	126	114	126	118	126	123	126	127	126	130	127	133	129	135	130	136	130	136	131	135	133	133	136	130	140	126	145	122	149	117	152	111	155	104	157	96	159	87	160	77	160	67	159	57	157	48	154	40	150	33	145	27	139	22	132	18	124	15	115	13	105	12	94	12	82	13	70	15	59	18	49	21	40	23	32	24	25	24	19	23	14	22	10	20	7	17	5	13	4	10	4	8	5	7	7	7	10	8	14	10	19	13	25	17	32	22	39	27	45	31	50	35	54	38	57	40	59	41	60	41	60	
26:
127	16.774	37	64	37	63	36	61	35	58	33	54	32	49	31	43	31	36	30	30	29	24	29	19	30	15	32	12	35	9	38	7	42	6	45	6	49	7	52	9	56	12	61	16	67	21	73	27	79	33	84	40	90	46	97	51	104	55	111	58	118	60	124	61	129	61	133	60	136	58	138	55	139	51	139	46	138	42	136	38	133	34	131	29	128	23	126	16	125	10	125	5	126	1	128	-2	131	-4	135	-5	140	-5	144	-4	147	-2	149	1	150	5	150	10	149	16	147	23	144	31	140	40	135	50	129	60	124	70	120	79	117	87	114	94	112	100	111	105	111	109	112	112	114	115	117	117	121	118	126	119	132	120	138	120	144	119	149	117	153	116	156	115	158	115	159	116	159	118	158	120	156	123	153	127	149	131	144	134	139	136	133	137	126	137	118	136	109	134	99	131	90	127	82	123	75	120	69	117	64	115	60	114	56	114	53	115	50	117	47	120	43	123	38	127	32	130	25	132	19	133	13	133	8	132	4	130	1	127	-1	123	-2	118	-2	112	-1	107	1	101	4	96	8	92	13	88	19	84	24	79	28	74	31	70	34	67	36	65	37	64	37	64	
27:
136	400.02	50	44	51	45	52	47	53	50	53	54	54	59	55	64	56	69	58	74	60	78	62	82	63	85	63	87	62	88	60	88	57	87	53	85	48	82	42	78	37	74	33	71	30	69	28	68	26	68	25	69	25	71	25	74	25	78	24	81	22	83	19	84	15	84	12	83	9	83	5	84	2	86	0	89	-1	93	-1	98	0	104	2	111	5	119	9	127	14	134	19	140	23	145	27	149	32	152	36	154	41	155	45	155	48	154	51	152	53	149	54	145	56	140	59	135	63	129	68	124	74	120	81	117	89	115	98	114	108	113	117	111	125	108	132	104	138	99	143	93	147	87	150	81	152	76	153	72	153	67	152	62	150	57	147	53	143	48	138	42	132	37	126	31	121	25	116	19	112	14	109	8	107	3	106	-1	106	-4	107	-6	109	-7	112	-7	116	-6	121	-4	127	-1	133	3	139	8	145	14	152	21	160	29	168	38	175	48	181	59	186	71	190	83	193	94	195	104	196	113	196	121	195	128	193	134	190	139	186	143	181	146	175	148	168	149	160	149	152	148	144	146	137	143	131	139	126	134	122	129	118	123	113	116	107	108	101	99	94	89	86	80	78	72	71	65	65	59	60	54	56	50	53	47	51	45	50	44	50	44	
28:
143	266.833	116	82	117	81	118	79	120	76	123	74	125	72	126	71	126	71	125	71	123	71	120	70	116	68	112	65	109	61	107	56	106	51	106	45	107	38	109	31	112	25	116	20	120	16	125	13	131	11	136	10	140	9	143	9	145	10	146	12	146	14	145	17	143	20	140	24	136	29	131	34	125	38	119	42	112	46	104	49	95	51	85	52	75	52	66	51	58	49	51	46	45	42	40	37	36	31	32	25	29	20	27	15	26	11	26	8	27	6	29	5	32	5	35	6	39	8	44	11	50	15	57	20	63	26	68	33	72	41	75	50	77	60	79	71	82	82	85	92	87	101	88	109	88	116	89	122	89	127	88	131	87	134	85	136	82	137	78	137	73	136	67	136	60	137	52	139	44	142	36	145	28	147	21	149	15	150	10	150	6	149	3	147	1	144	0	140	0	135	0	129	1	124	3	120	6	117	10	115	15	114	21	113	28	111	36	108	45	104	54	101	64	97	74	94	85	92	95	91	104	91	112	92	119	94	126	97	132	101	137	106	141	112	144	119	146	127	148	134	151	140	153	145	154	149	154	152	153	154	151	155	148	155	146	154	145	153	145	151	146	148	147	144	147	139	146	133	145	126	143	118	140	110	136	103	131	97	126	92	122	88	119	85	117	83	116	82	116	82	
29:
132	42.55	48	135	48	136	48	138	49	141	50	145	52	148	54	150	57	151	61	151	65	150	68	148	70	145	72	141	73	136	73	130	72	123	70	115	67	107	64	100	62	94	60	89	59	85	59	82	60	80	61	79	63	79	66	80	69	82	73	85	78	88	84	92	91	96	99	101	107	105	114	108	121	110	127	111	132	111	136	110	139	108	141	105	142	101	142	97	141	94	139	92	136	90	132	89	129	88	127	86	125	83	124	79	124	74	125	68	127	61	130	53	134	46	137	40	139	34	140	29	140	25	139	22	137	20	134	19	131	19	127	20	122	22	116	24	109	25	101	25	92	25	82	25	73	24	65	23	58	21	52	18	47	15	41	13	34	12	27	12	21	13	16	15	12	18	9	22	7	27	6	33	6	40	7	48	9	57	12	67	16	78	20	90	23	103	26	115	30	126	35	136	41	145	48	153	56	160	65	166	75	171	86	175	96	178	105	180	113	181	120	181	126	180	131	179	135	177	138	174	140	170	141	165	142	159	142	152	141	144	139	137	136	131	132	126	127	122	121	119	114	117	106	116	97	116	89	117	82	119	76	122	69	124	63	125	58	127	54	129	51	132	49	134	48	135	48	135	
30:
124	27.964	74	62	74	61	75	59	76	56	78	52	81	47	85	43	90	38	96	34	103	31	111	29	118	28	124	28	129	29	133	31	136	34	138	38	139	43	139	49	138	55	136	61	133	68	129	75	124	82	118	88	111	93	105	97	100	100	95	102	91	104	88	106	86	109	85	111	83	112	81	112	80	111	78	109	75	107	72	105	70	104	69	104	69	105	70	107	70	110	69	114	67	119	64	124	60	130	55	136	49	141	42	145	34	148	26	150	19	151	13	152	8	152	4	151	1	149	-1	146	-2	142	-2	137	-1	131	1	124	3	116	6	108	10	100	15	93	19	87	22	82	24	78	25	74	25	70	24	67	22	65	19	62	16	58	13	53	11	47	10	41	10	36	11	31	13	27	16	24	19	22	23	21	28	21	34	21	41	22	49	24	58	27	68	31	79	36	91	42	102	49	112	57	121	66	129	76	136	85	142	93	147	100	151	106	154	111	157	115	159	118	160	120	160	122	159	123	157	123	154	122	150	120	145	117	140	114	134	110	127	105	119	100	110	94	102	88	95	82	89	77	84	72	80	68	77	65	75	63	74	62	74	62	
31:
136	368.155	37	45	38	46	40	46	43	45	46	45	50	46	53	46	55	47	56	49	56	51	55	54	53	57	50	59	47	62	43	65	40	69	36	72	32	74	29	75	27	75	24	74	21	72	18	69	16	65	15	60	15	54	16	47	18	39	19	31	21	24	24	18	26	13	27	9	27	6	26	4	25	3	23	3	20	4	16	6	11	9	7	12	4	16	2	21	1	25	1	28	2	30	4	31	7	31	11	30	16	29	22	28	29	27	37	27	46	27	55	27	63	26	71	24	78	23	84	23	89	24	93	25	96	27	98	30	99	34	99	39	98	43	98	46	99	48	100	49	102	49	104	48	107	46	110	43	113	39	117	34	120	30	123	27	127	25	131	24	135	24	138	25	140	27	141	30	141	34	140	39	138	44	135	50	131	55	126	59	120	64	114	68	109	71	105	73	102	74	100	74	99	73	99	71	100	70	102	70	105	70	109	70	114	71	120	73	126	76	132	80	137	85	141	91	144	98	146	106	147	113	147	119	146	124	144	128	141	131	137	133	132	134	126	134	119	133	111	131	102	129	94	126	86	122	79	117	73	111	68	104	64	96	61	88	58	81	55	73	52	66	49	60	46	55	43	51	40	48	38	46	37	45	37	45	
32:
126	130.677	38	103	39	104	41	104	44	105	48	107	53	109	59	111	65	114	71	116	77	117	84	117	90	116	95	114	99	111	102	108	104	106	106	105	109	105	113	106	116	108	118	111	119	115	120	120	120	125	119	131	118	138	116	144	113	149	110	154	108	158	105	161	101	163	96	164	91	164	86	163	82	161	79	158	77	154	76	149	76	144	75	140	73	137	70	135	66	134	61	134	55	135	48	137	40	140	32	143	25	147	19	150	14	152	10	153	7	153	5	152	3	150	2	147	2	143	3	138	5	132	8	125	12	117	17	109	23	101	29	93	36	86	43	78	51	71	59	63	66	56	72	50	79	45	85	41	90	38	95	36	100	35	105	35	110	36	115	37	121	38	126	38	130	37	133	35	135	32	136	28	136	24	136	21	135	19	133	18	131	18	130	19	130	21	130	24	131	28	133	33	136	39	138	46	141	54	145	63	148	72	152	81	155	90	157	100	158	109	158	117	157	124	155	130	152	135	148	139	143	142	137	144	130	145	122	145	113	144	103	142	93	139	83	135	74	130	66	124	59	118	53	113	48	109	44	106	41	104	39	103	38	103	38	103	
33:
128	549.768	112	159	113	160	115	160	118	160	121	159	125	157	128	154	130	150	131	145	132	139	133	132	133	126	134	121	136	117	139	114	143	112	148	111	152	111	155	112	157	113	158	115	158	116	157	116	155	115	152	113	148	110	143	108	137	105	130	101	124	96	119	91	115	87	112	84	109	80	107	77	106	74	106	70	107	67	109	65	110	64	110	63	109	62	107	61	104	59	102	56	101	52	100	47	99	41	99	35	100	29	101	22	103	16	106	11	110	7	115	3	120	0	124	-2	127	-3	129	-3	130	-2	130	0	129	3	127	7	124	10	120	12	115	13	109	14	102	14	94	13	85	11	76	9	68	7	61	6	55	6	50	7	46	9	43	12	41	16	40	21	40	27	41	34	43	42	45	49	47	56	48	63	48	69	47	74	45	78	42	81	38	83	33	84	27	84	21	83	15	81	10	78	6	74	3	71	1	68	0	66	0	65	1	65	3	66	6	68	10	71	15	75	21	80	28	86	36	93	44	101	51	108	57	114	62	120	66	127	69	133	72	139	74	146	75	152	77	157	79	161	82	164	86	166	91	167	97	167	102	166	106	164	109	162	111	160	112	159	112	159	
34:
141	55.6	104	43	105	43	107	44	110	44	114	43	119	42	123	40	126	37	130	33	134	28	137	23	139	19	140	15	140	12	139	10	137	9	134	7	130	6	125	6	120	7	114	7	107	6	99	4	90	3	80	2	70	2	61	2	53	3	46	5	40	8	35	11	31	13	28	14	26	16	25	19	25	23	26	28	28	33	31	39	35	45	40	52	45	58	51	63	58	67	65	70	73	72	80	73	86	73	91	72	95	71	98	70	100	70	101	71	101	73	100	76	98	80	95	85	91	90	87	96	82	102	76	107	70	111	65	114	61	116	58	117	56	117	55	116	55	115	56	114	58	114	61	115	65	115	70	116	76	118	82	121	87	124	91	128	94	133	96	139	98	144	99	149	99	153	100	156	102	158	105	159	109	159	114	158	120	156	127	153	133	149	138	144	142	138	145	131	147	123	148	114	148	104	147	95	146	85	144	75	141	66	137	58	132	51	126	45	119	40	111	36	102	33	92	31	81	30	69	30	58	31	48	33	39	36	31	40	24	45	18	51	13	58	9	66	6	74	4	81	3	87	3	92	4	96	6	99	9	101	13	102	18	102	24	101	31	99	39	96	48	93	58	89	67	84	75	78	82	71	88	64	93	58	97	53	100	49	102	46	103	44	104	43	104	43	
35:
136	312.283	81	125	82	125	84	124	87	122	89	119	91	115	92	110	92	105	91	99	89	92	86	84	84	75	83	67	82	59	82	52	83	46	85	41	88	37	90	34	93	31	95	29	98	28	102	28	107	28	113	29	119	29	125	28	130	26	134	23	137	19	139	14	140	9	140	5	139	2	137	0	134	-1	130	-1	125	0	119	1	112	3	104	5	95	6	85	6	76	6	68	7	61	8	55	8	50	9	46	11	43	13	41	16	40	18	40	19	41	19	42	18	42	16	42	13	41	9	40	5	38	2	37	0	35	-1	32	-1	28	0	24	2	20	5	17	9	15	14	14	20	13	26	13	32	14	37	14	42	15	47	17	51	20	54	24	56	29	57	33	57	36	56	38	54	40	52	41	50	41	49	40	49	38	50	35	52	31	55	26	59	21	64	16	70	12	77	9	84	7	92	6	101	6	111	7	120	9	128	12	135	16	141	21	146	27	150	34	153	42	155	51	156	61	156	72	155	84	153	95	150	105	146	114	141	122	137	129	133	135	129	140	126	144	124	147	123	149	123	150	124	150	126	149	128	147	130	144	132	140	134	135	136	130	137	124	138	117	138	109	137	102	136	96	134	91	132	87	129	84	127	82	126	81	125	81	125	
36:
113	91.698	48	43	49	42	50	40	50	37	49	33	48	30	46	27	43	25	39	24	34	24	30	25	27	27	25	30	24	34	24	39	25	44	26	50	28	56	31	62	35	67	40	71	46	74	53	76	61	77	69	77	78	78	88	79	97	79	105	78	112	77	118	75	123	73	127	70	130	68	132	66	133	63	133	60	132	58	130	56	127	53	123	49	119	45	115	42	112	40	110	39	109	37	109	34	110	30	112	26	115	23	119	21	124	20	130	20	136	21	141	23	146	26	150	30	153	35	155	41	156	48	156	56	155	65	153	75	150	86	146	97	142	107	138	116	135	124	131	131	126	138	121	144	115	149	110	153	104	156	99	158	93	159	88	159	84	158	81	156	79	153	78	149	78	146	78	143	78	141	77	140	75	140	72	141	68	142	63	142	57	141	50	139	42	136	34	132	27	127	21	123	16	118	12	112	9	105	7	97	6	90	6	84	7	79	9	74	12	70	16	67	21	63	27	60	33	56	38	52	42	49	45	46	47	44	48	43	48	43	
37:
128	41.975	73	39	74	38	75	36	77	33	78	29	78	24	78	18	77	13	75	9	72	6	68	4	63	3	59	3	56	4	54	6	53	9	53	13	54	18	54	22	53	26	51	30	48	33	44	35	41	36	37	36	33	35	28	33	22	32	17	32	13	33	10	35	8	36	7	38	5	39	3	39	1	38	-1	36	-2	33	-2	29	-2	24	-1	19	1	15	4	12	8	10	13	9	19	9	26	10	33	12	41	15	48	19	54	24	61	30	67	37	72	45	76	54	79	64	81	75	82	87	82	98	82	108	83	117	84	125	85	132	86	138	86	143	85	147	85	150	86	152	88	153	91	153	95	153	99	152	104	150	109	147	115	143	120	138	124	132	127	126	130	120	132	113	133	106	133	100	132	95	130	91	129	88	127	86	126	85	126	85	127	86	129	88	132	91	136	94	141	96	145	97	148	97	150	96	151	94	151	91	150	87	148	82	146	76	145	69	145	63	146	57	148	52	151	48	154	45	156	43	157	42	157	40	156	37	154	33	151	29	147	26	142	23	136	21	129	20	122	20	116	21	109	21	101	22	94	24	88	26	83	29	79	33	76	36	74	38	73	39	73	39	
38:
122	25.325	95	6	94	5	92	3	89	2	85	2	80	3	74	5	69	8	65	12	62	15	60	19	59	22	59	24	60	25	62	25	65	25	69	25	74	26	80	27	87	29	94	32	100	36	105	41	110	47	114	53	117	58	120	62	122	65	123	67	123	69	122	71	120	72	117	72	113	72	109	73	106	75	104	78	103	80	103	81	104	81	106	80	109	78	113	75	118	71	123	66	128	60	132	55	135	51	137	47	138	43	138	39	137	36	135	34	132	33	128	33	125	32	123	30	122	27	122	23	123	19	125	16	128	14	132	13	137	13	142	14	147	16	153	19	158	23	162	28	165	34	167	41	168	49	168	58	167	68	166	79	164	90	161	101	157	111	152	120	146	128	139	135	131	141	122	146	114	150	107	153	99	155	91	156	84	156	76	155	68	153	59	150	49	146	40	141	32	135	25	129	18	122	12	114	7	105	3	95	0	85	-2	75	-3	66	-3	58	-2	51	0	45	3	40	7	36	12	33	18	30	25	28	33	27	42	27	51	27	59	26	67	25	74	23	80	20	85	16	89	12	92	9	94	7	95	6	95	6	
39:
133	155.539	86	92	86	93	85	95	83	98	80	102	78	107	76	113	75	118	75	122	75	125	74	127	72	128	69	128	65	127	60	125	54	122	47	118	39	113	32	107	26	100	20	93	15	86	11	80	8	75	6	69	5	64	5	60	6	57	8	55	11	54	15	54	20	55	26	57	32	58	39	58	47	57	56	55	64	52	72	49	79	45	85	40	90	35	94	29	97	23	99	18	100	14	100	11	100	9	100	8	101	8	103	9	106	10	110	12	114	15	118	19	121	24	123	30	124	37	124	45	123	52	123	58	124	63	126	67	127	70	128	72	130	73	133	74	136	74	140	73	144	71	149	68	153	65	157	61	160	56	162	50	163	43	163	35	162	27	160	19	157	10	153	2	148	-5	142	-11	135	-17	127	-22	118	-26	108	-29	98	-31	89	-32	80	-32	72	-31	65	-29	58	-27	52	-24	47	-20	43	-15	40	-9	38	-2	37	6	37	15	38	25	40	36	43	47	47	57	52	68	58	78	65	87	73	95	81	102	90	109	98	115	105	122	111	128	117	133	122	137	126	140	129	142	131	143	132	143	132	142	131	140	129	137	126	133	122	128	117	123	111	118	106	113	101	107	96	102	92	98	89	95	87	93	86	92	86	92	
40:
112	21.857	83	93	82	94	80	94	79	93	79	91	80	88	82	85	85	82	88	79	92	77	97	76	101	75	104	75	106	76	107	78	107	81	107	85	106	90	105	96	105	101	106	107	108	112	111	116	114	119	118	122	123	124	127	125	130	125	132	124	133	122	134	121	134	121	133	122	131	123	128	125	124	128	119	132	113	136	108	139	103	141	99	142	96	142	94	141	93	139	93	136	94	132	94	128	93	124	91	121	88	119	84	118	79	118	73	119	66	121	58	124	51	128	45	132	40	137	36	142	33	146	31	149	29	151	27	152	24	152	20	151	16	149	13	146	11	142	10	137	9	131	9	124	10	116	12	107	15	97	19	87	24	78	30	70	36	62	43	55	51	49	60	44	70	40	81	37	91	35	101	34	110	34	118	34	126	34	133	34	139	34	144	34	148	35	151	36	153	37	154	38	154	38	153	39	151	40	148	42	144	45	139	49	133	54	126	60	118	65	111	71	104	77	98	82	93	86	89	89	86	91	84	92	83	93	83	93	
41:
112	154.061	154	61	153	62	151	64	148	67	144	69	139	70	133	70	126	71	118	73	109	75	99	78	89	82	79	87	70	92	62	98	55	103	49	107	44	110	39	112	35	113	32	115	30	118	29	121	28	125	28	128	29	130	31	131	34	131	36	131	37	132	38	134	40	137	43	141	47	145	51	148	56	150	61	151	67	151	74	150	82	148	91	146	99	143	106	139	112	136	117	134	122	133	127	133	132	134	136	136	139	139	141	142	142	146	142	151	141	157	139	164	136	172	132	179	127	185	121	190	114	194	106	197	97	199	87	200	76	200	66	199	56	197	47	194	39	190	32	185	26	179	21	172	17	164	14	157	12	149	11	140	11	130	12	119	14	107	17	95	21	84	25	74	30	65	34	57	37	50	39	43	42	37	46	32	51	28	57	25	64	23	72	22	81	22	89	22	97	21	106	19	115	16	123	14	131	13	138	13	144	14	149	16	153	19	157	23	160	28	162	34	163	40	163	46	162	51	160	55	157	58	155	60	154	61	154	61	
42:
138	35.275	110	47	109	48	109	50	109	53	110	56	112	60	114	64	117	67	121	69	126	70	132	70	138	69	144	67	149	64	153	60	156	55	158	49	159	42	159	34	158	27	158	20	159	14	159	9	158	5	156	2	153	0	149	-1	144	-1	139	0	133	1	126	2	119	2	112	1	104	1	96	1	89	2	81	4	74	7	68	11	63	16	59	22	56	29	54	37	53	46	53	56	54	65	56	74	59	82	62	89	66	95	71	100	76	104	80	107	83	109	85	110	86	110	86	110	85	111	83	112	80	114	76	117	73	121	71	126	70	132	70	137	71	141	72	144	74	146	77	147	81	147	85	146	90	144	96	142	101	140	107	139	112	138	116	138	119	138	121	139	122	141	122	142	121	142	119	141	117	139	116	136	116	132	117	128	119	124	122	121	126	119	131	118	135	118	138	118	140	117	141	115	141	112	140	108	138	105	135	102	131	100	126	99	121	99	115	100	108	102	100	105	91	109	81	112	70	114	60	115	51	115	43	114	36	112	30	109	25	105	21	100	18	94	16	87	15	79	15	71	16	64	18	58	21	53	25	49	30	46	36	44	43	43	51	43	60	44	69	46	77	49	84	51	90	52	95	53	100	53	104	52	107	50	109	48	110	47	110	47	
43:
136	31.72	83	41	83	40	83	38	84	35	86	32	89	28	92	24	96	20	100	17	104	15	107	14	110	14	112	15	113	17	113	20	113	24	114	29	115	34	117	38	120	41	124	43	129	44	134	45	138	45	141	44	143	43	144	41	144	38	144	34	143	29	141	24	139	19	137	15	136	12	136	10	137	9	139	9	142	10	146	12	150	15	154	19	157	24	159	30	160	37	160	45	159	54	157	64	154	75	150	86	145	96	140	105	134	113	128	120	123	127	119	133	116	139	114	144	112	148	111	151	109	153	106	154	102	154	97	153	91	151	85	148	78	144	70	141	63	139	57	137	52	134	48	131	45	127	43	122	42	116	42	109	42	102	43	96	43	91	42	87	40	84	38	82	35	80	31	79	26	79	20	80	13	82	6	85	-1	89	-7	94	-12	100	-16	107	-19	115	-21	123	-22	130	-22	136	-21	141	-19	145	-16	148	-12	150	-7	151	-2	151	4	150	9	148	13	145	16	141	18	136	19	130	19	123	18	115	16	106	13	96	9	85	4	73	0	62	-3	52	-5	43	-6	35	-6	28	-5	22	-3	17	0	13	4	10	9	8	15	7	22	7	30	8	38	10	47	13	55	17	62	21	68	26	73	31	77	35	80	38	82	40	83	41	83	41	
44:
107	19.606	78	93	77	94	75	95	73	96	70	96	66	95	61	94	55	92	49	90	43	88	38	87	33	87	29	88	26	90	24	93	23	96	23	100	24	104	26	108	29	111	33	113	38	115	44	116	50	116	57	117	64	119	71	122	77	126	82	131	86	137	89	143	91	148	92	152	92	155	93	157	95	158	98	158	102	157	107	155	112	152	117	148	121	143	124	137	126	130	127	123	127	116	126	110	124	105	121	101	117	98	113	96	109	95	106	94	104	93	103	93	103	93	104	92	106	90	109	87	113	83	118	78	124	72	130	67	136	63	141	60	145	58	149	56	152	53	154	49	155	44	155	38	154	31	152	25	149	20	145	16	141	13	136	10	130	8	123	7	115	7	107	8	98	10	89	12	80	14	72	15	65	15	58	15	52	15	47	16	43	18	40	21	38	25	37	30	37	34	38	39	40	43	43	48	45	54	48	61	52	67	57	72	63	78	68	83	72	87	75	90	77	92	78	93	78	93	
45:
136	432.444	131	65	130	66	128	68	125	69	122	69	118	68	114	66	111	63	109	59	108	54	108	49	109	44	110	40	110	37	109	35	107	34	104	34	101	35	97	37	92	40	86	43	80	46	73	48	65	50	58	53	52	57	47	62	43	68	39	73	34	77	29	80	24	82	20	83	16	83	13	83	11	82	10	80	10	78	11	75	13	71	16	68	19	64	22	59	25	54	27	49	28	45	28	42	27	40	25	39	22	39	18	40	13	40	9	40	5	39	2	37	0	34	-1	30	-1	25	0	21	2	18	5	14	9	11	14	8	20	6	27	4	35	3	44	3	54	4	65	4	77	4	89	5	100	7	110	10	119	14	127	19	134	25	140	32	145	40	149	48	152	56	154	64	155	72	155	79	154	85	152	90	150	94	147	97	143	100	138	103	132	106	126	110	121	114	117	119	114	125	112	131	111	136	111	140	112	143	113	145	114	146	114	146	113	145	111	144	108	142	104	139	99	135	94	130	88	124	81	118	73	113	66	109	60	106	55	104	51	103	48	103	46	104	45	104	45	103	46	103	48	104	51	106	55	107	60	107	66	107	73	106	81	104	90	101	98	97	105	92	111	86	116	80	121	75	125	71	128	68	130	66	131	65	131	65	
46:
129	17.207	149	39	148	38	146	37	143	35	139	32	136	28	134	23	132	19	130	16	128	12	125	9	121	7	116	6	110	6	103	7	96	9	89	12	83	16	78	21	74	27	71	34	69	42	68	49	68	55	69	60	70	65	70	69	69	72	67	74	64	75	60	75	55	74	49	72	44	69	40	65	35	60	31	55	26	49	21	43	17	36	14	29	12	23	11	17	11	12	12	8	14	5	17	3	21	2	26	2	30	3	33	5	36	8	38	12	39	17	39	23	38	30	36	38	33	47	31	57	29	68	27	79	26	89	26	98	27	106	29	113	32	119	36	125	40	130	45	134	51	138	57	141	62	143	67	144	71	144	74	143	76	141	77	138	77	136	76	134	74	133	71	133	67	134	62	136	56	139	49	143	43	147	38	151	34	154	31	156	29	157	28	157	27	156	27	154	28	151	30	147	33	143	37	138	42	132	48	126	55	119	63	113	72	108	82	104	92	101	101	99	109	98	117	98	124	99	130	101	135	103	139	105	143	106	146	106	148	105	150	103	151	100	151	96	151	92	150	87	148	81	147	74	146	67	146	60	145	54	145	49	145	45	146	42	148	40	149	39	149	39	
47:
154	957.901	105	5	104	6	102	7	100	7	97	6	93	4	88	2	83	1	79	1	76	2	74	4	73	7	73	11	73	16	74	22	74	29	73	37	71	44	68	50	66	55	64	59	61	62	57	64	52	65	47	65	43	64	38	62	33	60	27	58	20	56	14	55	9	53	5	50	2	47	0	45	-1	44	-1	44	0	45	2	45	5	46	9	48	13	50	18	53	24	57	31	62	39	68	46	73	52	78	57	83	61	89	64	96	66	102	67	107	67	111	66	114	64	117	61	120	57	124	52	127	47	129	43	132	40	136	38	141	37	146	37	152	38	157	40	163	43	168	47	172	52	175	58	177	65	178	73	179	82	179	92	178	102	176	111	173	119	169	126	164	132	158	137	151	141	144	144	136	146	128	147	120	147	113	146	107	144	102	141	98	137	95	132	93	128	90	125	87	123	83	122	80	122	76	123	73	125	70	128	67	132	63	136	60	141	58	146	57	150	57	153	58	155	60	157	62	158	64	158	65	157	65	155	64	154	62	153	59	152	55	152	50	153	44	154	37	156	31	157	26	157	22	156	19	155	17	154	16	153	16	153	17	152	19	150	22	147	25	143	29	138	34	134	40	131	47	128	53	124	58	119	62	115	65	112	67	110	68	109	68	108	67	107	65	107	62	108	58	110	53	111	47	111	40	110	33	110	26	111	20	111	15	110	11	108	8	106	6	105	5	105	5	
48:
128	345.876	2	109	3	110	5	111	8	112	12	114	16	117	21	121	26	124	32	128	37	132	41	136	44	141	46	145	47	148	49	150	52	151	56	151	61	150	67	149	74	149	81	150	87	152	92	154	96	157	99	159	102	160	104	160	105	159	107	157	110	154	114	150	117	146	121	143	126	141	132	140	138	140	143	141	147	141	150	140	152	138	153	135	153	131	152	126	150	120	147	113	143	106	138	99	132	93	126	88	120	83	115	77	111	72	108	66	106	61	105	56	105	52	106	48	108	45	111	43	114	42	117	42	119	42	120	41	120	39	119	36	117	32	116	27	115	21	115	16	115	12	116	9	116	7	115	6	113	5	110	5	106	6	101	7	95	9	88	11	80	13	71	15	63	18	55	22	48	26	42	31	37	35	33	38	30	40	28	41	27	43	27	46	28	50	30	55	33	61	37	68	42	76	48	84	54	91	59	97	64	103	68	110	71	118	73	127	74	135	74	143	73	150	71	156	68	161	64	165	59	168	53	170	46	171	38	171	30	170	22	168	15	165	9	161	4	156	0	150	-3	144	-5	137	-6	130	-6	124	-5	119	-3	115	-1	112	1	110	2	109	2	109	
49:
123	144.614	133	20	132	19	130	17	127	14	123	11	118	9	113	8	109	8	106	9	104	11	102	14	101	18	101	23	102	29	104	35	105	41	106	47	108	52	111	58	114	63	117	67	119	71	120	76	120	80	119	83	117	86	114	88	110	91	106	93	102	94	99	94	97	94	96	93	96	91	97	89	97	86	96	82	95	77	93	71	90	66	86	62	81	59	75	57	68	55	62	53	56	50	51	47	47	45	43	44	40	44	37	45	33	47	30	50	28	54	27	59	27	64	27	70	28	75	30	80	33	84	35	89	36	95	36	102	37	108	39	115	42	121	46	127	51	132	57	136	64	139	71	141	79	142	88	142	98	141	107	139	115	136	122	132	128	127	133	121	137	115	140	110	142	106	143	103	143	101	144	100	145	100	145	101	144	103	142	106	141	110	139	115	138	121	138	126	139	132	141	137	143	142	146	146	150	149	154	151	157	152	161	152	165	151	168	149	170	146	171	142	171	137	170	131	168	124	165	116	163	107	161	97	160	86	158	75	155	65	151	56	146	48	142	41	139	35	136	30	134	26	133	23	133	21	133	20	133	20	
50:
139	130.377	21	110	20	109	18	107	15	104	11	100	7	95	4	89	2	82	1	74	0	65	0	56	1	48	3	41	6	35	10	30	13	26	17	23	22	21	27	20	31	20	34	20	36	21	37	21	37	20	36	18	34	15	31	13	29	12	27	12	26	13	26	15	27	18	29	22	32	26	36	30	41	33	47	35	54	37	61	40	67	44	72	49	76	53	79	56	81	60	82	65	82	70	81	74	79	77	78	79	78	80	79	80	81	81	84	83	86	86	87	90	88	95	88	101	87	107	86	114	86	120	87	125	89	129	92	132	95	134	97	136	98	139	98	143	99	147	101	150	104	152	108	153	113	153	118	152	122	150	125	147	127	143	128	138	128	133	127	129	125	126	122	124	118	123	113	123	107	124	102	126	98	128	95	131	93	135	92	140	91	144	89	147	86	149	82	150	78	150	75	149	73	147	72	144	72	140	73	135	75	129	78	123	82	116	87	108	93	99	100	89	106	78	112	67	117	56	122	46	128	37	133	29	138	22	142	16	145	11	147	7	148	4	148	2	147	1	145	1	142	2	138	4	133	7	127	11	121	16	114	22	106	29	97	37	87	46	76	56	66	65	57	74	49	82	42	89	36	95	31	100	27	104	24	107	22	109	21	110	21	110	
51:
125	24.085	55	111	54	111	52	110	50	108	49	107	49	107	50	106	52	106	55	107	59	109	64	112	69	114	75	117	80	120	84	122	87	123	89	123	90	122	90	121	89	119	87	116	84	112	82	107	81	101	80	94	80	88	81	83	83	79	84	74	84	69	83	65	81	62	78	60	74	58	69	57	63	57	56	57	49	58	41	60	34	62	28	65	23	69	19	74	16	80	14	87	13	95	13	102	14	108	16	113	19	117	22	121	24	125	25	130	25	136	24	143	22	149	19	154	16	158	12	161	8	163	4	164	1	164	-1	163	-2	161	-2	158	-1	155	1	151	4	147	8	144	13	142	19	141	26	140	34	140	43	141	53	143	62	146	70	149	78	151	85	152	93	152	102	151	110	149	117	146	123	142	128	137	132	131	135	124	137	117	138	109	138	100	137	90	136	79	134	69	133	59	133	50	132	41	130	33	127	26	123	20	118	15	112	11	105	8	99	6	92	5	84	5	76	6	69	8	63	11	58	15	54	20	51	26	49	33	48	41	48	50	49	60	51	69	54	77	57	84	59	90	60	96	60	101	59	105	58	108	56	110	55	111	55	111	
52:
146	256.698	46	74	46	73	46	71	45	70	43	69	40	69	38	70	37	72	35	75	32	79	29	82	25	84	21	85	16	85	12	84	9	82	6	79	4	75	3	70	3	65	4	61	6	57	9	54	13	52	17	51	21	50	24	48	26	45	27	41	27	36	26	30	24	23	21	17	17	12	14	8	12	5	11	3	11	2	12	2	14	3	17	5	21	8	26	12	32	17	39	23	47	28	56	32	66	35	76	37	87	38	97	38	107	37	116	36	124	36	131	37	137	39	142	42	146	44	149	45	153	45	156	44	158	42	159	39	159	35	158	32	156	30	153	28	150	27	146	27	141	28	135	30	128	33	122	37	117	42	112	48	108	55	105	63	103	71	102	80	101	89	101	97	102	104	102	110	101	115	100	119	98	122	96	124	93	125	89	126	84	126	78	125	71	123	63	120	55	117	48	115	42	114	37	114	33	115	30	117	28	120	27	124	27	129	28	135	30	141	33	147	37	152	42	156	48	159	55	161	63	162	72	163	82	163	93	162	104	160	114	157	123	153	131	150	138	148	144	147	149	147	153	147	156	147	158	147	159	148	159	150	158	151	156	152	153	152	150	151	146	149	141	147	135	144	128	140	120	135	111	129	101	122	91	115	82	108	74	101	67	95	61	89	56	84	52	80	49	77	47	75	46	74	46	74	
53:
124	104.487	63	21	64	20	66	18	69	17	71	17	72	18	72	20	71	23	70	27	68	32	65	36	61	39	57	41	54	42	52	42	51	41	51	40	52	39	54	39	57	40	61	42	66	45	72	49	78	53	83	58	87	64	90	70	92	75	93	79	95	82	97	84	100	85	104	85	109	84	113	82	116	79	118	76	119	73	119	71	119	70	119	70	120	71	121	73	123	76	126	80	130	85	133	91	135	96	136	100	136	103	135	105	133	108	130	110	126	112	121	115	115	119	108	123	100	126	93	128	87	129	82	129	78	128	74	126	71	123	69	119	68	114	67	108	65	102	62	96	58	91	53	87	47	84	40	82	32	80	24	79	17	79	11	80	5	82	0	85	-4	89	-7	94	-9	100	-10	107	-11	115	-11	123	-10	131	-8	138	-5	144	-1	149	4	153	10	156	17	158	25	159	34	159	44	158	55	156	66	153	76	149	85	144	93	138	100	131	106	123	112	114	117	105	121	95	124	84	126	74	127	65	127	57	126	48	124	40	121	33	117	27	112	22	106	18	99	15	91	13	84	12	78	12	73	13	69	15	66	18	64	20	63	21	63	21	
54:
134	0.193	46	35	46	34	46	32	45	29	45	25	44	20	43	16	43	13	42	11	40	10	37	10	33	11	28	13	23	16	19	20	15	25	12	31	10	38	9	46	9	55	10	65	12	74	15	82	18	89	20	95	22	100	23	104	24	107	26	109	28	110	31	110	34	109	38	107	42	106	45	104	47	103	48	103	48	104	49	106	49	108	48	111	47	113	47	114	48	114	50	113	53	111	56	108	60	104	63	99	65	93	68	87	71	80	74	74	78	69	81	65	83	62	84	60	85	59	87	59	89	60	91	62	94	65	98	69	103	74	109	80	115	86	122	91	130	95	137	98	143	100	148	101	152	101	155	100	157	98	158	95	158	91	157	86	156	80	156	73	157	65	157	56	158	48	158	41	158	35	157	30	157	26	157	23	157	21	158	20	160	20	163	21	165	23	166	26	166	30	165	35	163	40	161	46	160	53	160	61	160	70	161	80	162	91	162	101	161	110	159	118	156	125	152	131	149	136	147	140	146	143	146	145	146	146	145	146	143	145	140	143	136	140	131	136	125	131	118	125	110	118	102	110	95	102	89	93	82	83	75	74	69	66	64	59	60	53	57	48	55	44	52	41	49	38	47	36	46	35	46	35	
55:
102	50.351	30	103	30	102	30	100	29	97	29	94	29	92	30	91	32	91	35	92	38	94	41	97	44	101	46	106	47	112	47	118	46	123	44	127	42	130	40	132	37	133	34	133	30	132	27	130	25	129	23	129	21	130	20	132	20	135	21	139	23	144	26	148	30	151	35	153	41	154	47	154	54	153	62	151	71	149	79	148	86	148	92	149	97	151	101	154	104	157	106	159	107	160	107	160	106	159	104	157	101	154	97	150	92	145	88	139	85	132	83	124	82	117	82	111	83	106	85	100	88	95	91	89	94	82	96	75	97	68	97	62	96	57	96	53	97	50	99	48	102	47	105	45	109	44	113	44	117	45	120	47	122	49	123	51	123	52	122	52	120	51	117	49	113	46	108	44	102	43	95	43	89	44	82	46	74	49	65	52	57	54	50	57	44	61	39	65	35	70	32	76	30	82	28	88	27	93	27	97	28	100	29	102	30	103	30	103	
56:
112	67.564	115	87	114	87	112	88	109	90	106	93	104	97	103	101	103	106	104	111	106	115	109	118	113	120	118	121	123	121	128	122	132	122	135	123	137	125	138	127	138	128	137	128	135	127	132	127	128	126	123	125	117	123	110	120	102	118	94	116	85	115	77	114	70	112	64	109	59	106	55	104	52	103	50	103	49	104	49	106	50	109	51	113	51	118	50	123	48	127	45	130	41	132	36	133	30	134	24	134	19	133	15	131	11	129	8	126	6	122	5	118	5	113	6	108	8	102	9	96	11	91	12	87	13	84	15	81	18	79	20	76	21	74	21	71	20	67	18	64	15	62	12	61	10	61	8	61	7	61	7	60	8	60	10	61	13	62	17	62	22	63	28	64	35	65	43	67	51	68	58	68	64	68	69	67	73	65	76	62	78	59	79	55	79	50	78	45	76	41	73	38	70	36	68	35	67	35	67	36	68	38	70	41	73	44	77	48	82	53	88	59	94	66	100	72	105	77	109	81	112	84	114	86	115	87	115	87	
57:
121	175.958	18	37	19	38	21	38	24	38	27	37	31	36	36	34	41	31	45	27	48	22	50	16	51	11	53	7	56	4	60	2	64	1	69	1	75	2	81	4	88	7	94	11	99	16	103	22	106	29	108	37	110	44	111	50	111	56	110	62	108	69	105	75	101	80	96	85	92	89	89	92	87	94	86	95	86	95	87	96	89	98	92	100	96	103	101	107	106	112	110	118	113	125	115	132	116	138	117	143	118	147	120	150	123	152	127	154	131	155	136	155	142	154	147	152	151	149	154	145	156	140	157	134	157	127	156	119	154	110	152	101	149	93	145	86	140	80	134	75	127	71	119	68	110	66	100	65	89	65	79	66	69	68	60	71	52	75	44	80	37	86	31	93	26	100	22	107	19	113	17	118	16	122	16	125	17	127	19	128	22	130	26	133	29	136	33	140	36	143	38	147	39	150	39	152	38	154	36	155	33	155	29	154	25	152	22	149	18	145	15	140	12	134	10	127	9	119	9	110	9	100	10	91	10	82	11	73	11	65	10	58	10	52	11	47	13	43	15	40	17	38	18	37	18	37	
58:
135	364.28	31	102	32	103	34	105	35	108	37	110	39	111	42	111	45	110	47	108	49	105	51	101	54	97	57	93	60	90	64	88	69	87	73	87	76	88	78	90	79	93	79	95	78	96	76	96	75	95	75	93	76	90	78	86	79	81	79	75	79	68	80	61	82	54	83	48	83	42	82	37	80	32	77	28	73	24	68	19	64	15	61	12	57	8	53	5	48	3	44	2	40	2	37	3	35	5	33	8	32	12	32	17	33	23	33	30	32	38	30	45	28	53	26	60	25	66	25	71	26	75	28	78	31	81	35	83	40	84	46	84	53	83	61	81	69	78	78	74	87	69	95	65	102	62	108	60	113	58	117	56	120	53	122	49	123	46	123	44	122	43	120	43	117	44	115	46	114	49	114	53	115	58	117	64	120	71	124	79	127	88	129	97	131	106	132	114	132	121	132	127	131	132	129	136	126	139	124	141	123	142	123	143	124	144	126	145	129	146	133	146	138	147	143	147	148	147	152	146	155	146	157	147	158	148	158	150	157	152	155	155	152	157	148	158	143	158	137	157	130	155	122	152	113	148	104	143	94	138	84	132	75	127	67	123	59	119	52	114	46	110	41	107	37	105	34	103	32	102	31	102	31	102	
59:
123	188.431	29	78	28	77	26	75	23	72	19	68	16	63	13	57	11	51	10	46	10	42	11	39	13	37	16	36	20	35	25	35	29	34	32	32	34	29	35	25	35	20	34	15	32	11	29	8	26	6	22	5	19	5	17	6	15	8	14	11	14	15	15	20	17	26	20	31	24	35	29	38	35	40	41	41	47	41	52	40	57	38	61	35	64	31	66	26	67	20	67	15	68	11	69	7	71	4	74	2	78	1	83	1	88	2	94	4	99	7	103	11	108	14	114	16	121	17	127	18	132	18	136	17	139	16	141	15	142	13	142	11	141	8	139	6	136	5	132	5	127	6	122	8	117	11	113	13	108	16	104	20	101	25	99	30	98	36	98	43	98	50	97	56	95	61	92	65	89	70	85	74	80	77	76	79	73	80	71	80	70	80	70	81	71	83	73	86	76	90	79	95	81	101	82	108	82	116	81	123	79	129	76	134	72	139	67	143	61	146	54	148	46	149	38	149	31	148	25	146	20	143	16	139	13	134	11	128	10	121	10	114	11	106	13	99	16	93	20	88	23	84	26	81	28	79	29	78	29	78	
60:
126	5.09	144	49	143	50	143	52	142	55	140	58	137	61	133	64	129	66	124	67	120	67	117	66	115	64	114	61	113	57	113	52	112	48	110	45	109	43	107	42	104	42	101	43	99	45	98	48	98	52	98	57	97	63	96	70	96	78	97	87	97	96	97	104	97	111	97	117	97	123	97	128	97	132	97	135	98	137	100	138	102	138	103	137	104	135	106	132	109	128	113	123	118	117	123	110	129	102	134	93	138	85	141	76	143	66	144	55	146	45	147	36	147	28	146	21	144	15	141	10	137	6	132	3	126	1	119	0	111	0	102	1	93	3	85	6	76	10	68	15	61	20	55	24	49	27	43	29	36	30	28	30	21	29	15	27	10	24	6	21	3	19	1	17	0	16	0	16	1	17	3	19	6	22	10	26	14	31	18	37	21	44	24	51	26	59	27	68	27	76	26	85	24	94	21	103	18	112	14	120	11	127	9	133	8	138	8	142	9	145	11	147	14	148	18	148	23	147	28	145	34	142	41	138	49	133	58	127	68	120	79	112	89	103	99	94	108	85	116	77	123	70	129	64	134	59	138	55	141	52	143	50	144	49	144	49	
61:
110	172.391	157	3	156	4	154	4	151	5	147	7	143	9	139	11	136	14	134	18	133	23	132	29	130	36	129	43	129	49	129	54	128	58	126	62	123	65	119	67	115	68	111	68	108	67	106	65	103	62	100	58	98	54	97	50	96	47	94	45	92	44	89	44	87	45	86	47	86	50	87	54	87	59	86	65	84	70	81	74	78	77	76	81	75	85	75	90	75	96	76	103	76	110	76	118	77	125	79	131	82	136	86	140	91	143	97	145	103	146	108	146	114	145	121	144	129	144	136	144	142	144	147	144	151	144	154	145	156	145	157	145	157	146	156	147	154	149	151	152	147	154	142	155	136	155	129	154	121	152	112	149	102	145	93	140	83	134	74	127	66	119	59	110	53	100	48	89	44	77	41	65	39	52	38	40	38	29	38	19	39	10	41	2	44	-5	48	-11	53	-16	59	-20	66	-23	74	-25	83	-26	92	-27	102	-27	112	-26	121	-24	129	-21	136	-17	142	-12	147	-7	151	-3	154	0	156	2	157	3	157	3	
62:
113	50.185	8	152	9	151	11	150	14	148	18	146	23	143	28	139	32	134	35	130	38	125	40	119	41	112	41	106	40	101	38	95	36	89	35	82	35	76	36	71	38	67	41	64	45	62	50	61	56	61	62	62	67	64	71	67	74	71	76	74	77	76	77	77	76	77	75	76	75	74	74	71	74	67	75	62	77	56	80	50	84	43	87	37	89	31	90	26	90	22	89	19	87	17	84	16	81	16	77	17	73	19	68	22	64	25	61	27	59	28	56	28	52	27	47	25	43	23	38	21	33	18	29	14	26	10	24	6	23	3	23	1	24	0	26	-1	29	-1	33	0	38	2	44	5	51	9	59	14	68	20	78	27	89	35	99	44	108	53	116	62	123	70	129	77	135	83	140	88	144	92	147	95	149	97	150	98	150	100	149	103	147	107	144	112	140	117	137	123	133	130	128	137	122	143	115	148	107	152	99	156	91	160	82	164	73	167	63	169	53	170	44	170	36	169	29	167	23	165	18	162	14	158	11	155	9	153	8	152	8	152	
63:
136	113.261	84	132	85	132	87	132	90	132	92	133	95	135	98	138	100	141	101	143	101	144	100	144	100	143	100	141	101	138	103	134	106	130	110	127	114	125	119	123	124	122	130	122	137	123	143	125	148	128	152	132	155	137	157	141	158	144	159	146	159	147	158	147	156	146	154	144	152	141	149	137	145	132	142	126	140	119	139	111	138	102	138	94	138	87	137	81	135	76	132	71	128	67	124	64	120	62	115	61	109	61	102	62	96	62	89	61	81	59	74	56	68	53	61	51	55	48	50	46	46	43	43	39	41	34	40	30	40	27	41	25	41	24	41	24	40	25	38	27	36	30	34	34	31	39	27	45	22	52	18	59	15	67	11	76	8	85	6	94	4	104	3	113	3	122	4	130	6	137	9	143	13	148	18	152	24	155	31	157	39	158	47	158	54	157	60	155	67	152	74	148	82	143	90	137	97	130	103	122	108	113	112	103	116	93	121	82	125	72	128	62	130	53	131	45	133	38	136	32	140	27	143	23	145	20	146	18	146	17	145	17	143	18	141	20	138	23	134	27	129	32	125	38	122	45	118	53	113	62	109	70	105	79	102	87	100	96	98	104	97	111	95	117	93	122	90	126	87	129	85	131	84	132	84	132	
64:
138	137.508	70	155	69	156	67	157	64	157	60	156	55	154	49	151	42	149	36	146	31	142	27	137	24	132	22	127	21	123	21	120	22	118	24	117	27	115	29	112	31	110	32	107	32	103	31	98	30	92	30	87	31	83	33	80	34	77	34	75	33	74	31	74	28	75	24	77	19	80	15	84	12	89	9	93	7	96	6	98	6	99	7	99	9	98	12	96	16	93	21	89	27	85	34	81	42	78	51	74	59	71	66	69	72	68	77	68	81	69	85	71	88	74	90	78	91	83	92	89	92	94	93	98	94	101	94	103	94	104	95	104	97	103	100	101	104	98	109	94	115	89	122	83	128	76	134	69	139	61	143	52	146	43	148	34	149	26	149	19	148	13	146	8	143	4	140	1	136	-1	131	-2	125	-2	118	-1	110	1	101	3	91	6	81	8	70	9	59	9	49	8	40	6	32	5	25	3	19	2	14	2	10	3	7	5	5	8	4	12	4	17	5	23	7	30	10	37	14	45	19	54	25	64	32	75	40	87	49	98	59	108	69	117	78	125	86	132	93	138	99	143	104	147	108	150	111	152	113	153	114	153	114	152	113	150	111	148	109	146	106	144	102	143	97	143	91	143	85	144	80	146	76	149	73	152	71	154	70	155	70	155	
65:
133	98.71	97	112	96	111	94	110	91	110	88	111	86	112	85	114	85	116	86	119	88	123	91	126	95	129	100	132	106	136	112	140	119	143	126	145	132	146	138	146	144	145	149	143	153	140	156	136	158	131	159	125	159	118	158	111	156	104	153	98	149	93	144	89	139	86	135	84	131	82	127	81	124	79	122	77	121	75	121	72	122	70	124	68	127	67	129	66	130	65	130	63	129	62	127	61	124	61	120	61	116	62	113	62	111	61	110	59	110	57	111	54	113	50	116	46	120	43	125	41	129	39	132	38	134	38	135	39	135	41	134	43	132	46	129	49	125	51	120	52	114	52	107	51	100	49	94	46	89	42	85	38	82	33	79	27	75	21	71	16	66	12	60	9	55	7	49	5	42	4	35	4	29	5	24	7	20	10	17	13	14	17	12	22	11	28	11	35	11	43	11	51	11	59	11	66	12	72	14	77	17	81	20	84	24	86	29	87	34	87	38	86	41	85	43	83	44	80	44	78	43	77	41	77	38	78	34	80	31	83	29	87	28	92	28	97	29	103	31	108	34	112	38	115	43	117	49	118	56	120	64	121	71	121	77	120	82	119	87	118	91	117	94	115	96	113	97	112	97	112	
66:
132	39.591	106	89	105	88	103	86	101	83	99	79	97	74	94	69	91	65	88	60	86	56	85	51	85	46	86	42	88	39	91	37	95	36	100	36	106	37	113	39	119	42	124	45	128	49	131	54	135	59	138	65	142	72	145	80	147	89	148	99	148	109	147	118	145	126	142	133	140	139	138	144	137	148	137	151	138	153	140	154	142	154	143	153	143	151	142	149	140	148	137	146	133	143	128	141	122	140	116	140	111	141	105	142	99	142	92	141	85	139	77	136	69	132	60	128	50	125	41	123	33	122	25	122	18	123	12	125	7	128	3	132	0	137	-2	143	-3	149	-3	154	-2	158	0	161	3	163	7	164	11	164	14	163	16	161	17	158	17	154	16	149	14	143	11	136	7	128	4	119	2	109	1	99	1	89	2	80	4	72	7	65	11	59	16	54	22	50	28	47	33	45	37	44	40	44	42	45	43	45	43	44	42	42	40	39	37	35	33	31	28	28	22	24	17	21	13	19	9	18	6	17	4	17	3	17	3	18	4	18	6	19	9	20	13	22	18	25	24	29	31	33	39	38	48	44	57	51	65	58	73	65	80	71	86	76	91	80	96	83	100	86	103	88	105	89	106	89	106	89	
67:
121	121.935	37	104	36	103	34	102	31	101	27	101	22	102	16	104	11	105	7	107	4	110	2	114	1	119	1	125	2	130	4	134	7	137	11	139	16	140	21	140	27	139	33	137	40	134	48	130	55	125	61	119	66	112	70	104	73	97	75	90	76	84	76	79	77	73	79	68	82	64	86	60	91	57	96	55	101	54	105	54	108	55	110	57	111	60	111	64	110	69	108	74	106	79	105	84	105	88	106	91	108	93	111	94	114	94	116	95	117	96	117	98	117	101	116	104	114	108	113	113	111	119	110	124	110	129	111	133	113	136	116	139	120	141	125	143	129	144	134	144	140	143	147	141	154	138	161	134	168	129	174	123	179	116	183	108	186	99	188	89	189	78	189	68	188	59	186	51	183	44	179	37	174	31	168	26	161	22	153	19	144	17	134	16	123	16	112	17	100	19	88	22	76	26	65	29	55	31	46	32	38	32	31	32	25	32	20	32	16	32	13	32	11	33	10	35	10	38	11	42	13	47	16	53	20	60	25	68	29	76	33	83	36	89	38	94	39	98	39	101	38	103	37	104	37	104	
68:
152	175.828	84	146	84	145	85	143	87	140	89	136	90	131	90	125	89	120	87	115	84	109	80	104	75	100	69	97	64	94	59	92	55	90	51	89	48	88	46	87	45	85	45	82	46	78	48	75	51	73	55	72	59	72	64	73	70	75	75	76	80	77	84	77	87	76	89	74	90	71	90	68	89	64	87	59	84	55	80	52	75	50	69	49	63	47	57	44	52	40	48	35	44	29	41	22	39	16	37	11	36	7	34	4	31	2	27	0	22	-1	16	-1	11	0	7	2	4	5	2	9	1	14	0	20	0	27	1	35	3	44	5	54	6	65	6	77	6	89	7	100	9	110	12	119	15	127	18	134	20	140	21	145	21	149	20	152	20	154	19	155	18	155	18	154	19	152	21	149	24	145	28	141	33	136	39	130	46	123	54	115	63	106	73	98	84	91	94	85	103	80	111	76	120	73	128	71	136	70	143	70	149	71	154	73	158	76	161	79	163	82	164	86	164	90	163	93	161	95	158	96	154	96	149	95	143	93	136	90	129	86	123	81	118	75	114	68	111	60	109	51	108	42	108	34	109	27	111	21	114	16	118	12	123	9	129	7	136	6	142	6	147	7	151	9	154	12	156	16	157	21	157	27	156	34	155	42	153	51	150	61	146	72	141	83	135	93	128	102	120	110	112	118	105	125	99	131	94	136	90	140	87	143	85	145	84	146	84	146	
69:
130	273.705	126	107	125	108	123	110	122	113	122	115	123	116	125	116	128	115	132	114	137	114	141	113	144	111	146	108	147	105	147	102	146	100	144	99	141	99	137	99	132	100	126	100	119	99	113	97	108	94	104	90	100	85	95	79	89	73	84	67	79	62	75	58	72	55	70	53	69	52	69	52	70	53	72	54	75	55	79	55	84	54	90	52	97	49	104	45	110	40	115	34	119	27	122	21	124	16	127	12	131	9	135	7	138	5	142	4	147	4	151	5	154	7	156	10	157	14	157	19	156	25	154	31	151	36	147	41	142	45	136	50	129	56	121	62	112	68	103	73	95	77	87	81	80	85	74	90	69	96	64	101	60	105	57	108	55	110	54	111	53	111	51	110	49	108	46	105	43	101	39	97	34	92	30	86	27	79	24	71	22	64	21	58	21	53	20	49	20	46	21	44	22	43	23	43	25	44	28	46	32	49	37	53	43	58	50	64	58	71	66	79	73	86	79	94	85	103	92	112	99	120	105	127	110	133	114	138	117	142	119	145	121	147	124	148	128	148	132	147	135	145	137	142	138	138	138	133	137	127	135	122	132	117	130	113	128	110	127	108	126	107	126	107	
70:
124	34.59	37	136	37	135	37	133	37	130	38	126	40	121	43	116	47	110	52	104	58	98	63	92	67	86	70	81	72	76	73	72	73	67	72	63	70	60	67	58	63	57	59	57	54	58	48	59	41	59	34	60	28	62	23	63	19	63	16	62	14	60	13	57	13	53	13	48	13	42	12	37	10	33	7	30	5	28	3	27	0	27	-4	28	-9	30	-13	33	-18	37	-22	42	-25	48	-27	55	-28	63	-28	72	-28	81	-27	90	-25	98	-22	105	-18	111	-13	116	-7	120	0	123	8	125	17	126	27	126	37	125	48	124	58	122	67	121	75	121	82	122	88	124	94	127	101	130	109	132	116	133	122	133	127	132	131	130	134	128	136	125	137	121	137	116	136	110	134	104	131	99	127	95	122	91	117	86	113	80	110	73	108	65	107	56	107	47	108	38	110	30	113	23	117	17	122	12	128	7	135	3	141	0	146	-2	150	-3	153	-3	155	-2	156	0	156	3	155	7	153	12	150	17	146	23	141	30	135	38	128	47	120	57	111	68	102	79	92	89	82	98	73	106	65	113	58	119	52	124	47	128	43	131	40	133	38	135	37	136	37	136	
71:
145	86.315	13	59	14	60	16	62	19	64	22	66	26	67	31	67	36	66	40	64	43	61	45	57	46	52	46	46	46	39	46	32	45	26	45	21	46	17	48	13	51	10	54	8	58	7	63	7	69	7	76	8	83	9	91	11	98	14	106	18	114	23	121	27	127	32	132	38	136	44	139	50	141	55	142	59	144	62	147	64	149	66	150	69	150	73	149	76	147	78	145	79	142	80	140	80	139	79	139	77	138	74	136	70	133	67	129	65	124	64	118	64	113	65	109	67	106	70	104	74	103	79	103	85	104	90	106	94	109	97	113	100	118	102	123	103	129	103	134	102	139	101	143	100	146	100	148	101	149	103	149	106	148	110	146	115	143	121	139	128	134	136	128	144	121	151	113	157	104	162	94	166	83	170	72	174	62	177	53	179	45	180	38	180	32	179	27	177	23	174	20	170	18	165	17	159	17	152	18	144	20	135	23	125	27	114	32	104	38	95	45	86	53	78	62	71	71	65	81	60	90	54	100	47	110	39	119	31	127	24	134	18	140	13	145	9	149	5	152	2	154	-1	155	-3	155	-4	154	-4	152	-4	149	-3	145	-1	140	2	134	6	127	11	119	17	110	24	100	31	89	37	79	42	68	46	58	49	49	51	41	54	34	56	28	57	23	58	19	59	16	59	14	59	13	59	13	59	
72:
133	10.113	155	88	156	87	158	85	159	82	159	78	158	73	156	68	153	64	149	61	144	59	138	58	131	58	125	58	119	57	114	56	110	54	107	51	103	47	100	42	98	36	97	30	97	25	98	21	100	18	103	15	107	13	112	12	117	12	123	13	128	15	132	17	136	20	139	23	141	27	144	32	146	38	147	44	148	51	148	58	147	64	145	69	142	74	138	78	133	81	127	83	120	84	112	84	104	83	97	81	91	78	86	74	82	70	79	67	77	65	74	64	70	64	67	65	63	67	60	70	56	72	51	73	45	74	39	74	33	73	28	71	23	68	18	64	13	59	9	53	6	46	4	38	3	31	3	25	4	20	6	16	9	13	13	11	17	10	20	9	22	9	23	10	23	12	22	15	20	19	17	24	13	30	8	37	2	45	-3	54	-7	64	-10	75	-13	86	-15	96	-16	105	-16	113	-15	120	-13	126	-10	131	-6	135	-1	138	5	140	12	141	20	141	29	140	38	139	46	137	53	134	59	132	64	131	68	131	71	132	73	134	74	137	74	140	74	143	74	145	75	146	77	146	80	145	84	143	89	140	95	136	102	131	110	125	119	118	127	111	134	105	140	100	145	96	149	93	152	91	154	89	155	88	155	88	
73:
138	1209.133	83	21	84	22	85	24	85	27	84	31	82	36	79	40	75	43	70	45	65	46	59	46	52	47	46	49	41	51	37	53	32	56	28	58	25	59	23	59	22	58	22	56	22	53	22	49	21	46	21	44	20	43	18	43	15	44	12	46	8	49	5	53	3	58	2	64	2	70	2	75	3	79	5	82	8	84	12	85	17	85	23	86	30	88	37	91	43	95	48	100	52	106	56	111	59	115	62	118	65	120	67	121	68	121	68	120	67	118	65	117	62	115	58	114	54	114	49	115	43	116	37	116	32	115	28	115	25	116	23	118	22	121	22	125	23	130	25	135	28	139	32	142	37	144	43	145	50	145	58	144	67	142	76	140	84	139	91	139	97	138	102	136	106	133	109	130	112	127	114	125	115	122	115	118	114	114	112	109	110	103	107	97	104	92	102	87	101	83	100	80	99	78	99	77	99	77	98	78	96	80	95	83	95	87	94	92	92	98	90	104	89	110	89	117	90	125	92	132	94	138	95	143	95	147	96	150	98	152	101	153	105	153	108	152	110	150	111	147	111	143	110	138	108	132	107	125	107	117	106	108	104	98	101	87	97	76	94	66	90	57	86	49	83	42	81	36	80	31	80	27	81	24	82	22	83	21	83	21	
74:
151	265.198	88	5	89	6	91	8	94	11	98	13	101	16	103	20	104	23	104	26	103	29	101	33	98	36	94	39	90	41	87	44	85	48	84	53	84	57	85	60	86	62	88	63	91	63	95	62	100	60	106	57	113	53	121	50	129	48	136	47	142	47	147	48	151	50	154	53	157	57	159	61	160	66	160	72	159	78	157	83	154	87	150	90	145	94	141	99	138	105	135	112	133	120	132	127	132	133	133	138	135	142	138	145	140	147	142	149	143	150	143	150	142	151	140	153	137	155	133	157	128	159	122	162	115	165	107	167	98	168	89	168	81	167	73	165	66	162	60	158	55	153	51	148	48	142	46	137	45	133	45	130	46	128	48	127	51	126	54	125	56	124	57	122	57	119	56	117	54	114	51	110	47	106	42	102	37	97	32	91	28	84	25	76	23	69	22	61	22	52	23	44	25	37	27	31	30	26	33	22	35	19	36	17	37	16	38	16	38	17	37	19	36	22	35	26	35	31	36	37	37	44	37	52	37	61	37	71	38	82	38	94	37	105	35	115	32	124	28	132	25	139	23	145	21	150	18	154	14	157	10	159	7	160	4	160	2	159	1	157	1	154	2	150	4	145	6	139	9	132	13	124	18	115	23	105	27	94	30	82	34	71	39	60	45	50	52	41	60	33	67	26	73	20	78	15	82	11	85	8	87	6	88	5	88	5	
75:
145	45.895	46	92	47	92	49	93	52	94	56	94	61	93	67	92	74	90	81	87	87	83	92	78	96	72	99	67	101	63	102	60	102	58	102	57	101	57	101	58	100	60	100	62	101	65	103	69	106	73	110	77	114	80	118	82	121	83	123	83	126	82	130	80	135	77	141	74	146	72	151	70	155	69	158	69	160	70	161	72	162	74	162	77	161	81	159	86	156	92	152	99	147	107	143	115	140	123	138	130	137	136	137	141	138	145	140	148	143	150	146	151	149	151	151	150	152	148	152	145	151	141	149	137	146	132	142	128	137	125	131	123	124	122	116	122	107	123	99	125	92	128	86	132	81	136	77	141	74	145	72	148	69	150	65	151	60	151	55	150	49	148	44	145	40	141	36	136	31	130	27	123	24	115	20	106	17	97	13	87	9	76	6	65	4	55	3	46	3	38	3	31	4	24	5	18	7	13	10	9	14	6	19	4	24	3	30	3	36	4	42	6	47	9	52	12	58	14	65	16	73	17	82	17	90	16	98	14	107	11	115	7	122	4	128	2	134	1	139	1	143	2	146	4	148	7	150	9	151	12	151	15	150	19	148	23	145	26	141	28	136	30	130	32	123	35	116	39	108	44	99	49	91	55	82	60	74	66	67	72	61	77	56	82	52	86	49	89	47	91	46	92	46	92	
76:
130	94.778	58	13	57	14	55	16	53	19	51	23	50	28	49	33	49	37	50	40	52	43	55	47	59	52	62	57	64	62	67	66	71	70	76	73	82	75	88	76	95	76	103	75	110	73	116	70	121	67	127	64	133	62	138	61	142	61	145	62	147	64	148	65	148	65	147	64	145	62	142	59	139	55	137	50	136	44	136	38	137	33	138	29	140	25	143	22	146	20	150	19	153	19	155	20	156	22	156	25	155	29	153	34	150	38	146	41	141	43	135	44	128	44	122	43	117	41	112	38	108	34	105	29	103	23	101	16	99	8	96	1	92	-5	87	-10	81	-14	74	-17	66	-19	57	-20	49	-20	42	-20	36	-19	31	-17	27	-14	24	-10	22	-5	21	1	21	8	22	16	24	25	27	35	31	46	34	58	36	71	39	84	41	97	42	109	42	120	42	130	43	139	45	147	48	154	52	160	57	165	63	169	70	172	77	174	85	175	94	175	103	174	112	172	120	169	127	166	133	163	138	159	142	154	145	148	147	141	148	133	148	124	147	115	145	106	142	97	138	89	133	80	127	71	120	62	112	54	103	46	94	39	86	33	79	28	73	24	68	21	64	19	61	16	59	14	58	13	58	13	
77:
125	21.82	32	46	32	45	33	43	35	40	38	36	41	31	45	26	50	22	56	19	63	17	69	16	74	16	79	17	83	18	86	20	88	23	89	27	89	30	88	33	87	35	87	36	88	36	90	36	93	36	97	37	101	39	104	42	106	46	108	49	110	51	112	52	114	52	116	51	119	49	122	46	126	42	129	37	131	33	133	30	135	28	138	27	141	27	144	28	146	30	148	33	149	36	151	40	154	45	156	51	158	58	159	65	159	71	158	76	156	80	153	83	149	85	144	86	139	86	133	85	126	83	118	80	109	77	99	75	88	73	77	72	67	72	58	72	50	73	43	75	37	78	32	82	28	86	25	91	23	97	22	104	22	112	23	120	25	127	28	134	32	140	37	145	43	149	48	152	54	154	60	155	65	155	69	155	72	154	74	152	75	149	75	145	74	140	72	134	69	127	65	119	60	110	54	100	47	89	39	78	32	68	25	58	19	49	14	40	10	32	7	25	5	19	4	14	4	10	5	7	7	5	10	4	14	4	17	4	19	5	22	7	26	10	29	14	31	19	33	25	34	31	34	36	34	40	34	43	33	45	32	46	32	46	
78:
133	7.221	3	81	2	82	0	84	-2	87	-5	91	-7	96	-8	102	-8	109	-7	116	-5	122	-2	127	2	131	7	134	13	136	20	137	28	137	35	138	41	138	47	137	52	135	56	132	59	129	61	125	62	122	62	119	63	116	65	114	68	112	70	111	71	111	71	110	70	108	68	107	65	105	63	102	62	98	62	93	63	89	65	86	68	84	70	83	71	83	72	82	72	81	71	81	69	81	66	80	64	78	63	75	63	72	64	70	65	67	66	65	66	62	65	59	63	57	60	56	56	56	52	56	47	55	42	53	36	50	31	46	27	41	24	35	22	28	21	22	21	16	22	11	24	7	27	4	31	2	36	1	42	1	49	2	57	4	66	7	76	11	87	14	98	16	108	17	117	18	125	18	132	17	138	16	144	16	149	17	153	19	156	22	158	26	159	31	159	37	158	44	156	52	153	61	149	70	145	79	142	87	140	94	139	100	139	105	140	109	142	112	145	114	149	115	152	115	154	114	155	112	155	109	154	107	152	106	149	106	145	107	140	109	134	112	127	115	119	117	111	118	102	118	92	119	81	119	69	118	58	116	48	114	39	111	31	107	24	102	18	96	13	91	9	87	6	84	4	82	3	81	3	81	
79:
123	36.662	8	43	8	42	8	40	9	37	11	33	14	28	18	24	22	20	25	17	27	15	28	14	28	14	27	14	25	13	22	13	20	12	18	10	17	7	17	3	18	0	20	-2	23	-3	27	-3	32	-2	37	0	41	3	44	7	46	12	47	18	47	25	46	31	45	36	45	40	46	43	48	46	51	50	55	53	59	55	64	56	68	56	71	57	73	59	74	62	74	64	73	66	71	69	68	73	65	77	63	81	62	86	62	92	62	97	62	103	62	108	61	112	59	115	56	117	52	118	47	118	41	117	36	116	30	114	25	111	21	107	18	102	16	96	15	89	15	81	16	72	18	63	21	55	25	48	30	40	36	33	43	27	51	22	60	18	70	15	81	13	92	12	102	12	111	13	119	15	126	18	133	22	139	27	144	33	148	40	151	48	153	57	154	66	154	76	154	86	154	96	155	105	156	113	156	120	155	126	154	131	152	135	150	138	148	140	145	141	141	141	136	140	130	138	123	135	115	131	106	126	96	120	85	113	74	105	63	97	53	88	44	79	36	71	29	64	23	58	18	53	14	49	11	46	9	44	8	43	8	43	
80:
143	503.895	146	48	146	49	147	51	147	54	148	57	150	59	153	60	155	60	156	59	158	57	159	54	159	50	158	45	156	40	153	36	149	33	144	31	138	30	133	30	128	31	124	33	121	36	119	39	118	41	118	42	119	42	121	41	123	39	124	36	124	32	123	28	121	25	118	22	114	20	109	17	103	14	97	10	91	6	86	3	82	1	78	0	74	0	71	1	67	3	63	6	60	10	58	15	57	19	56	24	54	28	51	31	47	33	42	34	37	34	33	33	30	31	28	28	27	25	27	21	28	17	30	14	33	11	35	7	37	4	38	2	38	1	37	1	35	2	32	4	28	7	23	11	19	16	16	22	14	29	13	36	13	43	14	49	16	54	19	58	23	61	28	63	34	64	41	64	49	63	58	61	68	60	78	60	87	61	95	63	102	66	108	70	114	74	119	79	123	85	126	92	128	100	129	107	129	113	128	119	126	125	123	132	119	140	114	148	108	155	101	161	94	166	86	170	77	173	67	175	57	176	48	176	40	175	33	173	27	170	22	166	18	161	15	155	13	148	12	140	12	131	13	121	15	112	18	104	22	97	27	91	33	86	40	82	48	79	57	77	67	76	78	76	89	77	99	77	108	76	116	74	123	71	129	67	134	63	138	58	141	54	143	51	145	49	146	48	146	48	
81:
131	185.012	6	148	6	147	5	145	5	142	6	138	7	135	8	133	10	132	12	132	15	133	19	135	24	138	30	142	35	145	39	147	42	148	46	148	50	147	55	145	61	143	68	142	76	142	83	142	89	141	94	139	98	136	101	132	103	127	104	121	104	114	103	108	101	102	98	97	94	93	89	90	83	87	76	85	68	84	59	84	51	85	44	87	38	90	33	93	29	97	25	100	22	102	18	103	13	103	8	102	3	100	-1	97	-4	93	-6	88	-7	82	-7	75	-6	68	-4	62	-1	57	3	52	8	48	14	45	21	43	29	42	38	42	47	42	56	43	64	45	72	46	79	46	85	45	90	43	94	40	97	37	99	33	100	29	100	26	99	23	97	21	95	20	93	20	92	21	92	23	93	26	94	30	96	33	99	35	103	36	108	36	112	35	115	33	118	31	121	28	125	24	129	19	133	14	136	10	140	7	144	5	149	4	155	4	160	5	164	7	167	10	169	14	170	19	170	25	169	32	167	40	164	49	160	59	155	70	149	80	142	90	134	99	126	107	117	116	107	124	96	131	84	137	72	142	61	147	51	151	42	154	34	156	27	157	21	157	16	156	12	154	9	151	7	149	6	148	6	148	
82:
129	66.876	103	107	102	106	100	105	97	103	95	100	92	96	90	91	89	86	89	80	89	73	89	66	89	60	88	55	86	51	83	48	79	46	74	45	68	45	61	44	55	42	48	40	42	38	36	35	31	32	27	30	24	29	22	29	20	30	18	32	15	35	11	39	7	44	4	48	2	51	1	53	0	54	0	54	1	53	3	51	6	49	10	47	15	46	21	46	27	47	33	49	38	52	42	56	45	61	48	67	50	74	51	82	51	89	50	95	48	100	45	104	42	107	38	109	33	110	27	110	20	109	14	107	9	106	5	106	2	107	0	109	-1	112	-1	116	0	120	2	125	5	131	9	138	14	144	20	149	27	153	35	156	44	158	54	159	65	159	76	159	86	158	95	156	103	153	111	149	118	144	124	138	129	133	133	127	136	120	138	112	139	104	139	95	138	86	136	78	133	69	129	61	124	54	118	46	112	38	107	31	103	25	100	20	98	16	97	13	97	9	98	5	99	2	101	0	104	-1	108	-1	113	0	119	2	124	5	128	9	132	14	135	20	137	27	138	35	138	44	137	54	135	63	132	71	128	79	123	86	118	92	113	97	109	101	106	104	104	106	103	107	103	107	
83:
128	126.618	154	9	153	9	151	10	149	12	146	15	144	19	143	24	141	30	138	37	134	45	129	52	124	58	118	63	113	67	109	70	106	72	104	74	103	76	103	79	104	82	106	86	109	91	113	97	118	104	122	112	125	121	127	129	128	136	128	142	129	147	131	151	134	154	138	156	143	157	148	157	152	156	155	154	157	151	158	147	158	144	157	141	155	138	152	136	148	135	143	135	137	136	130	138	122	141	113	145	103	150	92	154	81	157	70	159	60	160	51	161	43	161	36	160	29	158	23	155	18	151	14	146	11	140	9	133	8	127	8	122	9	118	11	115	14	113	18	112	23	111	29	110	36	109	42	108	48	106	53	104	57	101	60	97	62	92	63	86	63	80	62	75	60	71	57	68	53	66	48	65	42	65	35	66	29	67	24	67	20	67	16	66	13	64	11	61	10	57	10	52	11	46	13	39	15	33	18	28	22	24	27	21	31	18	34	16	37	15	39	15	40	16	42	18	44	21	45	25	47	29	50	32	54	34	59	35	65	35	72	34	80	32	89	29	99	25	109	20	118	15	126	11	133	8	139	6	144	5	148	5	151	6	153	8	154	9	154	9	
84:
131	45.297	66	130	67	131	69	133	70	136	72	140	75	145	79	150	84	155	90	159	97	162	105	164	113	166	120	167	126	167	131	166	135	164	138	161	140	157	141	152	141	147	140	141	138	135	136	128	133	120	130	111	127	101	125	90	124	80	124	71	125	63	125	56	124	50	122	45	119	41	116	38	114	35	113	31	112	27	112	23	113	20	115	18	118	17	122	17	127	18	131	20	134	23	137	25	141	26	146	26	150	25	153	23	155	21	156	18	156	14	155	11	154	9	152	8	149	8	145	9	140	11	134	14	127	18	120	23	114	29	109	36	104	44	100	52	97	59	95	65	93	71	91	76	88	80	85	84	82	87	78	89	73	90	67	90	61	89	55	87	50	84	46	80	43	75	41	69	40	62	40	56	41	51	43	46	46	42	50	39	55	36	61	34	66	33	70	33	73	34	75	36	76	38	76	39	75	39	73	38	70	38	66	39	61	41	55	42	48	42	40	42	32	41	25	41	18	42	12	43	7	45	3	48	0	52	-2	57	-3	62	-3	68	-2	75	0	81	3	88	7	95	12	101	17	106	23	110	30	113	38	115	45	116	51	118	56	121	60	124	63	127	65	129	66	130	66	130	
85:
115	8.517	68	42	67	41	65	41	63	41	62	40	62	39	63	37	65	36	68	36	72	37	75	38	77	40	78	43	78	47	77	52	75	57	72	62	69	66	67	69	66	72	66	76	67	79	69	82	71	84	73	85	76	85	80	84	85	82	91	80	97	79	103	79	109	80	114	82	118	85	121	89	123	94	124	100	124	106	125	113	126	119	126	124	125	128	123	131	120	133	116	135	112	136	107	136	101	135	94	133	87	130	79	128	71	127	63	127	55	128	48	130	42	133	37	137	33	140	30	142	26	143	23	143	20	142	17	140	15	137	14	133	14	128	14	122	14	115	15	107	17	98	20	89	24	81	29	74	35	68	42	63	50	59	58	56	67	54	77	53	88	53	100	53	112	54	123	56	133	57	142	57	150	57	157	58	163	58	168	57	172	55	175	52	177	48	178	43	178	37	177	30	175	24	173	19	170	15	166	11	161	8	155	6	148	5	140	5	131	6	121	7	112	9	104	12	96	16	89	21	83	27	78	32	74	36	71	39	69	41	68	42	68	42	
86:
125	84.039	4	84	4	83	3	81	3	78	4	74	6	69	9	63	12	57	14	50	15	42	15	34	16	27	16	21	17	16	18	12	20	9	22	7	25	6	29	6	34	7	39	9	43	12	48	16	53	21	59	26	64	32	68	37	71	41	74	44	78	46	82	47	87	47	92	46	96	44	100	41	103	37	105	32	108	26	110	20	111	15	113	11	114	8	116	6	117	5	119	5	122	6	125	8	127	11	128	15	130	19	133	24	137	30	141	37	144	45	146	53	147	61	147	68	146	74	144	79	141	84	138	88	136	91	135	94	135	97	136	101	138	106	141	111	145	116	148	120	150	123	151	127	151	131	150	134	148	136	145	137	141	137	136	136	130	134	123	131	117	128	111	124	105	119	100	115	95	112	91	110	88	109	85	109	83	110	82	112	82	115	83	119	85	124	88	129	92	135	97	140	101	144	104	149	106	153	107	158	107	162	106	165	104	168	101	170	97	171	92	173	86	174	79	174	71	173	62	171	54	168	47	164	41	159	36	153	30	146	25	138	21	129	18	120	16	112	14	105	13	99	12	94	10	90	7	87	5	85	4	84	4	84	
87:
117	298.235	69	54	70	53	72	51	75	49	79	48	84	48	89	49	95	51	102	54	109	58	117	62	124	65	131	67	137	68	142	68	146	68	149	67	151	65	152	62	152	58	153	53	154	48	154	43	153	39	151	36	148	34	145	33	143	33	142	34	142	36	142	39	143	43	145	48	146	53	146	59	145	66	143	74	140	83	136	91	132	98	129	105	127	111	126	118	126	126	127	133	128	140	128	146	127	151	125	155	122	158	118	160	113	161	107	161	101	160	96	158	92	155	88	151	85	146	82	140	80	133	79	125	79	118	78	112	76	107	73	103	70	100	66	98	61	97	56	97	50	98	44	100	39	103	35	105	32	106	30	106	28	105	27	103	27	100	28	96	29	93	31	90	34	88	38	85	41	81	43	76	44	70	44	64	43	59	42	55	40	52	37	50	33	49	28	49	22	50	16	52	11	55	7	59	4	62	2	65	1	67	1	70	2	74	4	78	7	81	11	83	16	84	22	84	29	83	37	81	44	78	50	74	55	69	59	64	63	60	66	57	68	55	69	54	69	54	
88:
132	76.833	75	34	76	35	78	37	81	40	83	44	86	49	88	54	89	60	89	65	88	69	86	72	83	74	79	75	74	76	68	76	62	75	57	73	53	70	50	66	48	61	46	55	45	48	44	42	43	37	41	33	38	30	34	28	29	27	23	27	18	28	14	30	10	33	7	37	5	42	4	48	4	55	4	62	5	70	7	79	10	87	14	94	18	100	23	105	29	109	35	112	40	114	44	115	47	115	49	114	50	112	52	109	54	105	57	101	61	98	66	96	71	95	76	95	82	96	87	97	91	97	94	96	96	95	98	95	101	96	105	98	109	101	114	105	120	108	127	110	133	112	139	113	144	113	148	112	151	110	153	107	154	103	154	98	153	92	151	87	148	83	144	79	139	76	135	74	132	73	130	73	128	74	127	76	127	79	128	83	128	88	129	94	129	101	128	109	126	118	123	126	121	134	120	141	118	147	115	152	111	156	106	159	100	161	93	162	85	162	76	161	67	159	57	157	48	154	40	152	33	151	27	150	22	148	18	146	15	143	13	139	12	134	12	129	13	123	15	116	18	108	22	99	27	89	33	79	40	70	47	62	54	55	60	49	65	44	69	40	72	37	74	35	75	34	75	34	
89:
103	16.109	91	78	90	79	89	81	88	83	87	85	86	86	85	86	83	85	82	83	82	80	82	76	83	72	85	68	87	65	89	62	90	58	90	55	89	53	87	52	84	52	80	52	75	53	69	55	63	58	58	61	53	63	49	64	45	64	42	63	40	62	38	60	37	57	36	53	36	48	37	43	39	38	42	34	45	31	49	29	54	28	60	28	67	29	75	29	84	30	94	32	104	33	113	33	121	32	129	30	136	29	142	28	147	28	151	29	154	31	156	34	157	37	157	41	156	46	154	52	151	59	147	66	142	74	136	81	129	87	121	92	112	98	102	103	91	107	79	110	68	112	58	114	49	117	41	121	34	124	28	128	23	131	19	134	16	138	14	143	13	147	13	150	14	152	16	155	19	157	23	158	28	158	34	157	41	155	47	152	54	148	62	143	69	137	75	130	80	122	85	114	89	106	92	99	94	93	95	88	95	84	94	81	92	79	91	78	91	78	
90:
147	758.013	57	12	57	11	57	9	58	6	60	4	63	3	65	3	66	4	66	6	65	9	63	13	60	18	57	22	53	26	48	29	42	31	37	32	33	32	30	32	28	31	26	31	25	32	25	34	26	37	28	41	31	46	35	51	38	55	41	59	43	62	45	64	47	65	48	65	48	64	47	62	45	59	42	55	38	52	33	50	27	49	22	49	18	50	15	51	12	53	10	56	9	60	9	65	10	70	12	76	14	83	17	91	19	100	20	108	20	117	19	125	18	132	18	138	19	143	21	147	24	150	28	154	32	157	35	159	37	160	38	160	38	159	37	157	35	155	32	154	28	154	23	155	17	157	12	160	8	162	5	163	3	163	2	162	2	160	3	157	5	153	8	150	12	147	17	143	23	138	30	132	38	125	47	117	57	110	66	102	76	93	85	83	93	72	101	62	109	53	117	45	124	37	130	30	135	24	139	19	142	15	145	12	147	10	149	9	152	9	156	10	161	12	166	15	170	19	173	24	175	30	177	37	180	45	182	52	185	60	187	69	188	79	188	88	187	96	185	103	182	109	178	114	173	118	167	121	161	123	155	124	150	124	144	123	137	121	129	118	121	114	114	109	108	103	103	96	99	88	96	81	92	74	89	66	85	57	80	48	74	40	69	33	65	27	62	22	60	18	58	15	57	13	57	12	57	12	
91:
128	221.655	40	145	41	146	42	148	44	151	47	153	51	155	54	156	56	156	57	155	57	153	56	150	54	146	52	141	51	136	51	131	52	127	54	124	57	122	60	121	64	121	69	122	75	124	80	127	86	131	91	136	97	140	104	143	112	145	120	146	128	146	135	146	141	145	146	143	150	140	153	136	155	131	156	125	156	118	155	111	153	103	150	96	147	90	143	85	138	80	134	74	131	67	129	60	128	53	127	45	126	37	126	30	125	24	123	19	120	15	116	12	113	10	111	9	110	9	110	10	111	12	113	15	115	19	118	24	120	30	121	37	121	44	120	51	118	57	115	62	111	66	106	70	100	73	93	75	85	76	77	76	70	75	64	75	59	76	54	78	50	81	47	85	45	90	44	94	44	97	45	99	45	100	45	100	44	99	42	97	39	94	36	90	32	85	27	80	22	74	18	67	15	59	13	50	11	42	9	35	8	29	8	24	9	20	11	17	14	15	18	14	21	14	23	15	25	17	28	20	32	24	37	29	43	35	49	42	54	50	58	59	61	69	63	80	64	90	64	100	63	109	61	117	58	124	54	130	50	135	46	139	43	142	41	144	40	145	40	145	