0:
104	37.614	98	30	98	29	97	27	96	24	94	20	91	17	87	14	83	12	79	11	74	11	69	12	65	14	62	15	60	15	59	14	59	12	59	9	58	7	56	6	53	6	49	7	44	9	38	12	31	16	25	21	20	25	16	28	11	31	7	33	4	35	2	36	1	36	1	35	2	34	3	34	5	35	8	37	10	38	11	40	11	43	10	47	8	52	5	58	3	65	2	71	2	77	3	82	5	86	8	89	12	91	17	92	23	92	29	92	35	91	41	89	46	86	50	82	53	77	55	71	58	64	60	58	61	53	62	49	64	46	67	44	71	43	76	43	82	44	87	46	91	49	94	53	96	58	97	64	97	71	96	79	94	88	91	96	87	103	84	109	81	114	79	118	76	121	72	123	69	124	66	124	64	123	63	121	63	118	64	114	65	110	67	105	69	99	72	92	74	84	77	75	81	66	86	58	90	51	93	45	95	40	97	36	98	33	98	31	98	30	98	30	
1:
118	9.249	43	92	44	91	44	89	44	86	45	83	46	81	48	80	51	80	54	81	56	83	57	86	59	90	62	95	64	101	67	107	70	112	72	116	75	119	79	121	83	122	87	122	91	121	95	119	100	116	106	114	112	113	117	113	121	114	124	116	126	119	127	123	127	126	126	128	124	129	122	129	121	128	120	126	120	123	120	119	121	114	123	108	125	101	126	93	126	84	125	76	123	68	121	60	119	53	117	47	114	42	110	38	106	35	103	33	100	32	97	32	94	33	92	35	91	38	90	42	89	47	87	53	86	58	85	62	85	65	86	67	87	68	87	68	87	67	86	65	86	62	85	58	83	53	81	48	78	42	74	36	69	31	63	27	56	24	48	22	41	21	33	21	26	22	20	24	15	27	11	31	8	36	6	42	5	48	5	55	5	63	6	70	8	76	11	81	15	86	19	91	22	97	24	102	25	106	25	109	24	111	22	114	19	117	15	121	12	124	10	126	9	127	9	127	10	126	12	124	15	121	19	117	23	112	28	107	33	102	37	98	40	95	42	93	43	92	43	92	
2:
110	38.39	57	68	58	68	60	67	63	66	65	65	66	63	66	62	65	62	63	63	60	64	56	66	51	68	46	71	42	73	39	76	37	79	36	82	36	86	37	89	39	91	42	94	44	98	45	102	46	106	46	111	45	115	43	118	40	121	36	124	31	126	25	127	19	128	14	128	10	127	7	125	5	122	4	118	4	113	5	107	7	100	9	93	11	85	13	76	16	68	20	61	25	55	31	50	38	46	44	43	50	41	56	40	61	39	65	37	68	35	70	33	71	32	71	31	70	31	70	32	71	34	73	37	76	41	78	46	81	50	85	53	90	55	96	56	101	56	105	55	108	53	110	50	111	46	111	41	110	35	108	28	105	22	102	17	100	12	99	8	99	5	100	3	102	2	104	2	107	3	111	5	114	8	117	12	121	17	124	23	126	30	127	38	128	46	128	54	127	61	125	67	122	72	119	76	115	80	111	83	106	85	100	86	93	86	85	85	78	83	72	80	67	76	63	73	60	71	58	69	57	68	57	68	
3:
111	36.358	90	2	89	1	87	0	84	0	82	0	81	1	81	3	82	6	84	10	87	15	89	21	92	28	94	36	95	43	95	49	94	54	92	58	90	61	87	63	85	64	84	66	84	69	85	73	87	77	88	81	88	84	87	86	85	87	82	87	78	86	74	84	70	82	66	80	62	79	59	79	57	80	56	82	56	85	57	88	59	92	62	97	64	102	66	107	67	112	67	116	66	119	64	121	61	122	57	123	52	123	46	124	39	126	33	128	27	130	22	131	18	131	15	130	13	128	12	125	12	121	13	116	15	110	18	104	22	97	27	89	32	81	38	74	43	68	47	62	52	57	58	53	65	50	73	48	82	47	91	47	99	48	106	50	112	53	117	57	121	62	124	68	126	75	127	83	127	90	126	96	124	101	121	105	119	108	116	110	112	111	109	111	106	110	104	108	101	105	97	101	93	96	90	90	88	83	87	75	87	66	88	56	89	47	91	38	92	30	93	23	94	17	94	12	93	8	91	5	90	3	90	2	90	2	
4:
104	30.395	42	6	43	7	45	9	48	12	50	16	53	21	56	27	60	32	63	36	65	40	66	45	67	50	67	55	67	59	66	64	64	68	61	71	57	73	53	74	50	74	48	73	47	73	47	74	48	75	48	76	47	76	45	75	43	74	40	73	36	71	31	68	25	65	20	61	16	56	13	51	11	47	10	44	10	42	11	40	13	39	16	39	20	40	23	42	25	45	26	48	26	52	25	57	23	63	20	70	18	78	15	86	13	93	12	99	10	104	8	108	5	111	2	114	0	118	-1	123	-1	128	0	133	2	139	5	145	9	150	14	154	20	157	27	159	35	160	44	160	53	159	62	157	71	154	81	150	90	145	98	139	105	132	111	124	116	115	120	105	123	94	125	83	126	72	126	62	125	53	123	45	121	38	118	32	116	26	113	21	109	17	104	14	98	12	92	11	87	11	81	12	75	13	68	13	62	12	57	10	52	8	48	6	45	5	43	5	42	6	42	6	
5:
117	12.268	96	58	96	59	96	61	95	63	93	66	90	68	86	69	82	69	79	68	77	66	76	63	75	59	75	54	76	50	78	46	81	43	85	39	90	36	94	34	99	33	104	32	109	32	113	33	116	35	119	38	121	42	123	46	126	51	129	57	131	64	132	71	132	77	131	82	129	86	126	89	122	91	117	92	111	92	104	91	96	89	89	86	81	82	72	77	62	73	53	70	45	66	38	62	32	58	27	55	23	53	20	51	18	48	17	44	17	39	18	34	20	29	21	25	23	22	24	20	24	19	23	17	21	15	18	13	16	12	15	11	15	10	16	8	18	6	21	3	25	0	30	-2	36	-3	42	-3	47	-4	51	-4	54	-3	57	-1	59	2	60	6	60	11	59	15	57	18	54	22	50	27	45	33	39	40	32	48	25	57	19	66	14	75	10	83	7	92	5	100	4	107	4	113	5	118	7	122	10	125	13	127	17	128	22	128	28	127	33	125	37	122	41	118	46	113	52	107	59	101	65	94	70	86	75	79	81	73	86	68	90	64	93	61	95	59	96	58	96	58	
6:
115	23.435	106	32	106	31	107	30	109	29	112	29	116	30	120	32	123	35	125	39	126	43	126	48	125	54	123	60	122	65	120	69	117	72	113	74	108	75	102	75	97	74	93	74	90	75	88	76	86	78	85	80	85	82	86	85	86	89	85	93	83	97	80	100	77	102	75	103	73	103	70	102	68	100	67	97	67	93	68	88	69	84	70	81	70	79	69	78	67	78	64	79	60	81	56	84	52	88	49	93	47	99	46	104	46	108	45	111	43	113	40	114	36	114	31	113	25	111	20	108	15	104	11	99	8	93	6	86	5	78	5	69	6	61	8	52	11	44	15	37	20	31	26	26	33	22	40	19	46	17	51	16	55	16	58	16	60	17	62	19	65	22	68	26	72	31	77	37	81	44	84	52	87	61	89	71	92	80	96	88	99	95	102	101	104	106	105	110	105	113	104	115	102	116	101	116	101	115	101	113	102	110	104	106	107	101	111	96	114	90	117	83	119	75	120	67	120	60	119	53	117	47	114	42	111	38	109	35	107	33	106	32	106	32	
7:
96	4.427	19	23	20	24	22	24	25	24	29	23	34	21	39	19	45	17	52	16	58	16	63	17	67	19	70	21	74	24	78	27	81	31	83	34	86	36	90	37	94	37	99	36	105	36	110	37	114	39	117	42	119	46	120	51	120	57	119	63	118	68	116	72	113	75	109	78	104	80	98	83	93	87	88	92	84	97	81	101	79	105	78	108	77	110	76	111	75	111	73	110	70	108	66	106	61	103	55	99	49	96	44	93	40	89	37	84	35	79	34	74	34	69	34	65	34	62	35	60	37	59	38	59	38	60	37	62	35	65	32	69	28	74	23	80	18	87	14	95	11	102	9	108	8	113	8	117	9	120	11	122	14	123	18	123	23	122	27	120	31	117	35	113	39	108	42	102	44	95	45	87	45	78	44	68	42	59	39	51	35	44	30	38	26	33	23	29	21	26	20	24	19	23	19	23	
8:
132	96.136	118	111	117	110	115	109	112	108	108	108	103	108	97	107	91	105	86	104	82	102	79	99	77	96	76	92	76	87	77	82	79	78	80	74	80	71	79	69	77	68	74	68	70	69	66	71	63	74	61	78	59	83	58	89	58	95	58	101	57	106	55	110	52	113	48	116	44	118	39	119	35	121	32	123	30	124	29	124	29	123	30	121	32	118	35	114	39	109	43	103	48	96	52	88	55	80	57	73	58	66	58	60	57	55	55	51	52	48	48	46	43	44	39	43	35	43	32	44	30	44	29	45	29	47	30	48	32	48	35	47	39	45	43	42	46	38	48	33	49	27	49	21	48	15	46	10	43	6	39	3	34	1	30	0	27	0	25	0	23	1	22	1	22	2	23	4	25	5	28	7	32	9	37	11	43	12	50	12	58	11	67	10	76	10	84	11	91	11	97	11	102	12	106	12	109	11	112	9	116	8	120	8	123	9	125	11	127	14	128	17	128	21	127	26	125	31	123	35	120	38	116	40	111	41	105	41	99	40	94	39	90	39	87	40	85	42	84	45	84	49	85	54	87	60	90	67	94	75	99	83	104	90	108	96	112	101	115	105	117	108	118	110	118	111	118	111	
9:
118	334.265	98	26	97	27	95	28	92	30	90	31	89	32	88	33	88	35	89	36	91	37	94	37	97	36	101	34	104	31	106	27	108	22	109	16	109	11	108	7	106	4	103	1	99	-1	94	-2	88	-2	81	-1	73	1	65	3	58	4	52	5	47	5	43	6	40	7	38	9	36	11	35	14	34	18	34	23	35	28	37	34	39	40	40	45	40	49	39	52	37	54	34	55	30	55	25	56	20	58	14	61	9	65	5	70	2	76	0	83	-1	91	-1	98	0	104	1	109	3	114	6	118	10	121	15	123	21	124	27	125	34	125	42	126	51	128	60	129	68	129	75	128	81	128	86	128	90	128	93	127	95	125	96	122	97	118	97	114	98	111	100	109	103	108	107	108	111	109	116	110	120	110	123	109	125	107	126	104	126	100	125	95	123	89	120	84	116	80	111	77	106	75	100	74	95	74	90	75	86	76	83	78	81	81	79	83	78	84	76	84	75	83	74	81	74	78	75	74	77	70	80	65	82	59	85	53	87	47	88	41	90	36	93	32	95	29	97	27	98	26	98	26	
10:
133	72.123	37	80	36	80	34	79	31	78	28	78	26	79	25	81	25	84	26	88	28	92	31	95	35	97	40	98	45	98	50	97	54	95	57	92	59	90	60	89	61	89	61	90	60	92	60	95	59	99	58	102	58	105	59	107	61	108	64	108	68	107	73	105	79	103	85	102	90	102	94	103	97	105	99	108	100	112	101	117	101	121	100	124	99	126	97	128	95	129	92	129	89	128	87	126	86	123	86	119	87	114	89	108	92	103	96	99	99	96	103	94	108	92	113	91	118	91	122	92	125	94	127	96	128	99	128	101	127	102	125	102	122	102	118	101	113	99	109	96	106	92	104	87	103	81	103	76	104	72	106	68	109	65	111	63	112	62	112	62	111	62	109	61	106	60	102	58	97	55	91	51	84	46	77	41	70	35	64	28	59	22	53	17	46	12	38	8	29	5	19	3	9	2	0	2	-9	3	-18	5	-26	8	-33	12	-39	17	-44	23	-48	29	-51	36	-53	44	-54	53	-54	63	-53	74	-51	84	-48	93	-44	101	-39	108	-33	114	-26	119	-18	123	-9	126	1	128	10	129	18	129	25	128	31	126	36	123	40	119	43	114	45	108	46	101	46	95	45	90	43	86	40	83	38	81	37	80	37	80	
11:
107	42.639	87	61	86	62	84	63	81	64	79	66	76	67	72	67	67	66	63	64	59	61	56	57	54	53	52	48	51	42	49	37	47	33	44	30	40	28	35	27	29	27	24	28	20	30	17	32	15	33	14	33	14	32	15	31	17	29	20	26	24	22	29	17	34	13	40	10	47	8	55	7	64	7	73	8	81	10	88	13	94	16	100	20	105	23	109	25	112	28	114	32	115	36	116	39	118	41	121	42	124	42	127	41	129	39	130	36	130	32	129	27	127	23	124	20	120	18	116	17	112	17	107	18	103	20	99	23	96	27	94	32	93	38	93	45	94	53	96	60	99	67	103	73	108	78	114	82	119	85	123	87	126	88	128	88	129	88	129	89	128	91	126	94	123	98	119	103	115	107	110	112	105	116	100	120	94	123	89	125	83	126	77	126	72	125	68	124	65	122	63	119	62	115	62	110	63	104	65	97	68	89	72	82	77	76	81	71	84	67	86	64	87	62	87	61	87	61	
12:
108	3.426	87	20	87	21	87	23	86	25	84	28	81	31	77	33	72	34	67	34	63	34	60	33	58	31	57	28	57	24	57	20	57	17	56	15	54	14	51	14	47	15	42	15	37	15	32	15	27	14	22	12	18	9	15	6	13	3	12	1	12	0	12	0	12	1	13	3	15	6	18	10	21	15	25	21	30	28	36	36	43	43	50	50	56	56	63	62	69	67	75	71	80	74	84	76	87	78	89	80	90	83	90	85	89	86	87	86	84	86	81	85	79	83	78	80	78	76	79	72	81	68	84	65	88	63	93	62	98	62	104	63	110	65	115	66	119	68	122	71	124	75	125	80	125	86	124	92	122	97	119	101	116	104	112	108	107	113	101	118	94	123	86	127	77	130	68	132	59	134	51	136	44	137	38	137	33	136	29	134	26	131	24	127	23	122	23	116	24	109	26	101	29	92	33	82	38	72	44	63	51	55	59	48	66	41	72	35	77	30	81	26	84	23	86	21	87	20	87	20	
13:
113	46.286	114	75	113	74	111	72	108	69	106	67	103	65	99	63	96	62	93	62	91	63	90	65	90	68	90	71	91	73	91	74	90	74	88	73	86	71	85	68	85	64	85	60	84	56	82	52	80	49	79	47	79	46	80	46	82	47	85	49	89	50	94	52	99	53	103	53	106	52	108	50	109	48	109	45	108	41	106	36	105	31	105	27	106	24	108	20	111	17	115	15	119	14	122	14	124	15	125	17	125	20	124	24	122	29	121	35	121	42	122	50	124	58	127	67	129	76	130	85	130	93	129	100	127	106	124	111	120	115	115	118	109	120	104	122	100	124	95	125	89	125	84	124	80	122	77	120	75	118	72	117	69	117	67	118	65	120	62	123	58	125	53	126	47	126	42	125	38	123	33	120	28	116	22	111	17	105	13	98	10	90	8	81	7	73	7	66	8	59	10	53	13	48	17	44	22	41	28	39	35	38	42	38	50	39	59	41	69	44	78	48	86	53	93	58	99	63	104	67	108	70	111	72	113	74	114	75	114	75	
14:
109	15.723	55	28	56	27	58	27	61	26	63	25	64	25	65	24	65	22	64	19	62	16	59	14	57	13	55	13	54	14	54	16	55	19	57	23	60	28	64	32	69	35	75	38	82	40	88	42	93	44	97	46	102	47	106	47	109	46	111	44	112	41	112	39	113	38	114	38	115	39	115	41	114	44	113	48	111	53	108	58	105	63	102	69	100	74	99	79	99	83	100	86	102	88	105	89	108	89	112	88	117	86	122	85	126	84	129	84	131	85	132	87	132	90	131	94	129	99	126	105	122	111	117	116	111	120	104	123	96	125	87	126	78	126	68	125	57	123	47	120	38	117	30	115	23	114	17	113	12	113	8	114	5	116	3	119	2	121	2	122	3	122	5	121	8	119	12	116	15	112	17	107	18	101	18	94	18	86	17	79	15	73	12	68	10	64	8	61	7	58	6	56	6	55	7	54	9	53	12	53	16	52	21	50	27	47	34	45	40	42	45	38	49	34	52	31	54	29	55	28	55	28	
15:
111	41.027	111	67	112	66	114	64	115	61	115	58	114	56	112	54	109	53	107	52	105	52	103	53	102	54	102	56	103	57	105	59	108	62	111	64	114	66	118	69	121	73	123	78	124	83	124	89	123	96	121	102	118	107	114	111	109	114	103	116	97	118	90	120	83	121	77	121	71	120	66	118	62	116	59	113	57	109	56	104	56	98	57	93	57	89	56	86	54	84	52	83	49	83	45	84	40	86	36	89	33	91	31	92	30	92	29	91	28	89	28	87	29	84	29	80	30	75	32	69	35	62	39	55	43	49	46	44	49	40	51	37	53	35	56	34	60	34	65	35	69	35	72	34	74	32	75	29	75	25	75	20	74	16	72	13	69	11	65	10	60	10	54	11	47	13	40	14	34	14	29	13	25	11	22	8	18	6	15	5	13	5	12	6	12	8	13	11	15	15	18	19	22	24	27	30	33	37	40	45	48	52	57	58	66	63	75	67	83	70	90	72	96	73	101	73	105	72	108	70	110	68	111	67	111	67	
16:
138	59.723	56	0	55	1	53	3	52	6	52	9	53	12	55	16	58	20	62	24	65	28	67	31	68	35	68	38	67	40	65	41	62	41	58	40	53	38	47	35	42	31	38	26	35	20	33	15	31	10	30	6	30	3	31	1	33	0	36	0	40	1	45	3	51	6	58	10	64	15	69	21	73	28	76	36	78	45	79	53	79	60	78	66	76	71	73	75	69	78	64	80	59	81	55	81	51	82	48	83	46	85	45	88	45	92	46	97	48	102	51	108	55	114	60	119	64	123	69	127	74	130	79	132	85	133	91	133	96	132	100	130	103	127	106	123	109	118	112	112	114	105	115	97	117	88	118	78	118	67	119	57	120	47	121	38	122	30	124	23	126	17	127	12	127	8	126	5	124	3	121	2	117	2	114	3	110	5	105	8	99	12	92	17	84	23	75	29	65	36	55	44	46	53	38	61	31	68	25	74	19	79	14	83	10	86	7	88	4	89	2	89	1	88	1	86	1	84	1	83	2	83	3	84	4	86	5	88	5	91	5	94	6	97	8	99	11	100	14	100	17	99	19	97	20	94	20	90	19	85	18	79	18	72	19	64	21	55	23	45	26	36	30	28	35	21	41	15	46	10	50	6	53	3	55	1	56	0	56	0	
17:
119	1.405	82	86	81	87	80	89	80	92	81	94	83	96	85	97	88	98	92	98	95	99	97	101	98	104	98	107	97	110	95	114	92	117	88	119	83	120	78	120	74	119	71	118	69	117	68	115	68	112	69	108	71	103	74	97	78	90	82	84	85	79	87	75	88	72	88	70	87	69	85	69	83	68	80	66	76	64	72	61	68	59	64	58	59	58	53	57	48	57	44	58	40	59	36	59	33	58	31	56	30	55	30	53	31	50	33	46	36	43	40	41	45	38	49	36	54	33	58	29	61	26	63	23	64	20	64	18	63	16	61	14	59	13	57	12	56	12	56	11	57	9	59	7	62	6	66	5	71	5	77	6	84	7	92	9	99	10	105	10	110	10	114	9	117	7	119	6	120	6	120	7	119	9	117	12	114	15	110	19	105	23	100	26	94	30	87	35	79	41	70	46	62	50	54	53	47	57	41	62	36	67	32	73	29	78	27	83	26	88	26	92	27	95	29	97	32	98	36	98	41	97	47	97	54	96	61	94	67	91	72	88	76	86	79	85	81	85	82	86	82	86	
18:
104	54.373	18	123	17	122	16	120	15	117	14	113	14	108	15	102	17	96	20	90	24	84	29	79	34	75	38	71	41	68	43	66	44	64	44	63	43	61	41	58	40	54	40	50	41	46	43	43	46	40	49	38	51	36	52	34	52	31	51	27	49	23	46	20	42	18	38	16	33	15	28	15	23	16	19	18	16	21	14	24	13	28	13	32	14	36	16	40	19	45	23	51	28	58	34	66	41	73	49	80	56	87	62	94	67	102	71	109	74	115	76	120	77	124	78	127	80	129	83	130	86	130	89	129	91	127	92	124	93	120	93	115	94	109	96	102	98	95	99	88	100	81	102	75	104	69	107	64	111	60	114	57	118	55	121	54	123	53	124	51	124	48	123	44	121	41	118	38	114	36	109	35	103	35	97	36	90	38	84	41	79	45	74	50	70	56	66	63	62	70	57	78	52	87	46	95	39	102	33	108	28	113	24	117	21	120	19	122	18	123	18	123	
19:
113	1.485	123	25	122	25	120	26	117	28	114	30	111	33	109	37	108	42	107	46	107	50	106	53	104	55	102	56	99	56	95	55	91	53	87	50	82	46	76	43	69	41	61	40	52	40	44	41	36	43	29	45	23	48	18	52	14	55	10	57	7	58	5	59	4	61	4	64	5	66	7	67	10	68	14	68	18	69	21	69	24	68	26	68	27	69	27	71	26	74	24	78	23	83	22	89	22	96	23	103	25	109	28	114	32	118	37	121	43	123	48	124	54	124	61	123	69	121	76	120	84	120	92	121	99	123	105	125	110	127	114	128	117	128	119	127	120	125	120	122	119	118	117	113	114	109	110	104	105	99	99	93	92	86	84	78	75	69	65	59	54	50	44	42	35	35	27	29	20	24	14	20	9	17	5	15	2	14	0	13	-1	13	-1	14	0	16	2	18	5	19	9	19	14	18	20	17	27	17	35	18	44	20	54	23	64	27	73	30	81	32	88	33	95	33	102	32	108	30	113	27	117	25	120	24	122	24	123	25	123	25	
20:
119	132.508	128	78	127	77	125	76	122	74	118	73	113	73	109	72	106	70	104	68	102	66	101	63	101	59	102	55	104	50	107	44	109	37	110	30	110	23	109	17	108	12	107	8	105	5	102	2	98	0	93	-1	89	-1	84	0	78	2	73	5	68	9	64	14	61	19	59	23	58	26	58	29	57	31	55	32	53	32	50	31	47	31	45	32	44	34	44	37	45	41	46	46	48	52	49	57	49	61	49	64	48	66	46	67	45	69	45	72	46	76	48	80	51	83	55	86	60	88	64	90	68	93	71	97	73	102	74	108	74	114	73	119	71	123	68	126	64	128	59	129	54	129	50	128	46	126	42	123	39	119	37	115	34	110	31	106	28	103	26	101	24	100	22	100	21	101	21	103	20	105	18	106	15	106	11	105	6	103	1	100	-3	96	-7	91	-10	85	-12	79	-13	73	-14	66	-14	58	-13	51	-11	44	-8	38	-4	33	1	29	7	26	14	24	22	23	31	23	41	24	51	26	62	29	73	33	83	38	92	44	100	50	107	57	113	63	118	68	122	72	125	75	127	77	128	78	128	78	
21:
132	2.647	107	76	108	75	109	73	109	70	108	66	106	61	103	55	99	48	94	40	90	33	85	27	80	22	74	18	68	15	61	12	54	10	48	8	43	7	39	7	36	8	34	10	33	13	33	17	34	22	35	28	37	35	40	42	44	48	49	54	54	59	58	63	61	66	63	68	64	69	64	71	63	72	61	72	58	73	54	74	49	75	43	75	37	74	30	73	24	72	19	72	15	73	12	75	10	78	9	82	9	87	10	91	12	96	15	100	18	103	20	105	21	107	21	108	20	108	18	107	15	105	11	104	8	104	5	105	3	107	2	110	2	114	3	119	5	124	8	129	12	133	17	136	23	138	30	139	38	139	47	138	56	136	64	133	71	129	77	125	82	120	86	115	90	111	95	108	100	106	105	105	109	105	112	106	114	108	115	110	115	112	114	113	112	113	109	112	105	110	100	107	95	103	89	98	82	92	74	85	65	77	55	70	45	62	36	53	28	45	21	38	15	31	10	25	6	20	3	16	1	13	0	9	0	6	1	4	3	3	6	3	10	4	15	6	21	9	28	13	36	18	45	24	54	31	63	39	71	47	79	54	86	60	92	65	97	69	101	72	104	74	106	75	107	76	107	76	
22:
106	13.32	125	101	124	100	122	99	119	98	115	97	111	96	106	96	102	95	99	93	97	91	96	88	96	84	97	81	99	79	102	78	106	76	109	73	111	69	112	64	112	59	111	55	109	52	106	49	102	47	97	46	91	46	85	47	80	49	76	52	73	56	71	60	70	65	70	71	71	77	72	82	74	88	77	93	79	97	80	100	80	102	79	103	77	104	74	105	70	105	65	106	59	106	52	107	46	109	41	111	37	113	34	114	32	114	29	113	25	111	22	108	20	106	19	103	18	99	18	96	19	94	21	92	24	91	28	91	31	92	33	94	34	95	34	95	33	94	32	92	32	89	33	85	35	80	38	74	42	68	47	62	53	55	58	49	62	42	65	36	67	29	68	23	68	18	67	14	65	11	62	9	59	8	57	8	55	9	54	11	54	14	55	18	57	23	60	29	64	36	69	44	75	52	82	61	89	69	97	76	104	82	110	87	115	91	119	95	122	98	124	100	125	101	125	101	
23:
111	63.508	22	48	21	49	21	51	20	54	20	58	21	62	22	67	24	72	27	77	31	81	34	84	36	86	37	87	38	87	38	86	38	84	37	81	37	77	38	72	40	66	43	60	46	55	49	51	53	47	58	44	64	42	69	41	74	41	78	42	81	44	83	47	84	51	85	56	86	62	88	68	91	73	95	77	100	80	105	82	109	84	112	85	114	85	115	84	115	83	114	82	112	82	109	83	106	85	103	88	101	92	100	97	100	101	101	106	103	110	106	113	110	115	114	116	117	116	119	115	120	113	120	111	119	110	117	110	114	111	110	113	106	116	101	119	95	122	88	125	80	127	71	128	61	128	51	127	42	126	34	124	27	121	21	117	15	112	10	107	6	101	3	94	1	86	0	77	0	67	1	58	3	49	6	41	10	34	15	27	20	21	25	16	31	12	37	9	43	7	48	6	52	6	55	7	57	9	58	12	58	14	57	16	55	19	52	23	48	28	43	33	37	38	32	42	28	45	25	47	23	48	22	48	22	48	
24:
115	19.54	56	7	55	8	53	10	50	13	46	16	41	18	37	19	34	19	32	18	30	16	29	13	29	11	29	10	28	10	28	11	29	13	31	16	34	20	37	25	41	30	46	35	52	39	59	42	65	44	70	45	74	45	77	44	79	43	80	43	80	44	79	46	77	49	74	53	70	58	66	64	63	70	61	77	60	83	60	88	61	92	62	95	64	97	67	98	71	98	75	97	78	95	81	92	84	89	86	87	89	86	93	86	96	87	99	89	101	92	102	96	102	101	101	106	99	110	96	114	92	117	87	119	81	122	74	125	66	127	58	128	50	128	43	127	37	125	32	122	28	118	25	113	23	107	22	100	22	92	23	84	25	76	28	69	32	63	37	58	43	54	50	51	58	49	67	48	77	48	86	49	94	51	101	54	107	58	112	63	116	67	119	70	122	72	125	73	127	73	128	72	128	70	128	67	128	63	127	58	125	53	122	47	118	40	113	32	108	25	102	19	95	14	88	10	82	7	77	5	71	4	66	4	62	5	59	6	57	7	56	7	56	7	
25:
103	7.411	110	36	110	35	109	33	109	30	108	27	106	25	105	24	103	24	101	25	100	26	100	27	99	27	97	26	94	24	90	21	87	19	84	18	82	18	80	19	77	21	74	24	72	27	69	29	66	30	64	30	62	29	61	27	61	24	60	21	59	18	57	16	54	15	50	15	45	16	41	18	38	21	36	25	33	29	31	34	28	40	24	47	21	53	19	58	18	62	18	66	19	69	21	71	24	72	28	73	33	73	39	72	45	70	51	69	56	68	60	68	63	69	67	71	71	74	76	77	82	79	88	80	94	80	100	79	106	78	111	76	115	75	118	75	120	76	121	78	121	81	120	84	118	88	115	93	111	97	106	100	100	104	95	109	91	115	88	120	86	124	85	127	84	129	84	130	85	130	87	129	89	127	90	124	92	120	94	115	96	109	97	102	97	95	96	87	96	80	95	72	95	64	96	57	98	51	101	46	104	42	107	39	109	37	110	36	110	36	
26:
96	23.625	36	43	35	43	33	42	30	40	28	37	27	33	27	29	28	25	30	22	33	20	37	17	42	15	48	14	55	14	63	15	71	17	79	19	86	21	92	24	98	28	103	31	107	33	111	35	114	36	116	37	117	37	117	38	116	40	114	43	113	46	113	48	114	49	116	50	119	50	123	51	127	53	130	56	133	60	135	64	136	69	136	74	135	79	133	83	130	86	126	88	121	89	115	89	110	88	105	87	101	87	98	88	96	90	95	93	95	97	96	101	96	104	96	106	95	107	93	107	90	106	86	104	82	101	79	97	77	92	76	87	76	81	77	75	78	68	80	62	83	55	87	47	92	39	98	32	103	26	107	21	110	16	112	12	113	9	113	5	112	2	110	0	107	-1	103	-1	98	0	92	2	85	5	77	8	70	12	63	17	57	23	51	28	46	33	42	37	39	40	37	42	36	43	36	43	
27:
108	129.398	114	62	113	61	111	59	110	57	109	56	107	56	104	57	102	59	101	62	100	66	99	70	99	75	100	79	102	82	104	84	105	85	105	86	104	86	102	85	99	83	95	81	91	79	86	78	81	78	76	79	70	79	64	78	59	76	55	74	52	73	49	72	47	70	46	68	46	67	47	67	49	67	51	68	53	70	54	73	54	77	54	82	54	88	53	94	53	101	52	107	50	112	49	116	49	119	50	121	51	122	53	122	54	121	54	119	54	116	55	112	55	107	54	101	52	94	51	86	51	77	52	68	52	58	52	48	52	39	53	31	54	24	54	18	53	13	51	9	48	6	44	4	39	3	33	3	27	4	22	6	18	9	15	12	13	14	12	15	12	15	13	14	15	12	18	9	21	5	25	1	30	-4	36	-8	43	-11	51	-13	60	-14	70	-14	80	-13	89	-11	97	-8	104	-4	110	0	115	5	119	11	122	18	124	26	125	34	125	41	124	47	122	52	120	56	117	59	115	61	114	62	114	62	
28:
108	92.729	39	120	38	121	36	123	33	126	29	128	24	129	18	129	13	128	9	126	6	123	3	119	1	114	0	108	0	101	1	93	2	84	4	74	7	65	10	57	14	49	17	41	19	34	22	27	24	21	25	16	26	12	28	9	31	7	35	6	40	6	45	7	49	9	52	12	55	15	57	19	58	24	58	28	57	31	56	33	56	34	56	34	57	33	59	31	62	28	65	24	69	20	74	17	80	15	87	13	94	12	100	12	105	13	109	15	112	18	114	22	115	27	116	33	117	39	118	45	118	50	117	54	115	57	112	59	108	61	103	62	97	62	90	62	84	62	79	61	75	61	72	62	70	64	69	67	69	70	70	72	72	74	75	76	79	79	84	82	89	85	93	87	98	90	102	93	105	97	107	101	108	104	108	106	107	107	105	107	103	106	101	106	100	107	100	109	99	112	97	115	94	118	90	120	85	121	80	123	74	125	67	126	60	126	54	125	49	125	45	124	42	122	40	121	39	120	39	120	
29:
100	53.922	120	13	119	14	117	16	114	19	110	22	107	25	105	29	103	34	102	40	102	46	103	51	105	57	108	62	112	68	117	74	121	79	124	85	126	91	127	96	127	101	126	105	124	108	121	110	117	111	112	111	106	110	101	108	97	105	92	101	88	98	85	95	83	91	82	88	81	86	79	85	76	85	72	86	67	88	63	90	59	93	56	96	54	100	53	103	53	105	54	106	54	106	53	105	51	103	49	100	46	96	42	93	37	91	31	90	26	89	22	88	19	86	17	83	16	79	16	74	17	70	19	66	22	63	26	61	30	60	35	60	39	61	42	63	45	65	47	66	48	66	48	65	47	63	46	60	44	56	41	51	37	45	34	39	31	34	29	29	28	23	28	18	29	14	31	11	34	9	38	8	43	8	49	9	56	10	64	10	71	10	79	11	86	13	92	15	99	16	105	16	110	15	114	13	117	12	119	12	120	13	120	13	
30:
114	34.724	90	75	89	76	87	78	84	81	82	85	80	90	79	95	79	101	79	108	78	114	77	119	77	123	78	126	80	128	83	129	87	129	92	128	97	126	102	123	106	119	109	114	111	108	113	102	114	97	114	93	113	89	113	86	114	84	115	83	117	83	118	84	120	85	122	85	123	84	123	82	122	79	120	75	117	70	114	64	112	57	109	49	106	42	102	36	97	31	93	27	89	24	85	22	82	21	80	21	79	22	79	24	80	27	80	31	80	36	79	41	77	45	75	48	73	50	71	51	70	51	68	50	65	48	62	45	60	41	59	36	58	30	56	25	53	20	49	16	45	13	41	11	38	10	36	9	35	8	35	7	36	7	36	8	35	10	33	12	30	15	26	19	22	24	19	30	17	37	16	45	16	53	17	62	17	71	16	79	14	86	11	92	8	97	5	101	3	104	2	106	2	107	3	108	5	109	8	109	12	109	17	108	23	106	30	103	38	100	47	97	55	93	62	89	69	84	75	80	80	77	84	75	87	74	89	74	90	75	90	75	
31:
111	5.426	128	22	127	23	127	25	126	27	125	30	125	34	126	39	126	45	126	52	126	58	125	63	124	67	123	70	122	72	120	73	117	73	113	72	110	70	107	67	105	63	103	58	102	52	101	47	100	43	98	40	95	38	91	37	86	37	80	38	74	39	69	41	65	43	62	44	59	44	57	43	56	41	56	40	57	40	59	41	61	43	64	46	66	50	67	55	67	61	66	66	64	72	61	77	57	81	54	84	52	86	50	87	47	87	45	86	42	84	38	81	33	77	27	74	22	70	18	65	15	61	12	56	10	50	9	43	9	37	10	32	12	28	15	25	19	23	24	22	30	22	36	23	43	25	50	28	56	32	61	37	65	43	68	50	70	58	71	66	71	75	72	85	74	94	77	102	81	109	85	115	90	120	95	124	101	127	107	129	112	130	116	130	119	129	121	127	122	124	124	120	125	115	125	109	126	102	128	94	131	86	134	77	137	67	139	58	140	50	140	43	139	37	137	32	134	28	131	25	129	23	128	22	128	22	
32:
127	89.067	4	128	5	127	7	125	10	122	14	118	17	113	19	107	20	100	20	92	19	83	19	73	18	64	16	56	15	49	14	43	14	38	15	34	17	31	20	29	24	28	29	27	34	27	40	28	45	30	49	33	53	37	57	40	60	42	62	43	63	43	65	42	66	40	66	37	65	33	63	28	60	22	56	16	51	11	46	7	42	4	39	2	37	1	36	1	36	2	37	4	39	7	42	11	45	16	49	21	54	27	60	32	67	36	75	39	82	41	88	42	94	42	99	41	103	39	107	37	110	34	112	30	113	26	114	22	116	19	119	17	122	16	125	16	128	17	131	19	133	22	134	26	134	31	133	37	131	44	128	50	126	55	125	59	125	64	125	68	124	72	122	77	119	82	115	86	111	89	106	92	100	94	93	95	87	95	82	94	78	92	75	89	73	85	72	81	72	78	73	76	75	75	78	75	82	76	87	78	93	81	99	85	104	90	108	96	111	103	113	111	114	120	114	128	113	136	111	143	108	149	104	154	99	158	93	161	86	163	78	164	69	164	59	163	49	161	40	158	32	154	25	149	19	143	14	138	10	134	7	131	5	129	4	128	4	128	
33:
131	18.082	55	62	55	61	54	59	52	56	50	52	49	47	49	42	50	37	52	33	55	30	59	28	64	27	70	27	75	28	79	30	82	32	84	35	85	39	85	44	84	48	84	51	85	53	87	54	90	54	94	53	99	51	104	49	110	47	115	44	119	40	122	35	124	30	125	24	125	19	124	15	122	12	119	10	115	9	110	9	106	10	103	12	101	15	100	19	100	24	101	30	102	37	103	45	105	54	108	64	112	73	116	81	120	89	123	96	125	102	126	108	126	114	125	119	123	123	120	126	116	128	111	129	105	129	99	128	92	126	85	123	79	119	74	115	70	112	67	110	65	109	64	109	64	110	65	112	67	115	68	118	68	121	67	123	66	124	64	124	61	123	57	121	52	118	48	114	44	111	41	109	38	108	35	108	31	109	26	111	20	114	15	117	11	119	8	120	6	120	5	119	5	117	6	114	8	110	11	105	14	99	16	92	18	85	19	77	19	68	18	58	16	48	13	39	11	31	10	24	10	18	10	13	11	9	13	6	16	4	19	3	22	3	25	4	29	6	34	9	40	13	46	18	51	24	55	31	58	38	60	44	61	49	61	53	60	56	58	59	56	61	55	62	55	62	
34:
112	149.657	31	58	30	59	29	61	27	64	24	66	20	67	17	69	15	72	14	76	14	79	15	82	17	84	20	85	24	85	28	85	33	85	39	84	46	82	52	79	57	75	61	71	64	66	66	60	67	53	67	45	67	37	67	30	68	24	70	19	73	15	77	12	80	10	82	8	83	6	83	3	83	1	83	0	84	0	86	1	89	3	93	6	98	10	104	15	110	21	115	27	120	32	124	36	127	41	129	46	130	52	130	57	129	63	128	68	126	72	123	75	119	77	115	79	112	82	110	86	109	91	109	97	108	104	107	111	105	117	102	124	98	130	93	135	87	139	80	142	72	144	63	145	53	145	44	144	36	143	28	141	21	138	15	134	10	129	6	123	3	116	1	108	0	99	0	89	1	78	2	66	4	55	5	45	5	36	6	28	8	21	11	15	15	10	19	6	22	3	26	1	30	0	33	0	35	1	36	3	36	6	36	10	35	15	33	21	32	27	32	34	32	40	32	45	32	49	31	52	31	55	31	57	31	58	31	58	
35:
140	57.895	19	7	20	8	22	10	24	13	26	17	27	22	27	28	26	35	24	42	21	48	17	53	13	57	10	60	8	62	7	64	7	67	8	71	10	75	12	80	15	85	18	89	21	92	23	94	24	96	24	98	23	99	21	99	18	98	14	98	10	99	7	100	4	102	2	104	1	106	1	109	2	111	4	114	7	116	11	117	16	118	22	118	29	117	37	116	45	114	52	111	58	107	63	104	67	100	70	97	72	94	74	91	75	88	75	86	74	84	72	83	69	81	65	79	60	76	56	72	53	67	51	61	50	54	50	48	50	43	51	39	53	36	56	33	59	31	63	30	68	30	74	31	81	33	87	36	93	40	98	44	102	47	106	49	111	50	115	50	118	49	121	47	123	44	124	40	124	35	124	29	123	22	121	16	118	11	114	6	110	2	107	-1	103	-3	98	-4	92	-4	86	-3	81	-1	77	2	74	5	72	9	71	14	71	20	72	27	74	35	77	44	81	54	86	65	91	75	95	84	98	93	101	101	105	108	110	114	114	119	117	123	119	126	120	128	120	129	121	129	122	128	122	127	121	125	119	122	116	118	113	113	109	107	104	100	98	92	91	83	83	73	74	62	64	52	55	43	47	35	40	28	34	22	29	17	25	13	22	10	20	8	19	7	19	7	
36:
102	56.114	12	104	13	105	13	107	12	109	12	111	11	114	11	116	11	117	12	117	14	116	15	114	17	111	20	108	24	105	28	103	33	102	39	102	46	103	52	105	57	108	63	112	70	115	76	117	81	118	85	118	90	117	95	115	100	112	104	108	107	103	109	98	110	94	112	90	113	87	113	84	112	82	110	79	107	77	103	76	98	74	94	72	91	69	88	65	86	60	85	55	85	50	85	45	84	41	82	38	79	35	75	33	72	30	70	26	67	22	65	18	63	15	62	13	60	12	57	12	54	13	52	13	51	12	51	10	52	7	53	4	55	2	56	1	58	1	59	2	59	4	58	7	56	11	54	16	53	22	52	28	50	35	47	41	43	46	39	50	36	53	34	55	32	56	29	56	26	55	24	53	21	51	17	50	13	50	9	51	5	53	2	56	-1	60	-3	65	-4	70	-4	76	-3	83	-1	89	2	94	6	98	9	101	11	103	12	104	12	104	
37:
132	25.288	15	74	14	73	13	71	12	70	12	70	13	71	15	73	18	75	22	76	27	76	32	75	38	73	44	70	49	66	54	61	58	55	62	49	65	43	68	38	70	34	73	31	77	29	82	28	87	28	91	29	94	31	97	34	99	38	100	41	102	43	104	44	105	44	106	43	106	41	106	38	107	34	108	29	110	25	112	22	113	20	113	19	114	19	114	18	113	16	111	15	110	15	109	16	109	18	110	21	112	25	113	30	115	36	118	43	122	49	126	56	130	64	134	73	138	81	141	88	143	94	144	99	144	103	143	106	141	108	138	109	134	109	129	108	124	106	118	103	111	99	103	95	94	91	84	88	75	85	67	83	58	82	50	82	43	83	37	85	32	88	28	92	25	97	23	103	22	109	22	114	23	118	25	121	27	124	28	126	28	127	27	127	25	126	22	126	18	126	14	125	9	123	3	120	-4	116	-11	111	-17	105	-22	98	-26	90	-29	81	-31	71	-32	60	-32	50	-31	41	-29	33	-26	26	-22	20	-17	15	-12	11	-6	8	1	6	7	5	12	5	16	6	19	8	21	11	23	15	24	20	24	26	24	33	24	41	23	48	21	54	18	59	16	64	15	68	14	71	14	73	15	74	15	74	
38:
114	136.738	88	73	87	74	87	76	86	79	86	82	87	84	89	85	92	85	96	84	99	83	101	81	102	78	102	74	101	69	99	63	96	58	92	54	88	51	85	49	83	48	82	48	82	49	83	49	85	49	88	50	92	50	97	49	103	47	108	45	112	44	115	44	117	43	118	43	118	42	117	40	115	37	112	33	108	29	103	26	97	24	90	22	82	21	73	21	63	20	53	20	44	19	36	18	29	17	23	17	18	18	14	20	11	21	9	21	8	20	8	18	9	16	10	14	10	12	9	11	8	11	8	12	8	14	7	17	5	21	3	26	2	32	2	38	1	43	1	47	1	50	2	52	2	53	3	53	3	52	4	50	6	47	7	43	9	40	12	38	14	37	15	36	17	36	18	37	18	39	19	42	20	46	22	51	25	57	29	64	34	70	40	75	45	79	49	83	52	87	54	91	55	96	55	101	54	105	52	108	50	110	49	111	49	111	50	110	52	108	55	106	59	103	64	99	70	94	75	88	79	83	82	79	85	76	87	74	88	73	88	73	
39:
137	307.914	8	36	7	37	6	39	6	42	7	46	9	50	12	53	16	56	21	58	27	59	33	59	39	59	44	60	48	61	51	63	53	66	54	70	54	73	53	75	51	76	50	76	50	75	50	73	51	72	53	71	55	71	56	72	56	74	55	77	53	81	51	85	50	88	50	91	51	94	53	96	56	97	60	97	65	96	70	94	75	93	79	93	82	94	84	96	86	99	87	102	87	106	86	111	84	117	81	123	77	128	73	132	68	135	62	138	55	140	48	141	42	141	37	140	33	138	30	135	28	131	27	126	27	120	28	115	30	111	33	107	37	102	42	96	48	91	55	87	63	83	70	78	77	72	83	67	88	63	92	60	95	58	97	56	98	55	98	53	97	51	95	49	93	48	91	46	90	43	90	40	91	38	93	37	96	36	100	34	103	31	105	27	106	22	106	17	105	13	104	10	104	8	105	7	107	7	109	8	112	10	115	13	119	17	123	22	126	27	128	33	129	38	129	42	128	45	126	47	123	48	119	48	114	47	108	45	101	42	93	38	84	33	74	27	64	21	54	15	45	10	37	6	29	3	22	1	16	0	11	0	7	0	4	1	2	3	0	6	-1	10	-1	15	-1	21	0	26	2	30	5	33	7	35	8	36	8	36	
40:
112	282.469	48	53	47	52	45	50	42	47	38	43	34	40	31	37	27	35	24	34	22	34	21	34	21	33	22	31	24	28	27	24	31	19	36	15	42	12	49	10	56	9	62	9	67	9	71	8	75	8	78	7	80	5	81	2	81	0	80	-1	79	-2	78	-2	78	-1	79	1	81	4	84	8	88	13	93	19	97	26	100	34	102	43	105	52	109	62	112	72	115	81	119	89	123	96	126	103	128	109	129	115	129	121	128	126	126	131	123	136	119	140	114	143	108	145	101	146	95	146	89	145	84	143	80	140	76	136	73	131	71	125	70	118	70	112	71	107	73	102	74	97	74	93	73	90	71	88	68	87	64	87	59	88	53	90	46	91	40	91	35	90	31	88	28	86	25	84	23	83	22	83	22	84	21	86	19	89	16	93	13	97	10	100	6	102	1	103	-3	103	-6	102	-8	100	-9	97	-9	93	-8	88	-7	82	-5	75	-2	68	2	62	7	57	13	53	20	50	27	48	33	47	38	47	42	48	45	50	47	52	48	53	48	53	
41:
125	85.687	63	119	63	118	62	116	61	113	60	109	60	104	60	98	61	91	61	83	61	75	61	68	60	61	58	55	56	50	54	46	53	41	53	36	54	32	56	29	59	27	63	26	68	26	74	27	79	29	83	32	86	36	88	41	89	47	89	54	88	61	88	67	88	72	88	77	89	81	90	84	92	86	95	87	98	87	100	86	101	85	101	85	100	86	99	88	99	91	100	95	102	100	105	105	108	110	112	114	117	117	122	119	128	120	133	120	138	119	143	117	147	114	150	110	152	105	153	99	153	92	152	84	150	77	147	70	143	64	138	59	132	55	125	52	117	50	108	49	98	49	87	50	77	52	68	55	60	59	53	63	47	67	42	70	38	72	35	75	33	79	32	84	32	88	31	91	30	94	28	96	25	97	21	97	17	97	14	96	12	94	11	93	11	91	12	89	14	88	17	88	21	87	24	85	26	82	27	78	27	73	26	68	24	63	21	59	17	56	13	54	9	53	6	53	4	54	3	56	3	59	4	63	6	68	9	74	13	81	18	89	24	96	31	102	38	107	44	111	49	114	53	117	57	119	60	120	62	120	63	119	63	119	
42:
103	47.189	103	105	104	104	106	102	108	100	111	99	114	99	116	99	117	98	117	97	116	97	114	96	111	95	107	93	102	90	98	86	95	81	93	75	92	68	90	62	87	57	83	53	78	50	72	48	67	47	63	47	59	48	56	50	54	53	53	57	53	62	54	68	56	74	57	79	59	85	60	92	60	100	60	107	60	113	59	118	57	122	54	125	50	127	45	128	39	128	34	128	30	127	27	125	24	122	22	118	21	113	21	107	21	102	20	96	18	91	15	87	11	84	8	82	6	80	5	79	4	79	4	80	5	80	7	79	10	77	14	74	19	70	23	65	26	59	29	52	31	46	32	41	32	37	31	34	30	32	28	31	26	31	23	32	19	34	16	35	14	35	13	34	13	32	13	29	14	27	16	26	19	26	23	27	27	29	32	32	38	36	45	41	53	47	62	54	70	61	77	69	83	77	88	84	93	90	97	95	100	99	102	102	103	104	103	105	103	105	
43:
112	19.729	106	23	105	24	103	24	100	23	96	21	91	18	85	14	79	10	73	7	68	5	64	4	61	4	59	5	58	7	58	10	57	14	56	19	56	24	55	29	53	34	50	40	46	45	42	49	37	52	31	54	26	55	22	57	19	60	16	64	14	68	13	73	13	79	14	86	15	94	17	101	20	107	24	112	28	116	33	119	39	121	46	122	53	122	59	121	66	119	72	116	79	112	85	107	90	101	94	94	97	88	100	83	102	79	103	76	103	74	102	73	100	72	98	70	97	67	97	64	98	62	100	61	103	61	107	62	111	63	115	65	118	67	121	70	123	73	124	77	124	80	124	82	123	83	121	83	118	82	114	80	109	77	103	73	98	68	92	62	85	55	77	47	68	40	59	34	50	28	42	22	35	17	29	13	24	10	20	8	17	6	15	5	14	5	14	4	15	2	17	0	20	-1	24	-1	29	-1	34	0	40	2	47	5	55	9	62	14	70	18	78	21	85	23	91	24	96	24	100	25	103	25	105	24	106	23	106	23	
44:
120	1.424	47	128	48	127	50	126	52	124	53	122	53	121	52	121	50	121	47	120	45	118	44	115	44	111	45	106	47	101	50	97	54	94	59	92	65	91	71	91	78	92	85	94	91	97	96	100	100	104	104	109	108	115	113	120	117	124	121	127	124	129	126	130	127	130	128	129	128	127	127	124	125	120	122	115	118	109	115	102	113	94	110	86	106	79	101	73	96	68	90	64	83	60	75	57	66	55	57	54	49	54	42	55	35	57	29	60	24	64	19	68	15	72	12	76	10	80	8	83	7	85	7	86	7	86	6	85	6	83	7	80	8	76	10	71	11	65	11	58	11	50	12	41	13	33	15	26	17	20	19	15	22	10	26	6	31	3	36	1	42	0	49	0	57	1	64	2	70	4	76	7	81	11	85	14	88	16	90	17	92	17	93	16	93	14	92	11	92	8	93	6	95	5	98	5	102	5	105	6	107	8	108	11	109	15	110	20	110	26	109	33	107	41	104	49	100	58	95	67	90	75	84	83	77	92	70	100	64	107	59	113	55	118	52	122	50	125	48	127	47	128	47	128	
45:
138	15.047	127	15	128	16	129	18	129	21	130	25	131	30	132	35	132	41	131	48	130	55	128	61	125	66	121	70	117	73	112	75	107	76	103	78	100	81	98	85	97	88	97	90	97	91	97	91	98	90	98	88	97	85	95	82	92	78	88	73	84	69	81	66	79	64	78	63	77	63	76	64	76	66	75	68	73	69	70	69	67	68	64	66	62	63	60	59	59	54	58	50	58	46	59	43	59	41	58	40	56	40	55	41	53	43	50	46	46	50	41	54	35	57	29	59	24	60	20	60	17	59	15	57	14	54	14	50	14	45	15	39	15	32	14	25	13	19	11	14	10	10	9	7	9	5	10	4	12	4	15	5	17	7	18	10	19	14	19	19	18	25	17	32	17	39	16	47	14	56	13	66	13	76	14	85	14	93	14	100	15	106	16	111	16	115	17	118	19	120	21	121	23	121	25	120	28	118	32	115	37	112	41	108	44	105	46	103	47	101	48	100	50	100	51	101	53	103	55	106	58	110	61	115	64	119	68	122	73	124	79	125	86	125	94	124	103	124	111	123	118	121	124	118	129	114	133	109	136	103	138	96	139	88	139	79	138	69	136	60	135	51	134	43	134	36	133	30	131	25	130	21	128	18	127	16	127	15	127	15	
46:
117	15.586	89	8	90	9	90	11	90	14	90	18	89	21	87	23	84	24	80	24	76	24	72	23	68	23	64	22	61	20	59	18	58	15	58	12	59	10	61	9	64	9	66	10	67	12	67	15	66	19	66	24	67	30	69	37	72	45	76	53	81	60	86	66	92	71	98	75	103	78	107	81	110	84	112	86	113	87	113	89	112	91	110	93	107	95	103	97	98	99	94	100	91	102	89	105	88	109	88	114	89	119	90	123	92	126	95	128	97	129	98	129	98	130	97	132	95	134	92	135	88	135	83	134	77	132	70	130	62	128	55	127	48	126	41	124	33	122	26	119	20	115	15	110	11	104	8	97	6	90	5	82	5	74	6	65	8	57	9	48	9	40	8	33	6	27	4	21	3	15	3	8	4	0	6	-7	9	-13	12	-18	16	-23	21	-27	27	-31	34	-34	42	-36	51	-37	61	-37	71	-36	80	-34	88	-31	95	-27	101	-22	106	-16	110	-9	113	-3	115	2	116	6	116	9	115	11	113	12	110	13	106	13	101	12	97	10	94	9	92	9	90	9	89	8	89	8	
47:
108	106.78	6	3	7	4	7	6	8	9	10	13	13	18	17	24	20	31	22	37	23	42	23	47	23	51	22	54	22	56	23	57	23	58	22	60	20	62	18	65	15	68	12	70	9	71	7	72	6	72	6	71	7	69	9	66	12	64	16	62	21	61	27	61	32	62	36	64	40	66	44	69	47	73	49	77	50	82	50	86	49	89	47	91	44	93	40	94	35	95	31	97	28	100	26	104	25	109	25	115	26	120	28	124	31	127	35	129	40	130	46	130	53	130	59	129	65	127	70	124	74	120	77	116	79	112	80	108	80	104	81	101	81	99	80	98	79	98	79	99	80	101	82	104	85	108	89	111	94	113	100	114	106	114	111	113	115	111	118	108	120	104	121	99	121	93	120	86	120	78	119	69	117	61	116	54	116	48	115	43	113	39	110	36	106	34	101	33	95	33	88	33	80	33	71	33	61	33	51	32	42	30	34	27	27	23	21	18	16	13	12	9	9	6	7	4	6	3	6	3	
48:
105	164.976	74	68	73	68	71	67	68	67	64	66	61	66	59	65	58	63	57	60	57	57	58	53	60	50	61	48	61	46	60	45	58	45	55	45	51	46	47	48	43	49	38	51	32	54	25	56	19	57	14	57	10	56	7	54	5	51	4	47	4	42	5	38	7	35	10	32	14	30	19	29	25	29	32	30	40	32	49	35	57	37	65	40	72	42	78	43	83	43	87	42	90	40	93	37	95	33	96	28	96	24	97	21	99	19	102	18	106	18	111	19	116	21	120	24	123	28	125	33	126	38	127	44	127	51	126	57	124	62	121	66	117	69	113	71	110	72	108	73	107	75	107	76	108	77	110	77	113	78	116	79	118	81	121	84	123	87	124	91	124	95	123	98	121	102	118	106	115	111	112	116	109	120	107	123	105	125	103	126	100	126	98	125	97	123	97	120	97	117	97	113	97	108	96	102	94	95	91	89	87	83	83	78	80	74	77	71	75	69	74	68	74	68	
49:
112	168.995	37	59	36	60	35	62	34	65	34	68	35	70	37	71	40	71	42	71	43	71	43	70	42	70	40	71	37	73	33	75	28	76	22	76	17	76	13	77	10	79	8	82	7	86	7	91	8	96	10	100	13	103	17	106	21	108	26	109	32	109	39	108	47	106	56	105	66	103	75	102	83	102	90	102	96	103	102	105	107	108	112	112	117	116	121	119	124	121	126	122	127	122	128	121	128	119	128	116	129	112	129	107	128	101	126	94	123	86	120	77	118	68	117	59	117	51	116	44	116	38	116	33	116	29	115	25	115	22	115	20	114	19	112	19	109	20	105	22	101	24	98	25	96	25	95	24	95	22	96	19	97	15	97	10	96	6	94	2	91	-1	87	-3	82	-4	76	-5	69	-5	63	-4	58	-2	54	1	51	4	49	6	48	7	48	7	49	8	51	9	54	9	58	10	63	12	67	15	70	19	72	24	73	29	73	35	72	42	70	48	67	53	63	57	58	60	52	62	47	63	43	63	40	62	38	60	37	59	37	59	
50:
112	427.891	0	105	-1	106	-1	108	-1	111	-1	115	0	119	2	122	5	124	9	125	14	125	19	124	24	122	29	119	33	115	38	111	44	108	51	106	57	105	62	105	66	106	70	107	73	109	75	112	78	114	80	115	83	115	87	114	92	112	97	109	102	107	106	106	109	106	111	106	112	105	112	104	111	103	109	101	106	98	102	96	98	95	94	94	91	94	89	94	88	94	88	93	89	91	91	88	94	85	98	81	102	76	107	70	113	64	118	58	122	53	125	49	127	46	128	44	128	42	127	41	125	40	122	38	118	35	113	31	108	26	102	21	96	16	90	12	85	9	81	7	78	6	76	6	75	7	74	9	72	12	70	15	67	17	63	18	58	18	52	17	46	16	41	16	37	17	34	19	32	22	31	26	31	31	30	37	28	43	25	48	21	52	16	55	12	57	9	58	7	58	6	57	6	56	7	55	9	55	12	56	15	58	17	61	19	65	20	70	20	76	19	83	17	89	14	94	10	98	6	101	3	103	1	104	0	105	0	105	
51:
101	16.049	44	74	43	73	41	73	38	72	34	71	31	69	29	66	27	63	26	60	26	58	27	57	29	57	32	56	35	54	37	51	38	47	40	42	43	38	47	34	52	31	58	29	64	28	70	28	75	29	80	30	84	30	87	29	89	27	90	24	91	20	91	15	91	10	92	6	94	3	97	1	101	0	106	0	112	1	117	1	121	2	124	4	126	7	128	11	129	16	129	22	128	28	126	35	123	41	119	46	114	50	110	54	106	58	103	63	101	68	100	73	100	78	101	82	103	85	106	87	110	89	115	91	120	94	124	98	128	103	131	108	133	113	134	117	134	120	133	122	131	123	128	123	124	122	119	120	113	117	106	113	98	108	89	103	79	99	68	96	58	94	49	93	41	93	34	94	28	96	23	99	19	102	16	105	14	107	13	108	13	108	14	107	15	105	17	102	20	98	24	93	29	88	34	84	38	80	41	77	43	75	44	74	44	74	
52:
121	107.583	82	50	82	49	81	47	80	44	78	40	77	35	75	29	74	23	74	17	75	12	77	8	80	5	84	3	88	2	93	2	99	3	106	5	113	8	120	12	127	17	133	23	138	30	142	38	145	47	147	56	149	64	150	71	150	77	149	83	147	88	144	92	140	95	135	97	129	98	122	98	114	97	105	95	96	92	88	88	81	84	75	81	70	79	66	77	63	74	61	72	60	71	60	71	61	72	62	74	64	77	66	81	67	86	67	92	66	99	64	105	61	110	57	114	52	118	46	121	39	123	32	124	26	124	20	123	15	121	11	118	8	114	6	109	4	103	3	96	3	88	4	80	6	73	7	67	8	61	8	56	7	52	5	49	3	47	2	45	2	44	3	44	5	45	8	47	12	48	17	48	21	48	25	47	28	45	30	42	31	38	31	35	32	33	34	32	37	32	40	32	44	31	47	29	49	26	50	22	50	17	49	12	48	8	46	5	43	3	40	1	38	0	37	0	37	1	38	3	40	6	43	10	46	15	50	21	55	28	61	34	67	39	72	43	76	46	79	48	81	49	82	50	82	50	
53:
129	19.09	90	79	90	78	90	76	91	73	93	71	96	70	100	69	104	69	107	70	109	72	110	75	110	79	109	84	107	89	104	94	100	98	95	101	89	103	82	104	75	105	69	105	63	104	58	102	54	100	51	98	48	97	46	97	45	98	44	100	44	101	44	101	43	100	42	98	40	95	37	93	33	92	28	92	22	93	16	95	10	98	5	100	1	101	-2	101	-4	100	-5	98	-5	95	-4	91	-2	86	0	80	3	73	7	65	12	58	18	52	23	47	29	43	36	40	42	37	47	34	51	30	54	25	58	20	62	16	65	13	67	11	69	10	71	10	72	11	73	13	74	16	76	20	79	25	83	29	87	32	92	34	96	35	99	35	101	34	102	32	104	29	105	25	105	20	104	14	102	8	99	3	95	-1	90	-4	84	-7	77	-9	69	-10	60	-10	50	-9	40	-7	31	-4	23	0	16	5	10	11	5	18	1	26	-2	35	-4	45	-5	56	-5	68	-4	79	-2	89	1	98	5	106	10	113	16	119	23	124	31	128	40	131	50	133	59	134	67	135	74	135	80	134	86	132	91	129	95	125	98	120	100	114	101	107	101	100	100	94	98	89	95	85	93	82	91	80	90	79	90	79	
54:
118	20.092	33	102	34	103	36	105	39	108	41	111	42	114	42	117	41	119	39	120	36	120	34	121	33	123	33	125	34	128	36	131	39	133	43	134	48	134	53	133	59	131	64	128	68	126	71	123	74	119	77	116	80	114	84	113	88	113	91	114	94	116	97	118	99	120	100	122	101	123	101	123	101	122	100	120	98	117	95	113	92	108	90	102	88	95	87	87	87	78	87	70	88	62	90	55	93	49	96	44	98	38	99	32	99	27	99	23	98	20	96	18	93	17	89	17	84	18	78	20	72	23	67	27	62	32	57	38	51	44	46	51	41	57	36	62	32	66	28	69	24	71	19	72	15	72	12	71	10	69	9	66	9	62	9	57	9	51	9	44	9	36	10	27	12	18	15	10	19	3	24	-3	30	-8	36	-13	43	-17	51	-20	60	-22	68	-23	77	-23	85	-22	92	-20	98	-17	103	-13	107	-8	110	-2	112	4	113	10	113	17	112	25	110	33	107	42	103	50	98	57	92	63	85	68	77	72	69	75	61	78	54	82	48	87	43	92	39	96	36	99	34	101	33	102	33	102	
55:
132	247.352	56	99	56	100	57	102	58	105	59	109	59	112	58	115	56	119	53	122	49	124	44	125	38	125	32	124	27	122	23	119	20	115	18	110	17	105	17	99	18	94	18	90	19	87	19	85	18	84	16	84	14	85	13	85	13	84	14	82	15	79	17	75	20	70	23	64	27	58	31	52	36	47	42	43	49	40	55	37	61	35	66	32	70	30	73	29	76	29	80	30	83	32	87	34	92	35	96	35	99	34	101	33	102	33	102	34	101	35	99	37	96	40	93	44	91	47	90	49	90	50	91	50	93	51	96	53	100	55	105	56	111	58	117	61	123	65	128	70	132	76	135	82	137	88	138	93	138	97	137	100	135	102	132	103	128	103	123	103	118	102	114	100	110	97	107	94	104	92	100	91	97	91	95	92	93	94	90	96	88	99	87	101	87	102	87	102	88	101	88	99	87	96	85	92	83	87	82	81	80	74	77	66	75	57	72	47	68	38	63	30	57	23	51	17	46	12	42	8	39	5	36	3	34	2	33	2	33	3	33	5	33	8	33	12	34	17	35	23	37	30	40	38	44	46	47	55	49	63	51	71	52	78	54	84	55	89	55	93	55	96	55	98	56	99	56	99	
56:
116	12.97	98	14	97	15	95	17	92	20	88	24	83	27	78	29	74	30	71	30	68	29	66	27	63	24	60	20	58	15	56	9	53	4	49	0	44	-3	38	-5	31	-6	24	-6	17	-5	11	-3	6	0	2	4	-1	9	-3	15	-4	22	-4	30	-3	37	-1	43	2	48	6	52	11	55	16	57	22	58	29	59	37	60	45	60	52	59	58	57	63	55	67	54	70	54	72	55	73	57	73	60	74	63	76	65	79	66	83	67	88	68	94	68	100	67	105	66	109	64	112	61	114	57	115	54	115	52	115	51	116	51	118	52	120	54	122	57	123	61	123	66	122	72	120	78	119	85	118	91	118	96	118	100	117	103	115	105	114	106	112	106	109	105	106	103	102	102	97	102	91	103	86	105	82	108	79	110	77	111	75	111	74	110	72	108	69	106	65	103	60	101	54	100	49	100	45	101	42	103	40	104	38	104	36	103	35	101	35	98	36	94	38	89	41	83	45	76	50	68	56	59	63	50	70	42	77	35	83	29	88	24	92	20	95	17	97	15	98	14	98	14	
57:
121	24.201	31	27	32	26	34	26	37	27	41	28	44	30	46	33	47	36	47	40	46	43	46	45	47	46	49	47	52	47	56	47	61	46	67	46	74	45	81	45	89	46	96	48	102	51	108	55	113	60	117	64	120	67	122	69	123	70	123	72	122	73	120	74	117	76	113	78	108	81	102	84	95	86	89	87	84	87	78	86	73	86	69	85	66	85	64	86	63	88	63	91	64	94	66	98	68	103	70	107	71	110	71	112	70	113	68	114	65	115	61	115	57	116	54	118	52	121	51	123	51	124	51	124	50	123	49	121	47	118	44	114	41	109	38	103	34	97	31	92	29	88	27	85	25	83	24	82	24	82	25	83	27	85	30	88	34	92	39	97	45	102	52	108	60	114	69	119	79	123	89	126	99	128	108	129	116	129	123	128	129	126	134	123	138	119	141	114	143	108	144	101	146	93	147	84	147	74	146	64	144	53	141	43	137	34	132	26	128	19	123	13	119	8	114	4	108	1	101	-1	93	-2	84	-2	75	-1	67	1	59	4	52	8	46	12	41	17	37	21	34	24	32	26	31	27	31	27	
58:
123	50.784	14	90	13	91	12	93	11	96	10	100	10	105	11	109	13	112	16	114	20	115	25	116	31	117	38	117	44	116	49	114	53	111	56	107	58	102	59	98	59	95	59	93	60	92	61	92	63	93	66	95	70	98	74	101	79	105	83	109	87	112	91	114	94	115	96	115	97	114	97	112	97	109	97	105	98	102	100	100	103	99	105	98	106	98	108	99	110	100	113	102	115	105	116	108	116	110	117	111	119	111	120	110	120	108	119	105	117	101	115	96	114	90	114	83	115	77	116	72	117	68	117	65	116	63	115	62	113	62	110	63	106	65	101	68	95	70	90	71	86	71	83	70	81	68	80	65	80	61	81	56	83	51	84	45	86	38	88	31	89	25	90	20	92	16	95	13	99	11	104	10	110	10	115	11	119	13	122	16	124	19	125	21	125	22	124	22	122	22	119	21	115	19	110	16	104	12	98	7	91	3	83	0	74	-2	64	-3	55	-3	46	-2	38	0	31	3	25	7	20	12	16	18	13	24	11	31	10	39	8	48	6	56	5	63	5	69	6	75	8	80	11	84	13	87	14	89	14	90	14	90	
59:
126	7.001	71	53	72	52	74	50	77	47	81	44	86	42	92	41	98	41	103	40	107	38	110	35	112	31	113	26	113	21	112	16	110	12	109	8	108	5	106	3	104	2	101	2	98	3	95	5	93	8	90	12	86	16	81	21	75	27	69	33	63	40	56	46	48	51	40	55	33	58	27	61	21	64	16	66	12	67	9	67	7	68	6	70	6	73	7	75	9	77	12	78	16	79	21	80	26	81	30	83	33	85	35	87	36	89	36	91	35	94	33	98	30	103	26	108	21	112	17	115	13	117	10	118	8	119	7	120	7	120	8	120	10	119	13	118	17	116	22	113	28	111	35	110	43	109	51	109	60	110	70	110	80	109	89	109	97	110	104	111	110	112	115	112	119	111	122	109	124	106	125	102	125	97	124	91	122	84	119	76	115	67	110	58	104	50	97	43	90	36	83	30	75	25	66	21	56	18	46	16	37	14	29	13	22	13	16	14	11	16	7	18	4	20	2	21	1	21	0	20	0	18	1	17	3	17	6	17	10	18	15	20	21	23	28	26	36	30	43	33	50	36	56	39	61	43	65	47	68	50	70	52	71	53	71	53	
60:
113	21.852	115	126	116	125	118	123	120	121	121	119	122	116	122	112	121	107	119	102	116	96	114	89	113	83	113	78	114	74	116	71	117	67	117	64	116	62	114	61	111	61	107	62	102	64	97	67	91	71	86	76	81	81	77	86	74	90	71	93	67	95	62	96	58	96	54	95	50	93	47	90	45	86	44	83	44	79	45	74	45	70	44	67	42	65	39	64	36	64	32	65	27	67	21	69	15	70	10	70	6	69	3	68	1	66	0	64	0	61	1	57	3	52	5	46	8	40	12	34	17	28	23	23	29	19	36	16	44	14	52	13	59	13	65	14	70	15	74	17	77	20	79	24	80	29	80	35	79	42	77	50	74	59	71	69	67	79	62	88	56	96	49	103	41	109	32	114	24	119	17	123	11	126	6	128	2	129	-1	129	-3	128	-4	126	-4	123	-3	119	-1	115	2	112	6	110	11	109	17	109	24	110	32	112	41	115	51	119	61	124	70	128	79	131	87	133	94	134	100	134	105	133	109	131	112	129	114	127	115	126	115	126	
61:
137	8.495	13	82	13	81	12	79	11	76	9	72	6	67	4	61	3	56	3	52	3	49	4	46	6	44	8	43	11	43	15	44	20	46	26	49	33	51	40	52	48	52	55	51	61	49	66	46	70	42	73	37	76	33	80	30	83	27	85	25	87	24	90	24	93	25	95	27	96	30	96	34	95	37	93	39	91	40	90	40	90	39	91	37	93	34	96	30	99	26	103	23	108	21	114	19	119	18	123	18	126	19	128	21	129	24	129	28	128	33	128	39	128	46	128	54	127	63	125	72	124	80	123	87	123	93	122	98	120	103	118	107	115	110	111	112	106	113	100	113	93	112	85	110	77	107	70	103	64	100	58	98	53	97	49	97	46	98	44	100	43	103	43	107	42	111	40	115	37	119	33	122	28	124	22	125	16	125	11	124	7	122	2	119	-2	115	-5	110	-7	104	-9	97	-10	89	-12	80	-13	72	-14	63	-16	53	-17	44	-17	36	-16	29	-14	23	-12	17	-9	12	-5	8	0	5	6	3	13	2	20	2	28	3	37	5	45	6	52	7	58	7	63	6	67	4	70	3	72	3	73	4	73	6	72	9	70	13	67	18	63	24	59	31	54	39	48	47	41	54	34	61	28	67	23	72	19	76	16	79	14	81	13	82	13	82	
62:
123	0.294	87	101	86	102	84	103	81	103	77	104	72	105	67	105	63	104	60	104	58	105	56	107	55	110	55	113	55	116	54	118	53	119	51	119	49	118	47	116	44	113	42	110	39	108	35	107	31	107	27	108	23	110	20	112	18	113	15	113	12	112	10	110	9	107	9	103	9	99	10	95	12	92	14	90	17	88	21	87	26	87	30	88	33	89	35	91	36	92	37	92	38	91	40	89	42	86	45	82	48	77	52	73	56	68	59	64	61	61	63	59	64	58	66	58	69	59	71	61	73	64	76	68	80	73	83	78	87	83	92	87	98	90	104	92	109	93	113	93	116	92	118	90	121	87	123	83	124	78	124	72	123	66	121	59	118	51	115	43	111	36	106	30	100	25	93	21	85	18	78	16	70	15	61	15	51	16	42	18	34	21	26	25	19	29	13	32	8	34	4	35	0	35	-3	34	-5	32	-6	29	-7	25	-7	21	-6	18	-4	16	-1	15	3	15	8	16	14	18	21	21	29	25	37	30	44	35	50	41	55	48	59	56	62	65	65	73	68	80	72	86	77	91	81	95	84	98	86	100	87	101	87	101	
63:
142	86.951	81	103	82	104	84	106	85	109	85	113	85	118	84	124	82	129	79	133	75	136	70	138	64	139	58	139	53	138	49	136	46	133	43	129	41	124	40	119	40	114	41	110	43	107	46	105	48	102	50	98	52	95	53	92	53	90	52	89	50	88	47	87	43	85	38	82	34	78	31	73	29	67	28	61	27	55	27	50	28	46	30	43	33	41	37	40	42	40	48	40	53	40	59	39	64	37	68	34	71	30	73	25	74	19	75	13	75	8	76	4	78	1	81	-1	85	-2	88	-2	92	-1	97	1	103	4	108	8	112	13	115	19	117	26	119	34	120	41	120	47	119	53	117	58	114	62	110	65	106	67	103	68	101	68	100	68	100	68	101	69	102	71	102	72	101	72	99	71	96	69	93	66	90	62	88	57	87	53	87	50	88	48	90	47	93	47	97	48	102	50	108	53	114	57	119	62	123	68	126	75	128	83	129	92	129	102	128	111	126	119	123	127	119	134	114	141	108	147	101	152	93	156	84	159	74	161	64	162	55	162	45	161	36	159	28	156	21	152	15	147	10	141	6	134	3	126	1	117	0	109	0	102	1	96	3	91	6	87	10	84	15	82	21	81	28	81	36	82	45	84	53	87	60	91	66	95	71	98	75	100	78	102	80	103	81	103	81	103	
64:
124	142.655	8	81	8	80	9	78	9	75	9	71	10	66	10	60	10	55	11	50	11	45	11	41	10	38	8	36	7	35	6	35	6	36	7	38	9	40	12	42	16	43	20	43	25	42	31	40	38	37	44	33	49	28	53	22	56	17	58	13	60	10	62	8	63	7	64	7	64	8	64	10	65	13	66	17	66	22	66	28	66	35	67	43	69	52	72	61	76	69	79	76	81	82	84	87	88	91	93	94	97	96	100	98	103	99	105	99	106	98	108	96	111	93	115	91	119	89	122	88	126	88	129	89	131	91	132	94	132	98	131	103	129	108	126	114	122	119	117	123	111	126	104	128	96	129	88	129	80	130	71	130	63	129	56	129	50	128	45	126	41	123	38	121	36	119	35	116	35	112	36	107	38	101	41	94	45	87	50	80	56	74	63	67	71	59	80	50	89	42	97	35	104	29	110	24	115	19	119	15	122	10	124	6	125	3	125	1	124	-1	122	-2	119	-2	115	-1	110	1	104	3	97	6	90	10	82	15	73	21	63	28	53	36	44	45	36	53	29	60	23	66	18	71	14	75	11	78	9	80	8	81	8	81	
65:
141	51.48	108	67	109	68	111	70	113	73	115	77	116	81	116	86	115	90	113	93	110	95	106	96	101	96	96	95	92	94	88	93	85	93	83	94	82	96	82	99	83	103	85	108	88	114	91	119	95	123	100	126	106	128	111	129	115	129	118	128	120	126	121	124	121	121	120	118	118	115	115	112	111	110	106	109	100	109	93	109	85	108	76	106	67	104	59	103	52	102	46	102	41	103	37	103	34	103	32	102	30	100	29	97	29	93	30	88	32	83	33	78	34	73	34	69	33	66	31	64	28	63	24	63	19	62	14	61	10	59	7	56	5	53	4	49	4	44	5	39	7	35	10	32	14	30	19	29	25	29	31	30	38	32	46	34	54	35	61	35	67	34	72	32	76	29	79	25	81	21	82	18	83	15	84	13	85	12	87	12	90	13	94	14	99	15	105	15	110	15	114	14	117	12	119	9	120	7	120	4	119	2	117	1	114	1	110	1	105	1	99	2	93	4	86	7	78	11	69	15	59	20	49	26	40	33	32	40	25	48	19	57	14	66	10	76	7	85	5	93	4	100	4	106	5	111	7	115	10	118	14	120	18	121	23	121	29	120	36	118	44	115	53	111	63	106	72	100	80	93	87	87	93	82	98	77	102	73	105	70	107	68	108	67	108	67	
66:
128	65.492	91	70	92	69	94	68	95	68	97	68	98	69	98	71	97	73	97	76	96	80	96	83	97	87	99	90	102	92	106	93	110	93	114	92	117	90	119	87	120	83	120	78	119	72	117	67	114	62	111	58	107	55	104	53	102	51	101	50	101	48	102	47	104	46	107	45	110	44	112	43	113	42	113	42	112	41	110	40	107	38	103	35	98	32	93	28	89	23	86	19	84	16	83	14	83	13	84	13	84	14	85	16	87	19	88	23	88	28	87	33	86	38	85	43	83	47	80	50	76	52	71	53	65	53	59	52	52	50	45	47	38	43	32	39	27	35	23	31	19	28	15	26	12	25	10	25	8	26	6	28	5	31	5	34	6	38	8	43	11	49	14	56	18	64	21	73	23	83	26	92	28	100	29	107	29	113	29	118	30	122	32	125	35	127	39	128	44	128	49	127	55	125	62	122	70	118	78	113	86	107	94	100	101	92	107	83	114	75	120	66	125	57	129	49	132	42	134	36	135	31	135	27	134	24	132	22	129	21	125	21	120	22	114	24	108	27	102	31	97	36	93	42	90	49	88	55	87	60	87	64	88	67	90	69	91	70	91	70	
67:
99	142.526	82	49	81	48	79	46	76	43	73	39	71	35	70	31	70	26	71	20	73	14	76	9	80	5	84	2	89	0	94	-1	98	-1	101	0	103	2	104	5	104	9	104	14	104	20	105	26	107	32	110	39	114	45	117	50	120	54	124	57	127	59	129	61	130	64	130	67	129	71	127	76	124	82	120	87	116	91	113	94	111	97	110	100	110	103	111	105	113	108	115	110	116	111	116	111	115	110	113	108	110	106	106	104	101	103	97	103	92	104	88	106	85	109	81	111	76	112	72	112	69	112	67	113	66	115	66	118	65	122	63	125	60	127	56	128	51	128	45	128	38	128	31	128	25	127	20	127	16	126	13	125	11	123	10	120	10	116	11	112	13	108	16	104	19	99	21	93	22	86	23	79	25	72	28	65	32	59	36	54	41	50	47	47	54	45	61	44	67	43	72	43	76	44	79	46	81	48	82	49	82	49	
68:
102	9.899	82	110	82	109	83	107	85	104	88	100	92	97	97	95	103	93	109	91	115	88	120	84	124	79	127	73	129	66	130	58	130	51	130	44	129	37	127	31	124	26	120	22	115	19	109	17	102	15	95	14	88	14	82	14	77	14	73	15	70	17	68	20	66	22	64	25	61	27	57	28	54	28	52	27	51	25	51	22	52	19	54	17	56	15	59	14	62	14	65	15	67	17	68	20	68	24	67	29	65	35	62	42	58	50	53	57	47	63	40	68	34	73	29	78	25	82	22	87	20	91	19	94	19	96	20	97	22	97	25	98	29	100	32	103	35	106	37	110	38	114	38	117	37	120	35	122	32	123	28	123	23	122	17	120	12	117	7	113	3	108	0	102	-2	95	-3	89	-3	83	-2	78	0	74	3	71	7	69	12	68	18	68	25	69	33	71	42	74	50	78	57	83	63	89	68	95	72	100	76	104	79	107	81	109	82	110	82	110	
69:
99	99.463	82	69	82	68	83	66	84	63	85	59	87	56	90	54	93	53	96	53	98	54	100	56	103	59	105	63	106	68	106	74	107	81	108	89	109	97	109	104	108	110	106	115	103	119	99	122	94	124	90	125	87	125	84	124	82	122	79	119	77	115	76	112	74	110	71	109	67	109	62	110	56	112	49	115	41	117	34	118	28	118	23	117	19	115	16	112	14	108	13	103	13	99	14	95	16	92	19	90	23	89	27	87	30	86	32	84	33	81	33	77	32	72	30	66	27	59	23	52	19	46	16	41	14	37	13	32	13	28	14	25	16	23	19	22	21	20	24	19	26	17	27	14	27	10	26	6	26	3	27	0	29	-2	32	-3	36	-4	41	-5	47	-5	54	-4	62	-4	70	-3	77	-1	83	1	88	4	92	8	95	13	97	19	98	26	98	34	98	41	97	48	95	54	92	59	88	63	85	66	83	68	82	69	82	69	
70:
106	11.094	126	53	126	52	126	50	127	47	128	43	128	38	127	32	125	27	122	23	119	20	117	17	116	15	115	14	113	14	110	15	106	17	102	20	97	24	91	27	85	29	80	30	76	32	73	34	69	36	66	39	64	43	63	46	63	48	63	49	62	49	60	50	57	52	53	54	49	57	44	59	39	60	35	60	32	59	30	57	29	54	29	50	29	45	30	40	31	34	31	29	30	25	28	22	26	20	24	19	21	19	19	20	16	22	12	25	9	29	7	34	6	40	6	47	7	55	7	64	8	73	10	83	13	92	16	100	20	107	25	113	31	118	36	122	41	125	45	127	49	128	52	128	54	127	55	125	55	122	55	118	56	113	56	107	56	100	56	92	57	83	59	73	62	62	64	52	66	43	67	35	68	28	70	22	73	17	76	13	78	10	79	8	81	7	84	7	86	8	88	10	91	13	94	17	98	22	102	27	107	33	111	38	116	43	120	47	123	50	125	52	126	53	126	53	
71:
97	75.1	111	56	110	55	108	53	106	50	104	46	103	41	102	35	102	29	102	23	103	18	105	14	108	11	112	9	115	8	117	8	118	8	118	7	117	5	115	2	112	0	108	-1	103	-1	98	-1	93	0	89	2	86	5	84	9	83	14	82	18	80	21	77	23	74	24	72	24	69	23	66	21	62	18	59	16	55	14	50	13	44	13	37	14	30	14	24	13	18	11	12	8	7	6	3	5	-1	5	-4	6	-6	8	-7	11	-7	15	-6	19	-4	24	-1	30	2	37	6	45	11	54	17	64	24	74	32	83	40	91	49	98	59	104	68	110	76	115	83	119	89	122	94	124	98	125	102	125	105	124	107	122	109	119	112	116	115	112	118	109	121	106	123	104	124	103	124	103	123	103	121	104	118	104	115	103	112	101	110	98	108	94	105	89	103	83	102	77	102	71	103	66	105	62	108	59	110	57	111	56	111	56	
72:
129	1610.045	80	8	81	7	83	6	86	5	90	5	94	4	97	4	99	3	100	2	100	0	99	-1	97	-2	95	-2	92	-1	88	1	83	4	77	8	71	12	66	17	62	23	59	30	57	36	56	41	56	45	57	48	59	50	62	52	66	55	70	59	75	64	81	70	86	76	90	81	95	85	101	88	107	90	113	91	118	91	122	90	125	88	128	85	130	81	131	77	131	72	130	68	129	65	128	63	128	62	129	62	131	63	134	65	137	68	140	72	142	77	143	83	143	90	142	98	140	105	137	111	133	118	129	124	124	129	118	133	111	136	103	138	94	139	84	139	73	138	63	136	54	133	46	129	39	124	33	118	28	112	24	106	21	100	19	93	18	85	18	78	18	72	17	67	15	63	12	60	10	58	9	57	8	56	8	56	9	57	11	59	14	60	18	60	21	61	24	61	27	60	29	58	30	55	30	51	29	47	27	43	24	38	22	32	21	26	21	19	21	13	21	8	20	4	18	1	15	-1	12	-2	10	-3	9	-3	8	-2	8	0	9	3	11	7	14	11	18	14	23	16	29	17	36	17	44	16	52	16	59	15	65	14	70	13	74	12	77	10	79	9	80	8	80	8	
73:
120	576.758	92	123	91	122	89	120	88	117	88	113	89	108	91	104	94	101	98	99	103	96	108	94	113	91	117	87	120	83	122	78	123	72	123	65	122	58	120	52	117	47	115	43	114	38	113	34	111	31	108	29	104	28	101	27	98	25	96	22	95	18	95	13	96	9	97	6	97	4	96	3	94	3	91	4	87	6	82	9	78	12	75	16	73	21	72	25	72	30	73	34	75	37	78	40	82	42	86	43	89	44	91	44	92	44	92	45	91	46	89	47	86	49	83	52	79	55	74	59	69	64	65	70	62	77	60	85	59	93	59	100	58	106	56	111	53	115	49	118	44	120	38	121	33	121	29	120	26	118	24	117	23	117	23	118	24	119	24	120	23	120	21	119	18	117	15	114	12	110	10	105	9	99	9	92	10	84	12	76	15	67	19	58	22	50	24	43	25	37	25	32	25	28	26	25	27	23	28	22	30	22	33	23	37	25	42	28	48	32	55	37	63	43	71	50	78	58	84	67	89	77	93	86	96	94	98	101	99	107	99	112	98	116	97	119	95	121	93	122	92	123	92	123	
74:
123	561.599	68	41	68	40	68	38	69	35	69	32	68	30	66	29	63	29	59	30	55	32	51	35	48	39	46	43	43	48	40	52	38	55	37	57	37	58	38	58	38	57	37	55	35	52	32	48	28	43	25	37	22	30	18	24	14	19	11	15	9	11	8	8	8	5	9	2	11	-1	14	-5	18	-9	23	-12	29	-14	36	-15	43	-16	51	-16	60	-15	70	-13	79	-10	87	-6	94	-1	100	5	105	12	109	18	112	23	115	27	118	30	120	32	121	34	121	36	120	37	118	37	115	38	111	40	108	43	106	47	105	52	105	57	104	61	102	64	99	66	95	67	90	67	85	68	81	70	78	73	76	77	75	82	75	88	75	95	76	102	76	109	76	115	77	120	79	124	80	127	80	129	79	130	77	130	74	129	70	127	66	124	61	120	55	117	50	115	46	114	42	114	39	115	37	117	36	120	36	124	37	128	39	133	42	137	46	140	51	142	57	143	64	143	72	142	79	140	85	138	90	135	94	131	97	126	99	120	100	113	100	105	99	96	97	86	95	77	92	69	88	62	83	56	78	51	74	47	71	44	69	42	68	41	68	41	
75:
114	129.442	23	86	22	87	20	88	19	90	19	93	20	97	22	101	25	104	28	106	32	109	35	111	37	112	38	112	38	111	37	109	35	106	32	102	28	97	23	91	17	84	12	77	8	70	4	63	1	56	-1	50	-2	44	-2	38	-1	33	1	29	4	26	8	24	13	23	19	22	25	22	31	22	36	21	40	20	43	18	45	15	46	11	46	8	45	6	43	5	42	5	42	6	43	8	45	11	48	15	50	19	51	24	51	29	50	33	48	36	45	39	42	42	40	46	39	50	39	53	40	55	42	56	45	56	49	56	54	55	59	53	64	50	68	46	71	41	74	35	76	29	77	24	78	20	80	17	83	15	87	14	92	14	97	15	103	17	108	20	112	24	115	29	118	35	121	42	123	49	124	57	124	65	123	72	121	78	118	83	116	88	115	94	115	99	116	103	118	106	119	108	119	109	118	111	116	114	113	117	109	120	104	122	98	123	91	123	83	122	74	120	65	117	57	113	50	108	44	102	38	97	33	93	29	90	26	88	24	87	23	86	23	86	
76:
115	29.456	117	24	116	23	114	21	111	18	107	14	104	11	100	9	96	8	93	8	91	9	89	11	86	14	84	18	83	23	82	28	82	33	83	37	83	41	82	45	81	50	81	55	82	59	84	62	87	64	91	65	96	65	100	65	103	64	106	64	108	65	109	67	109	70	108	74	108	79	109	84	111	90	113	96	114	101	114	106	113	110	111	113	108	115	104	116	99	117	93	118	86	118	79	117	73	115	68	112	64	109	60	107	57	105	55	103	54	100	54	96	55	91	57	86	58	80	58	75	57	71	55	68	52	66	48	65	43	65	37	66	30	68	23	71	17	75	12	80	8	86	5	92	3	99	2	107	2	114	3	120	5	125	8	129	12	132	17	134	22	135	27	135	31	134	34	132	36	129	37	125	37	120	36	114	34	107	31	99	27	90	24	80	22	70	21	60	21	49	21	39	21	30	22	22	24	15	27	9	31	4	36	0	42	-3	49	-5	57	-6	66	-6	75	-5	83	-3	90	0	96	4	102	9	107	14	111	18	114	21	116	23	117	24	117	24	
77:
114	103.009	52	48	53	49	54	51	55	54	57	58	60	63	63	67	65	70	66	72	68	73	71	73	74	72	76	70	77	68	79	65	80	63	80	62	81	62	83	63	86	65	89	68	93	70	98	73	103	75	107	76	112	76	116	76	119	76	121	77	122	79	123	82	124	85	124	88	123	92	121	95	118	97	114	98	109	98	105	98	102	97	100	95	99	92	99	88	100	84	102	80	105	76	109	71	114	65	119	58	123	52	126	45	128	37	129	29	129	22	128	16	126	11	123	7	119	4	114	2	108	1	102	1	95	2	89	4	83	7	76	11	68	15	60	20	52	26	45	33	39	41	33	49	28	56	24	62	21	67	18	71	16	75	15	78	15	80	16	82	18	85	21	88	24	91	26	95	27	98	27	100	26	101	24	103	21	104	18	106	16	109	15	113	15	117	16	120	18	123	21	125	25	126	30	126	35	125	41	123	47	120	53	116	58	111	62	105	65	99	67	92	68	84	68	76	67	69	65	63	62	58	58	54	55	51	53	49	52	48	52	48	
78:
117	263.465	122	58	122	57	121	57	121	58	122	60	123	63	123	67	124	72	124	78	123	85	122	93	122	100	121	106	119	111	117	115	115	118	114	120	114	121	114	121	114	120	113	118	111	115	108	111	104	106	99	101	94	96	89	92	83	89	76	87	70	86	65	86	61	87	58	88	55	88	53	88	52	87	52	85	52	82	51	80	49	79	46	79	42	79	37	78	31	76	26	73	22	69	19	64	17	59	16	55	16	52	17	50	17	49	16	49	16	50	15	52	13	55	12	57	10	58	7	58	5	57	4	55	4	52	5	48	5	44	4	41	3	38	1	36	0	35	0	33	1	30	3	26	6	21	10	17	15	14	19	11	24	9	30	7	37	5	44	4	51	4	58	5	64	7	69	10	73	14	76	19	78	25	80	31	81	38	81	46	80	55	78	64	75	73	71	82	66	90	62	97	58	103	55	108	53	112	52	115	52	117	53	118	55	118	58	117	62	115	67	112	73	108	79	103	86	97	92	91	98	85	103	79	107	73	112	68	116	64	119	61	121	59	122	58	122	58	
79:
118	149.638	39	122	40	122	42	123	45	125	49	128	53	130	58	131	64	131	69	130	73	128	76	125	78	121	79	117	79	112	79	106	80	100	82	95	85	91	89	87	94	84	100	82	107	81	113	80	118	80	122	80	125	81	127	81	128	80	128	78	127	75	125	71	122	66	119	60	117	53	115	47	114	42	114	38	115	35	117	33	120	32	122	31	125	31	127	32	128	34	128	37	127	39	125	40	122	40	118	39	113	37	109	34	106	30	104	25	103	21	103	18	104	16	106	14	109	11	112	9	114	7	115	6	115	4	114	1	112	-1	109	-2	105	-2	100	-1	94	0	88	2	82	5	77	9	73	14	70	19	68	23	67	26	67	28	68	29	68	29	67	28	65	26	62	23	58	21	54	19	49	18	43	18	38	19	34	21	31	24	29	28	28	33	28	37	27	40	25	43	22	45	18	47	13	48	9	48	6	48	4	49	3	51	3	54	4	58	6	61	9	64	12	67	16	70	21	73	27	77	32	82	36	88	39	94	41	101	42	107	42	112	41	116	40	119	39	121	39	122	39	122	
80:
123	69.071	74	9	73	10	73	12	72	15	72	18	71	22	69	26	68	29	66	31	63	32	60	32	58	31	56	29	54	26	53	23	53	19	52	14	50	9	47	5	43	2	40	0	38	-1	36	-1	34	0	32	2	30	5	29	9	29	14	30	20	31	27	31	35	31	43	30	51	30	58	31	64	31	69	30	73	30	76	29	78	27	79	26	79	26	78	27	76	29	74	32	72	36	71	41	71	46	72	52	74	59	77	66	81	73	84	79	86	84	87	89	87	95	86	100	84	104	81	107	78	109	74	110	70	110	66	109	63	108	61	108	60	109	60	111	61	113	63	115	66	118	70	121	75	123	80	124	86	124	92	123	98	121	103	118	107	115	110	111	112	107	113	104	113	102	113	101	113	101	112	102	111	104	111	107	112	109	114	110	117	110	121	109	125	107	128	104	130	100	131	95	132	89	133	82	135	74	138	65	140	56	141	48	141	41	140	35	138	30	135	26	131	23	126	21	120	20	113	20	105	21	96	23	86	26	75	30	64	35	54	40	45	46	37	53	30	59	24	64	19	68	15	71	12	73	10	74	9	74	9	
81:
111	62.385	82	43	82	44	83	46	83	48	83	50	83	51	83	51	84	50	84	48	85	45	87	41	90	36	94	32	98	28	101	25	104	23	107	22	109	22	110	23	110	25	110	28	111	31	113	33	116	35	120	37	123	40	125	44	126	49	126	55	125	61	123	66	120	71	116	75	111	80	105	84	99	88	92	91	86	93	81	95	77	98	74	101	71	104	69	106	68	108	68	109	69	109	69	108	68	106	67	103	66	99	65	94	63	88	62	81	62	73	62	65	63	56	64	48	64	41	63	35	61	30	58	26	55	23	51	20	46	18	40	17	33	17	25	18	18	20	12	23	7	27	3	32	0	38	-2	44	-3	51	-3	59	-2	68	0	78	3	89	7	99	12	108	18	116	25	123	33	129	42	135	52	140	63	144	74	147	84	149	93	150	101	150	108	150	114	149	119	147	123	144	126	140	128	135	129	129	129	122	128	115	126	107	123	98	119	88	114	79	109	71	103	64	97	58	92	53	88	49	85	46	83	44	82	43	82	43	
82:
114	113.898	80	109	81	110	83	112	84	115	85	119	85	122	84	124	82	125	79	125	75	124	70	122	64	119	59	115	54	110	50	105	47	101	45	98	44	94	44	91	45	89	47	88	50	87	53	86	55	84	56	81	56	77	55	72	53	68	50	63	48	59	47	56	47	54	48	53	50	53	53	53	55	52	56	50	56	47	55	43	53	39	51	34	50	30	50	27	51	25	53	23	56	22	60	22	64	23	69	25	75	28	81	32	86	37	90	43	93	48	95	53	96	57	96	60	95	62	94	63	94	64	95	66	97	69	100	72	103	74	107	75	112	75	116	75	119	75	121	76	122	78	122	81	121	85	119	89	118	93	118	96	117	98	115	99	113	99	112	98	112	96	112	93	112	90	113	86	113	81	114	75	116	68	119	61	121	54	122	47	123	41	124	36	125	32	125	29	124	27	123	26	121	26	120	27	119	29	117	32	114	36	111	41	107	47	104	53	100	59	96	66	93	73	91	81	90	88	89	94	87	99	84	103	82	106	81	108	80	109	80	109	
83:
137	93.27	18	117	19	116	21	114	23	111	25	107	26	102	26	96	25	89	23	81	20	74	16	68	11	63	7	59	4	56	2	52	1	47	1	43	2	40	4	38	7	37	11	36	16	36	22	37	29	39	36	42	43	46	49	51	55	56	62	60	68	63	75	65	81	66	86	66	90	66	93	65	95	64	96	64	96	65	95	65	93	66	91	68	90	71	90	74	91	76	92	78	94	80	97	81	101	81	106	81	110	82	113	82	115	83	116	84	116	86	115	89	113	93	110	98	106	102	101	105	95	107	89	109	83	111	78	112	74	112	71	113	69	113	68	112	68	110	69	107	71	103	74	100	78	98	83	95	89	91	96	88	103	86	109	84	114	81	118	77	121	72	123	66	124	59	124	53	123	48	121	44	118	41	114	39	109	38	103	37	97	37	91	37	86	37	82	37	78	37	75	36	73	36	72	35	72	34	73	33	75	32	78	30	82	27	86	23	91	18	95	12	98	6	100	1	101	-5	101	-10	100	-14	98	-17	95	-19	91	-20	86	-20	80	-19	73	-17	65	-14	58	-10	50	-5	41	0	33	6	26	13	20	21	15	30	11	40	8	51	6	62	5	72	5	81	6	89	8	96	11	102	14	107	16	111	17	114	18	116	18	117	18	117	
84:
143	565.583	22	41	21	40	19	39	16	37	14	35	11	33	9	32	8	32	8	33	9	34	11	34	14	33	18	31	23	28	27	24	30	20	32	16	33	13	33	10	32	8	30	7	28	7	27	8	26	10	25	13	25	17	24	22	24	28	25	35	27	41	30	46	34	50	38	53	43	55	49	56	55	56	60	55	64	53	67	50	69	48	72	46	74	44	77	43	81	43	86	44	92	46	97	49	101	53	104	58	108	62	111	65	115	67	119	68	122	68	124	67	125	66	125	64	124	61	122	57	119	52	117	46	116	41	116	35	117	29	117	22	118	16	118	11	117	7	115	4	113	2	111	1	110	1	110	2	111	4	111	7	110	11	110	16	111	22	113	29	114	37	114	46	113	56	111	65	108	73	104	80	99	86	93	92	86	97	78	101	69	104	60	106	51	107	42	107	34	107	27	107	21	108	16	110	12	112	9	113	7	114	6	114	6	113	7	112	9	112	12	113	16	115	21	118	27	122	34	127	42	133	51	139	61	144	71	148	80	151	88	153	95	154	101	155	107	155	112	154	116	152	119	149	121	145	122	140	122	134	121	127	119	119	116	112	112	106	107	101	101	97	94	94	86	91	77	87	67	82	58	76	50	69	43	62	37	56	32	51	28	47	25	44	23	42	22	41	22	41	
85:
128	370.053	11	123	12	122	12	120	13	117	15	113	18	110	22	107	27	105	33	104	38	104	44	105	50	107	56	109	61	110	65	110	68	109	70	107	71	104	71	100	71	95	70	90	68	86	66	83	63	81	59	80	56	80	54	81	53	82	52	82	52	81	53	79	55	76	58	73	61	69	64	66	66	62	67	59	67	55	66	51	64	46	63	41	63	37	64	34	66	32	69	31	73	31	78	32	83	34	89	37	95	40	101	44	107	49	112	55	116	62	119	69	121	77	122	84	122	90	121	95	119	99	116	102	114	104	113	106	113	107	114	108	116	108	119	109	121	111	122	114	122	117	121	121	119	124	116	126	112	127	107	128	101	129	94	129	86	128	77	127	67	126	56	125	46	125	37	124	29	122	22	120	16	117	11	113	7	108	4	102	2	95	1	87	1	79	2	70	4	62	7	55	11	49	14	43	17	36	19	29	20	23	20	17	19	12	17	8	15	5	14	3	14	2	15	2	15	3	14	5	12	8	9	12	5	17	0	23	-4	30	-8	38	-11	47	-13	57	-14	68	-14	78	-13	87	-11	95	-8	102	-4	108	1	113	5	117	8	120	10	122	11	123	11	123	
86:
123	89.501	13	2	14	3	16	5	19	8	22	11	25	15	27	20	28	26	28	33	27	39	25	44	24	48	24	53	24	57	24	61	23	64	21	66	18	67	14	67	10	67	6	68	3	70	1	73	0	77	-1	82	-1	87	0	91	2	94	5	96	9	97	12	97	16	96	19	94	21	92	23	89	26	85	29	82	33	80	38	79	44	79	51	80	59	82	66	85	72	89	78	93	84	96	90	98	96	99	101	99	105	98	109	96	112	93	114	89	115	84	115	78	114	71	112	64	109	58	106	53	104	49	102	45	101	42	101	40	102	39	102	38	103	38	103	39	102	41	100	43	97	44	93	44	90	43	88	41	87	38	86	34	85	29	84	25	83	21	81	17	78	13	74	10	69	8	65	7	62	7	60	8	59	10	59	13	60	16	62	20	65	24	69	28	74	31	80	35	87	38	93	40	100	41	106	41	111	40	115	38	118	35	120	31	121	26	121	20	120	13	118	6	115	0	111	-5	106	-9	100	-12	93	-14	85	-15	76	-16	67	-16	58	-15	49	-13	41	-10	34	-8	28	-5	23	-3	19	-2	16	-1	14	1	13	2	13	2	
87:
104	150.337	125	76	124	77	123	78	121	80	119	81	117	81	114	80	112	78	111	75	111	71	112	67	114	64	115	62	116	61	116	61	115	62	113	63	110	63	107	62	104	61	102	59	101	56	101	52	102	47	103	41	103	34	102	28	100	23	97	19	93	16	90	14	88	13	87	13	87	12	88	10	89	7	89	5	88	4	87	4	85	5	82	7	78	10	73	14	67	19	60	25	52	31	45	38	39	44	34	49	30	53	27	56	24	58	21	59	19	59	18	58	16	56	14	53	11	50	9	48	6	47	2	47	-1	48	-3	50	-4	53	-4	57	-3	61	-1	66	2	71	5	75	9	78	14	80	20	81	26	81	33	80	40	79	47	79	55	80	64	81	72	83	80	85	88	88	95	92	101	97	106	102	110	107	113	112	115	116	116	119	117	121	118	122	120	122	121	121	121	119	121	116	121	112	122	107	123	101	125	95	127	90	128	86	128	82	127	79	126	77	125	76	125	76	
88:
117	178.275	4	110	5	109	7	107	10	104	14	101	18	99	23	96	28	93	32	90	35	86	37	82	38	78	38	75	37	72	35	68	32	63	30	57	29	51	29	45	29	40	29	35	28	31	26	27	23	24	19	22	15	21	12	21	9	22	7	22	6	21	6	19	7	16	9	12	12	8	16	5	21	3	27	2	34	2	41	2	47	3	54	5	62	8	69	10	75	11	80	12	84	12	87	11	89	9	90	6	90	4	91	3	93	3	96	4	100	5	104	7	108	10	112	14	115	19	117	25	118	32	118	39	117	47	115	54	112	60	108	65	105	69	103	72	102	76	102	80	103	83	105	85	108	87	111	90	114	94	116	98	117	102	117	106	116	109	114	111	111	112	107	112	104	112	101	111	99	109	97	108	94	108	90	109	87	110	85	112	84	115	84	117	85	118	87	118	88	117	88	115	88	112	89	108	90	103	90	97	89	91	87	86	84	82	80	79	75	77	69	76	62	76	54	77	45	79	37	82	30	86	24	90	19	95	14	100	10	104	7	107	5	109	4	110	4	110	
89:
108	234.023	64	88	65	87	67	86	69	86	72	87	75	89	77	92	78	96	78	100	77	105	75	109	72	112	69	114	66	115	62	115	59	114	56	112	53	109	49	105	46	101	42	98	38	96	35	95	33	94	32	92	32	89	33	85	35	82	37	80	40	79	43	79	45	80	46	82	46	85	45	89	43	94	41	100	40	106	40	112	41	117	43	121	46	124	50	126	55	127	61	127	67	126	72	124	78	121	83	117	87	112	90	106	94	99	98	93	103	86	109	80	114	75	119	71	123	68	126	66	128	65	129	65	129	64	128	62	126	59	123	56	119	52	114	47	108	43	102	39	95	34	88	30	81	27	75	24	70	21	66	17	63	13	61	9	60	6	60	4	59	3	57	3	54	4	50	5	45	7	39	10	33	14	28	19	24	25	19	32	15	40	12	47	10	53	9	58	9	62	10	66	12	70	15	73	19	75	24	78	30	81	36	83	43	84	49	84	54	84	58	85	61	87	63	88	64	88	64	88	
90:
118	57.612	39	98	38	99	36	100	33	101	29	101	24	100	20	98	17	95	14	91	12	87	11	82	11	78	12	75	14	73	17	72	20	72	24	73	28	75	31	76	33	76	34	75	36	73	39	70	43	66	48	61	54	55	61	49	67	43	72	38	76	34	80	31	85	28	91	26	96	25	100	24	103	24	105	23	106	22	106	20	105	17	103	13	100	9	96	6	91	4	85	3	78	3	70	4	61	5	52	7	44	10	37	13	31	17	26	21	22	26	19	32	16	38	12	45	9	53	7	62	5	71	4	81	3	90	3	98	4	105	6	111	9	116	13	120	18	123	24	125	31	126	39	126	48	125	58	123	69	120	79	116	88	111	96	106	103	101	109	97	114	92	118	88	121	83	123	77	124	72	124	67	124	63	123	60	121	58	120	57	120	57	121	58	123	60	125	63	128	67	132	72	135	78	137	85	138	93	138	100	137	107	135	113	132	118	128	122	123	125	117	127	110	128	102	128	93	128	84	127	75	125	67	122	60	118	54	113	49	108	45	104	42	101	40	99	39	98	39	98	
91:
121	44.844	108	25	107	26	105	28	104	31	104	34	105	37	107	40	110	42	114	43	119	43	123	42	126	40	128	37	129	33	129	28	128	24	126	20	123	17	119	14	114	12	108	11	101	10	93	10	86	11	79	11	73	10	68	9	64	9	61	10	59	12	58	15	58	18	59	21	61	25	64	30	67	36	69	43	70	49	70	54	69	58	67	61	64	63	60	64	55	64	50	64	46	63	41	61	35	58	30	54	25	49	19	45	14	42	10	39	7	35	5	32	4	28	4	23	5	18	7	14	10	11	13	8	17	6	21	5	24	5	26	6	29	8	31	11	32	15	32	20	31	26	30	33	28	41	25	50	21	60	18	71	15	81	13	90	12	98	11	105	11	111	10	116	9	120	9	123	10	125	11	126	13	126	16	125	20	123	25	120	31	117	38	115	45	114	53	114	62	114	72	115	82	117	91	120	99	123	106	125	113	126	120	126	126	125	131	123	135	120	138	116	140	111	141	105	142	98	143	91	143	83	142	74	140	65	137	57	133	50	128	44	123	39	118	35	114	31	111	28	109	26	108	25	108	25	
92:
136	166.823	60	83	61	84	63	86	66	89	70	93	74	97	77	102	79	108	81	114	82	119	84	123	87	126	91	128	96	129	101	129	105	128	108	126	110	123	111	119	111	114	110	109	108	103	105	96	101	88	96	79	92	70	89	61	87	53	84	46	82	40	81	35	81	30	82	26	84	23	87	20	91	18	94	16	97	15	99	13	100	10	100	7	99	4	97	1	94	-1	90	-2	85	-2	79	-1	73	1	68	4	64	8	61	13	59	19	58	26	58	33	59	39	61	44	62	48	63	51	63	53	62	54	60	54	57	53	53	51	48	49	42	46	36	42	30	39	25	37	20	36	16	36	13	37	11	39	8	42	6	46	4	51	2	57	1	63	1	68	2	72	4	75	7	77	11	78	16	80	22	81	27	83	31	86	34	89	36	93	38	98	39	104	39	109	38	113	36	116	33	118	29	119	24	119	18	118	11	116	4	113	-4	109	-11	104	-17	98	-22	91	-26	83	-29	74	-31	64	-32	54	-32	44	-31	35	-30	27	-28	20	-25	14	-21	9	-16	5	-10	2	-4	0	1	-1	5	-1	8	0	10	2	13	5	17	9	22	14	28	20	35	27	42	35	48	44	53	52	57	59	60	65	62	70	63	74	63	77	62	80	61	82	60	83	60	83	
93:
134	149.022	0	104	-1	103	-2	101	-2	100	-1	100	1	101	4	103	8	105	12	106	17	106	22	105	28	104	33	103	37	103	40	104	42	106	43	109	43	113	42	117	40	120	37	122	34	123	32	123	31	122	31	120	31	117	32	113	33	108	33	102	32	95	30	88	27	81	23	75	20	69	16	64	13	60	11	57	9	55	7	54	4	54	2	55	1	57	1	58	2	58	4	57	7	55	9	52	11	48	14	43	18	37	23	32	29	28	34	25	38	22	41	19	43	17	44	14	44	10	43	5	41	1	38	-2	34	-4	29	-5	25	-6	20	-6	14	-6	9	-5	5	-3	2	-1	0	2	-1	6	-1	11	0	17	2	23	5	30	9	38	14	45	20	51	27	56	35	60	44	63	54	65	65	66	75	67	85	67	94	68	102	70	109	72	115	74	120	77	124	81	127	86	129	91	130	96	130	100	129	103	127	105	126	106	124	106	123	105	123	103	123	100	124	96	126	91	129	85	131	78	133	70	135	61	137	53	138	46	138	40	137	35	135	31	132	28	128	26	123	25	117	25	110	26	102	28	93	31	83	35	72	40	61	46	51	53	42	60	34	68	27	76	21	83	15	89	10	94	6	98	3	101	1	103	0	104	0	104	
94:
103	1.696	101	76	102	75	104	73	107	70	109	68	110	65	110	61	109	58	107	56	104	55	100	55	96	56	92	58	89	61	87	65	86	69	86	74	87	78	88	81	88	85	87	89	85	94	82	99	78	103	74	106	69	108	63	109	58	109	54	108	51	106	49	103	48	101	47	100	46	100	46	101	46	103	47	106	49	110	52	114	56	118	59	121	61	123	62	124	62	125	61	125	59	125	56	125	52	124	47	122	41	119	34	115	27	110	21	104	16	97	12	89	9	80	7	70	5	60	4	50	3	41	3	33	4	25	5	18	7	12	10	7	14	3	19	0	25	-2	32	-3	39	-3	45	-2	50	0	54	3	57	7	59	11	60	15	60	19	59	22	59	24	60	25	62	25	65	24	67	22	68	21	68	20	67	20	65	21	64	23	64	26	63	30	63	35	64	39	66	44	69	50	73	56	78	62	84	67	89	71	93	74	96	76	98	77	100	77	101	76	101	76	
95:
108	43.239	94	79	93	78	93	76	92	73	90	71	88	68	85	64	82	61	78	59	73	58	67	58	60	59	54	61	49	63	45	64	41	64	37	63	34	61	31	58	27	54	22	51	18	49	15	47	13	46	12	44	12	41	12	37	11	32	9	27	7	22	6	18	6	15	7	13	9	12	12	12	16	13	21	15	26	16	31	16	35	15	38	13	40	10	43	6	47	3	52	1	57	0	63	0	69	1	74	2	78	4	81	7	83	10	84	14	85	18	85	21	84	23	82	24	79	24	75	25	70	25	64	26	57	28	49	30	40	33	32	37	25	42	19	48	14	55	10	63	7	72	5	82	4	91	4	99	5	107	7	114	10	120	14	125	19	129	25	132	32	134	40	135	49	135	59	134	68	132	76	129	83	125	90	120	96	115	103	111	109	108	114	106	118	105	121	105	123	106	125	108	126	109	126	109	125	109	123	108	121	106	118	103	114	99	109	94	104	89	100	85	97	82	95	80	94	79	94	79	
96:
124	632.851	18	35	18	36	18	38	17	41	17	45	18	50	18	56	18	62	19	67	19	71	20	74	22	76	25	77	29	77	34	76	40	74	45	73	49	73	52	74	54	76	55	79	55	83	54	88	54	94	55	99	57	103	60	106	64	110	69	113	75	115	80	116	84	117	89	117	95	116	100	114	104	111	107	107	109	102	110	96	110	89	110	82	109	75	107	69	104	64	100	59	95	55	89	52	82	50	75	49	69	48	64	46	60	43	57	39	55	34	54	29	54	25	55	22	57	19	60	17	64	16	69	16	75	17	82	17	89	17	97	18	104	19	110	20	115	21	119	22	122	22	125	21	127	19	128	16	128	12	127	8	125	5	122	1	118	-2	113	-4	107	-5	100	-7	92	-8	83	-8	73	-7	62	-5	50	-2	39	2	29	7	20	13	12	20	5	28	-1	37	-6	47	-10	58	-13	69	-15	79	-16	88	-16	96	-15	103	-13	109	-10	114	-6	118	-1	121	5	123	12	124	18	124	23	123	29	121	34	118	38	114	41	109	43	103	44	96	44	88	43	80	42	71	40	63	37	56	33	50	28	45	24	41	21	38	19	36	18	35	18	35	
97:
114	17.426	43	32	44	31	46	29	49	27	53	26	57	26	62	26	67	25	71	23	74	20	76	16	77	11	77	7	76	4	75	1	73	-1	70	-2	66	-2	62	-1	58	1	55	4	51	8	46	12	41	17	37	23	34	28	32	32	30	35	27	37	23	38	18	38	13	37	9	35	6	32	3	28	1	23	0	18	0	14	1	11	3	9	6	8	10	8	15	9	20	11	25	14	29	18	32	23	34	29	35	36	35	44	34	53	32	61	29	68	25	74	20	79	14	83	9	86	5	88	2	90	0	93	-1	96	-1	99	0	102	2	105	5	107	9	108	14	108	20	107	26	105	31	102	36	98	40	93	44	87	47	80	50	73	53	67	57	62	62	57	67	53	72	50	78	48	83	47	87	47	90	48	92	50	94	53	96	57	97	62	97	68	97	75	96	82	95	88	95	93	95	97	96	100	97	102	97	103	96	103	96	102	96	100	95	97	93	93	90	88	86	82	82	75	77	68	71	60	64	53	58	47	53	42	49	38	46	35	44	33	43	32	43	32	
98:
135	4.402	11	77	12	76	14	74	17	72	21	71	26	71	31	72	35	74	38	77	41	80	43	83	44	85	44	86	45	86	45	85	46	83	46	80	47	76	49	71	52	65	56	60	61	55	66	50	70	45	73	39	75	34	76	30	76	25	75	21	73	18	70	15	66	13	61	12	55	10	48	8	42	7	37	7	33	8	28	9	24	10	21	10	19	9	18	7	18	4	19	2	21	1	24	1	28	0	33	0	39	1	46	2	54	4	63	6	73	9	82	12	90	14	97	15	103	15	108	16	112	18	115	21	117	24	118	28	118	32	117	37	116	42	114	46	111	49	107	51	104	52	102	53	101	55	101	56	102	58	103	60	103	63	102	67	100	71	97	76	93	82	88	89	82	95	75	100	69	104	62	107	55	109	49	110	44	110	39	110	35	110	32	111	30	111	29	110	29	108	30	107	32	105	35	102	39	98	44	95	50	93	57	91	65	88	74	86	83	83	92	80	100	76	107	73	113	69	118	65	122	61	125	58	127	56	128	54	128	53	127	53	125	54	122	54	118	53	113	51	107	50	100	50	92	51	83	52	75	54	66	57	56	59	47	62	39	64	32	66	26	69	21	72	17	74	14	75	12	76	11	77	11	77	
99:
123	212.422	125	20	125	21	124	22	122	24	119	27	115	30	112	34	110	39	109	44	109	48	110	51	112	53	115	54	118	54	121	53	123	52	124	52	124	52	123	51	121	49	118	46	115	44	111	43	106	41	100	38	95	34	91	30	88	27	86	23	85	18	83	13	80	9	76	6	71	4	65	3	59	3	54	4	50	6	47	9	43	13	40	16	36	18	32	19	27	20	21	21	16	21	12	20	9	18	7	15	6	12	6	10	7	9	9	9	12	10	15	12	19	15	22	19	24	24	25	30	25	37	24	43	22	48	20	52	17	55	13	58	9	60	6	61	4	61	3	60	3	58	4	57	6	55	9	52	13	50	18	49	24	49	30	50	35	52	39	55	42	58	44	62	45	67	45	73	44	80	42	88	39	95	35	101	30	106	24	110	19	113	15	115	12	117	10	119	9	122	9	126	10	129	12	131	15	133	19	136	24	138	30	139	37	139	45	138	53	136	62	133	72	129	82	124	91	118	99	111	106	103	113	94	119	84	124	74	128	65	131	56	133	48	134	41	134	35	133	30	131	26	128	23	126	21	125	20	125	20	