0:
89	3.581	67	29	68	30	70	31	72	31	74	30	76	28	77	25	77	21	76	16	75	11	73	7	70	4	66	2	61	1	57	1	52	2	47	4	42	7	38	11	35	16	33	20	32	24	30	29	29	33	29	36	29	38	30	39	31	39	31	38	30	37	28	35	25	32	21	28	18	25	15	23	11	22	8	22	6	23	3	25	1	28	0	32	0	37	1	43	1	50	2	58	3	66	5	74	8	81	12	88	16	94	21	99	27	103	32	106	38	109	45	111	53	112	61	112	68	111	74	109	79	106	83	102	86	97	88	91	89	84	89	76	89	67	88	58	88	50	89	43	91	37	94	32	98	28	102	25	105	23	107	22	108	21	108	20	107	19	105	17	102	16	98	16	93	17	87	19	82	20	77	21	73	23	70	26	68	28	67	29	67	29	
1:
86	17.829	49	20	48	19	46	17	45	16	44	16	42	17	39	19	36	22	32	26	29	31	26	37	22	44	19	52	17	59	14	65	12	70	11	75	11	79	12	82	14	84	17	85	21	85	26	84	32	82	38	79	45	75	51	72	57	69	62	66	67	64	71	62	74	61	76	61	77	62	77	64	77	66	77	69	78	73	80	76	83	78	86	79	90	81	93	84	95	88	96	92	96	97	95	101	93	104	90	106	86	107	83	107	81	106	79	104	78	101	78	97	78	92	79	86	81	79	84	71	87	62	91	52	94	43	96	35	97	28	97	22	97	17	97	13	97	10	96	8	94	7	93	7	92	8	92	9	91	11	90	14	88	18	85	21	81	23	76	24	70	24	64	23	59	21	55	20	52	19	50	19	49	20	49	20	
2:
106	174.389	32	105	33	105	35	106	38	106	42	107	45	108	49	108	52	107	54	105	55	102	55	98	55	93	56	88	58	84	61	80	65	77	70	75	76	74	81	73	86	73	90	74	93	75	95	77	97	80	98	84	98	88	99	92	100	96	102	99	104	101	106	102	109	102	111	101	112	99	113	96	113	92	112	87	110	81	107	74	103	67	98	61	92	55	85	50	79	46	74	43	69	41	65	38	62	34	60	30	59	25	59	21	59	18	58	16	56	14	53	13	49	13	44	14	38	14	31	15	24	15	18	15	13	15	9	15	6	16	4	18	3	21	3	24	4	28	6	31	9	33	13	34	18	34	23	33	28	33	34	34	39	36	43	38	46	40	48	41	49	43	49	46	48	50	46	55	43	60	39	64	34	67	28	69	21	70	15	72	10	75	6	79	3	83	1	88	0	94	0	99	1	103	3	106	6	108	10	109	14	109	19	110	23	110	26	109	29	107	31	106	32	105	32	105	
3:
105	19.363	71	33	70	34	70	36	71	38	73	39	76	39	79	38	83	36	88	35	93	35	97	36	100	38	102	41	103	45	103	50	103	55	102	60	100	64	97	67	93	69	88	71	82	74	75	78	69	83	64	88	60	92	57	95	55	97	54	99	54	100	53	100	51	99	48	97	45	94	43	90	40	85	38	79	36	73	34	67	33	62	31	58	30	55	30	52	31	50	33	49	35	49	38	50	40	52	41	54	41	55	40	55	38	54	35	53	31	52	26	50	21	49	17	49	14	50	12	52	11	54	11	57	12	61	13	66	14	72	14	78	14	83	13	87	11	90	8	92	6	93	5	93	3	92	0	90	-4	87	-7	83	-9	78	-10	72	-10	65	-9	57	-7	48	-4	40	0	33	5	26	11	19	17	13	24	8	32	4	39	1	47	-1	55	-3	62	-4	68	-4	73	-3	77	-1	80	2	82	4	83	7	83	11	83	16	82	21	80	25	77	28	74	30	72	32	71	33	71	33	
4:
97	27.989	3	8	2	9	1	10	1	11	2	12	4	12	7	11	11	9	14	7	16	5	17	3	17	1	16	0	14	0	11	1	9	3	6	6	4	10	3	15	3	20	3	25	3	29	4	32	4	34	5	35	7	35	10	35	13	34	17	34	22	35	26	37	29	40	31	44	34	49	37	55	41	61	46	66	51	71	57	75	64	78	72	80	79	83	85	86	91	88	96	89	100	89	103	88	105	86	106	83	106	79	105	74	103	68	100	61	98	53	97	46	97	39	98	33	100	27	103	22	105	17	106	13	106	10	105	8	103	7	100	7	96	8	91	9	85	11	78	14	70	18	61	23	52	29	44	36	37	44	31	51	25	57	20	62	16	66	13	69	10	71	8	72	5	72	1	71	-4	69	-8	66	-11	62	-13	57	-14	51	-14	44	-13	36	-12	29	-10	23	-7	18	-3	14	0	11	2	9	3	8	3	8	
5:
115	15.779	61	68	61	67	60	65	58	62	55	60	53	58	51	56	49	55	46	55	44	56	43	58	42	60	41	61	41	61	42	60	44	58	46	55	48	51	49	46	49	40	48	35	46	31	43	28	39	26	36	24	33	23	30	23	28	24	27	26	26	29	25	32	23	36	20	39	16	41	13	42	11	42	9	41	8	39	8	36	9	32	9	28	8	25	6	23	5	22	4	21	4	21	5	22	7	23	10	23	14	24	19	26	25	28	32	31	39	33	46	35	54	36	61	38	67	40	73	41	78	41	82	41	85	42	87	42	88	41	88	39	87	36	86	32	85	27	84	22	84	18	85	15	87	13	90	12	93	12	97	13	101	15	104	18	106	21	107	24	107	28	108	33	110	39	111	46	111	54	110	63	108	73	105	82	101	90	96	97	90	103	83	108	75	112	66	115	57	117	49	118	42	118	36	117	31	115	27	112	24	109	22	106	21	104	21	101	22	97	24	92	27	87	31	83	36	80	41	76	46	73	51	70	55	68	58	67	60	67	61	68	61	68	
6:
111	57.858	26	19	26	20	26	22	27	24	29	26	32	27	36	28	40	30	43	32	45	35	46	39	46	43	45	48	43	54	40	61	38	67	37	72	36	77	34	81	31	84	27	86	22	87	17	87	12	86	8	84	5	81	3	77	2	74	2	71	1	69	-1	68	-2	68	-2	69	-1	71	1	74	4	78	8	82	13	87	19	93	24	98	29	102	35	105	40	107	44	108	48	108	51	107	53	105	55	102	58	98	62	94	67	91	73	88	79	86	84	85	88	83	91	80	93	76	94	71	94	65	93	58	92	51	92	44	93	38	95	33	98	29	101	26	103	24	104	21	104	17	103	14	102	12	100	11	97	11	94	10	92	10	91	9	91	7	92	5	94	4	97	4	101	5	105	7	108	8	110	8	111	7	111	5	110	2	108	-2	105	-6	102	-9	98	-11	93	-12	87	-12	80	-11	72	-9	63	-7	54	-5	46	-4	39	-4	33	-5	28	-6	24	-6	21	-5	19	-3	18	0	18	4	19	9	21	13	23	16	25	18	26	19	26	19	
7:
111	48.95	97	97	96	96	94	95	92	93	89	90	85	88	81	87	76	87	72	87	69	87	67	86	66	84	66	81	67	77	69	72	72	66	76	61	80	55	84	48	87	41	89	33	90	26	90	20	91	14	93	9	96	5	98	1	99	-2	99	-4	98	-6	96	-7	93	-7	89	-6	84	-4	78	-1	73	3	68	7	64	11	61	15	59	19	58	23	57	26	55	28	52	30	49	31	47	31	46	32	46	34	47	37	49	41	51	46	52	51	52	57	51	64	49	70	46	75	42	79	37	82	33	84	28	85	23	85	19	84	16	82	14	79	13	76	13	72	14	69	16	67	17	66	18	66	18	67	17	69	16	71	14	72	11	72	7	71	4	69	2	66	1	62	1	58	2	53	4	47	7	40	9	32	10	25	10	19	9	14	7	10	4	7	2	5	1	4	1	4	2	5	4	7	7	10	11	14	16	19	22	25	29	32	37	40	46	49	55	58	63	66	70	73	76	79	82	84	87	88	91	91	94	94	96	96	97	97	97	97	
8:
117	0.341	37	98	38	97	40	95	42	94	43	92	43	89	42	85	40	81	37	78	33	76	30	75	26	75	22	76	18	78	15	81	13	85	11	88	9	91	8	94	8	96	8	97	8	97	9	96	11	94	14	91	18	87	22	82	25	76	27	69	28	63	28	58	29	54	30	51	31	49	33	48	36	48	39	49	41	51	42	54	43	56	45	57	48	57	51	56	55	54	59	51	62	47	66	42	70	38	73	35	75	33	76	32	76	32	75	33	74	35	73	38	73	42	74	47	75	53	75	59	76	64	78	68	81	71	85	73	90	74	96	74	101	73	105	71	108	68	111	64	115	59	118	53	120	46	121	38	121	30	120	23	118	17	116	12	113	8	109	5	105	3	100	2	94	2	87	3	79	5	70	8	60	12	51	15	43	17	35	18	28	18	22	17	17	15	13	12	10	8	8	5	5	3	3	2	2	2	1	3	-1	5	-2	8	-3	12	-3	17	-2	23	0	30	2	38	3	47	5	55	8	62	12	70	17	77	22	83	27	88	31	92	34	95	36	97	37	98	37	98	
9:
109	17.467	33	52	33	51	32	49	30	47	27	46	25	46	24	47	24	49	25	52	27	55	30	58	34	61	37	63	39	65	40	66	40	67	39	69	37	71	35	73	34	76	34	79	35	81	37	82	40	82	43	83	45	84	46	85	46	87	45	88	43	89	40	91	36	94	32	98	27	102	21	105	15	107	10	108	5	108	1	107	-2	105	-4	102	-6	98	-7	93	-7	87	-6	80	-4	72	-1	63	2	54	6	46	9	38	12	31	15	25	19	20	23	16	28	13	32	11	37	10	43	10	49	11	54	13	58	16	62	20	65	24	67	28	68	31	70	33	73	34	75	34	76	33	78	31	80	28	83	24	86	20	88	17	89	15	89	13	88	12	88	12	89	13	91	15	94	18	96	22	99	26	101	31	104	37	106	43	107	50	107	58	106	66	104	73	101	79	97	84	92	88	86	91	79	93	71	94	64	94	58	93	53	91	49	88	45	84	42	79	40	73	38	67	35	62	33	58	32	55	32	53	33	52	33	52	
10:
108	1.592	14	66	14	65	13	63	12	60	12	56	13	52	13	47	14	43	15	39	17	36	20	34	24	33	29	33	33	34	36	36	38	39	39	43	39	48	39	53	38	59	36	66	33	72	30	77	28	81	27	84	27	86	28	88	30	90	33	91	35	93	38	96	42	98	47	99	51	99	54	98	56	96	58	93	59	89	60	85	61	82	63	79	66	77	70	76	75	76	79	77	82	79	84	82	85	86	85	91	86	95	88	98	90	100	93	101	96	101	99	100	101	98	102	95	103	91	103	86	102	80	102	73	102	65	101	58	99	52	96	47	92	43	87	40	81	38	76	37	71	37	67	38	64	40	61	43	58	47	56	50	55	52	55	53	56	53	58	52	61	50	65	47	70	43	75	38	79	32	82	27	84	21	87	16	89	12	90	8	90	5	89	3	87	2	84	2	80	3	75	5	69	8	62	12	54	17	46	23	39	30	33	38	28	45	24	51	20	56	17	60	15	63	14	65	14	66	14	66	
11:
112	48.569	23	56	24	55	26	54	29	52	32	51	34	50	35	48	35	45	34	42	32	40	29	38	25	37	22	35	20	32	19	30	19	29	20	29	22	28	25	27	29	25	32	22	35	19	37	16	38	13	38	11	37	8	35	6	34	5	34	3	35	2	37	2	40	3	43	5	45	7	46	10	46	14	47	17	49	19	52	20	56	20	61	19	67	18	74	16	81	15	87	14	92	14	96	15	99	17	101	20	102	24	102	29	101	35	99	42	96	49	92	57	88	65	85	74	83	82	82	89	81	95	81	100	82	104	84	107	87	109	91	110	95	110	98	110	100	109	101	107	101	104	100	101	98	98	95	96	91	94	86	91	80	89	74	87	67	85	59	84	51	82	44	79	37	77	31	76	25	75	20	75	16	76	13	78	10	79	7	79	5	78	4	76	4	75	3	75	2	76	2	78	3	81	5	84	8	87	11	89	15	90	20	90	24	89	27	87	29	84	31	80	32	75	32	70	31	66	29	62	26	59	24	57	23	56	23	56	
12:
119	65.362	50	88	51	89	53	89	56	88	60	86	63	84	65	81	66	77	66	74	65	72	64	70	62	69	59	69	55	69	50	70	44	72	39	73	35	73	32	72	30	70	29	67	29	63	30	58	31	53	31	47	30	42	28	38	25	35	21	33	18	32	15	32	13	33	12	35	12	38	13	42	15	45	18	47	22	48	27	48	33	48	38	47	42	45	45	42	47	38	48	33	50	29	52	26	55	24	59	23	64	23	70	22	76	20	82	17	89	13	95	9	100	6	104	4	107	3	110	3	114	4	117	5	121	7	124	10	126	14	127	19	127	25	128	32	128	40	127	49	125	59	122	68	118	76	113	83	107	89	102	94	97	98	93	101	89	103	85	104	81	104	78	103	76	101	73	98	70	94	68	90	67	85	67	79	67	72	66	64	64	55	61	45	57	36	52	28	46	21	39	15	32	10	24	6	17	3	11	1	6	0	2	0	-1	1	-3	3	-4	6	-4	10	-3	15	-1	21	2	28	6	36	11	45	17	53	24	60	30	67	35	73	40	78	44	82	47	85	49	87	50	88	50	88	
13:
108	52.524	48	90	49	89	49	87	50	84	52	82	53	81	54	81	56	82	59	84	63	87	67	90	72	92	76	94	79	95	83	95	87	94	90	92	92	89	93	85	93	80	92	74	90	68	87	62	83	57	80	53	78	50	77	48	76	47	76	46	77	44	79	41	81	37	82	33	82	29	81	26	79	24	76	23	72	23	67	22	61	20	56	17	52	15	48	13	45	12	43	12	41	13	39	15	36	17	32	19	27	20	22	21	18	23	15	26	13	30	11	35	10	41	10	46	11	51	13	55	16	60	19	66	23	73	28	81	34	88	41	94	49	99	58	103	68	106	79	108	89	109	98	109	107	108	116	106	124	103	132	99	139	94	145	88	150	81	154	73	157	64	159	54	160	45	160	37	159	30	157	24	154	19	150	15	145	12	139	10	132	9	124	9	116	10	108	12	99	15	91	19	84	24	78	30	73	37	69	45	66	54	64	62	63	69	61	75	58	80	54	84	51	87	49	89	48	90	48	90	
14:
94	34.201	85	16	84	15	82	13	79	12	75	12	70	12	64	13	59	15	55	18	52	21	50	25	49	30	49	34	49	37	48	39	46	40	43	40	40	39	38	37	37	34	37	30	37	27	36	23	34	20	31	18	27	17	22	17	18	16	14	14	11	11	9	9	7	8	6	8	5	9	4	11	4	14	4	18	3	23	3	29	4	36	4	44	5	53	5	62	5	70	4	78	2	85	1	91	1	96	1	100	2	103	3	105	5	106	7	106	10	105	14	103	18	100	21	98	24	97	26	97	27	98	29	100	30	103	31	106	32	108	34	109	37	109	41	108	46	106	52	103	57	99	61	94	65	89	68	83	70	76	72	68	73	61	74	55	76	50	78	46	81	43	85	41	90	40	94	39	97	39	99	38	100	36	100	33	99	31	97	29	94	26	91	22	88	19	86	17	85	16	85	16	
15:
112	152.792	57	61	56	61	54	60	52	59	49	58	46	56	44	53	43	50	43	46	44	41	46	36	48	30	50	24	51	19	51	15	50	12	48	10	46	9	44	9	43	10	43	12	44	14	46	16	49	18	53	19	57	19	62	18	68	16	73	15	79	15	84	16	88	18	91	19	95	19	99	18	102	16	104	13	105	9	105	6	105	3	105	1	104	0	102	0	100	1	98	3	95	6	91	10	87	15	84	21	82	28	81	36	80	45	80	54	80	63	81	71	83	79	85	86	87	92	88	97	88	101	87	105	85	108	82	110	79	111	75	112	70	112	64	111	57	109	50	106	43	102	37	98	32	95	28	93	25	92	23	92	21	93	20	95	19	97	19	100	20	102	22	104	23	105	24	105	25	104	25	102	24	99	23	95	21	90	18	84	15	78	13	73	10	69	6	66	3	64	1	63	0	63	0	64	1	64	3	64	6	65	10	65	14	66	19	66	25	65	32	63	38	61	43	60	47	60	51	59	54	59	56	60	57	61	57	61	
16:
114	19.174	87	45	86	45	84	45	81	44	77	42	74	39	72	36	70	33	67	31	63	30	59	30	56	31	54	33	52	35	51	36	51	36	52	35	53	33	53	30	52	26	50	22	47	19	43	17	38	16	32	16	26	17	20	19	15	22	11	26	8	31	6	36	5	42	5	49	5	55	6	60	8	64	11	67	15	69	19	70	24	70	29	69	35	67	42	65	48	64	53	64	57	65	60	67	62	69	63	72	63	74	62	75	61	75	61	74	62	72	63	69	65	66	68	64	72	63	77	63	81	64	86	66	91	69	95	73	98	78	101	84	103	90	104	95	104	99	103	102	101	104	98	106	94	107	89	107	83	106	76	106	70	105	65	105	61	106	58	108	56	109	55	109	55	108	56	106	58	103	61	99	65	94	70	88	76	81	83	73	89	64	95	54	100	45	104	37	107	30	109	24	110	18	110	13	109	9	107	6	104	4	100	3	97	3	93	4	88	6	84	9	81	13	79	18	78	24	78	30	79	35	81	39	84	42	86	44	87	45	87	45	
17:
118	26.686	1	12	2	13	4	15	7	17	11	20	16	22	22	24	27	27	31	31	35	34	38	36	40	37	41	39	41	42	40	44	38	46	37	47	37	47	38	46	40	44	43	42	47	41	51	41	56	42	60	44	63	47	65	49	66	52	66	56	65	60	64	65	62	69	61	72	61	75	62	77	64	78	67	80	70	82	72	83	74	83	75	83	75	83	74	83	72	84	69	86	67	89	66	93	65	97	65	100	66	102	68	103	71	104	75	104	80	103	84	101	89	98	93	94	96	89	98	84	99	80	99	77	98	75	96	74	93	74	89	75	84	76	78	78	71	79	63	79	56	78	49	77	43	75	38	72	34	69	30	67	27	66	24	66	21	67	17	69	14	72	12	76	11	81	11	86	12	91	14	96	17	100	21	103	26	105	32	106	39	106	47	105	54	103	61	100	67	96	72	91	76	85	79	78	81	70	82	61	82	51	81	42	79	34	77	27	74	21	70	15	65	10	59	6	52	3	45	1	37	0	29	0	22	0	16	1	11	3	7	6	4	9	2	11	1	12	1	12	
18:
103	68.772	35	96	36	97	38	99	39	102	39	105	38	107	36	108	33	108	29	108	25	107	21	105	18	102	16	98	15	93	15	87	16	82	16	77	15	73	13	70	10	68	6	66	3	65	1	65	0	65	0	66	1	68	3	70	6	71	10	72	15	72	21	71	27	69	32	66	36	62	39	58	42	54	45	51	49	49	54	48	60	48	66	49	71	49	75	49	78	50	80	52	81	55	81	59	80	63	78	67	76	70	73	72	69	73	66	73	62	73	59	74	57	76	56	79	56	83	57	88	59	92	62	95	66	98	71	100	76	101	82	101	88	100	93	98	97	95	100	91	102	86	103	80	103	73	102	65	102	56	103	48	103	40	102	33	100	27	97	21	93	16	88	12	82	9	77	7	73	6	69	6	66	7	63	9	60	12	56	16	51	21	45	27	40	34	36	42	32	51	29	60	27	68	26	75	26	81	27	86	29	90	32	93	34	95	35	96	35	96	
19:
109	100.916	40	47	41	47	43	47	45	48	48	48	52	47	57	45	61	42	64	38	66	33	67	27	67	22	66	18	64	15	61	12	57	10	54	9	51	9	49	10	48	12	46	14	43	17	39	20	34	22	28	23	22	25	16	28	11	30	7	31	4	33	2	36	1	40	1	45	2	49	4	53	7	56	11	58	16	59	22	59	29	59	37	58	44	58	50	59	57	60	63	61	68	63	72	66	75	70	77	74	78	79	78	83	78	87	78	91	78	94	77	96	77	97	77	97	78	96	80	94	83	92	87	91	91	91	95	92	98	94	100	97	101	100	101	102	102	103	103	103	105	102	108	100	111	97	113	93	116	88	118	82	119	75	119	69	118	64	116	60	113	57	109	55	105	54	102	54	100	55	99	57	99	60	99	64	98	69	96	75	93	81	89	86	84	90	78	93	71	95	64	96	58	96	52	95	46	93	41	90	37	86	34	81	32	75	31	68	31	62	32	57	34	53	37	50	39	48	40	47	40	47	
20:
101	23.928	89	46	88	46	86	47	85	49	83	52	81	56	79	61	76	65	72	69	68	72	65	74	63	75	62	76	62	76	63	75	63	73	62	70	60	66	57	61	53	56	48	51	43	47	39	43	36	40	34	37	33	33	33	30	34	28	36	26	39	23	43	21	47	20	50	20	53	19	55	17	57	14	58	10	59	7	59	4	58	2	56	1	53	1	49	2	45	4	42	6	39	7	35	7	32	8	30	10	27	12	24	14	22	16	19	17	16	17	13	16	11	14	10	12	8	11	7	11	7	12	8	14	9	17	11	21	14	26	16	31	17	37	17	44	17	52	18	60	20	69	21	77	21	84	22	90	24	95	27	99	31	102	34	104	38	105	43	105	49	104	56	102	63	99	71	95	79	90	86	84	92	77	97	69	101	62	104	56	106	51	107	47	107	43	106	40	104	38	101	37	97	37	94	38	92	40	90	43	89	45	89	46	89	46	
21:
114	21.81	27	53	28	53	29	53	31	53	34	53	38	54	42	56	45	59	47	63	48	68	48	72	47	75	45	77	42	78	38	79	33	79	29	78	24	76	20	75	17	75	15	76	13	78	10	81	8	85	7	89	7	93	8	96	10	98	12	99	15	99	19	98	24	96	28	93	33	89	39	84	45	78	50	71	54	65	59	59	65	53	70	48	74	44	78	41	81	39	83	38	84	36	84	34	83	31	81	27	78	23	76	20	75	16	75	12	76	9	78	7	81	6	85	6	90	7	95	9	99	12	102	16	104	21	105	27	105	32	104	37	103	41	101	44	99	46	96	47	92	49	89	52	87	56	86	61	86	67	87	74	89	81	90	87	90	92	90	96	91	99	93	101	95	102	96	102	96	101	95	99	93	96	90	92	87	87	83	81	78	74	74	66	69	57	63	48	56	40	48	33	41	27	34	22	28	18	23	15	19	13	16	12	13	12	10	13	8	15	7	18	7	22	8	27	10	32	13	38	17	43	21	47	24	50	26	52	27	53	27	53	
22:
85	5.931	37	84	38	85	39	87	41	90	44	94	48	97	53	100	59	102	66	103	74	103	81	102	87	102	92	101	96	99	99	96	101	92	102	87	103	83	103	79	102	76	100	74	97	73	94	73	92	72	90	70	87	67	83	63	78	58	72	52	67	47	63	43	60	40	58	38	57	37	57	37	56	38	54	38	52	37	51	35	51	32	51	30	51	28	51	27	51	27	50	28	48	30	45	32	42	34	38	35	33	35	29	34	25	32	22	29	20	25	19	20	19	16	20	13	22	11	25	10	28	10	30	11	32	12	34	12	37	11	41	9	46	7	52	6	58	6	63	7	67	9	70	12	72	16	73	21	73	27	72	34	70	42	67	50	63	57	58	63	52	69	47	74	43	78	40	81	38	83	37	84	37	84	
23:
109	123.301	64	57	65	58	67	60	68	63	70	67	73	72	75	78	76	83	76	88	76	92	75	95	73	97	70	98	66	98	62	98	57	97	52	95	48	92	45	88	43	83	42	77	42	70	42	63	41	57	40	52	38	48	35	45	33	43	30	42	27	41	24	41	22	42	21	44	21	46	22	47	23	47	25	46	28	44	32	41	36	37	40	34	45	32	51	31	56	31	60	32	63	32	65	31	67	29	68	26	68	22	67	17	65	13	62	10	58	8	53	7	47	7	40	7	34	8	29	9	25	11	22	12	20	12	19	11	19	9	20	6	22	2	25	-2	29	-5	34	-7	40	-8	47	-8	55	-9	64	-9	72	-8	79	-6	85	-3	90	1	94	6	97	12	99	19	100	27	100	36	99	45	97	53	95	62	94	71	94	79	95	86	97	92	100	97	103	101	105	104	106	106	107	107	108	107	108	106	107	105	105	103	103	100	100	96	96	91	91	85	85	78	79	72	74	67	70	63	67	60	65	58	64	57	64	57	
24:
106	38.863	61	80	60	79	58	77	55	74	51	71	46	69	41	68	37	68	33	68	30	69	28	69	27	68	27	66	28	63	29	59	31	54	33	48	34	41	34	35	35	30	37	26	39	23	42	21	46	20	51	20	55	21	58	23	61	26	63	29	64	32	64	35	63	39	62	42	60	44	59	45	59	45	60	44	62	42	65	40	69	39	74	38	80	38	85	39	89	41	92	44	94	48	95	52	95	55	94	57	93	58	93	58	94	57	96	55	99	53	103	51	106	48	108	44	109	39	109	34	108	28	107	23	105	19	102	16	98	14	95	12	91	11	88	11	86	10	85	9	85	7	86	6	88	6	91	5	94	3	96	1	97	-1	97	-2	96	-2	96	-1	96	1	95	4	93	8	90	13	88	19	87	26	87	34	88	43	90	52	93	61	97	69	100	76	102	82	103	87	103	91	102	94	100	96	97	97	93	97	88	96	82	94	76	91	71	87	67	84	64	82	62	81	61	80	61	80	
25:
94	8.151	16	10	16	9	16	7	17	5	19	4	22	4	24	5	25	7	25	10	25	13	24	17	22	22	19	28	15	33	12	37	10	40	9	44	9	48	10	53	12	58	15	62	19	65	24	67	30	68	37	68	44	67	51	65	57	62	62	58	67	53	73	49	80	45	87	42	93	40	99	39	104	38	108	38	111	39	113	41	114	44	114	48	113	53	111	59	109	66	107	72	106	77	104	81	101	84	97	87	92	89	87	90	83	92	80	95	77	99	74	102	70	104	65	105	59	105	53	104	46	102	39	99	33	97	28	96	24	96	21	97	19	99	17	101	16	103	16	104	17	104	19	103	22	101	26	98	31	94	37	89	43	83	48	76	52	68	55	61	57	53	58	44	58	36	57	29	55	23	52	18	48	14	43	11	37	9	31	7	26	6	22	6	19	7	17	9	16	10	16	10	
26:
110	30.507	25	87	25	86	24	84	23	81	21	78	20	76	18	75	16	74	13	74	9	75	6	77	4	80	3	84	2	89	2	93	3	96	5	98	8	99	12	99	17	98	23	96	29	93	35	89	40	86	44	84	48	83	51	83	53	84	54	86	56	89	58	93	60	98	63	102	67	105	72	107	78	108	84	108	89	107	93	105	96	102	98	98	99	93	99	87	99	81	98	75	98	70	97	66	95	63	92	61	88	60	83	60	77	60	72	59	68	57	65	55	62	52	60	49	57	47	54	46	50	46	45	47	39	48	33	50	27	52	21	53	16	53	12	52	9	50	7	47	6	43	6	38	7	34	9	31	12	29	16	27	21	25	27	22	34	19	42	17	51	16	61	16	70	17	78	19	85	22	91	24	97	25	102	25	106	25	109	24	111	22	112	19	112	17	111	16	109	16	106	17	102	19	97	22	91	26	85	31	78	37	70	44	61	52	53	59	46	66	40	72	35	77	31	81	28	84	26	86	25	87	25	87	
27:
110	88.908	9	59	9	58	10	56	11	53	13	50	15	48	18	47	20	47	21	48	23	50	25	53	26	56	26	60	25	65	24	70	22	74	19	77	17	80	16	82	16	84	17	85	18	86	20	86	23	85	27	84	31	82	36	80	41	79	45	79	48	80	51	82	53	85	56	89	60	93	65	96	71	98	77	100	82	101	86	101	90	102	93	104	95	106	98	107	101	107	103	106	104	104	104	101	104	97	103	92	101	86	98	80	94	73	89	66	83	60	78	55	73	50	68	46	64	43	61	41	59	40	56	40	53	41	50	43	48	45	47	48	47	50	48	51	49	51	49	50	50	48	52	45	54	41	57	36	61	30	66	24	70	19	74	15	77	12	79	10	81	9	82	9	82	10	83	12	85	15	88	19	92	22	96	24	99	25	101	26	102	27	102	29	101	32	99	36	96	40	92	45	88	51	83	57	77	62	70	66	62	69	53	71	45	72	37	72	30	71	24	69	19	66	15	63	12	61	10	60	9	59	9	59	
28:
104	11.923	40	100	40	99	40	97	40	94	39	90	37	85	34	81	30	77	26	74	23	72	21	71	20	70	20	70	21	70	23	69	26	67	29	64	33	62	38	60	43	57	47	54	50	51	52	49	54	48	55	48	55	49	54	51	52	54	51	58	51	62	52	65	54	68	57	71	61	73	66	75	72	76	78	78	83	81	89	85	94	90	98	94	102	97	105	99	107	100	109	100	111	99	114	97	116	94	117	90	117	85	116	79	114	72	111	64	107	55	102	47	98	40	94	34	91	27	89	21	88	16	88	12	89	9	91	7	94	5	98	4	101	4	103	5	104	7	104	8	103	8	101	7	98	5	94	3	89	2	83	2	76	3	68	5	59	8	50	11	40	13	31	16	23	20	16	24	10	29	5	35	1	42	-2	48	-4	54	-5	61	-5	68	-4	75	-2	81	1	86	3	90	6	93	10	95	15	97	21	99	26	101	30	102	34	102	37	101	39	100	40	100	40	100	
29:
93	10.483	94	56	93	57	91	59	88	61	84	63	79	64	73	64	66	64	58	63	51	61	45	58	40	56	36	55	33	55	30	56	28	58	27	61	27	63	28	65	28	66	27	66	25	65	22	64	19	64	17	64	16	65	16	67	15	70	15	74	16	78	18	83	19	87	19	90	18	92	16	93	13	94	9	94	6	94	3	93	1	91	0	88	0	84	1	79	3	73	4	66	5	59	5	53	4	48	3	44	2	41	2	39	3	38	3	36	2	33	2	30	1	27	1	25	1	24	0	24	0	24	1	24	3	25	6	27	10	30	15	34	20	38	26	43	32	49	39	56	45	64	50	72	54	79	57	85	59	90	60	95	60	99	61	102	63	104	66	105	70	105	74	104	77	102	79	99	80	95	82	90	84	84	86	77	89	71	91	66	92	62	93	59	94	57	94	56	94	56	
30:
97	25.103	76	3	75	4	73	6	70	8	66	10	61	11	56	11	50	10	45	8	40	6	36	5	33	5	31	6	30	8	30	11	31	13	31	15	30	16	28	16	25	15	21	15	18	15	16	16	15	18	15	20	16	22	16	25	17	27	18	28	19	28	19	27	18	25	16	22	13	19	9	17	5	16	2	16	0	17	-1	19	-2	22	-2	26	-1	31	0	37	1	43	1	50	2	57	2	65	1	72	1	78	1	83	2	88	4	92	7	95	11	97	16	99	22	100	29	100	37	99	45	97	53	94	62	91	70	87	77	84	83	82	88	81	92	80	95	80	97	81	98	81	98	80	97	78	95	76	94	73	94	69	93	64	93	60	94	57	95	55	97	54	99	53	101	51	103	48	106	44	108	39	109	33	109	28	108	24	106	20	103	17	99	13	95	10	91	8	86	7	82	5	79	4	77	4	76	3	76	3	
31:
104	9.889	10	44	11	45	13	46	16	46	19	45	22	43	24	40	25	36	25	33	24	31	24	30	25	29	27	29	30	30	34	32	38	35	41	38	43	40	44	41	45	43	45	45	44	48	42	51	40	55	37	60	34	64	30	67	26	69	23	70	20	71	16	71	13	71	11	72	10	74	10	77	11	81	13	86	16	92	20	97	25	101	31	104	38	106	45	107	51	107	57	106	64	104	71	101	77	97	82	94	88	90	93	87	97	85	100	84	102	82	104	79	105	75	105	70	104	66	102	61	100	55	97	50	93	46	89	43	86	41	84	40	83	38	83	36	84	33	86	31	89	30	93	30	98	31	102	33	105	35	107	36	108	36	108	35	107	33	105	30	102	26	98	21	93	15	87	9	80	3	72	-2	63	-6	53	-9	43	-11	34	-12	26	-12	19	-11	13	-9	8	-6	4	-2	1	3	-1	9	-2	16	-2	23	-1	29	1	34	4	38	7	41	9	43	10	44	10	44	
32:
111	20.842	43	61	42	62	40	64	37	65	34	67	30	68	26	68	23	68	20	67	16	65	13	62	11	58	10	53	10	49	11	45	13	42	16	40	20	39	25	39	30	40	34	42	37	43	39	43	40	42	40	40	40	37	40	33	41	28	42	22	44	17	47	13	51	9	54	6	56	4	57	2	57	-1	56	-4	54	-6	51	-7	47	-7	42	-7	36	-6	31	-4	25	-2	20	0	16	1	13	1	11	0	10	0	10	1	11	3	13	6	16	10	20	15	25	20	31	26	37	33	44	41	52	48	60	54	69	59	77	63	84	67	90	70	95	72	100	73	104	73	108	72	111	70	113	67	114	63	114	58	114	52	115	47	115	43	114	39	112	36	109	34	105	33	100	33	94	34	87	36	79	39	70	43	61	48	53	54	46	61	40	69	35	77	31	84	27	90	24	95	22	99	21	102	21	105	22	107	23	108	25	108	26	107	26	105	27	102	29	98	32	93	36	88	39	82	41	76	42	71	42	67	42	64	42	62	43	61	43	61	
33:
106	23.926	32	0	33	0	35	-1	38	-1	40	0	41	2	41	5	40	8	38	10	35	11	31	11	28	11	24	10	19	9	15	8	12	7	10	7	9	8	9	10	10	11	12	11	15	11	19	10	24	9	30	8	37	8	44	9	51	11	57	14	63	16	68	18	72	21	75	25	77	29	78	32	79	35	79	39	78	43	77	46	77	50	78	55	80	59	81	62	81	64	80	65	80	65	81	64	83	62	84	59	86	57	89	56	93	56	97	57	102	59	106	62	109	66	111	70	112	75	112	80	111	84	109	87	106	89	102	90	97	90	93	89	90	87	87	84	85	80	84	75	84	69	84	62	83	56	81	51	78	47	74	44	69	42	63	41	56	40	48	40	41	41	35	43	30	46	26	50	23	55	21	59	20	62	19	65	18	67	16	68	13	68	10	67	7	65	5	62	4	58	4	53	5	47	7	40	10	34	12	27	15	21	18	15	22	10	26	6	29	3	31	1	32	0	32	0	
34:
94	37.107	78	11	79	12	80	14	81	17	83	21	86	24	90	26	95	27	100	27	104	27	107	28	109	30	110	33	110	36	109	39	107	43	104	47	100	51	95	54	91	56	86	57	81	57	77	56	74	54	72	51	71	48	71	45	71	43	70	42	68	42	65	43	63	45	60	48	57	51	55	54	54	57	52	59	49	60	45	60	40	59	34	57	29	55	25	54	22	54	20	55	18	57	17	60	16	64	16	69	17	75	19	80	21	84	24	87	28	89	33	90	39	90	46	89	54	88	62	87	70	85	77	84	83	84	88	85	93	85	97	84	100	82	102	79	103	76	103	72	102	67	100	62	97	58	93	53	88	47	82	41	76	36	70	32	64	29	59	27	55	24	52	20	50	15	49	10	49	6	50	3	52	1	55	0	59	0	63	1	68	3	72	5	75	8	77	10	78	11	78	11	
35:
109	112.816	72	74	73	74	75	74	78	75	82	77	87	78	93	78	98	77	102	75	105	72	107	70	108	67	108	65	107	64	105	62	103	59	100	55	96	51	91	46	85	41	79	35	74	29	70	23	67	18	65	13	64	9	64	6	65	4	65	3	64	3	62	4	59	6	55	9	50	13	46	18	42	23	38	27	33	30	29	32	26	33	24	33	23	32	23	30	22	27	22	23	21	20	19	18	17	17	14	17	10	18	6	20	3	23	1	27	0	31	-1	36	-1	40	0	45	2	49	5	52	9	54	14	55	20	55	25	54	29	54	32	54	34	55	35	57	35	60	34	64	32	69	29	75	25	81	22	86	20	90	17	93	15	95	14	96	14	97	15	97	17	97	20	98	24	99	29	99	35	100	42	101	50	101	59	100	68	98	76	97	83	96	89	96	94	97	98	99	101	101	104	102	106	102	107	101	107	99	106	96	104	93	101	90	97	88	92	85	87	81	82	78	78	76	75	75	73	74	72	74	72	74	
36:
102	12.719	3	82	4	82	6	83	8	84	9	85	9	87	8	89	6	91	4	94	2	97	1	101	1	106	2	110	4	113	7	115	11	116	16	116	21	115	26	113	30	110	33	107	35	104	36	100	36	97	35	94	34	91	32	89	30	88	29	86	29	83	30	80	32	77	35	75	39	74	43	74	48	75	52	77	55	80	57	84	58	88	58	92	58	97	59	101	60	104	62	106	65	107	69	107	74	106	78	104	81	101	83	97	85	92	88	86	92	79	96	71	99	63	101	56	102	50	102	45	101	41	99	38	96	35	92	33	87	32	81	32	76	33	72	35	69	38	67	41	65	43	64	44	64	44	65	43	67	41	68	38	68	34	67	29	65	24	62	20	58	16	53	13	47	10	41	8	35	7	30	7	25	8	19	10	14	13	10	17	7	22	5	27	4	33	4	39	4	46	5	54	5	61	4	67	2	72	1	76	1	79	2	81	3	82	3	82	
37:
108	29.941	38	7	37	6	35	5	32	4	28	2	23	1	18	1	13	2	9	4	6	7	4	9	3	12	3	16	4	20	6	24	9	29	13	35	17	40	20	44	22	47	23	49	23	51	22	53	20	54	17	54	14	54	11	54	9	55	8	57	8	60	8	63	9	67	11	72	14	76	16	79	17	81	17	82	16	82	14	81	13	79	13	76	14	72	16	67	19	61	23	54	27	48	32	43	38	39	44	36	50	34	55	33	59	32	62	32	65	33	67	35	68	38	69	40	69	41	69	41	69	40	68	38	68	35	69	31	71	26	74	22	77	18	81	14	84	10	88	7	91	5	95	4	98	4	100	5	101	7	103	10	106	14	108	18	109	23	109	29	108	36	108	44	109	52	111	60	112	67	112	73	112	78	111	82	109	85	106	87	104	88	103	88	102	87	101	85	99	82	96	78	92	73	87	67	81	60	74	52	66	43	59	35	53	28	48	22	44	17	41	13	39	10	38	8	38	7	38	7	
38:
89	3.626	18	21	17	20	17	18	18	15	19	12	21	9	24	7	28	6	31	6	33	7	36	9	40	11	45	12	50	12	56	11	63	11	71	12	78	14	85	17	91	20	96	22	100	23	103	23	105	22	106	22	106	22	105	23	103	23	100	23	96	23	91	24	86	25	80	27	74	30	69	34	65	39	62	45	60	51	59	57	59	62	60	66	62	69	65	71	69	72	74	74	78	77	83	80	88	82	92	84	95	87	97	91	98	94	98	96	97	99	95	102	92	104	88	105	83	105	77	104	70	102	62	100	55	98	47	96	40	95	34	95	29	94	25	94	22	93	20	91	19	88	19	84	20	79	22	73	23	67	23	62	22	58	20	55	17	52	14	48	12	44	11	41	11	37	12	34	14	32	15	29	15	26	16	24	17	22	18	21	18	21	
39:
100	7.004	82	86	81	85	79	83	77	80	74	78	71	77	69	77	68	78	68	80	67	83	65	86	62	90	59	95	56	100	54	104	53	107	53	110	54	113	56	115	59	116	62	116	66	116	71	115	77	113	84	110	90	106	95	101	99	95	102	88	104	80	105	71	105	63	105	56	104	50	102	45	99	41	95	38	90	36	84	35	77	35	69	36	60	37	52	38	45	40	39	43	34	47	30	51	27	55	25	58	24	60	22	61	20	61	17	60	13	58	10	55	8	51	7	46	6	40	6	35	7	31	9	28	12	26	15	25	18	25	20	26	22	28	24	30	27	31	29	32	30	32	32	31	33	29	33	27	32	24	30	20	27	17	23	15	19	14	15	14	12	14	10	15	9	16	9	18	10	21	12	25	15	30	19	36	24	43	30	51	37	59	45	66	53	72	60	77	66	81	71	84	75	86	78	87	80	87	81	87	82	86	82	86	
40:
103	25.376	95	44	96	45	98	47	101	48	104	48	107	47	109	45	110	42	110	38	109	34	107	31	104	29	100	28	95	27	89	27	82	26	74	24	67	22	60	21	54	21	49	22	45	22	42	23	40	24	39	25	39	26	40	26	41	26	43	27	45	29	46	32	46	36	45	41	43	46	41	50	40	53	40	55	41	56	43	56	44	55	44	53	43	52	41	52	38	53	34	55	29	58	25	62	21	67	17	71	14	74	11	76	8	77	5	77	3	76	2	74	2	71	3	67	5	62	8	56	12	50	17	45	21	39	25	33	28	28	30	22	31	17	31	13	30	10	29	8	28	7	26	7	25	8	25	10	26	13	28	17	31	22	35	28	40	35	46	43	51	50	55	58	58	65	60	71	61	76	61	81	61	85	60	88	58	90	56	91	55	91	55	90	56	88	58	85	61	81	65	76	70	71	76	65	81	59	85	54	89	50	92	47	94	45	95	44	95	44	
41:
110	12.985	4	94	5	95	7	97	9	100	12	103	16	105	20	106	25	106	30	105	35	103	39	100	42	96	44	91	45	85	45	79	44	74	42	69	39	65	35	62	31	60	28	59	26	58	25	56	25	53	25	49	26	44	28	38	31	32	33	25	34	19	34	13	33	8	31	4	28	1	24	-1	19	-2	15	-2	11	-1	8	1	6	3	5	5	5	6	6	6	8	6	11	6	15	6	20	7	26	8	33	10	41	13	49	15	56	18	62	22	67	25	71	28	75	30	79	31	82	31	84	30	85	28	87	25	90	21	92	16	93	11	93	7	93	4	93	2	92	1	90	1	89	2	89	4	90	7	92	11	94	15	97	20	99	26	100	33	100	41	99	50	97	58	94	65	90	72	87	78	85	83	84	87	84	90	85	92	87	93	89	93	91	92	92	90	92	87	91	83	89	78	86	74	82	71	77	68	71	66	64	65	56	65	48	66	40	68	32	71	25	75	19	80	14	84	10	88	7	91	5	93	4	94	4	94	
42:
91	9.474	63	96	64	97	66	98	69	99	72	99	76	98	80	96	83	93	86	89	90	84	94	78	97	71	99	64	100	57	100	51	100	46	99	42	97	39	94	37	90	36	85	36	81	37	78	39	74	42	71	46	67	50	64	53	60	55	56	56	52	56	49	55	47	54	45	52	42	51	38	51	35	52	33	54	30	57	28	61	26	65	24	69	22	72	20	75	18	77	17	78	17	78	18	77	20	75	22	72	25	69	27	65	28	60	28	54	27	49	25	45	22	42	18	40	14	39	10	37	6	34	2	30	-1	27	-3	23	-4	18	-4	13	-3	9	-1	6	2	4	6	2	11	1	17	1	24	1	31	2	39	4	46	7	52	11	57	16	61	22	64	29	68	37	71	44	73	52	74	60	74	68	73	75	72	81	70	86	67	90	65	93	64	95	63	96	63	96	
43:
110	71.208	84	29	83	30	81	31	79	31	76	30	72	29	69	27	67	24	66	20	66	17	67	15	67	13	66	12	64	12	61	13	59	15	58	18	58	22	58	27	59	33	61	40	63	46	66	51	70	55	73	58	75	60	76	61	76	62	75	63	73	65	70	67	67	70	65	73	64	77	64	81	65	84	66	86	66	89	65	91	63	93	60	94	56	94	51	94	46	93	42	92	39	90	36	87	34	83	32	80	29	78	25	77	20	77	14	78	9	79	5	79	2	78	0	76	-1	73	-1	69	0	65	2	60	5	54	8	48	11	42	15	36	18	29	20	22	21	16	22	11	24	7	27	4	31	2	36	1	41	1	47	2	54	4	62	7	71	11	80	16	88	22	95	29	101	37	106	46	110	54	113	62	115	70	116	77	116	83	115	88	113	92	110	95	106	97	102	98	99	98	97	97	96	95	96	92	97	88	98	83	98	77	97	70	95	63	92	56	89	50	86	44	84	39	83	35	83	32	83	30	84	29	84	29	
44:
107	28.397	90	14	89	15	87	17	85	20	84	23	84	26	83	30	81	33	78	35	74	36	69	36	65	35	62	33	59	32	56	32	54	33	52	35	49	38	45	42	40	46	34	49	29	51	25	52	22	52	20	51	19	49	19	48	20	48	22	49	25	51	29	53	32	56	34	58	35	61	35	65	34	70	32	74	29	77	25	79	20	80	16	80	13	80	11	81	10	83	10	86	11	90	13	93	16	96	19	99	23	101	28	102	34	102	41	101	49	99	56	97	62	94	68	90	74	87	80	85	85	84	89	84	93	85	98	87	102	90	105	93	107	95	110	96	114	96	117	95	119	93	121	90	122	86	122	81	121	75	119	68	116	61	112	55	107	49	101	44	94	40	86	36	77	33	68	31	60	29	53	28	47	28	42	29	38	29	35	28	33	26	32	23	32	19	33	14	35	9	38	5	41	2	45	0	50	-1	56	-2	62	-2	69	-1	75	1	80	4	84	8	87	11	89	13	90	14	90	14	
45:
111	22.451	39	48	40	48	42	49	44	49	46	48	47	46	48	43	49	39	49	35	48	30	47	24	46	19	44	15	43	11	41	8	38	6	34	5	31	5	27	6	24	8	22	11	21	15	21	20	22	26	24	33	25	41	25	48	26	54	27	59	29	63	32	66	36	68	39	69	41	69	42	70	42	72	41	75	39	77	36	79	32	80	27	80	22	79	17	77	13	74	10	72	8	71	7	70	7	70	7	71	8	73	8	76	7	80	6	85	6	90	6	95	6	100	7	104	9	107	12	109	15	110	18	110	22	109	27	107	33	104	38	100	42	95	45	89	49	82	54	74	60	66	67	59	74	53	81	47	87	41	92	35	96	30	99	26	101	23	102	21	102	20	101	18	100	17	100	15	101	13	103	12	106	12	109	13	112	15	115	18	117	22	118	27	118	33	117	39	115	46	114	52	112	58	109	63	105	67	100	70	94	72	87	73	79	73	71	72	64	70	58	67	53	63	49	58	45	54	42	51	40	49	39	48	39	48	
46:
93	1.584	64	76	65	76	67	76	70	76	74	76	77	75	79	73	80	70	80	66	79	62	77	59	74	57	70	55	65	54	59	52	52	49	46	45	41	40	36	36	32	31	29	27	27	23	26	18	26	14	27	11	29	9	32	6	36	4	41	3	47	3	53	4	60	4	66	5	71	7	77	10	83	12	88	13	93	14	97	14	100	15	102	16	103	18	103	21	102	25	102	30	101	36	99	43	96	51	92	60	88	69	83	78	77	86	71	93	64	99	57	104	49	108	40	111	32	113	25	114	19	114	14	113	10	111	7	108	5	104	4	99	4	93	5	86	7	78	10	70	12	63	13	57	13	51	13	46	12	42	10	39	8	36	7	34	7	33	8	33	10	34	13	36	17	39	22	41	27	43	32	46	38	50	43	55	49	61	54	66	58	70	61	73	63	75	64	76	64	76	
47:
102	0.365	70	94	71	93	71	91	71	88	70	84	68	81	66	79	63	76	59	74	55	73	52	73	50	73	49	72	49	70	50	67	52	64	54	60	55	55	55	51	54	47	53	43	53	40	54	38	56	37	58	37	59	37	59	38	58	40	56	41	53	41	49	40	45	38	42	35	40	31	39	26	39	20	40	14	42	9	45	4	49	0	54	-3	60	-5	67	-6	74	-6	80	-5	85	-3	89	0	92	4	94	9	95	14	95	20	94	25	92	31	89	36	85	40	80	43	74	46	67	48	59	49	52	51	45	52	39	52	33	51	28	50	24	50	21	50	19	51	18	53	18	56	19	59	21	61	24	64	26	67	27	71	27	75	26	78	24	81	22	84	21	86	21	89	22	92	23	94	24	97	24	101	23	104	21	106	20	108	20	110	21	111	23	111	26	111	30	112	35	112	40	111	46	109	51	106	55	102	60	99	64	97	67	95	69	94	70	94	70	94	
48:
95	21.552	11	105	10	104	8	102	7	99	7	95	8	92	10	90	12	88	15	87	19	87	22	88	24	89	25	91	25	93	25	96	26	100	28	103	31	105	35	106	40	106	45	106	50	106	54	107	57	107	59	106	60	104	60	103	59	101	57	98	54	94	52	89	51	83	51	77	52	71	54	66	57	62	60	59	64	57	67	56	71	56	74	57	76	59	79	62	82	65	86	69	89	73	91	78	92	82	92	85	91	87	89	88	87	88	86	87	86	85	85	82	85	78	86	73	88	67	89	60	91	54	94	48	97	42	101	37	104	33	106	29	107	26	107	22	106	17	104	13	101	10	97	8	92	6	86	5	79	5	71	5	63	5	56	6	50	8	45	11	41	15	37	20	34	26	32	33	30	41	27	50	23	60	18	69	14	77	11	84	9	90	8	95	8	99	9	102	10	104	11	105	11	105	
49:
89	13.881	68	13	69	12	71	11	74	10	77	10	79	11	80	13	80	16	81	20	83	24	86	27	89	29	91	30	92	30	92	29	91	28	89	28	86	29	84	31	82	34	81	38	81	42	82	45	82	47	81	49	79	50	76	52	73	55	71	59	70	63	68	67	67	71	67	75	68	79	70	83	72	88	73	94	73	99	72	103	71	106	69	108	66	109	62	109	57	108	51	106	44	103	38	99	33	94	29	88	26	81	24	75	23	70	23	66	24	63	25	61	26	60	26	60	25	61	23	63	21	65	18	67	14	68	9	68	4	67	0	65	-3	62	-5	58	-6	53	-6	47	-5	41	-4	36	-2	32	0	29	2	27	5	26	9	26	14	27	20	29	26	30	32	31	39	31	46	30	52	28	57	26	61	23	64	19	66	16	67	14	68	13	68	13	
50:
115	38.286	35	15	36	14	38	12	41	11	45	9	50	8	55	8	60	7	66	5	71	4	75	4	78	5	80	7	81	10	81	14	80	19	78	25	75	32	72	39	70	45	69	51	68	56	67	60	66	63	64	65	61	66	57	66	52	65	47	65	43	66	39	68	36	71	34	75	33	80	33	84	33	87	34	89	36	90	39	90	43	91	46	91	48	90	49	90	49	91	48	93	46	94	43	96	39	99	34	102	28	105	22	107	17	108	13	108	10	107	8	105	7	102	7	98	8	93	10	87	13	81	16	74	18	67	19	59	19	50	19	42	18	34	16	27	13	21	9	15	6	10	4	6	3	3	3	1	4	0	6	0	9	1	13	3	18	6	24	10	31	15	39	21	48	28	58	36	67	44	75	53	82	63	88	72	93	80	97	87	100	93	102	98	103	102	103	105	102	107	100	108	98	108	97	107	95	105	92	102	88	98	83	93	77	87	72	80	68	73	63	66	57	58	51	50	46	43	42	36	39	30	37	25	35	21	34	18	34	16	35	15	35	15	
51:
102	81.822	31	91	32	92	34	94	35	97	35	100	34	103	32	105	29	107	25	109	20	110	15	110	11	109	8	107	5	104	3	102	2	100	2	99	3	99	5	100	8	102	12	104	17	107	23	109	30	110	37	110	43	109	48	107	52	104	55	100	58	95	60	89	61	84	62	80	64	77	67	75	71	74	75	73	79	73	82	74	84	76	85	77	85	77	84	76	82	74	79	72	75	69	71	65	68	60	66	54	65	49	65	45	64	42	62	40	59	39	55	39	50	39	44	39	38	39	32	39	25	38	19	38	14	38	10	38	7	37	5	35	4	32	4	28	5	24	7	21	9	17	12	14	16	12	21	10	27	9	34	8	42	6	51	4	59	3	67	3	74	4	80	6	85	9	89	13	92	18	94	23	95	27	95	30	94	33	92	35	89	38	85	42	80	47	74	53	67	60	59	67	52	73	46	78	41	82	37	85	34	88	32	90	31	91	31	91	
52:
102	45.633	95	56	96	55	97	53	98	50	98	47	98	43	99	38	101	32	104	27	106	23	107	20	107	17	106	15	104	14	101	13	97	13	92	14	86	16	79	18	73	21	68	25	64	29	60	34	57	40	55	46	54	52	53	57	53	62	54	66	56	69	59	71	61	72	64	72	66	71	67	69	67	68	68	68	69	69	69	71	68	74	66	78	63	81	59	83	54	86	48	89	41	92	34	94	28	95	23	96	19	96	16	95	14	95	13	94	13	92	14	89	16	85	19	80	23	74	27	68	30	62	32	56	33	49	34	43	34	38	33	34	31	31	28	29	24	28	19	27	15	25	12	23	9	20	7	16	6	12	6	9	7	7	7	6	6	6	4	7	3	9	1	12	0	16	0	21	1	27	3	32	6	38	10	45	15	51	21	57	28	62	36	66	45	69	54	71	62	72	69	72	75	71	80	69	85	66	89	62	92	59	94	57	95	56	95	56	
53:
109	84.411	40	31	39	32	38	34	37	37	37	40	37	44	38	47	40	49	43	50	47	50	51	49	54	48	56	48	57	49	57	51	57	54	56	58	55	61	55	64	56	66	57	67	58	67	60	66	63	64	67	61	72	59	76	58	81	57	86	57	92	58	97	60	101	63	104	66	106	70	107	75	107	80	106	85	104	90	101	94	98	97	94	99	89	100	85	101	82	101	80	102	79	104	79	106	78	108	76	109	73	109	69	108	64	106	58	103	51	99	43	94	36	88	30	81	24	75	19	69	15	64	12	60	10	56	9	51	8	45	8	38	9	31	11	25	14	19	18	14	23	10	29	6	36	3	44	0	51	-2	59	-3	66	-3	72	-2	77	0	81	2	84	5	86	9	87	12	87	14	88	15	90	15	93	14	96	12	98	10	99	8	99	7	100	7	102	8	103	10	103	13	102	17	100	22	97	28	93	33	88	37	82	40	75	42	68	43	61	43	55	42	50	40	46	37	43	34	41	32	40	31	40	31	
54:
115	60.001	101	34	101	35	100	37	99	40	99	44	99	48	98	52	96	56	93	61	89	65	84	68	78	70	73	71	67	71	62	70	57	68	53	66	50	65	48	65	47	66	47	68	48	71	50	75	53	79	56	84	58	90	59	96	59	101	58	105	56	108	53	110	49	111	44	111	39	110	33	108	26	107	19	105	12	103	6	100	1	97	-3	93	-6	88	-9	83	-11	78	-12	74	-12	70	-11	66	-9	63	-6	61	-2	60	3	60	8	59	13	57	17	54	20	50	22	45	23	39	24	33	24	26	24	20	24	15	24	11	23	8	23	6	24	5	26	5	28	6	31	8	35	11	40	14	46	16	53	17	60	17	67	16	73	14	78	11	82	9	85	8	88	8	90	9	92	11	95	14	99	18	104	23	110	29	117	36	123	43	128	51	132	60	135	68	137	76	138	83	138	89	137	94	135	98	132	101	128	103	123	104	117	104	112	103	106	101	101	98	97	94	94	89	92	83	91	77	91	70	92	62	94	55	97	49	99	44	101	40	102	37	102	35	101	34	101	34	
55:
91	9.972	19	81	18	80	18	78	18	75	17	72	17	69	18	67	20	66	23	66	25	66	26	65	26	63	25	60	23	57	21	53	18	48	15	42	12	35	10	28	9	21	9	15	10	10	12	6	13	3	14	1	16	0	19	0	22	1	25	2	29	2	34	3	40	5	47	7	55	10	64	14	72	19	79	23	85	28	90	32	94	36	97	39	100	42	102	45	103	48	103	50	102	51	100	53	98	54	95	56	91	58	86	61	82	65	79	70	77	76	76	82	75	88	75	94	74	99	73	103	73	106	74	108	76	109	79	109	83	108	88	107	94	105	99	102	103	98	106	93	108	87	109	80	109	73	109	67	108	62	106	58	103	55	99	53	94	52	88	52	81	53	73	55	64	58	55	62	47	67	40	72	34	76	29	79	25	81	22	82	20	82	19	81	19	81	
56:
115	155.764	45	104	46	103	48	101	49	98	49	95	49	92	48	90	46	89	43	89	39	89	35	90	31	92	28	93	26	93	25	92	25	90	26	88	28	85	30	81	33	77	37	72	41	67	44	62	46	58	47	55	47	51	46	47	44	44	41	42	37	41	32	39	27	36	23	32	20	28	17	25	15	23	14	22	12	22	9	23	5	24	1	26	-2	29	-4	33	-5	38	-5	42	-4	45	-2	47	1	48	5	48	10	47	15	45	20	42	26	38	32	33	38	28	43	24	47	20	50	17	52	15	53	12	55	10	57	9	60	9	64	10	67	12	71	15	74	19	76	22	77	25	77	27	78	28	79	28	80	27	82	25	85	22	89	20	94	17	98	15	101	14	103	14	104	15	104	17	103	20	101	23	98	27	94	32	91	38	89	45	88	53	88	62	88	70	88	77	89	83	91	88	94	92	97	95	100	97	102	98	103	98	103	97	102	95	100	93	97	92	93	91	88	91	82	92	75	93	68	93	62	94	57	95	53	97	50	100	48	102	46	103	45	104	45	104	
57:
111	19.48	87	47	87	48	88	50	90	52	93	53	95	53	96	53	96	52	95	51	93	51	90	50	86	50	83	50	81	50	80	49	80	47	81	44	83	40	84	36	84	32	83	29	81	27	78	26	74	25	71	25	67	26	62	28	56	31	50	33	43	34	37	34	32	33	28	32	25	32	23	33	22	35	22	38	23	40	24	41	24	42	23	42	22	41	21	39	21	36	21	32	22	27	24	22	27	16	31	11	36	7	42	4	49	2	57	1	65	0	73	0	80	0	86	1	91	3	96	6	100	10	103	15	105	21	106	28	106	36	105	45	103	55	100	64	96	72	91	79	85	85	78	90	70	94	63	97	56	99	50	100	45	100	41	99	38	97	36	94	35	92	35	91	34	91	32	92	29	94	25	96	20	99	15	103	11	106	8	108	6	109	4	109	3	108	3	106	4	104	6	101	9	97	13	94	18	90	24	85	31	81	39	78	47	74	54	69	60	63	66	58	72	54	77	51	81	49	84	48	86	47	87	47	87	47	
58:
95	14.525	8	31	9	32	10	34	11	37	13	40	15	44	18	47	21	49	23	50	24	50	24	51	23	52	21	53	18	55	14	58	10	62	7	67	5	73	4	80	4	86	5	91	7	95	10	98	14	100	18	101	23	101	29	100	34	98	38	95	42	93	45	90	47	86	50	81	52	75	55	70	59	65	62	59	64	54	65	50	66	47	67	45	69	44	70	44	72	45	75	47	79	50	84	54	89	57	94	59	99	61	103	63	106	64	108	64	109	64	109	65	108	67	106	69	103	70	99	71	94	71	88	70	81	70	73	69	64	67	55	64	47	60	40	57	34	53	29	48	25	43	22	39	20	35	19	30	19	24	20	19	22	15	25	11	29	7	34	4	38	2	41	1	43	1	44	2	44	3	43	3	41	4	38	6	34	9	29	12	23	16	18	21	14	25	11	28	9	30	8	31	8	31	
59:
107	35.244	40	42	41	43	42	44	44	46	47	47	50	47	52	46	54	44	57	43	61	43	66	44	71	46	75	49	78	53	80	58	81	62	81	65	80	67	78	68	75	69	71	70	68	71	66	73	65	76	65	80	66	85	66	91	65	96	63	100	60	103	56	105	51	106	45	106	39	105	33	103	27	100	22	96	18	91	15	85	13	79	12	72	10	64	9	55	9	47	10	40	12	34	14	28	15	22	15	17	15	13	14	10	12	8	9	6	7	5	6	5	6	6	7	8	9	10	12	11	16	12	20	12	25	11	31	9	36	6	42	4	47	3	53	3	60	4	66	6	71	9	77	13	82	16	86	18	90	20	93	21	95	21	96	20	96	18	95	15	94	11	93	7	93	4	94	2	96	1	99	1	103	2	106	4	108	7	110	11	111	16	111	22	110	29	108	36	105	42	101	47	96	51	90	54	83	56	76	57	68	57	61	56	55	54	50	51	46	48	43	45	41	43	40	42	40	42	
60:
105	25.007	34	92	35	91	37	89	38	86	38	83	37	81	35	80	32	80	30	80	29	79	29	78	30	78	32	78	35	79	39	81	43	84	46	87	48	91	49	96	49	100	48	103	46	105	43	106	39	106	34	106	28	105	22	103	17	101	12	98	8	95	5	91	3	86	2	80	2	73	3	65	5	58	8	51	12	44	17	38	21	32	24	25	27	19	29	14	32	10	34	6	35	3	35	1	34	0	32	-1	29	-1	25	0	22	2	20	5	19	9	19	13	20	18	22	22	25	25	29	27	34	28	40	29	47	29	53	28	58	26	62	23	65	20	67	16	68	11	69	6	69	2	69	-1	70	-3	72	-4	75	-4	79	-3	83	-1	86	2	89	6	91	11	92	17	94	24	97	32	100	41	103	51	106	60	108	68	109	76	109	83	108	89	106	94	103	98	100	101	96	103	91	105	85	106	78	106	70	106	62	106	55	105	49	103	44	101	40	98	37	95	35	93	34	92	34	92	
61:
115	9.091	32	101	31	102	29	104	26	106	22	107	18	108	14	108	11	107	8	105	6	102	5	98	5	93	6	88	6	82	5	75	4	69	4	64	5	60	7	56	10	53	14	51	19	50	25	50	32	51	40	53	47	56	53	58	60	59	66	60	71	60	75	59	78	57	80	54	81	51	81	47	80	43	79	39	77	36	74	34	71	33	69	33	68	33	68	32	69	30	71	27	72	25	72	24	71	22	69	20	66	19	62	19	57	19	53	19	48	19	44	20	41	20	39	19	38	17	38	16	39	14	41	12	44	11	46	11	47	10	47	10	46	9	44	7	41	4	37	0	32	-3	26	-5	20	-6	15	-6	11	-5	8	-3	6	0	4	2	3	3	3	3	4	2	6	0	9	-3	13	-7	18	-11	24	-14	31	-17	39	-19	48	-20	57	-20	65	-19	72	-17	79	-14	85	-10	90	-5	94	1	97	8	99	16	100	25	100	35	99	45	97	55	94	64	90	72	85	79	79	85	72	90	66	94	59	97	53	99	47	100	42	100	38	99	35	99	33	100	32	101	32	101	
62:
113	95.326	77	16	77	17	77	19	77	22	76	26	75	30	73	35	71	39	70	43	69	46	67	48	64	49	61	49	58	48	56	46	55	44	55	43	56	43	56	44	55	46	54	49	52	53	49	58	45	62	41	65	36	67	32	68	29	68	27	69	26	71	26	74	27	76	29	78	32	81	36	85	41	90	46	94	50	97	53	100	55	103	56	105	57	106	57	106	56	105	55	103	55	100	54	97	54	93	55	88	57	83	60	79	64	76	69	74	73	73	77	73	80	74	82	76	83	79	85	82	87	85	90	87	94	88	97	88	99	87	100	85	100	82	99	78	98	73	96	67	93	60	90	54	88	49	87	45	87	42	88	40	89	38	89	37	88	37	86	38	83	40	79	43	74	47	68	52	61	57	53	61	44	64	35	66	27	67	20	67	14	66	9	64	5	61	2	57	0	52	-1	47	-1	41	0	34	2	28	5	23	9	19	14	16	20	14	27	13	35	13	43	14	50	16	56	18	62	19	67	20	71	20	74	19	76	17	77	16	77	16	
63:
102	11.403	45	13	46	14	48	16	49	19	49	23	50	27	50	31	49	34	47	36	45	37	44	39	44	40	45	40	47	41	48	43	49	46	50	50	50	55	49	60	47	64	46	67	46	69	47	70	49	70	52	71	56	72	60	73	64	73	67	72	69	72	70	73	70	75	69	78	67	82	66	87	66	91	67	94	69	96	72	97	76	97	81	96	87	94	92	91	96	88	99	84	101	79	102	73	103	66	103	58	102	49	100	41	97	34	93	28	88	23	82	19	76	16	69	14	61	13	52	11	42	9	33	7	24	6	16	6	9	7	3	9	-2	12	-6	16	-9	21	-11	27	-12	34	-12	42	-11	51	-9	61	-6	70	-2	78	3	85	9	91	15	96	21	100	27	103	33	105	39	106	46	106	52	105	57	103	62	100	66	96	69	91	72	85	74	78	75	71	75	63	74	55	72	47	69	40	65	34	60	28	55	23	51	19	48	16	46	14	45	13	45	13	
64:
106	43.366	99	89	98	90	97	92	96	95	96	97	97	98	99	98	101	97	104	95	107	92	109	88	110	83	110	77	109	71	107	66	104	62	101	58	97	54	94	51	90	49	87	48	83	48	78	49	72	51	67	54	61	56	56	58	52	60	49	61	47	61	45	62	44	63	44	65	45	68	47	72	49	76	51	79	54	81	56	82	57	82	57	83	56	84	54	85	53	86	52	87	52	89	53	92	53	94	52	95	50	95	47	94	43	92	38	90	32	89	26	89	21	90	17	92	14	95	12	99	10	103	9	106	9	108	10	109	12	109	15	108	19	106	23	103	28	99	32	94	35	88	37	81	38	73	38	64	37	55	36	47	34	40	31	34	27	28	24	23	22	19	19	16	16	14	14	13	13	13	13	12	14	10	16	9	19	8	23	8	28	9	34	11	41	14	49	18	58	23	66	29	73	36	80	44	86	53	91	61	95	68	98	74	100	79	101	83	101	86	100	88	99	89	99	89	
65:
107	14.972	45	71	44	72	42	73	39	73	35	72	31	70	27	68	24	65	22	61	21	58	21	56	22	55	22	55	21	56	19	58	16	61	14	63	13	64	12	64	12	63	13	62	15	60	18	57	21	54	25	50	29	45	33	40	36	35	38	30	40	26	41	23	41	21	40	19	38	18	35	18	31	19	27	20	22	20	17	21	13	21	10	22	8	24	7	27	7	31	8	36	10	40	13	45	17	49	22	52	28	54	35	55	43	55	52	54	60	52	67	49	73	45	78	40	82	35	85	31	87	28	88	26	90	25	91	25	91	26	92	28	94	31	96	35	99	40	103	44	106	47	108	49	109	51	109	54	108	57	106	61	103	66	99	72	94	78	88	83	81	87	73	90	64	92	54	93	45	93	37	93	29	92	22	92	16	92	11	93	7	95	4	97	2	98	1	98	1	97	2	95	4	92	7	89	11	85	16	82	20	78	25	75	30	73	35	72	39	72	42	72	44	72	45	71	45	71	
66:
108	22.386	84	108	85	107	87	105	89	102	91	98	94	93	96	87	97	80	97	72	97	65	97	59	96	54	94	50	91	47	87	45	82	44	78	44	75	44	73	44	72	43	72	41	73	39	74	36	74	32	73	27	72	22	71	17	71	13	72	10	74	7	76	5	79	4	83	4	86	5	88	7	89	10	89	14	88	19	86	24	83	30	79	35	74	39	68	42	62	44	56	45	49	45	42	44	36	42	31	39	27	35	22	31	18	28	14	26	10	25	7	25	4	26	2	28	0	31	-1	35	-1	40	0	46	2	53	4	59	7	64	10	70	12	75	15	79	17	82	19	84	21	85	24	85	26	84	27	82	29	81	32	81	34	82	35	84	35	87	34	91	32	96	29	100	25	103	20	105	15	106	10	106	6	105	3	103	1	100	0	96	0	92	1	89	3	87	6	85	10	84	15	84	21	85	28	87	36	90	45	94	53	98	60	101	66	103	71	105	75	107	78	108	81	108	83	108	84	108	84	108	
67:
111	8.95	105	85	105	84	105	82	105	79	105	75	104	72	102	69	99	67	95	65	91	64	88	64	85	65	83	67	82	69	82	70	82	70	83	69	85	67	86	64	86	60	85	55	83	51	80	48	76	46	71	45	66	45	62	44	59	42	57	39	56	35	56	31	57	28	59	26	62	25	65	25	69	26	73	26	78	27	84	29	89	31	93	32	96	34	98	37	99	41	99	44	98	46	96	48	93	50	89	53	84	56	78	58	72	60	67	62	63	65	60	69	58	73	57	76	57	78	58	80	60	82	62	85	64	89	65	92	65	94	64	95	62	95	59	96	55	96	50	95	44	93	38	91	32	88	26	84	20	80	15	77	11	75	8	73	6	72	5	71	5	71	6	70	8	68	11	65	13	61	14	56	14	50	13	45	11	40	8	36	6	33	5	31	5	30	6	30	8	31	11	33	15	36	20	40	26	43	33	45	41	46	50	48	60	51	69	55	77	59	84	64	90	70	95	75	99	79	102	82	104	84	105	85	105	85	
68:
98	200.882	3	44	2	43	0	41	-1	39	-1	37	0	36	2	36	5	37	9	39	14	42	18	46	21	51	24	57	28	63	33	68	37	72	42	75	48	77	53	78	57	80	60	83	62	87	63	92	63	96	62	99	62	101	63	102	65	102	68	101	72	99	77	98	81	98	84	99	86	101	87	104	87	106	88	107	90	107	93	106	96	104	100	101	104	98	107	94	109	89	110	83	110	77	109	72	107	68	104	65	100	63	95	62	89	62	84	63	80	64	77	64	75	63	74	61	74	58	75	54	77	49	80	45	84	41	89	37	93	34	96	31	100	28	103	26	105	23	106	20	106	17	105	13	103	9	100	6	96	4	92	2	87	1	81	1	74	2	66	3	57	4	47	4	37	3	28	1	20	0	13	0	7	1	2	3	-2	6	-5	10	-7	15	-8	21	-8	27	-7	32	-5	36	-2	39	0	41	2	43	3	44	3	44	
69:
108	52.874	109	0	108	1	106	1	103	1	99	1	94	2	89	2	85	3	81	4	77	5	74	7	72	9	71	11	71	12	72	12	72	11	71	9	69	7	67	6	65	5	64	5	63	6	63	8	64	11	64	15	63	18	61	20	58	21	54	21	51	20	48	18	45	15	43	12	42	9	42	7	43	6	44	6	44	7	43	9	41	12	38	16	34	21	31	25	29	29	28	34	28	38	29	41	31	43	34	44	38	44	43	43	49	41	54	39	58	37	61	36	64	36	67	37	69	39	70	42	71	46	73	51	76	57	80	63	84	68	87	73	89	77	90	81	90	86	89	90	87	93	84	96	80	98	75	99	69	99	62	98	55	98	47	99	40	101	34	102	27	102	20	101	14	99	9	96	5	92	2	87	0	81	-1	74	-1	66	0	57	2	49	5	40	9	32	14	25	20	19	27	14	35	10	44	7	54	5	64	4	73	4	81	5	88	6	94	6	99	6	103	5	106	3	108	1	109	0	109	0	
70:
97	35.868	104	75	104	76	104	77	103	79	101	80	98	80	96	79	93	77	90	74	87	70	85	65	83	59	80	53	78	47	77	42	76	38	74	35	72	33	69	32	65	32	60	33	56	35	51	37	47	40	42	42	37	43	33	43	29	42	26	42	24	43	23	45	23	48	22	51	21	53	19	54	18	54	16	53	13	52	9	52	6	53	4	55	3	58	3	62	3	67	4	73	6	78	9	82	13	85	18	87	24	89	29	90	33	92	36	94	38	95	39	96	39	98	38	99	38	99	39	98	41	96	43	93	46	89	48	84	49	78	49	71	50	64	50	56	51	47	52	39	52	32	51	26	49	21	46	17	42	14	38	12	34	11	31	11	29	12	28	13	28	15	29	16	31	18	34	20	38	23	42	27	47	32	53	38	60	45	68	51	76	57	83	62	89	66	94	69	98	72	101	74	103	75	104	75	104	75	
71:
108	24.678	25	75	24	76	22	78	20	79	17	81	15	82	14	82	12	81	11	79	10	76	8	73	5	70	2	68	0	67	-1	67	-1	68	0	70	2	73	5	75	9	77	13	78	18	78	24	77	29	75	35	74	40	72	44	69	47	66	49	63	51	61	52	60	52	60	51	61	51	63	50	66	48	70	47	74	47	78	48	83	50	88	53	92	57	95	62	97	68	98	74	98	80	98	85	97	89	95	92	92	94	90	95	88	95	87	94	87	94	88	93	90	93	93	94	96	95	99	96	101	98	102	99	102	99	101	98	99	96	96	94	92	93	87	92	81	92	75	92	68	93	60	95	51	98	42	101	34	103	27	104	21	104	16	104	12	103	9	101	7	98	6	94	6	89	7	83	9	76	12	68	14	59	15	49	15	40	14	32	12	24	10	17	9	11	9	6	10	2	12	-1	14	-3	17	-4	21	-4	26	-3	32	-1	39	2	47	6	54	10	60	15	65	19	69	22	72	24	74	25	75	25	75	
72:
109	21.504	1	69	2	69	4	70	6	72	9	73	13	73	18	72	22	70	25	67	27	63	28	59	28	56	27	54	25	51	23	49	21	46	20	42	20	37	21	33	23	29	25	26	26	24	26	23	25	23	23	24	20	25	16	25	12	24	8	22	5	19	3	16	2	12	2	7	3	3	5	-1	8	-4	12	-6	17	-7	23	-7	30	-6	38	-4	47	-1	55	3	63	8	70	14	76	19	81	23	85	26	88	28	90	29	92	29	95	28	98	26	100	23	101	20	101	18	100	17	98	17	95	18	91	20	87	23	82	27	78	32	75	38	71	43	66	47	61	50	56	52	51	54	47	56	44	58	42	59	41	59	41	58	42	58	44	58	47	59	51	61	56	64	61	67	67	71	72	76	76	81	79	87	82	93	84	98	85	102	85	105	84	107	82	108	79	108	75	108	70	108	64	108	57	108	49	108	40	107	32	105	25	104	19	102	14	99	10	95	6	90	3	84	1	79	0	75	0	72	1	70	1	69	1	69	
73:
109	95.034	27	7	26	6	24	5	21	5	18	6	16	8	15	9	15	11	16	13	18	16	21	19	25	21	30	22	36	23	41	25	45	27	48	30	50	34	51	39	51	43	50	46	48	48	45	49	41	50	37	50	34	50	31	51	29	53	28	56	28	60	29	65	30	71	30	78	29	84	27	89	24	93	20	96	15	99	11	101	8	102	6	102	5	101	5	99	6	96	8	93	11	89	15	85	20	80	26	75	33	71	41	68	50	65	60	63	69	60	77	57	84	55	90	53	95	52	99	52	102	53	104	55	105	58	105	62	104	67	102	73	100	80	98	87	97	93	97	98	98	102	100	105	102	107	104	108	105	108	106	107	108	105	109	102	110	98	110	93	109	87	107	80	106	73	104	65	101	56	97	46	93	37	90	29	88	22	86	16	85	11	83	7	82	4	81	2	81	1	80	1	78	2	76	4	73	7	69	10	65	12	60	14	54	15	48	16	42	16	37	15	33	13	30	10	28	8	27	7	27	7	
74:
108	27.365	63	18	63	17	63	15	63	12	64	8	66	4	69	1	73	-1	78	-2	82	-2	86	-1	89	1	91	4	92	8	92	13	91	19	89	26	86	32	82	38	78	43	73	47	67	50	60	52	54	54	48	55	43	55	39	54	36	52	34	49	33	46	33	42	33	37	34	32	35	27	37	22	39	18	40	14	40	11	39	8	37	5	34	3	30	1	25	0	19	0	14	0	10	1	7	3	5	6	4	8	4	11	5	15	7	20	10	25	13	31	17	38	20	46	22	53	23	59	23	65	22	70	20	74	17	77	14	79	12	80	11	80	11	79	12	78	14	77	17	76	21	76	26	77	32	78	38	80	45	83	51	87	56	92	60	97	64	101	68	104	72	106	77	107	83	107	90	106	96	104	101	103	105	102	108	101	110	99	111	96	111	94	110	91	108	89	105	88	101	86	96	83	91	79	86	74	80	68	74	61	69	53	65	46	62	39	60	33	59	28	59	24	60	21	62	19	63	18	63	18	
75:
95	5.953	60	77	61	77	62	76	64	74	66	71	67	67	67	62	67	57	67	53	68	50	70	48	72	47	75	46	77	44	78	41	80	37	82	32	84	26	87	21	89	16	90	12	90	8	89	5	87	3	85	2	82	2	78	3	75	4	71	6	66	9	60	11	54	12	49	12	45	11	42	10	40	10	38	11	37	13	37	16	36	20	35	25	35	31	34	38	32	45	29	51	27	56	24	60	20	63	16	65	12	66	8	66	5	65	3	63	2	60	2	56	3	52	5	48	7	43	8	38	9	34	9	31	8	29	6	28	3	28	-1	29	-4	31	-6	34	-7	38	-7	43	-6	49	-4	56	-1	64	3	73	8	81	14	88	21	94	29	99	38	103	46	106	53	108	59	109	64	109	68	108	71	106	73	104	74	101	75	97	75	94	74	90	72	86	69	83	66	80	63	78	61	77	60	77	60	77	
76:
98	11.355	16	14	16	15	16	17	17	20	17	24	16	29	16	34	17	38	19	41	21	43	24	44	27	44	31	44	35	43	39	41	43	40	47	40	50	41	54	43	58	44	62	44	65	43	68	41	72	39	76	36	80	34	84	33	89	33	94	34	98	36	101	39	103	43	104	48	104	54	103	61	103	68	102	74	102	79	103	83	105	86	107	88	109	89	110	91	110	94	109	98	107	102	104	105	100	107	95	108	90	108	86	108	83	107	81	105	79	102	78	98	77	94	77	91	77	89	76	88	74	88	71	89	67	90	62	92	56	95	49	97	41	98	34	98	26	97	19	95	13	94	8	93	4	91	1	88	-1	84	-2	79	-2	73	-1	68	1	62	4	55	7	47	11	38	16	30	22	23	27	17	31	12	34	8	36	5	37	3	37	2	36	2	34	3	31	4	27	6	23	9	20	11	18	12	17	13	16	14	16	14	
77:
96	27.665	18	11	17	10	15	9	12	8	8	8	5	9	3	11	2	14	2	18	3	22	5	27	8	33	12	39	17	46	23	52	29	57	34	61	38	64	41	66	43	69	44	73	44	76	43	78	41	80	39	81	38	81	38	80	39	80	41	81	42	83	44	86	47	89	51	92	55	94	58	96	60	97	61	99	61	100	60	101	58	102	55	104	51	105	46	107	40	108	35	109	31	109	28	108	26	106	25	104	25	102	26	100	28	99	31	99	35	100	40	100	46	101	53	103	61	104	69	104	76	103	82	101	87	98	91	94	94	89	96	83	99	76	101	68	104	60	106	53	107	47	107	42	107	38	107	35	106	33	104	32	102	32	99	33	97	34	94	35	91	35	89	34	87	32	84	29	80	25	75	21	69	17	62	14	54	12	46	11	39	11	33	10	28	10	24	10	21	11	19	11	18	11	18	11	
78:
103	80.459	68	57	69	58	71	59	74	59	77	58	81	56	85	54	88	51	90	48	93	46	95	45	96	45	97	46	98	48	100	50	102	53	104	57	106	61	107	65	107	68	106	70	104	71	101	71	97	70	92	69	86	69	79	70	72	72	66	75	61	79	57	84	54	90	51	95	49	99	46	102	44	105	43	107	43	108	44	108	44	107	43	106	41	104	40	101	40	97	41	92	41	86	42	79	42	71	43	63	45	56	48	50	52	44	57	38	62	33	66	29	69	26	71	24	72	22	72	21	71	21	69	21	66	20	62	19	57	17	51	14	44	10	36	7	28	5	21	3	15	2	10	2	6	3	3	4	1	6	0	9	0	13	1	18	1	24	0	31	0	39	0	48	1	57	2	65	3	72	3	78	3	83	4	87	5	90	6	92	8	93	11	93	15	92	20	90	26	87	33	83	40	78	47	72	53	67	58	63	62	60	65	58	67	57	68	57	68	57	
79:
99	7.559	83	46	82	47	82	49	82	52	81	54	79	55	77	55	74	54	70	52	67	49	65	45	64	40	64	35	65	31	67	28	70	26	74	25	79	25	85	26	90	26	94	27	97	27	99	26	100	24	100	21	99	17	97	12	94	7	90	3	87	0	83	-2	78	-3	72	-3	67	-2	63	0	58	3	54	7	50	12	47	18	45	24	44	31	44	38	44	44	45	49	47	53	50	56	52	58	53	59	54	59	54	58	53	56	51	53	48	49	44	44	39	40	34	37	28	35	22	34	17	34	13	35	10	37	8	40	7	44	7	49	7	55	7	62	8	70	8	78	7	85	7	91	8	97	10	102	13	106	17	109	22	111	28	113	35	114	43	114	52	113	60	111	68	108	76	106	83	104	89	103	94	101	98	98	101	94	103	89	104	84	104	78	103	73	102	69	100	65	97	61	93	56	89	52	86	49	84	47	83	46	83	46	
80:
97	4.509	49	34	49	35	49	37	50	39	52	41	54	42	57	43	60	44	62	46	63	49	63	53	62	57	60	62	58	68	57	75	56	82	56	88	57	93	59	97	61	100	63	102	66	103	70	103	73	102	77	100	81	97	86	95	91	93	96	92	100	92	103	93	106	93	108	92	109	90	109	87	108	83	106	78	103	72	101	65	100	57	100	48	101	39	102	31	103	23	104	16	104	10	103	5	101	1	98	-2	94	-4	89	-5	83	-5	76	-4	68	-2	60	-1	51	0	43	0	36	1	30	2	25	4	21	7	18	9	16	11	15	12	15	13	16	15	18	18	21	22	24	27	26	31	27	34	28	36	28	38	27	39	26	39	24	39	21	40	17	42	12	43	8	43	5	42	3	40	2	37	2	35	3	34	5	34	8	35	12	37	17	40	23	42	29	43	34	43	39	42	43	40	46	37	48	35	49	34	49	34	
81:
118	551.899	63	45	64	44	65	42	67	39	70	36	73	34	76	32	78	31	80	31	81	32	81	34	81	37	82	41	84	45	87	48	91	50	96	51	100	51	103	50	105	48	106	45	106	41	105	36	103	30	100	24	96	18	91	13	86	9	81	6	76	3	72	1	69	0	65	0	62	1	58	3	55	6	53	10	51	15	49	19	46	22	42	24	37	25	32	25	28	24	25	22	22	19	20	15	19	11	18	7	17	4	15	2	12	1	8	1	5	2	2	3	-1	5	-3	8	-4	12	-4	17	-3	23	-1	30	2	38	5	46	9	53	12	59	14	64	15	69	15	74	14	78	12	81	10	83	9	84	9	84	10	83	12	81	15	79	19	78	24	76	30	75	36	75	43	76	49	78	54	80	58	83	61	86	63	90	64	94	64	98	64	101	63	103	62	104	61	104	61	103	62	101	64	98	67	94	71	90	75	87	80	84	86	82	91	81	95	81	98	81	100	82	101	82	101	81	100	79	98	76	95	73	92	70	88	66	83	61	78	57	73	53	69	50	66	48	64	46	63	45	63	45	
82:
122	206.456	79	35	78	34	78	33	79	31	80	28	80	26	79	25	79	25	79	26	79	28	80	31	82	33	85	34	89	34	92	33	94	32	96	30	97	27	97	23	98	18	100	14	102	11	103	9	103	8	104	8	104	9	103	11	102	14	100	18	97	23	93	29	88	36	82	42	77	47	73	51	70	54	68	56	66	57	64	57	61	56	58	54	54	51	50	47	47	43	44	38	40	34	35	30	29	27	24	25	19	24	14	24	10	25	6	27	3	30	1	34	0	39	0	45	-1	52	-3	58	-4	63	-4	67	-3	70	-1	73	2	75	5	76	9	76	14	75	20	73	25	72	29	72	32	73	34	75	35	78	36	82	37	87	39	91	42	95	44	99	45	104	45	109	44	113	42	117	39	120	35	122	31	124	26	125	20	125	15	124	11	122	8	119	6	115	5	111	5	107	6	104	8	102	11	101	15	100	20	100	26	101	33	102	40	102	48	101	56	99	65	97	73	96	80	95	86	93	91	90	95	88	98	86	100	83	101	79	101	74	100	68	98	61	95	55	91	50	87	45	84	41	82	38	80	36	79	35	79	35	
83:
114	42.906	2	108	3	109	5	111	8	112	12	112	16	112	19	111	21	109	22	107	22	104	21	100	19	95	16	89	14	84	11	80	9	77	8	75	8	74	9	74	11	74	14	74	17	73	19	72	20	71	20	69	19	66	17	62	14	57	10	51	7	46	3	42	0	39	-2	35	-3	32	-3	28	-2	25	0	23	3	22	7	22	12	23	18	25	25	28	33	31	40	33	46	35	51	36	55	37	58	37	60	36	61	34	61	31	60	27	58	22	55	16	53	11	52	7	52	4	53	2	55	0	58	-1	62	-1	67	0	73	2	78	5	82	9	85	14	87	19	88	25	89	32	91	40	93	49	94	58	95	67	97	75	100	82	103	88	105	94	107	99	108	103	108	107	107	110	105	112	102	113	98	113	94	112	89	110	83	107	78	103	74	98	71	92	69	86	68	79	68	73	69	67	70	62	70	58	70	55	69	53	67	52	64	52	62	53	59	55	55	58	50	62	44	67	37	73	30	80	23	87	17	93	12	98	8	102	5	105	3	107	2	108	2	108	
84:
106	47.198	57	6	58	7	59	9	60	10	60	10	59	9	57	8	54	7	50	7	45	8	41	10	36	13	31	15	27	16	24	16	22	15	21	13	20	11	18	10	15	10	12	11	8	13	5	16	3	20	2	24	2	28	3	31	5	34	8	36	12	39	17	43	22	48	26	53	29	59	31	64	32	70	32	75	31	79	29	83	26	86	22	88	19	89	15	91	12	94	10	96	9	97	9	97	10	96	12	94	15	92	19	90	24	87	30	85	37	84	44	82	52	79	59	76	65	73	70	71	74	70	77	70	79	71	80	73	81	75	81	77	81	80	80	82	79	83	77	83	75	82	74	80	74	77	75	73	77	68	79	62	82	55	86	49	90	44	93	40	95	37	98	35	101	33	103	31	104	29	104	26	103	24	101	23	98	22	94	22	90	23	86	25	81	28	77	31	74	33	71	34	69	34	68	33	66	31	63	28	61	25	60	21	59	16	59	12	59	9	58	7	57	6	57	6	
85:
109	53.041	103	32	102	33	100	35	99	38	97	40	96	43	96	47	97	50	99	52	102	55	105	59	107	64	108	69	108	75	107	82	105	89	102	95	98	100	93	104	88	107	83	109	78	110	74	110	71	109	68	107	66	104	65	100	65	95	66	89	66	82	67	74	69	65	71	57	72	50	72	44	71	39	70	34	70	30	71	27	72	25	72	24	73	24	75	25	76	27	76	30	75	33	73	36	70	40	66	45	62	49	57	52	51	54	44	55	38	55	33	55	29	56	26	57	24	59	23	61	23	64	24	67	26	70	28	72	30	73	31	73	31	72	30	71	28	69	25	67	21	66	16	66	11	67	7	69	4	72	2	76	1	81	1	85	2	89	2	92	1	94	-1	95	-3	95	-4	94	-5	92	-6	89	-8	85	-9	80	-9	74	-8	67	-6	59	-3	50	1	42	6	35	12	29	18	24	24	20	31	17	39	15	48	14	58	14	67	15	75	17	82	20	88	24	93	27	97	29	100	31	102	32	103	32	103	32	
86:
106	48.301	45	64	46	64	48	65	51	67	54	70	57	74	59	79	60	85	61	90	63	94	65	97	68	99	72	100	75	100	77	99	78	97	78	94	77	90	76	85	76	80	77	74	79	67	81	61	82	55	82	50	81	45	79	41	76	38	72	36	69	35	67	34	66	34	66	34	67	33	69	31	72	28	74	24	75	21	75	17	74	14	72	12	69	11	67	10	66	10	66	11	67	13	69	14	71	14	74	14	78	15	83	15	88	14	92	14	95	14	97	13	98	11	98	10	97	10	95	10	92	11	88	13	83	16	77	20	70	23	63	27	56	32	48	38	40	44	33	49	27	53	22	56	18	58	15	59	12	59	10	58	9	56	9	54	10	51	10	47	9	43	7	40	6	38	4	37	1	37	-2	38	-4	40	-5	43	-5	47	-4	52	-2	58	1	64	5	69	10	74	16	78	23	81	29	83	34	84	39	84	43	83	46	81	48	78	49	74	49	70	48	67	46	65	45	64	45	64	
87:
107	48.963	48	108	49	107	51	105	54	102	56	98	57	93	57	87	56	80	54	74	53	69	52	65	52	62	53	60	55	59	57	59	59	59	60	59	60	58	59	57	57	55	54	53	50	52	45	52	41	53	38	54	34	56	31	59	29	62	28	64	28	65	29	65	31	64	32	62	32	59	31	55	29	50	28	44	26	37	23	31	21	25	20	20	20	16	21	13	23	11	26	10	30	8	35	7	41	6	47	6	53	7	60	9	66	12	71	16	75	20	78	24	80	27	83	29	85	30	87	30	89	29	90	28	92	28	95	29	97	31	98	34	98	38	99	42	101	47	104	53	107	60	109	68	110	77	110	86	109	95	107	103	104	110	100	116	95	121	89	125	82	128	74	130	65	131	55	131	46	130	38	128	31	125	25	121	19	116	14	110	10	103	7	97	5	92	4	88	4	85	5	83	7	82	9	82	12	83	16	84	21	86	27	89	33	93	38	98	42	102	45	105	47	107	48	108	48	108	
88:
102	45.77	43	7	44	6	46	5	48	3	49	1	49	0	48	0	47	1	45	3	44	6	44	10	45	15	47	20	50	26	52	33	55	39	57	44	58	48	58	51	57	53	55	54	52	54	48	55	44	57	41	60	38	64	34	69	29	73	23	76	17	79	12	81	8	84	5	87	3	91	2	95	2	98	3	100	5	101	8	101	12	101	17	101	23	100	29	98	36	95	42	91	47	87	51	84	54	81	56	77	57	74	58	72	58	71	59	71	61	72	64	74	66	77	67	81	68	84	69	86	70	89	72	91	75	92	77	92	78	91	78	89	77	88	75	88	72	89	69	91	67	94	66	96	66	97	67	97	69	96	72	94	76	91	81	87	86	83	90	78	95	73	100	67	104	60	107	54	109	47	110	41	110	36	109	32	107	29	104	27	101	26	97	24	92	23	86	23	79	23	71	23	64	22	58	20	53	17	49	13	46	10	44	8	43	7	43	7	
89:
104	129.913	20	41	19	40	17	38	15	35	13	31	11	28	10	26	10	24	11	23	13	23	16	24	20	26	25	27	31	27	36	26	40	24	44	21	48	18	51	14	53	9	54	5	55	2	57	0	60	-1	62	-1	63	0	63	2	63	5	64	9	66	14	67	19	69	25	71	30	74	34	78	37	82	39	86	40	89	40	91	39	92	39	92	40	91	42	89	45	86	49	82	54	77	59	72	65	68	70	64	74	61	78	59	81	57	84	55	86	52	87	49	87	47	86	45	84	44	81	42	78	39	76	35	75	31	75	26	76	22	77	19	78	17	80	16	83	16	87	17	90	19	93	22	96	26	100	31	105	37	110	44	114	52	117	61	119	69	120	76	120	82	119	87	117	91	114	95	110	98	107	100	103	101	98	101	93	100	89	98	86	95	84	91	83	86	83	80	82	73	80	65	77	56	73	48	68	41	62	35	56	30	51	26	47	23	44	21	42	20	41	20	41	
90:
87	5.895	90	31	89	30	87	28	84	26	80	25	75	25	70	26	65	28	60	31	54	34	48	36	42	37	36	37	31	36	27	35	24	33	22	30	21	27	21	23	22	18	24	14	26	11	29	9	31	8	32	8	32	8	31	7	29	5	26	3	22	1	17	0	13	0	10	0	8	1	6	3	5	6	5	10	5	15	6	21	8	27	10	34	12	42	13	49	13	56	14	62	15	67	17	71	18	74	18	76	19	77	21	77	24	76	28	74	32	71	36	69	41	68	45	68	48	69	50	71	53	74	55	78	58	83	62	89	65	94	67	98	69	101	72	103	76	104	80	105	85	105	91	104	96	102	100	100	103	97	105	93	106	88	106	82	105	75	104	67	102	59	99	52	95	46	92	41	90	37	89	34	89	32	90	31	90	31	
91:
102	11.372	39	29	39	28	39	26	40	23	42	19	45	14	49	10	52	7	54	5	57	4	59	4	60	5	62	7	65	9	68	12	72	16	77	21	83	25	88	28	92	30	96	32	99	33	101	33	102	34	102	34	101	34	99	34	96	34	92	34	87	34	81	35	74	35	68	35	63	36	59	38	56	41	54	44	53	48	53	53	54	57	55	60	57	62	59	63	60	64	60	66	59	68	57	71	54	75	50	80	47	86	44	91	42	95	41	98	41	102	42	105	44	107	47	108	51	108	56	107	62	105	67	102	71	99	74	96	78	94	83	93	87	93	90	94	92	96	93	99	93	103	92	106	90	109	87	111	83	112	78	112	72	111	65	109	57	106	49	102	41	97	33	91	26	86	20	82	15	78	11	75	8	73	6	71	5	70	5	69	6	68	8	66	11	63	15	59	19	56	24	52	29	47	33	43	36	39	38	35	39	32	39	30	39	29	39	29	
92:
106	19.538	44	35	44	34	43	34	42	34	40	35	37	37	34	40	32	44	31	49	31	55	32	62	33	68	33	74	32	79	30	83	27	86	23	88	20	89	17	89	15	88	14	86	13	83	13	80	12	78	10	77	7	77	4	78	2	80	1	83	1	87	2	92	4	96	7	99	11	102	16	104	22	105	29	105	35	104	41	102	46	99	50	95	53	92	56	88	58	83	59	78	59	74	58	71	57	69	57	68	58	68	60	67	63	65	67	63	72	62	78	62	85	61	93	61	100	60	106	60	111	60	115	61	118	63	120	66	121	69	122	73	122	78	121	82	119	85	116	87	112	88	108	88	105	87	103	85	102	82	101	78	100	73	98	67	97	60	95	52	93	43	90	34	86	25	81	17	75	10	68	4	60	-1	51	-5	43	-8	36	-10	30	-11	25	-11	21	-10	18	-8	16	-5	15	-2	15	2	16	6	18	10	21	15	25	19	30	24	34	28	38	31	41	33	43	34	44	35	44	35	
93:
107	89.609	19	1	20	2	21	4	22	7	22	11	21	16	19	21	17	26	15	30	12	33	8	35	5	36	3	36	2	35	2	34	3	34	5	35	8	37	11	39	15	42	20	46	26	49	32	51	37	52	41	52	44	51	46	49	47	46	47	42	47	37	48	32	50	27	53	21	57	16	62	12	68	9	73	7	78	6	82	6	85	7	87	8	89	10	90	13	90	17	91	21	91	26	92	31	94	35	97	39	100	42	102	44	104	45	105	46	105	48	104	50	102	51	99	51	95	52	90	54	84	57	78	61	73	66	69	72	66	78	63	83	61	87	59	90	56	92	52	93	48	93	43	92	37	90	30	88	24	85	18	81	13	78	9	76	5	75	2	75	-2	76	-5	78	-7	81	-8	84	-8	88	-7	91	-5	93	-2	94	2	94	6	93	10	91	13	88	16	84	20	79	23	73	25	66	26	59	26	52	27	45	29	37	30	29	30	22	29	16	27	11	24	7	22	4	20	2	19	1	19	1	
94:
116	4.368	63	16	62	15	61	13	61	10	62	8	64	7	67	7	70	8	72	10	75	11	78	11	80	10	81	9	83	8	86	8	89	9	91	11	93	14	94	17	94	21	93	25	91	28	89	32	88	37	87	41	85	45	83	48	82	50	80	51	79	51	79	50	79	48	78	46	76	44	74	43	73	43	72	44	71	46	71	49	70	53	69	58	67	64	64	71	60	79	57	86	55	92	53	97	52	101	52	104	51	106	50	107	48	107	45	106	41	104	38	102	35	99	33	95	32	90	30	84	27	77	23	70	19	63	16	56	14	49	13	43	13	36	14	29	16	22	19	16	23	11	28	7	34	4	41	2	48	0	56	-2	65	-3	75	-3	86	-2	96	0	105	3	113	7	120	12	126	18	131	25	135	33	138	41	140	50	141	60	141	69	140	77	138	84	135	90	131	95	126	99	120	102	113	104	106	105	100	105	94	104	88	102	83	99	79	95	75	90	72	84	70	77	69	69	69	60	70	52	71	44	72	37	72	31	71	26	69	22	66	19	64	17	63	16	63	16	
95:
111	1.987	14	34	13	33	11	32	8	32	5	31	3	31	1	32	0	32	0	31	1	31	3	30	6	28	10	25	14	21	17	17	19	13	20	10	20	8	19	7	17	7	14	8	12	10	10	11	9	11	9	10	10	8	12	5	15	2	19	0	24	-1	30	-1	35	0	39	2	42	5	44	9	46	14	48	20	49	27	49	33	48	38	47	43	46	47	46	50	47	52	47	53	46	53	44	52	41	50	37	47	33	44	30	42	28	41	27	41	27	42	28	44	30	46	33	49	37	51	42	53	47	54	53	54	60	53	66	51	71	48	75	44	79	39	82	34	84	28	85	22	85	17	84	13	83	10	81	8	78	7	76	7	75	8	75	10	76	13	78	17	81	22	85	28	90	35	94	43	97	52	99	61	100	70	100	78	100	85	99	91	99	96	98	100	96	103	93	105	89	106	85	106	82	105	80	103	77	100	73	96	68	91	63	85	57	78	50	70	42	62	35	55	29	49	24	44	20	40	17	37	15	35	14	34	14	34	
96:
97	3.543	33	42	34	43	36	45	37	47	37	48	36	48	34	47	31	46	27	46	23	47	18	49	12	52	7	56	2	59	-2	63	-5	68	-7	74	-8	80	-8	85	-7	89	-5	92	-2	94	1	95	5	95	9	94	14	92	20	89	25	85	31	82	38	80	46	79	55	79	63	80	70	80	76	80	81	79	86	77	90	75	93	72	95	68	96	64	96	60	95	55	95	49	96	44	98	39	100	35	103	32	105	30	108	29	110	29	111	30	111	32	110	35	108	37	105	38	101	38	96	37	90	35	83	32	75	28	68	23	62	17	56	12	51	8	47	5	43	3	40	2	38	2	37	3	36	5	36	8	36	12	37	17	37	21	36	24	35	26	33	27	30	27	26	26	21	24	16	21	12	18	9	15	7	13	6	12	6	12	7	13	9	15	11	18	14	22	18	27	23	32	27	36	30	39	32	41	33	42	33	42	
97:
89	19.635	80	36	80	37	81	37	82	36	84	34	85	32	85	29	85	27	84	26	82	26	79	27	77	29	74	32	70	35	66	38	61	40	56	41	52	41	48	40	45	38	43	35	40	31	36	27	31	22	27	18	24	15	20	13	17	12	15	12	14	13	14	15	15	18	17	22	20	26	24	31	28	37	31	44	33	51	34	57	34	62	33	66	31	69	28	71	24	72	19	72	14	71	9	70	5	69	2	69	0	69	-1	70	-1	72	0	75	2	79	5	83	9	88	14	92	20	95	26	98	32	100	37	102	41	103	44	105	46	107	47	108	49	108	52	107	56	106	61	106	66	107	72	108	78	108	83	108	87	107	90	105	92	102	93	98	93	93	94	87	94	80	93	72	91	64	88	57	85	51	82	46	80	42	79	39	79	37	80	36	80	36	
98:
94	19.37	16	8	15	8	13	9	10	9	6	10	3	11	1	13	0	15	0	16	1	16	3	17	6	18	9	19	13	21	16	24	18	28	19	32	19	35	18	37	17	38	16	38	16	37	17	35	19	32	22	28	26	23	31	18	36	13	40	9	45	6	51	4	57	3	64	3	70	4	75	6	79	9	82	13	84	18	85	24	85	31	84	38	82	44	79	50	76	55	73	60	71	65	70	71	70	76	71	80	73	83	76	85	79	88	83	90	88	91	92	91	95	90	97	88	98	85	98	83	98	82	99	81	100	81	101	82	103	84	104	87	104	91	103	96	101	101	98	105	94	108	89	111	83	113	76	114	69	114	63	113	58	111	54	108	51	104	49	99	46	93	43	86	40	78	37	69	34	59	32	50	31	42	30	35	29	29	27	23	24	18	21	14	19	11	17	9	16	8	16	8	
99:
94	37.465	84	73	85	74	87	75	90	75	94	74	97	74	99	74	100	73	100	71	99	68	97	65	94	63	90	62	85	62	79	62	73	63	68	64	64	66	60	69	57	73	55	77	54	81	54	84	53	86	51	88	48	89	44	89	41	88	37	88	34	87	32	85	31	82	31	78	32	75	34	72	37	68	39	63	40	57	40	51	39	46	37	40	34	35	31	31	29	27	28	23	28	20	27	18	27	17	28	17	30	18	33	20	37	23	42	25	48	26	53	26	57	25	60	23	62	20	63	16	63	13	62	10	62	8	62	7	63	7	65	8	68	9	72	10	77	10	81	9	84	7	86	4	87	2	89	0	91	-1	93	-1	95	0	96	2	96	4	95	5	94	7	94	10	95	14	96	19	97	24	99	30	100	37	100	45	99	52	97	58	94	63	90	67	87	70	85	72	84	73	84	73	