0:
41	0.798	4	0	4	1	4	3	4	6	3	8	3	9	4	10	6	10	8	10	9	11	9	13	9	16	9	18	9	19	10	19	12	18	15	18	17	18	18	17	19	15	19	12	18	10	16	8	15	7	15	6	14	6	13	6	13	7	14	8	16	8	17	7	18	5	18	4	18	3	17	3	15	3	12	2	9	0	7	-1	5	-1	4	0	4	0	
1:
51	0.2	9	3	10	4	10	6	11	7	12	7	12	6	13	5	13	4	14	4	15	5	17	5	18	4	18	2	17	1	15	1	12	2	10	4	9	6	7	7	5	7	4	6	3	5	3	3	4	1	4	0	3	0	2	1	1	3	0	6	0	10	0	13	1	15	3	16	5	16	6	15	8	15	9	14	11	13	12	12	13	12	15	13	17	15	18	16	18	16	17	15	15	13	13	10	12	8	10	6	9	4	9	3	9	3	
2:
39	0.323	12	16	13	15	14	15	15	15	15	16	16	16	17	15	18	14	18	13	19	13	19	14	19	14	20	13	20	11	19	10	18	9	16	9	14	8	13	7	13	5	13	3	14	2	15	2	15	3	14	4	12	4	10	3	7	1	5	0	3	0	2	1	2	3	3	5	4	7	6	10	8	13	10	15	11	16	12	16	12	16	
3:
45	0.102	13	1	14	0	16	0	17	1	18	1	18	2	17	3	15	5	13	8	12	10	12	11	13	11	13	10	12	9	10	7	9	5	8	3	7	2	6	2	4	3	3	4	2	5	2	6	2	8	3	11	5	14	6	16	6	17	6	17	6	16	6	15	7	14	8	14	8	15	8	17	9	18	10	18	11	17	12	16	13	14	14	11	14	7	13	4	13	2	13	1	13	1	
4:
49	0.39	3	17	4	17	6	18	8	19	11	19	13	18	14	17	14	15	13	14	12	14	12	13	13	12	15	12	17	12	18	11	18	10	17	9	15	7	13	4	11	2	10	0	8	-1	5	-1	3	0	2	2	1	4	1	6	2	7	3	7	5	7	7	8	8	10	8	12	8	13	9	13	10	12	12	11	15	9	17	6	18	4	18	3	18	3	17	4	15	6	12	9	9	12	6	14	4	16	3	17	3	17	
5:
41	0.235	7	15	7	14	7	12	7	10	7	8	8	7	9	7	9	8	8	8	6	7	5	5	5	2	5	0	4	-1	3	-1	3	0	4	0	5	-1	7	-2	10	-2	13	-1	15	1	16	4	16	7	15	9	13	10	12	10	12	11	13	13	13	15	14	18	16	20	18	21	19	21	19	20	18	18	16	17	13	17	10	17	8	16	7	15	7	15	
6:
48	0.271	16	4	17	5	18	5	18	4	17	2	16	1	14	1	13	2	13	4	13	6	12	7	11	8	9	9	8	10	7	10	7	9	6	7	4	5	2	4	1	2	1	0	2	-1	3	-1	4	0	4	2	3	5	2	9	2	12	2	14	3	15	5	15	8	15	12	15	15	15	17	14	18	13	18	13	18	14	19	16	19	17	18	17	17	16	16	14	15	12	14	10	14	7	15	5	16	4	16	4	
7:
54	0.242	11	13	10	12	9	12	8	13	8	15	8	16	7	16	6	16	5	15	5	15	6	16	6	18	5	20	3	21	2	21	2	20	3	18	5	15	6	12	6	10	5	9	4	9	4	9	5	9	7	10	8	10	9	9	9	7	9	4	8	2	6	1	3	1	1	1	0	2	0	4	1	7	3	9	6	10	10	11	14	11	17	10	19	9	20	9	22	10	23	11	23	13	22	16	20	18	17	19	14	19	12	18	11	16	11	14	11	13	11	13	
8:
50	1.165	15	12	16	13	18	14	19	16	19	18	18	19	16	19	14	19	13	18	12	17	12	17	11	18	10	19	9	19	9	18	8	16	6	15	5	14	5	12	5	10	5	9	4	9	3	9	3	8	4	7	4	6	3	6	2	5	2	3	2	0	3	-2	5	-3	7	-3	8	-2	9	-1	9	1	8	4	6	7	3	11	1	14	0	16	0	17	1	18	3	19	6	19	9	18	12	17	14	15	15	13	15	12	15	12	
9:
39	0.084	5	14	5	15	4	15	2	15	0	14	-1	14	-1	14	0	13	2	11	3	8	3	6	2	5	1	5	1	5	2	6	4	7	6	7	7	6	7	4	8	3	10	2	13	2	16	1	18	1	19	1	19	2	19	4	18	7	18	11	19	14	19	16	18	17	16	17	15	16	13	14	11	13	8	13	6	13	5	14	5	14	
10:
49	1.046	4	19	5	20	7	20	9	20	11	19	12	17	12	14	11	12	11	9	10	7	8	6	7	6	6	7	6	8	7	8	7	7	7	5	6	4	4	4	2	3	1	3	1	2	2	1	4	1	7	1	11	1	14	2	16	3	17	5	17	8	18	10	19	11	19	11	18	12	16	14	13	15	9	15	6	14	4	13	2	11	1	9	1	8	1	8	2	9	2	11	2	13	2	16	3	18	4	19	4	19	
11:
38	0.317	17	3	16	4	14	4	11	4	8	4	6	3	5	1	5	0	4	0	3	1	2	3	2	6	3	9	4	11	5	12	5	14	4	15	3	17	3	18	4	18	6	18	9	19	12	19	14	19	15	18	15	16	16	15	18	15	19	15	19	16	18	16	16	15	14	13	13	10	13	7	14	5	16	4	17	3	17	3	
12:
45	0.507	7	13	6	12	4	12	3	12	1	12	0	11	0	10	1	9	3	8	6	8	8	9	9	9	10	8	10	6	9	5	9	4	10	4	12	5	14	6	15	7	17	7	19	7	20	8	20	10	19	13	17	16	14	18	12	19	9	20	7	20	5	19	3	17	2	14	1	10	1	7	1	4	1	2	1	1	0	1	0	2	1	4	2	7	4	10	6	12	7	13	7	13	
13:
46	0.052	11	7	10	6	10	4	11	2	13	0	15	-1	16	-1	16	0	15	1	13	2	10	4	8	5	7	7	7	10	7	12	7	13	8	13	8	12	9	12	9	13	8	15	8	16	8	18	8	19	7	19	5	18	3	16	2	13	1	10	0	7	0	5	0	4	1	4	3	5	6	7	9	8	13	10	16	13	18	15	19	16	19	16	18	15	16	13	14	10	12	8	11	7	11	7	
14:
50	0.537	12	16	11	17	9	19	7	20	6	20	5	19	5	17	4	14	4	11	3	9	3	8	4	8	6	8	9	8	12	8	14	8	15	8	15	7	14	6	13	5	13	3	14	2	16	2	18	2	19	3	19	5	18	8	18	12	19	15	19	17	19	18	18	18	17	17	15	15	13	12	12	9	11	6	9	3	7	1	4	0	2	0	1	1	0	1	0	2	1	4	3	7	6	10	9	13	11	15	12	16	12	16	
15:
45	0.16	11	3	12	3	14	2	15	0	15	-1	15	-1	16	0	18	2	19	4	19	5	18	6	16	7	13	8	11	10	9	13	7	15	5	16	4	18	3	19	1	19	0	18	0	16	1	13	2	9	3	5	3	2	3	0	4	-1	5	-1	7	0	10	2	13	5	15	9	16	13	16	16	15	18	13	19	11	19	10	18	8	16	7	13	7	9	8	6	10	4	11	3	11	3	
16:
54	0.089	16	2	16	1	17	1	19	0	20	-2	20	-4	19	-5	17	-5	14	-4	12	-2	10	1	9	5	9	8	9	10	8	11	7	11	7	10	8	10	9	11	10	12	11	12	11	11	12	9	12	8	13	8	15	9	16	11	16	14	15	16	14	18	12	19	10	19	8	18	6	16	3	13	1	11	0	9	0	8	0	8	0	9	1	11	2	14	2	17	1	19	0	20	0	20	1	19	3	17	5	15	7	12	10	8	13	5	15	3	16	2	16	2	
17:
43	0.056	6	15	5	16	4	18	3	19	2	19	1	18	1	16	1	13	2	9	2	6	1	4	0	3	0	1	1	0	3	0	6	1	8	3	9	4	10	4	11	3	11	3	10	4	9	6	9	9	10	11	11	12	12	12	12	13	13	14	14	14	16	13	17	11	19	10	20	10	20	11	19	13	18	16	17	18	15	19	12	19	9	18	7	16	6	15	6	15	
18:
38	0.134	13	11	14	12	14	14	14	17	13	19	11	20	9	20	8	19	7	18	6	18	5	19	4	19	4	18	4	17	3	17	2	17	2	16	2	14	1	13	1	13	2	14	4	15	5	15	5	14	5	12	6	9	8	5	10	2	12	0	15	-1	17	-1	18	0	19	2	19	5	18	8	16	10	14	11	13	11	13	11	
19:
44	0.094	11	10	10	9	10	7	10	5	10	4	11	3	11	2	10	2	9	2	9	3	8	4	6	4	5	3	5	1	4	0	2	0	0	1	-1	3	-1	5	0	8	2	10	4	11	7	11	11	10	14	9	16	7	17	5	17	3	18	2	19	2	19	1	18	0	16	0	15	1	15	3	16	6	18	9	19	11	19	13	18	14	16	14	14	13	12	11	11	10	11	10	
20:
54	1.3	17	12	17	11	17	10	17	9	16	9	14	10	12	12	11	14	11	16	12	17	13	17	15	17	17	17	18	18	18	19	17	19	15	18	12	17	8	16	5	15	2	15	0	15	-1	16	-1	17	0	17	0	16	-1	14	-1	12	0	10	2	9	4	9	6	10	7	10	8	9	8	7	9	5	11	3	13	2	14	0	14	-1	13	-1	11	-1	8	0	5	0	3	0	2	1	2	3	3	4	5	4	8	5	11	7	14	9	16	11	17	12	17	12	
21:
48	0.49	9	17	10	18	12	18	13	18	13	17	13	15	13	12	13	10	12	9	10	9	7	9	5	8	4	7	3	6	2	6	2	7	1	8	0	8	0	7	1	5	2	3	4	2	6	1	8	1	9	2	9	3	10	4	11	4	13	3	16	1	18	0	21	0	23	1	24	3	24	5	23	8	21	12	19	15	18	17	18	18	19	18	19	19	18	20	16	20	13	20	11	19	10	18	9	17	9	17	
22:
45	0.26	19	17	19	18	18	18	16	18	15	17	13	15	12	13	12	10	12	8	13	7	15	7	17	8	19	10	20	12	20	13	19	13	18	12	17	10	16	7	14	4	13	2	13	1	12	1	12	0	13	0	14	0	15	0	15	0	14	1	12	3	9	5	6	8	4	10	3	11	3	13	4	14	4	16	4	18	5	19	7	19	10	18	13	17	16	16	18	16	19	17	19	17	
23:
47	1.109	6	16	5	16	3	15	1	13	0	11	0	9	1	8	3	8	5	9	6	9	6	8	6	6	6	4	7	3	9	3	12	3	14	2	15	1	15	0	14	0	12	1	9	1	7	2	4	3	2	3	1	2	1	1	2	1	2	2	1	4	1	7	2	11	4	14	7	16	11	17	15	17	18	18	20	19	21	19	21	18	20	17	18	15	15	14	12	14	9	15	7	16	6	16	6	16	
24:
47	2.512	19	6	19	5	19	3	18	1	16	0	13	0	11	0	8	0	5	1	3	3	2	4	1	5	0	5	0	5	1	6	2	7	3	8	3	10	2	13	0	15	-1	16	-1	18	0	19	2	19	5	18	8	18	10	17	11	16	11	14	11	12	12	11	14	11	15	11	15	10	16	10	16	11	17	13	18	15	18	17	18	18	17	18	16	17	15	15	15	12	16	9	18	7	19	6	19	6	
25:
42	0.041	1	14	0	15	0	16	0	17	1	17	2	17	4	16	7	14	9	13	11	13	12	13	12	12	11	11	10	10	10	8	11	6	11	3	11	1	10	0	9	0	7	1	4	3	2	6	1	8	0	9	0	9	1	8	3	6	6	4	10	3	13	3	15	4	16	6	17	9	17	12	16	14	14	15	11	15	7	15	4	15	2	15	1	14	1	14	
26:
41	0.749	9	10	8	11	7	11	5	10	3	8	2	7	2	5	3	3	4	1	6	0	7	0	7	1	7	2	8	3	10	3	11	3	13	4	14	5	14	5	14	4	15	2	17	1	18	1	19	2	19	4	18	7	18	11	18	14	18	16	18	17	17	17	15	17	12	16	10	15	8	15	6	15	5	14	5	12	6	11	8	10	9	10	9	10	
27:
53	2.022	2	8	1	9	1	11	1	14	0	16	0	17	0	18	0	18	0	17	1	15	3	13	5	11	6	9	8	8	10	8	11	8	11	7	10	6	9	5	7	5	5	5	4	4	4	2	5	1	7	1	10	1	13	2	15	4	16	6	16	8	15	9	15	9	16	8	18	8	19	9	19	11	19	13	19	15	18	16	16	16	15	16	15	17	16	18	17	19	18	19	18	18	17	16	15	14	12	12	8	11	5	10	3	9	2	8	2	8	
28:
59	1.694	17	13	17	12	17	10	17	8	17	6	18	5	19	5	19	6	18	6	16	5	13	4	11	4	10	5	9	7	9	9	8	10	7	10	5	10	4	9	3	9	3	8	4	6	5	3	5	1	4	0	2	0	0	0	-1	1	-1	3	0	6	2	9	4	13	6	16	7	18	8	19	10	19	12	18	13	17	15	16	17	16	18	17	18	18	17	18	15	19	12	21	9	22	6	22	3	21	1	20	0	19	0	17	1	16	2	15	4	13	7	12	11	11	14	11	16	12	17	13	17	13	
29:
44	0.268	2	18	3	18	5	17	6	16	6	14	6	13	7	13	9	13	10	12	10	11	10	9	9	7	8	6	8	6	9	6	9	5	8	3	6	2	5	0	5	-1	6	-1	8	-1	10	0	13	2	15	4	16	7	16	11	17	14	17	16	16	17	14	17	11	16	8	14	6	11	5	9	5	8	5	8	4	9	2	9	1	10	0	12	0	15	1	17	2	18	2	18	
30:
56	0.391	8	1	7	1	6	2	6	3	7	5	7	6	6	8	4	9	3	9	3	9	4	8	6	8	7	9	7	11	6	14	5	17	5	19	5	20	6	20	8	19	10	17	12	16	13	16	13	17	13	17	12	16	11	14	11	12	12	9	14	7	16	5	18	3	19	1	19	0	18	0	18	1	19	3	20	6	20	8	19	9	17	9	14	9	10	8	6	7	3	7	0	8	-2	10	-3	12	-3	13	-2	13	0	12	1	10	3	7	5	4	7	2	8	1	8	1	
31:
47	0.162	19	11	18	11	17	10	17	9	18	9	19	8	19	6	19	3	18	1	16	0	13	0	10	1	7	2	5	2	4	1	4	0	3	0	2	1	1	1	1	2	2	4	4	5	5	6	6	7	6	9	5	11	4	12	4	12	5	11	6	10	8	9	11	9	13	10	14	12	14	13	13	13	12	14	11	15	11	17	12	19	14	20	17	20	19	19	20	17	20	14	20	12	19	11	19	11	
32:
46	0.119	12	16	13	17	13	17	12	17	10	18	9	18	8	17	7	17	7	18	7	18	7	17	7	15	6	13	6	12	5	11	3	11	2	12	2	12	3	11	5	9	8	8	11	8	13	9	14	9	14	8	14	6	13	3	13	1	14	0	15	0	16	1	16	3	15	4	13	5	10	5	6	4	3	2	1	1	0	1	0	2	1	4	3	7	6	10	9	13	11	15	12	16	12	16	
33:
56	0.52	18	11	18	12	18	12	17	11	16	9	16	8	15	6	14	5	12	5	11	4	11	2	11	-1	12	-3	14	-4	16	-4	17	-3	18	-1	18	2	17	5	15	7	13	10	11	12	10	14	10	16	11	19	13	21	16	22	18	22	19	22	19	21	18	19	16	17	13	16	9	16	5	16	2	17	0	18	-1	18	-1	17	0	15	1	12	1	9	1	7	2	6	3	6	4	5	4	5	3	4	3	3	4	2	6	2	9	3	12	5	15	8	17	10	18	11	18	11	
34:
44	0.262	11	14	10	15	9	15	7	14	6	13	5	13	4	14	4	15	3	15	1	15	0	16	0	18	0	19	1	19	2	18	2	16	1	14	0	11	0	7	1	4	1	2	1	1	2	1	3	2	4	4	5	6	7	7	8	7	8	8	9	10	11	11	14	11	16	10	17	8	18	6	18	4	17	3	15	3	12	4	10	6	9	9	9	11	10	13	11	14	11	14	
35:
42	0.078	8	8	8	9	9	9	9	8	8	7	8	5	7	3	6	1	6	-1	7	-2	8	-2	9	-1	11	1	14	2	16	2	17	1	17	1	16	2	15	4	15	6	16	8	17	11	17	14	16	16	14	17	12	17	9	16	7	15	6	14	6	13	5	13	5	14	5	16	4	18	3	19	2	19	2	18	2	16	3	13	5	11	7	9	8	8	8	8	
36:
47	0.127	11	12	12	13	12	13	13	12	15	12	16	13	16	14	15	14	14	13	13	11	12	9	12	7	11	6	9	6	8	7	6	8	5	8	4	8	4	7	5	5	7	4	8	2	8	1	7	0	6	0	5	0	5	0	6	1	8	1	11	0	13	0	14	1	14	2	13	4	11	6	8	8	6	10	4	11	2	11	1	12	1	14	2	15	4	15	6	15	8	14	10	13	11	12	11	12	
37:
53	2.156	8	0	7	1	6	3	5	4	5	4	5	3	6	3	7	4	8	4	8	3	7	3	5	4	3	6	2	8	2	11	3	13	3	14	2	14	0	14	-1	15	-1	16	0	18	2	19	3	19	5	18	6	16	7	14	8	13	10	13	11	14	12	16	12	18	12	19	13	19	14	18	15	16	16	14	16	11	16	9	15	8	14	8	14	9	15	10	17	10	19	9	20	7	20	6	19	6	17	5	14	3	11	1	9	0	8	0	8	0	
38:
46	0.055	2	18	2	17	2	15	2	13	3	12	4	11	5	11	7	12	9	14	10	15	11	15	12	14	12	12	13	11	13	9	12	8	11	7	11	6	12	4	12	2	13	1	15	1	17	2	18	3	18	5	18	8	18	11	18	13	19	14	20	14	20	13	19	11	17	9	14	7	11	4	8	2	6	1	5	1	4	2	4	4	4	7	5	10	5	12	4	15	3	17	2	18	2	18	
39:
48	1.514	2	11	1	10	1	8	0	7	0	7	1	6	3	4	4	2	5	1	5	1	6	2	8	2	11	2	14	3	16	5	18	6	19	6	19	5	19	3	18	1	16	0	14	0	13	1	13	3	12	5	11	7	11	10	11	12	10	13	8	13	6	13	5	14	5	16	6	18	8	19	11	19	13	18	14	16	15	13	16	11	16	9	15	8	13	8	11	9	8	9	5	9	3	10	2	11	2	11	
40:
47	0.135	19	11	18	11	17	11	16	10	14	10	13	10	12	9	12	8	11	8	10	9	8	9	7	8	7	7	6	6	4	6	3	7	3	9	2	10	2	10	2	9	2	7	1	5	1	4	1	3	0	3	0	4	1	6	3	9	5	12	7	14	8	15	8	16	7	17	7	17	8	16	9	15	11	15	12	16	12	18	12	19	13	19	15	18	17	17	19	16	20	14	20	12	19	11	19	11	
41:
48	0.136	18	11	19	12	19	13	18	14	17	14	16	15	16	17	16	18	16	18	15	17	13	16	10	14	8	13	5	13	3	14	2	15	2	17	2	18	2	18	1	17	1	16	0	14	0	11	0	8	0	6	0	5	1	5	3	6	6	7	8	8	9	8	10	7	10	5	11	4	13	4	14	4	14	5	13	6	12	7	12	7	13	6	15	5	17	5	19	6	20	8	20	10	19	11	18	11	18	11	
42:
40	0.491	6	16	5	15	4	15	4	15	5	15	6	15	8	15	10	16	12	17	14	18	16	18	18	17	19	17	19	16	18	14	16	13	14	12	13	12	13	11	14	9	16	7	17	5	17	3	18	2	18	1	17	1	15	2	12	3	9	5	7	7	6	8	6	9	7	9	7	8	6	8	5	9	4	11	4	13	5	15	6	16	6	16	
43:
41	0.139	16	17	17	16	18	14	18	12	18	9	18	7	18	5	17	4	15	3	12	3	9	4	7	4	6	5	6	7	7	8	8	9	9	11	9	13	8	14	6	14	5	15	4	16	2	17	0	17	-1	16	-1	14	0	11	1	8	2	6	2	3	2	1	1	0	1	0	2	1	3	3	5	6	7	10	10	13	13	15	15	16	16	17	16	17	
44:
44	0.206	11	17	10	18	8	18	7	19	6	19	6	18	6	17	7	15	9	13	10	12	10	12	9	12	7	11	4	11	2	10	0	8	-1	6	-1	4	0	3	2	3	4	4	5	4	5	3	5	2	5	1	6	1	8	1	11	2	13	2	14	2	14	3	13	5	12	8	12	10	13	11	14	11	16	10	17	9	17	9	16	10	15	12	13	14	12	16	11	17	11	17	
45:
43	0.081	12	16	13	17	13	19	12	20	10	20	9	20	7	19	6	17	5	15	3	13	1	12	0	10	0	7	1	5	2	4	4	4	7	4	10	3	12	1	13	0	15	0	16	0	16	1	15	2	14	4	14	7	15	9	15	10	14	10	12	10	10	9	9	9	9	8	10	7	12	7	15	8	17	10	18	12	18	13	17	13	15	14	13	15	12	16	12	16	
46:
44	0.507	3	17	2	18	1	19	0	19	0	18	1	17	3	17	6	18	8	20	9	21	11	21	12	20	12	18	12	15	11	13	9	12	7	11	6	11	6	10	7	9	9	9	11	9	13	9	14	8	14	6	14	3	15	1	17	0	18	0	18	1	17	1	15	1	12	1	10	1	7	2	4	2	2	2	1	3	1	5	0	8	0	11	1	14	2	16	3	17	3	17	
47:
48	0.175	3	6	3	5	4	4	6	3	9	3	11	4	13	5	14	5	14	4	15	3	16	3	16	4	17	5	17	6	17	6	18	5	19	5	20	6	20	8	19	10	19	13	18	15	17	16	15	16	14	15	13	14	11	14	8	15	6	17	3	18	1	18	0	17	0	15	0	12	1	10	3	8	5	5	8	2	11	0	13	-1	14	-1	14	0	13	0	11	1	9	2	6	3	4	5	3	6	3	6	
48:
43	0.519	16	17	17	16	18	14	18	12	17	11	15	11	14	12	14	13	13	14	11	14	10	14	10	15	10	16	10	18	9	19	7	19	4	19	2	18	1	17	1	15	1	13	2	12	4	11	5	11	5	12	6	13	8	13	9	12	9	11	8	9	6	8	3	8	1	8	0	7	0	6	1	5	3	5	6	6	10	8	13	11	15	14	16	16	16	17	16	17	
49:
53	0.999	7	16	8	16	9	16	9	15	8	13	8	11	9	10	11	10	13	10	14	11	15	12	15	14	15	15	16	15	17	14	18	12	18	9	19	6	19	3	18	1	18	0	17	0	15	1	12	3	8	4	5	4	3	3	2	2	0	2	-1	2	-2	3	-2	5	-1	8	1	10	2	11	2	11	1	12	1	14	2	15	4	17	7	18	10	18	13	18	16	19	18	19	19	19	19	18	18	16	16	15	13	14	10	14	8	15	7	16	7	16	
50:
41	0.046	16	9	15	9	14	10	14	11	15	11	16	10	18	10	19	11	19	11	18	12	16	14	13	16	11	18	10	19	9	19	9	18	9	16	9	13	10	11	10	9	9	8	7	8	4	9	2	11	1	13	0	14	0	15	1	15	1	14	0	12	0	9	1	6	3	4	5	2	7	1	10	1	13	2	15	4	16	6	16	8	16	9	16	9	
51:
40	0.057	6	13	7	13	7	12	6	12	6	12	7	12	7	11	6	10	6	10	7	10	9	11	10	13	11	14	12	15	14	15	16	14	17	12	18	9	18	7	18	5	18	3	17	2	15	2	12	2	8	3	5	3	3	2	2	1	1	1	1	2	1	4	1	7	1	11	1	14	0	16	0	17	1	17	3	16	5	14	6	13	6	13	
52:
52	1.058	17	4	17	3	17	1	18	0	19	0	19	1	18	3	18	6	19	9	19	11	18	12	17	12	17	11	16	10	14	9	12	8	10	6	8	4	7	3	7	3	6	4	4	6	3	7	2	7	1	6	1	4	1	2	2	1	3	0	5	0	6	1	7	3	7	5	6	8	6	12	5	15	3	17	1	18	0	18	0	19	1	21	3	22	6	22	10	21	14	20	17	19	19	17	20	14	20	10	19	7	18	5	17	4	17	4	
53:
49	0.454	2	18	1	19	1	19	2	18	4	17	7	17	10	17	12	17	14	17	15	18	15	19	16	19	17	18	17	16	16	15	16	14	15	13	14	13	12	12	11	10	11	9	12	9	13	8	13	7	12	6	10	4	9	2	9	1	8	0	6	0	5	1	4	1	4	2	5	2	7	1	10	0	13	-1	16	-1	18	0	19	0	19	1	18	2	16	3	13	5	9	8	6	12	4	15	3	17	2	18	2	18	
54:
54	0.742	13	3	14	4	16	4	17	3	18	3	18	2	17	2	15	3	14	5	13	8	13	10	12	11	12	12	13	14	14	15	15	15	16	16	18	18	19	19	19	19	18	19	16	19	13	18	10	17	7	15	5	13	4	11	4	10	3	10	2	11	1	11	1	10	1	8	1	5	0	3	0	1	0	0	1	0	1	1	0	3	-1	6	-2	9	-2	13	-1	16	1	18	3	19	5	19	8	18	10	16	11	13	13	9	14	6	14	4	13	3	13	3	
55:
47	0.532	9	3	8	2	7	1	6	1	6	2	6	4	5	6	3	7	1	8	0	8	0	9	1	10	1	12	1	13	2	13	4	13	6	13	7	12	7	10	8	9	10	9	11	10	11	12	10	14	9	15	7	17	4	18	2	18	1	17	1	17	2	18	4	20	7	21	10	22	13	22	16	22	18	21	19	19	19	17	18	14	17	10	17	7	16	5	14	3	12	2	10	2	9	3	9	3	
56:
52	1.514	15	1	16	2	17	4	17	7	16	9	14	10	12	10	11	9	10	8	8	7	7	6	6	5	6	5	6	6	5	7	3	7	2	6	2	5	3	4	5	4	7	4	9	5	10	5	10	6	9	7	7	9	6	12	5	15	5	17	4	19	2	20	1	20	1	19	2	18	4	18	7	17	10	17	12	16	13	14	13	13	12	13	12	14	12	16	13	17	15	17	16	16	16	14	15	11	14	7	14	4	14	2	15	1	15	1	
57:
42	0.137	2	19	2	18	2	16	2	14	3	13	5	13	6	14	6	16	6	17	7	17	8	17	10	17	11	17	11	18	11	19	12	19	14	18	17	16	19	13	20	10	20	8	19	6	17	4	14	3	12	3	10	4	8	5	6	6	5	6	5	5	5	4	4	2	2	1	1	1	1	2	1	4	1	6	1	9	0	13	0	16	1	18	2	19	2	19	
58:
46	0.95	3	3	3	4	3	4	2	3	2	1	3	0	5	0	7	1	8	2	8	4	8	6	9	7	10	7	12	6	15	5	17	5	18	5	18	6	18	8	18	11	19	13	19	14	18	14	16	13	15	13	15	14	14	16	12	18	10	19	9	19	7	18	6	17	4	17	3	18	1	19	-1	19	-2	18	-2	16	-1	13	0	10	2	8	4	7	5	7	5	6	4	4	3	3	3	3	
59:
48	0.199	13	11	14	11	16	12	18	12	19	12	19	11	19	10	19	8	18	5	16	3	14	2	12	2	11	3	10	4	10	5	9	5	7	4	5	4	3	4	2	4	2	5	3	7	5	10	7	12	8	13	9	13	9	12	9	11	9	10	9	10	8	11	6	13	5	15	5	17	4	18	2	18	1	17	1	17	2	18	4	20	6	21	9	21	12	20	14	18	15	15	15	13	14	12	13	11	13	11	
60:
40	0.184	17	13	16	14	15	15	14	16	12	16	10	16	9	15	9	13	10	11	12	9	13	8	15	8	16	8	16	7	15	5	15	4	16	2	16	1	15	0	14	0	13	1	12	2	11	4	9	6	6	7	3	7	1	7	0	8	0	10	1	12	3	14	4	17	4	19	5	20	6	20	8	19	11	17	14	15	16	14	17	13	17	13	
61:
49	1.073	19	18	18	17	16	17	14	17	12	16	11	15	11	13	11	12	10	12	8	12	7	11	7	9	7	7	7	5	7	4	6	4	4	5	2	5	1	5	1	6	2	7	3	9	3	10	2	11	2	13	3	14	3	15	2	17	2	20	3	22	4	23	6	23	9	22	12	20	14	17	15	14	15	11	14	9	13	6	13	4	13	3	14	3	15	4	17	6	18	9	18	12	18	15	18	17	19	18	19	18	
62:
37	0.094	2	14	2	15	3	17	5	19	7	20	9	20	10	19	10	17	11	16	13	16	15	16	17	15	18	13	18	10	17	7	15	4	14	2	14	1	13	0	11	0	10	1	9	3	9	5	9	8	8	10	6	11	4	11	3	10	2	8	2	7	1	6	-1	6	-2	7	-2	9	-1	11	1	13	2	14	2	14	
63:
44	0.483	6	1	5	1	3	0	2	0	2	1	3	2	5	3	6	5	6	6	5	6	3	6	2	7	2	9	3	11	5	12	7	12	10	11	12	9	13	6	13	3	13	1	14	0	16	0	17	1	19	3	20	6	20	9	19	12	19	14	18	15	16	15	14	15	12	16	11	17	9	18	8	18	8	17	8	15	7	12	6	8	6	5	5	3	5	2	6	1	6	1	
64:
36	0.09	8	15	9	14	10	14	11	15	13	15	14	14	14	12	13	11	12	9	10	8	8	8	7	9	5	11	4	13	4	14	5	14	7	14	8	15	10	16	12	18	13	19	15	19	17	18	18	16	18	13	18	9	18	6	17	4	16	3	16	3	15	4	13	6	12	9	11	12	9	14	8	15	8	15	
65:
53	0.428	16	16	16	17	16	18	16	18	17	17	18	15	19	14	19	13	18	13	16	14	13	14	11	15	10	15	9	14	7	12	5	11	2	10	0	9	-1	7	-1	5	0	3	1	2	3	2	5	2	8	2	12	3	15	4	17	6	18	8	19	9	19	10	18	10	17	9	17	7	18	4	18	1	18	-1	17	-2	15	-2	12	-1	9	0	6	2	3	5	1	7	0	10	0	13	1	16	3	18	6	19	10	19	13	18	15	17	16	16	16	16	
66:
45	0.17	9	8	8	9	7	11	6	12	6	14	6	15	7	16	9	16	10	15	11	14	13	14	15	14	16	13	16	11	15	8	15	6	15	5	14	5	13	5	13	5	14	4	15	2	15	1	14	1	12	0	10	0	7	1	4	2	2	4	1	7	1	11	1	15	2	18	4	20	7	22	11	23	14	23	16	22	17	20	17	19	16	17	14	14	12	11	10	9	9	8	9	8	
67:
43	0.689	7	18	8	17	8	15	7	14	6	14	6	13	5	11	4	9	2	8	1	7	1	6	0	5	0	5	1	6	3	8	6	9	9	9	11	8	12	6	13	4	13	2	14	1	15	0	16	0	17	1	17	3	18	5	19	7	19	8	18	9	16	10	15	11	15	13	16	14	17	14	18	14	18	15	17	16	15	16	12	16	10	16	8	17	7	18	7	18	
68:
42	0.073	19	12	18	12	17	12	16	13	15	13	14	14	14	15	15	16	17	16	18	15	18	13	17	10	17	8	17	7	18	7	19	7	19	8	18	10	16	13	13	15	10	16	7	16	5	15	4	13	4	12	5	11	5	11	4	10	3	10	2	9	2	8	1	8	0	9	0	11	1	14	3	16	6	17	10	17	13	16	16	15	18	13	19	12	19	12	
69:
48	0.149	1	8	0	7	0	5	1	3	1	2	2	1	4	1	6	2	7	4	7	6	6	7	6	9	7	10	9	10	11	9	13	9	15	8	16	7	18	7	19	8	19	10	18	11	17	13	16	16	16	18	15	19	13	20	11	20	8	19	6	17	5	14	5	11	6	8	8	6	10	5	13	4	16	3	18	2	19	2	19	3	18	3	16	2	13	2	10	2	7	3	4	5	2	7	1	8	1	8	
70:
51	0.036	8	12	7	12	6	12	6	13	7	14	9	15	10	16	10	17	11	17	11	16	12	15	14	15	15	16	17	17	19	17	20	16	20	14	19	11	17	9	14	8	12	8	10	9	8	9	7	8	7	6	6	4	4	3	2	3	1	4	1	6	1	9	0	12	0	15	1	17	3	18	5	18	7	17	9	15	10	12	10	8	11	5	13	3	14	2	16	2	17	2	17	3	16	4	14	6	11	9	9	11	8	12	8	12	
71:
39	0.014	1	6	2	6	3	7	3	8	2	9	1	10	1	11	2	13	3	15	5	16	7	16	8	15	9	13	9	10	8	7	8	5	9	3	11	2	14	2	16	3	18	3	19	2	19	1	18	0	17	0	17	1	16	3	16	6	16	10	15	13	14	15	13	16	11	16	9	15	7	13	6	10	4	8	2	7	1	6	1	6	
72:
40	0.128	7	7	7	8	7	9	8	9	10	8	11	8	12	8	12	9	13	9	14	10	15	10	15	11	14	13	12	14	9	15	6	15	4	14	3	12	3	9	4	6	4	4	5	3	6	3	8	4	11	5	15	5	18	6	20	8	21	10	21	13	20	16	19	18	19	19	18	19	16	18	13	16	10	13	8	10	7	8	7	7	7	7	
73:
40	0.274	11	19	12	19	13	19	13	18	12	17	10	17	7	17	5	17	4	17	4	18	5	19	5	19	4	18	3	16	2	14	2	11	3	8	5	6	6	5	7	5	8	6	8	8	9	9	11	9	13	8	15	8	16	9	17	10	18	10	18	9	17	7	17	6	16	6	16	7	16	9	16	12	15	14	13	16	12	18	11	19	11	19	
74:
44	0.079	4	14	5	15	6	16	8	16	10	15	11	14	11	12	11	11	12	11	14	12	15	14	16	15	18	15	19	14	19	12	18	11	16	10	15	8	14	6	14	4	13	3	13	3	13	4	13	5	12	5	11	4	9	2	7	1	5	1	3	0	1	0	0	1	0	3	0	6	1	9	1	13	0	16	0	18	1	19	2	19	2	18	2	16	3	15	4	14	4	14	
75:
55	1.478	3	16	2	17	2	18	3	18	5	18	6	19	8	19	9	19	9	18	9	16	9	14	10	13	12	13	14	13	16	12	17	10	17	9	16	9	14	8	13	7	13	6	14	4	15	3	16	2	16	1	15	1	13	1	10	2	7	4	4	6	1	8	-1	10	-2	12	-2	13	-1	13	0	12	2	10	3	7	3	4	4	2	5	1	7	1	10	2	13	4	16	7	18	11	19	14	19	16	18	17	16	17	13	16	9	15	6	15	4	15	3	16	3	16	
76:
46	0.267	15	9	16	9	17	9	17	10	16	10	14	10	13	11	12	13	11	15	9	16	7	16	6	15	5	14	5	12	5	9	5	7	6	6	8	6	10	7	11	7	11	6	11	4	11	1	12	-1	14	-2	15	-2	17	-1	18	1	18	4	17	7	15	9	12	10	8	10	5	9	3	7	2	5	1	3	0	1	0	0	1	0	3	0	6	1	9	3	12	6	14	8	15	9	15	9	
77:
38	0.481	9	13	10	14	10	16	10	18	11	19	11	19	10	18	8	16	6	13	4	11	2	9	1	8	1	6	2	4	3	3	3	3	2	3	1	2	1	1	2	1	4	2	6	2	8	1	9	1	9	2	9	4	10	6	12	7	14	7	15	8	16	9	16	10	15	10	13	9	11	9	10	10	10	12	9	13	9	13	
78:
52	0.63	17	3	16	4	15	5	14	5	13	4	11	4	10	5	10	6	10	7	9	7	7	6	4	6	2	5	1	4	1	4	2	5	4	7	7	9	9	10	11	10	13	9	14	9	14	10	13	11	13	13	13	14	14	14	16	14	17	14	18	15	18	17	18	19	19	20	19	20	19	19	18	19	16	19	13	20	10	20	8	20	7	19	7	17	7	14	8	10	10	6	13	3	16	1	18	0	19	0	19	1	18	2	17	3	17	3	
79:
50	0.18	14	17	15	16	15	15	14	15	13	14	13	12	12	10	11	9	11	7	12	4	12	2	11	1	9	1	7	1	6	1	6	2	6	4	6	5	5	5	3	4	2	4	2	3	3	1	5	-1	8	-2	12	-2	15	-1	17	1	18	3	19	5	19	6	18	6	17	7	17	9	18	12	18	16	17	20	15	23	12	25	8	26	5	26	3	25	2	23	2	21	3	18	5	16	8	15	11	15	13	16	14	17	14	17	
80:
49	1.651	8	17	9	18	10	19	10	19	9	18	7	17	5	16	3	16	2	17	2	18	1	18	0	17	0	15	0	14	1	14	3	13	5	13	6	12	6	10	5	9	5	7	4	6	2	6	0	6	-1	5	-1	3	0	2	2	2	3	2	5	1	6	1	6	0	7	0	8	1	9	3	11	4	13	4	14	3	14	2	15	1	16	1	17	2	17	4	17	7	16	9	14	11	11	14	9	16	8	17	8	17	
81:
49	0.706	16	12	15	11	14	11	12	11	11	10	11	8	10	5	10	3	11	2	13	2	16	3	18	3	19	2	19	0	18	-2	16	-3	14	-3	11	-2	8	-1	6	0	5	2	3	3	2	3	1	2	1	2	2	3	4	5	6	7	7	9	7	11	6	12	6	14	6	16	7	18	7	19	8	19	9	18	11	16	13	15	16	15	18	16	19	18	19	19	18	19	16	18	15	16	15	14	15	13	16	12	16	12	
82:
49	0.142	6	3	7	4	7	6	6	8	5	9	3	9	2	8	2	6	1	5	0	5	0	5	1	4	3	4	6	5	9	6	11	6	12	6	12	7	11	9	9	12	8	14	8	16	9	17	11	17	12	17	12	18	11	19	10	19	8	18	5	17	3	16	2	16	2	17	2	18	3	18	5	17	8	16	12	15	15	13	17	12	18	10	18	7	17	4	15	2	14	1	12	1	9	1	7	2	6	3	6	3	
83:
49	0.989	5	0	4	1	3	3	2	6	2	8	3	9	5	9	8	9	12	9	15	9	17	9	18	8	19	7	19	6	18	6	16	6	14	6	13	6	12	5	12	3	13	1	14	0	15	0	15	1	15	3	14	6	13	9	13	12	14	14	15	15	15	17	16	18	18	18	19	17	19	16	18	15	16	15	14	16	11	16	9	17	8	17	8	16	9	15	10	13	10	10	9	6	8	3	6	1	5	0	5	0	
84:
51	0.174	5	8	6	7	6	5	7	4	9	3	11	3	12	3	12	4	11	5	11	6	12	7	13	9	14	12	14	14	13	15	11	15	8	15	6	15	5	14	5	14	4	15	2	17	0	18	-1	18	-1	17	-2	15	-2	12	-1	9	1	5	2	2	2	0	1	-1	0	-1	0	0	1	0	3	0	6	0	9	1	13	2	16	3	18	4	19	4	19	3	19	1	18	0	16	0	13	1	10	3	8	5	6	7	5	8	5	8	
85:
40	0.241	19	3	18	4	17	5	15	5	13	5	12	6	11	8	11	9	12	11	12	13	11	14	10	16	9	17	9	18	8	18	6	18	3	17	1	15	0	13	0	10	1	7	3	5	4	3	4	2	5	2	7	3	8	5	10	6	12	6	15	6	17	7	18	9	18	11	17	12	16	12	15	11	15	9	16	6	18	4	19	3	19	3	
86:
51	0.129	19	13	20	14	20	16	20	18	19	19	17	20	15	20	12	19	10	17	9	16	9	15	8	15	8	16	8	17	7	17	7	16	7	14	6	11	5	9	3	8	2	8	1	9	1	10	0	11	0	11	-1	10	-2	8	-2	6	-1	4	1	2	2	1	4	1	7	2	10	2	12	1	13	0	15	0	17	1	18	3	18	5	17	6	16	7	14	8	12	8	11	7	11	7	12	8	14	10	16	12	18	13	19	13	19	13	
87:
38	0.4	12	17	11	17	10	17	10	18	10	19	11	19	11	20	10	21	8	21	6	20	4	19	3	19	3	18	4	16	4	13	3	11	2	10	2	9	1	7	0	6	0	5	1	3	3	1	5	-1	6	-2	7	-2	8	-1	8	1	8	4	9	7	11	9	13	10	15	11	16	11	16	12	15	14	13	16	12	17	12	17	
88:
43	0.13	7	17	7	16	7	15	6	15	4	16	3	16	2	15	2	14	3	12	3	10	2	9	2	7	3	6	4	4	4	3	4	2	3	2	1	2	0	2	0	2	1	2	3	3	6	5	9	6	11	7	12	9	12	12	13	14	15	15	16	15	16	16	15	17	15	18	16	18	18	17	19	17	19	18	18	18	16	17	13	16	10	16	8	16	7	17	7	17	
89:
45	5.163	19	0	18	1	16	2	15	3	14	3	14	2	13	1	11	1	10	2	9	3	7	4	6	4	6	3	5	2	3	2	1	2	0	2	0	3	1	5	1	6	1	8	1	9	2	9	4	9	6	10	9	10	11	10	12	11	12	12	11	14	11	15	12	16	13	16	15	17	16	19	16	20	15	20	15	19	15	17	16	14	17	10	18	6	18	3	18	1	19	0	19	0	
90:
48	0.181	9	1	8	1	8	2	7	3	5	3	4	2	3	0	3	-1	4	-1	5	0	7	2	8	4	9	5	10	5	11	4	13	3	14	3	15	4	17	6	18	9	18	13	18	16	17	18	15	20	12	21	10	21	9	20	8	19	7	17	7	14	7	12	8	11	10	11	11	11	11	12	10	13	8	15	5	16	3	16	2	15	1	13	1	10	1	6	2	3	4	1	6	0	8	0	9	1	9	1	
91:
52	0.109	4	17	5	18	7	18	9	18	10	18	10	17	9	17	7	16	5	15	4	14	3	12	3	10	4	9	4	8	3	6	1	5	0	4	0	4	1	3	3	3	6	4	8	6	11	7	13	7	14	6	15	5	17	5	18	4	18	3	17	1	15	0	12	0	10	1	9	2	9	3	10	3	12	4	14	5	16	5	17	6	17	8	16	9	14	9	11	8	7	7	4	7	2	8	1	10	1	13	2	15	3	16	4	17	4	17	
92:
42	0.234	17	17	16	16	15	14	15	12	14	11	14	10	13	10	11	11	9	11	8	10	7	9	6	9	5	10	5	11	4	13	4	14	3	14	1	13	0	13	0	14	1	16	3	18	6	19	8	19	9	18	10	16	10	13	9	9	8	6	7	4	6	2	6	0	7	-1	9	-1	11	0	14	2	16	4	17	7	17	11	18	14	18	16	17	17	17	17	
93:
50	0.546	16	11	16	12	15	12	15	12	16	13	17	13	17	13	16	13	15	14	13	14	12	15	11	15	11	14	10	14	9	15	8	17	7	18	6	18	6	17	6	15	5	12	4	10	4	9	5	9	7	9	9	8	10	6	10	3	9	1	7	0	5	0	3	1	1	3	-1	5	-2	7	-2	10	-2	12	-1	13	1	13	3	12	6	10	9	7	13	5	16	4	18	4	19	5	19	7	18	9	17	10	16	11	16	11	
94:
36	0.035	4	12	4	13	4	14	5	14	6	13	7	11	9	10	10	10	11	11	12	12	13	13	14	13	15	12	16	10	16	8	15	7	13	6	11	5	9	4	7	4	6	5	5	7	3	8	1	8	0	7	0	5	0	3	0	1	1	0	2	0	4	1	5	3	5	6	4	9	4	11	4	12	4	12	
95:
47	0.368	1	4	0	4	0	5	1	6	3	8	4	9	6	10	7	10	8	9	8	7	8	5	9	4	10	4	10	5	11	7	11	9	12	11	13	12	13	13	12	13	11	13	9	14	6	16	3	17	1	18	0	18	0	17	0	15	0	13	1	12	3	12	6	13	10	14	14	15	17	15	19	14	20	12	20	9	19	7	17	4	16	2	14	1	11	1	7	2	4	3	2	4	1	4	1	4	
96:
43	0.176	12	15	13	15	13	14	12	13	10	13	9	14	8	16	8	17	7	17	5	16	3	14	2	13	2	13	3	13	5	12	7	10	8	9	8	7	8	5	9	3	11	2	13	2	14	1	16	1	18	2	19	4	19	6	18	8	16	9	13	9	10	8	6	7	3	7	1	8	0	10	0	13	1	16	2	18	4	19	6	19	9	18	11	16	12	15	12	15	
97:
51	0.579	5	5	4	4	3	2	3	0	4	-1	6	-1	8	-1	10	0	11	2	11	5	10	8	8	10	7	11	6	13	6	16	5	18	4	19	3	19	1	18	0	16	0	15	0	14	1	14	3	15	6	17	9	18	12	18	14	17	15	17	15	18	16	19	18	19	19	18	19	16	20	13	20	9	19	6	17	4	16	3	16	2	17	2	19	2	20	1	20	0	19	-1	17	-1	14	0	11	2	8	4	6	5	5	5	5	5	
98:
43	0.022	19	1	20	2	20	4	19	6	19	8	18	10	16	11	13	12	11	13	10	14	9	14	9	13	10	11	11	9	11	7	10	6	8	6	5	7	3	7	2	7	2	6	3	4	5	2	8	1	10	0	11	0	11	1	11	3	10	6	8	9	5	13	3	16	2	18	1	19	1	19	2	18	4	16	6	13	9	9	13	6	16	4	18	2	19	1	19	1	
99:
58	0.197	6	5	7	6	9	7	11	7	12	6	12	5	11	4	10	2	10	0	11	-1	13	-2	14	-2	16	-1	17	1	17	4	16	8	15	11	15	13	16	14	16	15	15	15	13	14	12	14	11	15	11	15	12	14	12	12	11	11	10	11	8	12	5	13	3	15	2	17	2	18	1	18	-1	17	-2	15	-3	12	-3	9	-3	7	-2	5	0	4	3	4	7	5	12	7	16	10	19	14	21	17	22	19	22	20	21	20	19	19	16	17	12	14	9	11	7	8	6	6	6	5	6	5	