0:
74	7.631	4	24	5	23	5	21	6	19	8	17	11	14	15	10	19	6	24	3	28	1	31	0	33	0	34	1	36	3	38	6	41	9	45	11	49	12	53	13	58	15	62	17	66	19	69	22	71	26	72	31	72	35	71	38	70	40	69	42	69	44	70	45	72	45	73	45	73	44	72	42	70	39	68	37	65	36	61	36	57	36	54	37	52	39	51	42	51	45	50	47	48	48	45	48	43	48	42	49	41	51	41	54	42	56	44	59	45	63	45	68	44	72	42	75	39	77	35	78	30	78	24	77	19	75	15	72	12	68	9	63	7	57	6	50	6	44	7	39	8	34	8	30	7	27	5	25	4	24	4	24	
1:
91	5.111	68	14	69	13	70	11	70	9	69	8	67	8	64	9	60	11	57	14	54	18	52	22	51	27	50	31	49	35	47	38	45	40	43	42	42	43	42	45	43	46	45	46	48	46	52	47	55	49	57	52	58	56	59	61	61	65	63	68	64	71	64	74	63	77	61	79	58	80	54	81	50	81	45	80	41	78	38	75	36	71	33	68	31	66	28	65	26	65	25	66	25	68	26	71	28	74	31	76	35	77	40	77	46	76	52	74	57	71	61	67	65	62	68	57	70	51	71	44	71	36	70	29	68	23	65	18	61	14	56	11	50	9	43	8	36	7	29	7	23	7	18	8	14	8	11	7	9	6	8	4	8	1	9	-1	11	-2	14	-2	18	-1	23	1	29	4	36	8	43	12	49	15	54	17	58	18	62	18	65	17	67	15	68	14	68	14	
2:
91	58.425	66	56	67	57	68	59	70	62	73	66	75	70	76	73	76	76	75	78	73	79	70	79	67	78	65	76	63	73	62	71	62	70	61	69	60	69	59	70	59	72	60	74	61	75	62	75	62	74	61	72	59	69	56	65	52	61	49	56	47	51	46	46	46	42	47	39	49	37	51	35	54	34	56	34	57	35	58	37	59	40	61	42	64	43	67	43	69	42	71	40	72	37	72	33	71	28	69	23	67	18	64	14	60	11	55	9	49	8	43	8	36	9	29	9	23	9	18	8	14	6	11	5	9	5	8	6	8	7	9	8	11	10	12	13	12	17	11	22	9	28	6	35	3	42	1	48	0	53	0	57	1	60	3	62	6	63	10	63	15	62	20	60	25	59	31	57	38	54	45	52	51	51	56	51	60	52	63	53	65	55	66	56	66	56	
3:
93	12.833	18	8	19	8	21	8	24	9	28	10	32	12	35	15	37	19	38	22	38	26	37	31	35	35	32	38	28	40	25	43	23	45	22	46	22	46	23	47	25	49	27	52	29	56	30	60	30	63	29	66	27	68	24	69	20	69	15	68	11	66	7	63	2	59	-2	54	-5	48	-7	41	-8	34	-8	28	-7	23	-5	19	-2	16	2	14	7	13	13	13	20	14	28	16	35	18	41	20	46	23	50	26	53	28	55	29	56	30	56	32	56	34	55	37	55	40	56	42	58	43	61	45	63	48	64	52	64	56	63	60	61	64	60	67	60	69	61	70	63	70	66	70	68	71	70	72	73	72	76	71	78	69	79	66	79	62	79	57	78	51	76	44	73	36	69	29	66	23	62	17	57	12	51	8	44	5	38	3	33	2	28	2	24	3	21	5	19	7	18	8	18	8	
4:
100	7.824	70	19	69	18	69	16	69	13	70	10	72	7	74	5	75	4	77	4	78	5	78	5	77	4	76	2	74	0	71	-3	67	-5	62	-6	56	-6	50	-5	45	-3	41	0	38	4	35	9	33	15	32	21	32	27	32	32	32	36	32	39	32	41	31	42	29	42	27	41	24	39	20	37	17	36	15	36	12	37	10	39	8	41	7	44	7	48	7	53	7	59	8	64	10	68	13	71	16	73	20	74	25	74	30	73	34	71	37	68	41	64	46	59	51	54	56	50	60	47	63	45	66	44	68	44	71	45	74	47	76	50	77	54	78	58	79	63	79	67	78	70	76	72	73	73	69	73	64	72	58	70	51	67	43	63	35	58	28	52	22	45	17	39	13	34	10	29	8	23	7	18	7	14	8	11	10	7	13	4	17	2	22	0	28	-1	35	-1	42	0	49	2	55	5	60	9	64	13	67	16	69	18	70	19	70	19	
5:
95	30.136	21	29	20	28	18	28	16	27	15	25	14	22	14	18	15	15	17	13	20	12	22	12	25	13	27	15	28	18	28	22	29	25	31	27	33	28	36	28	40	27	43	25	45	22	46	18	46	14	45	11	43	9	42	8	42	8	43	9	44	11	46	14	47	18	47	23	46	27	45	32	44	38	42	43	39	47	37	50	36	52	36	53	37	53	39	54	40	55	42	57	43	60	43	64	43	67	43	69	42	70	41	70	41	69	42	67	44	65	47	63	51	62	56	62	61	62	65	61	68	59	70	56	71	52	71	48	70	43	69	38	69	34	70	31	72	29	75	28	77	28	78	29	78	31	77	34	75	38	72	43	68	49	63	55	57	60	50	64	44	67	37	69	30	70	24	70	19	69	15	67	12	64	10	60	9	55	9	50	10	44	12	39	15	35	18	32	20	30	21	29	21	29	
6:
88	25.218	33	11	34	10	36	9	39	9	42	9	44	10	45	12	45	15	44	18	42	21	40	23	37	24	33	24	28	23	22	22	17	21	13	21	9	22	6	23	4	24	3	24	3	24	4	25	6	27	7	30	7	33	8	35	10	37	13	38	17	40	20	41	22	43	23	46	23	48	22	49	20	50	17	52	14	55	10	58	7	61	5	63	4	65	4	66	5	66	7	65	10	63	14	60	19	57	25	55	32	54	38	54	43	54	47	53	50	51	52	48	55	45	58	43	61	42	65	42	70	42	75	43	79	45	82	48	84	52	85	57	85	62	84	67	82	71	79	74	75	76	70	77	64	77	59	76	55	74	52	71	50	67	49	62	48	56	46	50	43	43	40	37	37	31	34	26	32	21	31	17	31	14	32	12	33	11	33	11	
7:
100	30.542	46	79	45	78	43	76	40	74	36	72	33	71	29	69	26	66	24	62	21	58	17	55	13	53	10	52	7	51	5	49	4	46	3	42	3	39	4	37	6	36	9	36	13	37	17	39	21	42	24	44	27	45	31	45	34	44	36	42	37	39	37	35	36	32	34	29	31	27	27	24	23	22	20	21	18	19	17	16	17	12	16	8	14	5	11	3	8	2	5	2	3	3	2	5	2	8	3	11	5	13	8	14	12	14	17	13	23	11	30	9	36	8	41	8	46	9	50	11	54	13	57	16	59	18	60	19	60	20	59	22	57	25	55	28	54	31	54	33	55	34	57	34	60	33	64	31	69	28	73	24	76	20	78	15	79	11	79	7	78	4	76	2	73	1	69	1	66	2	64	4	63	7	63	11	64	16	66	22	67	29	67	37	66	45	65	52	63	58	60	64	56	69	52	73	49	76	47	78	46	79	46	79	
8:
93	93.637	65	13	66	12	68	11	71	11	75	12	78	14	80	17	81	21	81	25	80	28	78	30	75	31	71	31	68	30	64	29	61	28	59	28	56	29	52	30	47	31	43	31	40	30	38	28	36	25	35	21	35	18	34	15	33	12	31	10	28	9	26	9	25	10	25	11	26	11	28	12	31	12	35	12	40	13	44	15	47	18	49	22	50	27	50	33	50	39	51	44	53	48	56	51	60	54	64	56	69	57	73	57	76	57	78	58	79	60	79	63	78	67	76	71	73	74	69	76	64	77	58	77	52	76	47	74	43	71	40	68	38	66	35	64	33	63	30	63	26	63	22	62	18	60	13	57	9	53	6	48	4	42	3	35	3	27	4	20	6	14	9	9	13	5	18	2	24	0	31	-1	38	-1	44	0	50	2	55	5	59	8	62	10	64	12	65	13	65	13	
9:
104	25.966	78	75	77	74	75	72	72	70	68	67	63	64	59	61	55	59	52	58	49	56	47	54	45	53	43	53	40	54	38	54	37	53	37	51	38	48	39	44	41	41	43	39	46	38	48	36	50	33	52	30	54	28	57	27	61	27	64	28	66	30	67	33	67	37	66	41	64	44	61	46	57	47	52	47	46	46	40	44	35	41	31	37	28	34	26	32	25	31	23	31	20	32	16	34	12	36	8	37	5	37	2	37	0	36	-1	34	-1	31	0	27	2	22	4	17	7	12	11	8	16	5	22	3	29	2	37	2	45	3	52	5	58	7	63	9	67	12	70	16	72	21	73	27	73	34	72	40	70	46	67	53	63	59	58	64	52	68	45	71	37	73	30	74	24	75	19	76	15	76	12	75	10	73	9	70	9	67	10	65	12	64	15	64	19	65	24	67	30	70	37	72	45	75	52	77	58	78	63	78	68	77	72	75	75	74	77	74	78	75	78	75	
10:
104	18.249	72	60	73	59	74	57	74	54	74	52	73	51	71	51	68	51	64	51	59	50	55	49	52	47	50	44	49	40	49	36	50	33	52	31	53	30	53	30	52	31	51	32	49	33	46	33	42	32	37	30	32	27	28	23	24	20	21	18	19	17	18	17	18	18	19	20	21	23	22	26	23	30	24	34	24	37	23	39	21	40	18	40	14	39	9	39	5	38	2	38	0	39	-1	41	-1	44	0	47	2	50	3	53	3	57	2	60	2	64	3	68	5	71	8	73	12	74	17	74	23	73	30	71	36	68	41	65	45	61	48	56	50	50	51	43	52	36	53	29	53	23	54	18	56	14	59	11	63	9	67	8	70	7	72	7	73	6	73	4	72	1	70	-3	67	-7	63	-10	58	-12	52	-14	46	-15	41	-15	37	-14	34	-12	32	-9	31	-5	31	0	32	6	34	13	37	20	41	28	46	35	51	41	57	46	62	50	66	54	69	57	71	59	72	60	72	60	
11:
93	2.132	35	68	34	67	32	66	29	65	25	65	20	66	16	68	13	71	10	73	8	74	6	74	5	73	5	71	5	68	4	64	3	59	3	55	3	51	4	48	6	46	9	45	11	44	13	42	14	40	14	39	13	39	13	40	14	42	15	44	17	46	19	47	21	47	24	46	27	44	31	41	35	37	40	32	44	26	47	21	49	15	50	9	52	4	54	0	57	-3	61	-5	66	-6	70	-6	73	-5	76	-3	78	-1	79	2	79	4	78	7	76	10	73	14	71	19	70	25	70	30	71	35	73	39	76	42	78	44	79	45	79	45	78	44	76	42	73	39	69	36	64	32	58	27	51	23	43	19	36	15	28	12	21	10	15	8	10	7	6	7	3	8	1	10	0	13	0	17	1	22	3	27	6	33	10	40	15	47	20	53	25	58	29	62	32	65	34	67	35	68	35	68	
12:
101	47.742	4	6	3	7	3	9	4	12	6	16	9	21	12	25	15	28	18	30	21	31	24	32	28	32	31	31	33	29	34	27	35	24	37	21	39	19	42	18	46	18	49	19	51	21	53	24	56	28	59	32	62	35	66	37	70	38	73	38	75	37	76	35	76	32	75	28	74	24	72	20	69	17	67	15	64	14	62	13	61	12	61	10	62	7	63	4	64	2	64	1	63	0	61	0	58	0	54	0	49	1	45	3	42	6	40	9	39	13	37	18	35	24	34	31	32	38	29	44	26	49	24	53	22	56	20	58	17	59	13	59	10	59	8	60	7	62	7	65	8	69	10	73	13	76	17	78	22	79	28	79	35	78	43	76	50	75	56	75	61	76	65	78	68	79	70	79	71	78	71	76	70	74	68	71	65	67	61	63	56	58	50	52	43	45	36	38	29	31	23	25	18	20	14	16	10	12	7	9	5	7	4	6	4	6	
13:
104	3.786	79	24	78	25	76	26	73	27	69	29	66	32	64	36	63	39	62	41	61	42	59	43	56	43	53	42	49	40	46	39	44	37	43	34	43	31	44	27	46	23	49	18	53	14	56	9	58	5	61	2	65	0	70	-1	75	-1	79	0	82	2	84	5	85	9	85	14	84	20	82	27	79	34	77	40	74	45	70	49	65	52	60	54	56	55	53	56	51	57	50	59	50	62	51	66	53	69	54	71	54	74	53	77	51	80	49	83	46	85	42	86	37	86	32	85	28	83	25	80	23	76	22	71	22	66	23	60	25	53	27	47	28	42	28	38	27	35	25	33	22	32	18	31	15	31	13	32	12	34	12	36	13	37	15	37	18	36	20	34	21	31	21	27	20	24	18	22	15	19	12	15	10	11	9	8	9	5	10	3	12	2	15	2	19	2	24	3	30	5	37	8	45	12	52	16	58	19	64	22	69	24	73	25	76	25	78	24	79	24	79	24	
14:
95	5.82	55	60	54	59	52	59	49	59	47	60	46	62	46	65	47	68	49	70	52	71	55	71	57	70	58	68	58	65	57	61	56	56	54	52	51	49	49	47	46	46	42	45	38	43	34	40	31	37	28	35	24	34	20	34	16	35	13	37	11	40	10	44	10	49	10	55	10	60	11	65	13	71	16	77	20	82	25	86	31	89	37	91	44	93	51	94	58	94	64	93	69	91	73	88	76	84	78	79	79	73	79	67	78	61	76	56	74	51	72	46	71	41	71	36	72	31	74	27	76	23	78	18	79	13	79	9	78	6	76	3	73	1	69	0	64	0	60	1	55	3	51	6	46	9	42	11	38	12	33	12	29	11	26	9	24	7	23	5	23	4	24	4	26	5	29	7	32	10	35	14	37	19	40	25	43	32	47	39	50	45	52	50	53	54	53	57	54	59	55	60	55	60	
15:
83	6.836	65	23	64	24	62	24	59	23	55	21	52	18	50	15	49	12	47	10	44	9	41	9	39	10	38	12	38	14	39	17	41	21	43	25	46	28	48	31	49	35	49	40	48	46	46	53	44	59	43	64	43	68	42	71	40	73	39	74	37	74	34	73	30	71	25	68	21	65	16	63	12	62	9	62	7	63	6	65	6	68	7	70	9	71	11	71	14	70	16	68	17	65	17	61	16	56	14	52	11	49	8	47	6	45	5	42	5	38	6	34	7	30	9	27	12	25	14	24	15	23	15	21	14	19	12	17	9	15	6	12	4	9	3	7	3	6	4	6	6	7	9	9	13	11	18	12	24	14	31	16	37	19	44	21	50	22	55	23	59	23	62	24	64	24	65	23	65	23	
16:
88	17.311	64	45	63	46	61	48	59	49	58	49	58	48	59	46	61	43	62	39	62	34	61	30	59	26	56	23	52	21	48	19	45	18	42	18	40	17	39	15	39	13	40	12	40	12	39	12	37	13	34	14	30	16	27	19	25	23	22	26	20	29	19	31	17	32	14	32	11	31	9	29	8	26	8	24	9	22	11	20	13	19	16	18	19	17	21	15	22	12	22	8	23	4	24	0	26	-3	29	-5	33	-6	38	-6	44	-5	50	-3	55	-1	59	0	62	2	64	5	65	8	65	12	64	15	62	18	59	22	55	27	50	32	44	38	37	45	30	52	24	58	19	63	15	67	12	70	10	72	9	73	9	74	10	75	12	75	15	74	19	72	24	69	30	67	36	65	43	62	49	58	54	54	58	51	61	48	63	46	64	45	64	45	
17:
86	14.646	73	18	72	19	70	20	67	21	65	21	64	20	63	18	61	15	59	11	56	7	52	4	49	2	45	1	40	1	36	2	33	4	31	7	29	11	28	16	28	21	28	25	28	28	27	30	26	31	24	31	22	32	21	34	21	37	21	41	22	46	24	52	25	58	27	63	30	67	34	71	39	74	43	76	48	77	52	77	55	76	57	74	58	71	58	68	57	64	57	59	57	55	58	52	60	49	62	47	64	46	65	46	65	47	64	49	62	52	59	55	55	59	50	63	44	66	37	68	29	70	22	72	16	73	10	73	5	72	1	70	-2	67	-4	63	-5	58	-5	52	-4	45	-2	39	1	33	5	28	10	24	16	21	23	19	31	17	39	16	46	16	52	17	58	18	63	19	67	19	70	18	72	18	73	18	73	18	
18:
94	14.404	15	58	15	57	16	56	18	54	21	51	24	49	26	46	27	43	27	39	27	36	27	34	28	33	30	33	33	34	37	36	41	39	44	41	46	42	47	42	47	41	46	39	44	36	43	32	42	27	42	23	43	20	45	18	48	17	51	17	55	18	59	20	62	23	66	25	69	26	71	26	72	25	73	23	73	20	72	17	70	13	67	9	63	6	59	4	54	3	48	3	41	3	33	3	24	2	15	1	7	0	0	0	-6	1	-11	3	-15	6	-18	10	-20	15	-21	21	-21	28	-20	36	-18	44	-15	51	-11	57	-6	63	0	68	7	72	15	75	23	77	30	78	37	78	43	77	49	75	55	73	61	70	66	68	70	67	73	66	75	64	76	61	76	59	75	58	73	58	70	57	66	55	61	54	55	54	49	55	43	55	36	54	30	54	25	54	21	55	18	56	16	57	15	58	15	58	
19:
95	28.601	39	9	38	8	36	7	33	5	29	3	24	2	20	2	17	3	15	5	13	7	12	10	12	14	13	19	15	23	18	26	22	29	25	32	27	34	29	35	30	37	31	40	31	44	31	47	31	49	31	50	32	50	34	49	37	48	41	47	45	47	48	48	50	50	51	53	53	57	56	60	60	62	63	65	65	69	66	73	66	76	65	78	63	79	61	79	58	78	54	76	49	74	43	72	37	71	32	71	28	72	25	73	23	73	22	72	22	70	23	67	25	63	28	59	32	55	36	52	41	48	47	44	54	40	60	36	65	31	69	26	72	22	74	19	75	16	75	14	74	13	73	13	73	14	74	16	76	19	79	23	82	28	84	34	85	39	85	43	84	46	82	48	79	49	75	49	70	48	66	46	63	43	61	39	59	35	56	30	52	24	48	19	45	15	42	12	40	10	39	9	39	9	
20:
96	0.821	5	35	4	34	3	33	1	33	0	34	0	36	1	39	2	43	3	48	3	54	4	59	6	65	7	70	9	74	10	77	10	79	9	80	8	80	8	79	8	77	9	74	11	70	13	66	16	62	20	59	25	57	30	56	34	56	37	57	39	57	40	56	40	54	40	51	41	47	43	44	46	42	50	41	54	41	58	42	61	44	63	47	64	51	64	56	64	62	65	67	65	71	64	74	63	76	63	77	63	77	64	76	65	74	67	71	70	67	73	62	75	56	76	49	78	41	79	33	79	26	79	20	78	15	77	11	75	8	72	6	68	5	63	5	57	5	52	6	47	8	41	9	36	11	32	14	29	18	27	21	26	23	25	24	25	24	25	23	25	21	25	18	25	14	24	11	22	9	19	8	17	8	16	9	16	11	16	14	15	17	13	21	10	25	8	29	6	32	5	34	5	35	5	35	
21:
77	6.186	75	12	74	11	72	11	70	12	69	14	69	16	70	17	72	19	74	21	75	23	75	26	74	28	72	29	71	30	71	31	72	32	74	32	76	33	78	35	79	36	79	37	78	39	76	40	73	40	69	40	64	41	59	43	54	46	50	50	47	54	44	59	40	64	37	68	35	71	34	73	33	74	31	74	29	73	27	71	24	68	22	64	19	59	17	53	15	46	14	40	14	35	13	31	13	28	13	26	14	25	14	25	13	24	11	24	9	25	8	26	7	26	7	25	8	23	10	22	13	22	17	23	22	24	28	24	35	23	43	21	51	18	58	14	64	10	69	7	73	5	76	4	78	4	79	5	79	7	78	9	76	11	75	12	75	12	
22:
80	2.697	48	7	47	6	46	6	44	6	41	7	37	9	32	12	28	16	23	19	18	21	14	22	11	22	9	21	8	19	7	18	7	18	8	19	10	21	12	24	13	27	14	30	14	33	13	36	11	38	8	40	6	42	4	44	3	46	3	47	4	49	6	51	8	53	9	56	9	60	8	63	6	66	4	69	3	72	3	74	4	75	6	75	9	75	13	74	18	72	24	69	29	65	33	61	38	57	44	54	51	52	57	51	63	51	68	52	72	53	75	55	77	58	78	61	78	64	77	66	76	67	76	67	76	66	77	64	79	61	80	57	81	52	81	46	80	39	78	32	75	25	72	19	68	14	65	10	62	7	58	5	54	4	51	4	49	5	48	6	48	7	48	7	
23:
95	8.307	6	26	5	27	4	29	3	31	3	34	4	36	6	37	9	37	13	36	18	36	22	37	25	39	27	42	28	44	28	45	28	46	29	46	31	45	34	43	37	40	41	38	46	36	52	35	59	35	65	36	70	37	74	38	78	38	81	37	83	35	84	32	84	28	83	25	81	23	78	22	74	22	71	23	69	25	68	28	68	32	68	37	69	43	69	49	68	56	66	63	63	69	59	75	54	80	48	84	41	87	33	89	26	90	20	90	15	89	11	87	8	84	6	80	5	75	5	69	6	62	8	54	10	46	13	37	17	29	20	22	22	16	24	11	25	7	25	4	24	2	22	1	19	0	17	0	16	1	15	2	15	3	16	5	18	6	21	6	25	7	28	7	31	6	33	4	34	2	34	1	33	1	31	2	28	4	24	7	19	11	15	16	12	20	9	23	7	25	6	26	6	26	
24:
95	186.908	49	71	48	72	46	74	44	75	42	75	40	74	38	72	37	69	37	65	38	61	40	57	43	54	47	51	52	48	56	44	61	39	66	35	70	31	73	28	75	26	76	24	76	21	75	18	73	15	70	13	67	12	64	10	62	8	61	7	61	7	62	8	64	8	67	7	69	6	71	5	72	3	72	1	71	-2	69	-4	66	-5	62	-5	57	-4	51	-2	44	1	38	5	32	8	27	12	23	17	20	22	18	26	17	29	17	32	18	34	18	35	17	35	15	34	12	32	8	31	5	31	2	30	0	30	-1	31	-1	33	-1	34	-1	34	0	33	1	31	2	28	2	26	2	23	1	21	1	20	2	20	3	21	3	23	2	26	2	30	2	34	3	39	3	45	3	52	4	58	5	63	7	67	10	70	14	73	19	76	25	78	31	79	36	79	40	78	43	76	46	74	48	72	49	71	49	71	
25:
100	7.15	6	68	6	67	7	65	8	64	10	64	13	65	15	67	17	68	19	68	21	67	22	65	23	62	23	58	24	53	24	47	24	40	25	34	27	29	29	25	30	22	31	19	32	17	34	16	37	16	41	17	45	19	48	22	52	26	55	30	58	34	60	39	61	43	61	46	60	48	58	49	56	49	55	48	55	46	56	45	58	45	61	46	64	47	67	48	70	49	73	49	75	50	76	51	76	53	75	56	73	60	70	63	66	66	61	68	55	71	48	73	42	76	35	78	27	79	20	79	14	78	9	76	5	73	2	69	0	64	-1	58	-1	51	0	44	2	36	5	28	8	20	12	13	17	7	23	2	30	-2	38	-5	46	-7	53	-9	59	-10	64	-10	68	-9	71	-7	73	-4	74	0	74	5	73	9	71	12	68	15	64	19	59	23	53	28	46	33	38	37	31	42	25	47	20	53	16	58	12	62	9	65	7	67	6	68	6	68	
26:
91	0.344	9	3	8	4	8	6	8	9	9	13	11	17	13	20	16	22	18	24	19	26	20	27	22	27	24	26	27	24	31	21	35	19	39	18	42	16	44	14	45	11	46	8	48	6	51	5	55	5	60	6	64	8	67	11	69	15	70	19	70	24	69	30	68	37	66	43	64	48	63	53	63	57	62	60	60	62	59	63	58	63	56	62	54	61	53	61	53	62	54	64	56	67	59	70	61	73	62	75	62	76	61	76	59	75	56	73	52	70	47	66	43	62	39	57	36	51	34	46	33	42	32	39	32	37	33	36	34	36	34	37	33	39	31	42	28	45	26	49	24	54	22	58	20	61	19	64	18	66	16	67	15	67	14	66	14	64	15	61	17	57	19	52	20	46	20	39	19	31	17	24	14	18	11	13	9	9	8	6	8	4	9	3	9	3	
27:
91	8.453	45	25	44	25	42	26	41	26	41	25	42	25	44	26	47	27	49	29	50	30	50	31	49	33	47	35	46	38	46	42	47	47	49	51	52	54	56	56	59	59	61	63	62	66	62	68	61	69	59	69	57	69	55	70	54	71	54	71	55	70	57	68	60	66	64	65	68	65	71	66	73	68	74	70	74	71	73	71	71	72	68	72	64	71	59	69	53	66	46	62	39	58	33	55	27	53	22	52	18	52	15	53	13	55	12	58	12	62	12	66	11	69	9	71	6	72	2	72	-1	71	-3	70	-4	68	-4	65	-3	61	-1	56	2	50	6	44	11	39	17	34	24	30	32	27	40	25	47	22	54	19	60	15	65	11	69	7	72	4	74	2	75	1	75	0	74	0	72	1	69	3	65	6	60	10	55	15	51	19	48	22	46	24	45	25	45	25	
28:
95	12.59	71	26	70	27	68	29	67	31	66	34	66	37	67	39	69	42	71	46	72	50	72	53	71	56	69	58	66	59	62	59	58	59	54	58	51	56	49	53	48	50	48	48	49	47	50	47	50	48	49	50	47	53	44	55	40	56	37	56	35	55	32	53	30	50	29	46	28	42	28	38	28	35	27	33	25	32	22	32	20	31	19	29	19	27	20	25	21	22	23	20	26	19	29	19	33	20	37	22	40	24	42	25	43	25	43	24	42	23	41	21	40	18	40	15	41	13	43	12	46	12	50	12	55	13	61	13	67	13	73	13	78	14	82	16	85	19	87	23	88	28	88	34	87	41	85	49	82	56	78	62	73	67	67	71	62	74	58	76	55	77	53	77	52	76	52	74	53	71	54	67	56	63	57	58	57	52	58	46	60	41	62	36	65	32	68	29	70	27	71	26	71	26	
29:
93	4.152	26	74	27	73	27	71	26	68	25	66	23	65	20	65	18	64	17	62	17	59	18	55	19	50	19	45	18	41	16	38	13	36	9	35	6	34	3	34	0	33	-2	31	-3	28	-3	25	-2	21	0	18	3	16	7	15	11	15	16	16	22	16	27	15	31	13	34	10	38	8	43	7	49	7	55	8	61	10	66	13	71	17	75	20	78	22	80	23	81	23	81	22	80	20	78	18	75	17	71	17	68	18	65	19	63	21	62	24	62	28	63	32	65	35	66	37	66	38	65	38	63	37	60	35	56	34	53	34	50	33	48	33	47	34	47	36	48	39	50	43	53	48	57	54	61	59	66	63	71	66	75	68	78	69	80	69	81	68	81	66	80	65	78	63	75	62	71	62	66	63	60	65	54	68	47	71	41	73	36	75	32	76	29	76	27	75	26	74	26	74	
30:
65	0.609	74	45	73	46	72	48	72	51	71	53	69	56	67	58	65	59	63	59	62	60	62	62	63	63	65	65	67	68	68	72	68	75	67	77	65	78	62	79	58	79	53	78	49	76	44	75	39	73	33	70	27	66	22	63	18	59	15	55	12	50	10	45	9	41	8	38	8	36	9	35	11	35	12	36	13	36	13	35	12	33	10	30	7	26	4	21	2	16	1	12	0	8	0	5	1	3	3	2	6	2	10	3	15	5	21	8	26	12	30	17	35	23	40	28	46	32	53	36	59	40	64	43	68	45	71	46	73	46	74	45	74	45	
31:
90	7.727	61	39	60	40	58	40	55	41	51	41	47	41	44	40	42	38	41	36	41	35	42	35	42	36	41	38	39	41	36	44	32	47	28	50	24	52	21	53	19	53	17	52	16	50	16	47	17	43	19	38	22	34	26	31	31	29	35	28	38	27	40	25	41	22	41	20	40	18	38	16	35	14	31	12	26	11	20	10	15	10	11	10	8	10	6	9	5	8	5	6	6	3	8	1	11	0	15	0	20	1	26	3	32	6	38	10	43	15	47	21	50	28	52	34	53	40	53	47	52	54	50	60	48	65	47	69	47	72	48	74	50	75	53	75	55	74	58	72	61	69	64	65	68	60	73	54	77	48	80	41	82	35	83	30	83	26	82	23	81	21	79	20	76	20	74	21	73	23	72	26	70	30	67	33	64	36	62	38	61	39	61	39	
32:
113	53.345	4	75	3	74	1	73	0	71	0	68	0	64	1	59	3	53	4	46	4	40	3	35	1	30	0	26	0	23	1	21	3	20	5	20	8	21	12	23	16	26	19	28	21	29	22	29	22	28	22	26	23	23	25	19	28	16	31	14	34	13	38	13	42	14	46	16	49	17	51	17	52	16	52	14	52	11	53	8	55	6	57	5	59	5	60	6	60	8	59	10	57	13	54	17	51	21	49	25	47	28	46	30	46	31	47	31	49	30	52	30	56	31	61	33	65	35	69	38	72	41	74	45	75	49	75	52	74	54	72	55	69	55	66	54	64	54	63	54	63	55	64	57	66	60	68	64	69	67	70	70	70	72	69	73	67	73	65	72	62	71	58	69	53	66	47	62	42	57	38	51	35	44	33	36	31	28	30	21	30	15	29	10	28	6	26	3	23	1	19	0	14	0	10	1	7	3	5	6	4	10	4	15	5	21	7	28	10	36	12	44	13	51	13	57	13	62	12	66	10	69	7	72	5	74	4	75	4	75	
33:
85	13.335	54	79	53	78	52	76	50	73	47	69	44	64	42	59	41	54	40	50	40	47	41	45	43	44	46	44	49	45	52	45	54	44	55	42	55	41	54	41	53	42	53	44	54	46	56	48	59	49	63	49	67	49	71	48	74	46	76	43	77	39	77	34	77	28	77	23	76	19	74	16	71	13	67	11	62	10	57	8	51	7	44	6	37	4	31	3	26	1	20	0	15	-1	11	-1	8	0	6	2	5	5	5	9	6	14	7	20	8	26	10	33	11	40	11	46	11	52	10	57	8	61	6	64	4	66	3	69	3	73	4	76	6	78	9	79	13	79	18	78	22	76	25	73	28	69	30	65	31	62	33	60	34	59	36	59	39	60	43	62	47	65	50	69	52	73	53	76	54	78	54	79	54	79	
34:
85	13.862	20	53	20	54	21	56	23	58	26	59	29	59	32	58	34	56	36	54	38	51	40	47	43	43	45	40	46	38	48	37	50	36	51	36	51	36	50	35	48	33	45	30	41	28	37	26	33	24	29	23	25	22	20	22	16	23	12	25	9	28	7	32	6	37	6	42	7	46	8	49	8	51	7	52	5	52	2	51	0	51	-1	52	-1	54	0	57	1	61	3	65	6	68	10	70	15	71	21	71	28	70	36	68	43	67	49	65	54	64	59	64	63	65	66	67	68	70	69	73	69	75	69	77	68	78	68	78	69	77	71	75	74	72	77	68	79	63	80	57	80	51	79	46	77	42	74	39	70	36	65	34	59	33	52	33	45	34	39	36	34	39	30	43	26	47	23	50	21	52	20	53	20	53	
35:
93	4.768	53	67	52	67	50	67	48	66	46	64	43	61	41	58	38	56	36	55	33	55	30	56	28	58	27	60	26	61	26	62	25	62	24	61	23	59	23	58	22	58	21	59	21	61	21	63	20	64	18	64	15	63	12	61	10	58	8	56	6	55	5	55	5	56	6	58	7	60	9	63	10	67	10	71	9	74	7	76	5	77	4	77	4	76	5	74	7	71	10	67	14	62	18	56	21	49	23	41	24	34	24	27	23	21	21	16	19	12	18	9	16	7	13	6	9	6	6	7	4	9	3	12	3	14	4	15	6	15	9	14	13	13	18	12	24	11	30	9	35	6	40	3	46	1	52	0	57	0	62	1	66	3	69	6	71	10	72	15	73	21	73	28	73	35	73	41	73	46	73	51	72	56	70	60	67	63	63	65	59	67	56	68	54	68	53	67	53	67	
36:
105	0.16	59	11	58	11	56	10	53	10	49	10	44	10	39	9	35	8	31	8	28	9	26	11	25	14	24	17	23	21	23	25	23	29	24	32	26	34	28	35	29	35	29	34	28	34	26	34	24	34	21	35	19	37	18	39	18	42	19	44	21	47	24	50	28	52	33	53	38	53	42	52	45	51	48	50	50	50	51	50	51	51	50	53	49	56	48	58	48	59	49	59	51	58	54	56	57	53	59	49	60	44	60	38	59	33	57	29	54	26	50	24	47	23	44	23	42	24	41	26	41	29	42	31	44	33	47	34	51	35	56	35	62	34	67	32	71	31	74	30	76	28	77	25	77	23	76	22	74	22	71	23	67	25	62	28	56	32	49	37	42	41	35	46	27	52	20	58	14	63	9	67	5	70	2	72	0	73	-1	73	-1	72	0	70	2	67	5	63	9	60	14	56	20	51	27	45	34	38	40	32	45	26	49	21	53	17	56	14	58	12	59	11	59	11	
37:
85	2.849	10	18	9	19	9	21	8	24	8	28	7	32	6	35	5	37	3	38	1	38	0	37	0	37	1	38	3	40	6	43	9	45	11	48	12	52	12	57	11	61	9	65	7	68	6	70	6	71	7	72	9	73	10	74	10	76	11	78	12	79	14	79	17	78	21	76	25	73	30	70	34	68	37	67	39	67	40	68	42	70	45	71	49	73	54	75	60	76	65	76	69	76	72	76	74	75	76	73	77	70	77	66	76	61	74	55	71	48	67	42	62	37	56	33	50	29	45	26	41	24	38	21	36	19	34	18	32	18	30	19	29	21	29	24	29	27	30	31	32	35	34	39	36	42	37	44	37	45	36	45	34	44	32	42	29	39	25	35	22	32	18	28	15	24	13	21	11	19	10	18	10	18	
38:
84	0.41	23	28	24	28	26	29	28	29	29	28	29	26	30	23	32	21	34	20	36	20	37	21	37	23	36	26	36	28	37	29	39	29	42	28	44	26	45	23	45	19	44	15	42	12	40	10	38	7	37	5	37	4	38	4	40	5	43	7	47	10	50	14	52	18	53	23	53	29	52	34	50	38	47	41	43	43	39	45	35	47	32	50	30	54	29	57	28	59	28	61	29	62	31	62	34	62	38	61	43	60	49	60	54	60	60	61	65	63	69	65	72	68	74	71	75	74	75	76	74	77	72	77	69	76	65	75	60	73	54	70	47	66	39	61	32	55	26	50	20	45	15	40	11	36	8	33	6	31	5	30	5	28	6	26	8	25	11	25	15	26	18	26	20	26	22	27	23	28	23	28	
39:
81	44.958	69	45	70	46	70	48	71	51	73	55	74	58	74	60	73	61	71	61	68	60	66	58	64	55	62	51	59	46	55	42	52	39	48	37	44	36	40	36	37	35	35	33	34	30	34	28	35	26	37	25	39	25	42	25	44	25	46	24	47	22	47	19	48	17	50	15	53	14	57	14	60	14	63	15	65	16	66	17	66	19	65	21	63	23	60	25	57	26	53	26	48	25	42	24	35	23	29	23	24	24	20	26	17	27	15	28	14	30	14	33	15	37	15	41	14	46	12	50	9	53	6	55	3	58	1	60	0	61	0	62	1	63	3	63	6	64	10	64	15	63	21	62	28	62	35	61	41	59	48	56	54	52	59	49	63	47	66	46	68	45	69	45	69	45	
40:
105	76.397	41	57	42	58	44	59	47	59	49	59	50	60	50	62	49	63	48	63	47	62	45	60	44	57	44	53	45	50	47	48	50	47	53	47	55	47	56	48	56	49	55	49	53	48	50	46	48	43	47	39	47	36	48	34	50	33	53	33	56	33	59	32	62	32	64	31	65	31	65	30	64	28	62	27	59	27	55	28	50	30	44	33	38	36	33	40	28	45	24	49	21	54	19	58	18	61	18	64	19	67	21	70	24	72	28	73	33	73	39	72	45	72	51	73	56	74	60	75	63	76	65	76	66	75	66	73	65	71	63	70	60	69	56	67	51	65	45	62	38	60	31	57	25	55	20	53	15	52	11	52	8	51	6	49	5	46	5	44	6	41	8	37	11	32	14	27	18	23	22	18	26	13	29	9	31	6	32	4	32	3	31	3	29	4	27	6	25	9	24	13	24	18	25	24	27	31	30	37	33	42	36	47	38	51	39	54	40	56	41	57	41	57	
41:
95	15.58	55	68	56	69	58	71	60	73	63	74	66	74	68	73	69	71	70	68	70	64	69	60	67	57	64	55	60	53	56	52	53	52	51	53	50	54	49	56	47	57	44	57	40	56	37	54	34	51	32	48	31	46	30	45	30	45	30	46	29	48	27	49	24	51	22	53	19	56	17	60	16	63	16	65	17	68	19	72	22	75	26	77	30	78	33	78	35	77	36	75	36	72	35	69	33	65	30	60	26	56	23	51	21	45	19	38	18	32	18	27	19	23	21	20	24	17	26	14	27	11	27	9	26	8	24	7	21	7	17	6	14	5	12	5	11	6	11	8	12	9	13	10	15	12	18	14	22	17	27	19	33	20	40	20	48	20	55	20	61	21	66	21	70	22	73	24	75	27	76	31	76	36	75	42	73	47	70	51	68	55	65	58	61	62	58	65	56	67	55	68	55	68	
42:
92	4.904	50	18	49	18	47	17	44	17	41	17	37	18	34	18	32	18	31	17	31	15	32	12	34	8	37	5	40	3	44	2	49	2	55	3	61	4	66	5	70	7	73	10	75	14	76	17	76	19	75	20	73	20	70	20	66	21	62	23	58	26	54	30	51	35	47	41	44	46	42	50	41	53	41	56	42	58	43	59	44	59	45	60	45	62	44	63	42	63	39	62	35	60	31	57	26	54	22	52	19	51	16	51	14	52	13	53	13	55	13	57	13	58	12	58	10	57	8	55	5	52	3	49	2	46	2	44	3	43	5	43	8	44	12	46	17	49	23	53	30	58	38	64	47	69	55	73	62	76	68	78	73	79	77	79	80	78	82	76	83	73	83	69	82	64	80	59	77	53	74	46	70	39	65	33	60	28	56	24	53	21	51	19	50	18	50	18	
43:
70	16.29	62	38	63	39	65	40	66	40	67	39	67	37	66	35	65	32	65	28	66	24	68	21	69	19	69	16	68	14	66	12	63	10	59	9	55	9	50	8	44	7	38	7	31	6	24	5	18	5	13	6	9	8	5	10	2	13	0	17	-1	21	-1	26	-1	30	0	33	2	35	5	36	9	36	14	37	20	38	25	40	29	43	32	47	35	52	37	57	38	61	38	64	39	66	41	67	43	68	46	68	50	68	53	67	55	66	56	66	56	67	56	69	57	71	58	73	60	74	62	74	63	73	63	71	62	68	60	64	58	59	57	53	57	48	58	44	59	41	61	39	62	38	62	38	
44:
86	0.369	49	38	48	39	46	40	43	40	40	39	37	38	34	36	32	33	29	31	27	30	25	30	23	31	21	33	20	36	20	40	21	43	23	46	26	49	29	52	31	54	32	55	32	57	31	58	31	58	31	57	32	55	34	53	36	52	39	52	41	53	42	55	42	58	41	62	39	66	36	70	32	73	27	76	21	78	16	79	12	79	9	78	6	76	4	73	2	69	0	64	-1	58	-1	51	0	44	2	38	5	32	9	26	14	21	19	16	23	12	26	9	29	7	32	6	35	6	39	7	44	9	48	12	52	16	55	21	59	26	64	32	69	39	73	46	76	52	78	57	79	61	79	65	78	68	77	70	76	71	74	71	71	70	68	68	66	65	64	62	62	58	59	53	55	48	52	44	50	41	49	39	49	38	49	38	
45:
90	11.405	28	52	27	53	27	55	26	58	26	62	27	67	29	71	32	74	36	76	41	77	45	77	48	76	50	74	52	73	55	71	57	70	58	68	58	66	57	63	57	61	58	58	60	55	62	53	65	50	68	46	71	41	73	37	74	32	74	28	73	25	71	23	68	22	64	22	61	23	59	25	57	28	55	30	54	31	53	31	52	30	50	28	47	25	44	21	40	17	35	14	30	12	26	11	23	11	21	12	19	14	17	16	16	19	16	21	15	22	13	22	10	21	8	19	7	16	7	12	8	7	9	1	11	-4	14	-10	18	-15	23	-19	29	-22	35	-24	42	-26	49	-27	56	-27	62	-26	67	-24	71	-21	74	-17	76	-13	77	-8	77	-2	76	5	74	11	71	16	67	21	62	26	56	31	49	35	43	40	38	44	34	47	31	49	29	51	28	52	28	52	
46:
75	5.332	53	22	52	22	51	21	51	19	51	16	51	12	52	8	54	5	57	3	61	2	66	2	70	3	73	5	75	8	76	12	76	16	75	20	74	25	72	29	69	33	67	36	64	38	60	40	55	41	49	41	44	40	40	38	37	35	35	33	33	31	32	28	32	24	32	20	31	16	29	13	26	11	23	10	19	10	15	11	12	13	10	16	9	20	9	25	10	31	12	36	15	40	18	43	22	45	25	46	29	46	34	45	38	45	41	46	43	48	44	51	44	55	43	60	42	64	40	67	37	69	33	70	30	70	28	69	27	67	27	64	28	60	30	55	33	49	37	43	41	37	45	32	48	28	50	25	52	23	53	22	53	22	
47:
96	3.445	32	30	32	31	31	33	29	36	27	40	24	43	20	47	17	52	15	57	14	62	14	66	15	69	17	72	20	74	24	75	28	75	32	76	35	78	37	79	38	79	38	78	38	76	38	73	39	69	41	65	44	61	48	58	53	56	59	55	64	55	68	55	71	56	73	58	75	59	76	59	76	58	75	56	73	53	71	49	70	44	69	38	69	33	70	29	72	26	73	23	73	20	72	17	70	15	67	14	63	12	60	10	58	9	57	9	55	10	53	12	52	14	51	16	50	19	49	21	48	22	46	22	43	21	40	19	37	17	34	15	31	14	29	14	27	15	26	17	25	20	24	24	22	29	20	35	17	40	13	46	9	52	5	58	2	63	0	67	-1	70	-1	72	0	73	1	73	3	72	6	70	9	67	13	63	17	58	20	52	22	46	24	41	27	37	29	34	31	32	32	31	32	30	32	30	
48:
86	13.266	48	49	47	49	45	49	44	50	44	52	45	54	47	56	50	57	53	57	55	56	58	56	60	56	61	56	61	57	60	58	58	60	55	63	52	67	50	71	49	74	49	76	49	77	50	77	52	76	55	74	59	73	62	71	65	70	68	70	71	71	73	73	76	76	79	78	82	79	86	79	89	78	91	76	92	73	93	69	93	64	92	58	90	52	87	46	83	40	79	35	74	31	68	28	61	26	53	23	46	19	40	15	35	11	31	8	28	6	26	5	23	5	21	6	19	8	18	11	18	15	19	20	20	25	20	31	20	36	19	40	17	44	14	47	10	49	6	50	3	50	1	49	0	47	0	44	1	41	3	39	6	38	10	38	15	39	21	40	27	41	33	41	38	42	42	44	45	46	47	48	48	49	48	49	
49:
88	6.515	58	67	59	68	61	69	64	70	68	70	71	69	73	67	75	64	76	61	76	58	75	55	73	52	71	50	70	48	70	45	71	42	72	38	73	35	73	32	72	30	70	29	67	29	63	28	59	26	56	23	54	19	53	15	52	12	50	10	47	9	44	9	42	10	41	10	41	9	42	7	44	4	47	2	50	1	53	1	55	2	56	4	56	6	55	9	53	12	50	15	47	19	45	22	44	26	44	31	45	36	47	41	48	47	49	53	49	59	48	64	48	69	47	73	45	76	42	78	39	79	37	79	35	78	33	77	30	75	26	72	23	68	20	63	18	59	15	56	11	54	8	53	6	51	5	50	5	50	6	50	8	49	11	48	15	47	20	47	26	48	33	50	39	53	44	57	48	61	52	64	55	66	57	67	58	67	58	67	
50:
99	17.532	65	40	66	41	68	43	69	45	70	46	72	47	74	47	75	47	75	48	74	50	73	53	71	57	68	62	65	67	63	71	62	74	62	76	63	77	63	79	62	82	60	84	57	85	53	85	48	85	43	85	37	84	31	82	26	79	22	75	19	70	17	65	16	59	16	54	17	50	19	47	22	45	24	44	25	43	25	43	24	42	22	40	19	38	16	35	14	31	13	28	13	26	14	25	16	25	18	26	21	27	24	29	28	30	31	30	33	29	34	27	34	24	33	21	31	19	28	18	24	18	19	19	15	21	11	24	8	28	6	33	5	39	5	44	5	48	6	51	8	53	11	54	15	54	20	53	26	51	33	48	41	44	49	39	56	33	62	26	67	20	71	14	74	9	76	5	77	2	77	0	76	-1	75	-1	75	0	74	2	72	5	69	9	66	14	64	19	63	25	62	30	62	34	63	37	64	39	65	40	65	40	
51:
84	20.784	26	68	27	69	28	70	28	71	28	71	27	70	25	68	23	65	22	61	22	56	22	52	22	49	23	46	25	44	28	43	32	42	35	42	38	41	40	39	41	36	41	33	40	31	39	29	39	28	40	28	42	29	44	29	47	28	49	27	50	25	50	22	49	18	47	15	46	12	46	9	46	7	47	5	48	4	50	4	53	5	57	7	60	9	62	12	64	16	65	19	65	21	64	22	62	22	59	21	55	19	50	17	44	16	37	15	30	15	24	16	19	18	15	20	12	22	10	23	8	23	7	22	7	20	8	17	9	13	11	10	13	8	14	6	14	5	13	5	11	6	10	8	10	11	11	15	12	20	14	26	17	33	21	40	24	47	26	53	27	58	27	62	26	65	26	67	26	68	26	68	
52:
70	0.699	57	75	56	75	55	74	54	72	53	70	51	68	48	67	46	67	45	67	45	66	46	64	48	61	51	58	55	56	58	54	60	53	61	52	61	50	60	47	58	43	56	39	55	35	55	32	56	30	58	29	61	29	65	30	69	31	72	31	74	30	75	28	75	25	74	21	72	16	69	12	67	8	65	5	63	3	62	2	61	2	59	3	56	4	52	5	47	7	41	10	34	14	27	18	21	21	15	24	10	28	6	33	3	37	1	41	0	44	0	47	1	51	3	56	6	61	10	67	15	72	21	76	28	79	35	81	41	82	46	82	50	81	53	79	55	78	56	76	57	75	57	75	
53:
108	7.112	48	64	49	63	51	63	53	64	55	65	56	65	56	65	55	64	53	63	50	62	47	61	44	60	40	58	37	55	35	51	34	46	34	42	35	39	35	37	34	35	32	34	29	32	27	30	25	27	23	25	22	24	20	24	19	25	19	27	20	28	22	28	25	27	29	26	33	25	37	24	40	23	42	21	43	18	43	14	42	11	42	9	42	8	43	8	45	9	48	11	52	14	57	16	62	17	67	17	71	16	74	14	77	11	79	8	80	5	80	3	79	1	77	0	76	0	75	1	74	3	74	6	75	10	77	15	78	21	80	28	81	35	81	43	81	51	80	58	78	64	75	69	71	73	66	76	60	78	53	79	45	79	37	78	29	76	22	73	15	69	9	64	4	58	0	51	-4	43	-7	35	-9	28	-10	22	-10	17	-9	13	-7	10	-4	8	0	7	5	7	9	8	14	9	19	11	24	14	28	18	31	23	33	29	34	36	36	43	39	49	42	54	44	58	46	61	47	63	48	64	48	64	
54:
80	0.628	6	41	7	42	7	44	7	47	6	51	4	54	3	56	3	58	4	60	6	62	9	63	13	65	17	67	22	70	28	72	33	73	39	74	44	74	48	75	51	77	53	78	54	78	54	77	53	75	51	72	48	68	46	65	43	61	40	58	36	56	33	55	31	55	30	56	30	57	31	57	33	56	36	54	39	51	43	47	47	42	50	36	52	31	53	26	53	22	52	18	50	15	48	13	45	11	42	10	38	10	33	11	29	13	26	16	24	18	23	21	23	23	24	24	26	24	29	23	31	21	32	18	32	14	31	9	29	5	26	2	22	0	17	-1	13	-1	8	0	4	2	1	5	-1	9	-2	14	-2	20	-1	26	1	31	3	35	5	38	6	40	6	41	6	41	
55:
96	178.126	77	9	76	10	74	12	71	13	69	15	66	16	63	16	61	16	60	15	59	13	59	10	60	6	62	3	64	1	67	0	71	0	74	1	76	3	78	6	80	10	81	15	81	20	80	24	78	28	75	31	71	33	67	35	64	38	62	42	61	46	61	50	62	53	64	55	65	56	65	56	64	55	62	53	59	52	56	52	53	53	51	55	49	58	46	62	42	65	38	67	35	68	33	69	32	69	31	68	31	67	32	65	32	62	31	60	29	59	26	59	22	60	18	62	13	63	9	65	5	66	2	66	0	65	-1	63	-1	61	0	59	2	57	5	56	8	56	11	56	13	55	14	53	14	50	13	47	11	44	8	42	5	41	3	41	2	41	2	40	3	38	5	35	8	33	12	30	16	26	21	21	27	17	34	14	42	12	49	11	56	11	62	12	67	13	71	13	74	12	76	10	77	9	77	9	
56:
97	21.688	41	35	40	34	38	34	35	35	32	35	28	34	24	32	20	31	16	31	13	32	11	34	9	37	8	41	8	44	9	46	11	47	14	47	18	47	21	48	23	50	24	52	24	54	23	56	21	59	18	63	16	68	15	72	15	75	16	77	16	78	15	78	13	77	11	75	8	72	5	68	3	65	2	63	2	62	3	62	5	62	8	63	12	65	17	67	23	69	30	70	37	70	43	69	48	67	52	65	55	63	57	61	58	59	58	58	57	58	55	58	54	59	54	61	55	64	57	67	60	69	64	70	69	70	73	69	76	67	78	64	80	60	81	55	81	50	80	46	78	43	75	41	73	40	72	39	72	37	73	36	74	34	75	31	75	27	74	22	72	16	69	11	65	7	62	4	58	2	53	1	48	1	43	2	39	4	36	7	34	11	33	15	33	20	34	25	36	29	38	32	40	34	41	35	41	35	
57:
101	16.294	15	12	14	11	12	10	9	8	5	7	2	7	0	8	-1	10	-1	12	0	15	1	17	1	19	0	20	0	20	1	21	3	23	4	26	6	30	7	35	7	40	6	46	5	53	3	60	2	66	2	72	3	77	5	81	7	84	10	86	14	87	18	87	23	86	29	84	34	81	38	77	41	73	43	68	44	62	44	56	43	51	41	47	40	44	40	42	41	40	43	39	46	39	49	40	53	41	58	42	64	42	69	41	73	39	76	36	78	32	79	27	79	21	78	16	76	12	73	9	69	7	64	6	58	6	52	6	47	7	43	9	40	12	38	15	36	17	35	19	35	20	36	20	37	21	39	23	41	26	44	30	48	35	53	41	59	48	64	55	68	61	71	66	73	70	74	73	75	75	75	76	75	76	74	75	72	73	69	70	65	66	61	61	56	55	50	48	43	40	36	33	30	27	25	22	21	18	18	15	16	13	15	12	15	12	
58:
98	6.743	3	57	3	58	4	60	4	62	3	64	3	67	2	69	1	70	-1	70	-2	69	-2	67	-1	64	1	60	4	55	7	49	10	43	14	37	17	32	19	28	20	23	21	18	21	12	20	7	18	3	15	0	11	-2	8	-3	6	-3	5	-2	5	0	6	2	8	5	11	9	15	12	20	15	25	18	31	20	36	21	40	21	43	20	45	19	46	17	47	16	49	16	51	17	54	19	57	22	59	26	60	30	61	34	61	37	62	39	62	40	61	41	59	43	56	45	52	48	49	52	46	57	44	61	43	65	42	69	42	72	43	74	43	75	42	75	42	74	41	72	41	69	42	65	44	60	46	54	49	47	53	39	58	32	62	26	65	21	67	16	68	11	68	7	68	4	67	2	67	1	66	1	64	2	61	4	57	7	52	11	46	16	39	22	31	29	24	36	18	42	13	47	9	51	6	54	4	56	3	57	3	57	
59:
81	55.518	40	28	40	29	40	31	39	33	37	34	34	34	30	35	26	37	23	40	21	44	19	48	16	51	13	53	9	54	5	54	2	53	0	51	-1	48	-2	44	-2	40	-1	35	1	31	4	28	7	26	9	25	10	23	10	21	9	18	7	16	5	15	3	15	2	15	2	16	3	16	5	15	8	14	12	13	16	11	21	8	27	4	32	1	36	-1	40	-2	43	-2	46	-1	48	1	49	4	49	8	49	13	49	18	50	24	52	31	55	37	58	43	60	49	62	54	64	58	67	61	71	63	75	64	78	64	80	65	81	67	81	69	80	72	78	74	75	75	71	75	66	74	60	72	55	69	50	65	46	60	42	54	39	48	37	43	36	38	36	34	37	31	39	29	40	28	40	28	
60:
87	0.333	67	10	66	11	64	13	63	16	61	19	58	21	54	24	51	28	49	31	48	34	48	38	49	41	51	43	54	44	58	44	63	44	67	43	70	42	72	42	73	43	73	45	72	47	71	50	69	54	68	58	68	61	69	63	71	64	74	64	77	64	79	65	80	67	80	69	79	72	77	74	74	75	70	75	65	75	59	76	53	77	47	77	40	78	34	79	29	79	25	78	22	76	20	73	18	69	17	64	17	60	18	57	20	55	23	53	27	52	30	51	33	49	35	47	36	44	36	40	35	36	33	33	30	31	26	30	21	30	16	31	12	33	8	36	5	39	3	41	2	42	2	42	3	41	5	39	8	36	12	32	17	27	23	23	29	18	34	14	40	11	46	9	52	8	57	8	61	9	64	10	66	10	67	10	67	10	
61:
104	0.378	7	7	8	8	9	10	9	12	10	15	12	19	14	22	17	24	21	25	25	25	30	24	34	22	37	19	39	16	40	14	40	13	39	13	37	14	36	15	36	17	37	20	39	23	42	26	46	30	51	33	57	35	62	36	66	37	71	37	75	36	78	34	80	31	81	27	81	22	80	17	78	13	75	10	73	8	71	6	68	5	64	5	61	6	59	7	58	9	57	12	57	16	58	21	60	27	63	34	67	42	70	49	72	55	73	60	73	64	72	67	70	69	67	70	64	70	60	69	56	67	51	64	45	62	39	61	34	61	30	62	27	64	24	67	21	69	19	70	18	70	17	69	17	67	17	64	18	60	19	57	19	55	18	54	16	54	13	55	10	57	7	60	5	64	4	67	4	71	3	74	3	76	4	77	6	77	7	76	7	74	8	71	9	67	9	62	8	56	8	50	8	43	7	35	6	28	4	22	3	17	3	13	4	10	6	8	7	7	7	7	
62:
66	6.976	24	38	23	37	21	36	18	35	16	35	14	36	12	38	10	41	8	45	6	49	5	53	5	56	6	58	8	59	11	59	15	58	20	57	24	56	28	56	31	57	33	59	34	62	36	64	39	65	43	67	48	70	53	73	59	76	64	78	68	79	71	79	73	78	74	76	74	73	75	69	75	64	75	58	74	53	72	49	69	46	66	44	64	42	63	40	63	38	64	35	65	32	65	28	64	23	64	17	63	12	61	8	58	5	55	3	51	2	46	2	42	3	38	5	34	8	30	12	27	17	25	23	24	28	24	32	25	35	25	37	24	38	24	38	
63:
103	29.334	28	77	29	76	30	75	31	73	31	71	30	70	28	70	25	69	21	69	18	69	16	68	15	66	15	63	16	59	17	54	17	50	16	47	14	44	11	42	7	41	4	41	2	42	1	43	1	43	2	42	4	40	7	39	11	39	14	38	17	37	20	35	22	32	23	29	23	27	22	26	20	24	19	23	19	22	20	21	22	19	24	17	27	15	29	12	30	9	30	6	29	4	27	2	24	1	21	1	18	1	16	2	15	4	15	6	16	9	18	13	21	18	25	24	30	31	34	39	38	46	41	53	43	59	45	64	46	69	47	73	48	76	50	78	53	79	57	79	61	78	65	76	68	73	70	69	71	64	71	58	70	53	68	49	66	44	64	38	63	33	63	27	64	22	65	18	67	15	68	13	68	12	67	12	67	13	68	15	69	18	69	22	68	27	66	33	63	40	59	48	54	55	49	61	43	66	38	70	34	73	31	75	29	76	28	77	28	77	
64:
102	22.366	20	79	21	80	23	80	26	80	29	79	31	77	32	74	32	70	33	67	35	65	37	63	40	62	44	62	49	63	53	63	58	62	62	60	65	57	67	53	69	48	70	43	70	39	70	36	69	33	67	31	65	30	64	30	64	31	65	32	67	32	69	31	71	29	72	26	72	24	71	23	69	23	66	24	62	25	57	27	51	29	44	30	37	30	30	31	24	33	19	36	15	39	12	42	10	45	8	47	5	48	3	48	2	49	2	51	3	54	4	56	5	59	5	62	4	64	2	65	-1	65	-5	64	-8	62	-10	59	-11	55	-11	50	-10	44	-8	37	-7	31	-5	24	-2	18	2	13	7	9	13	6	20	4	28	3	37	3	46	4	54	6	61	9	67	13	72	18	76	24	79	31	81	39	82	48	82	56	82	64	81	71	79	77	76	82	72	86	67	89	61	91	55	92	48	92	41	91	35	89	30	87	26	85	23	82	21	80	20	79	20	79	
65:
97	29.46	55	31	54	31	53	31	51	30	48	30	46	29	45	27	45	26	46	26	48	25	51	23	55	22	59	21	62	19	64	16	65	12	65	9	66	7	67	6	69	6	70	7	72	9	73	12	74	16	74	21	73	26	71	32	69	37	67	41	64	44	60	46	55	48	51	50	48	53	46	57	45	62	45	66	45	69	44	71	42	73	39	74	35	74	32	74	30	73	29	71	29	68	30	64	30	59	30	55	31	52	32	50	32	49	31	49	29	50	26	52	22	55	18	59	15	64	13	68	12	72	12	77	13	82	15	86	18	89	22	91	27	92	33	93	40	93	46	92	51	90	55	87	58	83	60	78	61	72	61	66	60	61	58	56	55	50	51	44	46	37	40	30	35	24	31	19	28	15	26	12	25	10	25	9	26	9	28	10	31	12	35	15	40	19	45	23	49	26	52	28	54	30	55	31	55	31	
66:
98	5.883	70	19	69	20	67	20	64	19	60	19	56	19	51	20	45	22	38	24	32	25	27	25	23	24	20	24	18	25	17	27	17	30	18	34	19	38	20	41	20	43	19	44	17	44	14	43	11	41	7	39	4	38	1	38	-1	37	-3	36	-4	34	-4	31	-3	27	-1	23	2	18	6	14	11	10	17	7	24	5	32	4	41	4	49	5	56	7	62	10	67	14	71	19	74	25	76	32	77	40	77	47	76	53	74	58	72	62	69	65	65	67	60	68	56	68	53	67	51	65	50	64	50	62	51	61	53	61	56	62	60	64	64	67	67	71	69	74	70	76	70	77	69	77	67	77	64	78	60	80	55	81	49	81	43	80	36	79	30	79	25	79	21	79	18	79	16	78	15	76	15	73	16	71	18	68	21	65	25	61	30	57	36	52	43	46	49	40	55	34	60	29	64	25	67	22	69	20	70	19	70	19	
67:
89	15.582	24	77	23	77	21	76	18	75	16	73	15	70	15	66	16	63	18	61	19	58	19	56	18	55	16	55	13	55	9	56	6	58	4	61	3	65	3	68	4	70	6	71	9	72	13	72	18	71	22	69	25	66	27	62	28	57	28	51	27	45	27	40	27	36	28	33	30	31	33	30	37	29	42	29	47	30	52	32	56	35	61	39	65	42	68	45	70	48	71	51	71	55	70	58	68	60	65	61	61	61	58	60	56	58	55	56	55	53	56	49	58	44	61	38	64	31	68	24	71	18	74	13	76	9	77	6	77	4	76	3	74	3	71	3	67	3	62	3	56	2	51	1	45	1	38	2	31	4	25	7	20	11	16	16	13	22	11	29	10	36	10	44	10	51	11	57	13	62	15	67	18	71	21	74	23	76	24	77	24	77	
68:
105	31.634	63	19	64	20	65	22	65	25	66	29	66	33	65	38	64	43	62	47	59	50	56	52	54	53	53	54	53	55	54	55	56	54	58	53	61	53	65	54	68	56	70	59	71	63	71	66	70	68	68	70	65	73	61	75	56	76	50	76	45	75	41	73	38	71	36	68	34	64	33	59	33	53	34	48	36	44	39	40	43	37	46	35	48	34	49	34	49	33	48	32	46	30	43	27	41	23	40	18	40	14	41	11	43	8	46	5	50	3	53	2	55	0	58	-1	60	-1	61	0	61	2	60	5	58	9	55	14	51	18	46	21	40	23	33	24	27	24	22	23	18	21	14	18	11	16	9	13	8	10	8	7	8	5	7	4	5	4	2	5	0	7	-1	10	-3	14	-6	19	-8	25	-9	31	-9	37	-9	43	-8	48	-7	52	-5	55	-2	57	2	58	7	58	12	57	18	55	25	52	33	48	40	43	46	38	51	33	55	29	58	25	60	22	62	20	63	19	63	19	
69:
105	112.397	15	55	14	56	13	58	13	61	13	65	13	69	12	72	10	75	8	77	5	78	1	78	-2	77	-4	75	-5	72	-5	68	-4	63	-2	57	0	52	3	48	7	44	12	41	16	39	20	38	24	38	27	39	29	41	30	44	31	48	31	51	32	53	34	54	37	54	41	53	44	51	46	50	47	50	47	51	47	53	48	56	50	60	52	64	53	68	53	71	52	73	50	74	47	74	45	73	42	71	40	68	39	64	39	59	40	53	42	46	44	40	45	35	47	31	50	27	54	24	57	22	59	19	60	15	60	11	59	8	58	5	57	3	55	2	52	1	48	1	43	1	38	2	34	4	31	7	29	9	28	12	28	15	29	19	31	24	34	30	38	35	43	39	49	42	56	44	62	45	67	45	71	44	74	42	76	40	78	37	79	33	79	29	78	26	76	24	73	23	69	23	64	24	58	26	51	29	43	33	36	38	30	43	25	47	21	50	18	52	16	54	15	55	15	55	
70:
96	8.977	45	62	44	63	42	63	39	62	37	60	36	57	36	53	36	49	37	45	39	42	42	39	46	37	50	34	53	32	55	30	57	27	58	24	58	22	59	21	61	21	64	22	68	23	71	23	74	22	76	20	77	17	77	13	76	10	74	8	72	7	71	7	69	8	66	10	64	13	63	17	62	22	62	28	63	35	65	41	68	46	72	50	75	53	77	55	78	56	78	56	79	55	79	53	78	50	76	46	73	41	69	36	64	31	58	27	51	24	43	22	36	21	30	21	25	22	20	23	16	24	13	24	11	23	10	21	10	18	10	16	10	15	9	15	7	16	4	18	2	21	1	25	1	29	2	32	4	34	7	35	9	36	10	38	10	41	9	45	7	50	5	56	4	62	3	67	3	71	4	74	6	76	9	77	13	77	18	77	24	76	30	74	35	71	39	68	42	65	44	63	45	62	45	62	
71:
89	32.396	12	60	13	59	15	58	18	57	22	57	25	56	27	56	28	57	28	59	27	61	27	63	26	64	24	64	23	63	22	61	22	58	23	54	23	49	22	43	20	37	19	31	18	26	18	22	18	18	17	15	15	13	12	12	10	12	8	13	7	14	7	14	8	15	10	15	12	14	14	13	15	11	15	8	14	5	12	3	9	2	7	1	6	1	6	2	7	4	9	7	11	9	14	12	18	16	23	19	29	21	36	22	42	22	47	21	51	19	54	16	56	12	58	9	59	7	61	6	64	6	67	7	69	8	70	10	70	13	69	17	67	21	65	24	64	28	64	31	65	33	66	36	68	38	69	39	69	41	68	43	66	46	63	48	59	49	54	50	48	50	43	51	37	53	31	55	26	57	22	58	18	58	15	59	13	60	12	60	12	60	
72:
97	0.179	65	53	66	52	67	50	68	48	68	46	69	45	71	45	74	46	76	46	77	45	77	43	77	40	76	38	74	37	71	37	67	38	62	39	58	41	54	42	51	43	49	45	48	47	48	49	49	52	51	56	53	59	54	62	54	65	53	67	51	68	48	68	44	67	39	65	34	62	30	58	27	53	25	48	24	44	23	41	23	39	24	38	26	37	29	35	33	32	36	28	40	25	43	22	45	20	46	19	46	18	45	17	44	15	43	14	43	14	44	15	46	16	49	18	53	20	58	21	63	21	67	21	70	20	72	18	73	15	73	11	72	7	70	4	67	2	63	1	58	1	52	2	45	4	38	7	30	11	23	16	17	22	12	29	8	37	5	45	3	52	2	58	2	63	3	67	5	71	8	74	12	76	17	77	23	77	30	76	37	74	44	71	50	67	55	63	59	59	62	56	64	54	65	53	65	53	
73:
96	3.984	64	77	63	76	61	75	60	74	58	74	55	75	53	76	50	77	46	77	43	76	41	74	40	71	38	69	35	67	31	66	27	66	23	67	20	68	17	69	15	69	14	68	13	67	13	65	13	62	14	59	16	57	18	56	19	56	19	56	18	56	16	55	13	55	10	55	8	56	7	56	7	55	8	55	10	54	13	52	17	49	22	45	28	40	35	36	41	32	46	28	50	25	54	23	59	22	64	22	68	23	71	24	74	25	76	25	77	24	77	22	76	19	74	15	71	10	67	6	62	3	56	1	50	0	45	0	39	1	32	2	26	2	21	3	17	4	12	4	8	3	5	2	3	2	2	3	2	5	3	8	5	10	8	11	12	13	17	15	23	18	30	21	37	24	43	27	50	31	56	36	61	41	65	46	68	50	70	53	71	57	71	62	70	67	68	71	66	74	65	76	64	77	64	77	
74:
95	13.637	76	7	75	8	75	10	76	13	77	17	78	22	78	27	77	32	75	36	72	39	68	41	63	42	58	42	54	42	51	41	48	39	46	36	44	33	43	31	43	30	44	30	44	31	43	33	41	36	38	40	35	44	31	48	26	51	20	53	15	54	11	56	7	59	4	61	2	63	1	65	1	67	2	68	4	69	7	70	10	71	12	73	15	76	18	78	22	79	27	79	33	78	38	77	43	75	49	73	54	72	58	71	61	71	63	70	64	68	64	65	63	61	61	57	58	52	54	46	49	41	43	37	36	34	30	32	24	31	19	31	15	30	12	30	10	31	9	33	9	34	10	34	12	33	15	31	19	28	22	26	24	23	25	19	25	14	24	9	23	5	23	2	24	0	26	-1	29	-1	33	0	38	2	44	3	51	5	57	6	62	6	66	5	70	5	73	5	75	6	76	7	76	7	
75:
93	10.092	74	25	73	26	71	27	68	29	64	30	59	30	55	30	51	30	48	29	46	28	45	26	45	23	46	20	48	17	51	14	55	12	58	11	60	11	61	12	61	14	60	17	58	21	55	25	51	28	46	30	40	32	35	33	31	33	28	32	26	30	24	27	23	24	21	21	18	19	14	18	11	18	9	18	8	17	8	15	9	12	11	10	13	9	16	9	20	10	23	12	25	15	26	19	26	23	25	28	23	33	22	37	20	40	17	42	13	43	8	43	4	42	1	42	-3	43	-6	45	-8	48	-10	52	-11	57	-11	61	-10	64	-8	66	-5	67	-1	67	4	66	8	64	13	62	19	60	26	59	33	59	39	60	44	62	49	64	53	65	56	65	58	64	59	62	59	59	60	56	62	54	65	52	69	50	72	47	74	43	75	38	75	34	74	31	73	28	73	26	74	25	74	25	
76:
93	0.249	29	54	30	53	32	52	35	52	39	52	44	52	49	52	54	52	58	53	61	55	63	57	64	59	64	60	63	60	62	59	60	57	59	54	59	50	59	47	60	45	61	44	63	44	66	45	69	46	71	47	73	47	74	46	74	44	73	41	71	37	68	32	66	28	65	24	65	20	65	17	65	15	64	14	62	14	59	15	55	17	50	20	45	23	41	27	38	30	36	32	35	33	34	33	32	32	31	30	31	27	31	23	31	18	30	14	29	11	29	9	28	8	26	8	25	9	23	11	21	14	18	17	14	20	10	22	6	23	3	23	1	22	0	20	0	18	0	17	1	17	3	18	5	19	6	21	6	24	7	28	7	33	6	39	4	45	2	50	0	54	-1	58	-1	62	-1	65	0	67	2	68	5	68	9	67	14	65	19	62	23	59	26	57	28	55	29	54	29	54	
77:
91	7.42	9	49	9	48	8	46	7	43	6	41	5	40	4	40	4	41	5	43	7	46	10	50	12	54	15	59	17	63	18	67	20	70	23	72	27	73	31	73	34	72	36	70	38	67	41	63	44	60	48	56	53	53	57	51	60	50	62	50	63	51	63	53	63	56	63	60	63	65	64	69	66	72	68	74	70	75	71	75	71	74	70	72	68	69	65	65	62	60	60	54	58	48	57	42	57	37	58	33	60	29	63	26	67	24	71	23	74	22	76	21	78	20	79	18	79	15	78	12	76	9	73	7	69	6	64	6	60	7	56	9	53	12	51	15	48	17	44	18	41	18	38	17	34	15	29	12	23	9	18	6	14	4	11	3	9	3	8	4	6	6	5	9	5	13	6	18	8	24	10	30	12	35	13	39	13	43	12	46	10	48	9	49	9	49	
78:
98	52.493	19	79	18	80	16	82	13	83	9	83	6	82	4	80	2	77	1	75	1	72	2	68	4	65	7	63	11	62	14	60	16	57	17	53	19	50	20	47	20	45	19	44	17	44	14	45	11	46	7	46	4	45	2	44	1	44	1	44	2	45	4	47	7	50	11	52	16	53	22	53	28	52	34	51	39	49	43	47	46	44	48	40	49	36	49	32	49	29	50	26	52	24	55	23	59	23	63	24	67	26	70	27	72	29	74	30	76	30	78	29	80	27	81	24	81	20	82	15	82	11	81	7	79	4	77	2	75	1	72	1	68	2	64	4	59	7	55	11	50	16	46	22	43	29	41	37	40	45	39	53	39	60	39	66	38	71	38	75	39	78	41	80	44	81	47	81	50	80	52	80	53	79	53	77	52	74	50	72	47	71	43	71	38	71	33	71	29	72	25	74	22	76	20	78	19	79	19	79	
79:
96	5.632	47	53	48	54	50	55	53	57	57	58	60	58	62	57	63	55	63	52	62	49	60	47	57	44	53	41	48	38	44	36	41	33	39	30	38	26	38	23	39	21	41	20	44	20	48	21	53	21	57	22	61	22	64	21	68	20	71	20	73	21	74	21	74	20	73	18	71	15	68	12	64	9	59	7	53	5	47	4	41	4	36	5	32	7	29	10	27	14	26	18	26	23	27	27	27	31	26	34	24	36	21	39	18	41	15	43	13	45	12	48	12	52	13	57	15	61	17	64	20	66	24	68	28	70	33	71	38	71	42	71	45	70	47	68	48	66	48	63	47	59	45	54	42	48	38	41	34	33	29	26	23	20	17	15	12	11	8	8	5	6	3	5	2	5	2	6	3	8	5	11	8	15	12	19	17	24	22	30	27	36	32	41	37	45	41	48	44	50	46	52	47	53	47	53	
80:
88	16.537	0	5	1	6	2	8	3	11	3	15	4	20	5	26	5	33	5	40	6	47	8	53	11	58	15	62	20	65	25	67	29	68	32	68	34	67	35	65	36	62	36	58	35	53	34	48	34	44	35	41	37	39	39	38	40	38	40	37	39	36	38	35	38	35	39	36	41	37	44	39	47	41	50	42	54	42	58	43	61	45	64	48	66	52	68	55	71	58	74	60	76	61	78	61	79	60	79	60	78	61	76	63	73	66	70	69	67	73	65	76	64	78	62	79	61	79	61	78	60	77	58	75	55	72	51	69	47	65	42	60	37	54	33	49	30	43	28	36	27	30	27	24	28	19	30	15	33	12	35	10	36	9	36	9	35	8	33	8	30	9	26	11	21	12	15	12	10	11	6	10	3	8	1	6	0	5	0	5	
81:
100	27.278	43	52	43	51	44	49	44	46	43	43	41	39	38	35	34	32	30	30	25	28	20	27	16	27	13	28	11	30	10	33	10	37	11	42	13	47	16	52	18	56	19	59	19	61	18	62	16	64	13	65	11	65	10	64	10	62	11	61	13	61	16	62	18	64	19	66	19	69	18	73	17	76	17	78	18	79	20	79	23	78	27	76	31	73	35	69	40	66	46	64	52	63	57	63	61	64	64	66	66	69	67	71	67	72	68	72	70	71	73	69	76	66	78	62	79	57	79	51	78	44	76	37	73	30	71	24	70	19	70	15	71	12	73	10	75	9	78	9	80	10	81	12	81	14	80	15	78	17	75	18	71	18	66	18	61	18	56	17	50	15	43	12	37	8	32	5	28	3	25	2	23	2	22	3	22	5	23	8	25	12	28	17	32	23	36	30	39	36	42	41	44	45	45	48	45	50	44	51	43	52	43	52	
82:
106	13.109	19	6	20	7	21	9	22	12	23	15	23	17	22	18	20	18	17	18	13	17	10	16	6	14	3	12	1	10	0	8	0	7	1	6	3	4	6	1	10	-1	15	-3	21	-4	28	-6	34	-7	39	-7	43	-6	46	-4	48	-1	49	3	49	8	48	14	46	20	45	27	45	33	45	38	45	42	46	45	47	47	48	48	50	48	52	47	54	45	57	42	59	38	62	35	64	33	66	32	69	32	72	33	75	35	77	38	78	42	79	47	79	53	78	60	76	66	73	71	69	75	64	78	58	80	51	81	45	81	39	80	34	78	30	75	27	71	25	67	24	63	22	60	21	58	21	57	20	57	18	58	17	59	15	61	13	62	10	62	7	61	5	60	2	59	0	59	-1	60	-2	61	-2	63	-1	66	1	70	2	73	4	75	7	76	10	76	14	75	18	73	21	70	23	66	24	61	24	55	23	48	21	40	19	33	17	27	16	21	15	16	15	12	16	9	18	7	19	6	19	6	
83:
100	8.11	45	79	46	78	47	76	48	73	50	69	53	66	56	64	59	63	62	63	64	64	67	66	69	68	72	70	74	71	75	71	75	70	74	68	72	65	69	61	65	56	60	52	55	47	51	43	48	39	46	36	45	34	45	33	46	33	47	34	47	36	46	39	44	42	41	44	37	45	32	45	28	44	25	43	22	43	20	44	19	46	18	49	16	51	13	52	9	52	5	51	1	49	-2	46	-4	42	-5	37	-6	31	-6	25	-5	20	-3	16	0	13	3	11	7	10	12	10	16	11	21	11	25	10	28	9	30	7	33	4	35	2	37	1	40	1	42	2	45	4	48	7	51	9	55	10	59	10	62	9	64	7	65	5	66	4	66	4	65	5	63	7	62	10	62	14	63	19	65	24	68	29	72	33	75	36	77	40	78	43	78	46	77	50	75	55	72	59	68	62	64	66	59	69	55	71	51	74	48	76	46	78	45	79	45	79	
84:
93	34.918	29	2	30	3	31	5	31	7	32	9	34	10	37	10	40	9	42	7	43	4	43	2	44	1	46	1	49	2	53	4	56	7	58	11	59	16	59	20	58	23	56	25	53	26	49	26	44	25	40	25	36	26	33	28	31	31	30	35	30	39	29	43	28	46	27	48	25	49	22	49	18	48	14	48	11	47	9	46	8	44	8	42	8	41	8	41	9	42	11	44	14	47	16	51	19	55	22	59	26	62	30	64	33	65	35	66	36	67	36	68	35	69	33	69	30	69	27	70	25	72	24	75	24	78	25	81	27	83	30	86	34	88	39	89	44	89	50	88	57	86	64	83	70	79	75	74	79	68	82	61	84	53	85	44	85	35	85	27	84	20	82	14	79	9	75	4	70	0	64	-3	57	-5	50	-6	44	-6	39	-5	35	-3	32	-1	30	1	29	2	29	2	
85:
85	17.575	54	37	55	37	57	37	59	37	61	37	62	38	62	40	61	42	60	44	60	46	61	47	63	47	65	46	67	44	70	41	72	39	74	38	75	38	75	37	74	35	72	33	70	31	69	28	69	24	69	19	68	14	66	10	63	7	59	4	54	2	48	1	41	1	33	0	26	0	20	1	15	3	11	5	8	8	6	12	5	17	5	22	6	28	8	33	11	37	14	40	16	44	17	47	17	50	16	54	16	58	17	61	19	64	22	66	25	67	29	67	32	66	34	64	35	61	35	57	34	52	34	48	34	45	34	43	35	42	37	42	40	43	44	45	49	48	53	52	56	57	58	61	60	64	61	66	61	67	60	67	58	66	55	64	52	61	50	57	49	52	49	47	50	43	51	40	53	38	54	37	54	37	
86:
89	40.354	28	59	27	59	25	60	24	62	23	65	22	68	20	72	17	75	13	77	10	78	7	78	5	77	4	75	4	73	5	70	6	66	8	61	11	55	15	48	18	42	20	36	21	31	21	27	20	24	18	22	17	21	16	21	16	22	17	24	19	25	22	25	26	25	30	25	33	25	37	26	40	28	42	31	43	34	43	38	43	41	44	43	46	44	49	44	52	44	55	44	57	45	58	47	58	50	57	54	56	58	56	63	56	68	57	72	59	75	61	77	64	78	68	78	72	77	75	75	77	72	78	69	78	65	77	60	77	54	77	47	77	39	76	31	76	24	76	18	77	13	78	9	79	6	79	4	78	3	76	3	73	4	69	6	64	9	58	13	51	18	45	24	40	31	36	38	33	44	30	49	28	53	27	56	27	58	28	59	28	59	
87:
91	1.304	52	55	53	54	53	53	54	53	54	54	54	55	55	56	57	56	60	55	62	53	65	50	67	46	68	43	68	41	67	39	65	38	62	38	60	39	59	41	59	44	58	48	56	52	53	55	49	57	45	58	40	58	36	58	33	58	31	59	30	59	30	60	31	60	33	59	36	57	38	54	39	51	39	48	38	45	36	43	33	42	29	42	24	41	20	39	17	36	15	34	14	31	14	27	15	22	17	18	20	14	23	11	26	9	28	8	29	8	29	9	28	11	26	14	23	18	19	23	14	29	10	36	7	44	5	52	4	60	4	67	5	73	7	78	10	82	14	85	19	87	25	88	32	88	40	87	47	85	53	83	59	81	64	79	68	78	71	78	73	79	74	80	74	80	73	79	71	77	69	74	66	70	62	65	58	61	55	58	53	56	52	55	52	55	
88:
77	39.537	33	47	33	46	33	44	32	41	30	39	27	38	23	36	20	35	18	33	17	30	15	26	14	22	13	19	11	16	8	14	6	13	4	13	3	14	3	14	4	13	6	12	9	12	13	11	18	11	23	11	28	10	32	8	35	7	37	7	38	8	38	10	38	12	37	15	36	19	36	22	37	24	39	25	42	25	45	25	47	26	48	28	48	31	47	35	46	40	45	44	45	49	46	54	48	58	49	62	49	65	48	67	46	68	43	69	39	70	34	70	28	69	21	69	15	70	10	72	5	74	1	75	-2	75	-4	74	-5	73	-5	71	-4	68	-2	64	1	61	5	59	10	58	16	58	21	57	25	55	28	53	30	50	32	48	33	47	33	47	
89:
78	1.278	72	37	73	38	75	40	76	41	76	43	75	45	73	46	70	46	66	45	61	43	56	41	52	39	49	38	47	38	44	39	40	41	36	43	33	46	31	50	28	55	24	59	21	62	19	64	18	65	18	67	19	70	21	72	24	73	28	73	33	72	38	71	43	71	47	72	51	74	56	75	61	75	65	75	68	74	70	72	71	69	71	65	70	60	69	54	68	47	67	39	65	32	64	25	64	19	65	14	67	10	68	6	68	3	67	1	65	0	62	0	58	1	54	1	49	0	43	0	38	-1	34	-2	31	-2	29	-1	28	1	28	4	29	7	31	11	33	16	36	22	40	27	45	31	51	34	57	36	62	38	66	39	69	39	71	38	72	37	72	37	
90:
108	13.488	61	46	62	45	64	44	67	44	70	45	73	47	76	48	78	50	79	52	79	53	78	55	76	57	73	58	69	58	64	57	59	55	54	52	50	48	47	43	45	37	44	30	44	23	45	17	46	11	48	6	49	2	49	-1	48	-3	46	-4	43	-5	39	-5	34	-4	29	-2	24	1	20	5	17	8	15	11	14	13	14	14	15	15	16	16	16	18	15	20	14	21	12	21	9	20	6	19	4	17	3	14	3	12	4	11	6	11	8	12	11	14	13	17	14	21	15	26	15	31	15	37	16	44	17	50	19	55	22	59	26	62	30	65	33	67	36	68	38	68	39	67	40	65	40	64	39	64	37	65	35	67	32	70	28	73	23	75	19	76	15	76	12	75	10	73	9	70	9	66	10	61	12	56	15	50	19	43	24	35	30	28	37	22	45	17	53	13	60	10	66	8	71	7	75	7	78	8	80	10	81	13	81	17	80	22	78	28	75	33	71	37	67	40	64	43	62	45	61	46	61	46	
91:
86	11.074	19	30	18	31	16	32	13	33	10	34	8	34	7	33	6	31	6	29	7	28	9	28	12	29	14	31	15	34	16	37	16	41	15	45	13	48	10	50	8	53	7	57	7	62	8	66	10	69	11	72	12	74	14	75	17	76	20	77	24	77	29	76	33	74	36	71	38	67	39	62	39	57	38	52	36	48	33	44	30	39	28	33	27	26	27	19	28	13	29	8	31	4	34	1	38	-1	43	-2	49	-2	56	-2	62	-1	67	0	71	1	74	2	76	2	77	1	77	0	78	0	79	1	79	3	78	6	78	10	77	15	75	21	73	28	72	35	72	42	73	48	74	53	75	57	75	60	74	62	72	63	69	63	65	62	60	60	54	57	47	53	40	48	34	43	29	39	25	36	22	33	20	31	19	30	19	30	
92:
92	34.832	47	73	48	74	48	76	48	79	47	81	45	82	42	82	39	81	36	79	33	76	29	72	24	68	20	64	16	61	13	59	11	58	8	58	5	59	3	61	2	64	2	66	3	67	5	67	8	66	12	64	15	61	17	57	18	52	18	48	17	43	15	37	12	32	8	28	3	24	-1	20	-4	15	-6	10	-7	6	-7	3	-6	1	-4	0	-1	0	3	0	7	1	10	3	13	6	17	10	22	15	27	20	31	25	34	29	37	32	39	36	40	39	41	41	42	42	43	42	43	41	43	39	43	36	43	32	44	27	45	23	47	19	49	16	51	13	52	11	54	10	56	10	57	11	57	13	56	16	56	20	57	24	59	29	62	35	66	40	70	44	73	47	75	49	76	52	76	55	75	57	73	58	70	59	66	60	61	62	57	64	53	67	50	70	48	72	47	73	47	73	
93:
91	62.677	20	19	20	20	19	22	19	25	20	29	20	32	19	34	17	36	14	37	10	37	7	37	5	38	4	40	4	43	4	47	5	52	7	57	9	62	10	66	10	69	9	71	7	72	5	72	3	71	2	69	2	68	3	68	5	68	8	69	12	70	16	70	21	70	25	69	29	67	32	65	34	62	35	60	35	59	34	59	32	59	29	58	27	56	26	53	26	49	27	44	29	38	32	33	34	28	35	22	35	17	34	12	34	8	35	5	37	3	40	2	43	2	46	3	48	5	49	8	49	12	49	17	48	23	47	29	46	35	46	41	47	46	48	50	50	53	52	55	55	56	59	56	64	56	68	56	71	56	73	56	74	56	74	55	73	55	71	55	68	54	64	52	59	49	54	45	48	40	41	34	35	29	30	25	26	22	23	20	21	19	20	19	20	19	
94:
82	20.65	6	48	7	49	9	50	11	51	12	52	12	54	11	55	9	56	6	58	4	61	3	64	3	66	4	67	6	69	9	71	13	72	18	72	24	71	31	71	37	71	42	70	46	70	49	69	51	67	52	64	52	60	52	55	51	51	49	47	46	43	44	40	43	36	43	33	44	31	46	30	48	30	50	30	51	29	51	27	50	24	49	21	48	18	48	15	49	13	51	11	52	9	52	7	51	5	49	4	47	4	46	5	44	7	43	10	41	14	38	18	34	21	29	23	24	24	20	24	17	25	15	25	13	24	12	22	12	19	12	15	13	12	13	9	12	7	10	6	7	6	3	7	0	9	-3	12	-5	16	-6	21	-6	27	-5	33	-3	38	0	42	3	45	5	47	6	48	6	48	
95:
98	14.904	43	4	42	5	42	7	41	10	39	13	36	15	33	16	31	16	28	15	24	13	21	10	19	7	18	4	17	2	15	1	14	1	14	2	14	4	15	7	17	11	18	16	19	20	21	24	23	28	26	31	30	33	35	34	39	34	42	33	45	31	48	28	52	24	57	19	63	15	68	12	72	10	75	9	77	9	79	10	81	12	82	15	82	19	81	24	80	30	78	37	75	43	71	48	67	52	62	55	58	57	54	60	50	62	45	63	40	63	34	63	28	64	22	66	17	69	13	71	10	73	8	74	7	74	5	73	3	71	1	68	0	64	0	61	1	59	3	56	6	54	10	53	14	53	19	53	25	53	32	54	40	56	49	59	57	63	64	66	70	68	75	69	79	69	82	68	84	66	85	63	85	59	84	54	82	49	79	43	75	37	70	30	64	24	58	19	53	14	49	10	46	7	44	5	43	4	43	4	
96:
91	32.413	4	35	5	36	7	37	9	38	12	38	15	37	17	35	18	33	20	32	21	32	22	33	22	35	23	37	24	40	26	42	29	43	33	43	37	42	40	40	42	37	43	33	43	28	43	24	44	21	44	19	43	18	41	18	38	17	35	16	33	16	31	16	30	17	30	19	29	20	27	20	24	19	21	17	19	14	18	10	18	6	19	3	21	1	23	0	26	0	30	0	35	1	41	3	48	6	54	8	59	11	63	15	66	20	68	26	69	32	69	39	69	45	70	50	72	54	75	57	77	59	78	61	78	64	77	67	75	71	72	75	68	78	63	80	57	81	50	81	42	80	33	78	25	75	18	71	12	66	7	61	3	55	0	50	-2	44	-3	39	-3	34	-2	30	0	27	3	25	6	24	8	24	9	25	9	27	8	29	6	32	5	34	4	35	4	35	
97:
102	0.315	56	16	57	15	59	15	61	15	63	16	66	17	68	19	69	22	69	25	68	27	66	29	63	30	59	31	54	32	50	33	46	35	43	38	41	40	40	41	40	43	41	45	42	46	42	48	41	49	39	49	37	48	35	48	34	48	34	49	35	51	37	53	40	56	43	59	45	61	46	63	46	66	45	70	43	74	40	77	36	79	31	80	26	81	21	81	16	80	12	78	9	75	7	71	6	66	6	62	7	58	9	55	12	52	14	50	15	48	15	47	14	46	12	46	9	47	5	47	2	46	0	44	-1	41	-1	38	0	36	2	35	5	33	9	32	12	30	15	29	17	27	18	25	18	22	17	19	16	17	14	16	11	16	8	17	6	19	5	22	5	26	6	31	8	37	11	43	15	48	20	52	26	55	33	57	40	58	47	58	53	58	58	57	62	55	65	52	67	48	68	43	68	37	67	31	65	26	62	22	59	19	57	17	56	16	56	16	
98:
87	7.605	72	17	73	17	74	18	76	20	77	23	77	27	76	32	74	36	71	39	67	41	64	42	61	42	59	43	58	45	58	47	59	49	60	52	60	54	59	55	57	55	55	54	54	53	53	51	53	48	52	45	50	43	47	42	43	42	39	43	36	43	34	42	31	40	29	38	28	35	28	31	29	27	31	23	34	20	38	18	43	17	47	17	50	18	52	20	55	23	58	27	61	32	65	38	68	45	70	53	71	62	73	70	74	77	74	83	73	88	72	92	70	95	67	97	63	98	58	98	52	97	45	95	37	92	29	88	22	83	16	78	11	73	7	68	4	64	2	61	1	59	1	58	2	58	4	59	7	59	11	59	16	58	22	56	29	53	37	49	44	44	51	38	57	32	62	27	66	23	69	20	71	18	72	17	72	17	
99:
95	2.812	43	8	44	9	46	10	49	10	51	11	52	13	52	16	52	20	53	23	55	25	58	26	61	26	64	25	67	23	69	21	70	18	70	16	69	14	67	13	64	13	61	14	59	16	57	18	54	21	50	25	45	30	39	35	32	39	26	42	21	46	16	49	12	51	9	52	7	52	6	52	6	53	7	55	9	56	12	58	14	61	15	65	16	68	16	70	15	72	13	73	11	74	10	76	10	78	11	79	13	79	16	78	19	76	23	74	26	71	29	67	33	64	38	61	43	59	49	58	56	58	62	59	67	59	71	60	74	60	76	61	77	63	77	65	76	68	74	70	71	71	67	71	63	70	58	68	52	65	45	61	37	56	30	51	24	46	19	40	15	35	12	30	10	25	9	19	9	14	10	10	12	6	15	3	19	1	23	0	28	0	33	1	37	3	40	5	42	7	43	8	43	8	