0:
67	1.221	97	27	96	28	94	29	91	31	87	34	82	38	76	43	71	49	65	56	60	64	56	71	53	77	51	84	50	90	50	95	51	99	51	102	50	104	48	105	45	105	41	104	36	102	30	100	24	97	19	93	15	89	12	86	10	84	9	83	9	83	10	84	12	86	15	89	19	93	24	98	29	103	35	109	42	115	50	122	59	128	69	133	80	137	91	140	101	142	110	143	118	143	125	142	131	140	136	137	140	133	143	128	145	122	146	116	146	109	145	101	143	92	140	82	136	72	131	63	125	55	118	48	112	42	107	37	103	33	100	30	98	28	97	27	97	27	
1:
61	5.207	2	145	3	146	5	148	8	151	12	154	17	156	23	157	30	157	38	156	47	154	56	151	64	147	71	142	77	136	82	129	86	121	89	112	91	103	92	93	92	82	91	71	90	61	88	52	85	44	81	37	78	31	76	25	75	20	75	16	76	13	78	11	80	10	81	9	81	7	80	4	78	2	75	1	71	1	66	2	60	4	53	7	45	11	37	16	29	22	22	29	15	37	9	46	4	56	0	67	-3	79	-5	90	-6	100	-6	109	-6	117	-6	124	-5	130	-4	135	-2	139	0	142	1	144	2	145	2	145	
2:
49	0.491	75	138	74	139	72	139	69	140	65	142	60	143	54	143	47	142	40	141	33	139	27	136	21	132	16	127	12	121	9	114	7	106	5	97	4	88	4	79	5	71	7	64	10	58	14	52	19	47	24	43	30	40	37	38	44	37	51	37	57	38	62	40	66	43	69	47	71	52	72	58	73	65	75	72	76	80	76	89	76	98	76	106	77	113	77	119	76	124	75	128	75	132	76	135	76	137	75	138	75	138	
3:
61	0.616	138	131	139	130	141	128	144	125	146	122	147	120	148	119	148	119	147	120	145	122	142	125	138	129	133	134	127	138	120	141	112	143	103	144	94	144	86	144	79	143	72	141	66	138	60	134	55	129	51	123	48	116	46	108	45	99	45	89	46	78	48	68	51	59	54	51	58	44	61	38	64	33	68	29	73	26	78	24	84	23	91	23	97	24	102	26	106	29	109	33	112	38	116	44	120	51	123	59	125	68	127	78	128	87	129	95	130	103	132	110	134	116	135	121	136	125	137	128	137	130	138	131	138	131	
4:
56	0.313	20	1	19	2	19	4	19	7	18	11	16	16	14	22	13	29	11	37	10	46	10	56	9	65	7	74	6	82	6	89	7	95	9	101	12	106	16	110	21	113	27	115	34	116	40	116	45	115	49	113	52	110	54	106	57	101	61	97	66	94	71	92	77	91	83	91	88	92	92	94	95	95	97	95	98	94	98	92	97	89	95	85	92	80	88	74	83	67	77	59	70	50	62	41	54	33	47	26	41	20	35	15	30	11	26	7	23	4	21	2	20	1	20	1	
5:
45	0.024	99	39	98	38	96	37	93	35	89	33	84	31	78	29	71	27	63	26	56	26	50	27	45	29	41	31	38	32	36	34	35	37	35	41	36	46	38	52	41	59	45	67	50	75	56	82	63	88	70	93	78	97	86	100	94	102	101	103	107	103	112	102	116	100	119	97	121	93	122	88	122	82	121	75	119	67	116	60	112	54	108	49	105	45	102	42	100	40	99	39	99	39	
6:
53	0.174	61	58	62	59	64	61	66	64	69	68	73	73	78	79	84	85	90	90	97	95	105	99	112	102	119	104	126	105	132	105	137	104	141	102	144	99	146	95	147	91	147	86	146	80	144	73	141	65	138	56	134	46	129	37	123	29	116	22	108	15	99	9	89	4	79	0	70	-3	62	-5	55	-6	49	-6	44	-5	40	-3	37	0	35	4	34	9	34	15	35	21	37	27	40	32	44	38	47	43	51	48	55	52	58	55	60	57	61	58	61	58	
7:
58	0.036	123	72	122	73	120	75	117	78	113	82	108	87	104	93	101	99	99	104	98	110	98	117	99	124	101	130	104	135	108	139	113	142	117	145	120	147	122	148	123	149	123	149	122	148	120	146	117	143	113	140	108	137	102	133	95	128	87	122	78	116	69	109	61	101	54	92	48	82	43	72	39	63	36	55	34	48	33	42	33	37	34	33	36	30	39	28	43	27	48	27	54	28	61	30	69	33	78	36	87	40	95	45	102	51	108	57	113	62	117	66	120	69	122	71	123	72	123	72	
8:
65	0.112	42	80	41	81	41	83	42	86	44	90	46	95	49	99	53	104	56	108	60	111	65	113	71	114	78	114	85	113	93	111	100	108	106	104	111	99	115	93	118	86	120	79	121	72	121	66	120	61	118	57	115	54	111	52	106	51	100	51	94	52	87	54	79	57	71	61	64	65	57	70	51	76	44	83	38	91	33	100	29	109	26	117	24	124	23	130	23	135	24	139	26	142	28	144	31	145	35	145	38	144	40	142	42	139	45	135	49	130	52	124	54	117	55	109	55	102	54	96	52	91	49	87	46	84	44	82	43	81	42	80	42	80	
9:
56	0.088	70	68	71	67	73	65	76	62	80	58	85	53	91	47	97	42	104	38	110	35	115	33	121	32	126	32	130	33	134	35	137	38	139	42	141	47	142	53	142	59	141	64	139	68	136	71	132	73	127	74	121	74	114	73	106	71	97	68	87	64	76	59	66	53	57	46	49	40	42	34	36	28	31	23	27	19	24	16	22	14	21	13	21	13	21	14	22	16	24	19	27	23	31	28	36	34	42	40	49	47	55	53	60	58	64	62	67	65	69	67	70	68	70	68	
10:
58	0.617	57	118	58	119	60	121	62	124	65	128	69	132	74	135	80	137	87	138	94	138	102	137	109	135	115	132	120	128	124	123	127	117	129	110	131	102	132	93	132	83	131	73	129	64	126	55	122	47	117	39	111	32	104	26	96	21	87	16	77	12	67	9	57	7	48	6	40	6	33	7	27	9	21	12	16	15	11	19	7	24	4	30	2	37	1	44	1	52	2	59	4	65	7	71	11	77	16	83	22	88	29	94	36	99	42	103	47	108	51	112	54	115	56	117	57	118	57	118	
11:
76	0.234	140	69	140	68	140	66	141	63	141	60	141	56	140	53	139	51	139	50	140	50	141	51	141	53	140	56	140	60	141	65	142	71	143	77	144	82	145	86	145	89	144	91	143	92	141	92	138	91	134	89	129	86	123	83	117	79	111	74	106	68	102	62	99	56	95	51	90	47	85	44	80	42	76	41	73	41	71	42	69	44	68	47	68	51	67	56	65	62	62	69	59	77	57	86	54	95	52	105	49	114	45	122	41	129	38	135	36	140	35	144	35	147	36	149	38	150	41	150	45	149	50	147	56	144	63	140	71	135	79	129	88	122	97	114	105	105	112	97	119	90	125	84	130	79	134	75	137	72	139	70	140	69	140	69	
12:
36	0.026	46	116	47	115	49	114	52	114	56	114	59	113	61	111	63	109	64	106	64	102	63	99	61	97	59	96	58	96	58	97	59	98	61	99	64	101	68	104	72	106	75	107	78	108	80	108	81	107	81	105	80	103	78	102	75	102	71	102	66	103	61	105	56	108	52	110	49	113	47	115	46	116	46	116	
13:
55	0.089	101	13	100	14	98	14	95	13	92	13	90	12	88	10	87	7	87	5	87	4	86	4	86	5	87	7	88	10	90	14	93	19	97	25	102	32	107	40	113	49	120	59	126	68	131	78	135	88	138	97	140	105	141	112	141	118	140	123	138	127	135	130	133	132	132	133	130	133	127	132	123	130	118	127	112	123	105	118	99	112	94	105	90	97	87	88	84	78	82	68	81	58	81	49	82	41	84	34	87	28	91	23	95	19	98	16	100	14	101	13	101	13	
14:
63	27.15	139	123	139	122	138	120	136	117	135	113	133	108	132	102	132	96	133	89	134	81	135	72	135	64	134	55	132	47	129	40	125	33	120	27	114	22	107	18	100	15	94	13	89	12	84	12	80	13	77	15	75	18	74	22	72	27	71	33	71	40	70	47	70	55	69	62	67	70	64	77	60	84	57	90	53	95	49	99	45	102	42	104	40	105	39	105	39	104	40	103	42	103	45	103	49	104	54	106	60	109	67	113	75	117	84	121	94	124	103	126	111	127	118	127	124	127	129	126	133	125	136	124	138	123	139	123	139	123	
15:
43	0.313	68	25	69	25	71	26	74	28	78	31	82	35	85	40	87	46	89	53	90	59	90	65	89	71	87	76	84	80	80	83	75	85	69	86	62	86	55	85	48	83	42	81	35	78	29	74	24	69	20	63	17	58	15	52	14	46	14	40	15	35	17	31	20	28	24	26	29	24	35	23	42	23	48	24	53	25	58	26	62	26	65	26	67	26	68	25	68	25	
16:
56	5.932	48	19	47	19	45	20	43	20	41	21	40	23	40	26	41	30	43	35	46	41	50	48	55	56	61	64	68	73	76	81	85	88	94	94	104	100	113	105	121	109	128	112	134	114	139	116	143	119	146	123	148	127	149	131	149	136	148	140	146	143	143	145	139	147	134	148	129	148	123	147	116	145	108	142	100	138	93	133	87	127	82	120	78	112	75	103	73	93	72	83	71	73	69	64	66	55	62	47	57	40	53	34	50	29	48	25	47	22	47	20	48	19	48	19	
17:
57	0.647	103	14	102	15	102	17	103	20	104	24	104	29	104	35	105	42	107	50	110	59	114	69	117	80	119	90	121	99	122	107	122	114	121	120	119	125	116	129	112	132	107	134	102	135	96	135	89	135	81	134	72	132	62	129	52	125	43	120	35	114	28	107	22	99	17	91	13	84	10	76	8	69	7	62	7	55	8	49	10	43	13	38	17	34	22	30	28	27	35	25	43	24	52	23	61	23	69	22	76	21	82	20	88	19	93	17	97	16	100	15	102	14	103	14	103	14	
18:
68	1.315	2	42	3	41	5	39	8	36	12	32	16	29	21	27	26	25	30	24	35	24	39	25	42	27	44	29	45	32	45	36	44	41	42	47	39	54	35	62	32	71	29	81	27	92	26	102	26	111	27	119	29	126	32	134	36	141	41	148	47	154	54	159	62	163	71	166	81	168	91	169	100	169	108	168	115	166	121	163	126	159	130	154	133	148	135	141	136	133	136	124	135	116	133	109	130	103	126	98	121	93	115	89	108	85	100	80	91	76	81	73	72	71	62	68	52	66	43	64	35	61	28	57	22	54	17	52	12	49	8	46	5	44	3	43	2	42	2	42	
19:
69	0.307	128	129	128	128	127	126	126	123	125	119	124	115	122	111	119	108	115	106	112	105	109	105	107	106	104	108	102	111	99	115	95	120	90	126	84	132	77	137	69	141	62	144	56	146	51	147	47	147	44	146	42	144	40	141	39	137	39	132	40	126	42	119	45	111	49	104	53	96	58	87	62	77	67	68	71	58	74	49	76	41	77	34	77	28	77	23	76	19	75	16	74	14	74	13	75	13	75	14	76	16	77	19	79	23	82	28	86	34	91	40	97	47	104	55	110	64	115	74	119	84	122	93	126	101	129	108	131	114	132	119	132	123	131	126	129	128	128	129	128	129	
20:
71	0.154	1	16	2	15	4	13	7	10	11	7	16	5	22	4	29	4	36	4	42	4	48	5	53	7	57	10	60	13	63	15	67	16	71	16	76	15	82	13	89	10	97	7	105	4	114	2	123	1	131	1	138	2	144	4	149	7	153	11	156	16	158	22	159	29	159	37	158	46	156	56	153	67	149	79	144	90	138	100	131	109	123	117	114	124	104	130	93	135	81	139	70	142	60	144	51	145	43	145	35	144	26	142	18	139	11	135	5	130	0	124	-5	117	-9	109	-12	100	-14	90	-16	80	-17	71	-17	61	-16	52	-14	44	-11	37	-8	31	-5	26	-2	22	0	19	1	17	1	16	1	16	
21:
59	3.382	91	5	92	4	94	3	97	3	101	3	105	3	108	4	110	6	112	8	113	10	113	13	112	17	110	20	107	22	103	23	98	25	92	28	85	31	77	35	68	39	58	43	49	48	41	54	34	61	28	69	23	78	19	86	16	93	14	99	13	105	13	110	14	114	16	117	19	120	23	122	28	123	33	124	39	124	46	123	52	121	59	118	66	114	72	109	78	103	83	96	88	88	93	79	97	69	100	59	102	50	103	41	103	33	102	26	100	20	97	15	95	11	93	8	92	6	91	5	91	5	
22:
66	9.601	101	118	102	118	103	118	105	117	108	115	112	114	117	114	123	113	129	111	134	108	138	105	141	101	143	98	144	94	144	89	143	83	141	76	138	68	134	59	129	51	123	44	117	38	112	33	108	27	105	20	103	13	102	7	101	2	99	-2	96	-5	92	-7	87	-8	81	-8	74	-7	66	-5	57	-2	47	2	38	7	30	13	23	20	17	28	12	37	8	46	5	56	3	67	2	77	2	87	3	96	5	104	8	111	12	117	17	122	23	126	30	129	38	131	47	132	56	132	65	131	73	129	80	126	86	123	91	120	95	118	98	117	100	117	101	118	101	118	
23:
44	0.302	58	95	57	94	55	93	52	91	48	89	43	88	39	88	36	89	34	91	33	94	33	98	34	102	35	107	37	113	40	119	43	124	47	128	52	131	58	133	65	134	73	134	81	133	88	131	94	128	99	125	103	121	106	116	108	110	109	104	109	99	108	94	106	90	103	87	99	85	94	84	88	84	82	84	77	85	73	87	68	88	64	90	61	92	59	94	58	95	58	95	
24:
64	0.141	55	23	56	24	58	26	59	29	59	33	59	38	58	42	56	46	53	49	49	51	44	54	38	56	31	57	25	57	19	56	14	56	10	56	7	57	5	59	4	62	4	66	5	71	7	77	10	84	14	92	19	101	25	109	32	116	40	122	49	127	59	131	70	134	81	136	92	137	102	137	111	136	119	135	126	133	132	130	137	126	141	121	144	115	146	108	147	100	147	91	146	81	144	72	141	64	137	57	132	51	126	46	119	42	113	39	106	37	98	35	91	34	83	33	76	31	70	28	65	25	61	23	58	22	56	22	55	23	55	23	
25:
65	0.399	84	135	83	134	81	132	78	129	74	126	69	124	63	123	56	123	48	124	41	126	35	129	30	133	26	137	23	140	21	142	19	143	18	143	18	142	19	141	21	139	24	137	27	134	31	130	36	125	42	119	49	112	56	104	62	95	67	85	71	75	74	66	76	58	77	50	77	43	76	37	74	32	71	28	67	25	62	23	57	21	51	19	46	17	40	16	35	16	30	17	26	19	23	22	21	26	20	31	20	37	21	44	23	52	26	61	30	70	35	80	41	90	48	99	56	107	63	114	69	120	74	125	78	129	81	132	83	134	84	135	84	135	
26:
50	1.071	5	101	4	100	3	99	2	98	2	98	3	99	5	101	7	104	9	108	12	112	16	116	21	119	25	121	28	122	30	122	31	121	31	119	32	116	34	112	35	107	36	101	38	94	39	86	41	79	44	73	48	68	53	64	59	61	64	59	68	57	71	56	73	56	74	56	74	57	73	59	71	62	68	66	64	70	59	75	53	81	46	86	39	90	32	93	26	97	20	100	15	102	11	103	8	103	6	102	5	101	5	101	
27:
69	30.946	85	5	84	5	82	5	79	5	76	6	72	7	67	9	61	12	54	16	46	21	39	27	33	34	28	42	24	50	21	57	19	63	18	68	18	72	19	75	21	79	24	82	28	84	33	85	39	85	46	84	54	84	63	85	73	87	83	90	93	92	102	94	110	95	118	97	125	100	131	104	136	109	140	114	143	120	145	126	146	132	146	137	145	141	143	144	140	146	137	147	133	147	128	146	122	144	117	141	112	137	106	132	101	126	97	119	94	111	92	102	90	92	89	81	89	71	88	60	86	50	84	41	83	33	83	26	84	20	86	15	87	11	87	8	86	6	85	5	85	5	
28:
70	14.462	27	143	26	143	24	142	21	140	17	137	12	133	6	128	1	122	-3	115	-6	107	-8	98	-9	88	-9	78	-8	68	-6	59	-3	50	1	42	6	35	11	29	17	24	24	20	32	17	40	15	47	14	54	14	60	15	67	17	75	20	82	24	88	29	93	35	97	42	100	50	103	59	105	69	108	78	111	86	113	93	115	99	118	104	122	108	127	112	133	115	138	117	142	118	145	118	147	117	148	115	148	112	147	110	145	108	142	107	138	107	133	107	127	108	120	110	112	113	103	117	93	121	82	124	72	126	63	129	55	133	48	136	42	138	37	139	33	141	30	142	28	142	27	143	27	143	
29:
57	0.803	120	63	121	64	123	65	126	65	129	64	133	63	136	61	138	58	139	54	139	50	138	47	136	45	133	42	129	39	124	35	118	32	113	29	109	25	106	20	104	16	103	13	103	11	103	10	104	10	104	11	103	13	101	16	98	20	95	25	92	31	90	38	89	46	88	55	86	64	83	73	81	81	80	88	80	94	81	99	83	103	86	106	90	108	95	109	99	109	102	108	104	106	105	103	105	99	106	94	108	88	110	82	113	77	115	73	116	69	118	66	119	64	120	63	120	63	
30:
54	1.49	133	124	132	125	130	127	127	129	123	132	118	136	113	139	107	142	100	145	94	148	87	150	79	151	72	152	66	152	61	151	57	150	54	149	52	147	51	144	51	140	52	135	54	129	57	122	61	114	66	105	72	95	79	86	87	78	95	71	104	64	112	58	119	53	125	49	130	46	134	44	137	43	139	43	140	44	140	46	139	49	137	53	134	58	130	64	127	71	124	79	122	88	121	96	121	103	122	109	124	114	127	118	130	121	132	123	133	124	133	124	
31:
80	6.109	125	98	124	99	122	101	120	104	117	108	113	111	108	113	102	114	95	114	89	113	83	111	77	108	72	104	68	99	65	93	63	86	62	78	62	69	63	59	65	48	68	37	72	27	77	18	83	10	90	3	98	-3	106	-8	113	-12	119	-15	124	-17	128	-18	131	-18	133	-17	134	-15	134	-12	133	-8	131	-4	128	0	124	4	119	7	113	10	106	14	98	18	89	23	79	27	68	31	57	36	47	42	38	48	30	54	23	59	17	63	12	66	8	69	5	71	3	74	2	76	2	78	3	79	5	79	8	80	12	81	17	83	23	86	29	88	36	89	44	90	53	92	63	94	73	95	82	96	90	98	97	100	104	101	110	101	115	100	119	99	122	99	124	98	125	98	125	98	
32:
74	0.083	101	82	100	82	98	81	95	79	91	76	86	72	81	69	77	65	74	60	72	54	70	47	69	40	69	33	70	26	72	20	75	15	79	11	84	8	90	6	97	5	105	5	114	5	122	6	129	7	135	9	140	12	144	16	147	21	149	27	150	34	150	42	149	50	147	57	144	63	140	68	135	72	129	75	122	77	114	78	105	78	95	77	84	75	72	72	61	68	51	63	42	57	34	50	27	42	21	35	16	28	12	22	9	17	7	13	6	10	6	8	7	7	9	7	12	8	16	10	21	13	27	17	34	22	41	28	49	35	57	43	65	50	73	56	80	61	86	67	91	72	95	76	98	79	100	81	101	82	101	82	
33:
56	0.204	59	142	58	141	56	139	53	137	49	134	44	132	38	129	33	127	27	124	22	121	18	117	14	113	11	109	9	105	8	100	8	94	9	88	11	83	14	79	18	76	23	74	29	73	36	73	44	72	53	72	62	73	72	75	83	78	93	82	102	87	110	92	117	98	123	105	128	113	132	121	135	128	137	134	138	139	138	143	137	146	135	148	132	149	128	149	123	150	117	150	110	149	102	147	95	144	87	141	80	139	74	138	69	138	65	138	62	139	60	141	59	142	59	142	
34:
61	2.935	4	131	3	130	1	128	-1	125	-4	121	-6	116	-8	110	-9	105	-9	101	-8	96	-6	92	-3	89	1	87	6	85	12	84	19	84	27	85	36	87	46	90	56	92	66	93	77	93	87	92	96	90	104	87	112	83	121	79	129	76	136	74	142	73	147	73	151	74	154	75	157	77	159	80	160	84	160	89	159	95	157	102	154	110	150	119	145	127	139	134	132	140	124	145	115	149	105	152	94	154	82	155	70	155	59	154	49	152	40	149	32	145	25	140	19	136	14	133	10	131	7	130	5	130	4	131	4	131	
35:
62	0.17	6	124	7	123	9	121	12	118	15	114	19	109	23	103	26	96	28	88	29	79	29	71	28	63	26	56	24	49	22	42	21	36	21	31	22	27	24	23	27	20	31	18	36	17	42	17	49	18	57	19	66	21	76	23	87	24	97	24	106	23	114	21	121	18	127	14	132	10	136	7	139	4	141	2	142	1	142	1	141	1	139	2	136	4	132	7	128	11	123	16	117	22	110	28	102	35	93	42	83	50	72	59	61	69	51	79	42	88	34	96	27	103	21	109	16	114	12	118	9	121	7	123	6	124	6	124	
36:
69	3.815	93	68	92	69	90	71	87	74	83	77	78	81	72	84	67	87	62	89	58	90	55	90	53	89	52	87	52	86	53	86	55	87	58	89	62	92	67	96	73	101	80	105	88	109	97	114	105	120	112	125	118	131	123	136	127	140	131	143	134	145	136	146	137	146	137	145	136	143	134	140	131	136	128	131	125	125	123	118	122	110	121	101	121	91	120	80	118	69	117	59	115	50	112	42	108	35	103	29	99	24	96	20	94	17	93	15	93	14	92	14	90	15	89	17	89	20	89	24	88	29	88	35	89	42	89	48	88	53	88	58	89	62	90	65	92	67	93	68	93	68	
37:
72	0.307	125	118	124	119	122	121	121	124	119	128	116	133	113	137	111	140	110	142	109	143	107	143	105	142	104	140	103	138	103	135	104	131	106	126	108	120	111	113	115	105	120	98	124	92	127	87	129	83	130	80	130	78	129	77	127	77	124	78	120	80	116	83	111	86	105	90	98	95	90	100	81	104	71	107	61	109	51	110	42	110	34	109	27	107	21	104	16	100	12	95	9	89	7	82	6	74	6	67	7	61	9	56	12	52	16	49	21	47	27	46	33	46	38	47	43	49	49	52	56	56	63	61	71	67	80	74	89	82	97	90	104	97	110	103	115	108	119	112	122	115	124	117	125	118	125	118	
38:
59	0.325	50	4	51	3	53	1	56	-1	60	-3	65	-4	71	-4	77	-3	84	-1	90	1	95	4	99	6	102	9	104	12	105	14	105	15	105	15	106	14	108	12	110	9	113	7	117	6	122	6	126	7	129	9	131	12	133	16	135	21	136	27	136	34	135	42	135	51	134	59	132	66	129	72	125	77	120	81	114	84	107	86	100	87	92	87	85	86	79	84	74	82	69	79	63	75	58	70	53	64	49	57	46	49	44	40	42	32	41	25	41	19	42	14	44	10	47	7	49	5	50	4	50	4	
39:
63	0.133	59	26	60	25	62	23	65	20	67	17	68	15	68	12	67	9	65	6	62	4	58	2	53	-1	47	-3	40	-4	34	-4	29	-4	24	-4	20	-4	17	-3	15	-1	14	2	14	6	15	11	17	16	20	22	24	29	29	37	35	45	42	52	50	58	59	63	69	67	80	72	90	77	100	81	109	85	117	88	124	90	130	91	135	91	139	90	142	88	144	85	145	81	145	76	144	70	142	63	139	56	135	50	130	45	124	41	117	38	109	36	100	35	92	35	85	36	79	36	74	35	69	33	65	30	62	28	60	27	59	26	59	26	
40:
79	0.209	147	111	146	112	144	114	141	117	137	121	132	126	126	130	119	133	111	135	102	136	94	136	86	136	79	135	72	133	66	130	61	126	57	121	54	115	52	109	50	104	49	100	49	97	50	95	52	94	54	94	55	95	55	97	54	100	52	104	49	109	47	115	46	120	44	126	41	131	37	135	32	138	28	140	25	141	21	141	18	140	16	138	15	135	15	131	15	126	16	120	18	113	20	105	23	96	27	86	32	77	38	68	44	60	51	53	59	46	68	40	77	35	87	31	98	28	108	26	117	25	125	25	132	26	138	28	143	31	147	35	150	40	152	46	153	53	153	61	153	70	153	78	153	85	152	91	150	96	149	101	147	105	146	108	146	110	147	111	147	111	
41:
49	0.187	35	68	36	69	38	71	41	74	45	77	49	81	54	86	60	92	67	97	75	101	84	104	92	106	99	107	105	107	110	106	114	104	119	101	123	99	127	96	131	92	135	87	138	81	140	74	141	66	141	57	140	49	138	41	135	34	131	28	126	23	120	19	113	16	105	14	96	13	86	13	76	14	67	16	59	19	52	23	46	28	41	34	37	40	34	47	32	53	31	58	31	62	32	65	34	67	35	68	35	68	
42:
57	0.1	11	49	12	50	14	52	17	53	21	53	26	53	32	52	39	50	47	48	56	46	65	43	73	39	80	34	88	28	97	23	105	18	112	14	118	11	123	9	127	8	132	8	138	9	145	11	152	14	158	18	163	23	167	29	170	36	172	43	173	51	173	59	172	68	170	77	167	85	163	92	158	98	152	103	145	107	139	110	132	112	124	113	115	113	105	112	94	110	82	107	71	103	61	98	52	92	44	85	37	77	31	70	26	64	21	59	17	55	14	52	12	50	11	49	11	49	
43:
70	0.199	74	142	73	141	71	139	68	136	64	132	60	128	56	125	53	123	51	122	50	122	50	123	51	125	53	128	56	132	60	137	65	142	71	146	78	149	86	151	94	152	101	153	108	153	114	152	119	150	125	147	130	143	134	138	138	132	142	125	145	117	147	108	148	98	148	87	147	75	145	64	142	53	138	43	133	34	127	26	120	19	112	13	103	8	93	4	84	1	74	-1	65	-2	56	-2	48	-1	41	1	35	4	30	8	26	13	23	19	21	26	20	34	20	43	21	53	23	64	26	76	30	87	35	97	41	106	48	114	54	121	59	127	64	132	68	136	71	139	73	141	74	142	74	142	
44:
73	0.518	96	69	95	68	93	66	90	63	86	59	81	55	75	52	68	50	62	49	56	48	51	48	47	48	44	49	42	49	41	48	40	46	40	43	41	39	43	34	46	28	50	22	55	17	61	13	68	10	76	8	85	7	94	7	103	8	112	10	120	13	127	15	133	16	138	18	142	21	145	25	147	30	148	35	148	41	147	48	145	56	142	65	138	75	133	86	127	97	120	107	112	116	103	124	93	131	84	137	76	142	69	146	62	149	56	151	51	152	47	152	44	151	42	149	41	146	41	142	42	137	44	131	47	124	51	116	56	109	62	103	69	97	75	90	81	84	86	79	90	75	93	72	95	70	96	69	96	69	
45:
57	3.018	119	2	119	3	118	5	116	8	113	12	109	17	104	23	98	29	91	34	83	38	75	41	67	44	58	46	50	49	43	53	37	57	32	62	28	66	25	69	23	73	22	78	22	84	23	91	25	97	28	104	32	112	37	119	43	125	50	130	58	134	67	137	77	139	86	140	94	140	102	139	109	137	116	134	123	130	130	125	136	119	141	112	145	104	148	95	150	86	151	76	151	66	150	56	148	47	145	38	142	30	138	23	134	17	129	12	125	8	122	5	120	3	119	2	119	2	
46:
43	0.152	83	100	84	101	86	103	88	105	91	107	95	108	100	108	105	107	109	105	112	102	114	98	115	93	115	87	114	80	113	74	113	69	114	65	116	62	119	60	122	58	126	57	131	57	136	58	140	60	143	63	145	67	146	71	146	75	145	80	143	84	140	87	136	89	131	90	125	91	118	92	111	94	104	96	98	97	93	99	89	100	86	100	84	100	83	100	83	100	
47:
59	3.015	3	27	2	28	2	30	3	33	5	37	8	42	11	48	15	55	19	63	22	72	24	82	25	92	27	101	28	109	30	116	33	122	37	127	42	131	48	134	53	136	57	137	62	137	68	136	75	134	83	131	92	127	101	122	109	118	116	114	122	110	127	106	131	102	134	98	136	94	137	90	137	86	136	82	134	78	132	74	129	70	125	66	120	62	114	58	107	54	99	50	90	46	80	42	69	38	58	34	48	31	39	29	31	28	24	28	18	28	13	28	9	28	6	27	4	27	3	27	3	27	
48:
56	10.637	63	136	62	135	60	133	57	130	53	126	48	121	44	115	41	108	39	100	38	92	38	83	39	75	40	68	42	62	45	57	49	52	53	48	58	45	64	43	69	42	73	42	76	43	79	43	81	42	82	40	82	37	83	33	84	28	86	24	89	21	93	19	98	18	104	18	110	19	115	20	119	22	122	25	124	29	126	34	127	40	127	47	126	55	124	63	121	70	117	76	112	83	106	91	99	100	91	108	84	115	78	121	73	126	69	130	66	133	64	135	63	136	63	136	
49:
52	0.359	39	13	40	12	42	11	45	10	49	10	53	11	58	13	64	16	70	20	75	25	80	31	85	38	91	46	97	55	102	65	106	76	109	88	111	99	112	109	112	118	111	126	109	133	106	139	102	144	98	148	95	151	91	153	86	154	80	154	73	153	65	151	56	148	47	144	39	139	32	133	26	126	21	118	17	109	14	99	12	88	11	77	11	67	12	58	14	49	17	41	20	34	24	28	29	23	33	19	36	16	38	14	39	13	39	13	
50:
62	0.704	116	77	117	78	119	80	122	83	126	86	130	88	135	89	141	89	147	88	152	86	157	83	161	79	164	74	166	68	167	61	167	53	166	44	164	36	161	29	157	23	152	17	146	12	139	8	131	5	122	3	112	2	101	2	90	3	79	5	68	8	58	12	49	17	41	23	34	30	27	38	21	47	16	57	12	66	9	74	7	81	6	88	6	94	7	99	9	103	12	106	16	108	21	109	27	109	34	108	42	106	51	103	61	100	71	96	80	91	88	87	95	84	101	82	106	81	110	81	113	80	115	78	116	77	116	77	
51:
54	0.801	93	62	94	63	96	65	99	68	103	72	107	77	110	83	112	89	114	96	115	103	115	109	114	114	112	118	110	121	107	123	103	124	98	124	92	123	85	121	77	118	68	114	58	109	48	103	38	96	29	90	21	83	14	76	8	68	3	59	-1	50	-4	42	-6	35	-7	29	-7	24	-6	19	-4	15	-2	12	1	10	5	9	10	9	16	10	23	12	31	15	39	19	48	23	57	28	65	34	72	41	78	47	83	52	87	56	90	59	92	61	93	62	93	62	
52:
69	0.652	19	54	20	53	22	52	25	51	29	51	34	52	40	54	47	55	55	57	63	60	71	64	78	69	84	74	89	80	93	86	96	91	98	95	99	98	99	100	98	101	96	101	93	100	91	98	90	95	90	91	91	86	93	81	96	77	100	74	105	72	111	71	116	71	121	72	125	74	128	77	130	81	131	86	131	92	130	99	128	107	125	115	121	123	116	130	110	136	103	141	95	145	86	148	76	150	65	151	54	151	44	150	35	148	27	145	20	141	14	136	9	130	5	123	2	116	0	108	-1	99	-1	90	0	82	2	75	5	69	9	64	13	60	16	57	18	55	19	54	19	54	
53:
64	1.423	108	128	107	127	105	125	104	122	104	118	104	113	105	107	107	100	110	92	114	83	118	73	121	63	125	54	129	46	132	39	135	33	137	27	138	22	138	18	137	15	135	13	132	12	129	12	125	13	120	15	114	18	109	22	103	27	96	33	88	39	79	46	69	53	60	59	50	64	41	68	33	72	26	77	20	82	15	86	11	91	8	95	6	100	5	104	5	108	6	111	8	113	11	114	15	114	20	115	25	116	31	117	38	117	46	116	54	114	63	113	72	113	80	114	87	115	93	117	98	119	102	122	105	125	107	127	108	128	108	128	
54:
64	14.632	122	145	121	144	119	142	116	139	112	135	107	130	101	124	95	117	88	109	80	100	71	92	63	85	54	78	44	72	35	67	27	61	20	54	14	46	9	37	5	29	2	22	0	16	-1	11	-1	7	0	4	2	2	5	1	8	1	12	2	16	4	19	7	21	11	22	16	22	22	21	29	19	37	16	46	12	55	8	65	5	76	3	88	2	100	2	111	3	121	5	130	8	138	12	145	17	151	23	156	30	160	38	163	47	165	57	166	67	166	77	165	86	163	94	160	101	156	107	152	112	149	116	147	119	146	121	145	122	145	122	145	
55:
42	0.033	89	34	88	35	86	37	85	40	84	44	84	49	85	55	87	60	89	64	92	67	96	70	100	73	103	75	107	76	112	76	118	75	123	73	127	70	130	66	133	61	135	55	137	48	138	40	138	32	137	25	135	19	132	14	128	10	123	7	117	5	110	4	104	4	99	5	95	7	91	10	88	14	86	19	85	24	85	28	86	31	88	33	89	34	89	34	
56:
45	0.211	95	69	96	69	98	69	101	69	105	68	108	66	110	63	111	60	111	56	110	53	108	50	106	47	103	45	99	42	94	38	88	34	81	31	73	29	65	28	58	28	52	29	47	31	43	34	38	38	34	43	31	49	29	56	28	64	28	71	29	77	31	82	34	86	38	89	43	91	49	92	56	92	62	91	68	89	74	86	80	82	85	78	89	75	92	72	94	70	95	69	95	69	
57:
63	0.428	56	74	56	73	56	71	55	68	53	64	50	59	46	55	42	52	39	50	36	49	32	49	27	50	22	52	16	55	10	59	4	64	-1	70	-5	77	-8	85	-10	94	-11	104	-11	114	-10	123	-8	131	-5	138	-1	144	4	149	10	153	17	156	25	158	34	159	44	159	55	158	66	156	77	153	87	149	96	144	104	138	111	131	117	123	122	114	126	104	129	95	131	86	132	78	132	71	131	65	129	60	126	56	122	53	117	51	111	50	104	49	96	49	88	50	81	52	75	55	70	59	66	64	62	68	59	71	57	73	56	74	56	74	
58:
45	0.132	76	120	77	119	79	117	81	114	84	110	87	105	89	99	90	93	90	86	89	78	87	70	84	63	81	57	77	52	73	48	68	45	63	43	57	42	50	42	42	43	34	45	27	48	21	52	16	56	12	61	9	67	7	74	6	81	6	89	7	96	9	102	12	107	16	111	21	114	27	116	34	118	42	120	49	121	55	121	61	122	66	122	70	121	73	120	75	120	76	120	76	120	
59:
61	1.098	49	47	50	48	52	50	55	52	59	53	64	55	69	56	74	56	78	55	81	53	83	50	84	47	84	45	83	44	81	42	78	39	74	35	70	30	67	24	65	19	64	14	64	9	65	5	67	2	70	0	74	-1	79	-1	85	0	92	2	100	5	109	9	117	14	125	19	132	24	138	30	143	37	147	44	150	51	152	58	153	65	153	72	152	78	150	83	147	87	143	90	138	92	132	93	125	93	118	92	111	90	103	87	94	83	85	78	77	73	70	68	64	62	59	57	55	53	52	50	50	48	49	47	49	47	
60:
55	0.413	60	101	61	102	63	104	66	106	70	109	75	112	81	115	88	117	96	118	105	119	113	119	120	118	126	116	131	113	135	109	138	104	140	98	141	91	141	83	140	76	138	70	135	65	131	60	126	56	120	53	113	50	105	46	96	41	86	35	75	29	65	24	56	20	47	17	39	14	32	12	26	11	21	11	17	12	14	14	12	17	11	21	11	26	12	32	14	39	17	47	21	56	26	65	32	73	39	80	45	86	50	91	54	95	57	98	59	100	60	101	60	101	
61:
58	0.153	124	142	123	141	121	139	118	136	116	132	113	127	110	121	108	114	107	106	107	97	107	87	108	78	110	70	113	63	117	56	122	50	127	45	131	41	135	38	138	36	140	35	141	35	141	36	140	38	138	39	135	39	131	38	126	36	120	34	113	33	105	33	97	33	88	32	80	32	73	33	67	35	62	38	58	42	55	46	53	51	52	57	52	64	53	70	55	77	58	83	62	88	67	94	73	99	80	103	88	108	96	114	103	121	109	127	114	132	118	136	121	139	123	141	124	142	124	142	
62:
54	0.402	32	83	32	82	31	80	31	77	32	73	33	68	35	62	37	55	40	49	44	42	49	34	54	27	60	21	66	16	71	12	75	9	78	7	81	6	84	6	88	7	93	9	99	12	106	16	114	21	122	27	129	34	135	42	140	51	144	61	147	71	149	81	150	90	150	98	149	105	147	111	144	116	140	120	135	123	129	125	122	126	114	126	105	125	95	123	85	120	76	116	68	111	60	105	53	99	47	94	42	90	38	87	35	85	33	84	32	83	32	83	
63:
83	0.36	136	41	135	41	133	40	131	38	128	36	124	34	119	33	113	33	106	34	99	36	91	38	84	41	78	45	73	50	69	56	66	62	64	69	63	77	63	86	64	95	66	103	69	110	73	116	78	121	84	125	91	128	99	130	108	131	116	131	123	130	129	128	134	125	138	121	141	118	143	116	144	115	144	113	143	110	141	106	138	101	134	95	129	88	123	82	116	76	108	70	101	63	93	56	84	50	74	44	63	39	53	33	44	28	36	24	29	21	23	19	18	18	14	17	11	16	9	16	8	17	8	19	9	20	11	20	14	19	18	17	23	15	29	14	36	14	44	15	53	17	63	19	74	21	84	24	93	26	101	27	108	29	115	32	121	34	126	35	130	37	133	39	135	40	136	41	136	41	
64:
54	0.099	67	84	67	83	66	81	65	78	64	74	63	69	62	63	62	57	61	50	59	44	58	38	58	33	58	28	57	24	55	21	52	19	48	18	43	18	37	19	30	21	23	24	17	28	12	33	8	39	5	46	3	54	2	63	1	73	1	84	2	94	4	103	7	111	11	118	15	124	20	129	24	133	27	136	30	138	34	139	38	139	43	138	47	136	50	133	52	129	55	124	59	118	62	111	64	105	65	99	65	94	65	90	65	87	66	85	67	84	67	84	
65:
56	2.903	138	140	137	139	135	137	132	134	128	130	123	125	117	120	110	116	102	112	93	109	83	105	74	101	66	97	59	92	53	86	47	79	42	71	38	62	35	53	33	44	32	36	32	28	32	20	33	13	35	7	38	2	42	-3	47	-7	53	-10	60	-12	68	-13	77	-13	87	-12	97	-10	106	-7	115	-3	123	2	130	8	137	15	143	23	148	32	153	41	157	51	160	62	162	74	163	85	163	95	162	104	160	112	157	119	153	125	148	130	144	134	141	137	139	139	138	140	138	140	
66:
72	0.112	35	96	35	95	34	93	33	90	33	86	34	82	35	78	37	74	39	71	41	69	43	68	44	68	44	69	45	71	47	74	49	78	52	83	55	89	59	96	63	104	67	112	71	119	74	125	76	130	77	135	77	139	76	142	74	144	72	145	71	145	71	144	72	143	74	141	75	138	77	134	79	129	82	123	86	116	91	108	97	99	104	89	111	78	117	67	122	57	126	48	129	40	131	33	132	27	132	22	131	18	129	15	126	13	122	12	117	12	111	13	104	15	98	18	91	22	85	27	80	33	76	40	73	48	70	56	66	63	61	69	55	75	50	81	45	86	41	90	38	93	36	95	35	96	35	96	
67:
47	0.27	6	67	7	66	9	66	12	66	14	67	15	69	15	72	15	76	16	81	18	86	21	92	24	98	28	103	33	107	38	110	43	112	49	113	55	113	62	112	70	110	77	107	83	103	88	98	92	92	95	85	97	77	98	69	98	62	97	56	95	51	92	47	89	43	85	40	80	38	74	37	67	37	59	37	50	38	42	40	34	43	27	47	21	52	16	57	12	61	9	64	7	66	6	67	6	67	
68:
70	12.703	64	13	63	12	61	10	58	8	55	6	51	3	46	1	40	0	33	0	26	1	20	3	15	6	11	9	8	13	6	17	5	22	5	27	6	31	8	35	11	40	15	46	20	52	26	59	31	67	35	76	38	85	40	95	41	104	41	112	40	119	40	125	40	132	41	138	43	143	46	147	50	150	55	152	60	153	66	153	73	152	81	150	90	147	100	143	109	138	117	132	124	125	130	117	135	108	139	98	142	87	144	76	145	66	145	56	144	47	142	39	139	32	135	26	130	21	124	17	117	14	109	12	100	11	92	11	85	12	79	12	74	13	70	13	67	12	65	12	64	13	64	13	
69:
57	0.085	37	135	38	134	40	133	43	131	47	128	52	124	58	119	65	115	73	110	82	104	92	97	101	90	109	82	116	74	122	66	127	59	132	52	136	46	139	41	141	36	142	32	142	29	141	26	139	22	136	17	132	13	127	9	121	6	114	4	106	2	97	1	87	1	77	2	67	4	57	7	48	11	40	16	32	20	25	25	19	30	14	35	10	41	7	48	5	55	4	63	4	71	5	80	7	90	10	99	13	107	17	114	22	120	27	125	31	129	34	132	36	134	37	135	37	135	
70:
66	1.576	60	60	59	59	57	59	54	59	50	59	45	59	39	60	34	61	30	63	27	65	25	67	24	70	24	73	25	75	27	78	30	82	34	85	39	87	45	88	52	88	60	87	69	85	77	82	84	78	90	73	96	67	101	61	105	55	108	50	110	44	111	37	111	31	110	26	108	22	106	19	105	17	105	16	106	16	108	17	111	19	115	22	120	26	126	31	131	37	135	44	138	52	140	60	141	67	141	73	140	78	138	82	135	85	131	87	126	88	120	88	113	87	105	85	96	82	88	78	81	73	75	69	70	66	66	63	63	61	61	60	60	60	60	60	
71:
66	0.896	28	3	29	4	31	6	34	9	38	11	43	12	48	14	53	17	57	20	60	24	62	28	63	31	63	33	62	34	60	35	58	35	55	35	51	36	46	38	42	41	39	44	37	48	36	53	36	59	37	65	39	70	42	74	46	77	51	80	57	84	64	88	72	91	81	93	91	94	101	94	110	93	118	91	125	88	131	84	136	79	140	73	143	66	145	59	146	53	146	48	145	44	143	39	140	33	136	28	131	23	125	19	118	16	110	14	101	13	91	13	81	13	72	12	64	12	56	11	49	10	43	9	38	9	34	8	31	6	29	4	28	3	28	3	
72:
64	0.076	50	62	51	63	53	65	56	68	59	70	63	71	66	71	68	70	69	68	69	66	68	64	66	61	63	58	59	54	56	49	52	44	49	40	47	37	46	33	46	28	47	22	49	17	52	13	56	10	60	8	64	7	69	7	75	8	82	9	88	11	93	14	97	18	100	23	102	29	103	36	103	44	102	53	100	63	97	73	93	82	88	90	82	97	75	103	67	108	59	112	51	115	44	117	38	118	33	118	29	117	26	115	24	112	23	108	23	103	24	97	26	90	29	84	33	79	38	75	42	71	45	68	47	65	49	63	50	62	50	62	
73:
52	0.161	48	61	48	62	47	64	45	66	42	67	38	67	33	66	28	64	24	61	21	57	18	52	16	46	15	39	15	31	15	24	16	18	18	13	21	9	25	6	29	4	32	3	34	3	35	4	35	6	34	9	32	13	29	18	26	24	22	31	17	39	11	48	6	57	2	65	-1	72	-3	78	-4	83	-4	87	-3	90	-1	92	2	93	6	93	11	92	16	90	22	87	28	83	33	78	37	73	40	69	42	66	45	64	47	62	48	61	48	61	
74:
53	0.334	71	62	70	63	68	65	65	68	62	72	60	77	59	82	59	88	60	93	62	97	65	100	69	102	74	103	80	104	86	104	93	103	100	101	106	98	111	94	115	91	118	87	120	82	121	76	121	69	120	61	118	54	115	48	112	41	109	35	107	28	106	21	106	15	107	10	108	6	110	3	113	1	115	0	116	0	116	1	115	3	113	6	111	10	108	15	104	21	99	28	95	35	90	41	85	47	81	52	77	56	74	59	72	61	71	62	71	62	
75:
68	3.762	107	81	108	81	110	80	113	79	116	77	120	74	123	71	125	68	127	66	128	65	128	65	127	66	125	68	122	69	118	70	113	70	107	69	100	67	92	64	84	61	76	57	69	52	63	46	58	39	54	33	51	27	49	22	48	18	48	15	49	13	51	12	54	12	58	13	63	15	68	18	72	22	75	27	77	33	78	40	78	48	78	57	79	67	81	78	83	88	86	97	90	105	95	112	101	118	107	123	112	127	116	130	119	132	121	133	122	133	122	132	121	130	119	127	116	123	112	118	108	112	105	106	103	100	102	95	102	91	103	87	104	84	106	82	107	81	107	81	
76:
55	3.177	123	97	122	96	120	94	117	91	113	87	108	82	102	76	95	69	88	61	82	52	77	43	73	35	69	27	66	20	64	14	63	9	62	4	60	0	58	-3	55	-5	51	-6	46	-6	40	-5	33	-3	25	0	18	4	12	9	7	15	3	22	0	28	-2	34	-3	41	-3	49	-2	58	0	68	3	77	7	85	12	92	18	98	25	103	33	108	42	112	52	115	63	117	73	118	82	118	90	117	97	115	103	112	108	108	113	105	117	102	120	100	122	98	123	97	123	97	
77:
53	0.544	124	3	123	2	121	1	118	1	114	2	109	4	103	7	97	11	91	16	85	22	78	29	72	37	66	46	61	56	57	66	54	76	52	85	50	93	49	100	47	106	44	111	40	116	36	120	31	123	25	125	20	126	16	126	12	125	9	123	7	120	6	116	6	111	7	105	9	99	12	92	16	84	21	76	27	68	34	61	42	54	51	48	60	43	69	38	79	34	88	30	96	25	103	21	109	16	114	12	118	9	121	6	123	4	124	3	124	3	
78:
66	0.071	48	89	49	90	50	92	51	95	52	98	52	102	51	105	49	108	46	110	43	111	39	111	34	110	29	108	24	105	20	101	17	96	15	90	14	83	14	75	13	66	11	58	10	51	9	45	9	40	10	36	12	33	15	31	19	30	24	30	30	31	35	33	39	36	43	40	48	45	54	51	61	58	68	66	76	75	85	85	93	95	100	104	106	113	111	121	115	128	118	134	120	139	121	143	121	146	120	148	118	149	115	149	111	148	106	146	100	143	93	139	86	134	79	128	73	121	68	115	64	110	59	104	55	99	52	95	50	92	49	90	48	89	48	89	
79:
57	0.079	63	63	62	62	60	61	58	60	56	59	55	57	55	54	56	52	58	51	61	51	65	52	70	54	76	57	83	61	89	66	94	70	99	73	103	76	106	79	108	83	109	87	109	90	108	92	106	95	104	98	101	101	97	103	92	104	86	104	79	104	71	105	62	107	52	109	43	112	35	114	28	115	22	117	17	118	13	119	10	120	8	120	7	119	7	117	8	114	10	110	13	105	17	99	22	93	28	88	35	84	42	80	48	75	53	71	57	68	60	66	62	64	63	63	63	63	
80:
70	15.88	99	69	98	70	96	72	93	75	90	79	88	84	87	90	87	97	86	104	86	111	87	119	88	126	90	132	93	137	96	141	100	144	105	146	111	147	118	147	126	146	133	144	139	141	144	137	148	132	151	126	153	119	154	111	154	102	153	92	151	81	148	69	144	56	139	44	133	32	126	21	118	11	109	2	99	-6	88	-13	76	-19	65	-24	55	-28	46	-31	38	-33	31	-34	25	-34	20	-33	16	-31	13	-28	11	-24	10	-19	10	-13	11	-6	13	1	16	7	20	12	25	17	31	22	38	27	46	33	54	38	63	44	71	49	78	53	84	57	89	60	93	63	96	66	98	68	99	69	99	69	
81:
61	5.58	140	81	139	82	137	83	134	84	130	86	125	87	119	87	113	86	107	84	102	81	98	77	95	72	93	66	92	59	92	51	93	44	94	38	96	33	97	29	97	26	96	24	94	23	91	23	87	24	82	25	76	27	69	30	61	34	52	37	44	39	37	42	31	46	25	49	20	52	16	56	13	59	11	61	10	62	10	63	11	64	13	64	16	63	20	62	25	61	31	61	38	62	46	62	55	63	65	65	75	67	85	68	95	69	104	70	112	71	119	72	125	74	130	76	134	78	137	79	139	80	140	81	140	81	
82:
54	0.809	123	19	124	18	126	16	127	13	127	9	126	5	124	2	121	-2	117	-5	113	-8	108	-10	102	-11	95	-11	88	-10	80	-9	71	-7	63	-4	56	0	50	5	45	10	41	16	38	23	36	31	35	40	35	50	35	60	36	69	36	77	35	84	33	90	31	95	30	99	30	102	30	104	31	105	33	105	36	104	40	102	45	99	51	95	57	90	64	84	72	77	81	69	89	62	96	54	102	47	107	40	111	34	115	29	118	25	120	22	122	20	123	19	123	19	
83:
55	0.079	131	53	132	52	132	50	131	48	129	46	126	43	122	40	117	38	112	37	106	37	99	38	93	40	88	43	84	47	81	52	79	58	78	65	78	72	79	80	80	87	82	93	85	98	87	102	88	105	88	107	87	109	85	111	82	114	78	118	75	123	71	127	66	130	61	134	57	137	54	139	52	140	51	140	51	139	52	137	54	134	57	130	61	125	66	119	72	112	79	104	87	95	95	87	103	80	110	74	116	68	121	63	125	59	128	56	130	54	131	53	131	53	
84:
53	0.744	6	129	6	128	6	126	7	123	9	119	12	114	16	109	20	104	25	99	31	95	37	92	43	90	49	89	56	88	62	87	67	85	71	82	74	78	76	73	77	67	77	60	78	52	78	44	77	36	75	29	72	23	68	18	63	14	57	11	50	9	42	8	33	8	23	9	14	11	6	14	-1	18	-7	23	-12	29	-16	36	-19	44	-21	53	-22	63	-22	74	-21	84	-19	93	-16	101	-13	108	-9	114	-4	119	0	123	3	126	5	128	6	129	6	129	
85:
68	2.985	69	4	68	3	66	2	63	1	59	-1	54	-2	50	-2	45	-3	40	-3	36	-3	33	-2	31	-1	30	1	30	3	31	6	33	8	36	9	40	9	45	9	51	8	58	8	66	7	75	7	85	7	94	8	102	10	109	13	115	17	120	22	124	28	127	35	129	43	130	52	130	62	129	72	127	82	124	91	120	99	115	106	109	112	102	117	94	121	85	124	76	126	68	127	61	127	54	126	48	124	42	121	37	117	33	112	30	106	28	99	27	91	27	83	28	75	30	66	33	57	36	48	39	40	43	32	48	25	54	19	59	14	63	10	66	7	68	5	69	4	69	4	
86:
68	0.104	26	125	26	124	26	122	25	119	23	115	20	110	16	104	11	97	7	89	4	80	2	71	1	63	1	56	2	50	4	45	7	41	10	38	14	36	18	35	23	35	29	36	35	38	40	41	46	45	53	50	61	56	70	61	79	66	88	71	96	75	105	78	113	80	120	81	126	81	131	80	136	78	140	75	143	71	145	66	146	61	148	55	149	49	149	44	148	39	146	35	143	32	139	30	134	29	128	29	121	30	114	32	107	35	100	39	92	44	83	50	75	57	68	65	62	74	57	82	52	90	46	97	41	104	37	110	34	115	31	119	29	122	27	124	26	125	26	125	
87:
70	0.145	47	4	48	3	50	3	53	3	57	4	62	6	68	9	74	13	79	18	83	24	86	31	88	39	89	47	89	54	88	60	86	65	83	69	79	72	74	74	68	75	62	75	57	74	51	72	45	69	40	65	36	62	32	58	29	53	27	49	26	46	26	44	25	43	23	43	20	44	18	46	17	49	17	53	18	57	20	62	23	68	27	75	32	83	38	90	45	96	53	101	61	105	69	108	76	110	82	111	87	111	91	110	94	108	96	105	97	101	97	96	96	90	94	83	91	75	87	66	82	57	78	49	73	40	67	32	62	25	57	19	53	14	50	10	48	7	47	5	47	4	47	4	
88:
72	0.777	140	50	139	49	137	47	134	44	130	40	125	35	119	30	113	25	106	21	98	18	89	16	81	15	74	15	68	16	63	18	59	21	55	25	52	30	50	36	49	43	49	51	50	60	52	69	54	79	57	90	61	100	66	109	71	118	75	126	78	133	80	139	81	144	81	148	80	152	78	156	75	161	71	165	66	168	60	170	53	171	46	172	39	172	32	171	26	169	21	166	17	162	14	157	12	151	11	144	11	137	12	130	14	122	17	113	21	105	26	98	32	92	39	87	47	81	55	74	64	68	74	63	85	58	95	54	104	50	112	47	119	45	125	44	130	44	134	45	137	47	139	49	140	50	140	50	
89:
58	0.106	70	104	69	103	67	103	64	103	60	103	56	102	53	100	51	97	50	94	50	90	51	86	53	81	56	75	60	69	65	64	71	60	78	56	84	53	89	51	93	50	96	50	98	49	99	47	99	44	98	40	96	37	93	35	89	34	84	34	78	35	71	35	63	35	54	36	46	38	38	41	31	44	25	47	20	51	16	56	13	62	11	69	10	76	10	84	11	91	13	97	16	102	20	106	24	109	29	111	35	112	42	112	49	111	55	109	60	106	64	104	67	103	69	103	70	104	70	104	
90:
47	0.84	54	92	53	91	51	90	48	88	46	85	43	81	41	78	40	75	40	73	41	72	43	72	46	72	50	73	55	75	61	76	67	78	73	81	80	85	88	89	95	94	101	100	106	105	110	109	113	114	115	120	116	127	116	133	115	138	113	142	110	145	106	147	101	148	95	148	88	147	80	145	73	142	67	138	62	133	58	127	55	120	53	113	52	107	52	102	52	98	53	95	54	93	54	92	54	92	
91:
58	0.878	119	18	120	19	122	21	125	24	129	28	134	32	138	36	141	41	143	46	144	50	144	54	143	59	141	63	138	67	134	72	129	77	123	83	116	90	108	96	99	101	89	105	78	109	67	113	57	118	47	124	38	129	30	133	23	136	16	138	10	139	5	139	1	138	-2	136	-4	133	-5	129	-5	124	-4	118	-2	111	1	103	5	96	10	88	16	79	22	69	29	60	37	51	45	43	54	36	64	30	74	25	83	21	91	18	98	16	104	15	109	14	113	14	116	15	118	17	119	18	119	18	
92:
75	8.37	31	145	30	144	28	143	25	141	21	138	16	134	11	130	7	125	4	119	2	113	1	106	1	100	2	95	4	91	7	87	11	84	16	82	22	81	29	81	37	82	46	84	56	86	66	89	75	93	84	98	92	104	99	111	105	117	110	122	114	127	117	131	119	134	120	136	121	137	123	137	126	136	130	134	135	131	139	127	142	122	144	116	145	109	146	101	147	92	147	83	146	75	144	68	141	62	139	56	136	51	132	47	128	44	124	42	119	41	113	41	106	42	100	44	94	47	87	51	81	56	76	62	71	69	66	76	60	84	54	93	48	101	43	109	39	117	36	124	34	130	33	135	32	139	32	142	32	144	31	145	31	145	
93:
52	0.288	113	128	112	129	110	131	107	132	103	134	98	135	92	135	85	135	79	134	74	132	70	129	67	125	65	120	64	114	64	109	65	104	67	99	70	94	74	89	77	83	81	76	86	68	92	60	98	52	105	45	112	39	118	34	123	30	127	27	130	25	132	24	133	24	133	25	132	27	130	30	127	34	124	39	122	45	121	52	119	60	116	69	114	78	113	87	112	95	111	102	110	108	110	113	111	118	113	122	114	125	114	127	113	128	113	128	
94:
70	1.15	9	51	8	52	6	54	3	57	1	61	0	66	0	72	1	79	3	87	6	95	9	102	13	109	18	115	24	120	31	124	38	127	46	129	55	130	64	130	74	129	84	127	93	124	101	120	108	115	114	109	119	102	123	94	126	86	128	78	129	71	129	63	128	54	126	46	124	39	123	33	123	28	124	24	126	21	129	19	133	18	138	17	142	17	145	18	147	20	148	23	149	27	149	32	148	36	146	39	143	41	139	42	134	42	128	41	121	41	113	42	104	44	94	45	83	45	72	44	62	42	53	41	45	41	37	42	30	42	24	43	19	45	15	46	12	48	10	50	9	51	9	51	
95:
50	0.165	80	130	80	129	80	127	81	124	81	120	80	117	80	113	81	108	83	104	86	101	90	99	94	96	99	93	103	89	106	84	108	78	109	71	109	63	108	54	106	45	103	37	99	30	94	24	88	19	81	15	73	12	64	10	56	9	49	9	43	10	38	12	34	15	31	19	29	24	28	30	28	37	29	45	31	54	34	64	37	75	41	85	46	94	52	102	59	109	65	115	70	120	74	124	77	127	79	129	80	130	80	130	
96:
72	0.059	107	15	106	16	105	18	104	21	104	25	104	29	104	34	105	38	107	42	109	45	110	47	112	48	114	48	116	47	119	45	123	42	128	38	132	33	135	27	137	21	138	16	138	12	138	9	137	7	135	6	132	6	128	7	124	9	121	12	119	16	116	21	112	27	108	34	103	42	97	51	90	60	82	70	74	81	65	91	55	101	46	110	38	118	30	125	23	131	17	136	12	140	8	143	5	145	3	146	2	146	2	145	2	143	3	140	5	136	8	131	12	125	17	118	22	110	28	101	35	91	43	80	52	70	62	60	71	51	79	43	86	36	92	30	97	25	101	21	104	18	106	16	107	15	107	15	
97:
70	0.761	112	92	111	91	109	91	106	92	102	94	98	97	94	100	91	102	89	103	88	103	88	102	89	101	91	101	94	102	98	103	103	103	109	102	116	100	123	97	129	93	134	88	138	83	141	77	143	70	144	62	144	53	143	44	141	35	138	27	134	20	129	14	123	9	116	5	108	2	99	0	90	-1	80	-1	69	0	58	2	48	5	39	9	31	14	24	20	18	27	13	35	9	44	6	54	4	64	3	73	3	82	4	90	6	97	9	103	13	108	18	112	24	116	31	119	39	121	48	122	58	122	67	121	76	119	84	116	91	112	97	107	102	102	106	98	109	95	111	93	112	92	112	92	
98:
69	0.121	130	28	129	28	127	28	124	28	120	29	115	31	109	34	103	38	97	42	92	45	87	47	83	48	80	48	78	47	77	45	77	43	78	41	80	40	83	40	87	40	92	41	98	42	104	44	110	47	115	51	119	56	122	62	124	69	125	77	125	85	124	92	122	98	119	104	115	110	111	115	106	119	100	122	93	125	85	129	76	134	67	138	59	141	52	143	46	144	41	144	37	144	34	144	32	143	31	141	31	138	32	134	34	129	37	123	41	117	46	111	52	104	59	96	67	87	76	79	85	70	94	62	102	55	109	49	115	43	120	38	124	34	127	31	129	29	130	28	130	28	
99:
52	2.949	101	22	100	21	98	20	95	20	91	20	88	19	86	17	85	14	85	11	86	9	88	8	91	7	95	6	100	6	106	6	113	6	120	6	127	7	133	9	138	12	142	16	145	21	147	25	148	30	148	36	147	43	145	51	142	59	138	66	134	72	131	77	127	81	124	84	121	86	117	87	112	87	106	86	101	84	97	81	94	77	92	73	90	68	89	62	89	56	90	49	92	43	93	37	94	32	96	28	98	25	100	23	101	22	101	22	