0:
54	0.256	137	19	138	18	140	16	141	14	143	12	146	11	148	11	151	12	155	14	158	17	160	21	161	26	162	32	163	39	164	47	164	55	163	62	161	68	158	73	154	78	149	82	143	85	136	87	129	88	121	88	112	87	102	85	93	82	85	78	78	73	72	67	67	60	63	52	60	43	58	35	57	27	57	20	58	14	60	9	63	5	67	1	72	-2	78	-4	85	-5	93	-5	101	-4	109	-2	116	1	122	5	127	9	131	13	134	16	136	18	137	19	137	19	
1:
66	0.242	151	151	150	150	149	148	148	145	148	141	149	136	151	130	152	123	154	115	157	107	161	99	165	90	169	80	172	70	174	61	175	52	175	44	174	37	172	30	169	24	165	19	160	15	155	12	149	10	142	7	134	5	125	4	115	4	104	5	92	7	81	10	71	14	62	18	53	23	45	29	38	36	32	44	27	53	23	63	20	74	18	86	17	98	17	110	18	121	20	131	23	140	27	148	32	155	38	161	45	166	53	170	62	173	72	175	82	177	93	178	103	178	112	177	120	175	127	172	133	168	138	165	142	161	145	157	148	154	150	152	151	151	151	151	
2:
83	0.269	35	28	36	28	38	27	41	27	45	26	50	24	56	23	61	23	66	23	70	24	74	26	77	28	79	30	80	33	80	37	79	42	77	47	74	53	70	58	65	62	59	65	52	67	44	68	35	70	27	73	20	77	14	82	9	87	5	93	2	100	0	108	-1	117	-1	127	0	138	2	148	5	157	9	165	14	172	19	179	25	185	32	190	40	194	49	197	59	199	70	200	82	200	95	199	107	197	118	194	128	190	137	185	145	179	152	172	158	165	163	158	167	152	170	147	172	143	173	140	173	136	172	131	170	125	167	118	163	110	158	102	152	94	145	87	137	81	128	76	118	72	107	69	97	67	88	65	79	62	71	58	63	54	56	49	50	43	45	38	41	34	38	31	36	29	35	28	35	28	
3:
62	0.325	94	116	93	115	91	114	88	113	84	113	79	113	73	114	67	116	62	119	58	123	55	128	53	134	52	140	52	146	53	151	55	155	58	158	62	160	67	161	73	161	80	160	88	158	96	155	104	151	112	146	119	140	125	133	130	125	134	116	137	106	139	96	140	86	140	77	139	69	137	61	134	54	130	48	125	42	119	37	112	33	104	30	96	28	88	27	81	27	75	28	70	30	66	33	63	37	61	42	60	48	60	55	61	63	63	71	66	80	70	88	74	95	79	101	84	106	88	110	91	113	93	115	94	116	94	116	
4:
67	0.13	123	46	122	45	120	44	117	43	113	41	108	39	104	38	100	38	95	39	91	41	88	43	86	46	85	50	85	55	86	60	88	65	91	71	95	77	100	83	105	90	109	97	112	104	114	110	115	115	115	119	114	122	112	124	109	125	105	125	100	124	94	124	87	124	79	125	70	125	60	124	51	122	43	120	35	117	28	114	22	112	17	109	13	107	10	105	8	103	7	100	7	96	8	93	10	89	13	86	17	84	22	81	28	77	35	72	43	68	52	65	61	63	69	61	78	60	87	58	95	57	102	56	108	54	113	52	117	51	120	49	122	47	123	46	123	46	
5:
72	0.306	86	117	85	116	83	114	80	111	76	107	71	104	65	102	58	101	52	101	47	101	42	102	38	104	35	107	33	111	32	116	32	121	33	126	35	132	38	139	41	147	45	154	50	160	55	165	61	169	68	172	75	174	81	175	86	175	90	174	93	172	95	169	96	165	97	160	98	154	98	147	97	139	95	130	94	120	94	110	95	99	95	88	94	77	92	67	89	58	85	50	80	43	74	37	67	32	61	28	54	25	48	23	43	22	39	22	36	23	34	25	33	28	33	32	34	37	36	43	39	49	43	56	48	64	54	73	59	81	63	89	67	96	71	102	76	107	80	111	83	114	85	116	86	117	86	117	
6:
54	0.631	51	17	52	16	54	14	57	11	61	9	65	8	68	8	70	9	71	11	71	14	70	18	70	23	71	28	73	34	75	41	78	48	82	55	87	62	93	70	100	77	107	83	115	88	123	92	132	95	140	97	147	98	153	98	158	97	162	95	165	93	167	92	168	91	168	89	167	87	165	85	162	84	158	84	153	84	147	83	140	81	132	78	123	74	113	69	103	63	94	56	86	48	79	41	72	35	66	30	61	26	57	23	54	20	52	18	51	17	51	17	
7:
62	0.24	35	82	36	81	38	79	41	77	44	74	46	70	48	65	49	59	49	52	48	46	46	41	44	37	41	34	37	32	32	31	27	31	23	32	20	32	18	31	17	29	17	26	18	24	20	23	23	23	27	24	32	26	38	27	45	29	53	31	62	33	71	36	80	39	90	43	99	46	107	48	114	50	120	53	125	57	129	61	132	66	134	70	135	73	135	75	134	76	132	77	129	77	125	76	120	74	114	73	107	72	99	71	90	71	80	72	71	73	63	75	56	76	50	78	45	79	41	79	38	80	36	81	35	82	35	82	
8:
40	0.082	87	107	88	108	90	110	93	113	96	117	99	122	101	127	102	133	102	138	101	142	99	146	96	149	92	153	87	156	82	159	76	161	69	164	61	166	54	167	48	167	43	166	39	164	36	161	34	157	33	152	33	147	34	142	36	136	39	131	43	126	48	122	54	119	61	115	67	112	72	110	77	108	81	107	84	106	86	106	87	107	87	107	
9:
61	0.397	118	74	119	74	121	74	124	75	128	75	131	76	133	78	134	81	134	85	133	88	131	90	128	92	124	93	119	93	115	92	111	90	106	87	101	83	97	78	94	72	91	65	88	58	84	52	81	47	77	43	74	40	70	38	65	37	59	37	52	38	44	40	36	43	29	47	23	52	18	58	14	65	11	73	9	82	8	90	8	97	9	103	11	108	14	113	17	117	21	120	26	122	32	123	39	123	46	122	54	120	63	117	73	113	82	108	90	102	97	95	103	89	108	84	112	80	115	77	117	75	118	74	118	74	
10:
63	7.13	173	10	172	11	171	12	170	14	170	17	170	21	169	26	169	32	170	39	171	47	172	56	172	66	171	76	169	87	166	97	162	106	157	114	151	121	144	127	136	132	127	136	117	139	106	141	94	142	83	142	72	141	62	139	53	136	44	132	36	127	29	121	23	114	18	106	14	97	11	87	9	76	8	65	8	53	9	42	11	31	14	21	18	12	23	4	29	-3	36	-9	44	-14	53	-18	62	-21	72	-23	83	-25	95	-26	107	-26	118	-25	128	-23	137	-20	145	-16	152	-11	158	-5	163	0	167	4	170	7	172	9	173	10	173	10	
11:
68	20.046	41	122	40	121	38	119	35	116	31	112	26	107	20	101	15	94	11	86	8	77	6	67	5	57	5	47	6	37	8	26	11	16	14	7	18	-1	23	-8	29	-14	36	-19	44	-23	53	-26	63	-28	74	-29	84	-29	94	-28	103	-26	111	-23	119	-19	126	-14	132	-8	137	-1	141	7	144	16	146	26	148	37	151	47	154	56	158	64	163	72	167	79	170	85	172	92	173	98	173	105	172	113	170	122	167	130	163	137	158	143	152	148	145	152	137	155	128	157	118	158	107	158	96	157	86	155	77	152	69	148	62	143	56	137	51	132	47	128	44	125	42	123	41	122	41	122	
12:
65	8.575	159	169	158	169	156	169	153	170	149	172	144	173	138	173	131	172	123	170	114	167	104	163	93	158	81	152	70	146	59	139	49	131	40	122	32	112	25	101	19	89	14	78	10	68	7	59	5	51	4	44	4	38	5	33	7	29	10	26	14	24	19	23	25	21	31	19	37	16	44	12	50	8	57	5	63	3	68	2	74	2	81	3	89	5	98	8	108	12	119	17	129	23	138	30	146	38	153	47	159	57	164	68	169	80	173	92	176	103	178	114	179	124	179	133	178	141	176	148	173	154	169	159	165	163	162	166	160	168	159	169	159	169	
13:
72	20.562	84	162	85	161	87	160	90	158	94	155	99	151	104	148	110	146	115	144	120	142	124	141	127	141	129	142	130	144	130	146	129	148	127	151	124	155	120	160	115	164	109	167	102	169	94	170	85	170	75	169	66	167	58	164	51	160	44	155	38	149	33	143	29	136	26	128	24	119	23	109	23	98	24	86	26	75	29	65	33	56	38	48	43	41	49	35	54	30	58	26	63	23	69	21	75	20	81	20	86	21	90	23	93	26	95	30	96	35	96	41	95	48	93	56	92	65	92	75	93	86	93	96	93	107	92	117	92	126	92	134	92	141	92	147	91	152	89	156	87	159	85	161	84	162	84	162	
14:
77	18.389	92	173	93	172	95	170	96	167	96	163	95	159	93	155	90	152	86	150	81	149	75	149	68	148	62	148	57	149	52	151	48	153	45	156	43	160	42	165	42	171	43	178	45	185	48	191	52	196	57	200	63	203	70	205	78	206	87	206	97	205	108	203	118	200	128	196	137	191	145	185	152	178	158	170	163	161	167	151	170	140	172	128	173	116	173	105	172	95	170	86	167	78	163	71	158	65	152	60	145	56	137	53	128	51	119	49	111	48	104	48	98	49	92	51	87	54	83	58	80	63	78	69	77	76	76	84	76	92	75	101	75	111	74	120	74	128	74	137	75	145	77	152	80	158	83	163	86	167	89	170	91	172	92	173	92	173	
15:
82	0.376	85	51	84	50	82	49	79	48	75	48	70	48	64	47	58	46	53	44	49	41	46	37	44	33	43	29	43	26	44	24	46	21	49	19	53	17	58	16	64	16	71	17	79	19	87	21	95	24	104	28	113	31	122	35	132	40	141	46	149	52	156	59	162	65	167	72	171	80	174	89	176	99	177	109	177	120	176	132	174	144	171	155	168	165	164	174	159	182	153	189	146	196	138	202	129	207	119	211	108	214	96	216	84	217	73	217	62	216	52	216	43	215	35	213	28	210	22	206	17	202	13	197	10	193	8	188	7	182	7	175	8	167	10	158	13	148	17	137	22	127	28	116	35	106	42	96	49	87	57	79	64	72	70	66	75	61	79	57	82	54	84	52	85	51	85	51	
16:
72	0.101	76	174	76	173	75	171	75	168	76	164	77	159	78	154	79	149	80	145	81	142	81	140	82	139	84	139	87	140	90	142	94	145	98	148	103	152	109	155	115	157	122	158	128	158	133	157	137	155	140	152	142	148	143	143	143	137	142	130	140	122	139	113	139	103	139	92	138	80	137	69	137	59	138	50	140	41	142	33	145	26	148	20	150	15	151	11	151	8	150	6	148	5	145	5	141	6	136	8	130	11	123	15	115	20	106	26	97	33	89	41	82	50	76	60	71	71	66	83	62	96	59	108	57	119	56	129	56	138	57	146	59	153	62	159	66	164	70	168	73	171	75	173	76	174	76	174	
17:
69	10.504	32	167	31	166	29	165	26	163	22	162	17	161	13	160	9	160	6	161	4	163	3	166	3	170	4	175	6	180	9	186	13	191	18	195	24	198	31	200	39	202	47	203	56	203	66	202	76	200	85	197	93	193	101	188	108	182	114	175	119	167	123	158	126	148	128	137	130	126	133	114	137	103	142	93	147	84	153	76	159	69	164	63	168	58	171	54	173	51	174	49	174	47	173	46	171	46	168	47	164	49	159	52	153	56	146	61	138	67	129	74	119	82	108	91	97	101	87	112	77	122	68	131	60	139	53	146	47	152	42	157	38	161	35	164	33	166	32	167	32	167	
18:
63	0.845	149	121	150	122	151	124	152	127	152	131	151	136	149	142	146	149	142	155	137	160	131	164	125	168	120	171	116	173	111	174	107	174	104	173	101	171	98	168	94	164	89	159	84	153	79	146	75	138	72	129	70	119	69	108	69	96	70	83	72	71	75	60	79	50	84	41	90	33	97	26	105	20	114	15	123	11	131	8	138	6	144	5	149	5	153	6	156	8	158	11	159	15	159	20	158	26	156	33	155	41	153	50	152	60	151	70	151	79	152	87	152	94	152	100	152	106	152	111	151	115	150	118	150	120	149	121	149	121	
19:
58	0.507	68	175	69	174	71	173	74	171	78	168	83	164	88	159	94	153	101	146	108	139	115	132	121	125	126	118	130	112	133	105	135	97	136	89	136	81	135	74	133	68	131	63	128	58	124	54	119	49	113	43	106	36	98	30	89	25	79	21	68	18	57	16	47	15	38	15	30	16	23	18	17	21	12	25	8	30	5	36	3	43	2	51	2	60	3	69	5	79	8	90	12	102	16	113	21	123	27	132	33	140	40	147	47	154	53	160	58	165	62	169	65	172	67	174	68	175	68	175	
20:
73	2.334	140	53	139	54	137	55	135	57	134	60	134	64	135	67	137	69	140	70	144	70	148	69	151	67	153	64	154	60	154	55	153	49	151	42	148	35	144	29	139	24	133	20	126	17	118	15	109	14	99	14	88	15	76	17	63	19	51	21	40	24	30	28	21	33	12	39	4	46	-3	54	-9	63	-14	73	-18	84	-21	96	-23	108	-24	119	-24	129	-23	138	-21	146	-18	153	-14	159	-9	164	-3	168	4	171	12	173	21	174	31	174	41	173	52	171	62	168	71	164	79	159	87	153	94	146	100	138	105	129	109	119	112	108	115	98	117	89	119	81	122	74	126	68	130	63	134	59	137	56	139	54	140	53	140	53	
21:
54	0.78	149	7	148	6	146	4	144	2	141	1	137	1	132	2	126	4	119	7	111	11	104	15	98	20	93	25	89	31	86	38	83	46	79	53	74	60	68	66	61	71	53	76	44	80	36	83	29	85	23	86	18	88	14	91	11	95	9	99	8	102	8	104	9	105	11	105	14	104	18	102	23	99	29	95	36	90	44	84	53	77	63	69	73	60	84	52	94	44	104	36	113	29	121	23	128	18	134	14	139	11	143	9	146	8	148	7	149	7	149	7	
22:
64	0.797	153	99	152	100	151	102	149	105	146	109	142	113	137	116	131	118	126	119	121	119	117	118	114	116	112	113	111	109	111	104	112	98	114	91	115	83	115	74	114	65	112	57	109	50	105	43	100	37	94	32	87	28	79	25	70	23	61	22	53	22	44	23	36	25	29	27	23	30	18	34	14	39	11	45	9	52	8	60	8	69	9	79	11	89	14	98	17	106	21	113	26	119	32	124	39	128	47	131	56	133	66	134	76	134	87	133	98	131	108	128	117	124	125	119	132	114	138	109	143	105	147	102	150	100	152	99	153	99	153	99	
23:
71	0.535	98	152	99	153	101	155	104	158	107	162	111	165	116	167	121	168	125	169	128	169	130	168	131	166	131	163	130	159	128	154	125	148	121	141	116	133	112	124	109	114	106	103	104	91	101	80	99	69	97	59	96	50	95	42	93	35	91	29	89	24	88	20	87	17	86	15	84	14	81	14	77	15	72	17	66	20	59	24	51	29	44	35	38	42	33	50	27	59	22	69	18	80	15	92	13	104	12	115	12	126	11	136	10	145	10	153	11	160	13	166	16	171	20	175	25	178	31	180	38	181	45	181	53	180	62	178	70	175	77	171	83	166	88	162	92	158	95	155	97	153	98	152	98	152	
24:
60	4.664	10	70	10	69	9	67	8	64	6	60	4	55	3	49	2	43	2	38	3	33	5	29	7	26	9	24	10	23	12	23	13	24	15	26	18	29	21	33	24	37	28	42	33	48	39	55	46	62	52	68	59	73	67	77	76	80	85	82	93	83	100	83	107	82	113	82	118	82	122	82	125	82	127	83	128	85	128	88	127	90	125	91	122	92	118	93	113	95	107	97	100	98	92	98	84	97	75	95	65	92	55	89	46	85	38	82	31	79	25	76	20	73	16	71	13	70	11	70	10	70	10	70	
25:
60	2.57	24	71	25	72	26	74	27	77	29	81	32	86	36	92	41	99	47	107	52	115	58	123	65	130	73	136	82	141	92	145	102	148	111	150	119	151	126	151	133	150	140	148	146	145	151	141	155	136	158	130	160	123	161	115	161	106	160	96	158	85	155	73	152	62	149	52	145	43	140	35	134	27	127	20	119	14	110	9	100	5	90	2	81	0	73	-1	66	-1	60	0	53	2	45	5	38	9	32	14	27	20	23	27	20	35	18	43	17	50	17	56	18	61	19	65	21	68	23	70	24	71	24	71	
26:
69	6.839	151	65	152	64	154	62	156	59	159	55	162	50	165	44	167	37	168	29	168	20	167	11	165	3	162	-4	158	-10	153	-15	147	-19	140	-22	132	-24	123	-25	113	-26	102	-26	90	-26	78	-25	67	-23	57	-20	47	-16	38	-11	30	-5	23	2	17	10	12	19	8	29	5	39	3	50	2	62	2	74	3	87	5	99	8	110	12	120	16	129	21	137	27	144	34	150	42	155	49	159	55	162	60	164	64	165	67	165	69	164	70	162	71	159	73	155	76	150	80	144	85	137	91	129	98	120	106	110	115	101	123	93	130	86	136	80	141	75	145	71	148	68	150	66	151	65	151	65	
27:
74	3.516	125	178	126	177	128	176	131	174	135	171	140	169	146	167	151	165	155	163	158	160	160	156	161	151	161	145	160	140	158	135	155	130	151	126	146	123	140	121	133	120	125	120	116	121	106	123	95	126	83	129	72	133	62	136	52	140	43	143	35	146	28	148	22	149	17	149	13	148	10	146	7	143	5	139	4	134	4	128	5	121	7	113	10	105	14	98	19	91	25	85	32	78	40	72	49	67	59	63	70	60	82	58	93	57	103	57	112	58	120	60	127	63	133	67	138	72	142	78	145	85	147	93	148	102	148	112	147	123	145	133	142	142	138	150	134	157	130	163	127	168	125	172	124	175	124	177	125	178	125	178	
28:
68	0.124	163	116	162	116	160	115	157	115	154	116	151	118	147	120	144	123	142	126	141	128	141	129	142	129	144	128	147	126	151	123	156	119	162	114	167	108	171	101	174	93	176	85	177	78	177	71	176	65	174	58	171	51	167	44	162	38	156	32	149	27	141	23	134	20	126	18	117	15	107	13	97	12	87	11	78	11	70	11	63	10	57	10	52	11	48	13	45	16	43	20	42	25	42	31	43	38	45	45	48	51	52	58	57	64	63	71	70	77	78	82	87	86	97	89	108	93	118	96	127	98	135	99	142	101	148	103	153	106	157	110	160	113	162	115	163	116	163	116	
29:
82	0.515	135	77	136	76	138	75	141	74	145	73	150	71	155	68	160	65	164	63	167	62	169	62	170	62	170	63	169	63	167	63	164	63	160	62	155	60	149	57	143	54	136	50	128	46	120	42	112	39	105	36	99	34	93	33	88	33	84	34	81	36	79	38	78	41	78	44	79	48	81	53	84	59	88	66	93	74	99	83	104	93	108	104	111	116	113	128	114	139	114	149	113	158	111	166	108	174	104	181	99	187	93	192	86	196	78	199	71	201	64	202	57	202	51	202	46	201	42	199	39	196	37	192	36	187	36	181	37	174	39	166	42	157	46	147	51	136	57	126	64	117	72	109	81	102	90	96	99	90	107	85	114	81	120	78	125	76	129	75	132	75	134	76	135	77	135	77	
30:
58	0.814	41	78	40	79	38	81	35	84	31	88	28	92	25	97	23	103	22	109	22	115	23	120	25	124	28	128	32	131	37	134	43	138	49	141	56	144	64	148	73	153	83	157	94	160	106	162	117	163	127	164	136	164	144	163	151	161	157	158	162	154	166	149	169	143	171	136	172	128	172	119	172	109	171	99	169	90	166	82	162	75	157	69	151	63	144	58	136	54	127	51	117	49	106	48	96	48	86	49	77	51	69	54	62	58	56	63	51	68	47	72	44	75	42	77	41	78	41	78	
31:
72	0.117	84	99	85	100	87	102	90	103	94	105	98	106	102	106	107	105	111	103	114	102	116	101	117	101	117	101	116	100	114	98	111	95	107	91	102	87	96	83	89	79	81	74	74	68	68	63	63	57	59	51	56	44	54	37	53	29	53	22	54	16	56	11	59	7	63	4	68	2	73	1	78	1	82	2	85	3	87	5	88	8	88	12	87	15	85	18	82	22	78	26	73	31	67	37	60	42	52	46	45	51	39	56	34	61	30	65	27	69	25	74	24	80	24	85	25	89	27	92	30	94	34	95	39	95	44	94	50	94	57	95	63	95	69	96	74	96	78	97	81	98	83	99	84	99	84	99	
32:
66	0.267	89	138	88	139	86	141	83	144	80	148	78	153	76	159	75	164	75	168	76	171	78	173	81	175	85	176	90	176	96	176	103	176	110	175	118	173	125	170	132	166	139	161	145	155	150	148	154	140	157	131	159	121	160	112	160	103	159	95	157	86	154	78	150	71	145	65	139	60	132	56	124	53	115	51	105	50	94	50	83	51	73	53	64	56	56	60	49	64	43	69	38	75	34	82	31	90	29	99	28	108	28	116	29	123	31	129	34	134	38	138	43	141	49	143	55	144	62	146	68	147	74	147	79	146	83	144	86	141	88	139	89	138	89	138	
33:
62	2.989	27	66	26	67	24	69	22	72	20	75	19	79	19	84	20	88	22	91	25	93	29	94	34	94	40	93	47	93	55	93	64	93	74	94	85	95	97	95	109	95	121	95	132	95	142	94	151	94	159	95	166	97	172	100	177	104	181	109	184	115	186	122	187	130	187	139	186	147	184	154	181	160	177	165	172	169	166	172	159	174	152	175	145	175	139	174	132	172	124	169	117	165	110	160	104	154	98	147	91	139	83	130	76	121	68	111	61	102	54	94	48	87	42	81	37	76	33	72	30	69	28	67	27	66	27	66	
34:
74	10.94	81	60	81	59	81	57	81	54	80	50	78	45	75	39	71	32	68	26	64	21	59	17	53	14	46	12	38	11	31	11	25	12	20	14	16	17	13	21	11	26	10	32	10	39	10	47	10	56	9	66	7	77	5	89	4	102	4	115	5	127	7	138	10	148	14	157	19	165	25	172	32	178	40	183	49	187	59	190	70	192	81	193	93	193	105	192	116	190	126	187	135	183	143	178	150	172	156	165	161	157	165	148	168	138	170	127	171	115	171	104	170	94	168	85	166	77	163	70	159	64	154	59	148	55	141	52	134	50	126	49	117	48	109	48	102	49	96	51	91	54	87	57	84	59	82	60	81	60	81	60	
35:
71	4.585	30	41	31	42	33	44	36	45	40	47	45	48	51	48	58	47	66	45	73	42	79	38	84	33	88	27	91	21	93	16	95	12	98	9	102	7	107	6	113	6	119	7	126	9	134	12	143	16	151	21	158	27	164	34	169	42	173	51	176	60	178	70	179	81	179	93	178	106	176	118	173	129	169	139	164	148	158	156	151	163	143	169	134	174	124	178	113	181	101	183	90	184	79	185	67	185	56	184	46	182	37	179	29	175	22	170	16	164	11	157	7	149	4	140	2	130	1	119	1	107	2	96	4	86	7	77	11	69	16	62	20	56	24	51	27	47	29	44	30	42	30	41	30	41	
36:
78	4.248	48	50	49	51	51	53	54	56	57	60	59	65	60	71	60	77	59	82	58	86	57	89	55	91	54	92	52	92	51	91	51	89	52	86	54	82	57	77	61	71	66	64	71	56	77	49	84	43	91	38	99	34	107	31	116	29	126	27	135	26	143	26	150	27	156	29	161	32	165	36	168	41	170	47	171	54	171	62	170	71	168	80	165	90	161	101	156	112	150	122	143	131	135	139	126	146	116	152	105	157	93	161	81	164	69	166	58	167	48	167	39	166	31	166	24	165	18	163	13	160	9	156	6	151	4	145	3	138	3	130	4	121	6	111	9	101	12	92	16	84	21	77	27	71	33	65	38	60	42	56	45	53	47	51	48	50	48	50	
37:
66	4.641	163	37	162	36	161	34	159	31	158	28	158	26	159	25	161	25	164	26	168	28	173	31	177	35	180	40	182	46	184	53	185	61	185	69	184	78	182	88	179	99	175	109	170	118	164	126	157	133	151	139	145	145	138	150	130	154	122	157	113	159	104	160	96	160	87	159	77	157	68	154	60	150	53	145	47	139	42	132	38	124	35	115	33	105	32	94	32	83	33	73	35	64	38	55	42	47	47	40	53	33	60	27	68	22	77	18	87	15	97	13	108	12	118	12	127	13	135	15	142	18	148	22	153	27	157	31	160	34	162	36	163	37	163	37	
38:
70	0.694	54	136	55	135	57	133	58	130	58	126	57	121	55	115	53	108	51	101	49	95	46	90	42	86	37	83	31	80	24	78	18	77	13	77	9	78	6	80	4	82	3	85	3	88	4	90	6	91	9	91	13	90	18	88	24	85	31	83	39	80	48	78	57	75	66	73	76	72	87	71	99	71	110	72	120	74	130	77	139	81	147	86	154	92	160	99	165	106	169	114	172	123	174	132	175	140	175	147	174	153	172	158	169	162	165	165	160	167	154	168	147	168	139	167	130	165	120	163	109	161	99	158	90	154	82	151	75	147	69	143	64	140	60	138	57	137	55	136	54	136	54	136	
39:
65	1.718	50	107	49	108	47	110	44	113	40	115	36	116	33	118	31	121	30	123	30	126	31	128	33	129	36	129	40	128	45	126	51	123	58	119	66	116	75	113	83	109	90	104	96	98	101	92	105	87	108	83	110	80	111	78	113	77	116	77	120	78	125	80	131	83	138	87	146	92	154	98	161	105	167	113	172	122	176	132	179	141	181	149	182	156	182	162	181	167	179	171	176	174	172	176	167	177	161	177	154	176	146	174	137	171	127	167	116	162	105	156	95	149	86	141	78	134	71	128	65	122	60	117	56	113	53	110	51	108	50	107	50	107	
40:
82	1.894	43	37	42	38	42	40	42	43	43	47	45	52	48	58	51	65	55	72	60	78	66	83	71	89	75	94	78	98	82	101	87	103	92	104	96	104	100	103	104	101	107	98	109	94	111	89	114	83	117	76	119	69	120	62	122	56	125	50	128	45	131	41	133	38	134	36	134	35	135	35	135	36	134	38	132	41	129	45	125	50	120	56	114	63	107	71	99	80	90	90	80	101	71	112	63	123	56	133	50	142	45	150	40	157	36	163	31	168	25	172	20	175	16	177	12	178	9	178	7	177	6	175	5	172	5	168	6	163	8	157	11	150	15	142	20	133	25	123	29	112	32	102	34	92	36	82	37	73	37	65	36	58	36	52	37	47	39	43	40	40	42	38	43	37	43	37	
41:
64	0.32	128	37	127	36	125	36	122	35	118	33	113	30	107	26	100	21	92	17	85	13	79	10	74	8	70	7	67	7	64	8	62	10	61	13	61	17	62	21	63	26	65	32	68	39	72	47	75	56	77	66	78	77	78	89	77	101	75	113	74	124	74	134	75	143	77	151	80	158	84	164	89	169	95	173	102	176	110	178	119	179	129	179	138	178	146	176	153	173	159	169	164	164	168	158	171	151	173	143	174	134	174	124	173	113	171	102	168	92	164	82	159	73	153	65	147	58	142	52	138	47	134	43	131	40	129	38	128	37	128	37	
42:
78	0.825	86	173	87	172	89	170	92	167	96	163	100	158	103	152	105	145	106	139	106	134	105	128	103	123	100	118	96	114	91	111	86	109	80	108	73	108	65	109	57	111	50	114	44	118	39	123	34	129	29	136	25	142	22	147	20	151	19	154	19	156	19	157	20	157	20	156	19	154	19	151	20	147	22	142	25	136	28	130	30	123	32	115	33	106	33	96	32	86	30	76	27	67	25	59	24	52	24	46	24	41	25	37	27	34	30	32	33	31	35	31	36	32	36	34	35	37	33	41	32	46	31	52	31	59	32	67	34	76	37	86	41	97	46	108	52	118	59	128	65	137	70	145	74	152	78	158	81	163	83	167	85	170	86	172	86	173	86	173	
43:
40	0.228	10	71	11	71	13	71	16	72	20	73	25	75	31	76	37	76	44	76	51	75	57	73	62	71	66	69	69	68	71	66	72	63	72	59	71	54	69	48	66	42	63	37	60	33	56	30	51	28	45	26	38	25	32	25	25	26	19	28	14	31	10	35	7	39	5	44	4	50	4	56	4	61	5	65	7	68	9	70	10	71	10	71	
44:
82	15.398	121	84	120	85	118	87	115	89	111	92	107	96	103	99	100	101	98	102	97	102	97	101	98	100	100	99	103	97	107	94	112	91	118	88	125	86	133	85	142	85	150	86	157	88	163	91	168	95	172	100	175	106	177	113	178	121	178	130	177	140	175	149	172	157	168	164	163	170	157	175	150	179	142	182	133	184	123	185	112	185	100	184	88	182	76	179	64	175	53	171	43	166	34	160	26	153	19	145	13	136	8	126	4	115	1	103	-1	91	-2	80	-2	70	-1	61	1	53	4	46	8	40	13	35	19	30	26	26	34	23	42	21	51	20	61	20	71	21	80	23	88	26	95	30	101	35	106	41	110	48	113	56	115	63	116	69	116	74	117	78	118	81	120	83	121	84	121	84	
45:
67	1.71	133	134	132	133	130	131	127	128	123	124	118	120	112	116	105	113	97	111	88	110	78	110	67	110	56	111	46	111	37	110	29	110	22	111	16	113	11	115	7	118	4	122	2	126	1	131	1	135	2	139	4	142	7	144	11	145	15	145	19	144	22	142	24	139	25	135	27	130	29	124	32	117	36	109	41	100	45	90	48	81	51	73	55	66	60	60	66	55	73	51	81	48	88	46	94	45	99	45	103	46	106	48	108	51	109	55	109	60	110	66	111	73	113	81	116	90	118	98	120	106	121	113	123	119	125	124	127	128	130	131	132	133	133	134	133	134	
46:
50	0.512	54	108	55	107	56	105	58	102	61	98	65	95	70	91	76	88	83	86	91	85	100	85	109	86	118	88	126	91	133	94	141	98	148	101	155	103	161	106	166	110	170	115	173	121	175	128	176	136	176	144	175	152	173	159	170	165	166	170	161	174	155	177	148	179	140	180	131	180	123	179	114	177	105	174	97	170	90	165	84	159	79	152	75	144	72	136	70	129	67	123	64	118	60	114	57	111	55	109	54	108	54	108	
47:
52	0.632	174	57	173	58	171	60	168	63	164	67	159	70	153	73	147	76	140	80	132	84	123	89	113	94	103	99	93	103	84	106	75	108	66	109	58	109	51	108	45	106	40	103	36	99	33	94	31	88	30	81	30	73	31	64	32	55	34	46	37	38	39	31	42	25	46	20	51	16	57	13	63	11	70	9	78	8	87	8	97	9	108	11	119	14	129	18	138	23	146	29	153	36	159	42	164	47	168	51	171	54	173	56	174	57	174	57	
48:
69	16.896	34	8	33	7	31	6	28	5	24	4	19	4	14	5	10	7	7	9	4	10	2	10	1	9	1	7	2	4	4	0	7	-4	11	-7	16	-10	22	-12	29	-13	37	-13	45	-12	54	-10	64	-7	75	-3	86	1	96	6	105	12	113	19	120	27	126	36	131	46	135	57	138	69	140	80	141	90	141	99	140	107	138	114	135	120	131	125	126	129	120	132	113	134	107	135	100	136	92	136	85	135	79	133	74	130	70	126	66	121	61	115	57	108	53	101	48	93	44	84	40	74	36	63	33	53	31	44	30	36	29	29	29	23	29	18	30	14	31	11	33	9	34	8	34	8	
49:
61	3.081	51	144	52	145	54	147	57	150	61	152	66	154	72	155	79	156	86	156	92	155	97	153	102	150	106	146	109	141	111	135	112	128	113	120	113	111	112	101	111	90	109	80	106	70	102	61	97	53	91	46	85	40	80	35	76	31	73	28	71	25	70	21	70	16	71	11	73	7	76	4	79	2	83	1	88	1	94	2	99	4	103	7	106	11	108	16	109	22	109	29	109	37	108	46	106	56	103	67	99	78	94	89	88	99	82	108	77	116	72	123	66	129	61	134	57	138	54	141	52	143	51	144	51	144	
50:
60	0.118	151	77	152	78	154	80	157	83	161	87	166	92	170	97	173	103	175	110	176	118	176	127	175	135	173	142	170	149	166	155	161	160	155	165	148	169	140	172	131	174	121	175	111	175	101	174	90	172	78	169	67	165	57	160	48	156	40	153	33	151	27	148	22	145	18	142	15	140	13	139	12	139	12	139	13	140	15	140	18	139	22	137	27	134	33	130	40	125	47	119	55	114	64	110	74	106	85	103	96	101	106	100	115	98	123	96	130	94	136	91	141	87	145	83	148	80	150	78	151	77	151	77	
51:
62	0.431	64	54	65	55	67	57	68	59	68	60	67	62	65	64	62	65	58	65	53	64	47	62	40	59	34	57	29	54	25	52	22	51	20	51	19	51	19	52	20	54	22	57	25	61	29	66	34	71	40	75	47	80	55	86	64	91	73	95	82	98	92	100	103	101	113	101	122	101	130	101	137	100	143	98	148	95	152	91	155	86	157	80	158	73	158	65	157	58	155	52	152	47	148	42	143	38	137	35	130	33	122	32	115	32	107	33	99	35	92	38	85	41	79	45	74	48	70	50	67	51	65	53	64	54	64	54	
52:
71	2.222	57	86	56	85	54	84	51	82	47	81	42	80	36	78	29	76	23	75	18	75	14	76	11	78	9	81	8	85	8	90	9	96	11	103	14	111	16	120	19	130	23	139	28	147	34	154	41	160	49	165	57	169	66	172	76	175	87	177	98	178	110	178	121	177	131	175	140	172	148	168	156	163	163	157	169	150	174	142	178	133	181	123	183	112	184	100	184	89	183	79	181	69	178	60	174	52	169	45	163	39	156	34	148	30	139	27	129	25	118	24	108	24	99	25	90	27	82	30	75	34	69	39	64	45	60	51	57	58	55	65	54	71	53	76	53	80	54	83	56	85	57	86	57	86	
53:
66	5.583	116	126	117	127	118	129	119	132	121	136	123	141	124	147	125	153	127	158	128	162	130	166	132	169	135	171	139	172	143	172	146	171	148	169	149	166	149	162	150	157	150	151	149	144	147	136	144	127	140	117	137	106	135	94	134	81	134	68	134	56	134	45	135	35	135	26	134	18	132	11	129	5	125	0	120	-4	114	-8	107	-11	99	-13	90	-14	82	-14	75	-13	69	-11	64	-8	60	-4	57	1	55	7	54	14	54	22	55	31	57	41	60	52	64	63	69	73	75	82	82	90	89	98	95	105	101	111	106	116	110	120	113	123	115	125	116	126	116	126	
54:
68	0.377	153	132	152	131	150	129	147	126	143	122	138	117	132	112	125	108	117	105	110	103	104	102	98	102	93	103	89	105	86	108	84	112	83	117	82	122	80	127	78	131	75	134	71	136	68	137	64	137	59	136	53	134	46	131	40	127	35	122	31	116	28	110	26	103	25	95	25	86	26	76	28	66	31	56	35	47	40	39	46	32	53	26	60	21	68	17	77	14	87	12	98	11	110	11	121	12	131	14	140	17	148	21	155	26	161	32	166	39	170	47	173	56	175	66	176	77	176	87	175	96	173	104	170	111	166	117	162	122	159	126	156	129	154	131	153	132	153	132	
55:
71	1.891	179	54	178	53	176	51	173	48	169	44	164	41	158	39	151	38	145	37	138	37	132	38	127	40	123	43	120	47	118	52	117	58	117	65	118	73	120	82	123	92	126	102	129	111	131	119	132	126	132	132	132	137	131	141	129	144	126	146	122	147	117	147	111	146	104	144	96	141	88	137	79	133	69	128	60	123	52	118	45	113	39	107	34	102	30	98	27	95	25	91	24	86	24	81	25	77	27	74	30	71	34	68	39	66	45	64	52	63	60	63	69	64	79	65	90	67	102	70	113	72	124	73	134	73	143	72	151	70	158	67	164	65	169	62	173	60	176	57	178	55	179	54	179	54	
56:
80	2.112	77	92	76	92	74	91	71	89	67	86	62	83	56	79	49	74	43	68	37	61	31	53	26	46	22	40	19	34	15	29	10	25	4	22	-3	20	-9	19	-16	19	-22	20	-27	22	-31	25	-34	29	-36	34	-37	40	-37	47	-36	55	-34	64	-31	74	-27	85	-22	97	-16	109	-9	120	-1	130	8	139	18	147	29	154	41	160	54	165	68	169	81	172	94	174	107	175	120	175	132	174	143	172	153	169	162	165	170	160	177	154	183	147	188	139	192	130	195	120	197	109	198	99	198	90	197	82	196	75	194	69	191	64	187	60	182	56	176	53	169	51	161	50	152	50	142	51	132	53	122	56	113	60	105	65	98	71	92	77	87	82	83	86	80	89	78	91	77	92	77	92	
57:
58	0.332	105	132	106	131	108	130	111	130	115	131	118	132	120	134	121	137	121	141	120	144	118	146	115	147	111	147	106	146	100	144	93	141	85	137	76	132	66	126	55	119	45	111	36	102	27	93	19	85	12	76	6	66	1	56	-3	47	-6	39	-8	32	-9	26	-9	21	-8	17	-6	14	-3	12	1	11	6	11	11	12	17	14	24	17	30	21	35	26	39	32	42	39	44	47	47	56	51	66	56	77	62	87	69	96	77	104	84	111	90	117	95	122	99	126	102	129	104	131	105	132	105	132	
58:
64	1.226	88	64	89	65	91	67	92	70	92	74	91	79	89	85	87	92	84	99	80	105	75	110	69	114	63	117	56	119	48	120	41	120	35	119	28	117	22	114	17	110	13	105	10	99	8	92	7	84	7	75	8	65	10	55	13	46	17	38	22	30	28	21	35	13	43	6	52	0	62	-5	73	-9	84	-12	95	-14	105	-15	114	-15	122	-15	129	-14	135	-12	140	-10	144	-7	147	-3	149	2	150	8	150	15	149	21	147	26	144	30	140	34	135	39	129	44	122	48	115	51	109	53	103	54	98	56	94	59	91	61	89	63	88	64	88	64	
59:
50	0.982	165	134	166	133	166	131	165	128	163	124	160	120	156	115	151	110	145	105	138	100	131	96	125	93	120	91	116	90	113	90	111	91	110	93	110	96	111	100	112	105	114	111	116	118	117	126	117	135	117	143	116	151	115	158	113	164	110	169	106	173	103	176	101	178	100	179	100	179	101	178	103	176	106	173	110	169	115	166	121	164	128	163	135	161	141	158	146	154	151	149	155	144	159	140	162	137	164	135	165	134	165	134	
60:
60	1.925	162	101	161	100	159	99	156	99	152	100	147	100	141	101	135	103	130	106	126	110	123	115	121	121	120	127	120	133	121	138	121	142	120	145	118	147	115	148	111	148	106	147	100	145	93	142	85	138	77	133	70	127	64	120	58	112	53	103	49	93	46	82	44	72	43	63	43	55	44	48	46	42	49	36	53	31	58	27	64	24	71	22	79	21	88	21	98	22	109	24	119	27	128	31	136	36	143	42	149	49	154	57	158	65	161	73	163	80	165	86	166	91	166	95	165	98	163	100	162	101	162	101	
61:
67	3.342	49	141	50	140	52	138	54	135	57	131	61	127	64	124	66	121	67	119	67	118	68	118	70	119	73	121	77	124	82	128	88	131	95	133	102	135	110	136	119	136	129	135	138	133	146	130	153	126	159	121	164	115	168	108	171	100	173	91	174	81	174	70	173	60	171	51	168	42	164	34	159	26	153	19	146	13	138	8	129	4	119	1	108	-1	96	-2	84	-2	73	-1	63	1	54	4	46	8	39	13	33	19	28	26	24	34	21	43	19	53	18	64	18	75	19	86	20	96	22	105	25	113	29	120	34	126	39	131	43	135	46	138	48	140	49	141	49	141	
62:
74	0.84	8	160	9	159	11	157	14	154	16	150	18	145	19	140	21	134	24	129	28	125	32	122	37	120	42	119	47	119	53	120	58	122	62	125	65	128	67	132	68	136	68	139	67	141	65	142	62	142	58	141	53	139	49	136	45	132	42	127	40	121	39	114	39	106	40	97	42	87	45	78	49	69	54	61	60	54	67	48	75	43	84	39	92	36	101	34	109	33	116	33	122	34	127	36	131	39	134	42	136	46	137	49	137	53	136	58	134	64	131	71	127	77	122	82	116	86	109	91	101	97	92	104	82	110	72	115	63	120	53	125	44	129	36	134	29	139	23	145	18	150	14	154	11	157	9	159	8	160	8	160	
63:
68	6.489	23	22	22	21	20	21	17	22	13	24	8	26	3	29	-1	33	-5	38	-9	44	-14	51	-18	59	-21	68	-24	78	-26	88	-27	97	-27	105	-26	112	-24	118	-21	123	-17	127	-12	130	-6	132	1	133	9	133	18	132	28	130	39	127	51	123	63	118	75	112	88	105	100	97	111	90	121	84	130	79	138	75	145	72	151	70	156	69	160	69	163	70	165	72	166	74	166	75	165	75	163	74	160	72	156	69	151	65	145	60	138	55	130	51	121	47	111	44	100	42	89	41	78	41	68	40	59	38	51	35	44	33	38	30	33	27	29	25	26	24	24	23	23	22	23	22	
64:
55	0.67	90	120	91	121	92	123	93	125	95	128	98	130	102	131	106	131	109	130	112	128	114	125	116	121	117	116	117	111	116	106	114	102	111	99	107	97	102	96	96	96	90	97	85	99	81	102	78	106	76	111	75	117	73	123	70	128	66	132	62	135	57	137	53	138	48	138	42	137	37	135	33	132	30	128	28	123	27	117	27	111	28	106	30	102	33	99	37	97	42	96	48	96	55	97	62	99	69	102	75	106	80	110	84	114	87	117	89	119	90	120	90	120	
65:
75	0.409	176	65	175	66	173	68	170	71	166	75	161	79	155	83	148	86	140	88	131	89	121	89	110	88	99	86	89	83	79	79	70	74	61	68	53	61	45	53	38	44	32	36	27	29	23	23	20	18	18	14	15	11	11	9	6	8	0	8	-5	9	-9	11	-12	14	-14	18	-15	23	-15	29	-14	36	-12	44	-9	53	-6	62	-2	72	3	83	9	94	16	104	24	114	32	124	39	133	46	141	54	148	63	154	73	159	84	163	95	166	106	168	116	169	125	169	133	168	140	166	146	163	151	159	155	154	158	148	161	141	164	133	167	124	169	116	171	107	172	99	172	92	172	86	172	80	172	75	172	71	173	68	175	66	176	65	176	65	
66:
77	3.204	58	160	57	161	55	162	52	162	48	162	45	161	42	159	40	156	39	153	39	149	40	144	42	139	45	135	49	132	54	130	60	129	67	129	75	130	84	132	94	134	105	137	116	141	126	146	135	152	143	158	150	163	156	167	161	170	165	172	168	173	170	173	171	172	171	170	172	167	173	163	173	158	172	152	170	145	167	137	164	128	162	118	160	107	159	95	159	84	158	74	158	65	157	57	155	50	152	44	150	39	147	35	144	32	140	30	137	29	135	29	134	30	134	32	135	35	135	39	134	44	132	50	129	57	125	65	120	74	114	84	107	94	99	105	91	115	84	124	78	132	73	139	68	145	64	150	61	154	59	157	58	159	58	160	58	160	
67:
52	0.639	62	179	63	178	65	177	68	176	72	174	77	171	83	168	90	166	98	163	105	160	111	156	116	151	120	145	123	138	125	130	126	121	126	111	127	102	129	93	131	85	134	78	138	72	143	67	149	63	154	60	158	58	161	57	165	57	168	58	170	60	171	63	171	66	170	70	168	75	165	81	161	87	156	92	150	97	143	103	135	110	126	117	116	125	107	134	98	143	90	151	83	158	77	164	72	169	68	173	65	176	63	178	62	179	62	179	
68:
62	0.635	162	17	161	16	159	16	156	15	152	13	147	12	141	10	134	9	126	8	117	6	107	5	96	4	85	4	74	5	64	7	55	10	47	14	40	19	34	25	29	32	25	40	22	49	20	57	19	66	19	76	20	86	22	96	24	106	25	115	27	124	30	132	34	139	39	145	44	150	50	154	57	157	65	159	72	160	78	160	83	159	87	157	90	154	92	150	93	145	93	139	93	132	94	124	96	115	99	105	103	94	108	83	113	72	119	62	126	53	134	45	141	38	147	32	152	27	156	23	159	20	161	18	162	17	162	17	
69:
64	0.929	127	112	128	113	130	115	133	117	137	118	142	119	148	119	155	119	161	119	166	118	170	117	173	115	175	112	176	108	176	103	175	97	173	90	170	82	166	73	161	63	155	54	148	46	140	39	131	33	121	28	110	24	98	21	86	19	74	18	63	18	53	19	44	21	36	24	29	28	23	33	18	39	14	46	11	54	9	63	8	72	8	82	8	93	9	103	11	112	13	120	16	127	20	133	25	138	31	142	38	145	45	147	53	148	62	148	72	147	82	145	91	142	99	138	106	133	112	127	117	122	121	118	124	115	126	113	127	112	127	112	
70:
75	0.987	135	31	134	32	132	34	129	37	125	41	120	46	115	52	111	59	108	67	106	76	105	86	105	97	104	108	103	119	103	129	104	138	106	146	109	153	113	159	118	164	123	168	129	171	135	173	140	174	144	174	147	173	149	171	150	168	150	164	149	160	147	156	144	153	140	151	135	150	129	150	122	151	114	153	105	156	95	160	84	163	72	165	61	166	51	166	42	165	34	163	27	160	21	156	16	151	12	145	9	140	7	135	6	129	6	122	7	114	9	107	12	101	16	96	21	91	27	86	34	82	42	78	51	73	61	68	70	64	80	61	90	57	99	54	107	51	114	48	120	45	125	41	129	37	132	34	134	32	135	31	135	31	
71:
58	0.085	125	149	126	148	128	146	131	144	135	141	139	137	144	132	150	126	155	119	159	111	162	102	164	92	165	83	165	75	164	67	162	60	159	54	155	49	150	45	144	42	137	40	129	39	120	39	110	40	99	40	87	39	76	38	66	37	57	37	49	37	42	38	36	40	31	41	27	41	24	41	22	41	21	42	21	44	22	47	24	51	27	56	31	61	35	67	40	74	46	80	53	86	61	92	70	98	80	105	89	113	97	121	104	128	110	134	115	139	119	143	122	146	124	148	125	149	125	149	
72:
60	2.426	112	177	111	178	109	179	106	181	102	183	97	184	91	184	84	183	76	181	67	179	57	176	48	173	40	169	33	164	27	158	22	151	18	143	15	135	13	126	11	116	10	105	10	93	11	81	13	70	16	60	20	51	24	43	27	36	29	30	32	25	36	21	41	18	47	16	54	15	62	15	71	16	79	18	86	21	92	25	97	30	101	36	104	43	106	51	107	60	108	69	109	79	111	89	113	100	116	111	119	122	121	132	122	141	122	149	121	156	119	162	116	167	114	171	113	174	112	176	112	177	112	177	
73:
74	0.124	28	48	28	47	28	45	29	42	30	39	32	37	33	34	33	32	33	31	34	31	34	32	35	34	37	37	40	41	44	46	49	52	55	59	62	67	70	74	78	80	87	85	95	89	104	92	113	94	123	95	132	95	140	94	147	92	153	89	158	85	162	80	165	75	167	71	168	67	168	64	168	62	169	61	171	61	172	62	173	64	175	67	177	71	178	75	178	80	177	86	175	93	172	101	168	109	163	116	157	122	150	127	142	131	133	134	123	136	112	137	101	137	91	136	82	134	74	131	67	127	61	122	55	116	50	109	46	101	43	93	39	84	35	76	32	69	29	63	27	58	26	54	26	51	27	49	28	48	28	48	
74:
62	3.753	150	144	149	143	147	142	144	141	140	139	135	136	129	132	122	128	114	125	107	123	99	121	91	120	84	120	78	121	73	123	69	124	66	124	64	123	63	121	63	118	63	114	64	109	66	103	69	96	73	88	78	79	84	69	90	59	95	49	99	40	104	32	108	25	111	19	113	14	114	10	114	7	113	5	111	4	108	4	105	5	103	7	102	10	102	14	103	19	105	25	108	32	112	40	116	49	121	59	125	68	128	78	130	89	131	99	131	108	132	116	134	123	137	129	140	134	144	138	147	141	149	143	150	144	150	144	
75:
63	1.387	75	70	74	71	74	73	75	76	77	80	79	84	81	87	82	89	82	91	81	92	81	92	82	91	84	89	87	86	91	82	96	78	101	74	105	71	108	69	110	68	112	68	113	69	113	71	112	74	110	78	107	83	103	89	98	96	92	104	85	113	77	121	70	128	63	135	56	142	50	148	43	153	35	157	27	160	20	162	14	163	9	163	5	162	2	160	0	157	-1	153	-1	148	0	144	2	139	5	133	9	126	14	120	20	114	27	109	33	103	40	98	47	92	54	87	60	83	65	79	69	76	72	73	74	71	75	70	75	70	
76:
65	0.86	17	111	18	110	20	108	23	105	27	101	30	96	34	90	38	84	43	77	49	69	56	61	64	54	73	48	83	43	94	39	104	35	114	32	123	30	131	29	138	29	144	30	149	32	153	35	156	39	158	44	159	50	159	57	158	65	157	72	157	78	158	84	160	89	163	94	166	99	170	103	174	106	177	108	179	110	180	111	180	112	179	113	177	115	174	117	170	119	165	120	159	120	152	119	144	117	135	114	126	112	116	110	106	109	95	109	83	108	72	108	62	109	53	111	45	113	38	114	32	114	27	115	23	115	20	114	18	112	17	111	17	111	
77:
69	0.775	84	86	85	85	87	83	90	80	94	77	98	73	103	68	107	62	110	55	112	47	113	39	113	31	112	24	110	18	107	13	103	9	98	6	92	3	85	1	77	0	70	0	64	1	59	3	54	6	50	10	47	15	45	21	44	28	44	36	45	45	47	54	50	64	54	75	59	87	65	99	71	110	78	120	86	129	95	137	105	144	114	150	122	155	129	159	135	162	142	164	148	165	153	165	157	164	160	162	162	159	163	155	163	150	162	145	160	141	157	136	153	130	148	123	142	117	135	112	127	108	120	105	112	102	105	99	99	96	94	93	90	90	87	88	85	87	84	86	84	86	
78:
59	0.138	103	84	104	85	106	87	109	89	113	92	118	96	122	100	126	104	129	107	131	109	132	110	132	112	131	114	129	115	126	115	122	114	117	112	111	109	104	105	98	100	92	95	87	91	83	88	80	84	78	79	77	73	77	66	78	58	80	50	83	43	87	36	92	30	98	25	105	21	112	18	120	16	128	15	135	15	141	15	146	15	150	15	153	16	155	18	156	20	156	23	155	27	153	31	150	36	146	42	141	49	135	56	128	62	122	67	117	72	113	76	109	79	106	81	104	83	103	84	103	84	
79:
61	0.411	179	61	178	62	176	63	173	65	169	68	165	71	161	75	158	80	156	84	153	88	150	91	146	93	143	94	139	94	134	93	128	91	121	88	113	84	104	79	94	75	85	72	77	70	68	67	59	63	49	59	40	55	32	50	25	44	19	37	14	29	10	22	7	16	5	11	4	7	4	3	5	0	7	-2	10	-3	14	-3	19	-2	25	0	32	1	40	1	49	2	59	4	69	7	80	10	92	13	104	17	115	20	125	24	134	27	143	31	151	35	158	40	164	46	169	51	173	55	176	58	178	60	179	61	179	61	
80:
53	0.143	166	97	165	96	163	96	160	96	156	95	151	93	145	91	138	90	130	90	121	91	111	91	100	91	88	91	77	91	66	90	56	89	47	87	38	85	30	82	23	80	17	77	12	73	8	68	5	62	3	55	2	47	2	39	3	32	5	26	8	21	12	17	17	14	23	12	30	11	38	11	47	12	55	14	64	17	74	21	85	26	97	32	108	39	118	47	127	56	135	64	142	71	148	77	153	82	157	87	160	91	163	94	165	96	166	97	166	97	
81:
69	0.452	27	117	28	116	30	115	33	113	37	112	41	111	46	109	52	106	59	104	67	103	76	103	85	104	95	106	106	109	116	113	126	118	135	124	143	131	151	138	158	144	164	149	169	153	173	156	177	158	180	159	182	159	183	158	183	156	182	153	180	149	177	144	173	138	168	131	162	123	155	114	147	104	138	93	128	83	117	72	107	62	96	53	84	45	71	38	59	32	48	27	38	23	29	20	21	18	13	17	6	17	0	18	-5	20	-9	23	-12	27	-14	32	-15	38	-15	45	-14	53	-12	62	-9	72	-5	81	0	89	6	96	12	102	17	107	21	111	24	114	26	116	27	117	27	117	
82:
56	0.065	56	13	55	14	53	16	51	19	48	23	44	28	39	34	33	40	28	47	22	53	17	58	13	64	10	71	8	78	7	84	7	90	8	96	10	102	13	108	17	114	22	120	28	125	35	129	43	132	52	134	61	135	71	135	82	135	92	134	101	132	109	131	116	131	122	130	127	128	131	125	134	121	136	116	137	110	137	103	136	95	134	86	131	76	127	66	122	57	116	49	109	41	101	34	92	28	84	23	77	19	71	16	66	14	62	13	59	13	57	13	56	13	56	13	
83:
75	15.053	179	72	179	71	179	69	178	66	176	62	174	57	171	53	168	50	166	48	165	47	164	47	163	48	161	50	158	53	154	57	150	62	147	68	145	73	144	77	144	80	145	82	147	84	150	85	153	85	157	84	160	82	164	79	167	75	169	70	170	64	170	57	169	49	167	40	164	32	160	25	155	19	149	14	142	10	134	7	125	5	115	4	105	4	96	5	87	7	79	10	72	14	66	19	61	25	57	32	54	39	52	47	51	56	51	65	52	73	54	80	57	86	61	91	66	95	72	98	79	100	86	101	94	101	103	100	113	98	124	95	134	91	143	88	151	85	158	81	164	78	169	75	173	73	176	72	178	72	179	72	179	72	
84:
75	29.629	28	111	28	110	27	108	26	105	24	101	22	96	19	90	15	83	12	75	9	66	7	57	6	48	6	40	5	33	3	27	2	22	1	18	1	15	0	13	0	12	1	12	3	13	6	15	8	18	11	22	15	27	20	33	25	40	31	48	37	57	43	67	50	77	57	88	65	100	73	111	81	122	88	132	96	141	105	149	113	156	121	162	130	167	138	171	145	174	151	176	157	177	162	177	166	176	169	174	171	171	172	167	172	162	171	156	169	149	166	141	162	133	157	125	151	118	144	111	136	105	127	100	117	96	106	93	94	91	83	90	73	90	64	91	56	92	49	94	43	97	38	101	34	105	31	108	29	110	28	111	28	111	
85:
72	0.111	4	173	5	172	7	171	10	169	14	166	19	162	25	157	32	153	40	150	49	147	58	144	67	142	75	139	82	136	88	133	93	130	97	126	100	121	102	115	103	108	103	100	102	92	100	84	97	77	93	70	89	64	86	58	84	51	83	45	83	39	84	32	86	25	89	18	93	12	98	6	104	1	111	-3	118	-7	126	-10	133	-12	139	-13	144	-13	148	-12	152	-10	155	-7	157	-3	158	1	158	6	157	10	155	15	152	21	148	27	143	34	137	42	130	51	122	61	113	72	103	84	92	96	80	107	69	117	59	126	49	135	40	143	32	150	25	156	19	161	14	165	10	168	7	170	5	172	4	173	4	173	
86:
80	0.321	132	22	131	21	129	20	126	19	122	19	117	19	111	19	104	18	96	16	88	13	80	10	73	8	67	7	62	7	58	8	55	10	53	13	52	17	52	22	53	28	55	35	58	41	61	48	65	56	70	64	76	72	83	80	91	89	98	99	104	108	109	116	113	124	116	133	118	142	119	152	119	161	118	169	116	176	113	182	109	187	104	192	98	196	92	199	85	201	77	202	68	202	58	201	48	199	39	196	31	192	24	188	18	185	13	182	9	178	6	175	4	171	3	166	3	160	4	155	6	149	9	142	13	134	18	125	24	116	31	107	39	97	47	88	56	79	66	71	77	64	87	57	96	50	104	43	111	37	117	32	122	28	126	25	129	23	131	22	132	22	132	22	
87:
59	5.563	96	157	96	156	95	154	94	151	93	147	93	143	94	138	94	132	94	125	94	117	94	108	93	98	92	87	92	77	92	68	92	60	93	52	93	45	92	39	91	34	91	30	92	27	94	25	97	24	100	24	103	25	107	27	112	30	117	33	121	37	126	42	132	48	139	55	147	61	154	66	160	70	165	73	169	75	172	77	174	80	175	82	175	85	174	88	172	92	169	97	165	103	160	110	154	117	147	123	139	128	132	134	124	139	117	143	111	146	106	150	102	153	99	155	97	156	96	157	96	157	
88:
68	3.419	65	3	66	4	67	6	68	9	69	13	69	18	69	24	69	31	68	39	66	48	63	57	59	67	55	78	51	88	46	97	42	105	39	112	35	119	31	125	28	130	26	136	25	141	25	145	26	148	28	151	31	153	35	154	40	154	45	154	51	153	58	151	66	148	75	144	85	140	96	136	108	133	119	131	129	130	138	130	146	131	153	132	159	132	164	131	168	129	171	126	173	122	174	117	174	111	173	104	171	96	168	89	164	81	159	72	153	62	146	52	138	43	129	35	119	28	110	22	101	16	93	11	86	7	80	4	75	2	71	1	68	1	66	2	65	3	65	3	
89:
59	1.83	72	33	71	32	69	30	66	29	62	27	57	26	51	26	44	27	38	29	33	32	28	36	24	41	21	47	19	54	16	62	14	69	13	77	13	86	14	96	16	105	19	113	23	120	28	126	33	131	39	135	46	138	54	140	63	141	73	141	83	140	94	138	104	135	113	131	121	127	128	123	134	120	139	117	143	113	146	108	148	103	149	98	149	92	148	85	146	79	143	74	139	69	134	64	128	58	121	52	113	46	106	41	100	37	93	34	87	32	82	31	78	31	75	31	73	32	72	33	72	33	
90:
72	4.82	175	152	175	151	176	149	178	146	179	142	179	139	178	136	176	134	173	132	169	131	164	131	158	132	152	134	145	137	137	141	128	146	118	152	107	157	97	161	88	164	80	166	72	167	65	167	59	166	54	164	50	161	47	157	45	152	44	146	44	139	44	131	44	122	45	112	45	101	44	91	42	82	40	74	37	67	33	61	28	56	24	52	19	49	15	46	12	44	10	43	9	42	9	41	10	40	12	40	15	41	19	43	24	46	30	50	37	55	45	61	54	68	64	76	74	85	85	94	97	103	109	111	120	118	130	124	139	131	147	137	154	142	160	146	165	149	169	151	172	152	174	152	175	152	175	152	
91:
67	1.119	178	88	177	89	175	91	172	94	168	98	163	103	157	109	150	115	142	122	133	130	123	139	112	147	102	155	91	162	79	168	68	173	58	177	49	180	41	182	34	183	27	183	21	182	16	180	12	177	8	173	5	168	3	162	2	155	2	147	3	140	5	132	7	123	10	113	13	102	15	90	16	77	16	65	15	54	14	44	14	35	15	27	17	20	20	14	24	9	29	5	35	2	42	0	49	-1	56	-1	64	0	73	2	83	5	94	9	105	14	115	20	124	27	132	35	141	44	149	52	156	60	162	67	167	73	171	78	174	82	176	85	177	87	178	88	178	88	
92:
63	0.527	138	25	137	24	135	23	132	21	128	19	123	17	117	15	110	13	102	11	93	9	83	8	72	8	62	9	53	9	45	9	38	9	32	10	27	12	23	15	20	18	17	22	15	27	13	33	12	40	12	48	13	57	15	67	18	77	22	87	27	98	33	108	40	117	48	125	57	132	67	138	78	143	89	147	101	150	113	152	124	153	134	153	143	152	151	150	158	147	164	143	169	138	173	132	176	125	178	117	179	108	179	98	178	87	176	77	173	68	169	60	164	53	158	46	153	40	148	35	144	31	141	28	139	26	138	25	138	25	
93:
72	1.698	45	73	44	72	44	70	45	67	47	63	48	58	48	52	47	46	45	41	42	37	39	34	35	32	30	31	24	31	17	32	9	34	2	37	-5	41	-11	46	-16	52	-20	59	-23	66	-25	74	-26	83	-26	93	-25	102	-23	110	-20	117	-16	123	-11	128	-5	132	2	135	10	137	19	138	29	138	40	137	52	135	64	132	77	128	89	123	100	117	110	110	119	104	127	99	134	95	140	92	145	90	149	89	152	89	154	90	155	92	155	95	154	99	152	103	149	107	145	110	140	112	134	114	127	115	119	115	110	114	100	112	90	109	81	105	73	100	66	94	60	88	55	83	51	79	48	76	46	74	45	73	45	73	
94:
69	10.294	79	126	79	127	79	129	80	132	82	136	84	140	87	145	91	151	96	157	102	163	109	168	117	172	126	175	136	177	146	178	156	178	165	177	173	175	180	172	186	168	191	163	195	157	198	150	200	142	201	133	201	123	200	112	198	100	195	88	191	77	186	67	181	58	176	50	170	43	163	37	155	32	146	28	136	25	125	23	113	22	101	22	90	23	80	24	70	26	61	28	53	29	46	29	40	28	35	27	31	27	28	28	26	30	24	33	23	37	23	42	24	48	26	55	29	63	33	72	38	81	44	90	51	98	58	105	64	111	69	116	73	120	76	123	78	125	79	126	79	126	
95:
68	0.045	94	43	93	44	91	46	88	48	84	49	79	49	74	48	70	46	65	43	59	39	53	34	48	28	44	21	40	15	37	10	35	6	34	3	34	1	35	0	37	0	38	1	39	3	41	6	43	10	46	15	48	21	49	28	51	36	54	45	57	55	61	66	65	78	68	90	70	102	71	113	71	123	70	132	68	140	65	147	61	153	56	158	50	162	43	165	37	167	32	168	28	168	25	167	23	165	22	162	21	158	21	153	22	147	24	140	27	132	31	123	36	114	41	104	47	95	53	86	59	78	66	71	73	64	79	58	84	53	88	49	91	46	93	44	94	43	94	43	
96:
54	3.692	36	116	35	116	33	115	30	114	27	112	25	109	24	105	24	100	25	94	26	89	28	85	31	82	35	79	39	77	42	76	44	76	45	77	45	79	44	82	43	86	41	91	40	97	40	104	41	112	43	121	45	130	48	138	52	145	57	151	62	156	68	160	75	163	81	165	86	166	90	166	93	165	95	163	96	160	96	157	95	154	93	150	90	145	86	140	81	134	75	128	68	123	62	119	57	116	51	114	46	113	42	113	39	114	37	115	36	116	36	116	
97:
61	12.398	56	116	55	117	53	118	50	118	46	118	41	117	35	115	30	112	26	108	23	103	21	97	20	90	20	83	21	75	23	67	26	59	30	52	35	46	41	40	48	35	56	31	65	28	74	26	83	25	91	25	98	26	104	28	110	31	115	35	119	40	122	46	124	53	126	61	129	70	133	79	137	87	142	94	146	100	149	105	151	110	152	115	152	120	151	125	149	130	146	135	142	139	137	142	131	144	125	145	118	145	110	144	101	142	92	139	84	136	77	132	71	129	66	125	62	122	59	119	57	117	56	116	56	116	
98:
62	0.913	19	12	20	11	22	10	25	10	29	10	33	11	38	13	43	16	47	20	50	25	52	31	53	38	53	46	52	55	50	65	49	76	49	87	50	99	52	110	54	120	57	129	61	137	66	145	72	154	79	162	87	169	96	175	106	180	115	184	123	187	130	189	136	190	141	190	145	189	149	187	152	184	154	180	155	176	155	171	154	165	152	158	149	150	145	141	140	133	134	125	127	116	119	106	111	95	102	85	92	76	82	68	73	59	64	51	55	43	47	36	40	30	34	25	29	21	25	18	22	15	20	13	19	12	19	12	
99:
71	23.847	21	63	22	62	24	60	27	57	31	53	34	48	36	43	37	37	38	32	38	28	37	24	35	21	32	19	28	18	23	18	19	19	16	21	13	24	11	28	10	33	10	39	9	46	9	54	8	63	8	73	9	84	11	94	14	104	18	113	23	121	29	128	36	134	44	139	53	143	63	146	74	148	86	149	97	149	107	149	116	150	124	150	131	149	137	147	142	144	146	140	149	135	151	129	152	122	152	114	151	107	149	100	146	94	142	89	137	85	131	82	124	80	116	79	107	79	97	80	87	82	76	83	66	83	57	83	49	82	42	80	36	77	31	73	27	69	24	66	22	64	21	63	21	63	