0:
20	0.012	9	5	10	6	10	7	9	8	8	8	7	7	7	6	6	4	6	3	5	3	4	4	3	5	1	5	0	4	0	2	1	1	3	1	6	2	8	4	9	5	9	5	
1:
16	0.011	5	0	6	0	8	1	9	3	9	6	8	8	7	9	5	9	2	9	0	9	-1	9	-1	8	0	6	2	3	4	1	5	0	5	0	
2:
16	0.008	1	3	2	2	3	1	3	1	2	2	1	4	1	6	2	8	4	9	6	9	7	8	7	6	6	4	4	3	2	3	1	3	1	3	
3:
20	0.019	0	2	-1	3	-1	4	-1	6	0	7	0	7	1	6	3	5	4	4	6	4	7	5	8	5	8	6	8	7	8	8	7	8	5	7	3	5	1	3	0	2	0	2	
4:
18	0.011	5	9	5	8	5	6	4	5	2	5	0	5	-1	4	-1	2	0	0	2	-1	5	-1	7	-1	8	0	9	1	9	3	8	6	6	8	5	9	5	9	
5:
17	0.008	1	4	1	3	2	3	2	4	3	5	4	5	6	4	8	4	9	5	9	6	8	8	7	9	5	9	3	8	2	7	1	5	1	4	1	4	
6:
20	0.011	3	3	2	2	2	1	1	1	0	2	0	2	1	2	3	2	5	1	6	0	7	0	7	1	8	2	8	4	7	6	5	7	3	7	2	6	2	4	3	3	3	3	
7:
17	0.01	4	5	3	6	1	6	0	7	0	8	1	9	1	9	0	8	0	6	0	3	0	1	1	0	3	0	4	1	4	2	4	4	4	5	4	5	
8:
18	0.014	4	1	3	1	1	1	0	0	0	0	1	1	1	3	0	6	0	8	1	9	3	9	5	8	7	6	8	3	8	1	7	0	5	0	4	1	4	1	
9:
18	0.012	6	7	7	6	7	5	8	5	8	4	7	4	5	5	3	5	1	5	0	4	0	2	1	1	3	1	4	1	4	2	4	4	5	6	6	7	6	7	
10:
13	0.009	6	2	6	3	7	3	7	2	6	2	4	3	2	3	1	4	1	5	2	5	3	4	5	3	6	2	6	2	
11:
20	0.01	4	5	4	6	4	7	5	7	7	6	9	4	10	3	10	1	9	0	8	0	6	1	4	2	2	3	1	3	0	2	0	1	0	1	1	2	3	4	4	5	4	5	
12:
18	0.03	5	8	6	9	7	9	8	8	9	6	9	4	8	3	6	3	4	3	3	2	3	0	4	-1	4	-1	4	0	3	2	3	5	4	7	5	8	5	8	
13:
20	0.013	5	7	6	8	8	8	9	8	10	7	11	5	11	3	11	2	10	1	8	1	5	2	3	2	2	1	2	0	1	0	1	1	1	2	2	4	4	6	5	7	5	7	
14:
15	0.01	9	7	8	8	7	8	5	8	4	7	2	5	1	3	0	2	0	2	1	1	3	1	5	2	6	4	8	6	9	7	9	7	
15:
22	0.008	8	1	9	1	9	1	8	1	6	0	4	-1	2	-1	1	0	1	2	2	3	4	3	5	4	5	5	4	5	2	5	1	6	1	7	2	7	3	6	5	4	7	2	8	1	8	1	
16:
15	0.011	0	1	1	2	2	4	2	5	3	5	5	6	6	6	8	5	9	4	9	2	8	1	6	1	3	1	1	1	0	1	0	1	
17:
17	0.008	7	3	7	4	7	5	6	6	4	6	3	5	1	4	0	4	0	5	1	6	3	8	4	9	6	9	7	8	7	6	7	4	7	3	7	3	
18:
14	0.007	6	0	5	0	4	0	4	1	5	2	5	4	4	5	2	5	1	4	1	2	2	0	3	-1	5	-1	6	0	6	0	
19:
17	0.007	0	3	1	3	2	3	3	4	3	6	2	7	2	7	3	7	5	7	7	7	8	8	8	8	7	7	5	6	3	4	1	3	0	3	0	3	
20:
16	0.011	5	6	4	7	3	8	1	8	0	7	0	6	1	6	3	7	6	8	8	8	9	8	9	9	8	9	6	8	5	7	5	6	5	6	
21:
15	0.009	7	5	8	4	8	4	7	3	6	3	5	4	4	4	4	3	3	1	2	0	2	0	3	1	4	2	6	4	7	5	7	5	
22:
20	0.008	6	9	6	8	6	6	7	5	7	3	8	2	10	2	11	3	11	5	10	7	9	9	7	10	4	10	2	9	1	7	1	6	2	6	3	7	5	8	6	9	6	9	
23:
18	0.012	0	7	1	7	1	8	0	8	0	8	1	8	3	7	5	7	7	6	9	4	10	2	10	1	9	1	7	1	4	2	2	4	1	6	0	7	0	7	
24:
19	0.018	3	1	2	2	1	2	0	1	0	0	1	0	3	0	6	1	8	3	9	5	9	6	8	8	7	9	5	9	3	8	2	6	2	4	2	2	3	1	3	1	
25:
18	0.007	2	3	3	3	3	4	2	4	1	3	0	2	0	1	1	0	3	0	6	1	8	3	9	5	9	6	8	6	6	5	5	5	3	4	2	3	2	3	
26:
15	0.01	9	1	9	2	9	4	8	5	7	6	5	7	4	7	2	6	1	4	1	2	2	1	4	0	6	0	8	0	9	1	9	1	
27:
20	0.008	3	7	4	7	4	8	3	8	2	7	2	5	3	3	5	1	6	0	8	0	9	1	9	2	8	3	6	4	4	6	2	8	1	9	1	9	2	8	3	7	3	7	
28:
15	0.007	2	7	3	7	5	7	7	8	8	8	8	7	8	5	7	3	7	2	7	1	6	1	5	2	4	4	3	6	2	7	2	7	
29:
18	0.008	4	4	5	4	5	3	4	3	2	3	1	4	0	6	0	9	1	11	3	12	6	12	8	11	9	9	9	7	8	5	6	4	5	4	4	4	4	4	
30:
21	0.025	6	3	5	2	5	1	6	0	8	0	9	1	9	1	8	1	6	0	3	0	1	1	0	3	0	6	1	8	2	9	4	9	6	9	7	8	7	6	6	4	6	3	6	3	
31:
19	0.045	6	7	6	6	7	5	8	4	9	2	9	1	8	1	6	2	4	2	3	1	2	1	2	0	1	0	0	1	0	3	1	4	3	6	5	7	6	7	6	7	
32:
16	0.009	1	5	0	5	-1	4	-1	3	0	1	1	0	3	0	6	1	8	3	9	6	9	8	8	9	6	9	4	8	2	6	1	5	1	5	
33:
20	0.015	8	4	9	5	9	6	8	7	7	7	7	6	7	4	6	3	4	3	3	4	3	6	2	8	2	9	1	9	1	8	2	8	4	8	5	7	7	5	8	4	8	4	
34:
20	0.035	8	1	7	1	5	1	3	1	1	1	0	2	0	3	1	4	2	5	4	6	5	6	5	7	5	9	6	10	7	10	9	9	10	7	10	4	9	2	8	1	8	1	
35:
16	0.014	2	3	1	2	1	2	1	3	2	5	3	6	4	6	5	5	7	5	8	5	8	4	8	2	7	1	5	1	3	2	2	3	2	3	
36:
22	0.008	0	7	1	7	3	6	4	4	4	3	3	3	2	2	1	1	0	1	0	2	1	4	3	6	6	7	8	7	9	6	9	4	9	3	8	3	6	3	3	4	1	6	0	7	0	7	
37:
15	0.01	9	5	9	6	8	8	6	10	5	11	3	11	1	10	0	8	0	5	0	3	1	2	3	2	6	3	8	4	9	5	9	5	
38:
16	0.007	0	3	0	4	0	6	1	7	2	7	2	8	2	9	1	9	1	8	1	6	2	4	3	2	3	1	2	1	1	2	0	3	0	3	
39:
10	0.005	6	7	7	8	8	8	8	7	8	5	8	4	7	4	6	5	6	6	6	7	6	7	
40:
17	0.015	5	1	6	1	8	1	9	1	9	2	9	3	8	4	6	4	5	5	4	7	4	8	5	8	5	7	4	5	4	3	4	2	5	1	5	1	
41:
14	0.005	0	1	0	0	1	0	1	1	1	3	2	6	4	8	5	9	5	9	5	8	4	6	2	4	1	2	0	1	0	1	
42:
18	0.007	8	0	9	0	9	0	8	1	6	3	5	4	4	4	3	3	3	3	3	4	4	6	5	7	6	7	6	6	6	4	6	2	7	1	8	0	8	0	
43:
17	0.026	9	0	9	1	9	3	9	5	8	6	6	6	4	5	3	3	3	1	3	0	2	0	2	-1	3	-1	5	0	6	0	8	0	9	0	9	0	
44:
14	0.006	3	7	3	6	4	6	5	6	5	7	4	8	2	8	1	7	1	5	1	4	2	4	2	5	2	6	3	7	3	7	
45:
16	0.007	4	1	3	1	2	1	1	2	1	4	2	6	4	8	5	9	7	9	8	8	9	6	9	3	8	1	6	0	5	0	4	1	4	1	
46:
18	0.013	5	9	4	9	4	8	5	8	6	8	6	7	5	7	4	7	2	6	1	4	1	2	2	1	4	1	6	2	7	4	7	6	6	8	5	9	5	9	
47:
18	0.01	7	3	8	4	8	6	7	7	5	8	3	9	1	9	0	9	0	8	1	6	1	4	0	2	0	1	1	1	3	2	4	2	6	2	7	3	7	3	
48:
17	0.008	5	8	6	9	7	9	7	8	7	6	8	5	8	3	7	1	5	0	2	0	0	0	-1	0	-1	1	0	3	2	5	4	7	5	8	5	8	
49:
20	0.01	1	0	2	0	3	1	4	3	4	4	3	5	1	5	0	6	0	8	1	9	3	9	6	8	8	8	9	9	9	9	8	8	6	6	4	3	2	1	1	0	1	0	
50:
16	0.007	7	8	7	7	7	5	8	3	8	1	7	0	5	0	3	1	1	1	0	0	0	0	1	1	2	3	4	5	6	7	7	8	7	8	
51:
15	0.008	5	3	6	3	6	3	5	3	3	4	1	5	0	5	0	6	1	8	2	9	3	9	4	8	4	6	4	4	5	3	5	3	
52:
16	0.009	2	9	1	8	1	6	2	3	2	1	3	0	5	0	6	1	8	2	9	2	9	2	8	3	6	4	5	6	3	8	2	9	2	9	
53:
20	0.055	9	7	10	6	10	4	9	3	8	2	6	2	3	3	1	3	0	2	0	1	1	1	2	1	2	2	2	3	2	5	3	7	4	8	6	8	8	7	9	7	9	7	
54:
23	0.008	9	6	9	5	8	3	6	2	5	2	5	3	4	5	3	6	2	6	0	5	-1	3	-1	1	0	0	2	0	3	1	3	3	2	6	2	8	3	9	5	9	6	8	8	7	9	6	9	6	
55:
15	0.009	2	7	1	6	1	4	2	3	4	1	6	0	8	0	9	1	9	3	9	5	8	6	6	7	4	7	3	7	2	7	2	7	
56:
22	0.011	2	0	3	-1	5	-1	7	-1	8	0	8	1	7	3	5	4	3	6	1	7	0	8	0	9	1	9	3	10	5	10	7	9	8	9	8	8	7	6	5	3	3	1	2	0	2	0	
57:
15	0.008	9	2	8	2	8	1	8	0	7	0	6	1	6	2	6	4	7	6	8	7	9	7	9	6	8	4	8	3	9	2	9	2	
58:
20	0.01	1	8	2	7	3	7	5	7	6	8	6	9	5	9	3	8	2	6	2	3	2	1	3	0	4	0	6	1	7	1	7	2	6	3	4	5	2	7	1	8	1	8	
59:
19	0.029	0	6	1	7	3	8	4	8	4	7	5	5	6	3	6	1	7	0	8	0	8	1	7	1	5	1	2	0	0	0	-1	1	-1	3	-1	5	0	6	0	6	
60:
15	0.011	9	9	8	8	6	6	5	5	5	4	6	3	7	3	7	2	7	1	6	1	6	2	7	4	8	6	9	8	9	9	9	9	
61:
18	0.009	3	5	2	6	1	6	0	5	-1	3	-1	1	0	0	1	0	2	1	3	2	5	2	6	1	6	0	5	0	3	1	2	2	2	4	3	5	3	5	
62:
19	0.015	4	3	4	2	3	1	1	1	0	2	0	4	0	5	0	7	1	8	2	8	2	7	3	5	5	3	7	1	8	0	8	0	7	1	5	2	4	3	4	3	
63:
20	0.01	8	9	7	8	6	6	6	5	5	4	4	4	4	5	5	5	6	4	7	2	7	0	6	-1	4	-1	3	-1	2	0	2	2	3	4	5	6	7	8	8	9	8	9	
64:
15	0.006	9	3	9	2	9	1	8	1	6	2	4	4	2	5	1	6	1	8	2	9	4	9	6	8	7	6	8	4	9	3	9	3	
65:
17	0.013	8	0	7	1	7	2	8	4	8	6	8	8	7	9	5	9	2	8	0	7	-1	5	-1	3	0	1	2	0	5	-1	7	-1	8	0	8	0	
66:
19	0.022	6	3	6	2	6	1	5	1	3	1	1	1	0	0	0	-1	1	-1	3	-1	6	0	9	2	11	4	12	6	12	7	11	7	9	6	7	4	6	3	6	3	
67:
17	0.016	2	0	1	1	1	3	0	5	0	7	1	8	3	8	5	7	6	5	6	4	7	4	8	4	8	3	7	2	5	2	3	1	2	0	2	0	
68:
21	0.014	4	7	3	8	3	9	2	9	2	10	3	11	5	11	6	11	7	10	7	8	6	6	4	4	3	1	3	-1	4	-2	6	-2	7	-1	7	1	6	4	5	6	4	7	4	7	
69:
19	0.014	9	4	8	4	6	4	4	4	3	3	3	2	4	1	5	1	7	1	9	1	10	2	11	4	11	5	10	7	8	8	7	8	7	7	8	5	9	4	9	4	
70:
15	0.016	1	3	2	2	3	1	5	1	6	1	7	2	8	4	8	6	7	7	5	7	3	7	1	7	0	6	0	4	1	3	1	3	
71:
17	0.021	5	9	4	8	3	7	3	6	4	6	6	7	8	7	9	6	9	4	9	3	8	2	6	2	4	3	3	4	3	6	4	8	5	9	5	9	
72:
16	0.008	6	4	6	3	6	1	7	0	8	0	9	1	9	3	8	6	7	8	6	9	4	9	3	8	3	6	4	5	5	4	6	4	6	4	
73:
22	0.015	9	4	8	4	7	3	5	3	3	2	2	1	2	0	3	0	5	1	6	3	6	5	6	7	5	9	3	10	1	10	0	9	0	7	1	6	3	6	6	5	8	5	9	4	9	4	
74:
21	0.008	3	5	4	5	5	6	7	8	8	9	8	9	7	8	6	6	6	3	7	1	9	0	10	-2	10	-4	9	-5	7	-5	4	-4	2	-3	1	-1	1	2	2	4	3	5	3	5	
75:
18	0.012	7	8	6	9	6	9	7	9	8	9	9	8	9	7	9	5	8	3	6	1	4	0	3	0	2	1	2	3	3	5	4	6	6	7	7	8	7	8	
76:
18	0.015	8	0	9	0	9	1	8	1	6	2	4	2	2	3	1	5	0	8	0	10	1	11	3	11	5	10	7	8	8	5	8	3	8	1	8	0	8	0	
77:
21	0.012	2	7	2	8	3	9	4	9	5	9	5	8	4	8	2	8	1	9	0	9	0	8	1	6	3	5	5	4	7	4	8	3	8	3	7	4	5	5	3	6	2	7	2	7	
78:
20	0.009	3	8	3	7	3	5	3	3	4	2	4	1	3	0	1	-1	0	-1	0	0	1	2	3	3	6	4	8	4	9	5	9	6	8	8	6	9	4	9	3	8	3	8	
79:
20	0.008	1	1	2	1	4	2	5	2	6	3	6	4	5	5	4	5	3	6	3	7	4	7	6	6	8	4	9	2	9	1	8	0	6	-1	4	-1	2	0	1	1	1	1	
80:
17	0.007	5	1	5	2	5	3	6	3	8	3	9	3	9	2	8	1	6	1	3	1	1	2	0	3	0	4	1	4	2	3	4	2	5	1	5	1	
81:
19	0.01	7	7	8	6	8	5	7	3	6	2	5	1	3	1	1	2	0	3	0	5	1	6	1	8	0	9	0	9	1	8	2	8	4	7	6	7	7	7	7	7	
82:
17	0.008	7	6	8	7	9	9	9	10	8	11	7	11	6	10	4	8	3	5	3	3	4	1	6	0	8	0	9	1	9	3	8	5	7	6	7	6	
83:
17	0.012	1	2	2	3	2	5	2	7	2	8	3	8	4	7	5	5	6	3	8	1	9	-1	9	-2	8	-2	6	-2	4	-1	2	1	1	2	1	2	
84:
20	0.009	3	5	4	5	5	5	6	4	6	2	5	1	3	1	2	0	1	0	1	1	2	1	4	1	6	0	7	-1	8	-1	8	0	7	2	5	3	4	4	3	5	3	5	
85:
17	0.008	0	6	1	5	2	4	2	2	2	0	1	-1	0	-1	0	0	1	2	2	4	4	7	5	9	5	10	4	10	3	9	1	7	0	6	0	6	
86:
16	0.017	2	4	3	5	4	6	5	6	5	5	6	3	8	2	9	2	9	3	8	4	6	4	4	3	2	2	1	2	1	3	2	4	2	4	
87:
22	0.009	0	9	0	10	1	10	2	9	2	7	3	6	4	6	4	7	5	8	6	9	7	9	9	8	10	6	10	4	9	2	7	1	6	1	6	2	5	4	3	6	1	8	0	9	0	9	
88:
14	0.007	8	6	7	7	5	7	4	7	4	6	4	4	5	2	5	1	5	0	6	0	6	1	6	3	7	5	8	6	8	6	
89:
16	0.011	2	6	2	5	1	3	1	2	2	2	4	2	5	2	5	1	6	0	7	0	8	1	8	3	7	5	5	6	3	6	2	6	2	6	
90:
16	0.009	6	4	7	4	7	4	6	4	4	4	3	5	3	7	3	8	4	9	6	9	8	8	9	6	9	4	8	3	7	3	6	4	6	4	
91:
22	0.033	4	1	3	2	3	4	4	5	6	5	7	4	9	3	10	1	10	0	9	0	8	1	8	3	8	6	7	8	6	9	4	9	2	9	1	8	1	6	2	4	3	2	4	1	4	1	
92:
17	0.009	5	4	6	3	7	3	7	4	6	6	6	8	6	9	5	9	4	8	2	6	1	4	1	2	1	1	1	1	2	2	4	3	5	4	5	4	
93:
15	0.007	9	6	8	7	6	8	4	9	3	9	3	8	3	6	4	3	5	1	7	0	9	0	10	1	10	3	9	5	9	6	9	6	
94:
17	0.009	6	7	5	6	4	6	3	7	3	8	4	9	4	9	3	8	3	6	4	4	6	2	7	1	8	1	8	2	7	4	6	6	6	7	6	7	
95:
20	0.015	6	5	7	6	7	7	6	7	4	7	2	7	1	6	1	4	2	2	4	1	7	1	9	2	10	4	10	6	9	8	8	9	6	9	5	8	5	6	6	5	6	5	
96:
13	0.006	8	4	7	5	5	5	3	4	2	3	2	1	3	0	4	0	6	0	8	0	9	1	9	3	8	4	8	4	
97:
15	0.006	4	7	4	6	3	5	2	4	2	2	3	1	5	1	6	2	7	4	7	6	6	8	4	9	3	9	3	8	4	7	4	7	
98:
17	0.008	4	5	4	4	4	2	3	1	1	1	0	2	-1	4	-1	6	0	8	2	9	5	9	7	9	8	8	8	7	7	7	5	6	4	5	4	5	
99:
17	0.008	3	8	2	7	1	6	1	5	2	4	3	4	5	4	7	3	8	2	8	0	7	-1	5	-1	3	0	2	2	2	5	2	7	3	8	3	8	