0:
57	0.094	131	105	130	106	128	107	125	108	121	110	116	111	110	111	103	111	95	110	87	108	79	106	71	103	64	99	58	94	53	88	49	81	46	73	44	65	43	58	43	50	44	43	46	37	49	31	53	25	58	20	64	16	70	13	77	11	85	10	94	10	103	11	113	13	123	15	132	18	141	20	149	21	156	21	162	21	167	22	171	24	174	26	176	29	177	33	177	38	176	44	174	51	171	59	167	67	162	74	156	80	151	86	146	91	141	95	137	99	134	102	132	104	131	105	131	105	
1:
76	0.664	77	44	78	45	80	47	83	50	87	54	90	57	92	59	93	62	93	66	92	69	90	71	87	74	83	78	78	81	73	85	68	90	64	95	61	101	59	107	58	114	58	122	59	130	61	137	64	143	68	148	72	152	77	156	82	159	86	161	89	162	91	162	92	161	92	159	91	156	89	152	86	147	82	141	77	134	71	126	64	117	58	107	53	96	49	84	46	73	44	63	43	54	43	46	44	38	46	31	49	25	53	18	58	12	64	7	71	3	79	-1	87	-4	94	-6	100	-7	105	-7	109	-6	112	-4	114	-1	115	3	115	8	114	14	112	20	109	25	105	29	100	32	96	34	91	37	87	39	83	40	80	42	78	43	77	44	77	44	
2:
70	1.822	122	59	123	60	124	62	126	65	127	69	127	74	126	80	124	87	121	93	117	98	112	102	106	106	99	109	91	111	82	114	72	117	61	121	51	124	42	128	34	133	27	139	21	144	16	148	12	153	9	158	7	162	6	165	5	167	5	168	6	168	8	167	9	165	9	162	8	158	6	153	5	147	5	140	6	132	8	123	10	113	13	103	17	92	22	82	26	72	29	62	31	52	32	43	32	35	31	28	31	22	32	17	34	13	37	10	41	8	46	7	51	7	57	8	64	10	72	13	79	17	85	22	92	28	99	35	105	41	110	46	114	50	117	53	119	56	121	58	122	59	122	59	
3:
83	20.681	116	179	115	178	113	176	110	173	107	169	104	164	102	159	101	153	101	146	101	138	102	129	104	121	107	114	111	108	116	103	122	98	129	94	137	91	145	88	152	86	158	84	163	83	167	82	170	82	172	83	173	85	173	88	172	92	170	97	167	101	163	104	158	106	152	107	145	107	137	106	128	104	118	101	107	97	95	94	83	90	72	85	62	80	52	74	43	67	35	59	28	50	22	41	17	33	13	26	10	20	8	15	7	11	7	8	8	6	10	5	13	4	17	4	22	5	28	7	35	10	41	14	47	19	52	25	58	31	63	38	67	46	72	55	78	65	83	76	87	88	92	101	96	113	100	124	104	134	108	143	111	151	113	158	115	164	116	169	116	173	116	176	116	178	116	179	116	179	
4:
82	1.008	155	110	154	111	152	113	149	116	145	119	140	121	134	122	127	122	120	121	114	119	109	116	105	112	102	107	100	101	98	95	97	88	97	80	98	71	100	63	103	56	107	50	112	45	118	41	125	38	133	36	141	34	149	33	156	33	162	34	167	36	171	39	174	43	176	48	177	54	177	61	176	67	174	73	171	80	167	87	162	94	156	100	149	105	141	109	132	112	123	114	114	115	104	116	93	116	83	115	73	113	64	110	56	108	49	106	43	103	38	99	34	94	31	90	29	85	28	81	28	77	29	74	31	72	34	71	38	70	43	70	49	70	56	71	64	73	73	76	83	80	93	84	103	89	112	93	120	97	127	101	134	104	140	106	145	107	149	108	152	109	154	110	155	110	155	110	
5:
86	0.421	42	83	43	84	45	85	48	86	52	86	57	86	62	85	68	83	73	80	77	76	80	71	82	65	83	58	83	51	82	45	80	40	77	36	73	33	68	31	64	30	60	30	57	31	55	33	54	36	54	40	55	45	57	51	60	58	64	66	69	75	74	85	78	96	81	107	83	118	84	128	84	137	83	145	81	152	78	158	74	163	69	167	65	170	62	172	60	173	59	175	59	177	60	178	62	178	65	178	69	177	74	175	80	172	87	168	95	165	103	161	112	158	120	156	127	155	133	153	138	151	142	148	146	144	149	139	151	134	152	128	152	123	151	119	149	116	146	113	142	109	137	104	131	100	124	95	116	90	107	85	97	81	87	78	78	76	70	75	63	75	57	76	52	78	48	80	45	82	43	83	42	83	42	83	
6:
66	0.093	121	143	120	144	118	145	115	147	111	150	106	154	100	157	95	159	91	160	87	160	84	159	82	157	81	154	81	150	82	145	84	139	87	132	91	124	96	115	102	107	109	100	117	94	124	88	130	83	135	78	139	72	142	66	144	60	145	54	145	49	144	45	142	41	139	38	135	36	130	34	124	33	117	33	109	34	102	36	95	39	87	43	79	46	72	48	66	49	61	50	57	52	54	55	52	59	51	62	51	65	52	69	54	74	57	79	61	85	66	92	72	100	79	108	87	115	94	122	100	128	106	133	111	137	115	140	118	142	120	143	121	143	121	143	
7:
73	1.843	138	117	137	117	135	116	132	114	128	111	123	107	117	102	112	96	108	89	104	81	101	73	99	66	98	60	98	55	99	51	101	48	104	46	108	43	113	40	117	38	120	37	122	36	123	34	123	32	122	29	120	26	117	23	113	21	108	19	102	16	95	13	87	10	78	8	68	7	57	7	46	8	35	10	25	12	16	15	8	19	1	24	-5	29	-10	35	-14	42	-17	50	-19	59	-20	69	-20	80	-19	92	-17	103	-14	113	-10	122	-5	130	0	137	6	143	13	148	21	152	30	155	40	157	50	158	61	158	72	157	83	155	93	152	102	148	110	143	117	137	123	132	128	127	132	123	135	120	137	118	138	117	138	117	
8:
83	11.097	135	138	134	137	132	135	129	132	125	128	120	124	116	119	112	113	108	108	105	104	103	101	102	99	100	98	97	98	95	99	92	101	89	104	85	108	80	111	74	113	67	114	59	114	52	113	46	112	39	112	33	113	27	115	21	118	16	122	12	127	9	133	7	138	6	142	6	145	7	147	9	148	11	148	12	147	12	145	11	142	9	138	7	133	6	127	5	120	5	112	6	103	8	93	11	82	15	72	20	61	26	51	32	42	37	34	42	27	47	21	51	16	54	12	56	9	57	7	57	6	58	6	60	7	62	9	63	12	63	16	64	21	66	27	69	34	72	42	76	51	79	61	83	72	88	83	94	93	100	102	107	110	114	117	120	123	125	128	129	132	132	135	134	137	135	138	135	138	
9:
83	2.297	144	147	145	148	147	150	150	151	154	152	157	152	159	153	161	155	162	158	162	162	161	165	159	169	156	174	152	179	147	183	141	186	134	188	126	189	119	189	113	188	108	186	104	183	101	179	99	174	98	168	98	163	99	159	101	154	104	150	108	146	112	142	117	137	123	131	130	124	136	116	141	107	145	97	148	88	150	80	151	73	151	67	150	60	148	52	145	43	141	35	136	28	130	22	123	16	115	11	107	7	98	4	88	2	79	1	71	1	63	2	56	3	50	5	45	8	41	12	38	15	36	19	35	24	35	30	36	35	38	40	41	45	45	51	50	58	56	65	63	73	71	82	80	91	90	101	99	110	108	118	116	125	123	131	129	136	134	140	138	143	141	145	143	146	144	147	144	147	
10:
70	7.36	57	152	58	151	60	149	63	146	67	142	72	139	78	135	85	130	93	126	101	123	109	121	118	120	127	119	135	119	142	120	148	122	153	123	157	123	160	122	162	120	163	117	163	113	162	108	160	102	157	97	153	92	148	86	144	81	140	75	137	70	135	66	134	62	134	59	135	57	137	56	140	56	144	55	147	53	149	50	150	46	150	41	149	35	147	30	144	26	140	23	135	21	129	20	124	20	118	21	112	23	107	26	103	30	100	35	98	41	97	48	97	56	98	65	98	75	97	86	95	97	92	107	88	116	83	124	78	131	72	137	67	142	63	146	60	149	58	151	57	152	57	152	
11:
92	99.347	141	30	140	29	138	28	135	27	131	25	126	24	121	24	115	25	110	25	106	26	103	27	101	27	100	26	100	24	101	21	103	17	106	12	110	6	114	0	119	-5	125	-9	132	-12	140	-14	148	-15	155	-15	161	-14	166	-12	170	-9	173	-5	175	0	176	4	176	9	175	14	173	20	170	27	166	34	161	42	155	51	148	59	140	66	131	72	121	77	110	81	98	84	87	88	77	93	68	99	60	106	53	114	47	121	42	127	38	132	35	136	33	140	30	143	26	145	21	146	15	146	8	145	2	143	-3	140	-8	136	-12	131	-15	125	-17	118	-18	110	-18	101	-17	91	-15	80	-12	68	-9	57	-5	47	0	38	6	30	13	23	21	17	30	12	40	8	51	5	63	3	75	2	86	2	96	3	105	5	113	8	120	12	126	17	131	21	135	24	138	27	140	29	141	30	141	30	
12:
77	1.316	8	157	9	157	11	157	14	158	17	160	21	161	26	161	32	160	39	158	47	156	56	153	65	149	75	144	85	138	94	131	102	123	109	116	115	110	120	105	124	101	127	98	129	96	130	95	130	95	131	96	131	98	132	101	134	105	137	110	140	114	144	118	148	122	151	125	153	127	156	128	160	128	164	127	169	125	174	122	178	118	181	113	183	107	185	101	186	94	186	86	185	77	183	69	180	62	176	56	172	51	167	46	161	42	154	39	146	37	137	36	127	36	116	37	105	39	95	42	85	46	76	51	68	57	61	64	53	72	44	81	36	91	29	102	23	112	18	121	14	129	11	136	9	142	7	147	6	151	6	154	7	156	8	157	8	157	
13:
75	2.32	147	84	148	85	150	87	153	89	157	92	162	96	167	99	171	101	174	102	176	102	178	101	179	99	179	96	178	92	176	87	173	81	169	75	164	69	158	64	151	60	144	57	136	55	127	53	117	52	106	52	96	53	86	55	76	58	67	61	57	65	47	70	38	76	30	81	23	85	17	88	12	90	8	91	5	91	3	90	2	88	2	85	3	81	5	76	8	70	12	63	17	56	23	48	30	39	38	31	47	24	57	18	67	13	78	9	90	6	101	4	111	3	120	3	128	4	135	6	141	9	147	12	152	16	156	21	159	27	161	34	162	42	163	50	163	57	162	63	160	69	157	74	153	78	150	81	148	83	147	84	147	84	
14:
77	2.468	119	26	118	26	116	27	113	27	109	27	104	28	98	30	91	33	85	36	80	40	76	45	73	51	71	56	70	60	70	63	71	65	73	66	76	66	80	65	85	63	91	60	98	56	106	52	115	49	125	47	134	46	142	46	149	47	155	49	160	52	164	56	167	61	169	67	170	74	170	82	169	90	167	99	164	109	160	118	155	126	149	133	143	139	138	144	134	148	130	151	127	153	125	154	124	156	124	159	125	163	127	166	130	168	134	169	139	169	145	168	151	166	157	163	162	159	166	154	169	148	171	141	172	133	172	124	171	114	169	103	166	92	162	81	158	71	153	62	147	54	140	47	134	41	129	36	125	32	122	29	120	27	119	26	119	26	
15:
82	24.111	172	146	172	145	172	143	173	140	174	137	175	133	176	128	176	122	175	116	173	111	170	107	166	104	161	102	156	101	150	101	143	102	135	104	126	107	116	110	106	112	97	113	88	113	80	112	73	110	66	107	60	103	53	98	47	92	42	85	37	77	33	68	30	59	27	50	25	41	23	33	22	26	22	20	22	15	21	11	19	8	16	6	12	5	7	5	1	6	-6	8	-12	11	-17	15	-21	20	-24	26	-26	33	-27	41	-27	50	-26	60	-24	71	-22	83	-19	96	-16	108	-12	119	-7	130	-1	140	5	149	11	157	18	164	26	170	35	175	45	179	56	182	68	184	81	185	94	185	106	184	117	182	127	179	136	175	144	170	151	165	157	160	162	156	166	152	169	149	171	147	172	146	172	146	
16:
70	15.193	55	138	54	137	52	135	49	132	45	128	40	123	36	118	33	112	31	107	30	102	30	98	31	95	33	93	36	92	40	91	44	89	47	86	49	82	50	77	50	71	49	64	47	57	44	49	42	42	41	35	41	29	42	24	44	20	46	17	49	15	53	14	58	14	63	15	68	17	73	20	79	24	86	29	94	35	103	42	113	50	122	57	130	63	137	68	143	72	148	76	152	80	155	85	157	91	158	98	158	104	157	109	155	113	152	116	148	118	143	119	137	120	130	121	122	123	113	126	103	130	94	134	86	137	79	139	73	140	68	140	64	139	61	138	58	138	56	138	55	138	55	138	
17:
78	0.533	115	146	116	145	118	143	121	140	125	136	129	131	134	125	140	118	145	110	149	101	152	92	154	84	155	76	155	69	154	63	152	58	149	54	146	51	142	49	139	48	137	48	136	48	136	47	137	46	139	44	142	42	146	41	149	39	151	36	153	34	154	31	154	27	153	22	151	18	148	15	144	11	139	7	133	4	126	1	118	-1	109	-2	99	-2	88	-1	76	1	64	4	53	8	43	13	34	19	26	26	19	34	13	43	8	53	4	63	1	74	-1	84	-2	95	-2	105	-1	114	1	122	4	129	8	135	13	140	19	144	26	147	33	149	41	151	50	152	60	152	70	151	79	149	87	148	94	147	100	146	105	146	109	145	112	145	114	145	115	146	115	146	
18:
72	1.711	56	68	55	69	53	71	51	74	50	78	49	83	49	89	50	94	52	98	55	101	59	103	64	104	70	104	77	103	85	101	93	99	102	96	111	92	120	87	128	81	135	74	141	67	146	61	150	56	153	52	155	49	156	47	156	46	157	46	158	47	159	49	161	52	163	56	165	61	167	67	169	74	171	82	172	91	172	101	171	111	170	122	168	132	165	141	161	149	156	156	150	162	143	167	135	171	126	174	116	176	107	177	99	177	91	176	83	174	76	171	70	167	65	162	61	156	58	149	56	141	54	132	53	122	53	113	54	104	55	96	55	89	55	83	54	78	54	74	54	71	55	69	56	68	56	68	
19:
80	10.118	39	136	40	137	42	139	44	142	45	145	45	149	44	152	42	154	39	155	35	156	30	156	24	155	18	153	13	150	9	146	6	141	4	135	3	128	3	121	4	114	6	108	9	103	13	99	18	96	24	94	31	92	39	91	48	91	58	92	69	94	81	95	93	97	104	99	114	101	123	103	131	105	138	106	144	106	149	105	153	103	156	100	158	96	159	91	159	85	158	78	156	70	153	61	149	52	144	44	138	37	131	30	123	24	114	19	104	15	93	12	81	10	69	9	58	9	48	10	39	12	31	15	24	19	18	24	13	30	9	36	6	43	4	51	3	60	3	70	4	81	6	91	9	100	13	108	18	115	24	121	29	126	33	130	36	133	38	135	39	136	39	136	
20:
57	0.625	69	30	70	31	72	33	73	36	75	40	78	45	82	49	87	53	93	58	100	64	108	71	115	79	121	88	126	98	130	107	133	116	135	125	136	133	136	140	135	146	133	151	130	155	126	158	121	160	115	161	110	161	104	160	98	158	91	155	83	151	74	146	66	140	58	133	49	127	41	122	34	118	28	114	23	111	19	109	16	107	14	104	13	100	13	95	14	89	16	82	19	76	23	71	28	66	34	62	41	57	48	51	54	45	59	40	63	36	66	33	68	31	69	30	69	30	
21:
74	3.262	128	67	128	68	129	70	131	73	134	77	138	82	142	88	147	95	151	103	154	112	156	122	157	131	158	139	158	146	157	152	155	157	152	161	148	164	143	166	137	167	130	167	122	166	113	165	103	163	92	160	81	156	71	151	61	145	52	140	44	136	37	133	31	131	26	130	22	130	19	131	17	133	16	136	16	140	17	143	18	145	18	146	18	146	17	145	15	143	12	140	8	136	5	131	3	125	2	118	2	110	3	101	5	92	6	82	8	73	11	65	15	58	19	52	24	47	30	43	37	40	45	38	54	37	64	37	74	38	83	40	92	43	100	47	107	52	113	57	118	61	122	64	125	66	127	67	128	67	128	67	
22:
63	4.765	13	34	14	33	16	31	19	30	23	30	28	31	34	32	41	34	49	37	58	41	67	46	77	52	86	59	94	67	102	76	109	86	116	96	122	105	127	113	131	120	135	126	140	131	146	135	152	138	158	140	163	142	168	143	172	145	175	148	177	152	178	156	178	161	177	166	175	170	172	173	168	175	163	176	157	176	150	177	142	177	133	176	123	174	112	171	100	167	89	162	79	156	70	149	62	141	55	132	47	122	40	111	34	100	29	89	25	79	20	70	16	62	13	55	11	49	10	44	10	40	11	37	12	35	13	34	13	34	
23:
70	0.919	60	51	61	50	63	48	65	45	67	41	68	36	68	30	67	25	65	20	62	16	58	13	53	11	48	10	44	10	41	10	39	11	38	13	38	16	39	19	41	22	44	24	48	26	53	27	59	29	65	32	72	36	80	40	87	45	93	51	98	58	102	66	105	74	107	83	108	93	108	104	107	116	106	127	104	137	101	146	97	154	92	161	86	167	79	172	71	176	62	179	53	181	44	182	36	182	29	181	23	179	18	176	14	172	11	167	9	161	8	154	8	146	9	137	11	127	14	116	17	106	21	96	26	87	32	79	39	72	45	66	50	61	54	57	57	54	59	52	60	51	60	51	
24:
71	0.474	146	107	147	106	149	104	152	101	155	97	158	92	160	86	161	79	161	72	160	65	158	59	155	54	151	50	146	47	141	45	136	44	132	42	129	40	127	37	126	33	126	28	127	22	129	15	132	9	136	4	141	0	147	-3	154	-5	160	-6	165	-6	169	-5	172	-3	174	0	175	4	175	9	174	13	172	17	169	20	165	24	160	27	154	29	147	30	139	31	130	31	120	30	111	28	103	25	96	21	90	18	85	16	81	15	78	15	76	16	75	18	75	21	76	25	78	30	81	36	85	43	90	51	96	60	103	69	111	77	118	84	125	90	131	95	136	99	140	102	143	104	145	106	146	107	146	107	
25:
61	0.165	4	64	5	63	7	61	10	58	14	54	19	49	24	43	30	37	36	31	43	26	51	22	60	19	68	17	75	16	81	16	88	17	94	19	101	22	109	26	118	31	127	37	135	44	142	52	148	61	153	71	157	82	160	93	162	103	163	113	163	123	162	132	160	140	157	147	153	153	150	159	146	164	142	168	139	171	137	173	135	174	132	174	128	173	123	171	117	168	110	164	102	159	93	153	83	146	72	138	61	129	51	119	42	109	34	100	27	92	21	85	16	79	12	74	9	70	7	67	5	65	4	64	4	64	
26:
78	2.739	133	43	134	44	136	44	139	43	143	41	148	40	153	39	158	37	162	34	166	30	169	25	171	19	172	13	172	8	171	3	169	-1	166	-4	162	-6	157	-7	151	-7	144	-6	136	-4	127	-1	117	3	106	8	96	13	87	19	79	26	72	33	65	41	59	50	54	60	50	71	47	82	45	92	43	101	42	109	42	117	43	124	45	130	48	135	52	139	56	142	59	144	61	145	62	147	62	148	61	150	59	152	56	155	52	157	47	158	42	158	38	158	35	157	33	155	32	152	32	148	33	143	35	138	38	134	41	129	45	123	50	116	56	108	63	99	71	90	79	81	88	73	97	66	105	60	112	55	118	51	123	48	127	46	130	44	132	43	133	43	133	43	
27:
74	7.489	153	128	152	127	150	126	147	125	144	123	140	120	135	118	129	115	122	111	116	106	110	100	105	93	101	87	98	82	96	77	95	73	95	70	96	68	98	67	101	67	104	68	108	68	112	67	116	65	119	62	121	58	122	53	122	47	121	40	119	34	116	29	112	24	107	20	101	17	94	15	86	14	77	14	67	13	57	11	48	9	40	8	33	8	27	9	22	11	18	14	15	18	13	23	12	29	12	36	13	43	15	51	18	60	22	70	26	81	31	92	36	102	42	111	49	119	57	126	65	132	72	137	80	141	89	144	98	146	108	147	117	147	125	146	132	144	138	141	143	137	147	134	150	131	152	129	153	128	153	128	
28:
72	0.27	141	77	140	77	138	78	135	78	131	78	126	77	120	75	113	73	107	70	100	66	94	62	89	57	85	52	82	46	80	39	79	32	79	26	80	20	82	15	85	11	87	8	89	5	90	3	90	2	89	2	87	3	84	4	80	6	75	9	69	13	63	18	58	23	54	29	51	36	49	44	48	53	48	63	49	73	51	84	54	96	58	108	63	119	69	129	76	138	84	146	93	153	103	159	114	164	125	168	135	171	144	173	152	174	159	174	165	173	170	171	174	168	177	164	179	159	180	153	180	146	179	138	177	129	174	120	170	112	165	105	159	98	154	92	150	87	147	83	144	80	142	78	141	77	141	77	
29:
80	1.382	92	12	91	12	89	13	86	15	82	18	77	22	71	25	64	29	56	32	49	34	43	35	37	35	32	34	28	32	25	29	23	27	22	24	22	20	23	15	25	9	28	3	32	-2	37	-7	43	-11	50	-14	58	-16	67	-18	77	-19	88	-19	99	-18	109	-16	118	-13	126	-9	133	-4	139	2	144	9	148	17	151	26	153	36	154	47	154	59	153	72	151	85	148	97	144	108	140	118	135	127	129	135	122	142	114	148	105	153	95	157	84	160	74	162	65	163	57	163	50	162	44	160	39	157	35	153	32	148	30	142	29	135	29	127	30	118	32	108	35	97	39	85	44	74	50	64	57	55	64	47	71	40	77	33	82	27	86	22	89	18	91	15	92	13	92	12	92	12	
30:
61	2.445	88	159	87	158	86	156	84	153	82	149	80	144	77	138	75	131	74	124	74	117	73	109	73	102	74	96	76	91	79	87	83	84	86	82	89	81	91	81	92	80	92	78	91	75	89	71	86	67	82	62	77	58	71	53	65	47	58	42	51	38	44	35	36	33	28	32	21	32	15	33	10	35	6	38	3	42	1	47	0	53	-1	60	-1	68	-1	77	0	86	2	96	5	106	9	115	14	124	20	132	27	139	35	145	44	150	52	154	60	157	67	159	73	160	78	160	82	160	85	159	87	159	88	159	88	159	
31:
79	4.691	115	162	114	162	112	163	109	165	105	168	100	171	94	174	89	176	84	177	80	177	77	176	75	174	74	171	74	167	75	162	77	156	80	149	84	141	89	132	95	124	101	117	108	111	114	106	119	102	123	99	126	97	128	96	129	96	129	97	128	99	126	100	123	102	119	103	114	104	108	104	101	103	93	101	85	98	77	94	70	89	64	83	59	76	54	68	50	59	47	50	45	42	43	34	42	27	42	21	43	16	45	12	48	9	52	7	57	6	63	6	68	7	72	9	75	12	77	16	78	21	78	27	77	34	75	42	73	51	72	61	72	72	73	84	74	96	76	107	79	117	83	126	88	134	94	141	100	147	105	152	109	156	112	159	114	161	115	162	115	162	
32:
96	177.773	121	76	120	77	120	79	121	82	121	86	122	91	124	96	127	102	129	108	131	115	133	123	134	130	134	136	133	141	131	145	129	148	126	150	124	151	122	151	119	150	115	148	110	145	104	142	99	138	95	133	92	127	90	120	89	112	89	103	90	93	92	82	95	70	99	59	104	49	110	40	117	32	125	25	133	19	141	14	149	10	156	7	162	5	167	4	171	4	174	5	176	7	177	10	177	14	176	19	174	25	171	30	167	34	162	37	156	39	149	40	141	41	132	42	122	43	113	45	103	47	92	48	80	48	69	47	59	45	49	42	40	39	32	37	25	36	19	36	14	37	10	38	7	38	5	39	4	39	4	40	5	42	7	44	10	45	14	47	19	50	25	52	32	54	40	56	49	58	59	61	69	64	78	66	86	68	93	70	100	73	106	75	111	77	115	78	118	78	120	77	121	76	121	76	
33:
79	2.972	170	106	171	107	172	109	173	112	175	116	176	121	176	127	175	134	173	141	170	149	166	158	161	168	155	177	148	185	140	192	131	198	121	203	110	207	98	210	87	212	77	213	68	213	60	212	53	210	47	207	42	203	38	198	35	192	33	185	32	178	32	171	33	165	35	158	38	151	42	143	47	134	53	125	58	116	62	106	65	95	67	85	68	76	68	68	67	61	65	54	62	48	59	43	55	38	50	34	46	31	43	28	41	26	40	23	40	19	41	15	43	12	46	10	50	9	55	9	61	10	68	12	76	15	85	19	95	24	106	30	117	37	127	45	136	53	144	60	151	68	157	75	162	82	166	88	169	93	171	97	172	100	172	103	171	105	170	106	170	106	
34:
67	0.201	129	45	130	44	132	42	135	40	139	39	143	39	148	40	153	42	158	43	162	45	165	48	167	52	168	57	168	63	167	69	165	74	162	78	158	81	153	83	147	84	140	84	133	83	127	81	122	78	118	74	115	69	113	63	112	56	110	50	107	45	104	40	100	36	95	33	89	31	82	30	74	30	65	31	56	33	48	36	41	40	35	45	30	51	26	58	23	66	21	73	20	80	20	86	21	91	23	95	26	98	30	100	35	101	41	101	48	100	56	98	65	95	74	91	84	86	93	80	101	73	108	66	114	60	119	55	123	51	126	48	128	46	129	45	129	45	
35:
59	0.646	175	99	174	100	172	102	169	105	165	107	160	108	154	108	147	107	139	105	130	102	122	98	114	93	107	87	101	81	96	75	91	70	85	66	78	63	72	61	67	60	62	60	57	61	53	63	50	66	48	70	47	75	47	80	48	85	50	91	53	98	57	106	62	115	68	124	75	133	83	141	92	148	102	154	113	159	125	163	136	166	146	168	155	169	163	169	170	168	176	166	181	163	185	159	188	154	190	148	191	141	191	133	190	126	188	120	185	114	181	109	178	105	176	102	175	100	175	99	175	99	
36:
56	0.88	75	66	75	65	76	63	76	60	77	58	79	55	82	53	86	52	91	52	96	53	100	55	103	58	105	62	106	67	106	73	105	80	104	88	102	97	99	105	95	112	90	118	84	123	77	127	69	130	60	132	51	134	43	135	36	135	30	134	25	132	21	129	18	125	16	120	13	114	9	107	6	99	4	90	3	82	3	75	3	69	4	63	6	58	9	54	13	51	18	49	24	48	31	48	39	49	47	51	54	53	60	56	65	59	69	61	72	63	74	65	75	66	75	66	
37:
90	2.427	31	102	32	103	34	105	37	106	41	107	46	107	52	107	59	106	67	105	76	103	86	100	95	96	103	91	111	87	118	83	124	80	129	76	133	72	137	68	140	64	142	61	144	59	145	58	146	58	148	59	149	61	149	64	149	68	149	73	148	79	148	86	148	94	149	103	150	113	150	123	150	132	151	140	153	147	154	153	154	158	153	162	151	165	148	167	144	168	139	168	135	167	131	165	128	162	124	158	119	153	113	147	106	140	98	132	91	123	84	113	78	103	73	92	69	81	66	71	64	60	62	50	60	41	59	33	59	26	60	20	62	15	65	11	69	8	73	6	76	5	78	5	79	6	79	8	78	11	76	15	73	20	71	26	68	33	64	41	59	50	53	58	48	66	44	74	41	81	39	87	38	92	36	96	34	99	32	101	31	102	31	102	
38:
65	0.332	72	113	72	114	73	116	75	119	77	123	79	126	81	128	83	129	85	129	87	128	88	126	88	123	87	119	85	114	84	108	84	101	84	93	85	84	87	75	88	67	90	60	91	54	93	49	96	45	99	42	103	40	108	38	114	37	121	37	128	38	136	39	145	41	153	44	160	46	166	47	171	47	175	46	178	44	180	41	181	37	181	32	180	28	178	25	176	23	174	22	172	22	170	23	167	25	163	28	158	32	152	37	145	43	138	50	130	57	121	65	113	73	106	80	100	87	93	93	87	98	82	103	78	107	75	110	73	112	72	113	72	113	
39:
69	4.884	139	145	140	146	142	148	145	151	148	155	152	159	155	162	158	164	162	165	166	165	169	164	172	162	174	159	176	155	177	150	177	144	176	137	174	129	171	120	167	110	162	100	156	91	149	82	141	73	132	64	123	56	115	48	108	40	102	32	97	24	93	17	89	11	84	6	78	2	71	-1	63	-3	54	-4	46	-4	38	-3	31	-1	25	2	20	6	16	11	13	17	11	24	10	32	10	41	11	51	13	62	16	73	20	84	25	94	31	103	38	111	46	118	54	124	63	129	73	133	84	136	94	138	103	139	111	139	118	138	124	138	129	139	133	140	136	142	138	144	139	145	139	145	
40:
64	0.282	140	77	141	78	141	80	141	83	142	86	144	90	147	93	150	95	154	96	157	96	161	95	165	93	168	90	170	86	171	81	171	75	170	68	168	61	165	55	161	49	156	44	150	40	143	37	135	35	126	34	118	34	111	35	104	36	98	38	93	41	89	45	86	48	84	50	83	51	81	51	78	50	74	48	71	45	68	41	66	36	63	30	61	25	59	20	57	16	56	13	56	11	57	10	59	10	62	11	66	13	71	16	77	20	83	25	90	31	97	38	105	44	112	50	119	56	125	62	130	67	134	71	137	74	139	76	140	77	140	77	
41:
74	2.921	165	143	164	144	162	145	159	145	155	146	150	147	144	149	139	152	134	154	130	155	126	155	123	154	121	152	120	149	120	145	121	140	123	134	126	127	130	121	135	114	141	106	147	97	152	88	156	79	159	70	161	61	162	52	162	44	161	36	159	28	156	21	152	15	147	10	141	6	134	3	126	1	117	0	107	0	97	1	87	3	78	6	70	9	63	13	57	18	52	24	47	31	43	39	40	47	38	54	37	62	36	71	36	80	37	90	39	101	42	111	46	120	51	128	57	135	64	142	72	148	81	153	91	157	102	160	112	162	121	163	129	163	137	162	144	160	150	157	155	153	159	149	162	146	164	144	165	143	165	143	
42:
76	0.143	112	19	111	18	109	17	106	15	102	12	97	10	91	8	84	5	78	3	71	2	65	2	60	1	56	0	53	0	51	1	50	3	50	6	51	10	53	13	56	17	60	22	65	27	71	32	77	37	82	42	86	47	90	53	93	60	95	66	96	71	96	75	95	79	93	82	90	85	86	89	81	93	76	98	71	102	67	105	64	107	62	108	61	108	61	107	62	105	64	102	67	98	71	95	76	92	81	89	87	86	94	82	102	79	111	77	119	74	127	72	134	71	140	71	145	71	149	72	152	72	154	71	155	69	155	66	154	62	152	57	149	52	145	47	140	43	134	39	129	36	124	33	120	29	117	25	115	22	113	20	112	19	112	19	
43:
55	4.621	30	33	31	32	33	32	36	31	40	30	45	29	51	29	58	28	65	28	73	29	82	30	92	30	103	31	113	32	122	34	130	37	137	41	143	45	148	50	152	56	155	61	157	65	158	68	158	70	157	71	155	71	152	70	148	69	143	68	137	68	130	68	122	69	113	71	104	74	94	76	85	77	77	79	70	81	63	83	56	84	48	84	41	83	35	81	30	78	26	74	23	69	21	63	20	56	20	50	21	45	22	41	24	38	27	36	29	34	30	33	30	33	
44:
68	1.047	2	54	3	53	5	51	7	48	10	44	14	39	19	33	25	28	32	24	40	20	49	17	59	15	70	14	82	14	95	13	107	11	118	8	128	5	137	3	145	2	152	2	158	3	163	4	168	6	172	9	175	13	177	18	178	23	178	29	177	36	175	44	172	52	169	59	166	65	164	70	163	74	163	79	164	83	166	86	168	88	170	89	171	90	171	90	170	89	168	87	165	85	161	84	156	84	150	84	143	85	135	86	126	86	116	85	105	84	93	82	80	79	68	76	57	73	47	70	38	66	30	63	23	61	17	59	12	58	8	56	5	55	3	55	2	54	2	54	
45:
71	0.564	33	106	32	105	30	103	29	100	29	96	30	93	32	89	35	85	39	81	44	77	48	74	51	71	53	67	54	62	54	56	53	51	51	47	48	44	45	42	41	41	38	41	35	42	33	43	32	44	32	44	33	43	35	41	38	38	42	34	47	30	53	26	60	23	68	21	77	20	87	19	96	19	105	20	115	22	124	25	132	29	139	34	145	40	150	46	154	53	157	61	159	70	160	80	160	91	159	101	157	110	154	118	150	125	147	131	143	136	138	140	132	143	125	145	117	146	108	146	98	145	88	143	78	140	69	136	61	131	54	125	48	120	43	116	39	112	36	109	34	107	33	106	33	106	
46:
68	0.236	177	141	176	141	174	142	171	144	167	147	163	150	159	154	154	157	148	160	141	162	133	163	124	163	115	162	106	160	98	157	91	154	85	150	80	145	76	139	73	132	71	124	70	115	70	105	71	95	71	85	70	76	68	68	65	61	61	55	56	50	50	46	43	43	35	41	28	40	21	40	15	41	10	43	6	46	3	50	1	55	0	61	0	67	1	72	3	76	6	79	10	82	15	86	21	91	28	96	36	100	44	103	53	105	63	106	74	107	86	108	99	110	111	113	122	117	132	121	141	126	149	131	156	135	162	138	167	140	171	141	174	141	176	141	177	141	177	141	
47:
66	0.772	115	120	114	120	112	121	109	123	105	125	100	127	94	129	87	132	79	134	70	135	60	135	50	135	41	135	33	135	25	135	18	134	12	132	7	129	3	125	0	120	-2	114	-3	107	-3	100	-2	92	0	83	2	75	5	67	9	60	14	54	20	49	27	44	35	40	44	37	54	35	65	32	77	28	88	23	100	19	112	16	123	14	133	12	142	11	150	11	157	12	163	14	168	17	172	21	175	26	177	32	178	37	178	41	177	45	175	49	172	54	168	60	163	67	157	75	150	84	143	92	136	99	130	105	125	110	121	114	118	117	116	119	115	120	115	120	
48:
68	2.701	159	122	160	123	161	125	161	128	160	132	159	137	159	143	158	149	156	155	153	162	149	168	144	173	139	177	133	180	127	182	121	183	114	183	106	182	99	180	93	177	88	173	84	168	81	162	78	155	75	147	73	138	71	128	70	117	69	105	68	93	66	80	63	68	59	57	54	46	50	36	47	27	45	19	44	12	44	6	45	1	47	-3	50	-6	54	-8	59	-9	65	-10	71	-10	78	-9	86	-7	95	-4	105	0	116	5	126	11	135	18	143	26	150	35	156	45	161	56	165	67	168	77	170	86	171	94	171	101	170	107	168	112	165	116	162	119	160	121	159	122	159	122	
49:
69	4.542	153	61	154	62	154	64	153	67	152	71	150	76	147	82	143	89	138	97	132	105	125	112	118	119	110	127	102	136	93	144	84	152	76	159	68	165	61	170	54	174	46	177	37	179	28	180	20	180	13	179	7	177	2	174	-2	170	-5	165	-7	159	-8	152	-8	144	-8	135	-7	125	-5	114	-2	102	2	89	7	77	13	65	20	54	28	44	37	35	47	26	58	18	70	11	83	5	95	0	107	-4	118	-7	128	-9	137	-10	145	-10	152	-9	158	-8	163	-6	167	-3	170	1	172	6	173	12	173	18	172	25	170	33	168	40	166	46	163	51	159	55	156	58	154	60	153	61	153	61	
50:
47	0.29	129	175	128	176	126	176	123	175	120	173	117	170	113	166	110	161	108	155	107	148	107	140	107	131	106	122	104	114	103	106	103	99	102	93	100	88	97	84	94	81	91	78	87	76	82	73	78	70	74	68	71	67	69	67	68	68	66	70	65	73	65	77	66	82	68	88	71	95	75	103	80	111	86	120	93	130	101	139	108	147	114	154	119	160	123	165	126	169	128	172	129	174	129	175	129	175	
51:
77	31.604	12	162	13	163	15	165	18	168	22	170	26	171	30	171	33	170	35	168	36	165	36	161	36	156	35	150	33	143	30	135	26	126	21	116	17	106	14	95	12	83	11	72	11	62	12	53	14	44	17	36	21	29	26	23	32	18	39	14	47	11	56	9	66	8	77	8	87	9	96	10	104	11	111	11	117	10	122	8	126	5	131	3	137	2	144	2	152	3	159	5	165	8	170	12	174	17	177	23	179	30	180	37	180	45	179	54	177	62	174	69	170	75	165	80	159	84	152	88	144	93	135	99	125	106	114	113	102	121	90	129	78	136	67	143	57	149	48	154	40	158	33	161	27	163	22	164	18	164	15	163	13	162	12	162	12	162	
52:
58	1.143	155	80	156	79	158	77	159	74	161	72	164	71	168	71	172	72	175	74	177	77	178	80	178	84	177	89	175	93	172	96	168	98	163	101	157	105	152	110	146	116	141	122	137	128	134	134	132	140	129	145	125	149	121	152	116	154	110	155	103	155	96	154	90	152	85	149	81	145	78	140	76	134	75	127	75	119	76	110	78	101	80	93	83	86	87	80	91	75	94	71	97	68	101	66	106	64	112	63	119	63	127	64	134	65	140	67	145	70	149	74	152	77	154	79	155	80	155	80	
53:
75	22.447	103	23	102	24	100	26	97	27	93	27	88	26	82	25	75	23	67	22	60	21	52	21	44	21	37	22	31	24	26	26	22	29	19	33	17	38	16	44	16	51	17	57	19	62	22	67	26	71	31	74	37	76	44	78	52	79	61	79	71	79	82	80	94	82	106	85	117	89	127	93	136	98	144	104	151	111	157	119	162	128	166	136	169	143	171	149	173	156	174	162	174	167	173	171	171	174	168	176	164	177	159	177	154	176	150	174	147	171	143	167	138	162	134	156	130	149	127	141	123	132	118	122	113	111	109	99	106	88	104	78	103	68	102	59	100	51	99	44	99	38	100	33	101	29	101	26	102	24	103	23	103	23	
54:
73	9.923	42	161	41	160	39	159	36	158	33	158	29	158	25	159	22	161	20	163	19	165	19	167	20	170	22	173	25	176	29	179	34	181	40	182	47	182	54	181	62	179	71	176	80	173	88	169	95	166	101	163	106	159	110	154	113	148	115	141	116	133	116	124	115	114	113	104	110	95	106	87	101	80	95	72	89	63	83	55	78	47	74	39	71	32	69	26	66	21	62	17	57	14	51	12	45	11	38	11	32	12	27	14	23	17	20	21	18	26	17	32	17	38	18	45	20	53	23	62	27	72	32	83	37	95	41	106	45	116	48	125	50	133	51	140	51	146	50	151	48	155	45	158	43	160	42	161	42	161	
55:
56	0.824	172	109	171	109	169	108	166	106	162	103	157	101	152	98	147	94	142	89	136	84	129	80	121	77	113	75	106	74	100	74	95	75	91	77	88	80	85	84	83	89	80	95	76	102	72	110	68	119	64	128	59	136	55	143	50	149	46	156	43	162	41	168	40	173	40	178	41	182	43	185	46	187	50	189	55	190	61	190	68	189	76	187	85	184	95	180	106	175	116	169	125	162	133	154	140	145	146	137	151	130	157	124	162	119	166	115	169	112	171	110	172	109	172	109	
56:
71	0.408	145	143	146	144	148	146	151	149	153	153	156	156	159	158	161	159	162	160	162	160	161	159	159	157	156	154	152	150	148	145	145	139	142	132	140	124	139	115	139	106	140	98	142	90	143	81	143	73	142	65	140	58	137	52	133	46	128	41	122	37	115	34	108	32	100	31	91	31	81	31	70	32	59	34	49	37	40	41	32	46	25	50	19	53	14	55	10	56	7	56	5	55	4	55	4	54	5	54	7	55	10	57	14	60	19	64	25	69	32	75	40	80	49	84	59	89	70	95	81	102	91	109	100	116	109	123	117	129	124	134	130	138	135	141	139	143	142	144	144	144	145	143	145	143	
57:
61	0.194	159	18	158	17	156	16	153	15	149	15	144	16	138	18	132	21	125	25	118	30	111	36	105	43	100	51	95	58	91	64	88	69	86	74	85	79	85	84	86	88	88	91	91	93	93	95	94	98	94	102	93	107	91	111	88	114	84	116	79	118	73	121	68	125	62	128	56	130	51	131	47	131	44	130	42	128	41	125	41	121	42	117	44	112	47	106	51	99	56	91	62	82	69	73	77	65	86	58	96	52	106	47	115	42	123	38	131	33	138	28	144	24	149	21	153	19	156	18	158	18	159	18	159	18	
58:
64	0.218	9	175	9	174	9	172	9	169	10	165	12	160	15	154	18	147	22	140	27	134	31	128	36	122	42	117	49	113	57	110	66	108	75	107	85	107	96	108	106	110	115	113	123	117	130	121	136	125	143	128	151	130	159	131	166	131	172	130	177	128	181	125	184	122	186	118	187	113	187	107	186	100	184	93	181	87	177	82	173	78	170	75	166	73	161	72	155	72	148	73	140	75	131	78	121	82	110	87	98	93	86	99	75	106	65	114	55	123	46	132	38	140	31	147	25	154	20	160	16	165	13	169	11	172	10	174	9	175	9	175	
59:
81	41.821	119	113	120	112	122	110	125	107	129	104	134	102	140	101	147	101	153	102	158	103	163	105	167	108	170	112	172	117	173	123	173	130	172	138	170	147	167	155	163	162	158	168	152	173	145	177	137	180	128	182	118	183	109	183	100	182	92	180	85	177	79	173	74	168	70	162	67	155	65	147	64	138	64	128	65	117	67	107	70	96	74	86	78	76	81	66	83	57	84	49	84	42	83	36	81	31	78	27	74	24	70	22	65	21	59	21	52	22	46	22	41	21	37	19	33	18	30	17	28	17	27	18	27	20	28	23	30	27	33	32	37	38	42	45	47	53	53	61	60	70	68	78	77	85	85	91	92	97	98	102	104	106	109	109	113	111	116	112	118	113	119	113	119	113	
60:
89	4.296	94	20	95	19	97	18	100	17	104	16	109	15	115	14	121	14	128	14	136	15	144	17	151	20	157	24	162	28	166	33	169	39	171	46	172	54	172	61	171	67	169	72	166	76	162	79	157	81	151	82	144	82	136	81	127	79	117	76	107	72	97	69	87	65	77	60	68	54	60	47	52	41	45	36	39	32	32	29	25	27	19	26	14	26	10	27	7	29	5	32	4	35	3	39	1	44	0	50	0	57	-1	65	-1	74	0	84	2	95	4	106	6	116	9	125	13	133	18	140	24	146	30	151	35	155	40	158	44	160	47	161	50	161	52	160	55	158	59	155	64	151	70	146	76	140	83	133	90	125	96	116	101	107	105	97	108	86	110	75	111	65	111	56	110	48	109	41	107	35	104	30	100	26	97	23	95	21	94	20	94	20	
61:
74	12.19	68	107	69	108	71	110	74	113	78	117	83	122	88	128	92	135	95	143	97	152	98	160	98	167	97	173	95	179	92	184	88	188	83	191	77	193	72	194	68	194	64	193	61	191	59	188	58	184	58	179	59	175	61	171	64	168	68	166	73	165	79	163	86	160	94	156	102	153	111	149	120	144	128	138	135	131	141	123	146	114	150	104	153	93	155	82	156	72	157	62	157	53	156	45	154	38	151	32	147	27	142	23	136	20	129	18	121	17	112	17	104	18	96	20	89	22	83	25	78	29	74	34	71	40	69	47	68	54	68	62	69	71	71	79	73	86	74	92	74	97	73	101	71	104	69	106	68	107	68	107	
62:
82	30.129	40	23	39	22	37	21	34	20	30	20	25	19	20	17	16	16	13	14	11	12	10	11	10	11	11	12	13	14	16	17	20	21	25	26	31	32	38	39	46	47	55	55	65	62	76	68	86	73	95	77	104	81	112	85	119	88	125	90	130	92	134	93	137	93	139	92	140	90	140	89	139	88	137	88	134	89	130	90	125	92	119	95	112	99	104	104	95	108	85	113	74	119	64	126	55	134	46	143	38	151	31	158	25	164	20	169	16	173	13	176	11	178	8	179	4	179	1	178	-1	176	-2	173	-2	169	-1	164	1	158	4	151	8	143	13	134	19	124	26	113	32	101	37	89	41	78	44	68	46	59	48	51	49	44	49	38	48	33	46	29	43	26	41	24	40	23	40	23	
63:
60	1.0	44	177	43	176	41	174	40	171	39	167	38	162	38	156	39	149	41	141	44	132	48	124	53	116	59	109	66	103	74	98	83	94	91	91	98	89	104	88	109	87	113	85	116	82	118	78	120	73	121	67	121	61	120	56	118	52	115	49	111	47	106	45	100	44	93	44	85	44	76	45	66	47	57	50	47	53	38	56	30	60	23	65	17	71	12	77	8	84	5	91	3	99	2	107	2	116	3	125	5	133	8	140	12	146	17	153	23	159	29	164	34	168	38	171	41	174	43	176	44	177	44	177	
64:
68	3.135	40	69	41	68	43	66	45	63	48	59	52	54	56	48	59	41	63	34	68	27	74	21	81	16	89	12	98	9	106	7	114	5	121	4	127	4	132	5	137	7	141	10	144	14	146	18	147	23	147	29	146	36	144	44	141	53	137	63	132	74	126	85	120	96	113	107	105	117	96	126	86	134	75	141	65	147	56	152	48	156	41	159	35	163	30	168	26	172	23	175	21	177	20	178	18	178	15	177	13	175	12	172	12	168	13	163	15	157	18	150	21	142	25	133	30	123	35	114	39	105	42	97	44	90	45	84	45	79	44	75	42	72	41	70	40	69	40	69	
65:
71	1.924	38	78	39	79	41	81	44	82	48	82	53	82	58	81	63	80	67	79	70	77	72	74	73	70	73	66	72	62	70	58	67	54	63	50	60	45	58	39	57	34	57	30	58	27	60	25	63	24	67	24	72	25	78	27	85	30	93	34	102	39	110	45	117	52	123	60	128	69	132	79	135	89	137	100	138	112	138	123	137	133	136	142	134	150	131	157	127	163	122	168	116	172	109	176	101	179	92	181	83	182	75	182	67	181	60	179	54	176	48	172	43	167	39	161	36	154	34	146	32	137	31	129	31	121	32	114	32	106	33	99	33	93	33	88	34	84	35	81	37	79	38	78	38	78	
66:
85	3.523	5	106	6	107	8	109	11	110	15	110	20	109	26	107	33	104	40	100	46	95	52	89	57	82	61	76	64	69	66	61	67	54	67	48	66	43	64	38	61	34	57	31	52	29	46	28	39	28	32	29	25	31	19	34	14	38	10	43	7	49	5	56	4	64	4	73	5	83	7	93	10	102	14	110	19	117	25	123	32	128	40	132	49	135	59	137	70	138	82	138	94	137	106	136	117	134	127	131	136	127	144	122	151	116	157	109	162	101	166	92	169	82	171	72	173	63	174	55	174	48	173	42	171	37	168	33	164	30	159	28	153	27	146	27	138	28	129	30	119	33	108	37	96	42	83	48	71	55	60	63	50	71	41	78	33	85	26	91	20	96	15	100	11	103	8	105	6	106	5	106	5	106	
67:
77	23.36	15	58	16	57	16	55	17	52	19	48	21	43	24	37	28	32	33	27	39	23	46	20	54	18	63	17	72	17	80	18	87	20	93	23	98	27	102	32	105	37	107	43	108	50	108	56	107	63	105	70	102	78	98	87	93	95	87	102	82	108	77	113	73	117	70	120	68	122	67	123	67	125	68	128	70	131	73	135	77	139	82	142	87	146	91	151	94	155	96	160	97	164	97	169	96	173	94	178	91	182	87	185	82	187	76	188	69	189	61	189	53	188	46	186	40	183	33	179	26	174	20	168	15	161	11	153	8	144	6	134	5	123	4	113	3	103	3	94	3	86	4	79	6	73	7	68	9	64	12	61	14	59	15	58	15	58	
68:
68	0.1	59	138	58	137	56	136	53	134	49	133	44	131	40	128	37	125	34	121	31	117	29	112	28	108	28	105	29	103	31	101	33	100	35	100	36	99	36	97	35	96	33	94	30	91	26	87	22	84	17	80	13	75	9	69	6	62	4	54	3	47	3	41	4	36	6	32	9	29	13	27	18	26	24	26	31	27	39	28	48	30	58	33	68	37	78	42	87	48	95	55	102	63	108	72	113	82	117	92	120	101	122	109	123	116	123	122	122	127	120	131	117	134	113	137	108	139	102	140	95	140	87	139	80	139	74	138	69	137	65	136	62	136	60	137	59	138	59	138	
69:
78	0.408	128	55	127	56	125	56	122	55	118	53	113	51	107	50	101	50	96	51	91	53	86	56	82	60	79	65	77	71	76	78	76	85	77	93	79	101	82	110	86	118	91	125	97	131	103	136	110	140	118	143	125	145	131	146	136	146	140	145	143	143	145	140	146	137	146	134	145	132	143	131	140	131	136	132	131	134	125	137	118	141	110	145	101	150	91	155	81	159	71	162	62	164	52	165	43	165	35	165	28	164	22	162	17	159	13	155	10	150	8	145	7	139	7	132	8	125	10	118	13	111	17	105	22	100	28	94	35	89	43	83	52	78	62	74	73	70	83	67	92	65	100	64	107	63	113	61	118	59	122	58	125	57	127	56	128	55	128	55	
70:
66	0.258	63	110	63	109	62	107	60	105	57	104	55	104	54	105	54	107	55	110	57	114	60	119	64	125	69	132	73	139	78	145	83	150	88	154	94	157	99	159	103	160	106	160	109	159	113	157	117	154	121	150	125	145	128	139	130	132	131	124	131	115	130	105	128	94	126	82	125	71	123	61	122	52	121	43	119	35	116	28	112	22	107	17	101	13	94	10	86	8	77	7	69	7	62	8	55	10	49	13	44	17	40	21	37	26	35	32	34	39	33	47	33	56	34	65	36	74	39	82	43	89	48	95	53	100	57	104	60	107	62	109	63	110	63	110	
71:
64	0.175	170	135	169	136	167	138	164	141	161	145	157	150	152	154	146	157	140	159	133	160	127	162	121	165	114	169	106	173	98	176	91	178	84	179	78	179	73	179	69	178	66	176	64	173	63	169	63	164	64	158	66	151	69	143	73	134	78	124	84	113	90	101	97	90	103	80	108	70	112	61	115	53	117	46	118	40	118	35	117	31	115	28	112	26	109	25	107	25	105	26	104	28	104	31	104	35	105	40	107	46	109	53	112	61	116	70	121	80	127	90	134	99	142	107	149	114	155	120	160	125	164	129	167	132	169	134	170	135	170	135	
72:
72	0.554	178	118	177	119	175	121	172	124	168	128	163	132	157	135	150	137	142	138	134	138	126	137	119	136	113	134	108	131	104	127	101	122	99	116	98	109	98	101	98	92	99	82	100	72	101	63	101	54	100	46	98	39	95	33	91	28	86	24	80	21	73	19	65	18	58	18	52	19	45	21	38	24	32	28	27	33	23	39	20	46	16	54	13	63	11	73	10	84	10	96	10	107	11	117	13	127	16	136	20	144	25	151	30	157	36	162	43	166	50	169	58	171	67	172	77	172	88	171	100	169	112	166	123	162	133	157	142	151	150	144	157	138	163	133	168	128	172	124	175	121	177	119	178	118	178	118	
73:
91	2.886	111	18	112	17	114	15	117	12	121	8	126	5	132	2	139	0	147	-1	155	-1	162	0	168	2	173	5	177	9	180	14	183	20	185	27	186	35	186	44	185	53	183	63	180	72	176	80	171	88	165	95	158	101	150	106	141	110	132	113	122	115	112	116	102	116	93	115	85	113	78	110	72	106	67	101	63	95	60	88	58	82	57	77	56	73	56	70	57	68	59	67	62	67	65	68	69	70	72	73	74	77	75	82	75	88	75	95	76	103	76	111	75	119	75	128	76	136	76	143	77	149	79	154	81	159	83	163	84	166	84	168	83	169	81	169	78	168	74	166	69	163	65	159	61	154	58	148	56	141	55	133	55	124	56	114	58	103	61	91	65	80	70	70	76	61	82	53	89	46	95	39	100	33	104	28	107	24	109	21	110	19	111	18	111	18	
74:
59	0.796	90	84	89	84	87	83	84	83	80	84	75	85	70	85	66	84	63	83	61	81	60	79	60	77	61	76	63	76	66	77	70	78	75	80	81	83	87	87	94	92	101	96	109	101	117	105	124	110	130	116	135	123	139	131	142	140	144	149	145	157	145	164	144	171	142	177	139	182	135	186	130	189	124	191	117	192	109	192	101	191	93	189	86	186	80	182	75	177	71	171	68	164	66	156	65	147	65	137	65	128	66	120	68	112	71	105	75	99	80	94	84	90	87	87	89	85	90	84	90	84	
75:
75	4.151	122	123	121	123	119	124	116	126	112	129	107	133	101	138	94	142	87	145	81	147	76	148	72	148	68	147	65	145	63	142	62	138	62	133	63	127	65	120	68	114	72	108	76	103	79	97	81	92	82	88	82	85	81	83	79	82	76	82	72	83	67	85	61	86	55	86	50	85	46	83	43	80	41	76	40	71	40	66	41	60	42	53	42	45	41	38	39	32	36	27	32	23	27	20	21	18	16	17	12	17	9	18	7	20	6	23	6	27	7	32	9	38	12	43	16	48	21	53	27	57	34	62	42	66	51	70	61	75	70	80	79	86	87	93	94	99	101	104	107	109	112	113	116	117	119	120	121	122	122	123	122	123	
76:
55	0.438	101	70	100	71	98	72	95	74	91	77	86	80	80	83	73	85	65	86	56	86	47	85	39	84	32	82	26	79	21	75	17	70	14	64	12	57	11	49	11	42	12	35	14	29	17	23	21	18	26	14	32	11	39	9	47	8	56	8	66	9	77	11	88	13	98	14	107	15	115	15	122	15	128	14	133	12	137	11	140	11	142	12	143	14	143	17	142	20	140	24	137	29	133	35	128	42	122	49	116	55	111	60	107	64	104	67	102	69	101	70	101	70	
77:
83	2.321	100	86	101	87	103	89	104	92	106	94	109	97	111	101	113	104	115	106	118	107	120	107	122	106	123	104	124	101	124	97	123	92	122	86	121	79	121	71	120	64	118	58	117	53	117	49	118	46	120	44	123	43	126	43	130	44	133	46	135	49	136	53	136	58	137	64	139	71	141	79	142	88	142	97	141	107	139	118	136	128	134	137	131	145	127	152	123	158	118	163	112	167	105	170	98	172	91	173	83	173	74	172	66	170	58	167	51	165	45	164	39	164	34	165	30	167	27	170	25	173	23	175	22	177	21	178	20	178	19	177	19	175	20	172	22	168	25	163	29	157	34	150	40	142	47	133	55	124	64	116	72	109	79	103	85	98	90	94	94	91	97	89	99	87	100	86	100	86	
78:
75	2.438	59	130	60	131	62	133	65	135	69	138	73	140	77	141	80	141	82	140	83	138	83	135	82	131	80	126	77	120	73	113	68	105	62	96	55	86	47	77	38	69	30	61	23	54	17	48	12	43	8	38	5	33	3	28	2	22	2	15	3	8	5	2	8	-4	12	-9	17	-14	23	-18	30	-21	38	-23	47	-24	57	-24	68	-23	80	-21	92	-18	103	-14	113	-9	122	-3	130	3	137	10	144	18	150	27	155	37	159	47	162	57	164	67	165	78	165	88	164	97	162	105	159	112	155	118	150	123	144	127	137	130	129	132	120	133	112	134	104	134	95	133	87	133	80	132	74	130	69	129	65	129	62	129	60	129	59	130	59	130	
79:
63	0.737	166	69	165	69	163	69	160	68	156	66	153	63	151	61	150	58	150	55	151	51	153	47	156	42	159	36	163	31	168	27	172	24	175	21	177	18	178	16	178	13	177	10	175	8	172	7	168	6	163	6	157	7	150	9	142	12	134	16	126	20	117	24	108	29	99	35	91	41	84	48	77	56	71	65	66	75	62	84	59	92	57	99	56	105	56	110	57	114	59	118	62	121	66	123	71	124	77	124	84	123	92	121	101	118	111	114	121	109	130	103	138	96	145	90	151	84	156	79	160	75	163	72	165	70	166	69	166	69	
80:
67	0.791	83	28	84	29	84	31	83	34	82	37	80	39	77	40	73	40	69	39	66	37	64	34	63	30	63	25	63	19	64	14	66	10	69	7	73	5	78	4	84	4	91	5	97	7	103	10	108	14	112	19	115	25	117	32	118	40	118	49	117	59	115	69	112	78	108	86	103	93	97	99	90	104	82	108	73	111	63	114	53	116	44	117	36	117	29	116	23	114	18	112	14	111	11	109	9	106	8	102	8	97	9	92	11	86	14	81	18	77	23	74	29	72	36	69	44	65	52	60	59	55	65	49	70	43	74	38	77	34	80	31	82	29	83	28	83	28	
81:
81	6.422	120	14	121	15	122	17	124	20	126	24	128	29	129	35	130	42	130	48	129	53	127	57	124	60	120	62	116	63	111	63	105	62	98	60	90	57	82	54	75	50	69	45	64	39	60	33	57	26	55	19	54	13	53	8	52	3	50	-1	47	-4	43	-7	38	-9	32	-10	25	-10	19	-9	14	-7	9	-4	5	0	2	5	0	11	-1	18	-1	26	0	35	2	45	5	56	9	68	14	80	20	91	26	101	33	110	41	118	50	125	60	131	71	136	81	140	90	143	98	145	105	146	111	146	116	145	120	143	123	140	125	136	126	131	126	125	125	118	123	110	122	101	122	91	123	80	125	69	126	59	127	50	128	42	128	35	127	29	125	24	123	20	121	17	120	15	120	14	120	14	
82:
80	0.114	59	41	58	42	56	44	53	47	49	51	46	56	44	60	43	63	43	65	43	66	43	66	43	65	44	63	46	60	49	57	53	53	57	48	62	42	68	36	75	31	83	27	92	24	101	22	111	21	120	21	128	22	135	24	141	26	146	29	150	31	155	32	159	32	162	31	164	29	165	26	165	23	164	21	163	20	162	20	160	21	157	23	153	26	148	30	142	35	135	41	127	48	120	56	114	65	109	75	104	86	100	96	97	105	94	113	91	120	89	126	88	131	88	135	89	138	91	140	94	141	98	141	101	140	103	138	104	135	104	131	103	126	101	120	98	113	94	105	89	96	83	86	77	77	72	69	68	62	64	56	61	51	59	47	58	44	58	42	59	41	59	41	
83:
72	0.469	142	62	143	63	143	65	143	68	142	72	140	77	137	83	135	90	132	97	128	105	125	112	121	119	116	125	110	130	103	134	95	137	88	139	82	140	77	140	73	139	70	138	68	136	67	133	67	129	68	124	70	118	73	111	75	105	76	100	76	96	75	93	73	91	70	90	66	90	61	91	55	93	48	96	40	100	32	105	24	111	17	118	11	124	6	130	2	136	-1	143	-3	149	-4	154	-4	158	-3	161	-1	163	2	164	6	164	11	163	17	161	24	158	32	154	40	149	49	143	59	136	69	128	80	121	90	113	99	104	107	96	114	89	121	83	127	77	132	72	136	68	139	65	141	63	142	62	142	62	
84:
78	0.127	134	56	135	57	136	59	136	62	136	65	135	67	133	69	130	70	127	70	123	69	118	67	114	64	111	60	108	55	106	49	105	43	105	37	106	31	108	25	111	20	115	16	118	13	120	11	121	10	121	8	120	5	118	1	115	-4	111	-9	106	-13	100	-16	93	-18	85	-19	77	-19	70	-18	63	-16	57	-13	52	-9	48	-4	45	2	43	9	42	17	42	26	43	36	45	47	48	59	52	70	57	80	63	89	70	97	78	104	87	110	97	115	108	119	119	122	129	126	138	130	146	133	153	135	159	136	164	136	168	135	171	133	173	130	174	126	174	121	173	115	171	108	168	100	164	92	159	84	153	77	148	71	144	66	140	62	137	59	135	57	134	56	134	56	
85:
71	19.393	175	66	176	65	178	63	181	60	185	56	188	52	190	47	191	41	191	34	190	27	188	21	185	15	181	10	176	6	170	3	165	1	161	0	158	0	155	1	152	3	150	6	147	10	143	15	138	21	132	28	125	36	117	45	108	55	99	66	91	76	84	85	78	93	71	100	63	107	56	113	50	118	45	122	41	126	38	129	36	131	35	134	35	136	36	138	38	139	41	141	45	143	50	144	56	146	62	149	69	152	77	154	86	155	96	155	106	154	115	152	125	149	134	145	142	140	150	134	157	127	163	119	168	110	172	102	175	94	177	87	178	81	178	76	177	72	176	69	175	67	175	66	175	66	
86:
85	2.443	60	12	61	11	63	10	66	9	70	9	74	10	79	10	85	11	92	13	99	16	105	20	110	25	114	30	117	36	119	43	121	49	122	54	122	58	121	61	119	63	117	64	116	64	115	63	115	61	115	58	116	54	118	49	121	43	125	37	130	31	136	26	143	22	151	19	159	17	166	16	172	16	177	17	181	19	184	22	186	25	187	29	187	34	186	40	185	47	185	55	184	64	182	74	179	85	177	97	174	108	171	118	167	127	162	135	156	142	149	148	141	153	132	157	123	160	113	162	103	163	94	163	85	162	77	160	70	157	64	153	58	148	53	142	49	135	46	127	43	118	41	108	40	98	40	88	41	78	43	67	46	57	48	48	51	40	53	33	54	27	56	22	57	18	59	15	60	13	60	12	60	12	
87:
72	33.23	36	160	37	161	39	163	42	166	46	170	51	175	57	179	64	182	72	184	81	185	90	185	98	184	105	182	111	179	117	175	122	170	126	164	129	157	131	149	132	140	132	130	131	121	130	113	130	106	131	100	133	93	136	87	140	82	145	78	150	75	156	73	161	71	165	70	168	70	170	70	171	69	171	67	170	64	168	60	165	55	161	49	156	44	150	40	143	37	135	34	126	32	116	30	105	29	93	28	82	28	71	29	61	31	52	34	44	38	37	43	31	49	26	56	21	64	17	73	14	83	12	94	11	105	11	115	12	124	14	132	17	139	21	145	26	150	30	154	33	157	35	159	36	160	36	160	
88:
86	79.423	177	162	177	161	176	159	175	156	173	152	171	147	169	141	168	134	167	126	167	117	166	108	165	100	164	92	163	84	161	77	158	71	154	65	149	60	143	56	136	53	128	51	119	50	110	50	100	51	91	53	83	56	76	60	70	65	63	69	56	72	50	74	45	75	41	75	38	74	36	72	35	69	35	65	36	60	38	54	40	47	42	39	43	31	43	24	42	18	40	13	37	9	33	6	28	3	22	1	15	0	8	0	2	1	-4	3	-9	6	-13	10	-16	15	-18	21	-19	28	-19	36	-18	45	-16	55	-13	66	-9	77	-4	89	2	102	9	114	17	125	26	135	36	144	47	152	59	159	72	165	86	170	99	174	111	177	122	179	132	180	141	180	149	179	156	177	162	174	167	170	171	167	174	165	176	163	177	162	177	162	
89:
54	0.414	39	13	40	12	42	11	45	10	49	10	54	11	60	13	67	16	73	20	80	25	88	31	97	38	107	46	116	54	124	63	131	73	137	84	142	94	146	103	150	111	154	118	157	125	159	131	160	137	160	142	159	146	157	149	154	151	150	153	145	154	139	154	134	153	129	151	123	148	116	144	110	139	104	133	99	126	95	118	92	109	88	99	83	89	79	79	74	68	69	58	63	49	57	41	52	34	48	28	45	23	42	19	40	16	39	14	39	13	39	13	
90:
71	2.309	151	37	150	38	150	40	150	43	150	47	151	52	153	58	156	65	160	73	165	82	170	91	174	101	177	112	179	122	181	131	182	139	182	146	181	152	179	157	176	161	172	165	167	168	161	170	154	171	146	171	137	170	127	168	117	165	108	161	98	156	89	150	81	143	74	135	66	126	57	116	47	105	38	93	30	80	23	68	17	56	12	45	7	35	3	25	0	16	-2	8	-3	1	-3	-5	-2	-10	0	-14	3	-17	7	-19	12	-20	18	-20	25	-19	33	-17	42	-14	52	-10	63	-5	75	0	86	6	96	12	106	17	115	21	123	24	130	27	136	30	141	32	145	33	148	34	150	36	151	37	151	37	
91:
70	11.913	126	4	125	5	123	5	120	4	116	2	111	1	105	-1	98	-2	90	-3	83	-3	76	-3	70	-2	65	0	60	3	56	7	53	12	51	18	50	25	50	32	51	38	53	45	56	51	60	56	65	60	70	63	74	65	77	68	79	71	80	73	80	75	79	76	77	77	74	79	71	82	67	86	64	91	61	97	59	103	57	109	56	116	56	122	57	127	58	131	60	134	63	136	67	137	72	137	78	136	85	134	92	131	100	127	108	123	115	118	121	112	127	105	132	97	136	89	139	80	141	70	142	59	142	49	141	40	139	32	136	25	132	19	129	14	127	10	126	7	126	5	126	4	126	4	
92:
69	0.426	24	161	25	160	27	160	30	159	34	157	39	154	45	151	51	147	57	142	62	136	67	129	71	121	74	113	76	104	77	96	77	87	76	79	74	72	71	65	67	57	63	49	60	41	58	34	57	28	57	23	58	19	60	16	63	13	67	11	72	10	78	10	85	11	91	13	98	16	106	20	115	24	124	29	132	35	139	42	145	50	150	59	154	67	157	76	159	84	160	92	160	101	159	111	157	122	154	132	150	141	146	150	141	158	135	165	128	171	120	176	111	180	101	183	90	185	79	186	69	186	60	185	52	183	45	180	39	176	34	171	30	167	27	164	25	162	24	161	24	161	
93:
80	32.466	169	140	168	139	166	137	163	134	159	130	154	125	148	119	141	112	133	104	126	97	119	89	113	80	108	72	104	65	101	59	99	53	98	47	98	42	98	38	99	35	99	33	98	32	96	32	93	33	89	35	84	38	78	42	71	45	63	47	55	48	48	48	42	47	37	45	33	42	30	38	28	33	27	27	27	22	26	18	24	15	22	13	19	12	15	12	10	13	5	15	-1	17	-7	20	-12	24	-16	29	-19	35	-21	42	-22	50	-22	59	-21	69	-19	80	-16	91	-12	103	-7	114	-1	124	6	133	14	141	23	148	32	154	42	159	53	163	65	166	78	168	91	169	103	169	114	168	124	166	133	163	141	159	148	154	154	150	159	146	163	143	166	141	168	140	169	140	169	140	
94:
74	0.413	101	26	102	25	104	23	106	20	108	16	109	12	109	9	108	7	106	6	103	6	99	7	94	9	90	12	87	16	85	21	84	27	84	34	84	42	85	49	87	56	90	62	94	68	99	73	105	77	112	80	119	82	125	83	130	83	134	82	137	80	139	77	140	73	140	69	139	64	137	58	134	52	130	47	125	42	119	38	112	35	105	33	97	32	88	32	78	33	67	35	57	36	48	36	40	36	33	36	27	37	22	38	18	38	15	39	13	41	12	44	12	47	13	51	15	54	18	56	22	57	27	57	33	56	40	54	48	51	56	47	65	42	73	37	80	33	86	30	91	28	95	26	98	25	100	25	101	26	101	26	
95:
61	0.493	5	20	4	21	2	23	-1	26	-4	30	-7	34	-9	39	-10	45	-10	52	-9	60	-7	69	-4	78	0	86	5	93	11	99	18	104	26	108	35	111	44	113	54	114	65	114	77	113	90	111	102	108	113	105	123	101	132	96	140	90	147	83	153	75	158	67	162	60	165	53	167	46	168	40	168	34	167	29	165	25	162	22	158	20	153	19	147	19	140	19	132	20	123	22	114	25	104	27	93	28	81	28	70	27	60	25	50	23	41	22	33	22	26	22	20	21	15	19	11	18	8	18	6	19	5	20	5	20	
96:
80	39.905	155	40	156	41	157	43	158	46	160	50	163	55	167	61	170	67	172	74	173	82	173	91	172	99	170	106	167	112	163	117	158	121	152	124	145	126	137	128	128	130	120	131	113	133	106	136	100	140	95	143	91	145	88	146	86	146	85	145	85	143	86	140	88	136	91	131	93	125	95	118	96	110	96	101	95	91	93	80	90	70	86	61	83	53	79	46	75	39	71	33	66	28	60	24	53	21	45	19	38	18	32	18	27	19	23	21	20	24	18	28	17	33	17	39	18	45	20	51	23	56	27	60	32	63	38	65	45	66	53	66	62	65	72	65	83	64	93	62	102	59	111	55	119	52	127	50	134	48	140	47	145	46	149	44	152	42	154	41	155	40	155	40	
97:
82	22.833	104	73	105	72	107	71	110	69	114	66	119	62	125	58	131	55	136	53	140	52	143	52	145	53	146	55	146	58	145	62	143	67	141	73	138	80	135	88	133	97	132	106	132	115	133	123	135	131	138	138	142	144	147	149	153	153	158	156	162	158	166	159	169	159	171	158	172	157	172	157	171	158	169	160	166	162	163	164	159	165	154	165	148	164	141	162	133	159	124	155	114	152	103	150	91	149	79	148	67	148	56	149	46	149	37	148	29	147	22	146	16	146	11	145	7	143	4	142	2	140	1	137	1	133	2	130	4	126	7	121	11	115	16	110	22	106	29	103	37	99	45	96	54	94	63	93	71	93	78	92	84	90	89	87	94	83	98	79	101	76	103	74	104	73	104	73	
98:
63	7.509	177	161	177	160	176	158	176	155	175	151	173	146	170	140	166	133	162	125	157	116	153	106	148	95	142	83	135	72	129	62	124	53	118	45	111	38	103	32	94	26	84	21	75	17	65	14	56	12	48	11	41	11	35	12	30	14	26	17	23	21	21	26	20	32	20	39	21	47	23	56	25	65	26	75	26	86	26	98	27	110	29	121	32	131	36	140	41	148	47	155	54	161	61	166	69	171	78	175	88	178	99	180	111	181	122	181	132	180	141	180	149	179	156	177	162	174	167	170	171	167	174	164	176	162	177	161	177	161	
99:
55	2.139	35	80	34	79	32	77	29	74	27	70	26	67	26	65	27	64	29	62	32	59	36	55	41	52	47	50	54	49	60	49	65	48	69	46	72	43	74	39	75	36	75	34	74	33	72	33	71	34	71	36	72	39	74	43	77	48	81	53	86	59	91	66	96	74	100	81	104	87	107	92	109	96	110	99	110	102	109	105	107	107	104	108	101	108	97	107	92	105	86	102	79	98	71	93	63	88	56	84	50	81	45	79	41	78	38	78	36	79	35	80	35	80	