0:
18	0.012	6	6	5	7	4	7	2	8	1	8	0	8	0	7	1	5	2	3	3	2	3	1	2	1	2	1	3	1	5	2	6	3	6	5	6	6	6	6	
1:
22	0.031	4	2	4	1	5	0	6	0	7	1	8	1	8	0	8	0	8	1	8	3	9	4	9	4	9	3	8	3	6	3	3	4	1	5	0	5	0	4	1	4	3	3	4	2	4	2	
2:
23	0.011	9	4	9	5	9	6	9	8	8	9	7	9	6	8	6	6	7	4	7	3	6	3	4	4	2	5	0	6	-2	6	-3	5	-3	3	-2	1	0	0	3	0	6	1	8	3	9	4	9	4	
3:
25	0.01	8	7	9	8	9	9	8	10	7	10	6	9	6	8	7	6	7	3	6	1	6	0	7	0	8	0	8	1	7	2	5	2	3	1	1	1	0	2	0	3	1	3	3	3	5	4	7	6	8	7	8	7	
4:
27	0.04	2	1	2	2	2	2	3	1	3	0	3	0	3	1	3	3	4	4	6	5	7	6	7	7	7	9	6	10	4	10	3	9	3	8	4	6	6	4	8	3	9	3	9	2	8	0	6	-1	4	-1	3	0	2	1	2	1	
5:
15	0.01	7	9	8	8	8	6	8	3	7	1	5	0	4	0	3	1	2	3	1	6	1	8	2	9	4	9	6	9	7	9	7	9	
6:
19	0.02	8	7	9	7	9	8	8	8	6	8	4	7	3	5	1	3	0	2	0	2	0	3	1	3	3	2	6	1	8	1	9	2	9	4	8	6	8	7	8	7	
7:
21	0.025	1	0	2	1	3	3	3	4	4	4	5	4	5	3	6	3	8	4	9	5	9	7	9	8	9	10	8	11	6	11	3	10	1	8	0	5	0	3	0	1	1	0	1	0	
8:
25	0.02	8	0	7	1	5	1	3	2	2	2	2	3	3	3	3	4	2	4	1	5	1	6	2	7	2	8	1	8	0	8	0	9	1	9	3	9	6	9	8	9	9	8	9	6	8	3	8	1	8	0	8	0	
9:
24	0.028	9	8	10	7	10	5	9	4	7	3	6	2	5	2	5	1	6	0	6	0	5	1	3	2	1	2	0	1	0	0	-1	0	-2	1	-2	2	-1	4	1	6	4	7	6	7	8	7	9	8	9	8	
10:
25	0.012	9	2	9	3	8	3	8	2	7	0	5	-1	3	-1	2	0	2	1	3	3	5	5	7	6	8	7	8	8	7	9	5	10	3	10	1	9	0	9	0	8	1	7	3	5	6	3	8	2	9	2	9	2	
11:
18	0.015	4	1	5	1	7	2	8	3	9	4	9	4	8	4	7	5	5	5	3	6	2	8	2	9	1	9	0	8	0	6	1	4	3	2	4	1	4	1	
12:
19	0.012	3	7	3	6	3	5	2	5	0	6	-1	6	-1	5	0	3	2	1	5	0	7	0	8	1	8	3	8	6	7	8	6	9	4	9	3	8	3	7	3	7	
13:
22	0.01	9	1	9	0	8	0	6	1	5	2	5	4	6	6	8	7	9	8	9	8	8	7	6	6	3	6	1	7	0	8	0	9	1	9	2	8	4	6	6	4	8	2	9	1	9	1	
14:
21	0.013	4	9	3	8	2	6	1	4	0	2	0	1	1	1	3	1	5	1	7	2	8	2	8	2	7	3	7	4	8	6	9	8	9	9	8	9	6	8	5	8	4	9	4	9	
15:
21	0.009	8	8	7	7	5	7	4	8	3	8	3	7	3	6	4	4	6	3	7	3	7	2	6	1	4	0	2	0	1	0	1	0	2	1	3	3	5	5	7	7	8	8	8	8	
16:
22	0.01	9	8	8	9	6	9	5	9	4	9	4	8	5	6	7	3	9	1	10	-2	10	-4	9	-5	7	-5	4	-5	2	-4	1	-2	1	1	2	4	4	6	6	7	8	7	9	8	9	8	
17:
23	0.032	0	1	1	1	3	1	4	1	4	2	3	3	1	5	0	6	0	8	1	9	3	9	4	9	6	9	7	9	7	8	7	6	6	3	6	1	6	0	5	-1	3	-1	1	0	0	1	0	1	
18:
21	0.011	5	1	4	2	3	2	2	1	2	1	3	2	3	4	3	6	2	7	1	7	0	7	0	8	1	8	3	7	6	7	8	7	9	6	9	4	8	2	6	1	5	1	5	1	
19:
18	0.008	9	2	9	3	8	4	6	4	5	5	5	7	5	8	6	8	7	9	7	9	6	8	4	7	3	6	3	4	4	2	6	1	8	1	9	2	9	2	
20:
24	0.017	1	4	2	3	4	2	6	1	8	1	9	1	9	1	8	1	6	2	5	4	4	6	4	8	5	9	7	9	8	10	8	11	7	12	5	12	3	11	1	10	0	8	0	6	0	5	1	4	1	4	
21:
25	0.009	0	5	0	6	0	8	1	9	3	9	4	8	4	6	4	4	5	3	7	3	8	4	9	6	9	8	9	9	8	9	6	8	4	6	3	3	3	1	3	0	4	0	4	1	3	2	1	4	0	5	0	5	
22:
24	0.031	6	9	5	8	4	7	4	6	5	6	5	5	4	4	3	3	3	2	4	1	5	1	6	1	6	0	5	0	3	-1	2	-1	0	0	-1	2	-1	4	0	7	2	9	3	10	5	10	6	9	6	9	
23:
21	0.025	1	8	2	7	4	6	6	5	7	5	7	6	7	6	7	5	7	3	7	1	8	0	9	0	9	0	8	0	6	-1	4	-1	2	0	1	2	0	5	0	7	1	8	1	8	
24:
24	0.022	8	7	7	7	7	8	8	9	9	9	9	8	8	6	6	5	4	5	3	6	3	8	2	9	0	9	-1	8	-1	6	0	4	2	2	5	1	7	1	9	1	10	2	10	4	9	6	8	7	8	7	
25:
20	0.019	7	3	8	2	8	2	8	3	9	5	9	7	9	8	8	9	6	9	4	8	3	6	2	3	0	1	-1	-1	-1	-2	0	-2	2	-1	4	0	6	2	7	3	7	3	
26:
18	0.008	7	4	6	5	6	6	7	6	7	7	6	7	4	6	3	5	3	4	4	2	4	0	3	-1	2	-1	2	0	3	1	5	3	6	4	7	4	7	4	
27:
23	0.012	3	3	3	2	3	1	3	0	2	0	2	1	1	2	1	4	2	5	3	6	3	7	2	8	2	8	3	7	5	6	6	6	8	5	9	3	9	2	8	1	6	1	4	2	3	3	3	3	
28:
16	0.008	0	7	1	6	2	6	2	5	3	5	5	6	6	6	7	5	8	4	8	2	7	1	5	1	3	2	1	4	0	6	0	7	0	7	
29:
23	0.01	2	4	1	5	1	5	2	4	4	3	5	2	5	1	4	1	4	2	5	3	7	3	8	2	8	2	7	3	5	5	4	7	3	9	2	10	2	10	2	9	1	7	1	5	2	4	2	4	
30:
20	0.01	2	6	2	5	3	5	3	5	2	5	1	5	1	4	1	2	1	1	2	1	4	2	7	3	9	5	10	6	10	8	9	9	7	9	5	8	3	7	2	6	2	6	
31:
28	0.016	7	2	8	3	8	3	9	2	9	0	8	-1	6	-1	4	0	3	2	3	3	4	4	6	5	7	5	7	6	6	7	5	7	5	8	6	8	6	9	5	11	3	12	2	12	1	11	1	9	2	6	4	4	6	3	7	2	7	2	
32:
19	0.012	2	3	1	2	0	2	0	3	0	5	1	7	1	9	2	10	3	10	4	9	5	7	6	5	6	4	5	2	4	1	2	1	1	1	1	2	2	3	2	3	
33:
26	0.015	1	9	1	8	1	6	2	5	4	5	5	4	5	3	4	2	2	2	0	3	-1	5	-1	8	-1	10	0	11	2	11	4	10	7	8	9	5	10	3	10	2	9	2	7	3	4	4	2	6	1	8	1	9	1	9	
34:
20	0.011	4	0	5	0	7	0	8	1	8	2	7	4	5	5	3	5	2	4	2	4	3	4	4	5	5	7	6	8	6	8	5	7	5	5	5	3	5	1	4	0	4	0	
35:
20	0.013	9	5	9	6	8	7	6	7	4	7	3	7	3	8	4	9	4	9	3	8	2	6	1	3	1	1	2	0	4	0	7	0	9	1	10	2	10	4	9	5	9	5	
36:
27	0.014	1	8	2	9	3	9	4	8	4	6	3	4	2	3	1	2	1	2	2	3	4	3	6	4	8	6	9	8	9	9	8	9	7	8	7	6	7	4	8	2	9	1	9	1	8	2	6	4	4	6	2	7	1	8	1	8	
37:
22	0.016	6	3	5	2	4	1	4	1	3	2	3	3	2	3	1	2	1	1	2	0	4	0	5	1	5	3	6	6	6	8	6	9	5	9	4	9	4	8	4	6	5	4	6	3	6	3	
38:
20	0.009	4	7	3	7	2	7	2	6	2	6	2	7	1	7	1	6	2	4	4	3	5	2	7	2	8	3	9	3	9	2	8	2	6	3	5	5	4	6	4	7	4	7	
39:
21	0.009	3	9	4	9	6	9	8	8	9	6	9	5	8	4	7	4	6	4	6	3	7	3	8	2	8	1	7	1	5	0	3	0	2	1	1	3	1	6	2	8	3	9	3	9	
40:
21	0.01	6	4	5	3	3	3	1	2	0	1	0	1	0	2	1	4	2	6	2	8	3	9	5	9	6	8	6	6	6	3	6	1	7	0	8	0	8	1	7	3	6	4	6	4	
41:
17	0.014	5	5	5	4	6	4	7	3	7	3	6	3	5	4	4	6	4	8	4	9	3	9	2	8	2	6	2	5	3	5	4	5	5	5	5	5	
42:
23	0.036	9	7	9	8	8	9	8	9	9	8	9	6	8	4	7	3	6	2	6	2	5	3	5	4	4	4	4	3	3	2	2	2	2	3	3	5	3	7	4	8	6	8	8	7	9	7	9	7	
43:
17	0.008	5	7	5	8	6	8	7	7	8	5	8	3	7	1	6	0	4	0	2	1	0	3	-1	6	-1	8	0	9	2	9	4	8	5	7	5	7	
44:
18	0.025	1	8	0	7	0	5	1	4	3	4	5	4	6	4	6	3	5	2	4	1	3	1	3	0	2	0	1	1	1	3	0	5	0	7	1	8	1	8	
45:
19	0.015	6	9	7	8	7	7	8	7	8	6	7	6	5	6	3	6	2	5	2	3	2	2	1	2	0	3	0	5	0	6	1	6	3	7	5	8	6	9	6	9	
46:
26	0.014	9	0	9	1	8	2	6	2	5	1	5	1	4	2	4	3	3	5	3	6	4	6	6	6	8	6	9	7	9	8	8	8	6	9	4	9	2	9	1	9	1	8	2	6	4	3	6	1	8	0	9	0	9	0	
47:
20	0.009	7	2	8	2	8	1	7	0	6	0	6	1	6	3	6	5	7	6	8	6	8	6	7	7	5	9	3	10	2	10	2	9	3	7	4	5	6	3	7	2	7	2	
48:
12	0.007	5	1	4	0	2	0	1	0	1	1	2	3	2	4	3	5	4	5	5	4	5	2	5	1	5	1	
49:
21	0.023	2	4	1	3	1	1	2	0	4	0	6	0	7	1	7	3	6	5	6	6	7	7	8	7	8	8	7	9	5	9	3	10	1	10	0	9	0	7	1	5	2	4	2	4	
50:
23	0.01	1	9	2	9	4	9	6	8	7	6	7	3	6	1	4	0	2	0	1	0	0	0	0	-1	1	-2	3	-3	6	-3	8	-2	9	-1	9	1	8	2	6	4	4	6	2	8	1	9	1	9	
51:
18	0.029	6	9	7	8	9	8	10	7	10	6	9	6	7	6	4	6	2	5	1	4	1	4	0	5	0	7	0	8	1	8	3	8	5	9	6	9	6	9	
52:
19	0.02	3	8	3	7	2	6	1	5	0	4	0	2	1	1	3	1	5	1	6	2	6	4	6	6	7	7	8	7	8	6	7	6	5	7	4	7	3	8	3	8	
53:
20	0.011	7	9	8	8	8	7	8	7	7	8	5	9	3	9	2	8	0	6	-1	5	-1	4	0	3	2	1	4	0	5	0	5	1	5	3	5	6	6	8	7	9	7	9	
54:
22	0.01	5	0	6	0	7	0	7	0	6	-1	4	-1	3	0	3	2	4	3	6	4	7	6	7	9	6	11	4	12	2	12	0	11	-1	9	-1	6	0	4	2	2	4	1	5	0	5	0	
55:
16	0.012	1	6	2	6	3	7	3	9	4	10	5	10	6	9	6	7	6	5	5	4	3	4	2	3	1	3	0	4	0	5	1	6	1	6	
56:
24	0.013	2	1	1	2	1	4	1	5	2	5	4	5	5	6	5	7	5	9	4	10	2	11	1	11	0	10	0	8	1	7	3	5	4	3	6	2	7	2	7	3	6	3	4	2	3	1	2	1	2	1	
57:
23	0.011	3	6	4	5	6	5	7	4	7	3	8	3	9	4	9	4	8	3	7	1	5	-1	3	-2	1	-2	0	-1	0	1	0	4	1	6	3	8	4	9	5	9	5	8	4	7	3	6	3	6	
58:
23	0.011	8	1	9	2	9	4	8	5	6	5	5	4	4	4	4	3	3	3	2	4	2	6	3	8	4	9	4	9	3	8	1	6	0	4	0	2	1	1	3	1	5	2	7	2	8	1	8	1	
59:
23	0.035	9	2	8	2	8	2	9	3	9	5	8	6	7	6	6	5	6	3	5	2	5	2	6	3	6	5	5	6	3	6	1	5	0	3	0	1	1	0	3	0	6	0	8	1	9	2	9	2	
60:
23	0.011	1	7	2	7	4	8	5	9	5	9	4	9	3	8	3	6	4	4	6	3	7	3	7	2	6	1	6	0	7	0	8	0	9	0	9	0	8	1	6	2	4	4	2	6	1	7	1	7	
61:
23	0.011	5	4	6	4	6	4	5	4	4	3	4	2	5	1	7	1	9	2	10	4	11	6	11	7	10	8	8	8	7	7	6	5	5	4	3	2	2	1	2	1	3	2	4	3	5	4	5	4	
62:
20	0.011	6	3	7	2	7	2	6	3	6	5	7	6	8	6	9	6	9	6	8	7	6	9	3	10	1	10	0	9	0	7	1	5	2	3	4	2	5	2	6	3	6	3	
63:
24	0.092	2	8	3	7	4	5	5	3	5	2	4	2	2	2	1	2	1	1	2	1	4	0	6	0	7	1	7	2	7	4	7	6	8	7	9	7	9	6	8	5	6	5	4	6	3	7	2	8	2	8	
64:
21	0.072	2	7	1	8	0	8	0	7	1	5	3	3	4	2	4	1	5	1	6	1	8	1	9	0	10	0	11	1	11	3	10	6	8	8	5	9	3	9	2	8	2	7	2	7	
65:
19	0.036	9	6	8	5	6	4	5	3	5	2	4	2	3	3	2	3	1	3	1	4	2	5	2	7	3	8	4	8	4	7	5	6	6	5	8	5	9	6	9	6	
66:
21	0.01	2	5	3	6	3	7	4	7	6	6	7	5	8	4	9	4	9	5	8	7	8	8	7	8	6	7	4	5	3	3	3	2	2	1	1	1	1	2	1	4	2	5	2	5	
67:
22	0.034	9	6	8	5	7	5	7	6	7	8	7	9	6	9	4	8	3	6	3	5	2	5	1	5	0	5	0	4	1	2	3	1	6	0	8	0	9	1	9	3	9	5	9	6	9	6	
68:
27	0.034	0	9	1	8	3	8	5	8	7	9	8	9	8	8	7	7	6	5	5	4	5	2	4	1	2	1	1	2	0	2	0	1	1	0	3	-1	6	-1	8	0	9	2	9	4	8	5	6	5	3	6	1	8	0	9	0	9	
69:
18	0.008	7	3	6	4	4	6	3	7	2	7	1	6	1	5	1	3	1	1	2	0	4	0	5	1	7	1	8	0	9	0	9	1	8	2	7	3	7	3	
70:
22	0.033	9	2	9	3	9	5	8	7	6	8	5	8	5	9	6	9	6	8	5	7	3	7	1	8	0	9	-1	9	-2	8	-2	6	-1	4	1	2	3	1	6	1	8	1	9	2	9	2	
71:
19	0.012	4	5	5	5	5	4	4	2	2	1	1	1	1	2	1	3	0	3	0	4	1	4	3	3	5	2	7	2	8	2	8	3	7	3	5	4	4	5	4	5	
72:
18	0.014	8	4	8	3	8	2	7	2	5	2	4	2	4	1	4	0	3	0	2	1	1	2	1	4	1	6	2	7	3	7	5	6	7	5	8	4	8	4	
73:
23	0.011	3	2	2	2	2	3	3	3	5	3	7	4	9	6	10	7	10	7	9	6	9	4	9	2	9	1	8	1	6	2	4	4	2	6	1	7	0	7	0	6	1	4	2	3	3	2	3	2	
74:
17	0.01	4	5	5	5	6	4	6	2	6	0	7	-1	9	-1	10	0	10	2	9	5	7	7	5	8	3	9	2	9	2	8	3	6	4	5	4	5	
75:
15	0.009	8	6	7	6	6	5	5	5	5	6	4	7	3	7	2	6	1	4	1	3	2	2	4	2	5	3	7	5	8	6	8	6	
76:
19	0.01	6	3	6	2	7	2	7	3	6	3	5	4	4	6	3	8	2	9	1	9	0	8	0	6	1	3	1	1	2	0	3	0	4	1	5	2	6	3	6	3	
77:
20	0.02	0	5	1	4	2	3	2	1	1	0	1	0	2	1	2	3	3	5	5	7	6	8	8	9	9	9	9	8	9	6	8	4	6	3	3	3	1	4	0	5	0	5	
78:
26	0.011	9	2	9	3	9	4	9	4	10	3	10	1	9	0	7	0	6	1	5	3	4	5	3	6	1	6	0	5	0	4	0	3	1	3	2	4	3	5	5	7	8	8	10	8	11	7	11	5	10	3	9	2	9	2	
79:
22	0.011	1	7	2	7	4	8	5	8	6	7	6	5	6	4	7	3	9	3	10	4	10	5	9	6	8	6	6	5	3	4	1	2	0	1	-1	1	-1	2	-1	4	0	6	1	7	1	7	
80:
20	0.008	3	3	2	2	1	2	1	3	2	5	2	7	3	8	5	8	7	8	8	7	8	5	7	3	5	1	3	0	1	0	0	0	0	1	1	1	2	2	3	3	3	3	
81:
18	0.013	2	9	1	9	0	8	0	6	0	3	1	1	2	0	4	0	5	1	5	3	6	4	7	4	8	4	8	4	7	5	5	6	3	8	2	9	2	9	
82:
21	0.009	8	4	8	3	8	2	7	2	7	3	6	4	5	6	5	7	6	8	7	8	7	9	6	9	4	8	2	6	1	4	1	2	2	1	3	1	5	2	7	3	8	4	8	4	
83:
22	0.024	9	1	8	1	6	2	5	2	3	1	2	1	2	2	3	3	5	5	7	6	8	7	8	8	8	9	9	9	9	9	8	10	7	10	6	9	6	7	7	4	8	2	9	1	9	1	
84:
16	0.007	4	5	3	5	2	5	1	6	0	6	0	7	1	7	3	6	6	6	8	5	9	4	9	3	8	3	6	4	5	4	4	5	4	5	
85:
24	0.015	7	3	6	3	5	4	4	4	4	5	5	7	6	8	7	8	7	7	6	6	4	6	2	7	1	8	0	9	-1	9	-1	8	0	6	1	3	1	1	1	0	2	0	4	1	6	2	7	3	7	3	
86:
19	0.012	7	4	6	5	5	5	3	5	2	5	2	4	3	3	3	3	2	4	1	6	1	8	2	9	3	9	5	9	7	9	8	8	8	6	7	5	7	4	7	4	
87:
21	0.011	2	5	1	6	0	7	0	8	0	9	1	9	3	8	5	8	6	7	6	5	6	4	7	4	8	5	9	5	9	4	8	2	6	1	4	1	3	2	2	4	2	5	2	5	
88:
18	0.021	8	3	8	2	7	2	6	3	5	3	4	4	4	5	3	5	1	6	0	7	0	8	1	8	3	8	5	8	7	7	8	5	8	4	8	3	8	3	
89:
24	0.019	6	3	5	4	3	5	2	6	2	6	2	5	2	4	2	2	3	1	4	0	6	0	7	1	8	2	8	2	9	1	10	1	10	2	9	4	8	6	8	7	7	7	6	6	6	4	6	3	6	3	
90:
19	0.007	4	9	5	8	7	8	8	9	9	9	9	8	9	6	9	4	8	3	6	3	5	4	4	5	3	6	1	6	0	5	0	5	1	6	3	8	4	9	4	9	
91:
18	0.012	2	6	1	7	1	8	2	9	4	9	6	8	8	7	9	7	9	6	8	4	7	2	6	1	4	0	2	0	1	1	1	3	2	5	2	6	2	6	
92:
21	0.009	2	4	3	4	4	4	5	5	5	7	6	8	8	8	9	7	9	6	8	6	6	7	3	7	1	7	0	6	0	4	1	2	1	1	0	1	0	2	1	3	2	4	2	4	
93:
20	0.013	6	2	5	3	4	3	3	4	2	6	1	7	1	7	2	7	3	7	4	8	4	9	5	9	6	8	8	6	9	3	9	1	8	0	7	0	6	1	6	2	6	2	
94:
22	0.024	0	0	1	1	2	1	3	2	4	4	6	5	8	5	9	4	10	2	10	1	9	1	9	2	8	4	7	6	7	7	6	8	4	8	2	7	0	5	-1	3	-1	1	0	0	0	0	
95:
18	0.011	2	1	2	0	1	0	0	1	0	3	0	5	1	6	3	6	4	7	4	9	5	10	6	10	7	9	7	7	6	4	4	2	3	1	2	1	2	1	
96:
19	0.023	9	9	9	8	9	8	8	9	6	9	5	8	5	6	4	5	2	5	1	5	1	4	1	3	0	3	0	3	1	4	3	6	6	8	8	9	9	9	9	9	
97:
21	0.014	9	9	8	10	6	10	4	9	3	8	3	7	2	7	1	7	1	6	2	5	3	4	3	2	3	0	2	-1	1	-1	1	0	2	2	4	4	6	6	8	8	9	9	9	9	
98:
18	0.015	3	9	4	9	6	8	7	8	8	7	9	5	9	3	8	2	6	2	4	2	3	1	3	0	3	0	4	1	5	3	5	6	4	8	3	9	3	9	
99:
24	0.018	0	6	0	7	0	8	1	8	1	7	1	5	1	4	2	4	4	4	6	5	7	5	7	4	6	3	5	1	5	0	6	0	8	1	9	1	9	0	8	0	6	1	3	3	1	5	0	6	0	6	