0:
77	5.637	99	63	100	64	102	65	105	65	109	65	114	66	119	68	124	71	128	75	131	80	133	86	134	93	134	100	133	106	131	111	128	115	124	118	119	120	113	121	106	121	98	120	89	118	79	115	70	111	62	106	55	102	49	98	44	93	40	88	37	82	34	75	32	67	31	59	31	51	32	43	34	35	35	28	35	22	34	16	32	11	29	7	25	4	20	2	16	1	13	1	11	1	10	0	10	-2	11	-5	13	-8	16	-10	20	-12	25	-13	31	-13	38	-14	46	-16	55	-18	65	-19	74	-19	82	-18	89	-16	95	-14	100	-11	105	-7	109	-2	112	4	114	11	115	19	115	27	114	35	112	42	110	48	107	53	104	57	102	60	100	62	99	63	99	63	
1:
61	0.732	6	74	5	73	4	71	4	68	5	64	7	59	10	55	13	52	17	50	21	49	26	49	32	48	38	46	45	43	52	39	60	34	69	29	78	24	86	18	93	13	99	9	104	6	108	4	111	3	113	3	116	4	120	6	123	9	127	13	130	18	132	24	133	31	133	39	133	47	134	55	136	62	137	70	138	79	138	87	137	94	135	100	132	105	128	109	123	112	117	114	110	115	102	115	93	114	83	113	72	111	61	108	51	104	42	99	34	94	27	90	21	87	16	84	12	80	9	77	7	75	6	74	6	74	
2:
76	0.608	113	58	112	59	110	61	107	63	104	66	102	70	101	75	101	80	102	84	104	87	107	89	111	91	116	92	121	92	125	91	128	89	130	86	131	82	131	77	130	71	128	64	125	56	122	47	120	39	118	31	117	24	117	18	117	13	117	9	118	6	119	4	120	3	120	3	119	4	117	6	114	9	110	13	105	18	101	24	96	30	90	37	83	44	75	50	66	56	57	61	49	65	40	68	32	70	25	71	19	71	14	70	10	68	7	65	5	61	4	56	4	50	5	43	7	37	10	32	14	28	19	25	25	23	32	22	40	22	49	22	58	23	68	25	77	28	85	32	92	37	98	43	103	48	107	52	110	55	112	57	113	58	113	58	
3:
80	0.525	82	29	83	28	84	26	84	23	84	19	83	15	81	11	78	8	74	6	69	4	63	3	56	3	48	4	41	6	35	9	30	13	25	18	21	23	18	28	16	33	15	37	15	42	16	47	18	53	20	58	21	63	21	67	20	70	18	72	15	73	11	73	6	72	2	70	-3	67	-7	63	-10	58	-12	52	-13	46	-13	41	-12	37	-10	34	-7	32	-3	31	2	31	8	32	15	34	22	37	28	41	33	46	37	52	41	59	44	67	46	76	47	84	48	91	49	97	49	102	48	106	46	109	43	111	39	112	35	112	32	111	30	109	29	106	29	102	30	97	32	92	35	86	39	79	44	71	50	64	55	57	61	50	67	44	72	39	76	35	79	32	81	30	82	29	82	29	
4:
73	24.961	113	29	114	28	116	26	118	23	121	19	125	14	128	8	130	1	131	-6	131	-12	130	-18	128	-23	125	-27	121	-30	116	-32	110	-33	103	-33	95	-32	88	-31	82	-29	76	-26	71	-22	67	-17	64	-12	62	-6	61	-1	61	5	62	12	64	20	66	29	69	38	73	47	77	56	81	65	84	74	86	82	87	89	87	95	86	100	84	104	81	107	77	109	72	110	67	110	63	109	60	109	58	110	57	112	57	115	58	119	60	122	63	124	67	125	72	125	78	124	84	122	91	119	99	115	106	110	112	104	117	97	121	89	124	80	126	71	127	63	127	56	126	50	124	44	121	39	118	35	116	32	114	30	113	29	113	29	
5:
77	4.845	98	76	99	77	101	79	104	81	108	82	112	83	116	84	119	84	121	83	122	81	122	78	121	74	119	70	116	66	112	63	107	61	101	60	94	60	86	61	77	61	67	61	58	61	50	62	43	64	36	67	30	71	25	76	21	81	18	87	16	92	14	97	13	101	13	104	14	106	16	107	17	107	18	106	18	104	17	101	15	97	13	92	11	86	8	79	6	72	5	64	5	55	6	45	8	36	11	28	15	21	20	15	26	10	33	6	41	3	49	1	58	0	68	0	78	1	87	3	95	6	102	8	108	10	113	12	117	15	120	19	122	23	123	28	123	34	122	41	120	48	117	55	113	61	108	66	104	70	101	73	99	75	98	76	98	76	
6:
80	2.464	42	86	43	87	45	89	48	91	50	93	51	94	51	96	50	98	48	99	45	101	41	104	36	108	31	113	27	119	24	124	22	128	19	132	15	135	10	137	4	138	-1	138	-5	137	-8	135	-11	132	-13	128	-14	123	-14	117	-14	110	-13	102	-11	93	-8	83	-4	73	-1	64	1	56	4	49	8	43	12	38	17	34	23	31	29	29	36	28	44	28	51	29	57	31	62	34	66	38	69	41	72	43	74	44	76	44	78	43	81	41	83	38	84	34	84	29	83	24	82	20	80	15	77	11	73	8	68	6	62	5	55	5	48	6	42	8	37	11	32	15	28	20	25	26	23	33	22	41	22	50	23	58	25	65	28	71	32	76	36	80	39	83	41	85	42	86	42	86	
7:
64	0.789	30	116	31	117	33	119	36	120	40	120	44	119	49	119	54	120	58	121	62	121	65	120	67	118	68	115	68	111	67	106	65	101	62	95	58	89	55	82	52	74	50	67	49	61	49	56	50	52	52	49	55	47	59	46	64	46	69	47	75	48	82	50	89	53	95	56	100	60	105	65	109	71	114	76	119	80	124	83	128	85	131	86	133	88	134	90	134	92	133	95	131	97	128	98	124	98	119	99	113	100	106	102	98	104	90	105	83	105	75	105	66	105	58	106	51	108	45	111	40	113	36	114	33	114	31	115	30	116	30	116	
8:
72	1.447	81	78	80	78	78	78	76	78	75	79	75	79	76	79	78	79	81	80	85	82	90	84	95	87	99	91	102	96	104	102	105	109	105	115	104	120	102	124	99	127	95	129	90	130	84	130	78	129	72	127	65	124	57	120	50	115	44	109	39	102	35	94	32	85	30	75	29	65	29	55	28	46	28	38	28	31	29	25	31	20	34	16	37	13	41	11	46	10	52	10	59	11	67	13	76	16	85	20	94	24	102	28	109	33	115	37	120	40	124	42	127	44	129	46	130	47	130	48	129	49	127	51	124	53	120	55	115	57	109	60	102	63	96	66	91	70	87	73	84	75	82	77	81	78	81	78	
9:
86	0.811	41	73	42	74	44	76	46	79	49	83	53	86	57	88	60	91	62	93	63	94	63	94	62	93	60	91	59	88	59	84	59	79	60	73	61	66	61	59	62	52	64	46	65	40	67	34	69	28	70	23	71	19	71	16	70	14	68	13	65	13	61	14	56	16	50	19	43	22	35	25	27	27	20	28	14	28	9	27	5	25	2	22	0	18	-1	13	-1	9	0	6	2	4	5	3	8	3	10	4	13	6	17	9	22	13	27	18	33	24	40	31	46	39	51	47	55	56	58	66	60	77	61	87	61	96	60	104	58	111	55	117	51	122	46	126	40	129	35	131	31	132	28	132	25	131	23	129	22	126	21	122	21	117	22	111	24	104	25	97	27	91	29	86	32	82	35	79	38	76	40	74	41	73	41	73	
10:
73	1.07	42	57	41	56	39	54	36	51	33	47	30	42	28	37	26	33	25	30	25	28	26	27	28	27	31	28	35	30	40	33	44	37	47	42	49	47	50	53	51	60	51	68	50	75	48	81	45	86	41	90	36	93	30	95	24	96	19	97	15	99	12	102	10	104	9	105	9	105	10	104	12	102	15	99	19	97	24	96	29	95	35	95	42	96	50	98	58	100	67	103	75	106	82	108	90	110	97	113	103	117	108	121	112	125	115	128	117	130	118	131	118	131	117	130	115	128	112	125	108	121	104	116	99	111	93	106	86	100	78	93	70	85	63	78	57	72	52	67	48	63	45	60	43	58	42	57	42	57	
11:
92	0.212	116	19	117	20	117	22	117	25	116	29	116	34	115	40	115	46	115	51	115	55	115	58	114	60	112	61	111	61	109	60	107	58	106	55	106	52	106	49	105	46	103	44	100	43	97	43	95	44	92	46	88	49	85	53	81	58	76	62	70	65	63	67	55	68	46	68	38	67	31	65	25	62	20	58	16	53	13	47	11	40	10	32	10	25	11	19	13	14	16	9	18	5	19	2	19	0	18	-1	16	-1	14	0	13	2	13	5	14	9	16	14	19	20	23	27	28	35	34	44	41	54	49	65	58	75	68	84	79	92	90	99	100	105	109	110	117	114	124	117	130	119	135	120	139	120	142	119	144	117	145	114	145	110	144	105	142	99	141	92	140	84	139	75	137	67	136	58	134	50	131	43	129	37	126	32	123	28	120	25	118	22	117	20	116	19	116	19	
12:
70	1.059	80	11	79	10	77	8	74	7	70	6	65	5	59	4	52	4	44	4	36	4	27	5	19	7	12	10	6	14	1	19	-3	25	-6	32	-9	40	-11	49	-13	58	-14	68	-14	77	-13	85	-11	92	-8	98	-4	103	1	107	7	110	14	112	22	113	30	113	37	112	43	110	48	107	52	104	55	102	59	101	64	101	70	102	76	104	82	107	89	111	95	115	101	118	107	120	112	121	117	121	121	120	124	118	126	115	127	112	127	108	126	104	124	99	121	95	117	91	112	86	106	80	99	73	93	65	88	56	84	47	81	39	79	32	77	26	76	21	76	17	77	14	79	12	80	11	80	11	
13:
70	3.083	42	102	41	103	41	105	42	108	44	110	45	113	45	117	44	120	42	122	39	123	35	123	32	122	30	120	29	117	28	113	28	108	29	102	31	95	34	89	38	84	43	80	49	77	56	75	62	73	68	72	74	72	79	73	83	75	86	78	88	82	90	87	93	92	96	96	99	99	103	101	108	102	113	102	118	101	124	99	129	96	133	92	136	87	138	81	139	74	139	67	138	59	136	52	133	46	129	41	124	37	118	34	111	32	103	31	94	31	85	32	77	34	70	37	63	41	57	46	51	52	46	59	42	66	39	74	37	81	36	87	36	92	37	96	39	99	41	101	42	102	42	102	
14:
92	1.074	119	124	118	125	116	126	114	128	112	131	111	133	111	135	112	136	114	136	117	135	121	133	126	132	130	132	133	132	135	133	136	135	136	138	135	141	133	143	130	144	126	144	121	143	115	141	108	138	100	134	91	129	81	125	72	121	64	118	57	115	50	112	43	110	36	109	30	109	25	110	21	112	18	115	15	118	13	121	12	123	12	124	13	124	15	123	18	121	22	118	27	114	33	109	40	103	46	96	51	88	55	79	58	69	60	60	62	52	63	45	63	39	62	32	60	25	57	18	53	12	48	7	42	3	35	-1	28	-4	22	-6	17	-7	13	-7	10	-6	8	-4	7	-1	7	3	8	7	10	12	13	18	17	24	22	31	28	39	35	48	43	58	52	67	62	76	72	84	81	91	89	97	96	103	102	109	107	114	111	118	114	121	116	123	118	124	119	124	119	124	
15:
68	0.284	80	106	80	105	79	103	78	100	76	97	75	93	73	88	70	84	68	81	65	79	61	78	56	78	50	79	43	81	37	84	32	88	27	92	22	95	16	97	10	98	4	98	-1	97	-5	95	-8	92	-10	88	-11	83	-11	77	-10	70	-9	62	-7	54	-4	47	0	41	5	36	11	32	18	29	25	27	33	26	41	26	50	27	60	29	69	32	77	35	86	39	95	44	103	50	110	57	116	65	121	73	125	82	128	91	130	99	131	106	131	112	131	117	130	121	128	124	125	126	121	127	116	127	110	126	103	124	97	121	92	117	88	113	85	110	83	108	81	107	80	106	80	106	
16:
69	0.69	100	79	101	78	103	76	104	73	104	69	105	65	107	62	108	59	108	57	107	55	105	53	103	52	100	52	97	53	95	55	94	58	94	62	95	67	96	71	98	74	101	76	105	77	110	77	114	77	117	76	119	74	120	71	120	67	119	64	117	62	114	60	110	58	105	56	99	55	92	55	84	56	75	58	65	61	55	65	46	70	38	76	31	83	25	89	20	94	15	100	11	107	8	113	6	119	5	124	5	128	6	131	8	133	11	134	15	135	20	135	26	134	32	132	39	129	47	125	56	120	64	114	72	107	79	100	85	94	90	89	94	85	97	82	99	80	100	79	100	79	
17:
62	1.564	25	87	26	88	28	89	31	89	34	88	38	86	41	83	43	79	44	74	44	68	43	61	42	55	42	50	42	45	43	41	45	38	48	36	51	35	53	35	54	34	54	32	53	29	52	25	52	21	53	18	55	16	58	15	62	14	67	14	73	15	80	17	87	19	93	22	99	26	104	31	109	36	114	42	118	49	121	57	123	66	124	75	124	84	123	92	121	99	118	105	114	110	109	114	103	117	96	119	88	120	79	120	70	119	61	117	53	114	46	110	40	105	35	100	31	96	28	93	26	90	25	88	25	87	25	87	
18:
89	0.322	55	82	56	83	58	84	61	84	65	83	69	82	73	80	76	77	78	73	79	68	80	62	80	56	79	51	77	46	74	42	70	39	65	37	59	36	54	36	48	37	42	37	35	36	28	34	22	31	17	27	13	22	10	18	8	15	7	13	7	12	8	12	10	13	13	15	17	18	22	22	28	27	35	32	43	36	52	39	62	41	72	42	82	42	91	42	100	41	108	39	115	36	121	32	126	27	130	21	133	16	135	12	136	9	136	7	136	6	135	6	134	7	134	9	134	12	134	16	133	21	131	27	128	34	124	42	119	50	113	59	108	69	104	79	101	88	99	96	98	103	98	109	99	114	100	118	102	121	103	123	103	124	102	124	100	123	97	121	93	118	88	114	82	109	76	103	70	97	65	92	61	88	58	85	56	83	55	82	55	82	
19:
80	24.7	74	0	73	1	71	3	68	6	64	10	61	14	59	17	58	19	58	20	59	20	61	19	64	17	68	14	73	10	79	7	85	5	90	4	94	4	97	5	99	7	100	10	100	14	99	19	97	25	95	32	94	40	94	49	95	57	97	66	100	75	103	83	107	90	110	96	112	101	113	107	113	113	112	120	110	127	107	133	103	138	98	142	92	145	85	147	77	148	68	148	58	147	48	145	39	142	31	138	24	133	18	127	13	120	9	112	6	103	4	93	3	82	3	70	4	58	5	47	5	37	5	28	4	20	4	13	4	6	5	0	7	-5	10	-9	14	-12	19	-14	25	-15	32	-15	40	-14	47	-12	53	-9	59	-5	64	-2	68	0	71	1	73	1	74	0	74	0	
20:
67	1.018	135	59	134	60	132	62	130	65	128	69	126	73	125	78	125	84	126	89	126	93	125	96	123	98	120	99	116	99	111	98	105	96	99	93	94	90	89	88	85	87	82	87	80	88	79	90	79	93	80	97	82	102	84	108	85	114	85	119	84	123	82	126	79	128	75	129	70	129	65	128	59	126	53	123	47	119	41	114	35	108	30	103	26	99	23	96	21	94	20	91	20	88	21	86	23	84	26	83	30	83	35	83	41	83	48	82	56	82	65	82	73	81	81	79	90	76	99	73	107	70	114	68	120	67	125	65	129	62	132	60	134	59	135	59	135	59	
21:
75	3.868	74	31	75	32	77	34	80	37	83	41	86	45	88	50	89	56	89	63	89	70	88	76	86	82	84	88	81	93	77	97	72	100	66	102	59	103	51	103	43	102	35	100	28	99	22	98	17	98	13	99	10	101	8	104	7	108	7	111	8	113	10	115	13	116	17	116	22	115	28	115	35	116	43	117	52	117	62	118	72	119	82	119	91	119	99	118	106	116	112	113	118	109	123	104	127	98	130	91	132	83	133	74	133	64	132	53	130	43	129	34	129	26	130	19	132	13	133	8	133	4	132	1	130	-1	127	-2	123	-2	118	-1	112	1	105	4	98	7	92	11	87	16	83	21	80	25	77	28	75	30	74	31	74	31	
22:
63	0.287	77	136	77	135	77	133	78	130	79	126	79	121	80	116	80	112	80	109	79	107	77	106	74	106	70	106	65	107	59	108	52	109	45	111	38	112	32	112	27	111	22	109	18	106	15	102	12	97	10	91	9	84	9	76	10	67	12	57	15	48	18	39	22	31	27	24	33	18	40	13	48	9	57	6	66	4	74	3	81	3	89	4	96	5	102	7	107	10	111	14	114	19	117	25	119	32	120	40	120	49	119	59	118	70	116	81	113	91	109	100	104	108	98	115	92	121	87	126	83	130	80	133	78	135	77	136	77	136	
23:
70	4.752	50	54	51	55	53	57	55	59	56	62	56	66	55	71	53	77	50	82	46	86	41	90	35	94	29	97	23	99	18	100	13	101	9	101	6	100	4	100	3	101	3	103	4	106	6	110	9	115	12	121	16	126	21	130	27	133	34	135	42	136	51	136	60	135	68	133	75	130	81	126	86	121	90	115	93	108	95	100	97	91	98	81	98	71	97	61	95	52	92	44	88	37	84	31	79	26	75	20	72	15	70	10	69	6	69	3	70	1	72	0	75	0	77	1	79	3	80	6	80	10	79	15	77	21	74	28	70	34	65	39	60	44	56	48	53	51	51	53	50	54	50	54	
24:
59	0.423	16	107	15	106	14	104	13	101	13	97	14	94	16	92	19	90	23	89	28	89	34	90	41	92	48	95	54	99	59	104	64	109	69	113	75	116	80	118	84	119	87	119	89	118	90	116	90	113	89	109	87	104	85	98	84	91	84	85	85	80	87	76	90	73	94	70	98	66	101	61	103	56	104	50	104	45	103	41	101	38	98	36	94	35	91	35	89	36	86	38	82	41	78	45	73	50	67	56	60	63	52	71	44	79	37	86	31	92	26	97	22	101	19	104	17	106	16	107	16	107	
25:
69	3.813	118	78	117	79	115	80	113	82	110	84	108	87	107	91	107	95	108	98	110	100	113	101	116	101	118	100	119	98	119	95	118	91	116	86	113	82	109	79	104	77	98	76	91	76	83	77	75	79	68	82	60	84	51	85	43	85	36	84	30	82	24	79	19	75	15	70	12	64	10	57	9	49	9	40	10	31	12	22	15	13	19	5	24	-2	30	-8	37	-13	45	-17	54	-20	64	-22	74	-23	84	-23	93	-22	101	-21	108	-19	114	-16	119	-12	123	-7	126	-1	128	6	129	14	129	23	129	33	129	42	129	50	129	57	128	63	126	68	123	72	121	75	119	77	118	78	118	78	
26:
64	0.045	97	46	98	47	98	49	98	52	97	55	95	58	92	60	88	61	83	61	78	60	73	58	69	56	66	55	63	55	60	56	58	58	56	61	55	65	54	70	54	76	54	82	55	89	55	96	56	102	58	107	61	111	64	114	68	116	73	117	78	117	83	116	89	114	95	112	101	109	106	105	110	100	114	94	117	87	119	79	121	70	122	60	122	51	123	42	124	34	125	27	127	21	130	16	132	12	133	9	133	7	132	6	130	6	127	7	123	9	119	12	115	16	111	21	108	27	104	32	101	36	99	40	98	43	97	45	97	46	97	46	
27:
88	31.185	125	19	124	20	122	22	119	24	115	27	110	29	104	30	97	30	89	29	80	27	71	24	63	21	55	17	47	14	39	12	32	11	26	11	21	12	17	14	14	17	12	21	11	26	11	31	12	37	14	44	17	52	21	59	26	65	32	71	38	76	43	80	47	83	50	85	52	86	53	86	53	85	52	83	50	82	47	81	43	81	38	82	32	84	27	87	23	90	20	94	18	98	17	101	17	103	18	104	20	104	23	103	27	101	32	98	38	94	45	89	53	85	62	82	71	80	80	79	89	79	97	80	104	82	110	85	115	89	119	94	122	98	124	101	125	103	125	104	124	104	122	103	121	101	121	98	122	94	124	90	127	85	131	79	134	72	136	64	137	55	137	47	137	40	136	34	134	29	131	25	128	22	126	20	125	19	125	19	
28:
72	0.263	103	11	104	10	106	9	109	9	113	10	116	12	118	14	119	17	119	21	118	25	116	30	113	36	109	43	104	51	99	58	95	64	91	69	88	73	86	76	85	78	85	81	86	85	88	89	91	92	95	94	100	95	105	96	109	96	112	95	114	93	115	90	115	86	114	81	112	75	109	68	105	61	101	55	96	50	90	45	83	41	75	38	67	36	59	35	52	35	46	36	40	38	35	40	31	43	27	47	24	52	21	58	19	63	18	67	18	70	19	72	21	73	24	73	28	72	32	70	37	67	43	63	50	58	58	52	67	45	75	38	82	32	88	26	93	21	97	17	100	14	102	12	103	11	103	11	
29:
74	0.305	75	82	76	81	78	81	80	82	81	84	81	86	80	87	78	87	75	86	72	84	70	81	69	77	69	72	70	66	72	61	74	57	76	54	77	52	77	51	76	51	74	50	71	49	67	48	63	46	59	43	55	39	52	34	50	28	49	22	49	16	50	11	52	7	55	4	59	2	64	1	70	1	75	1	81	2	87	4	93	7	98	11	102	16	105	22	107	29	108	36	108	44	107	53	105	61	102	68	98	75	93	81	87	86	80	90	73	93	67	95	60	96	54	96	49	95	45	93	42	92	40	90	39	89	39	89	40	89	42	90	45	91	49	91	54	90	60	90	65	89	69	87	72	85	74	83	75	82	75	82	
30:
65	1.365	87	3	88	4	90	6	92	9	93	13	93	17	92	20	90	22	87	23	83	23	78	22	72	22	65	22	57	23	49	25	42	28	36	32	31	37	27	43	24	50	21	56	19	61	18	65	18	68	19	70	21	71	24	71	28	72	33	74	39	77	45	81	50	86	54	92	57	98	59	105	60	112	60	118	61	123	62	127	62	130	61	132	60	133	58	133	55	132	51	130	46	127	42	123	39	118	37	112	36	105	36	97	37	88	39	79	42	69	46	58	51	48	57	39	64	31	70	24	75	18	79	13	82	9	84	6	86	4	87	3	87	3	
31:
82	2.301	41	73	42	74	43	76	43	79	44	83	46	86	49	90	51	93	52	95	52	96	51	96	51	95	50	93	50	90	51	86	53	81	55	75	58	68	62	60	66	53	69	47	73	42	77	38	81	35	84	33	86	32	87	32	87	33	86	35	84	36	81	36	77	35	72	34	66	33	59	33	53	34	47	34	41	33	36	31	32	28	29	24	27	19	26	13	26	7	27	2	29	-2	32	-6	36	-9	41	-11	47	-13	54	-14	62	-14	71	-13	81	-11	90	-8	98	-4	105	1	111	7	116	13	120	20	123	28	125	36	126	43	126	49	125	54	123	58	120	61	116	63	111	64	105	65	98	66	90	66	83	65	76	64	69	63	62	63	56	64	51	65	47	67	44	70	42	72	41	73	41	73	
32:
72	0.355	124	98	123	97	121	97	118	97	114	97	109	96	103	94	96	92	90	91	84	89	79	86	75	83	72	80	70	78	68	75	67	71	67	66	68	62	70	59	73	57	77	55	82	53	88	50	94	47	99	44	103	41	106	39	108	38	109	38	109	37	108	36	106	35	103	35	99	36	94	38	88	41	81	44	73	47	64	49	54	50	45	50	37	51	30	51	24	51	19	51	15	52	11	54	8	57	6	60	5	64	5	69	6	75	8	81	11	86	15	90	20	93	26	97	33	100	41	102	50	104	59	106	69	107	79	107	88	106	96	106	103	105	109	103	114	100	118	98	121	97	123	97	124	98	124	98	
33:
69	14.854	119	29	120	28	122	26	125	23	127	19	130	14	132	10	133	7	133	4	132	1	130	-1	127	-2	123	-3	118	-3	112	-2	105	0	97	3	88	7	78	12	69	17	61	23	54	29	48	36	43	44	38	51	34	57	30	62	26	66	22	69	17	71	13	73	10	76	8	80	7	85	6	91	6	97	7	104	9	110	12	115	16	120	20	124	25	127	31	129	38	131	46	133	53	136	61	138	70	139	79	139	89	138	98	136	106	133	113	129	119	124	124	118	128	111	131	103	133	94	134	84	134	74	133	65	131	57	128	50	124	44	121	39	119	35	118	32	118	30	119	29	119	29	
34:
63	3.642	35	100	36	99	38	97	41	96	45	96	50	96	55	97	59	97	62	96	64	94	65	91	65	87	64	82	62	76	61	71	61	67	61	64	62	62	64	61	67	60	71	60	76	61	82	61	87	60	91	58	94	55	96	51	97	46	97	40	97	34	98	29	100	25	103	22	107	20	112	19	118	19	124	20	129	22	133	25	136	29	138	34	139	39	139	45	138	52	136	60	133	69	129	77	125	85	120	92	114	98	107	103	99	107	90	110	80	112	71	113	63	113	56	112	50	111	45	109	41	106	38	103	36	101	35	100	35	100	
35:
78	23.813	80	85	79	84	77	84	74	85	70	87	65	89	59	90	54	91	50	93	47	96	45	100	44	105	44	109	45	114	47	118	50	121	54	123	57	124	59	124	60	123	60	121	59	118	57	114	55	109	52	103	50	96	49	88	49	79	50	71	52	63	55	56	59	50	64	45	69	41	75	38	80	36	84	35	87	35	89	36	90	36	90	35	89	33	88	30	86	26	83	23	81	21	80	19	80	18	81	18	83	19	85	21	88	24	92	28	97	33	103	39	110	44	116	48	121	51	126	53	130	54	133	54	135	53	136	52	136	52	135	53	133	55	130	57	126	60	121	64	115	69	108	73	101	76	95	78	90	81	86	83	83	84	81	84	80	85	80	85	
36:
86	50.861	127	28	126	27	126	25	127	22	129	19	131	17	132	16	132	16	131	17	129	19	126	22	123	26	119	31	114	37	108	44	101	52	93	59	84	65	74	70	65	74	57	77	50	79	44	81	39	83	35	84	32	86	30	89	29	92	29	96	30	101	32	107	35	112	39	116	44	119	50	121	55	122	59	124	62	125	64	125	65	124	65	122	64	119	62	115	59	112	55	110	50	109	44	109	38	110	33	112	28	115	24	119	21	124	19	130	18	136	18	143	19	150	21	156	24	161	28	165	33	168	39	170	46	171	54	171	63	170	72	168	81	165	91	161	101	156	110	150	118	143	125	135	131	126	136	116	140	105	143	94	145	83	146	73	146	64	145	56	143	49	140	43	137	38	133	34	130	31	128	29	127	28	127	28	
37:
59	3.709	9	107	9	108	9	110	10	113	12	115	15	116	19	117	23	117	28	116	34	114	40	111	47	107	53	103	58	98	62	92	65	85	67	77	68	70	68	62	68	54	69	47	71	41	74	36	78	32	81	29	85	27	89	26	94	26	98	27	102	29	105	32	107	36	108	41	108	46	107	52	105	59	102	67	99	76	97	85	96	93	96	101	95	108	93	114	90	119	86	123	81	126	75	128	68	129	60	129	52	128	45	126	37	123	30	121	24	118	19	115	15	113	12	110	10	108	9	107	9	107	
38:
78	1.854	93	20	93	21	92	23	90	26	89	29	88	33	86	38	83	43	79	47	74	50	68	52	61	53	54	53	48	52	43	50	39	48	34	46	29	45	25	45	22	46	20	48	19	51	19	55	20	60	20	66	19	73	19	80	20	86	20	92	21	99	23	106	26	112	30	118	35	123	40	127	46	130	53	133	59	135	66	136	74	136	81	135	88	134	94	132	99	129	103	125	106	120	108	114	109	107	109	99	108	91	106	83	103	76	99	70	94	64	88	59	81	53	73	47	66	40	60	32	55	25	51	18	48	12	46	7	45	3	45	0	46	-2	48	-3	51	-3	55	-2	60	0	66	2	72	5	78	9	83	13	87	16	90	18	92	19	93	20	93	20	
39:
50	0.178	57	130	56	129	54	128	51	128	47	127	43	125	40	122	38	118	36	113	35	107	35	101	36	95	37	90	39	86	42	83	46	80	50	76	55	71	61	65	68	60	76	56	84	52	92	48	101	45	109	43	116	42	122	42	127	41	131	41	134	42	136	44	137	47	137	51	136	56	134	62	131	68	127	74	122	79	116	83	109	87	101	91	93	96	85	102	78	109	72	115	67	120	63	124	60	127	58	129	57	130	57	130	
40:
64	1.75	96	59	97	60	99	62	102	65	106	69	109	74	113	80	116	87	120	93	124	100	128	106	131	111	133	115	134	118	134	120	133	121	131	121	128	120	124	119	119	119	113	120	106	121	98	123	89	126	81	130	73	133	65	135	58	137	52	138	47	138	43	137	40	135	38	132	37	128	36	123	36	117	37	110	39	102	42	93	46	84	50	74	53	64	55	55	56	47	56	40	56	34	56	29	57	25	59	22	62	20	64	19	66	19	69	20	73	22	76	25	78	29	79	33	81	38	83	44	86	49	90	53	93	56	95	58	96	59	96	59	
41:
81	7.28	108	65	107	66	105	68	102	71	98	73	93	74	87	74	80	73	74	71	69	68	65	64	62	59	60	53	58	47	57	40	57	33	58	25	60	18	63	12	67	7	72	3	76	0	80	-2	83	-3	85	-3	86	-2	86	0	85	1	83	2	80	3	76	5	71	7	65	10	58	14	50	19	42	25	35	32	29	38	24	45	20	51	17	57	15	63	14	68	14	73	15	79	17	86	20	94	24	102	28	109	33	115	37	121	40	127	42	133	45	138	49	142	54	145	60	147	67	148	75	149	84	149	93	148	101	146	109	143	116	139	122	135	127	131	131	127	134	122	136	118	137	113	137	107	136	100	134	93	131	86	127	80	122	75	118	71	114	68	111	66	109	65	108	65	108	65	
42:
90	0.603	129	20	129	21	129	23	129	26	129	30	129	35	130	40	130	46	129	51	127	55	124	58	120	60	115	61	109	61	103	60	98	59	94	58	91	58	89	59	88	61	88	63	89	66	91	70	94	75	98	81	101	88	103	95	104	102	104	108	103	113	101	119	98	125	94	130	89	134	83	137	76	139	68	140	60	140	53	139	46	137	40	134	35	130	31	125	28	119	26	112	25	104	25	95	26	85	28	74	31	64	35	55	40	47	45	40	49	34	52	29	54	25	55	22	55	18	54	14	52	10	49	7	45	5	40	3	35	2	31	2	28	3	26	5	25	8	24	12	24	15	25	17	27	18	30	19	34	19	39	18	45	16	52	15	60	13	68	12	76	12	85	13	93	15	101	16	108	17	114	19	119	20	123	20	126	20	128	20	129	20	129	20	
43:
62	0.318	64	26	65	27	67	28	70	28	74	29	79	29	85	30	91	30	96	31	100	33	103	34	105	36	106	39	106	43	105	47	103	51	100	56	98	61	96	65	95	68	95	72	96	76	97	81	99	85	100	88	100	90	99	91	97	92	94	93	90	93	85	92	79	90	72	87	64	83	55	78	45	74	36	71	28	69	21	68	15	68	10	68	6	68	3	67	1	65	0	62	0	58	1	53	3	47	6	40	10	34	15	29	21	25	27	22	34	20	41	19	47	19	52	19	56	20	59	21	61	23	63	25	64	26	64	26	
44:
67	1.05	56	25	57	26	59	28	62	31	66	34	71	38	77	41	84	43	92	44	99	44	105	45	110	45	114	45	117	44	119	42	121	39	122	35	122	30	121	26	121	23	121	20	122	18	124	17	127	17	131	18	135	20	138	23	140	27	141	32	143	38	144	45	144	52	144	60	143	69	141	79	138	89	134	98	129	106	123	113	116	119	108	124	101	128	95	131	90	133	84	134	77	134	69	133	61	131	54	128	48	124	43	119	39	113	36	106	33	98	31	91	30	83	30	74	31	65	32	57	34	50	37	44	41	39	46	35	50	31	53	28	55	26	56	25	56	25	
45:
65	1.135	26	15	25	16	23	17	21	19	20	22	19	26	19	29	20	32	22	34	25	35	29	36	34	36	40	35	47	35	53	36	59	38	65	39	70	39	74	38	77	37	79	35	80	33	80	31	79	30	79	30	80	31	82	33	85	36	89	40	92	45	94	51	95	58	95	66	94	75	92	83	89	90	85	96	80	101	74	107	67	112	59	116	50	119	41	121	33	122	26	122	19	121	12	119	6	116	1	112	-3	107	-6	101	-8	94	-9	86	-9	77	-8	67	-6	58	-3	50	1	43	6	36	11	30	16	25	20	21	23	18	25	16	26	15	26	15	
46:
76	0.716	12	52	11	53	9	55	6	58	4	62	1	67	-1	73	-2	80	-2	87	-1	93	1	98	4	102	8	105	13	107	19	109	25	110	31	112	36	115	40	117	45	118	51	118	58	117	66	115	73	113	79	110	84	106	89	103	95	101	100	100	104	100	107	101	109	103	110	106	110	110	109	115	107	120	104	124	100	127	97	129	95	130	94	130	94	129	95	128	97	128	100	129	104	131	109	132	115	132	120	131	124	129	127	126	130	122	132	117	133	111	133	104	132	97	130	91	127	86	123	82	118	79	112	77	105	76	97	76	88	77	78	78	67	78	57	77	48	76	40	74	33	71	27	67	22	62	18	58	15	55	13	53	12	52	12	52	
47:
82	3.075	61	61	60	60	58	59	55	58	51	58	46	59	40	61	34	63	29	66	23	68	18	69	14	69	11	68	9	67	8	67	8	68	9	70	11	73	14	77	18	82	23	87	28	91	34	96	39	101	43	107	46	113	48	119	49	124	49	128	48	131	46	133	43	134	39	135	34	135	28	134	22	132	17	129	13	125	10	120	8	114	7	107	7	99	8	90	10	80	12	70	15	59	19	49	24	40	30	32	37	25	45	19	54	14	63	10	71	7	79	5	86	4	93	4	100	5	107	6	113	8	118	10	122	13	125	17	127	22	128	27	128	33	127	39	125	45	122	51	119	57	115	62	110	66	104	69	97	71	89	72	82	72	76	71	71	69	67	66	64	64	62	62	61	61	61	61	
48:
59	0.189	9	86	10	85	12	85	14	85	17	86	21	88	26	89	30	91	33	94	35	98	36	103	36	109	36	114	36	118	37	121	39	123	41	124	43	124	45	123	48	121	51	118	55	114	60	109	64	103	69	96	75	88	80	79	86	70	91	60	95	50	98	41	100	33	101	26	101	19	100	13	98	8	95	4	91	1	86	-1	80	-2	73	-2	65	-1	57	1	48	4	40	8	32	13	25	19	19	26	14	34	10	42	7	50	5	58	4	65	3	71	3	76	4	80	6	83	8	85	9	86	9	86	
49:
82	4.612	55	81	56	80	56	78	56	76	57	73	58	69	59	64	59	58	58	51	57	43	57	35	58	27	60	20	63	14	67	9	72	5	78	2	83	0	87	-1	90	-1	92	0	93	2	93	5	92	9	90	14	87	20	83	27	78	35	73	44	69	54	66	64	64	75	63	85	63	95	64	104	66	112	69	119	73	125	78	130	83	134	88	137	92	139	96	140	99	140	101	139	102	137	102	134	101	130	99	126	96	123	92	121	87	120	81	119	74	119	66	120	57	120	49	120	42	119	35	119	29	120	24	122	20	124	17	127	15	130	14	133	14	135	14	136	15	136	15	135	16	133	18	130	21	126	25	121	30	115	36	109	41	102	45	96	49	91	52	87	54	84	55	82	55	81	55	81	
50:
79	28.886	41	15	42	14	44	12	47	9	51	6	55	4	60	2	66	1	72	1	77	1	81	2	84	4	86	7	87	11	87	16	86	20	84	25	81	30	77	35	72	40	66	44	59	47	51	49	44	50	38	51	32	51	27	52	23	54	20	57	18	61	17	66	17	72	18	79	20	85	23	90	27	94	31	97	35	99	38	100	40	101	41	102	41	102	40	101	38	101	35	100	31	100	26	101	22	103	18	106	15	110	13	115	12	121	12	126	13	130	15	133	18	135	22	136	27	136	33	135	39	133	44	130	48	126	51	121	53	115	54	108	54	100	53	91	51	81	48	70	44	60	41	51	38	43	36	36	35	30	35	25	36	21	38	18	40	16	41	15	41	15	
51:
69	3.613	128	101	127	100	125	98	122	95	120	91	118	86	116	80	115	73	115	67	116	61	118	56	121	52	125	49	128	47	130	46	131	46	131	47	130	49	128	52	125	55	121	57	116	58	110	58	103	57	95	55	87	52	80	49	73	45	67	41	62	36	58	30	55	24	53	19	51	15	49	12	46	10	42	9	37	9	32	10	26	12	21	14	17	17	14	21	12	26	11	32	11	39	12	47	13	56	14	66	16	76	19	85	23	93	28	100	34	106	41	111	49	115	58	118	68	120	78	121	87	121	95	121	102	120	108	118	113	115	118	111	122	107	125	104	127	102	128	101	128	101	
52:
66	7.286	13	127	13	126	12	124	12	121	13	117	13	112	14	106	14	99	15	92	16	86	17	81	18	76	19	72	21	69	24	67	28	66	32	66	37	67	42	69	47	72	51	76	56	81	62	87	68	94	74	100	81	107	89	113	96	118	102	122	107	125	112	128	116	130	119	131	121	131	123	130	124	128	126	125	129	122	133	120	136	119	138	119	139	120	140	122	140	125	139	128	137	130	134	131	130	131	125	132	119	133	112	133	104	132	95	130	85	127	76	123	66	120	57	118	49	117	41	117	34	118	28	120	23	121	19	123	16	125	14	126	13	127	13	127	
53:
84	10.94	133	98	132	97	130	96	127	95	123	93	118	90	112	88	105	87	97	86	90	85	82	85	75	86	69	88	63	91	58	95	54	100	51	106	49	112	48	118	47	123	45	127	42	130	38	132	34	133	29	133	25	132	22	130	20	127	19	124	19	120	20	115	22	109	25	102	29	94	34	85	38	77	41	68	43	58	44	49	44	41	44	34	45	28	47	23	50	19	54	16	59	14	63	13	66	13	68	14	69	16	69	18	68	19	66	19	63	18	59	16	54	13	49	10	43	7	38	5	34	4	31	4	29	4	28	5	28	7	29	10	31	14	34	19	38	24	43	28	49	33	56	39	64	46	71	53	79	60	88	68	97	75	105	81	112	86	118	90	123	93	127	95	130	96	132	97	133	98	133	98	
54:
89	37.724	35	102	34	101	32	100	29	100	26	100	23	99	21	99	20	98	20	96	21	94	23	93	26	91	30	89	35	88	39	87	44	86	50	84	56	81	61	77	65	73	68	70	70	66	71	62	71	58	70	55	68	51	65	47	62	42	59	36	57	30	56	25	56	20	57	16	59	13	61	11	64	10	68	10	73	11	79	13	85	16	91	20	96	24	100	28	103	31	105	33	106	34	106	34	105	33	103	31	102	28	102	24	103	19	105	14	108	10	112	7	117	5	123	4	129	4	134	5	139	7	143	10	146	14	150	19	153	25	155	32	156	40	156	49	156	58	155	68	153	77	150	85	146	93	141	100	135	106	128	111	120	115	111	118	101	120	90	121	80	121	71	120	63	118	56	115	50	112	45	108	41	105	38	103	36	102	35	102	35	102	
55:
74	1.325	5	20	6	21	8	23	11	24	14	26	18	27	22	27	27	26	32	24	36	22	39	21	41	21	42	22	42	24	41	27	40	30	40	34	41	39	43	43	46	46	50	48	55	49	59	49	62	49	64	50	65	52	65	55	64	58	62	62	59	67	55	73	52	80	50	86	49	91	48	95	48	99	49	103	51	106	54	109	58	113	63	118	69	122	76	125	84	127	92	128	99	128	105	127	110	125	114	124	117	123	119	122	120	120	120	117	119	113	117	109	114	104	110	98	105	91	99	85	92	78	84	71	75	63	67	56	58	48	49	41	41	35	33	30	26	26	20	23	15	21	11	20	8	19	6	19	5	20	5	20	
56:
83	1.155	99	96	98	95	96	93	93	90	89	86	84	83	79	81	75	79	72	78	70	78	69	79	67	81	66	84	66	88	65	93	63	99	60	105	56	110	51	114	45	117	39	120	32	122	26	123	21	123	17	122	14	120	12	118	11	115	11	111	12	107	14	104	17	102	21	99	26	97	32	94	37	90	41	85	44	79	46	72	47	64	47	55	46	47	44	40	42	34	39	29	35	25	31	22	28	20	26	19	25	17	25	15	26	14	28	14	31	15	35	17	40	20	46	24	53	29	61	35	70	42	80	50	90	57	99	64	107	70	114	75	120	79	125	82	129	85	132	87	134	88	135	88	135	87	134	85	132	84	129	84	125	85	120	87	114	90	109	93	105	95	102	96	100	96	99	96	99	96	
57:
84	1.218	33	26	32	27	30	29	27	32	24	36	21	41	19	46	18	51	18	56	19	61	21	65	24	68	28	70	33	71	39	71	46	70	53	68	59	65	65	63	70	62	74	62	77	63	80	65	82	68	83	71	83	74	84	76	86	77	89	77	93	76	98	74	103	71	107	67	110	62	112	56	113	51	113	47	112	44	110	41	107	39	103	38	98	38	92	39	85	41	78	44	71	48	64	53	57	58	51	64	46	71	42	79	38	88	34	97	30	105	27	112	25	118	24	124	24	129	25	133	26	136	28	138	29	139	29	139	28	138	26	136	24	133	22	129	21	124	21	118	21	111	22	104	22	96	22	87	23	79	24	70	24	62	24	54	25	47	27	41	29	36	31	32	32	29	32	27	33	26	33	26	
58:
65	4.27	8	97	8	96	7	94	7	91	8	87	10	84	13	82	17	81	21	81	26	82	32	84	39	86	46	88	53	89	59	89	64	88	69	86	73	83	76	79	80	76	85	73	91	71	98	70	106	70	113	70	121	70	128	69	134	67	139	64	143	60	146	55	148	49	149	42	149	34	148	27	147	19	145	12	142	6	138	1	133	-3	127	-7	120	-10	112	-12	103	-13	93	-13	82	-12	71	-10	61	-7	52	-3	44	2	36	8	28	15	21	23	15	32	10	42	6	52	3	61	1	69	0	76	0	82	1	87	3	91	5	94	7	96	8	97	8	97	
59:
79	2.613	65	10	64	11	63	13	61	16	58	20	54	25	49	31	45	37	42	44	40	51	39	59	38	66	37	72	36	79	34	85	32	90	30	94	29	97	29	99	29	100	30	100	31	99	31	97	32	94	32	90	31	85	29	79	26	74	22	70	17	66	13	63	9	61	6	60	3	60	1	61	0	63	0	66	1	69	3	73	6	78	10	84	15	91	21	98	28	106	36	113	45	119	55	124	65	128	75	131	85	133	95	134	104	134	112	133	119	131	125	128	131	124	136	119	140	113	143	106	145	98	146	89	146	80	145	72	143	65	140	59	136	53	131	47	125	41	118	36	110	32	101	29	93	25	86	22	80	18	75	15	71	13	68	11	66	10	65	10	65	10	
60:
96	0.353	3	89	4	88	6	86	9	83	13	81	18	80	24	80	31	81	38	83	46	86	54	90	61	93	67	97	73	101	78	104	83	107	87	109	90	110	92	110	93	110	93	111	92	111	90	112	88	114	87	117	86	120	86	124	87	127	89	130	91	132	94	135	98	137	103	138	109	138	114	137	118	135	121	132	123	128	124	123	124	117	123	111	121	106	118	101	114	97	110	93	105	88	99	82	92	75	84	68	77	62	70	56	64	50	59	45	55	41	52	38	50	36	49	33	49	29	50	26	52	22	55	17	59	13	64	10	70	6	77	3	85	1	92	-1	99	-2	105	-2	110	-2	114	-1	117	1	119	4	120	7	120	11	119	16	117	22	114	29	110	37	105	45	99	52	92	58	84	63	75	67	66	70	57	74	48	79	39	83	31	87	24	90	18	92	13	93	9	93	6	92	4	90	3	89	3	89	
61:
63	2.446	80	43	79	44	77	46	75	48	72	49	68	49	65	48	63	46	62	43	62	39	63	34	64	30	64	27	63	25	61	24	58	24	54	23	49	21	43	20	36	20	29	21	23	23	18	26	13	30	9	35	6	41	4	48	3	56	3	64	4	73	6	82	9	90	13	97	18	103	24	108	31	112	39	115	48	117	57	118	65	118	72	117	78	115	84	112	89	108	93	103	96	97	98	90	101	82	103	75	106	69	108	64	109	60	109	57	108	55	106	54	103	54	99	54	95	53	90	51	86	49	83	46	81	44	80	43	80	43	
62:
83	9.365	131	75	130	75	128	75	125	76	121	78	116	81	112	85	109	89	107	92	106	94	106	95	105	95	103	94	100	92	96	89	93	85	91	80	90	74	90	67	90	59	91	52	93	46	96	41	100	36	105	32	110	29	114	25	117	21	119	16	120	12	120	8	119	5	117	2	114	0	110	-1	106	-1	101	0	95	2	90	5	86	9	83	14	81	20	80	26	80	33	79	41	77	50	74	60	70	70	65	79	59	87	52	94	44	101	37	107	30	112	24	116	19	119	15	121	12	122	10	122	9	121	9	119	10	116	12	112	15	108	19	105	24	102	30	100	37	99	45	99	53	98	62	97	71	95	81	92	90	88	98	84	105	81	111	79	116	77	121	76	125	75	128	75	130	75	131	75	131	75	
63:
72	7.589	38	100	37	99	35	97	32	96	28	94	24	91	21	87	19	82	18	76	18	69	19	61	21	54	24	48	28	43	33	39	39	36	46	34	53	33	59	33	64	34	68	36	71	39	74	43	76	47	77	52	78	56	79	60	80	63	82	65	84	66	85	66	86	65	87	63	89	60	92	56	95	51	99	45	102	38	105	32	108	26	112	21	117	17	121	14	126	12	131	11	136	11	140	12	143	14	145	17	146	21	146	26	145	32	143	39	140	47	136	56	132	65	128	74	123	82	117	89	110	95	102	100	93	104	83	107	74	109	66	110	59	110	53	109	48	107	44	105	41	103	39	101	38	100	38	100	
64:
88	10.162	97	133	98	132	100	132	103	131	107	131	112	130	118	128	124	125	129	121	133	117	136	113	138	109	139	104	139	98	138	91	136	85	133	80	129	75	124	71	118	68	112	66	105	65	97	65	88	66	80	68	72	70	65	73	59	75	54	76	50	76	47	75	45	73	43	70	40	68	36	67	31	67	26	68	22	70	19	73	17	77	16	82	16	88	17	94	19	100	22	105	26	109	31	112	37	114	42	115	46	115	49	114	51	114	53	113	54	111	54	108	53	105	51	102	48	100	44	99	39	99	33	100	26	102	20	105	15	109	11	114	8	120	6	127	5	135	5	142	6	148	8	154	11	159	15	163	20	166	26	168	33	169	41	169	50	168	59	166	67	163	74	159	80	154	85	148	89	143	92	139	94	136	96	134	97	133	97	133	
65:
83	0.306	32	115	33	114	35	113	38	113	40	112	42	110	43	109	43	108	42	107	40	106	37	105	33	103	28	100	22	98	16	96	11	95	7	94	4	94	0	95	-3	97	-5	100	-6	104	-6	107	-5	109	-3	110	0	111	4	111	8	110	13	108	19	105	26	101	34	97	43	94	53	92	64	91	75	91	85	92	95	94	104	97	112	101	119	106	125	110	130	113	136	115	141	116	145	116	148	115	150	113	151	110	152	106	153	101	155	95	158	88	161	81	163	73	164	64	164	56	163	49	161	43	158	38	154	34	149	31	143	29	136	28	128	28	121	29	113	31	104	34	95	38	86	43	78	49	71	56	65	64	60	73	54	81	49	88	45	94	42	100	39	105	36	109	34	112	33	114	32	115	32	115	
66:
79	0.716	84	61	83	60	81	58	78	55	74	53	69	52	63	52	58	53	54	55	51	58	49	62	48	66	47	71	47	76	48	81	50	85	53	88	55	92	56	96	56	101	55	107	53	114	51	121	49	128	48	134	48	139	49	143	51	146	54	148	58	149	63	149	69	149	76	148	84	146	91	143	97	139	102	134	108	128	113	121	117	114	120	106	122	97	123	87	123	76	122	64	120	53	117	43	113	34	108	26	102	19	95	13	87	8	78	4	69	1	60	-1	52	-2	45	-2	39	-1	34	1	30	4	27	8	25	13	24	18	24	24	25	31	27	39	30	46	34	52	39	57	45	61	52	64	59	66	65	67	70	67	74	67	78	66	81	64	83	62	84	61	84	61	
67:
72	36.062	6	78	7	79	9	81	12	84	14	88	17	93	20	99	24	106	29	112	35	117	42	123	50	128	58	132	66	135	73	137	79	138	84	138	88	137	91	135	93	132	94	128	94	123	93	117	92	110	91	103	90	97	90	92	91	88	93	85	96	83	99	82	102	82	104	83	105	83	105	82	104	80	102	77	99	73	95	68	90	62	84	55	79	48	75	41	72	34	70	28	69	23	68	18	67	13	65	8	62	4	58	1	53	-1	47	-2	40	-3	33	-3	27	-2	22	0	16	3	11	7	7	12	4	18	2	25	1	33	1	42	2	50	4	57	6	63	7	68	8	72	8	75	7	77	6	78	6	78	
68:
69	1.075	109	92	108	91	106	89	103	86	99	83	94	81	89	79	85	78	82	78	80	79	79	81	79	84	80	88	82	93	85	99	87	106	88	112	88	118	87	123	85	127	82	130	78	132	73	133	67	133	62	132	58	130	55	127	51	123	46	118	41	112	35	105	30	97	26	88	23	78	21	67	20	57	20	48	21	40	23	32	26	25	30	19	35	14	41	10	48	7	56	5	65	4	75	4	84	3	92	2	99	2	105	2	111	3	116	5	120	8	123	12	125	17	126	23	126	30	125	38	125	47	124	56	122	64	119	71	115	77	112	82	110	86	109	89	109	91	109	92	109	92	
69:
74	3.01	115	102	116	101	118	101	121	102	125	104	128	107	130	111	131	116	131	120	130	123	128	125	125	126	121	126	118	125	114	123	111	120	109	116	108	111	108	105	108	100	107	94	105	89	102	85	98	82	93	80	89	78	86	77	84	75	83	72	83	68	84	63	86	58	89	52	91	45	92	39	92	34	92	30	91	27	89	25	86	24	82	24	77	25	73	27	70	30	68	34	67	39	67	45	68	52	70	60	72	69	73	79	73	89	72	98	70	106	67	113	65	119	62	124	60	128	59	132	59	135	60	137	62	138	65	138	69	137	74	135	80	132	87	128	94	123	100	117	105	112	109	108	112	105	114	103	115	102	115	102	
70:
56	0.386	80	90	79	89	77	87	74	86	70	86	65	87	60	89	55	92	50	94	46	97	43	101	41	105	40	108	38	110	35	111	32	111	29	110	26	108	24	105	23	101	23	96	24	91	26	85	29	80	33	74	38	67	44	59	49	50	53	42	56	35	58	29	61	23	63	18	65	14	68	11	70	9	73	8	77	8	82	9	87	10	91	12	94	15	97	19	99	24	100	30	100	37	99	45	97	54	94	62	90	69	86	75	83	80	81	84	80	87	80	89	80	90	80	90	
71:
74	0.15	64	67	65	68	67	70	70	73	74	77	79	81	85	85	92	88	100	90	107	91	113	91	118	90	122	88	125	85	127	81	129	76	130	70	130	65	129	60	127	55	124	50	120	46	115	43	109	40	102	38	94	37	85	37	75	38	64	39	54	41	45	44	36	48	28	52	21	56	15	59	10	61	6	63	3	64	1	65	0	67	0	70	1	74	3	77	6	81	10	86	14	92	18	99	22	106	25	112	27	118	28	123	28	127	27	130	25	132	22	133	18	133	15	133	13	132	12	130	12	127	13	123	15	118	18	112	22	105	27	98	33	92	39	87	44	83	49	78	54	74	58	71	61	69	63	68	64	67	64	67	
72:
90	2.255	107	112	108	113	108	115	108	118	109	121	109	124	108	127	106	129	103	130	101	130	100	129	98	127	96	124	95	120	93	116	90	111	87	105	83	98	80	90	77	81	74	72	70	64	66	57	61	50	55	44	49	39	44	35	40	32	37	30	35	29	34	29	34	30	35	30	37	29	40	28	44	26	49	23	55	19	62	15	70	10	77	6	83	3	90	1	96	0	101	0	105	1	108	2	110	4	111	7	111	11	110	14	108	16	105	17	101	18	97	20	92	23	86	26	79	29	71	33	62	38	52	44	43	51	35	59	28	68	22	76	17	83	13	89	10	94	8	98	7	101	7	103	8	104	10	104	13	103	17	101	22	98	28	96	35	94	43	92	52	91	62	91	71	92	79	93	86	95	92	98	97	102	101	106	104	109	106	111	107	112	107	112	
73:
75	2.512	128	61	127	60	125	58	122	57	118	57	113	58	108	60	102	63	97	66	93	70	89	75	86	81	84	86	83	92	83	99	84	107	84	114	83	120	81	125	78	129	74	132	69	135	63	137	56	138	48	138	40	138	33	139	26	139	20	138	15	138	11	139	8	139	6	138	5	136	5	133	6	130	8	126	11	122	15	117	20	112	24	106	27	99	29	93	30	87	30	81	29	76	27	70	24	63	20	57	16	52	13	48	11	44	10	39	10	33	11	27	13	22	16	18	20	15	25	13	31	12	38	12	46	13	55	15	64	18	74	22	83	25	92	29	100	34	107	40	113	46	118	51	122	55	125	58	127	60	128	61	128	61	
74:
68	1.807	133	108	132	108	130	109	127	111	125	112	124	112	124	111	125	109	127	106	128	102	130	97	132	91	133	84	133	76	132	67	130	58	128	49	125	41	123	34	120	28	116	23	111	19	105	16	98	14	91	13	85	13	80	14	76	16	73	19	71	23	70	27	70	31	71	34	72	38	72	41	71	43	69	44	66	44	62	44	57	45	51	45	45	44	40	42	36	39	33	35	31	31	30	28	30	26	31	25	33	25	36	26	40	28	45	31	51	35	58	40	66	46	75	53	85	61	94	70	102	78	109	85	115	91	120	96	124	100	127	103	130	105	132	107	133	108	133	108	
75:
84	8.148	35	120	36	120	38	121	41	123	45	124	50	125	56	125	61	124	65	122	68	119	70	115	71	110	71	104	70	97	68	90	67	82	67	75	68	68	70	62	73	57	77	53	82	49	88	46	93	44	97	43	101	43	104	44	106	46	107	48	107	49	106	49	104	48	101	46	97	43	92	39	88	34	85	28	83	23	82	18	82	14	83	11	85	9	88	8	92	8	97	8	103	9	108	10	112	12	116	13	119	13	121	12	122	10	122	7	121	3	119	-2	116	-6	112	-9	107	-11	101	-12	94	-12	86	-12	77	-11	67	-9	57	-6	48	-2	40	3	33	8	27	14	22	21	18	28	15	36	13	45	11	55	10	65	10	75	11	84	13	92	16	99	20	105	25	110	29	114	32	117	34	119	35	120	35	120	
76:
82	3.844	136	126	135	127	133	129	130	132	126	135	121	137	115	138	108	138	100	138	93	138	85	137	78	135	72	132	66	128	61	123	57	117	53	112	50	108	48	105	47	103	46	102	44	102	43	103	41	105	38	108	34	112	29	115	24	118	20	120	16	121	13	121	11	120	9	118	8	115	8	111	8	106	9	101	11	97	14	92	18	86	23	81	29	77	35	74	40	72	44	71	47	69	49	66	50	62	50	57	49	53	47	50	44	47	40	45	35	44	31	44	26	43	22	41	19	40	17	40	16	41	16	42	17	44	19	47	22	51	26	56	31	61	37	67	44	74	52	82	61	91	71	99	81	106	91	112	100	117	108	121	115	124	121	126	126	127	130	127	133	126	135	126	136	126	136	126	
77:
74	1.006	15	116	14	117	13	119	12	122	11	125	11	127	12	128	14	128	17	127	21	125	26	122	32	118	39	115	47	113	54	111	60	110	65	110	69	111	72	113	76	114	81	114	87	114	94	113	100	112	105	112	109	112	112	113	114	115	116	117	117	119	117	122	116	125	114	127	111	128	107	128	102	127	96	125	89	122	83	118	77	113	71	107	66	100	62	92	59	83	57	74	56	66	56	58	57	51	59	45	62	40	66	36	69	32	73	29	77	27	80	26	82	26	83	27	83	29	82	32	80	36	77	41	73	47	68	54	62	62	55	71	47	80	40	88	34	95	29	101	25	106	21	110	18	113	16	115	15	116	15	116	
78:
89	4.037	56	44	56	45	55	47	55	50	55	54	56	57	58	59	61	60	65	60	69	59	72	57	75	54	77	50	78	45	78	39	77	32	75	25	72	19	68	13	63	8	57	4	50	1	42	-2	35	-6	28	-9	22	-11	17	-12	13	-12	10	-11	8	-9	7	-6	7	-2	8	1	10	3	13	4	17	4	22	3	28	1	35	-2	43	-6	52	-9	62	-12	72	-14	82	-15	91	-15	99	-14	106	-12	112	-9	117	-5	121	0	124	6	126	13	127	21	127	30	127	40	126	51	124	63	121	75	117	86	112	96	106	105	99	113	91	120	82	126	72	131	63	135	55	138	48	140	41	141	35	141	30	140	26	138	22	135	19	131	17	126	16	120	16	113	17	105	19	96	22	87	26	79	30	72	35	65	41	59	46	54	50	50	53	47	55	45	56	44	56	44	
79:
84	2.007	10	53	9	52	7	50	4	47	1	43	-1	39	-2	35	-2	32	-1	30	1	28	4	27	8	27	13	28	19	29	26	31	34	33	43	36	53	40	62	44	71	48	79	52	86	55	92	57	97	58	101	58	104	57	106	55	107	52	107	48	108	44	109	39	109	33	108	28	106	24	103	21	100	19	96	18	91	18	85	19	79	21	74	24	69	28	65	33	62	39	60	46	58	53	57	61	57	70	57	79	58	88	60	97	63	105	67	112	72	118	78	123	85	127	92	130	98	132	103	133	107	133	110	132	112	131	113	131	113	130	112	128	110	125	107	121	103	116	98	110	92	104	85	98	77	93	68	87	58	80	49	73	41	67	34	62	28	58	23	55	19	53	16	52	13	52	11	52	10	53	10	53	
80:
76	0.917	94	117	93	118	91	120	88	122	84	123	79	123	74	122	70	120	67	117	64	113	62	108	61	102	61	97	61	93	60	90	58	88	55	87	51	87	47	86	43	86	40	85	38	83	37	80	37	76	38	71	40	66	43	61	47	57	52	54	57	52	62	51	68	50	73	50	77	51	80	53	82	56	83	60	83	63	82	65	80	66	77	66	75	65	73	63	70	60	66	56	61	51	56	45	50	38	43	31	35	25	28	20	22	16	17	13	13	11	10	10	8	10	7	11	7	13	8	16	10	20	13	25	17	31	22	38	28	46	35	55	43	65	52	74	60	82	67	89	73	96	79	102	84	107	88	111	91	114	93	116	94	117	94	117	
81:
83	87.639	100	35	99	34	97	33	94	33	90	32	86	30	83	27	81	23	80	18	80	13	81	9	83	6	86	4	90	3	95	3	101	4	107	6	113	8	118	10	122	11	125	11	127	10	128	8	128	7	127	5	125	2	122	0	118	-1	113	-1	107	0	100	2	92	4	84	7	75	11	66	15	58	20	51	26	45	33	40	41	36	49	33	58	31	67	30	75	30	82	31	89	31	95	30	100	28	104	27	107	27	109	28	110	30	110	33	109	36	109	39	110	43	112	48	115	54	119	61	124	69	128	78	131	87	133	95	134	102	134	108	133	114	131	119	128	123	124	126	119	128	113	129	106	130	98	130	89	129	80	127	71	124	63	120	56	115	50	110	45	106	41	103	38	101	36	100	35	100	35	
82:
73	31.537	18	109	19	110	21	112	24	115	28	118	33	122	39	127	45	131	52	134	59	136	65	137	70	137	74	136	77	134	80	131	84	127	88	122	92	117	97	113	103	110	110	108	117	107	123	107	128	107	132	106	135	104	137	101	138	98	138	94	137	90	135	85	132	79	129	72	126	66	124	61	123	56	123	51	123	46	122	42	120	39	117	37	113	36	109	36	104	37	98	38	91	38	83	37	74	35	64	32	55	28	45	25	36	22	28	20	21	19	15	19	10	20	6	22	2	25	-2	29	-5	34	-7	40	-8	47	-8	55	-7	64	-6	73	-4	81	-1	88	3	94	8	99	12	103	15	106	17	108	18	109	18	109	
83:
69	6.103	78	21	79	22	81	24	84	26	88	27	93	27	99	27	105	26	111	24	116	21	120	17	123	12	126	8	130	5	133	3	135	2	138	2	140	3	141	5	141	8	140	12	138	17	135	23	133	29	132	36	132	44	133	53	135	63	136	72	136	80	135	87	133	93	130	98	126	102	122	105	117	107	111	108	105	108	98	107	91	105	83	102	74	98	64	93	55	87	47	81	40	76	34	72	29	67	24	62	20	57	17	53	15	48	14	42	14	37	15	31	17	26	20	22	24	19	29	17	35	16	42	16	50	17	57	19	63	21	68	22	72	22	75	22	77	22	78	21	78	21	
84:
75	0.302	131	91	132	90	134	89	135	89	136	88	136	86	135	83	133	80	130	77	126	73	121	70	117	68	112	66	106	64	100	61	95	57	91	54	88	50	86	45	85	39	85	32	86	25	87	19	87	14	86	10	84	7	81	5	77	4	72	3	66	3	59	4	52	6	46	9	40	13	35	18	31	24	28	31	26	39	25	48	25	57	26	67	28	77	31	86	33	94	34	101	34	107	33	112	31	116	28	119	24	121	21	122	19	122	18	121	18	119	19	116	21	113	24	110	27	108	31	105	36	102	42	100	49	99	57	98	66	98	76	97	86	95	95	92	103	89	110	87	116	86	121	86	125	87	128	88	130	90	131	91	131	91	
85:
82	4.988	111	121	110	120	108	118	105	116	101	113	96	109	90	104	83	100	75	96	68	93	62	91	55	90	49	90	44	91	39	93	35	96	32	100	30	105	29	111	29	118	30	124	32	129	35	133	38	136	42	138	47	139	53	139	60	138	68	136	75	133	81	129	86	124	90	118	93	111	95	103	96	94	97	84	99	75	101	66	104	56	108	47	111	39	113	32	114	26	114	21	113	17	111	13	108	10	104	8	100	7	95	7	89	8	82	10	74	13	65	15	57	16	50	18	44	19	39	20	35	20	32	19	30	19	29	20	29	22	30	25	32	29	35	34	39	40	44	47	50	55	57	64	65	74	74	83	82	91	89	98	95	104	100	109	104	113	107	116	109	118	110	120	111	121	111	121	
86:
85	0.198	110	89	109	90	107	92	104	95	101	99	97	104	92	109	86	113	80	116	73	118	65	120	56	121	48	121	40	120	33	119	27	117	21	114	16	110	12	106	9	101	7	95	6	90	6	86	7	83	9	81	11	80	12	80	12	81	11	83	9	86	6	90	3	95	1	101	0	107	0	112	0	116	1	119	3	121	6	122	10	124	15	125	21	125	28	125	36	124	45	122	53	119	60	115	66	110	71	104	75	97	78	89	80	80	81	70	81	59	80	49	78	40	75	32	71	25	66	19	60	14	53	10	47	7	42	5	38	3	35	2	33	2	32	3	32	5	33	8	35	12	38	17	42	23	47	30	53	38	60	47	67	55	74	62	82	68	89	73	95	77	100	80	104	83	107	86	109	88	110	89	110	89	
87:
71	6.67	40	37	39	38	37	40	34	42	30	44	25	45	20	45	16	44	12	42	9	39	7	35	6	32	6	29	6	27	5	26	3	26	1	27	0	29	-2	32	-3	36	-3	41	-3	46	-2	52	0	58	3	65	7	73	12	81	16	88	19	94	22	99	26	103	31	106	37	108	44	109	51	110	57	110	62	111	66	112	69	114	71	117	72	119	72	122	71	126	69	130	66	135	62	139	58	142	53	144	47	145	40	145	32	145	25	144	19	142	14	139	10	135	7	130	5	124	4	117	4	109	4	100	5	90	7	81	10	73	14	65	19	58	25	52	30	47	34	43	37	40	39	38	40	37	40	37	
88:
77	2.215	70	29	69	29	67	30	66	32	65	33	65	35	66	38	68	42	71	45	75	47	80	49	86	52	91	56	95	61	98	67	100	74	101	80	101	86	100	92	98	99	95	106	91	113	86	121	81	128	75	134	68	139	60	143	51	146	43	148	34	149	26	149	19	148	13	146	8	143	4	139	1	134	-1	128	-2	121	-2	113	-1	104	1	94	4	83	8	72	13	62	19	53	26	45	34	38	43	31	53	25	64	20	75	16	85	13	94	11	102	10	109	10	115	11	120	13	124	16	127	20	129	25	130	29	130	32	129	34	127	35	124	36	120	36	115	35	109	33	104	32	98	31	91	31	85	30	80	28	76	27	73	27	71	28	70	29	70	29	
89:
82	19.006	28	38	29	37	31	35	34	33	38	30	42	27	45	24	49	22	52	21	54	21	57	22	59	24	60	27	60	31	59	35	57	40	54	46	51	53	47	61	44	68	41	74	38	79	36	83	35	86	35	88	36	89	37	89	39	88	41	86	44	83	48	80	53	78	58	76	64	75	70	75	75	76	81	78	86	81	90	85	93	89	96	92	98	95	99	97	100	98	102	98	103	97	104	95	104	92	105	88	107	83	110	77	112	70	115	63	119	57	124	52	129	47	133	43	136	39	138	34	139	29	139	25	138	21	136	17	133	14	129	12	124	11	118	11	112	12	105	14	97	17	88	20	80	24	71	28	63	31	56	33	49	34	43	34	38	34	34	35	31	36	29	37	28	38	28	38	
90:
66	0.739	84	124	85	123	87	121	90	118	94	114	99	109	105	103	112	96	119	89	125	81	130	72	134	63	137	55	139	47	140	40	140	33	139	27	137	22	134	18	131	15	127	13	122	12	117	12	111	13	106	15	100	18	95	22	89	27	82	33	74	40	66	46	57	51	49	55	42	58	36	60	31	61	27	63	24	65	22	68	21	72	21	77	22	83	24	89	26	94	29	98	32	103	34	109	35	116	35	123	34	129	33	134	33	138	34	141	36	143	38	144	41	144	45	143	50	141	56	138	63	134	69	131	74	128	78	126	81	125	83	124	84	124	84	124	
91:
90	14.677	128	85	128	84	127	82	127	79	128	75	130	70	131	64	131	57	130	49	128	41	125	34	121	28	116	23	110	19	104	16	99	14	95	13	92	13	89	14	87	16	86	19	84	23	81	28	79	34	76	41	72	48	68	56	65	65	62	75	60	84	58	92	57	99	56	105	56	110	57	114	59	117	62	119	65	120	69	120	73	119	76	117	78	115	79	114	79	114	78	115	76	117	73	120	69	123	64	125	58	126	51	126	43	125	34	123	25	120	16	116	8	111	1	105	-5	98	-10	90	-14	81	-17	71	-19	62	-20	54	-20	46	-19	38	-17	31	-14	25	-11	20	-7	16	-2	13	4	11	10	10	17	10	25	11	33	13	42	16	52	20	63	25	73	31	82	38	90	46	97	53	103	60	109	66	114	71	118	75	122	79	125	82	127	84	128	85	128	85	
92:
68	0.252	123	10	122	11	120	13	117	15	113	18	110	21	107	25	105	30	104	36	104	43	104	49	105	54	107	59	110	63	114	66	119	68	125	69	130	69	134	69	137	70	139	72	140	75	140	79	139	83	137	88	134	92	130	96	125	101	119	107	113	113	106	119	98	124	89	128	79	131	68	133	57	134	47	134	38	133	30	131	23	128	17	124	12	119	8	113	5	108	3	102	2	97	2	93	3	90	5	88	8	87	12	87	17	86	23	84	30	81	38	77	47	72	57	67	68	61	78	54	87	46	95	38	102	31	108	25	113	20	117	16	120	13	122	11	123	10	123	10	
93:
68	0.538	92	36	93	35	95	33	98	30	102	26	107	21	113	17	118	14	124	12	129	11	133	11	136	12	138	14	139	17	139	21	138	26	136	32	134	39	133	47	133	56	133	66	134	77	136	87	137	96	137	104	136	111	134	117	131	122	127	126	122	130	116	133	109	135	101	136	92	136	82	136	71	135	61	133	52	130	44	126	37	123	31	121	26	120	22	120	19	121	17	123	14	124	11	124	9	123	8	121	8	118	9	114	11	109	14	103	18	96	23	88	29	80	35	73	41	67	48	61	56	56	64	52	71	49	77	47	82	45	86	42	89	39	91	37	92	36	92	36	
94:
90	1.993	104	75	103	76	101	78	98	81	94	85	89	88	83	90	77	91	72	91	67	91	63	90	60	88	58	85	57	83	56	82	56	82	56	83	55	85	53	87	50	88	46	89	41	90	35	92	29	95	24	98	19	100	15	101	12	103	10	106	9	110	9	114	10	118	12	122	15	125	19	128	24	130	30	131	37	131	45	132	54	132	64	133	73	133	82	134	90	134	97	133	103	131	108	128	112	125	115	123	117	122	118	122	118	123	117	123	115	122	112	120	108	118	103	115	97	111	90	106	82	100	73	93	63	85	54	76	46	66	39	56	33	47	28	39	24	32	21	26	19	21	18	17	18	14	19	12	21	11	24	11	28	12	33	14	38	17	44	21	51	26	59	32	68	39	76	47	83	54	89	60	94	65	98	69	101	72	103	74	104	75	104	75	
95:
75	3.422	135	60	134	60	132	61	129	61	125	61	120	62	114	64	108	67	103	69	99	70	96	70	93	69	91	67	90	64	90	61	91	57	93	52	96	46	100	40	104	35	108	31	111	27	113	24	114	20	114	16	113	13	111	11	108	10	104	9	99	8	93	7	86	7	78	6	69	5	59	5	49	6	40	8	32	11	25	15	19	20	14	26	10	33	7	41	5	50	4	59	4	69	4	78	5	87	7	95	8	103	10	110	13	116	17	121	21	125	26	128	32	130	39	131	47	132	54	132	62	131	71	129	80	126	90	122	99	117	107	111	114	104	120	96	125	88	129	81	132	75	134	70	135	66	135	63	135	61	135	60	135	60	
96:
88	3.029	70	39	69	38	67	37	65	36	63	34	62	31	62	28	63	26	65	25	66	23	68	20	69	16	69	11	68	6	66	2	63	-1	59	-3	54	-4	48	-4	41	-3	33	-1	24	2	16	6	9	11	3	17	-2	24	-6	32	-9	41	-11	51	-12	60	-12	68	-11	75	-9	81	-6	86	-2	90	3	93	9	95	16	96	24	96	32	95	41	93	51	90	60	86	68	82	75	79	81	76	86	74	90	73	93	73	95	74	96	76	96	79	95	83	93	88	92	94	90	100	89	107	89	114	90	121	92	127	95	132	99	136	104	139	110	141	117	142	123	142	128	141	132	139	135	136	137	132	138	127	138	122	137	118	135	114	132	110	128	105	124	99	119	92	113	84	106	75	98	67	91	60	85	54	80	49	76	45	73	42	71	40	70	39	70	39	
97:
75	0.35	37	137	38	136	40	136	43	135	47	133	52	130	58	126	65	122	73	117	80	111	87	104	93	96	98	87	102	79	105	72	107	66	108	60	108	55	107	51	105	48	103	46	100	44	96	43	91	43	85	44	78	46	71	48	64	49	58	49	53	48	49	46	46	43	44	39	43	34	43	28	44	23	46	19	49	16	53	13	58	11	64	10	71	10	79	10	87	11	95	13	104	16	112	20	119	25	125	31	130	38	134	46	137	55	139	65	140	76	140	86	139	95	137	103	134	110	130	116	125	121	120	125	114	128	107	130	99	131	90	132	81	133	73	135	65	136	58	138	52	139	47	139	43	138	40	137	38	137	37	137	37	137	
98:
86	0.887	46	66	45	65	44	63	42	60	40	57	39	55	38	54	36	54	33	55	29	57	24	60	20	63	15	66	11	68	7	69	3	69	0	68	-2	66	-3	63	-3	59	-2	54	0	50	2	47	5	45	9	44	14	44	20	45	27	47	33	50	38	54	42	59	45	65	47	72	48	80	48	89	47	98	45	106	42	113	38	119	33	124	28	128	24	131	21	133	19	134	18	134	18	133	19	131	21	129	24	128	28	126	33	125	39	125	46	126	54	128	63	130	73	132	82	133	90	134	98	136	106	137	113	137	119	136	124	134	128	131	131	128	133	126	134	124	134	123	133	123	131	123	128	122	124	120	119	117	113	113	106	109	98	105	89	100	81	94	74	87	67	81	61	76	56	72	52	69	49	67	47	66	46	66	46	66	
99:
88	7.707	48	11	47	10	47	8	47	5	48	3	50	2	53	2	57	2	62	3	66	5	69	8	71	11	72	15	73	20	73	25	72	30	70	34	67	37	63	39	58	40	52	40	45	39	37	37	30	34	24	30	19	25	15	20	12	16	10	13	9	11	9	10	10	10	12	11	15	13	18	16	21	20	25	25	29	31	32	38	34	46	35	55	35	65	34	75	32	85	29	94	25	102	22	109	20	115	19	120	19	126	20	133	22	140	25	146	29	151	34	155	40	158	47	160	55	161	64	161	74	160	84	158	93	155	101	151	108	146	114	140	119	133	123	125	126	116	128	106	129	95	129	84	128	73	126	63	123	54	119	46	114	39	108	33	101	28	93	24	84	21	76	19	69	18	63	18	58	17	54	16	51	14	49	12	48	11	48	11	