0:
71	4.972	63	49	62	48	60	46	57	43	54	41	50	38	47	34	45	29	44	24	44	19	45	15	47	12	50	10	54	9	59	9	63	10	68	12	72	14	75	15	78	15	81	14	83	12	84	9	86	7	89	6	91	6	92	7	92	9	93	12	93	16	92	21	90	27	89	34	87	41	84	48	80	56	75	63	71	69	66	74	60	78	53	81	45	83	37	84	30	84	24	84	19	85	15	87	12	90	10	93	9	97	9	102	9	106	10	109	12	111	15	112	19	112	24	111	30	109	36	106	41	102	45	97	48	91	50	84	51	77	51	70	52	64	54	59	57	55	60	52	62	50	63	49	63	49	
1:
93	42.145	100	106	100	105	99	103	97	100	94	96	91	91	87	85	83	78	80	72	78	65	77	58	77	52	76	47	75	43	73	40	70	38	66	37	61	37	55	37	49	37	42	36	35	34	29	31	24	27	20	22	16	18	13	14	11	11	10	9	10	8	11	8	13	9	16	11	20	14	24	18	27	23	30	29	33	36	35	44	36	53	36	62	36	70	35	78	33	85	30	91	26	96	21	100	15	103	10	105	6	106	3	106	1	105	0	104	0	104	1	105	3	107	6	109	10	110	15	111	21	111	28	110	36	108	43	105	49	101	54	96	58	90	61	83	63	75	65	67	68	60	72	54	77	49	83	45	89	42	96	40	103	39	109	39	114	40	118	42	121	45	123	48	124	52	124	57	123	63	121	70	118	78	114	85	110	91	106	96	103	100	101	103	100	105	100	106	100	106	
2:
70	0.241	85	62	84	61	82	59	79	58	75	58	70	58	64	59	58	60	52	60	47	59	42	57	38	54	35	50	32	45	30	39	29	33	29	28	30	24	32	21	35	19	39	18	44	17	50	17	57	17	65	18	73	18	80	19	87	21	93	23	98	26	102	30	105	35	107	41	108	48	108	56	107	64	105	73	102	81	98	88	93	94	87	100	80	105	72	109	63	112	54	114	46	115	39	115	33	114	28	112	24	109	21	107	19	106	18	106	18	107	19	107	21	106	24	104	28	101	33	97	38	92	44	88	51	84	57	80	64	77	70	74	75	71	79	68	82	65	84	63	85	62	85	62	
3:
79	20.809	38	90	39	91	41	93	43	96	44	100	44	104	44	107	43	109	41	112	38	114	34	115	29	115	23	114	17	112	12	109	8	105	5	100	3	94	2	89	2	85	3	82	5	80	8	79	12	79	17	80	23	82	30	83	38	83	47	82	55	80	63	77	70	73	76	70	81	66	85	61	88	55	90	49	91	42	91	36	90	31	90	27	91	24	93	22	96	20	99	19	101	18	102	18	102	19	101	20	99	20	96	20	92	19	88	18	85	16	82	13	80	9	79	6	79	3	79	1	80	0	82	0	85	1	87	3	88	6	88	10	87	15	85	21	82	28	78	36	73	45	67	54	60	62	54	69	49	75	45	80	42	84	40	87	39	89	38	90	38	90	
4:
78	2.196	66	26	67	27	69	29	72	32	75	34	78	36	80	38	81	39	81	39	80	39	78	39	75	40	71	40	67	41	63	43	60	46	58	48	57	51	57	55	58	59	60	62	63	64	67	66	72	68	78	69	85	70	91	70	96	69	100	69	103	68	105	66	106	64	106	62	105	61	103	61	100	62	96	64	91	67	86	71	80	76	73	82	65	87	57	91	49	94	40	96	31	97	23	97	15	96	8	94	2	91	-3	87	-7	82	-10	76	-12	69	-13	61	-13	52	-12	43	-10	34	-7	26	-3	19	2	13	8	8	15	4	23	1	32	-1	40	-2	47	-3	53	-3	58	-2	62	0	65	3	67	7	68	11	68	16	67	20	66	23	66	25	66	26	66	26	
5:
59	0.487	48	53	48	54	49	56	51	58	54	61	58	65	62	68	65	70	68	71	71	71	73	70	74	68	74	65	73	61	73	58	72	56	72	55	71	55	69	56	67	58	64	61	62	65	59	70	55	76	50	81	45	85	39	88	32	90	26	91	21	91	17	90	14	88	12	85	11	81	11	76	12	70	14	63	15	56	15	50	14	44	13	39	12	33	12	28	13	24	15	21	18	19	22	18	27	18	32	19	36	21	41	24	45	28	48	33	50	38	51	43	51	47	50	50	49	52	48	53	48	53	
6:
65	0.099	3	48	4	49	6	51	8	54	11	57	14	61	18	65	22	68	26	70	30	71	33	71	36	70	38	68	41	65	44	61	46	56	47	52	47	49	46	46	44	44	41	41	37	39	34	38	31	38	29	39	28	40	28	41	29	43	31	46	34	49	38	51	43	53	49	54	56	54	64	53	73	53	81	54	88	55	94	55	99	54	103	53	106	52	108	52	109	52	109	53	108	53	106	52	103	50	99	47	94	44	88	41	82	38	75	34	67	31	58	29	48	28	39	28	31	29	24	31	18	34	13	38	9	42	6	45	4	47	3	48	3	48	
7:
67	0.283	38	21	37	22	35	24	32	27	29	31	25	34	20	36	15	37	11	37	8	36	6	34	5	31	5	29	6	28	7	28	9	29	12	31	16	34	19	38	23	42	28	45	33	48	39	50	45	51	50	51	54	50	57	48	59	47	60	47	60	48	59	50	58	53	57	57	56	62	56	68	56	74	57	79	59	83	62	86	66	88	71	89	76	89	81	88	85	86	88	83	90	79	92	74	94	68	96	61	97	53	97	44	96	36	94	29	92	23	90	18	87	14	83	11	78	9	72	8	65	8	59	9	53	10	48	12	44	15	41	18	39	20	38	21	38	21	
8:
60	11.48	63	69	64	68	66	68	69	67	73	66	78	64	82	61	85	57	87	52	88	46	88	40	87	35	85	31	82	28	78	26	74	25	69	25	63	26	56	27	49	27	43	26	38	24	34	21	31	17	29	12	28	8	28	5	27	3	25	2	22	2	18	3	14	5	11	8	8	12	6	17	5	23	5	30	6	36	7	41	7	46	7	50	8	53	10	55	13	56	16	56	20	57	23	59	25	61	27	64	28	68	30	72	33	75	37	77	42	78	48	78	53	77	57	75	60	72	62	70	63	69	63	69	
9:
79	13.822	63	78	64	79	66	81	69	83	73	85	78	86	84	86	90	85	96	83	101	80	105	76	108	71	110	65	111	58	111	51	110	45	108	40	106	36	103	33	99	30	94	28	89	27	83	27	76	28	70	29	65	29	61	28	58	27	56	25	53	22	49	19	46	16	42	13	38	11	33	10	28	10	23	11	19	13	16	16	14	20	13	25	13	31	14	38	16	46	19	55	23	63	26	71	30	79	33	86	35	92	36	98	36	104	35	109	33	113	30	116	26	118	21	121	15	123	10	124	6	124	3	123	1	121	0	118	0	114	1	111	3	108	6	104	10	99	15	93	21	88	28	84	35	80	42	77	48	75	53	74	57	74	60	75	62	77	63	78	63	78	
10:
72	4.568	105	45	104	44	102	42	99	39	95	36	90	34	84	31	77	27	70	24	64	22	58	21	53	21	48	22	44	24	41	27	39	31	38	36	37	40	35	43	32	45	28	46	24	46	21	45	19	45	18	45	18	46	19	48	21	51	24	55	28	60	32	66	35	72	37	78	38	85	38	91	37	96	35	100	32	103	28	105	24	106	20	106	16	105	13	103	11	100	10	96	10	91	11	86	13	80	16	75	20	71	25	68	31	66	38	65	46	65	55	66	65	68	74	69	82	69	89	70	95	72	100	73	104	73	107	72	109	70	111	67	112	63	112	59	111	55	109	51	107	48	106	46	105	45	105	45	
11:
84	6.499	107	19	106	20	106	22	105	25	103	27	101	29	99	30	96	30	92	29	87	27	81	24	74	20	68	17	62	14	57	12	53	11	50	11	48	12	46	14	44	17	43	21	43	26	44	32	46	39	48	47	51	56	53	64	55	72	58	79	62	85	67	90	72	94	77	97	81	99	86	100	92	100	97	99	101	97	104	95	106	93	107	92	107	92	106	93	104	95	101	98	97	102	92	106	86	109	79	111	72	112	65	112	57	111	48	109	40	106	32	102	25	97	18	92	12	88	7	84	3	81	0	77	-2	72	-3	66	-3	59	-2	51	0	44	3	38	7	33	12	29	18	26	25	23	33	21	42	18	52	16	62	13	71	11	79	10	86	10	92	10	97	11	101	13	104	16	106	18	107	19	107	19	
12:
66	0.334	24	74	24	73	23	71	22	68	22	64	23	60	25	56	28	52	31	49	35	47	40	46	44	46	47	47	50	49	52	52	53	56	54	61	54	67	55	73	57	79	60	86	64	92	69	97	73	101	76	104	79	106	83	107	86	107	90	106	94	104	97	101	101	97	104	92	106	87	108	82	109	76	109	69	108	61	106	53	103	44	99	36	94	29	88	23	81	18	73	14	64	11	54	9	45	8	37	8	30	9	24	11	19	14	15	17	12	21	9	26	7	32	6	39	6	46	7	52	9	57	12	61	16	65	19	68	21	71	23	73	24	74	24	74	
13:
78	0.224	19	54	18	54	17	55	15	57	14	60	14	64	13	68	11	71	9	73	8	74	7	74	6	73	5	71	5	68	5	64	4	59	3	53	2	46	2	38	3	31	5	24	8	18	11	13	15	9	20	6	26	4	33	3	40	3	46	4	51	6	57	9	62	13	67	18	71	23	74	27	76	31	77	36	77	41	76	45	76	48	76	50	77	51	79	51	81	50	84	48	87	45	91	43	96	42	102	42	108	43	113	45	117	48	120	51	122	55	123	60	124	66	124	73	123	80	121	86	118	91	114	95	109	98	103	100	96	101	89	101	82	100	74	98	65	95	56	91	48	86	41	80	35	74	30	69	26	64	23	60	21	57	20	55	19	54	19	54	
14:
98	8.544	28	60	29	61	31	63	34	65	36	68	39	72	43	75	47	77	50	78	53	78	55	77	56	75	56	72	55	69	53	67	50	66	46	66	43	67	41	69	39	72	38	76	38	80	39	85	41	91	44	97	48	102	52	106	57	109	63	111	68	112	72	112	75	111	77	109	78	106	78	102	77	98	75	93	73	87	70	82	66	77	61	71	55	64	49	56	44	48	40	40	37	33	35	27	34	21	34	16	33	12	31	9	28	7	24	6	19	6	14	7	10	9	7	12	5	16	4	21	4	26	4	32	5	39	7	45	10	50	14	54	19	57	25	59	32	60	40	60	49	59	59	57	68	54	76	50	83	45	89	39	94	33	98	27	101	22	103	18	104	15	104	13	103	11	101	10	98	10	94	11	89	13	83	16	76	20	68	25	61	31	55	36	49	42	43	47	38	51	34	54	31	57	29	59	28	60	28	60	
15:
81	0.23	24	51	23	50	21	49	19	47	16	46	14	46	13	47	13	48	14	50	16	52	19	53	23	53	28	53	32	52	35	50	37	47	38	43	38	38	37	33	36	27	36	22	36	18	37	15	38	13	40	12	43	12	45	13	46	14	46	14	45	13	43	11	40	8	36	6	31	4	25	2	20	0	16	-1	13	-1	11	0	10	2	10	5	11	9	13	14	16	20	20	27	25	34	31	40	38	45	46	49	55	52	65	54	74	55	82	55	89	54	95	52	100	49	104	45	108	40	111	34	113	28	114	22	114	17	113	13	112	9	110	6	107	4	103	3	98	3	92	4	85	6	77	9	68	13	60	18	52	24	45	30	39	36	34	41	30	45	27	48	25	50	24	51	24	51	
16:
83	22.886	24	83	25	84	26	86	26	89	26	93	25	97	23	101	21	104	18	106	14	107	10	107	7	106	5	105	4	104	4	104	5	105	7	105	10	106	14	108	19	109	25	109	30	108	34	106	37	103	39	99	40	94	40	88	40	81	39	74	39	67	40	61	42	56	45	52	49	49	54	47	59	45	65	44	71	44	76	45	80	47	83	50	85	54	86	59	87	63	87	66	86	68	84	69	81	69	77	68	74	66	72	63	71	59	71	54	72	48	74	42	75	35	77	28	80	21	84	15	89	10	94	6	98	3	101	1	103	0	104	0	104	1	103	3	101	5	98	8	94	12	89	17	83	23	76	30	68	38	60	47	52	55	45	62	39	68	34	73	30	77	27	80	25	82	24	83	24	83	
17:
66	5.386	22	103	21	104	21	106	22	108	23	109	25	109	26	108	26	106	25	103	23	99	21	94	18	89	14	85	11	82	9	80	8	78	8	77	9	77	11	76	14	74	18	72	23	69	28	67	34	66	40	66	47	65	53	63	58	61	62	58	65	54	67	49	68	43	68	37	67	31	67	26	68	22	70	19	73	16	77	14	82	13	88	13	94	14	99	14	103	15	106	17	108	20	109	23	109	27	108	32	106	38	103	44	99	49	94	53	88	56	81	58	74	61	66	65	58	70	50	76	43	82	37	88	32	93	28	97	25	100	23	102	22	103	22	103	
18:
66	0.259	89	93	90	94	92	96	95	97	99	97	102	96	104	94	105	91	105	87	104	82	102	77	99	71	95	66	90	62	85	58	79	55	72	51	66	47	59	42	53	37	48	31	44	26	41	22	39	17	38	13	38	10	39	8	41	5	44	1	48	-2	53	-4	59	-5	65	-5	70	-4	74	-2	77	1	79	5	80	9	80	14	79	20	77	27	74	35	70	42	65	48	59	53	53	59	48	66	44	72	41	77	39	83	38	89	38	94	39	98	41	101	44	103	48	104	52	104	57	103	63	103	68	103	74	102	79	100	83	97	86	95	88	94	89	93	89	93	
19:
76	9.463	3	4	4	5	6	7	9	10	13	12	17	13	22	14	28	14	34	13	40	11	45	10	49	10	52	11	54	13	55	16	55	20	55	25	55	31	55	37	56	44	58	52	61	60	65	68	70	75	76	81	81	86	85	91	89	95	93	98	96	100	98	101	99	101	99	100	98	98	96	95	93	91	89	87	84	82	78	78	71	75	63	73	54	72	44	72	35	73	26	75	18	78	11	82	5	87	0	93	-4	99	-7	104	-9	108	-10	111	-10	113	-9	114	-7	114	-4	113	0	111	3	108	5	104	6	99	6	93	5	86	3	78	0	69	-3	59	-6	49	-8	40	-9	32	-9	25	-8	19	-6	14	-3	10	0	7	2	5	3	4	3	4	
20:
92	0.416	84	65	85	64	87	62	90	59	93	55	96	51	100	48	104	46	107	44	109	43	110	41	110	39	109	38	107	36	104	34	101	31	99	29	98	26	98	22	99	19	101	17	104	16	107	16	109	17	110	18	110	20	109	23	107	27	104	32	100	38	95	45	89	53	82	62	74	70	66	77	59	83	52	88	46	92	41	95	36	97	32	98	29	98	27	97	26	95	26	92	27	90	29	89	32	89	36	90	40	92	44	95	49	98	54	102	58	105	61	107	63	108	64	108	64	107	63	105	61	102	58	98	54	95	49	93	43	91	36	89	28	86	21	84	15	82	10	80	6	77	3	73	1	68	0	64	0	61	1	59	3	57	6	56	10	56	15	57	21	59	28	62	36	65	44	67	52	69	59	70	65	70	70	71	74	71	78	70	81	68	83	66	84	65	84	65	
21:
72	1.771	47	58	46	57	44	55	41	52	38	48	36	43	35	37	35	31	36	26	37	22	38	19	38	16	37	14	35	13	32	13	28	14	23	15	18	17	13	20	9	24	6	29	4	35	2	41	1	47	1	52	2	56	4	59	7	62	11	64	16	65	22	65	29	66	37	66	46	65	56	63	65	60	73	56	80	51	86	47	91	42	95	38	98	35	100	33	101	32	103	32	106	33	109	35	113	38	116	41	118	45	119	50	119	56	118	63	116	70	113	76	109	81	104	85	99	88	93	90	87	91	82	91	78	90	75	88	71	85	66	81	62	76	59	72	55	68	52	64	50	61	48	59	47	58	47	58	
22:
74	0.434	8	90	8	89	7	87	7	84	8	80	9	77	11	75	14	74	18	74	21	75	25	77	29	80	33	84	36	88	39	92	41	95	44	97	48	98	52	98	57	97	61	95	64	92	66	88	67	83	68	77	69	70	71	64	74	58	78	53	83	49	88	46	92	44	95	43	99	43	102	44	104	46	106	49	108	53	109	56	109	58	109	60	108	61	106	61	104	60	103	58	102	55	102	51	102	46	103	40	103	33	104	27	106	22	107	18	107	15	106	13	104	12	101	12	97	13	92	15	87	18	81	22	74	27	66	33	57	39	48	46	40	54	33	62	27	69	22	75	18	80	14	84	11	87	9	89	8	90	8	90	
23:
66	7.721	94	106	93	107	91	107	88	107	84	106	79	106	73	106	66	106	59	106	51	106	42	107	34	109	27	110	21	110	16	109	12	107	9	104	7	100	6	95	6	89	7	82	9	74	12	67	16	61	21	56	26	51	30	47	33	44	35	41	36	39	36	38	35	37	33	36	30	35	28	33	27	30	27	27	28	23	30	19	33	15	37	10	42	6	48	3	54	1	61	0	69	0	78	1	86	3	93	6	99	10	104	15	108	21	111	27	113	34	114	42	114	51	113	61	111	70	108	78	104	85	100	91	97	96	95	100	94	103	94	105	94	106	94	106	
24:
75	4.298	71	75	71	76	71	78	72	81	74	85	77	88	81	90	86	92	90	93	93	93	95	92	96	90	96	87	95	83	93	78	92	73	91	69	91	65	92	60	94	55	97	50	101	46	104	42	106	37	107	32	107	27	106	23	104	20	101	17	97	15	92	14	86	14	80	15	75	17	71	19	68	22	66	26	65	31	64	36	64	40	65	43	65	45	64	46	62	46	59	45	55	43	51	40	46	36	40	31	33	27	27	23	21	20	15	18	10	17	6	17	3	18	1	20	0	23	0	27	1	31	3	34	6	37	10	40	15	44	21	49	28	54	35	58	43	62	50	65	56	67	61	70	65	72	68	74	70	75	71	75	71	75	
25:
71	0.267	89	43	90	44	92	46	94	48	95	51	95	55	94	58	92	60	89	61	86	62	82	62	77	61	73	59	70	56	68	52	67	47	67	43	68	39	70	35	73	32	76	29	78	25	79	22	79	19	78	17	76	16	73	16	69	15	64	15	59	14	53	14	47	15	40	17	32	19	25	21	19	22	14	22	10	21	7	20	4	19	2	19	1	20	1	22	2	25	4	29	7	34	11	40	16	47	22	55	29	63	37	70	46	76	56	81	65	85	73	88	80	90	86	91	91	91	95	90	99	88	102	85	104	81	105	76	105	70	104	64	102	58	99	53	95	49	92	46	90	44	89	43	89	43	
26:
66	0.343	49	51	50	50	52	48	55	47	58	47	60	47	61	48	61	50	60	52	58	55	55	58	51	61	47	65	43	70	40	76	38	82	36	88	33	93	30	97	26	100	21	103	15	105	9	106	4	106	0	105	-3	103	-5	100	-6	96	-6	91	-5	85	-3	78	0	70	4	61	9	53	15	46	22	40	30	35	39	30	48	26	57	23	67	21	76	20	84	20	91	21	97	22	102	24	106	27	109	31	111	36	112	42	112	48	111	54	109	59	106	63	102	66	97	68	91	69	84	69	77	68	70	66	64	63	59	59	55	56	52	54	50	52	49	51	49	51	
27:
78	4.485	16	8	17	7	19	5	22	4	26	3	31	3	37	2	44	1	52	1	59	2	65	4	70	7	74	11	77	16	79	22	80	28	80	34	81	39	81	43	82	46	84	48	87	49	89	49	91	48	92	46	92	45	91	45	89	46	87	48	84	51	82	55	79	58	77	60	74	61	72	61	71	60	71	58	72	56	74	54	77	53	81	53	85	54	90	56	94	59	97	63	99	68	100	74	100	80	99	87	97	94	94	100	90	105	85	109	79	112	72	115	64	117	55	118	45	118	36	117	27	115	19	112	12	108	6	103	1	97	-3	90	-6	82	-8	73	-9	63	-9	53	-8	44	-6	36	-3	29	1	23	6	18	10	14	13	11	15	9	16	8	16	8	
28:
77	4.513	104	20	105	19	105	18	105	16	104	13	102	11	99	9	95	8	90	8	84	8	77	8	71	8	64	7	58	5	53	4	48	3	44	3	41	4	39	6	38	9	38	13	39	18	41	24	44	31	46	39	49	48	53	57	56	66	60	74	64	81	69	87	74	92	78	96	81	99	83	101	84	103	84	106	83	109	81	113	78	116	74	118	69	119	63	119	56	118	48	116	41	113	33	109	25	105	18	100	12	94	7	87	3	79	0	70	-3	60	-5	51	-6	43	-6	36	-5	28	-3	20	0	13	4	7	9	2	15	-2	22	-5	30	-7	39	-8	49	-8	59	-7	68	-5	76	-2	83	2	89	7	94	11	98	14	101	17	103	19	104	20	104	20	
29:
67	0.454	99	72	98	72	96	71	93	69	89	66	86	62	84	57	82	53	81	49	81	45	82	42	82	40	81	39	79	39	76	40	72	42	68	44	65	47	63	51	62	56	61	62	61	69	61	75	62	80	63	84	63	87	62	89	60	90	57	90	53	89	48	88	42	86	35	83	29	79	24	76	20	72	17	67	15	61	14	54	14	46	15	37	17	29	20	22	24	16	29	11	34	7	40	4	47	2	55	1	64	1	73	1	81	2	88	4	94	7	99	11	103	16	106	22	108	29	109	36	109	44	108	51	106	57	103	62	101	66	100	69	99	71	99	72	99	72	
30:
68	0.188	56	98	57	97	58	95	58	92	57	88	55	84	52	81	48	79	43	77	37	75	32	72	28	68	25	65	23	63	22	62	21	62	21	63	20	65	20	68	20	72	21	77	23	82	26	87	30	92	35	97	41	101	47	104	54	106	61	107	67	107	72	106	76	104	80	101	83	97	86	92	89	86	91	79	92	71	93	62	93	53	92	45	90	38	87	32	83	26	78	21	72	17	66	14	61	12	56	11	50	11	45	12	41	14	38	17	36	21	35	26	35	32	35	39	36	47	38	55	39	62	40	70	41	77	43	83	46	88	50	92	53	95	55	97	56	98	56	98	
31:
100	1.489	96	97	96	96	95	94	94	91	92	87	89	84	85	82	82	80	79	79	75	79	71	80	68	82	66	85	65	89	65	93	66	98	68	102	69	105	69	107	68	108	66	108	63	107	59	105	56	102	53	98	51	93	50	87	50	80	51	74	53	68	56	63	60	59	65	56	71	54	76	53	81	53	85	53	88	54	90	56	91	58	91	59	90	59	88	58	85	56	81	53	77	49	74	44	72	38	71	31	71	24	72	18	74	13	77	8	81	4	86	1	92	-1	97	-2	101	-2	104	-1	106	0	107	2	107	5	106	7	104	8	101	8	97	9	92	11	86	14	79	17	71	21	62	26	53	32	44	39	36	47	29	56	23	64	18	72	14	79	11	87	9	94	8	100	8	105	9	109	11	112	14	114	18	115	23	115	29	114	36	112	44	110	53	108	61	105	68	103	75	102	81	102	86	102	90	101	93	100	95	98	96	97	96	97	
32:
56	1.859	3	39	2	38	0	36	-1	33	-2	29	-3	25	-3	21	-2	17	0	14	3	11	7	9	12	7	18	6	25	6	33	7	40	8	48	10	57	13	65	17	72	22	78	27	83	32	87	36	91	41	94	45	96	50	97	55	97	59	96	62	94	64	91	65	87	65	82	66	77	67	73	68	70	69	67	71	65	72	64	73	64	75	63	78	61	80	58	81	55	81	52	80	48	78	43	75	37	71	30	66	24	60	18	54	13	49	9	45	6	42	4	40	3	39	3	39	
33:
70	1.887	82	98	83	99	85	101	88	102	90	102	93	101	97	99	100	96	102	92	103	87	103	81	102	75	100	70	97	66	93	62	88	59	82	57	77	56	73	55	70	54	68	52	67	49	67	45	68	41	70	37	73	34	77	32	81	29	84	25	86	22	87	19	87	17	86	14	84	10	81	7	77	5	72	3	67	2	61	2	54	3	46	5	38	8	31	12	23	17	16	23	10	29	5	34	1	40	-2	47	-4	55	-5	64	-5	72	-4	79	-2	85	1	90	5	94	10	97	16	99	23	102	31	104	38	105	46	105	54	104	61	102	67	99	72	97	76	96	79	96	81	97	82	98	82	98	
34:
77	1.408	76	78	75	79	73	80	71	82	70	85	69	89	68	94	66	99	64	103	61	106	57	108	52	109	46	109	41	108	37	106	34	103	32	99	31	94	31	88	32	81	34	74	36	68	39	63	43	59	48	56	54	54	61	53	68	53	76	54	84	54	91	53	97	51	102	50	106	50	109	51	111	53	112	56	112	60	111	64	109	67	106	69	104	70	101	70	99	69	98	67	98	64	99	60	99	56	98	51	96	45	93	38	89	30	84	23	78	17	71	12	63	8	56	5	50	3	45	2	41	2	38	3	36	5	35	8	35	12	36	17	38	23	41	30	45	38	50	46	56	53	61	59	66	64	70	68	73	72	75	75	76	77	76	78	76	78	
35:
64	6.839	0	45	1	44	3	43	6	41	10	38	14	36	18	35	23	35	27	35	30	35	32	34	33	32	33	29	32	25	31	21	31	18	32	16	34	15	37	15	41	16	46	18	51	20	57	23	64	27	71	32	79	36	86	39	92	43	97	47	101	51	104	54	106	56	107	58	107	60	106	63	104	66	101	69	97	72	92	75	86	78	80	81	73	83	65	86	57	88	48	90	38	92	29	94	21	96	14	97	7	97	1	96	-4	94	-8	91	-11	87	-13	82	-14	76	-14	69	-13	63	-11	58	-9	54	-6	51	-3	48	-1	46	0	45	0	45	
36:
66	4.398	74	12	73	13	71	15	68	17	64	20	60	24	56	29	53	35	51	41	50	46	50	50	49	53	48	55	48	56	49	56	49	55	48	53	46	50	43	46	40	41	36	37	31	34	25	32	19	31	14	31	10	32	7	34	5	36	4	39	4	43	5	48	7	54	10	61	12	67	13	72	13	76	12	79	10	81	9	83	9	85	10	86	12	86	15	86	19	85	24	85	30	86	36	88	42	89	49	89	55	88	62	86	68	83	74	79	79	74	83	69	86	63	88	56	89	48	89	40	88	33	86	27	83	22	80	18	77	15	75	13	74	12	74	12	
37:
74	1.883	92	83	91	84	90	86	88	87	85	87	81	86	76	84	70	81	63	77	57	73	51	69	46	66	42	64	39	62	36	60	34	59	33	57	33	54	34	51	36	49	39	48	43	46	46	43	50	39	53	34	55	30	56	25	56	21	55	18	53	16	50	15	46	15	41	16	36	18	30	21	24	25	19	30	15	36	12	43	10	51	9	58	9	64	10	70	12	75	15	79	19	82	23	84	27	85	31	85	34	84	36	82	39	79	43	75	48	70	54	64	61	58	69	53	77	49	84	46	90	44	95	43	99	43	102	44	105	46	107	49	108	53	108	58	107	64	105	69	102	73	98	77	95	80	93	82	92	83	92	83	
38:
70	1.788	89	35	89	34	88	32	88	29	89	25	90	20	91	15	91	10	91	6	91	3	91	1	90	0	88	0	85	1	82	3	78	6	73	10	67	15	61	20	56	24	52	27	48	29	45	30	43	30	42	29	42	27	42	24	41	21	39	19	36	18	32	18	27	19	21	21	15	24	10	28	6	33	3	39	1	46	0	53	0	59	0	64	1	69	3	73	6	76	9	78	13	81	16	85	19	90	22	95	24	99	27	102	29	104	30	105	31	105	33	104	36	102	40	99	45	95	50	90	56	84	63	77	69	69	74	62	78	56	81	50	83	45	84	41	86	38	88	36	89	35	89	35	
39:
57	0.895	103	91	102	90	100	88	97	87	93	87	89	88	84	89	78	90	71	92	63	95	54	99	44	102	35	104	27	105	19	105	12	104	6	103	1	101	-3	98	-6	94	-8	89	-9	83	-9	76	-8	68	-6	59	-3	50	1	42	6	35	11	29	17	23	23	17	30	12	38	8	46	5	55	3	63	2	72	2	80	3	88	3	95	4	101	6	106	9	110	13	114	18	117	24	120	31	122	39	123	48	123	56	122	63	120	70	117	76	113	81	109	85	106	88	104	90	103	91	103	91	
40:
90	1.099	80	109	81	109	83	109	85	108	88	106	92	103	96	99	99	96	101	93	102	91	102	88	101	85	99	83	96	81	92	80	87	80	81	81	74	81	68	80	62	78	57	75	53	71	49	66	46	62	44	59	43	56	43	54	44	53	46	53	49	52	53	50	57	48	60	45	62	41	63	36	63	31	62	25	62	19	61	14	61	10	62	7	64	5	67	4	71	4	76	5	82	7	88	10	93	14	97	19	100	25	102	31	103	36	103	40	102	43	100	46	97	49	93	53	88	56	82	58	75	59	67	59	59	58	50	57	41	55	33	52	26	48	20	43	15	38	11	34	8	31	6	29	5	28	5	28	6	29	8	31	11	34	15	38	20	43	26	49	33	56	41	64	49	73	56	81	62	88	67	94	71	99	74	103	77	106	79	108	80	109	80	109	
41:
58	2.91	90	46	91	45	93	43	94	40	96	36	97	32	97	28	96	25	94	23	91	22	87	22	83	23	80	23	78	22	77	20	77	17	78	13	78	8	77	4	75	1	72	-1	68	-3	63	-4	57	-4	51	-4	44	-3	36	-3	29	-2	22	0	15	3	9	7	4	12	0	16	-3	21	-5	27	-6	34	-6	42	-5	50	-3	57	0	63	4	68	8	72	13	75	19	77	26	79	34	80	42	80	49	79	55	77	60	74	64	70	69	66	75	61	80	56	84	52	87	49	89	47	90	46	90	46	
42:
83	0.321	99	69	100	68	102	66	103	64	103	62	102	61	100	61	98	62	97	64	95	67	94	69	92	70	89	70	86	69	82	67	78	64	74	60	71	55	69	49	68	43	68	38	69	33	71	28	74	24	78	21	83	19	87	18	90	17	92	17	93	18	93	20	92	21	90	22	87	23	83	24	79	24	74	23	68	21	61	19	55	18	49	17	44	17	40	18	37	20	35	23	34	26	34	30	35	33	37	37	40	42	42	48	43	53	44	58	44	64	43	69	41	73	38	77	34	80	29	82	25	83	21	83	18	82	16	80	15	79	15	77	16	74	18	70	21	65	24	61	28	58	33	56	39	55	46	53	54	52	63	52	71	53	78	54	84	56	89	59	93	63	96	66	98	68	99	69	99	69	
43:
65	4.088	65	29	66	30	68	31	71	33	74	34	78	34	83	33	87	31	90	28	92	24	93	21	93	19	92	18	91	18	90	19	90	21	91	24	93	28	94	33	94	39	93	46	91	52	88	57	84	61	79	64	73	66	67	67	62	67	58	67	55	66	53	64	52	61	52	58	51	55	49	53	46	52	42	52	37	53	31	54	24	54	18	54	13	53	8	51	4	48	1	44	-2	39	-4	33	-5	26	-5	20	-4	15	-2	11	1	8	5	6	10	5	16	5	23	6	30	8	37	10	44	13	50	17	55	21	59	24	62	26	64	28	65	29	65	29	
44:
77	1.184	95	29	95	28	96	26	98	23	100	19	102	16	103	14	103	13	102	12	100	12	97	13	93	15	88	17	82	18	77	18	73	17	70	15	68	13	67	10	66	8	66	7	67	7	69	8	72	10	74	13	75	17	75	22	74	28	72	34	69	39	65	44	60	48	54	51	47	53	40	54	34	54	29	53	25	51	22	48	20	45	19	43	19	42	20	42	22	43	25	45	29	48	33	52	37	56	42	61	48	67	53	74	57	81	60	87	62	92	63	96	65	100	66	103	66	105	67	106	68	106	68	105	68	103	69	100	71	96	73	91	76	85	80	79	85	72	89	64	92	57	94	50	95	44	95	39	94	35	94	32	94	30	95	29	95	29	
45:
73	1.073	20	31	19	32	17	34	15	37	13	41	12	46	12	50	13	53	15	55	18	56	22	56	27	55	33	53	40	50	48	46	55	41	61	36	67	30	72	25	77	21	81	18	84	16	86	15	87	15	87	16	88	18	90	21	93	23	97	24	102	24	107	24	111	25	114	27	116	30	117	34	117	39	116	45	114	52	111	59	107	65	102	70	96	74	89	77	81	79	72	80	62	80	52	79	43	77	34	74	26	70	19	65	13	59	8	52	4	44	1	37	-1	31	-3	26	-4	21	-4	16	-3	12	-1	9	2	7	5	6	9	6	12	7	14	9	15	12	15	16	15	21	16	25	17	28	19	30	20	31	20	31	
46:
64	0.864	50	19	51	20	53	22	55	24	56	27	58	31	60	34	63	36	67	37	70	37	73	36	75	34	77	32	78	29	78	26	77	24	75	23	72	23	68	24	63	26	59	29	54	33	49	37	44	42	39	47	35	52	32	57	30	61	29	64	29	66	30	67	32	68	35	70	39	73	44	77	50	82	55	86	59	90	63	93	66	97	70	100	73	102	76	103	79	103	83	102	88	100	92	97	95	93	97	88	98	82	98	75	97	67	95	60	92	52	88	45	83	39	77	33	71	28	65	24	60	21	56	19	53	18	51	18	50	19	50	19	
47:
72	63.327	93	8	92	9	90	11	89	14	87	18	86	23	86	29	87	36	88	42	88	47	89	51	89	54	88	56	86	58	83	59	79	59	74	58	68	57	61	55	54	54	48	53	43	53	39	54	36	56	34	59	33	63	33	68	34	74	35	80	36	85	36	89	35	92	33	94	30	95	26	95	21	94	15	92	9	89	4	85	0	80	-3	74	-5	67	-6	60	-6	54	-5	49	-3	45	0	42	3	40	7	39	12	39	17	39	21	38	24	36	26	33	27	29	27	24	28	18	30	12	33	7	37	3	42	0	47	-2	53	-3	59	-4	66	-4	72	-3	78	-1	83	2	87	5	90	7	92	8	93	8	93	8	
48:
69	4.145	22	14	23	15	25	17	27	20	28	23	28	27	27	32	25	38	22	44	18	50	13	55	9	59	6	62	4	65	3	67	3	68	4	68	6	67	9	66	13	66	18	67	23	69	28	72	32	76	35	80	37	85	38	90	38	94	37	97	35	99	34	100	34	100	35	99	37	97	40	94	44	90	49	85	55	81	62	78	68	76	73	73	77	69	80	64	82	58	83	53	84	49	85	44	86	39	88	35	91	32	93	30	94	28	94	25	93	21	91	17	88	14	84	10	79	6	73	3	66	1	58	0	50	0	43	1	37	3	32	5	28	8	25	11	23	13	22	14	22	14	
49:
76	1.786	23	0	22	0	20	1	18	3	17	6	17	8	18	9	20	9	23	9	27	10	32	10	38	10	45	10	53	11	62	13	71	14	79	16	86	19	92	23	97	28	101	34	104	41	106	49	107	57	108	64	108	70	107	75	105	79	102	82	98	84	93	85	87	85	80	84	72	83	65	83	59	84	54	86	50	88	47	90	45	91	44	91	44	90	44	88	45	85	47	81	48	78	48	75	47	73	45	72	42	72	38	73	33	75	29	78	26	82	24	85	21	87	18	88	14	88	10	87	7	85	4	82	2	78	1	73	1	67	2	60	4	52	7	43	11	35	15	28	18	21	20	15	21	10	21	6	21	3	22	1	23	0	23	0	
50:
85	1.819	97	32	96	31	94	30	91	29	87	27	82	25	76	23	70	22	64	22	59	23	55	25	52	28	49	32	47	37	46	43	46	50	46	56	47	62	48	67	48	71	47	74	45	76	42	78	38	79	33	79	29	78	26	76	24	73	23	71	22	68	20	66	17	65	13	65	10	66	8	68	7	71	7	75	8	80	10	85	13	89	17	92	22	94	28	96	35	97	42	97	48	97	53	98	57	99	60	100	62	100	63	99	63	97	62	94	60	90	57	85	53	80	48	74	42	67	35	59	28	50	22	40	17	30	13	21	10	13	8	6	7	0	7	-5	8	-9	10	-12	13	-14	17	-15	22	-15	28	-14	35	-12	43	-9	52	-5	61	0	69	5	76	11	82	17	87	22	91	26	94	29	96	31	97	32	97	32	
51:
72	7.232	99	13	98	14	96	16	94	19	92	22	91	24	91	25	92	25	94	25	96	26	99	28	103	31	106	35	108	39	109	44	109	50	108	55	106	59	103	62	99	64	94	65	90	65	87	65	84	66	82	68	81	71	81	75	82	80	83	86	83	91	82	95	80	98	77	100	73	101	68	101	62	101	56	100	49	98	43	95	38	91	33	86	29	80	26	73	23	67	21	62	19	58	16	55	12	53	9	52	6	52	4	53	3	55	3	58	4	60	6	63	9	65	13	66	18	66	24	65	31	63	39	60	48	56	57	52	65	47	72	41	78	34	84	28	89	23	93	19	96	16	98	14	99	13	99	13	
52:
66	0.869	41	63	40	64	38	66	36	69	35	72	35	76	36	79	38	81	40	82	41	82	41	81	40	81	38	81	36	82	34	82	33	81	33	79	34	78	36	78	39	78	43	77	48	76	53	74	59	71	66	68	73	66	79	65	84	65	89	64	93	63	96	61	98	58	99	54	99	49	98	44	96	38	93	33	89	27	86	22	84	18	83	15	83	13	84	12	86	12	89	13	92	13	94	12	95	10	95	8	94	7	92	7	89	7	85	8	80	10	74	13	68	17	63	22	57	28	52	35	48	42	45	48	43	53	41	57	40	60	40	62	41	63	41	63	
53:
71	15.168	108	39	107	38	105	36	102	35	98	35	93	35	89	36	86	37	83	39	81	40	80	41	80	43	81	45	83	46	86	48	90	51	95	55	99	59	102	62	104	64	105	67	105	70	104	72	102	73	99	73	95	72	90	70	84	67	77	65	69	63	60	62	50	62	41	63	33	63	26	64	20	64	14	63	9	61	5	58	2	54	0	49	-1	43	-1	36	0	29	2	23	5	18	9	13	14	9	20	6	27	4	35	3	44	3	54	3	64	2	73	2	81	1	88	-1	94	-2	100	-2	105	-1	109	1	112	4	114	8	116	13	117	19	117	24	116	29	114	33	111	36	109	38	108	39	108	39	
54:
75	10.959	77	43	76	44	74	46	71	47	67	48	62	48	57	47	52	45	48	42	45	38	43	33	42	27	42	20	43	14	45	9	48	5	52	2	57	0	62	-1	68	-1	75	0	81	2	86	5	90	9	93	14	95	20	96	27	96	35	95	44	95	54	96	63	97	71	98	78	98	85	99	91	99	96	99	100	98	103	96	105	94	106	91	106	87	105	82	103	76	102	69	102	61	103	53	104	45	106	37	107	30	108	23	109	17	109	12	108	8	106	5	103	3	100	2	97	2	95	3	94	5	92	8	89	11	86	15	82	20	77	26	71	33	64	41	58	49	53	56	49	62	46	67	44	71	43	74	42	76	42	77	43	77	43	
55:
71	0.361	69	25	68	24	66	22	63	19	61	15	59	12	57	10	54	9	52	9	50	10	47	12	45	15	42	19	38	24	34	29	31	35	29	40	28	44	28	47	29	50	31	52	34	53	37	54	40	54	42	53	43	51	43	49	42	48	40	48	37	49	33	51	28	54	23	58	18	63	14	69	11	76	9	82	8	87	8	92	9	96	11	100	14	103	18	105	23	106	29	106	36	105	44	105	53	104	63	102	72	101	80	100	87	100	93	99	98	97	102	94	105	90	107	85	108	80	108	76	107	72	105	68	102	63	98	57	93	50	87	44	82	39	78	35	75	31	72	28	70	26	69	25	69	25	
56:
74	5.181	90	92	91	93	93	95	94	98	94	101	93	103	92	106	90	108	87	109	83	109	79	108	76	106	74	103	71	99	67	95	62	92	57	90	53	89	49	89	44	90	39	92	33	95	28	99	22	102	16	104	11	105	7	107	4	108	2	108	1	107	1	105	2	102	4	98	7	93	11	87	14	81	16	76	17	72	17	68	16	65	14	61	12	58	10	55	9	53	9	50	10	46	12	41	15	35	19	30	23	24	28	19	33	15	39	12	46	10	54	9	61	9	67	10	72	12	76	15	79	19	82	24	85	30	89	36	93	43	96	49	98	56	99	64	99	71	98	77	96	82	93	86	91	89	90	91	90	92	90	92	
57:
62	1.539	52	50	52	49	53	47	55	45	57	42	59	39	62	37	66	36	71	36	77	37	82	39	87	40	91	40	94	40	96	41	97	43	97	46	96	50	94	54	91	59	87	64	84	69	82	74	81	79	79	83	78	87	77	90	75	92	72	93	68	93	63	92	57	90	51	87	45	83	40	78	34	74	28	71	23	69	19	66	16	62	14	57	13	51	13	44	14	37	16	31	19	26	23	22	28	19	34	17	40	16	46	16	51	17	55	19	58	22	60	26	61	31	61	36	60	40	58	44	55	47	53	49	52	50	52	50	
58:
61	0.091	33	50	34	49	36	48	39	47	43	46	47	46	51	45	54	45	56	46	57	48	57	51	57	55	56	58	54	60	51	61	47	62	42	63	36	64	31	64	26	65	22	67	19	70	17	73	16	77	16	80	17	84	18	87	18	90	17	92	16	93	14	93	11	92	9	90	8	87	7	83	7	78	8	72	10	65	13	57	17	49	22	41	28	34	35	28	42	23	48	19	53	16	57	14	60	13	62	13	63	14	63	16	62	19	60	23	57	26	53	30	48	35	43	40	39	44	36	47	34	49	33	50	33	50	
59:
81	7.626	29	1	30	2	32	3	35	4	39	6	44	9	50	13	55	18	59	23	62	27	64	31	65	36	65	42	64	48	62	54	60	59	59	63	59	66	60	68	62	69	65	69	69	68	74	68	78	68	81	69	83	71	84	73	84	74	85	74	86	73	86	71	85	69	85	66	86	62	87	58	89	53	91	49	94	46	97	44	100	43	102	43	103	44	103	46	102	49	100	53	97	58	93	64	88	71	82	79	75	86	67	92	58	97	50	101	43	104	36	106	29	107	21	107	14	106	8	104	3	101	-1	97	-5	92	-8	86	-10	79	-11	71	-11	62	-10	52	-8	43	-7	35	-6	28	-5	21	-3	15	0	10	4	6	9	3	14	1	19	0	23	-1	26	-1	28	0	29	1	29	1	
60:
75	19.036	43	101	44	100	46	98	47	95	47	92	47	88	46	83	44	79	41	76	37	74	32	73	26	73	21	74	17	76	13	79	9	83	6	88	4	92	3	95	2	97	0	98	-3	98	-5	97	-6	95	-6	92	-5	88	-3	83	0	77	4	70	9	62	15	53	21	44	27	35	32	27	36	20	39	14	41	9	43	5	45	2	46	0	48	-1	49	-1	50	0	51	2	53	4	56	7	58	11	61	16	65	22	69	28	73	34	78	39	84	43	90	46	95	48	99	50	102	51	104	51	105	50	105	49	104	49	102	50	99	52	95	55	90	59	84	64	78	70	71	77	64	83	58	88	53	92	49	95	46	98	44	100	43	101	43	101	
61:
65	4.435	101	81	100	80	98	79	95	77	91	75	86	73	80	71	73	70	67	68	61	65	56	63	51	62	47	62	43	63	40	65	38	68	37	72	36	76	34	79	31	81	27	82	22	82	17	81	13	79	10	76	8	72	7	67	7	61	8	55	10	50	13	45	17	41	22	38	26	36	30	35	35	35	41	34	46	32	50	29	53	25	55	21	56	17	56	13	55	9	53	6	52	4	52	3	52	3	53	4	55	6	57	9	60	13	64	18	69	24	75	30	82	37	88	45	93	53	97	60	100	66	102	71	103	75	103	78	102	80	101	81	101	81	
62:
58	0.388	2	15	3	14	5	12	8	10	12	9	17	8	23	8	29	9	34	11	38	14	42	17	47	19	53	22	60	26	67	31	73	37	78	42	82	46	85	51	87	57	88	64	89	72	89	79	88	85	88	90	89	94	91	97	92	99	92	100	91	100	89	99	86	97	82	94	77	91	71	89	64	88	57	88	51	89	46	90	41	91	37	91	34	90	32	88	29	85	27	81	24	77	21	72	17	66	14	59	12	51	11	43	11	36	11	30	10	25	8	21	5	18	3	16	2	15	2	15	
63:
72	7.918	102	50	101	51	100	53	99	56	97	60	96	65	96	71	97	76	99	82	100	87	100	91	99	94	97	96	94	97	90	97	86	96	81	94	77	93	73	91	70	88	68	86	67	85	65	85	64	86	64	88	65	91	66	95	66	98	65	100	63	101	60	101	56	100	51	98	45	95	39	91	34	86	30	80	27	73	25	66	24	59	24	53	23	48	22	44	20	41	17	39	13	38	8	38	4	39	1	41	-1	44	-2	48	-2	53	-1	59	1	65	4	70	8	74	13	77	19	79	26	80	34	80	42	79	50	77	59	76	67	74	74	71	81	67	87	62	92	58	96	55	99	53	101	51	102	50	102	50	
64:
83	7.721	5	42	6	43	8	45	11	48	15	51	20	55	24	58	27	60	29	61	30	62	30	64	29	67	27	69	24	71	20	73	16	74	12	76	9	79	7	81	6	83	6	85	7	88	9	90	12	92	16	93	21	93	26	92	32	91	39	91	46	90	53	88	59	87	64	87	68	86	71	84	73	81	74	79	74	78	73	77	71	77	68	76	65	74	63	71	62	67	62	62	63	56	64	49	66	42	67	35	69	29	71	24	73	20	76	17	80	15	85	14	90	14	94	15	97	17	99	20	100	23	100	25	99	26	97	26	94	25	90	23	85	20	79	16	72	12	64	9	55	7	46	6	38	6	31	7	24	9	18	12	13	16	9	21	6	27	4	32	3	36	3	39	4	41	5	42	5	42	
65:
65	2.629	11	32	12	33	14	35	16	36	19	36	23	35	28	33	32	30	35	27	37	25	38	23	38	22	37	21	35	19	32	17	30	14	29	10	29	6	30	3	32	1	35	0	39	0	43	1	48	3	54	5	59	8	63	12	66	17	68	22	70	27	73	31	77	34	82	37	88	41	93	46	97	52	100	59	102	67	103	75	103	83	102	90	101	96	99	101	96	105	92	108	87	110	81	111	74	111	66	110	57	108	49	105	41	101	34	96	28	90	23	83	19	75	15	67	12	60	10	53	8	47	7	42	7	38	8	35	10	33	11	32	11	32	
66:
74	0.327	31	59	30	58	28	57	25	55	21	54	16	52	12	51	9	51	7	52	6	54	6	57	7	61	9	66	12	71	16	75	21	78	27	80	34	82	41	83	49	83	58	83	66	83	73	83	79	84	84	84	88	83	91	81	93	78	94	74	94	69	93	64	92	58	92	53	92	49	93	46	95	43	96	39	96	35	95	32	93	30	90	28	86	27	81	27	77	28	74	30	71	33	69	37	68	42	68	48	69	55	71	63	74	72	78	80	82	87	85	93	87	98	88	102	89	105	89	107	88	108	86	108	83	107	79	105	74	102	68	98	61	93	54	87	48	80	43	74	39	69	36	65	34	62	32	60	31	59	31	59	
67:
78	1.672	86	93	87	92	89	90	90	87	90	84	89	80	88	75	86	69	84	62	82	56	81	50	81	44	82	39	84	35	87	32	91	30	95	29	99	29	102	30	104	32	105	33	105	34	104	36	102	37	99	37	95	38	90	40	84	42	78	45	71	47	63	48	56	50	49	51	41	51	34	50	28	48	23	45	19	41	16	38	14	34	12	29	11	23	11	18	12	14	14	11	16	9	17	8	17	8	16	9	14	11	11	14	7	18	2	23	-2	29	-5	36	-8	44	-10	52	-11	60	-11	68	-10	77	-8	85	-5	92	-1	98	4	103	10	107	17	110	25	112	34	113	43	113	51	112	58	110	65	107	71	104	76	102	80	99	83	96	85	94	86	93	86	93	
68:
78	0.801	87	17	88	18	90	20	92	23	94	27	95	32	95	38	94	45	93	52	92	59	92	65	93	70	93	74	94	77	96	79	99	80	102	80	105	79	107	77	108	75	108	73	107	72	105	72	102	73	98	75	93	78	88	81	84	85	80	89	76	93	73	97	71	100	70	103	70	105	71	106	73	106	74	105	74	103	73	100	73	96	74	91	75	85	75	80	74	76	72	73	69	71	65	70	60	70	54	71	47	73	39	76	32	80	26	84	20	89	15	94	11	98	8	101	6	103	5	104	5	104	6	103	8	101	11	98	15	94	20	89	26	83	33	76	40	68	48	59	56	51	63	44	69	38	74	32	78	27	81	23	84	20	86	18	87	17	87	17	
69:
65	4.553	88	7	89	6	90	4	92	2	95	1	98	0	100	0	101	1	101	2	100	3	98	5	95	8	91	12	88	17	86	23	85	30	85	36	86	42	88	47	89	51	90	55	90	59	89	63	87	68	84	74	80	79	75	83	69	86	62	88	54	89	45	89	37	89	30	88	24	86	19	83	13	79	8	74	4	68	1	61	-1	54	-2	47	-2	41	-1	36	1	32	4	29	7	27	11	25	15	23	19	21	22	18	25	14	27	9	30	4	34	0	39	-3	45	-5	52	-6	60	-6	67	-5	73	-4	78	-2	82	1	85	4	87	6	88	7	88	7	
70:
62	0.172	45	85	46	84	46	82	45	79	43	75	40	71	36	67	31	64	27	62	22	61	18	61	15	62	12	64	9	66	7	69	6	72	6	74	7	77	9	81	12	86	14	90	15	94	15	97	14	100	12	102	9	103	7	103	6	102	6	100	5	97	3	93	2	88	1	82	1	75	1	67	2	59	4	52	7	45	11	39	14	34	16	29	19	25	23	22	27	20	32	19	38	19	43	20	47	22	52	25	56	29	59	34	61	40	62	47	62	53	61	58	59	64	56	70	52	75	49	79	47	82	46	84	45	85	45	85	
71:
74	1.771	35	0	36	1	37	3	37	6	36	10	34	15	32	21	31	27	31	34	32	42	32	49	32	55	33	60	35	64	38	67	41	69	45	70	48	71	51	72	53	74	54	77	54	81	53	86	52	91	52	95	53	98	55	100	58	102	62	103	67	103	73	102	79	100	84	97	89	94	93	90	96	85	98	80	99	74	99	68	98	61	96	55	93	50	89	45	85	41	82	38	80	36	79	35	79	34	80	34	81	34	83	33	86	31	90	30	94	28	97	25	99	23	100	22	100	20	99	17	97	13	94	8	90	3	85	-1	79	-4	72	-6	66	-7	60	-7	55	-6	50	-4	45	-3	41	-2	38	-1	36	-1	35	0	35	0	
72:
90	27.81	24	51	25	51	27	52	30	54	34	56	39	57	45	57	50	56	54	54	57	51	59	47	60	44	60	42	60	41	59	41	57	42	55	44	54	47	54	51	55	56	57	62	60	67	64	71	69	74	75	77	81	79	86	80	90	81	93	83	95	86	96	90	96	95	95	99	93	104	90	108	86	111	81	113	75	114	68	114	60	113	52	111	45	110	39	108	34	107	30	105	27	102	25	100	24	99	23	99	21	100	18	101	16	103	15	106	14	108	12	109	9	109	5	108	1	106	-2	103	-5	99	-7	94	-8	88	-10	81	-12	74	-13	66	-14	57	-14	48	-15	40	-15	33	-15	27	-14	22	-12	18	-9	14	-5	11	0	9	4	8	9	8	13	9	18	11	23	14	27	18	30	23	32	27	33	31	33	36	32	41	30	45	27	48	25	50	24	51	24	51	
73:
70	0.299	95	69	96	68	98	66	100	64	102	62	103	61	103	61	102	62	100	64	97	65	93	65	89	64	86	62	83	59	79	56	74	53	68	51	63	50	58	50	53	51	49	53	44	55	38	56	33	56	29	55	26	53	24	50	23	46	23	41	22	35	22	29	23	24	25	20	28	17	32	15	36	14	39	14	41	14	42	15	42	17	41	20	39	24	36	29	32	35	28	42	23	49	18	55	14	61	11	68	9	75	8	81	8	86	9	91	11	95	14	98	18	100	23	101	29	101	36	100	44	98	53	96	61	93	68	89	74	84	80	80	85	76	89	73	92	71	94	70	95	69	95	69	
74:
69	0.387	79	48	80	49	82	51	85	53	87	54	88	54	88	53	88	51	87	48	86	44	85	39	85	33	86	26	88	20	91	15	94	11	96	7	97	4	97	2	96	1	94	1	91	1	87	2	82	4	76	7	69	11	61	14	54	16	48	17	42	19	37	20	33	20	30	19	28	17	27	16	25	16	24	17	24	19	25	22	27	26	30	31	32	36	35	42	38	49	42	57	47	64	51	72	54	79	56	85	57	90	57	94	56	97	54	99	52	100	51	100	50	99	50	97	51	94	53	90	56	85	59	79	62	73	66	68	69	63	71	58	74	54	76	51	78	49	79	48	79	48	
75:
73	6.349	101	48	100	49	98	51	95	54	91	58	87	63	84	69	80	75	75	80	70	86	66	91	63	95	61	98	60	100	59	101	58	101	56	100	55	98	55	95	56	91	56	86	55	81	53	75	52	70	50	66	48	63	46	61	44	60	42	60	39	61	35	61	31	61	28	60	25	59	23	57	22	54	22	50	23	46	25	43	28	39	31	34	34	30	36	27	37	25	37	22	36	19	34	17	31	16	27	16	22	15	18	15	15	16	13	18	12	21	12	25	13	29	15	33	18	36	22	38	27	39	33	39	40	40	48	42	57	44	65	45	73	45	80	44	86	43	91	43	95	44	98	45	100	47	101	48	101	48	
76:
79	0.474	69	44	69	45	68	47	67	50	67	54	68	59	68	64	67	70	65	75	63	79	60	82	56	85	51	87	45	88	40	88	36	88	32	87	29	85	26	82	23	79	19	77	16	76	14	76	13	77	13	79	14	81	16	82	19	82	23	81	27	79	30	76	32	72	33	69	33	65	32	62	30	60	27	59	23	59	19	60	14	62	9	65	5	69	2	74	0	80	-1	87	-1	94	0	101	2	107	5	112	9	116	14	119	20	121	27	122	35	122	44	121	54	119	64	116	73	112	81	107	88	101	94	94	99	86	103	77	106	69	108	62	109	55	109	49	108	44	106	40	103	37	99	35	95	34	90	34	84	35	79	37	75	40	72	42	70	43	69	44	69	44	
77:
70	0.256	53	3	52	2	50	1	48	1	46	2	45	4	45	7	46	11	48	16	50	22	51	28	51	33	50	37	48	40	45	42	42	43	39	43	35	42	30	40	24	37	18	35	13	33	9	32	6	32	3	33	1	34	0	36	0	39	1	43	3	47	6	51	10	54	15	58	19	63	22	69	24	76	25	82	25	88	24	93	22	97	19	100	16	102	14	103	13	105	13	106	14	106	16	105	19	105	23	104	28	102	34	99	41	95	49	90	56	84	62	79	67	75	71	70	74	64	76	57	77	49	77	40	76	32	74	25	71	19	67	14	63	10	59	7	56	5	54	4	53	3	53	3	
78:
73	1.212	3	56	4	57	4	59	4	62	4	66	5	71	7	75	10	78	14	80	19	82	25	83	31	83	37	82	42	80	46	77	49	73	51	68	52	63	52	58	51	53	49	47	46	42	43	38	39	34	34	31	28	29	23	28	19	26	16	23	14	20	13	17	13	15	14	14	16	14	19	15	23	17	27	20	32	24	38	29	44	35	50	42	57	48	63	53	68	57	72	60	77	62	83	63	88	63	93	63	97	62	100	60	102	57	103	53	103	49	102	45	100	42	97	40	93	39	88	39	82	40	75	42	67	45	58	49	48	53	39	56	31	59	24	61	18	62	13	62	9	61	6	59	4	57	3	56	3	56	
79:
81	0.452	13	77	14	77	16	78	19	78	23	78	26	77	28	76	29	75	30	75	30	76	29	78	27	81	26	85	25	90	25	94	26	98	28	101	31	103	34	104	38	105	43	106	49	106	56	107	63	107	69	106	74	104	78	102	81	99	83	95	84	90	84	85	83	79	81	72	78	64	74	55	69	47	64	40	58	34	51	29	45	25	40	22	36	20	32	19	29	19	27	20	26	22	26	24	27	25	29	25	32	24	35	22	39	19	44	15	50	11	57	8	65	5	72	3	78	2	83	2	87	1	90	1	92	2	93	4	93	6	92	9	90	13	87	18	83	23	78	29	72	36	65	43	57	49	49	54	41	58	34	63	28	67	23	70	19	72	16	74	14	76	13	77	13	77	
80:
70	0.876	4	66	4	65	5	63	7	61	8	59	8	58	9	58	11	59	13	61	14	64	14	68	15	72	17	76	18	79	18	81	17	82	15	82	13	81	11	79	10	76	10	72	10	67	10	61	10	54	11	46	11	38	10	31	10	25	10	19	10	14	11	10	13	7	16	5	20	4	25	4	31	5	38	7	46	10	54	14	63	19	72	25	80	32	87	40	93	48	98	57	102	65	105	72	107	78	108	83	108	87	107	92	105	97	102	101	98	104	93	106	87	107	80	108	72	108	63	107	53	105	44	102	36	98	29	93	23	87	18	81	14	76	10	72	7	69	5	67	4	66	4	66	
81:
79	1.393	59	103	60	102	62	102	65	103	69	104	74	104	79	104	84	104	89	103	93	101	96	98	98	94	99	89	99	83	98	77	96	71	93	66	89	62	85	58	80	55	74	53	67	51	59	50	50	50	42	51	35	53	29	56	23	60	18	65	14	71	11	76	7	80	4	84	2	88	1	91	1	93	1	94	0	94	-2	93	-5	91	-9	88	-12	84	-14	79	-15	73	-15	66	-14	58	-12	49	-9	40	-5	32	0	24	6	17	12	11	19	6	27	2	36	-1	46	-4	56	-6	65	-7	73	-7	80	-6	86	-4	91	-1	95	3	98	8	100	14	101	21	101	29	100	38	98	48	95	58	91	67	86	75	80	82	74	88	69	93	65	97	62	100	60	102	59	103	59	103	
82:
80	3.775	51	62	51	61	50	59	48	57	45	54	41	51	36	49	30	48	25	48	21	49	17	51	13	54	10	57	8	59	6	60	5	60	5	59	6	57	8	54	10	50	13	45	17	40	22	36	28	32	34	29	39	27	43	26	46	26	48	27	49	29	51	32	53	34	56	35	60	35	65	34	69	32	73	30	78	28	83	27	87	27	90	26	92	24	93	21	93	17	92	12	90	8	87	5	83	3	78	2	72	2	65	2	57	3	49	5	42	8	36	12	31	17	27	23	24	30	22	38	21	47	21	56	22	64	24	71	27	77	31	82	36	86	42	89	48	91	53	92	57	92	60	91	62	89	63	86	63	82	62	77	60	72	57	68	54	65	52	63	51	62	51	62	
83:
73	8.594	96	49	95	50	94	52	92	55	89	59	85	64	82	69	80	74	79	78	79	82	78	87	78	91	79	94	81	96	82	97	82	97	81	96	79	94	76	91	72	87	67	82	61	76	55	69	50	61	46	53	43	46	41	40	40	35	40	30	40	26	40	23	39	21	37	20	34	20	30	21	25	23	21	26	18	30	16	35	15	41	15	48	14	56	14	63	13	69	11	75	10	81	9	86	8	90	6	93	4	95	1	96	-1	96	-2	95	-2	94	-1	92	1	89	4	86	8	84	13	83	19	83	26	84	34	84	43	83	52	81	60	78	68	74	75	69	81	64	86	59	90	55	93	52	95	50	96	49	96	49	
84:
74	2.388	8	83	9	82	11	80	12	77	12	73	11	68	9	62	6	55	4	49	3	44	2	39	2	35	3	32	5	30	8	28	12	27	17	27	23	28	29	30	35	33	40	37	44	41	47	44	49	46	52	47	56	47	59	46	61	46	64	47	66	49	67	52	67	55	66	57	64	58	61	58	59	57	57	55	56	52	55	48	55	43	56	37	58	30	61	24	65	19	70	15	76	11	83	8	89	6	94	5	98	5	102	6	105	8	107	11	108	14	108	17	107	21	105	24	102	26	98	27	93	29	87	32	80	35	72	39	63	44	53	50	44	56	36	61	29	67	23	72	18	76	14	79	11	81	9	82	8	83	8	83	
85:
72	16.949	72	65	73	66	75	68	78	71	82	74	86	77	89	81	92	84	94	88	95	91	95	93	94	95	92	97	89	99	85	100	80	100	74	99	67	97	59	96	51	94	43	91	36	89	28	88	21	87	15	85	10	82	6	78	3	74	1	70	0	65	0	61	1	58	3	55	6	53	10	50	14	46	19	43	23	39	26	34	28	29	29	24	31	19	32	15	34	12	36	10	39	9	43	9	46	10	48	11	49	13	49	15	48	16	46	16	45	15	45	13	46	11	47	10	49	10	52	11	54	13	55	16	56	20	57	25	59	31	61	37	62	44	63	50	64	55	66	59	69	62	71	64	72	65	72	65	
86:
76	4.295	9	69	10	69	12	68	15	67	18	65	22	62	25	58	27	53	28	47	28	41	29	34	31	28	34	22	38	17	43	13	49	10	56	8	64	5	72	3	79	2	85	2	90	2	94	3	97	5	99	8	100	12	100	16	99	21	97	26	94	30	91	35	87	41	82	46	76	50	71	55	67	60	64	64	62	68	61	71	61	73	62	74	64	76	66	79	67	83	67	88	68	93	70	97	73	100	77	102	82	103	88	103	93	102	97	100	100	97	102	93	103	89	103	85	102	82	100	80	97	79	93	79	88	80	82	82	75	83	69	85	62	87	54	88	45	88	37	87	30	85	24	82	19	78	15	75	12	72	10	70	9	69	9	69	
87:
77	9.733	10	19	9	20	7	22	4	25	0	29	-3	34	-5	40	-6	47	-6	55	-5	62	-3	68	0	73	4	77	9	80	15	82	20	83	24	83	27	83	29	82	30	80	30	79	29	79	29	80	28	82	28	85	29	88	29	92	28	96	28	99	29	101	31	102	33	102	36	101	40	99	44	96	49	92	53	87	58	82	63	78	69	75	74	73	78	72	81	71	83	71	84	72	84	74	84	77	85	81	87	84	89	86	92	87	96	87	100	86	103	84	105	81	106	77	106	72	105	66	103	59	101	51	98	44	94	38	90	33	85	29	79	26	72	24	64	23	55	22	46	22	38	23	31	23	25	23	20	23	16	23	13	22	11	20	10	19	10	19	
88:
65	12.406	79	10	79	11	78	13	77	15	77	17	78	18	80	20	83	23	87	27	92	32	97	37	101	43	104	50	106	57	107	65	107	72	106	78	104	84	102	89	100	93	98	96	97	98	95	99	92	99	88	98	83	96	77	94	70	91	63	87	55	83	47	80	40	78	34	76	29	75	25	73	22	70	20	66	19	61	19	55	20	48	20	42	20	37	19	32	17	28	14	25	11	23	9	22	8	21	8	19	9	17	11	15	14	13	18	10	23	8	29	6	36	5	43	5	51	5	58	6	64	7	69	9	73	10	76	10	78	10	79	10	79	10	
89:
64	3.755	40	52	41	53	43	53	44	52	44	50	43	47	41	44	38	41	34	39	29	38	25	38	22	39	18	41	15	44	13	48	12	52	12	57	12	62	13	67	14	72	16	76	19	79	23	81	28	82	32	82	35	81	38	79	42	76	47	72	51	67	56	61	62	54	67	48	73	43	79	39	85	36	91	34	96	33	100	31	103	28	105	24	106	19	106	14	105	9	103	5	100	2	96	-1	91	-3	85	-4	78	-4	72	-3	67	-1	63	2	59	6	54	11	49	17	45	24	42	31	40	37	39	42	38	46	38	49	39	51	40	52	40	52	
90:
62	0.304	32	46	33	46	35	45	38	44	42	42	47	41	53	41	60	42	67	44	73	47	78	50	82	53	85	56	87	59	90	61	92	62	93	62	93	63	92	65	90	67	88	70	85	74	81	79	76	85	70	91	63	96	56	100	48	103	39	105	31	106	24	106	18	105	13	103	9	100	6	96	4	92	2	87	1	81	1	74	2	66	3	57	5	48	8	40	10	33	11	27	11	22	10	18	8	15	6	13	5	12	4	12	4	13	5	15	7	18	10	22	13	26	17	31	22	36	26	40	29	43	31	45	32	46	32	46	
91:
85	7.979	73	102	72	103	70	103	67	102	63	100	58	97	52	94	46	92	39	91	32	90	25	90	19	90	14	89	10	88	7	87	5	87	4	86	4	85	5	83	7	81	10	78	14	75	19	72	25	68	32	63	39	59	47	56	56	53	64	49	71	45	77	42	82	40	86	39	89	39	91	40	92	42	93	45	93	49	92	54	92	59	92	64	93	69	94	73	96	76	99	78	103	79	107	79	112	78	118	76	123	73	127	69	130	64	132	58	133	51	133	43	132	35	130	28	127	21	123	15	118	10	112	6	106	3	100	1	93	0	85	0	77	1	70	3	64	6	58	10	53	15	49	20	46	26	44	33	43	40	43	48	44	57	46	66	49	74	53	81	58	87	63	92	67	96	70	99	72	101	73	102	73	102	
92:
94	0.608	7	3	8	2	10	2	13	3	17	4	22	4	27	3	33	2	39	1	44	1	48	1	51	0	53	-1	54	-1	54	0	53	2	52	5	50	9	47	14	45	20	44	25	44	29	45	32	47	34	50	35	54	36	59	36	65	35	71	33	78	31	85	29	91	27	96	24	100	20	103	17	105	15	106	14	108	14	109	15	109	17	108	20	106	24	104	29	101	35	97	41	92	47	87	54	81	60	74	66	67	71	61	75	55	78	50	80	46	81	41	81	37	80	34	78	30	75	27	72	24	70	22	69	21	69	21	70	21	72	22	75	24	79	27	84	31	89	36	94	42	98	49	101	55	103	60	104	64	104	67	103	69	101	70	98	70	94	69	90	67	85	64	79	60	72	55	64	49	55	42	46	35	38	28	31	22	24	17	18	13	13	10	9	8	6	7	4	7	3	7	3	
93:
59	0.375	50	80	49	81	47	82	44	83	40	83	37	82	35	80	34	77	34	73	35	69	37	65	40	60	44	56	48	53	52	49	55	46	57	43	58	39	58	34	57	30	55	27	53	25	51	23	50	22	50	22	51	23	53	25	56	27	60	30	65	33	70	37	76	41	82	44	88	46	94	47	99	47	103	48	106	50	108	53	109	55	109	57	108	59	106	62	103	65	99	69	94	72	90	76	86	81	83	85	81	88	78	90	74	91	69	91	64	90	60	88	56	85	53	83	51	81	50	80	50	80	
94:
61	1.829	62	7	61	8	60	10	60	13	61	17	63	22	66	27	68	33	71	39	75	45	80	51	85	56	90	60	95	63	99	65	102	66	104	68	105	71	105	75	104	80	102	84	99	87	95	89	90	90	85	91	81	91	78	90	75	90	73	91	72	93	72	96	72	99	71	103	69	106	66	108	62	109	57	109	51	108	46	106	41	103	37	99	34	95	32	90	31	84	31	79	32	75	34	72	37	69	41	65	46	60	50	54	54	47	57	40	59	34	60	28	60	22	59	17	59	13	60	10	61	8	62	7	62	7	
95:
71	0.266	65	67	64	68	62	68	59	69	55	71	50	73	45	76	41	80	38	85	35	90	32	95	30	100	29	104	29	107	30	109	32	111	35	112	39	112	44	111	50	109	57	106	64	104	72	102	80	100	87	99	93	99	98	99	102	98	105	96	107	93	108	89	108	84	107	79	105	74	102	69	98	65	93	62	87	59	82	57	78	55	75	53	73	50	72	46	72	42	73	38	74	33	74	27	73	20	71	14	68	9	64	5	59	2	53	0	47	-1	42	-1	38	0	35	2	33	5	32	9	32	14	33	20	35	27	38	35	42	42	47	48	52	53	56	57	59	61	62	64	64	66	65	67	65	67	
96:
67	8.207	87	97	86	96	84	96	81	96	77	97	72	98	66	99	59	99	51	100	42	101	33	103	25	104	18	104	12	104	7	103	3	101	0	98	-2	95	-3	91	-3	86	-2	80	0	73	3	65	7	56	12	47	18	39	25	32	31	26	36	21	41	17	45	14	48	12	50	11	51	11	51	10	50	10	48	9	45	8	43	6	42	3	42	-1	43	-4	45	-7	48	-9	52	-10	56	-10	61	-9	67	-7	72	-4	76	0	79	3	81	7	82	12	82	18	81	25	80	33	80	42	81	52	83	61	86	69	88	76	89	82	89	87	89	91	89	94	88	96	87	97	87	97	
97:
59	6.563	103	22	102	21	101	19	99	17	96	16	92	16	87	17	81	18	74	20	66	23	58	27	50	31	42	35	35	39	29	42	24	44	20	45	17	47	14	50	12	54	11	59	11	65	12	71	14	76	17	80	19	83	21	86	24	88	28	89	33	89	39	88	45	88	50	89	54	91	58	94	62	98	65	102	67	105	68	107	68	108	67	108	65	107	62	105	60	102	59	98	59	93	60	87	62	80	64	72	67	63	71	55	76	48	82	42	88	37	93	32	97	28	100	25	102	23	103	22	103	22	
98:
80	0.394	5	100	6	100	8	99	10	99	13	99	15	98	16	98	16	97	15	96	13	94	10	92	8	89	7	85	7	80	8	76	10	72	13	68	17	64	21	61	26	59	32	57	38	54	44	51	49	49	53	47	56	44	58	40	59	36	59	31	58	26	56	22	53	19	49	17	44	16	40	16	36	17	33	19	29	20	25	20	22	19	20	17	19	14	19	11	20	9	22	7	25	6	29	6	34	7	40	7	47	8	55	10	62	13	70	17	77	22	83	27	88	33	92	40	95	48	97	57	98	67	98	77	97	86	95	94	92	101	88	107	83	112	77	116	70	119	62	121	53	122	44	122	36	121	29	119	23	116	18	112	14	108	11	105	8	103	6	101	5	100	5	100	
99:
80	0.532	52	75	52	76	52	78	51	81	51	85	52	90	54	94	57	97	61	99	66	100	71	100	75	99	79	98	82	96	84	93	85	89	85	84	84	78	82	71	79	64	76	57	72	51	67	46	61	42	55	39	50	37	46	36	43	35	41	34	40	32	40	29	41	25	43	20	46	14	50	8	55	3	61	-1	68	-4	76	-6	83	-7	89	-7	94	-6	98	-4	101	-1	103	3	104	6	104	8	103	11	101	15	98	20	94	26	89	33	83	41	76	48	68	54	59	60	49	65	40	69	32	72	25	74	19	75	14	76	10	78	7	81	5	85	4	90	4	94	5	97	7	99	10	100	14	100	19	99	25	97	31	94	37	90	42	85	46	81	49	78	51	76	52	75	52	75	