0:
76	6.333	85	2	84	1	82	-1	79	-2	75	-2	70	-2	64	-1	59	1	55	4	51	8	48	12	46	16	45	20	45	24	46	27	48	31	51	34	55	36	60	38	66	40	73	41	81	41	89	42	97	44	104	47	110	51	115	56	119	62	122	69	124	76	125	82	125	87	124	91	122	94	119	96	115	97	110	97	104	96	97	95	89	94	82	92	75	90	69	89	64	89	59	90	55	92	52	95	50	99	48	104	47	109	47	113	48	116	50	118	53	119	57	119	62	118	66	116	69	113	71	109	72	104	72	98	71	91	71	83	71	74	72	64	72	55	73	47	75	38	76	30	77	23	79	17	80	12	82	8	83	5	84	3	85	2	85	2	
1:
76	5.549	12	3	12	4	11	6	9	8	8	11	8	13	9	14	11	14	14	13	18	13	23	13	28	13	32	12	35	10	37	7	38	5	38	3	37	2	35	2	33	3	31	5	30	8	30	12	31	17	33	23	34	30	34	37	33	44	31	50	29	55	26	59	23	62	20	64	18	66	17	67	17	68	18	70	20	72	23	73	27	74	32	74	38	73	45	71	53	68	62	64	72	59	81	53	89	46	96	38	102	31	107	25	111	20	114	16	116	12	117	9	117	7	116	6	114	6	111	7	107	9	102	12	97	16	91	20	84	23	76	25	67	26	57	26	48	25	40	23	33	20	27	17	22	13	18	9	15	6	13	4	12	3	12	3	
2:
89	0.706	28	80	27	81	25	83	22	85	20	86	18	86	17	85	17	83	18	80	19	76	19	71	18	65	17	58	15	52	13	47	11	43	10	40	10	38	11	37	13	37	16	38	20	40	25	43	31	47	37	52	44	58	50	65	55	71	60	78	65	85	71	92	78	98	85	103	91	107	96	110	100	112	103	113	105	113	106	113	106	112	105	111	103	111	100	112	96	114	91	116	85	117	78	117	71	118	63	120	55	123	47	125	40	126	34	126	29	126	25	125	22	123	20	120	19	116	19	111	20	105	22	98	25	90	29	81	34	72	40	64	47	56	55	49	62	43	68	38	73	34	77	31	80	29	82	28	83	28	83	29	82	31	80	33	77	36	73	40	68	45	62	51	56	58	49	64	43	69	38	73	34	76	31	78	29	79	28	80	28	80	
3:
81	5.252	118	66	117	67	115	69	112	70	108	70	103	69	97	67	91	65	86	62	82	58	79	53	77	49	76	46	74	44	72	43	69	43	67	44	66	46	64	48	61	51	57	54	52	56	46	57	39	58	32	58	26	57	21	57	17	58	14	60	12	63	11	67	11	70	12	73	14	75	17	76	21	78	25	81	30	85	34	88	37	92	39	97	40	102	40	107	39	111	38	114	36	116	33	117	29	117	24	116	18	114	13	111	9	107	6	102	4	96	3	89	3	81	2	72	1	63	1	54	2	46	4	39	7	33	11	28	15	24	19	21	24	19	30	18	37	18	45	19	54	21	63	24	73	28	82	33	90	39	97	45	103	51	108	56	112	60	115	63	117	65	118	66	118	66	
4:
91	0.423	65	48	66	47	68	45	69	43	69	41	68	39	66	38	63	38	59	39	56	41	53	44	51	48	50	53	50	59	51	66	53	74	56	82	58	90	60	98	61	107	61	115	60	122	58	128	55	133	51	137	46	140	40	142	34	143	29	143	24	142	20	140	17	137	15	133	14	128	14	123	15	118	17	112	20	107	24	103	29	100	35	98	42	97	49	96	57	95	66	94	75	93	83	92	90	91	96	89	101	86	105	82	108	77	110	71	111	66	111	60	110	54	108	48	105	43	101	39	96	36	90	34	83	31	75	27	66	22	56	16	47	11	38	6	30	2	23	-2	17	-5	12	-7	8	-8	5	-8	3	-7	2	-6	2	-4	3	-1	5	3	8	6	12	8	17	10	23	13	30	17	37	22	44	27	50	33	55	38	59	42	62	45	64	47	65	48	65	48	
5:
82	0.445	20	102	21	102	23	101	26	100	30	98	34	95	39	91	44	86	48	81	51	75	53	68	56	60	60	52	65	45	71	38	78	31	86	25	93	20	99	16	104	12	108	9	111	7	113	6	114	6	114	7	113	7	111	6	108	5	104	3	99	0	93	-3	86	-5	78	-6	69	-6	60	-5	52	-3	45	0	39	4	33	8	28	13	24	19	21	26	19	34	18	43	18	53	19	63	21	72	24	81	28	89	33	96	39	102	46	107	54	111	63	114	72	116	80	117	87	117	93	116	98	115	102	114	105	114	107	115	108	116	108	116	107	115	105	113	102	111	98	110	93	108	87	105	80	101	72	97	63	94	55	92	48	91	41	91	35	92	30	94	26	96	23	99	21	101	20	102	20	102	
6:
66	0.563	87	82	88	81	90	79	93	76	96	72	100	68	103	65	105	63	106	60	106	56	105	51	103	47	100	44	96	42	92	41	89	40	87	40	86	40	86	39	87	37	88	34	90	31	93	28	95	24	96	19	96	14	95	10	93	6	90	3	86	1	81	0	75	0	68	1	60	1	51	2	41	2	32	3	24	5	17	8	11	11	5	15	0	20	-4	26	-7	33	-9	41	-10	50	-10	60	-9	69	-7	77	-4	84	0	90	5	95	11	99	18	102	25	104	33	105	42	105	51	104	59	102	66	99	72	96	77	92	81	88	84	85	86	83	87	82	87	82	
7:
78	2.56	95	56	94	57	92	59	89	62	87	66	85	71	84	76	84	82	84	87	85	91	87	94	90	96	94	97	99	97	104	97	109	98	113	100	116	103	118	107	119	110	119	114	118	118	116	121	113	124	109	126	104	127	98	127	91	126	83	124	76	121	70	117	65	113	61	108	58	102	56	95	55	88	54	80	53	73	51	67	48	62	45	58	41	55	36	53	30	52	23	52	16	53	10	55	5	57	1	58	-2	58	-5	57	-7	55	-8	53	-8	50	-7	46	-5	41	-2	35	2	28	7	22	12	17	16	13	20	10	24	8	27	7	31	7	36	8	42	10	49	13	57	17	65	22	72	28	78	35	83	41	87	46	90	50	92	53	94	55	95	56	95	56	
8:
84	1.713	94	110	95	109	96	107	98	104	101	100	103	95	104	89	104	82	103	76	101	71	98	67	94	63	90	59	85	56	79	54	72	53	66	53	60	54	55	56	51	58	48	59	46	59	44	58	43	56	43	54	42	51	42	47	43	42	43	36	44	29	46	23	49	17	53	12	56	8	58	5	59	3	59	1	58	0	56	0	53	1	49	3	44	5	38	8	32	11	26	15	21	18	17	20	14	21	12	21	11	20	11	18	12	15	14	11	17	6	21	2	26	-1	32	-3	39	-5	47	-6	56	-8	65	-10	74	-11	82	-11	91	-10	99	-8	106	-5	112	-1	117	4	121	10	124	17	126	25	127	34	127	44	126	55	124	65	121	74	117	82	112	89	107	95	103	100	100	104	97	107	95	109	94	110	94	110	
9:
77	1.485	32	35	31	34	31	32	32	30	32	27	33	25	35	24	38	24	40	25	41	27	41	28	40	28	38	27	36	25	33	22	31	18	30	13	30	8	31	3	33	-1	36	-4	40	-6	45	-7	51	-7	58	-6	65	-4	71	-1	76	2	80	6	83	11	85	17	86	24	86	31	86	39	85	48	83	58	80	67	76	75	71	82	65	88	60	93	56	97	52	100	49	102	47	103	46	104	46	105	47	106	49	108	52	110	54	112	55	115	55	119	54	122	52	124	49	125	45	125	40	125	34	124	27	123	21	121	16	118	12	114	9	109	7	103	6	96	6	88	7	79	9	71	12	63	15	56	19	50	22	45	26	41	29	38	31	36	32	35	32	35	
10:
82	0.308	10	2	11	3	13	5	16	8	20	12	25	17	31	21	37	24	44	26	52	27	59	27	65	26	70	24	74	21	77	17	79	12	80	8	80	5	81	3	81	2	82	2	84	3	86	5	89	8	92	12	94	16	95	21	96	27	96	34	95	42	95	51	95	60	95	68	95	75	94	81	92	86	90	90	87	93	83	95	79	96	75	96	70	95	66	93	63	90	59	86	56	83	54	81	53	80	51	80	49	81	46	83	43	86	40	90	37	95	35	100	34	105	34	109	33	112	31	114	28	115	26	115	23	114	19	112	14	109	9	105	5	101	1	96	-2	90	-5	83	-8	75	-10	66	-11	56	-11	47	-10	38	-9	30	-7	23	-4	17	0	12	4	8	7	5	9	3	10	2	10	2	
11:
77	2.052	53	25	54	26	56	28	59	31	62	35	64	39	66	42	67	44	67	45	66	45	65	44	65	42	66	39	68	35	71	30	74	24	78	19	82	15	87	12	92	10	97	9	101	9	104	10	106	12	107	15	107	19	106	24	104	30	101	36	97	43	92	51	86	58	79	64	72	69	66	74	61	79	56	85	51	90	46	94	41	97	35	99	29	100	24	100	20	99	17	97	15	94	14	90	14	85	15	79	17	72	20	64	24	55	27	47	29	40	30	34	30	28	29	23	28	19	26	16	23	14	19	12	16	11	14	11	13	12	13	13	14	14	16	15	19	15	23	16	28	18	33	19	38	19	43	19	47	20	50	22	52	24	53	25	53	25	
12:
72	0.835	16	104	15	103	13	102	11	101	8	99	6	96	5	92	5	89	6	85	8	82	11	80	15	79	19	79	22	80	24	82	25	85	26	89	26	93	27	98	29	102	32	107	36	111	41	114	47	116	54	117	62	117	70	116	77	114	83	111	88	107	92	102	95	96	97	90	100	84	103	77	106	69	108	60	109	52	109	45	109	39	108	34	106	30	103	27	100	25	97	24	93	24	88	25	82	27	75	30	67	33	58	35	49	36	41	36	34	35	28	34	23	34	19	35	16	37	14	40	12	44	11	49	11	55	12	62	13	70	13	77	12	83	11	89	11	94	12	98	13	101	15	103	16	104	16	104	
13:
51	0.213	80	111	79	112	77	113	74	113	70	112	65	110	59	109	52	109	44	108	37	108	31	107	26	105	22	102	19	98	16	93	14	88	13	82	13	77	14	71	16	65	19	60	23	56	28	53	34	51	41	50	48	50	55	50	62	51	69	53	75	56	80	59	85	61	89	62	94	62	98	61	102	60	105	60	107	61	108	63	108	66	108	70	107	75	105	81	102	88	99	94	95	99	90	103	86	106	83	108	81	110	80	111	80	111	
14:
60	0.099	1	65	2	64	4	62	7	59	11	57	16	55	20	52	25	49	31	47	37	46	42	46	46	47	49	49	52	52	54	56	57	59	61	61	66	62	71	62	77	61	83	59	88	56	92	52	95	48	97	43	98	38	98	34	97	31	95	28	92	26	88	25	85	25	81	26	77	28	74	31	72	35	71	40	71	46	72	53	73	61	73	69	72	76	70	82	68	87	65	91	61	94	56	96	51	97	45	97	40	96	36	94	32	92	27	89	22	85	16	80	11	75	7	71	4	68	2	66	1	65	1	65	
15:
93	7.179	9	118	10	119	12	119	15	118	19	116	24	115	30	113	35	111	39	108	42	104	44	99	45	94	45	88	44	83	42	78	41	72	40	67	40	63	41	60	43	58	46	57	50	57	55	58	61	58	66	57	71	55	75	52	78	48	80	43	81	38	81	34	81	31	82	29	84	28	87	28	90	29	93	31	96	34	100	38	103	43	107	49	110	55	114	62	117	70	119	77	120	83	120	90	120	96	119	101	117	105	114	108	110	110	105	111	99	111	92	110	84	108	75	105	67	101	59	96	52	90	46	83	40	75	35	68	30	60	26	52	23	45	21	39	20	33	20	28	21	24	23	21	26	19	30	18	34	18	39	19	43	21	46	24	48	28	49	33	49	39	48	46	46	54	43	63	39	73	34	82	28	90	23	97	19	103	15	108	12	112	10	115	9	117	9	118	9	118	
16:
71	5.573	14	57	14	56	15	55	17	53	19	50	22	46	24	41	27	37	29	34	32	32	35	31	39	31	44	32	48	34	52	37	55	41	57	46	58	52	58	59	58	65	58	71	58	78	59	84	61	89	63	93	66	96	70	98	75	99	81	99	88	99	96	100	103	101	109	101	114	100	118	98	121	95	124	91	126	86	127	80	128	73	128	65	127	56	125	46	122	37	118	29	113	22	107	16	100	11	92	7	83	4	74	2	64	0	54	-1	45	-1	37	-1	29	0	22	1	16	3	11	6	7	10	4	15	2	21	1	27	1	34	2	40	3	45	5	49	8	52	11	54	13	56	14	57	14	57	
17:
79	3.629	98	55	98	56	99	58	101	59	104	59	106	58	108	57	109	56	109	56	108	57	106	58	103	59	99	59	94	58	88	56	81	53	75	49	70	44	66	38	61	31	57	25	53	20	50	16	46	13	41	11	35	10	29	10	23	11	18	13	14	16	11	20	9	25	8	31	8	38	9	46	11	53	14	60	18	66	23	71	29	76	36	80	43	83	49	87	55	90	60	92	64	93	67	93	69	92	70	91	70	89	69	87	67	86	64	86	60	87	55	89	50	92	44	96	39	100	35	103	32	105	30	108	29	110	29	111	30	111	32	111	35	110	39	108	44	105	50	101	57	96	65	90	72	83	78	76	83	70	88	65	92	61	95	58	97	56	98	55	98	55	
18:
77	1.612	42	119	43	119	45	118	48	116	52	113	57	109	62	105	67	101	71	98	74	95	76	91	77	87	77	84	76	82	74	80	71	79	67	79	62	80	56	82	49	84	41	85	34	85	28	84	23	82	19	79	16	75	14	70	13	64	13	57	14	49	15	42	17	35	20	29	24	24	28	20	33	17	39	15	46	13	52	12	57	12	61	13	64	14	66	14	67	13	67	11	66	8	64	4	61	0	57	-3	52	-6	46	-8	39	-9	31	-9	24	-8	18	-6	11	-3	5	-1	0	1	-4	4	-7	8	-9	13	-10	19	-10	26	-9	34	-7	43	-4	53	-1	64	3	74	8	83	14	91	21	98	27	104	32	109	36	113	39	116	41	118	42	119	42	119	
19:
94	1.666	114	41	115	40	117	38	119	35	120	31	120	26	120	20	119	15	117	11	114	8	110	5	106	3	101	2	95	2	88	3	82	5	77	8	73	12	70	17	68	23	66	29	65	35	65	42	66	50	68	57	71	63	75	68	79	72	84	75	89	77	93	78	96	78	98	78	99	78	99	79	98	79	96	80	93	81	89	83	84	85	78	87	71	88	63	88	54	88	45	88	36	89	28	91	21	94	15	96	10	97	6	97	3	96	1	94	0	93	0	91	1	88	3	85	6	81	10	77	14	74	17	71	19	68	20	66	20	65	19	65	17	65	14	64	10	62	6	59	3	55	1	51	0	47	0	44	1	42	3	41	6	41	10	40	15	40	21	41	28	43	36	46	43	49	51	51	60	52	69	52	78	51	86	49	93	46	99	43	104	41	108	40	111	40	113	40	114	41	114	41	
20:
60	3.24	71	97	72	96	74	95	77	94	79	94	80	95	80	96	79	98	77	101	74	103	70	104	65	105	59	106	52	106	44	105	37	103	31	100	26	96	22	92	19	87	17	81	16	74	15	66	13	57	12	49	10	42	7	36	4	29	2	23	1	18	1	14	2	11	4	9	7	8	11	8	16	8	22	9	29	11	37	14	46	16	54	17	62	17	69	17	75	18	80	20	84	23	87	27	89	32	90	38	90	45	89	53	87	61	84	69	80	76	76	82	73	87	71	91	70	94	70	96	71	97	71	97	
21:
74	9.704	3	81	4	82	6	84	9	87	13	90	18	94	24	97	31	99	37	101	44	104	52	106	59	107	65	107	70	106	74	104	77	102	80	99	82	95	83	90	83	85	82	79	80	72	77	64	73	56	70	48	68	40	67	33	67	27	68	22	70	18	73	14	77	10	82	7	87	4	93	2	99	1	104	1	108	2	111	3	113	5	114	7	114	8	113	8	111	7	108	6	104	4	99	1	93	-3	86	-7	78	-10	69	-12	60	-13	51	-13	43	-12	35	-12	28	-11	21	-9	15	-6	10	-3	6	1	3	6	1	12	0	19	0	27	0	36	1	45	1	53	0	60	0	66	1	71	3	75	4	78	4	80	3	81	3	81	
22:
76	3.13	63	2	62	1	60	0	57	0	53	1	48	3	42	6	35	10	29	13	23	15	18	17	14	20	11	23	9	26	8	30	8	35	9	41	10	46	12	50	15	53	19	55	24	56	30	56	35	57	39	59	42	62	44	66	45	71	45	77	44	83	42	89	41	94	39	98	36	101	32	104	27	106	21	109	15	111	10	112	6	112	3	111	1	109	0	106	0	104	1	103	3	103	6	104	10	106	15	108	21	111	28	115	36	118	44	120	53	121	62	121	70	120	77	118	83	115	88	111	92	106	95	100	97	93	98	85	98	76	97	66	95	56	92	47	88	38	83	30	78	23	73	17	69	12	66	8	64	5	63	3	63	2	63	2	
23:
78	109.203	62	110	63	111	65	112	68	112	72	111	77	109	81	107	84	104	86	100	87	95	87	90	86	86	84	83	81	81	77	80	72	80	66	81	59	82	53	83	47	83	42	82	38	80	35	77	33	73	32	68	32	63	33	58	34	53	34	49	33	46	31	44	28	43	24	43	19	43	13	43	8	42	4	40	1	37	-1	33	-2	28	-2	22	-1	16	1	11	4	7	8	4	13	2	19	1	26	1	34	2	41	4	49	6	56	7	62	7	67	6	71	5	74	5	76	4	79	4	83	5	88	7	93	10	97	14	100	19	102	25	103	32	103	40	102	49	100	59	97	68	93	76	88	83	83	89	77	95	72	100	68	104	65	107	63	109	62	110	62	110	
24:
76	22.253	4	72	3	71	2	69	2	66	3	62	4	57	5	52	7	48	10	45	13	43	17	42	22	42	27	43	31	45	34	48	36	52	37	57	37	63	36	69	34	74	32	78	31	81	30	83	30	84	31	84	33	84	36	85	40	87	44	90	49	92	54	93	58	94	62	96	65	99	67	103	68	106	68	108	69	109	71	109	74	108	78	106	83	103	87	99	92	94	96	88	99	81	101	73	102	65	102	58	101	52	99	47	96	43	92	40	87	38	81	37	76	36	70	36	65	35	61	33	58	30	56	28	55	27	54	27	52	28	50	30	47	33	43	36	38	40	32	45	25	51	19	57	14	62	10	66	7	69	5	71	4	72	4	72	
25:
84	1.193	111	40	112	40	114	41	116	41	118	40	119	38	119	35	118	32	116	28	113	25	109	23	104	22	98	22	92	23	87	25	83	28	80	30	78	31	76	31	73	30	71	28	70	26	68	24	67	23	65	23	64	24	64	26	65	29	67	33	70	38	74	44	79	51	84	59	89	68	95	76	100	83	105	89	109	95	112	100	114	104	115	107	115	109	114	110	112	110	109	110	105	109	100	107	94	104	87	100	79	95	71	89	62	84	52	80	43	75	35	69	28	62	22	54	17	46	13	38	10	31	7	24	5	18	4	13	4	8	5	4	7	1	10	-1	14	-2	19	-2	25	-1	32	1	40	2	49	4	59	6	68	9	76	12	83	16	90	20	96	25	101	30	105	34	108	37	110	39	111	40	111	40	
26:
92	7.675	36	37	35	36	33	34	30	32	27	29	23	25	20	21	17	18	15	14	14	10	14	7	15	5	17	4	19	4	22	5	25	7	27	10	28	14	28	19	27	25	25	32	24	40	23	49	23	57	24	64	26	70	29	75	33	79	38	82	44	84	50	86	57	89	63	92	68	94	72	97	75	99	77	101	78	104	78	108	77	112	75	117	72	121	68	124	63	126	57	127	50	127	42	126	35	124	29	121	23	117	18	112	14	106	11	99	9	91	8	82	8	74	9	66	11	59	14	53	18	48	23	44	29	40	36	35	44	31	53	28	63	24	72	19	80	15	87	12	93	9	98	7	102	6	105	6	107	7	108	9	108	12	107	16	105	21	102	26	98	30	93	33	87	35	80	36	72	36	64	35	57	35	51	35	46	36	42	36	39	37	37	37	36	37	36	37	
27:
81	0.253	98	116	97	115	95	115	93	116	90	118	88	119	87	119	87	118	88	117	90	117	93	118	97	120	102	121	107	121	111	120	114	120	116	119	117	117	117	114	116	111	114	109	112	108	109	108	105	107	100	105	94	102	89	98	85	95	82	91	80	88	79	85	79	83	80	82	82	82	85	81	89	79	93	76	96	72	99	67	101	61	102	55	102	48	101	42	99	37	96	33	92	30	87	28	81	27	74	27	66	28	57	30	48	33	40	37	32	42	25	48	19	54	14	59	10	65	7	71	5	77	4	84	4	90	5	95	7	99	10	102	14	104	19	105	25	105	32	105	40	105	49	105	58	106	66	108	73	111	79	114	84	116	88	117	92	118	95	118	97	117	98	116	98	116	
28:
87	4.581	20	98	21	97	23	95	25	92	28	88	31	83	33	77	34	70	34	62	34	53	33	45	31	38	29	32	28	27	28	23	29	20	31	18	34	16	36	15	37	15	37	16	36	17	34	17	31	16	28	15	24	15	21	15	19	15	18	15	18	16	19	18	21	21	23	25	26	28	30	31	35	35	41	40	48	46	56	52	64	59	73	67	81	75	88	82	94	88	99	93	103	97	106	100	108	102	109	103	109	103	108	102	107	100	107	97	107	93	107	88	106	82	104	75	102	67	100	58	99	50	99	42	99	35	100	29	101	24	103	20	105	17	107	15	108	14	108	14	107	15	105	17	102	20	98	23	93	27	87	32	80	38	73	45	65	53	56	62	48	70	41	77	35	83	30	88	26	92	23	95	21	97	20	98	20	98	
29:
69	7.981	11	102	12	103	12	104	12	105	11	105	11	104	11	102	12	99	14	96	17	93	21	91	26	90	32	90	39	91	47	93	56	96	65	100	73	103	81	105	89	106	96	106	102	105	107	103	111	100	114	96	116	91	117	85	117	79	116	74	114	69	111	65	108	60	106	54	105	49	104	45	103	42	101	39	98	37	94	36	89	36	83	37	76	37	68	36	60	34	53	31	45	27	36	23	26	20	17	18	9	17	2	17	-4	18	-9	20	-13	23	-16	27	-18	32	-19	38	-19	45	-18	53	-16	62	-13	70	-9	77	-4	83	1	88	5	92	8	96	10	99	11	101	11	102	11	102	
30:
81	4.451	84	43	83	42	81	40	78	37	76	34	75	32	74	31	72	31	69	32	67	34	64	37	62	39	61	40	61	40	61	39	62	37	64	34	67	30	71	26	76	22	81	19	85	17	88	16	92	16	97	17	101	19	104	22	107	26	109	31	112	37	115	44	117	52	118	61	120	69	121	78	122	86	122	93	121	99	121	104	121	108	120	111	118	113	115	114	111	114	107	113	103	111	98	108	92	105	87	101	81	96	74	90	66	83	57	75	48	66	40	57	33	49	27	42	22	36	17	31	13	27	10	24	8	22	7	20	7	18	8	17	10	16	13	16	17	17	22	19	28	22	35	24	42	27	50	31	57	35	63	38	69	40	74	42	78	43	81	44	83	44	84	43	84	43	
31:
86	0.38	76	58	76	59	77	61	79	64	82	66	86	67	89	67	91	67	92	66	92	64	91	63	89	62	86	62	82	63	77	65	71	68	64	72	56	76	49	80	43	83	38	85	34	86	31	86	29	85	28	84	28	82	29	79	30	75	32	70	35	64	39	57	44	50	48	44	51	39	53	34	54	30	54	27	53	25	51	24	48	24	44	25	39	27	33	30	26	32	20	33	15	33	11	32	8	30	6	27	5	23	5	18	6	13	8	9	11	5	15	1	19	-4	24	-10	30	-15	37	-19	45	-22	54	-24	64	-25	74	-26	83	-26	91	-25	98	-23	104	-20	109	-16	113	-11	116	-5	118	2	119	10	119	19	118	27	116	34	113	40	109	45	104	49	98	52	92	54	87	55	83	55	80	55	78	56	77	57	76	58	76	58	
32:
73	28.813	58	2	59	1	61	-1	64	-4	68	-6	73	-7	78	-7	83	-6	87	-4	90	-1	92	3	93	8	93	14	92	21	91	28	91	34	92	39	94	44	97	48	100	51	103	53	106	54	109	55	111	55	112	54	112	53	111	53	109	54	106	56	102	59	97	63	91	67	85	72	79	78	74	84	70	89	67	94	65	98	64	102	64	106	63	109	63	111	62	112	60	112	59	111	57	109	54	106	50	102	45	98	39	95	34	93	30	92	27	91	25	89	24	87	24	86	25	84	27	81	30	77	34	73	39	68	44	62	48	55	52	47	55	38	58	30	60	23	61	17	61	12	60	8	59	5	58	3	58	2	58	2	
33:
63	1.288	89	25	88	24	86	22	83	19	79	17	74	16	69	15	65	15	62	16	60	18	59	21	58	24	56	26	53	27	49	27	44	28	38	30	32	33	26	36	21	40	17	45	14	51	12	58	11	66	11	75	10	84	8	92	6	99	4	105	3	111	3	116	4	120	6	123	9	125	13	126	18	126	24	125	31	123	39	120	48	117	56	113	65	110	74	106	83	101	91	95	98	90	104	84	109	79	113	75	116	72	118	70	119	67	119	63	118	58	116	52	113	46	109	40	104	35	99	31	95	28	92	26	90	25	89	25	89	25	
34:
79	5.079	24	92	23	91	21	89	19	86	18	82	18	77	19	71	21	64	23	56	26	49	30	43	35	38	41	34	48	31	54	29	59	28	63	27	66	25	68	22	69	18	69	13	68	9	66	6	63	4	59	3	54	3	48	2	41	1	33	1	26	1	20	2	15	2	11	2	8	3	6	5	5	8	5	12	6	17	8	21	11	24	15	27	20	29	26	30	33	30	41	30	50	29	59	29	68	30	76	32	83	33	89	35	94	37	98	40	101	44	103	48	104	51	106	53	108	54	110	54	111	53	111	52	110	50	108	48	105	47	101	47	96	48	90	50	84	53	77	57	69	62	60	68	52	74	45	79	39	83	34	86	30	89	27	91	25	92	24	92	24	92	
35:
68	1.076	72	12	71	11	69	9	66	7	62	6	57	6	51	7	46	9	42	12	38	16	35	20	33	25	32	31	31	37	30	42	28	46	25	49	23	52	22	54	22	55	21	55	19	54	17	52	16	51	16	51	17	52	19	54	22	57	24	61	25	66	25	72	24	79	22	87	21	95	20	102	20	108	21	113	23	117	26	120	30	122	34	123	39	123	45	122	52	120	59	117	67	114	76	111	84	107	91	104	97	102	102	100	106	98	109	95	111	91	112	86	112	80	111	73	109	65	106	56	102	48	97	40	91	33	86	27	82	22	78	18	75	15	73	13	72	12	72	12	
36:
69	0.649	56	9	55	9	53	9	50	8	47	7	43	5	40	4	36	3	32	3	29	4	27	6	26	9	26	13	26	17	27	22	29	27	32	32	36	37	41	43	47	48	54	52	61	55	67	57	72	58	76	58	80	57	83	55	85	52	87	48	88	45	88	42	87	39	85	37	82	35	78	34	73	34	67	35	60	37	52	40	44	43	35	47	27	52	20	57	14	63	9	69	5	75	2	80	0	84	-1	87	-1	89	0	90	1	90	3	89	4	87	4	84	5	80	7	75	10	69	13	62	17	54	22	45	28	37	35	30	41	24	46	19	50	15	53	12	55	10	56	9	56	9	
37:
67	6.288	20	16	19	15	17	14	14	14	12	15	9	16	7	18	6	21	6	24	7	26	9	28	12	29	16	29	21	28	27	26	34	25	42	24	51	24	60	23	69	23	77	23	84	22	90	20	95	18	99	17	102	17	105	18	107	20	108	23	108	27	107	32	106	37	104	41	101	44	97	46	92	47	87	48	82	50	78	53	75	57	72	62	70	68	69	75	67	81	65	86	62	90	59	93	55	95	50	96	44	96	37	95	30	93	24	90	19	86	15	81	11	75	8	68	6	60	5	52	5	44	6	37	8	31	11	26	14	22	17	19	19	17	20	16	20	16	
38:
92	0.498	40	51	39	51	37	51	35	51	34	52	34	54	35	57	37	61	40	65	44	70	49	74	54	77	58	81	61	84	63	86	64	87	64	88	63	88	61	87	60	85	60	82	60	78	61	73	63	69	66	66	70	64	75	63	81	63	87	64	92	66	96	69	100	73	105	78	110	84	114	90	117	96	119	101	120	105	120	108	119	110	119	111	118	111	116	110	113	108	110	105	106	101	101	96	97	90	94	83	92	75	90	66	89	57	89	48	90	40	91	33	93	27	95	22	98	18	100	15	101	13	101	12	100	12	98	13	95	15	91	18	86	22	80	27	73	33	65	40	58	48	51	55	45	62	38	68	32	74	27	79	23	83	20	86	16	88	13	89	11	89	10	88	10	86	11	83	13	79	16	74	20	69	25	64	30	60	34	57	37	54	39	52	40	51	40	51	
39:
76	3.923	104	94	105	93	107	91	110	88	113	84	115	79	116	73	116	67	115	62	113	57	110	53	106	50	101	48	95	47	90	46	84	46	79	46	75	46	72	45	70	45	69	44	69	42	70	40	72	37	75	33	79	29	84	24	89	20	95	17	100	14	104	12	107	11	109	10	110	9	110	8	109	6	107	3	104	-1	100	-4	95	-6	89	-7	82	-7	74	-7	65	-6	55	-4	46	-1	38	2	31	6	25	11	20	17	16	24	13	32	11	41	10	51	9	61	8	70	8	78	9	85	11	91	14	96	18	100	23	103	29	105	35	108	42	110	50	111	59	112	68	112	76	111	83	109	89	106	94	102	98	99	101	97	103	95	104	94	104	94	
40:
71	2.655	56	14	55	15	53	17	51	20	50	24	50	29	51	34	53	40	56	45	60	49	65	52	71	54	78	55	85	55	91	56	96	57	100	59	103	62	105	66	106	71	106	77	105	84	103	92	100	99	96	105	92	110	88	114	85	117	83	119	80	120	76	120	71	119	65	117	58	114	50	110	43	105	36	100	30	96	25	92	21	89	18	87	16	86	15	86	15	87	16	89	16	92	15	95	13	97	10	98	6	98	2	97	-2	95	-5	92	-7	88	-8	83	-8	77	-7	70	-5	63	-2	56	2	50	7	45	13	39	20	33	28	28	35	23	41	19	46	16	50	14	53	13	55	13	56	14	56	14	
41:
78	1.107	15	108	16	109	16	110	15	111	14	111	13	110	11	108	10	105	10	101	11	96	13	90	16	83	19	75	21	66	22	57	23	49	24	42	26	36	29	31	33	27	37	24	41	22	44	21	46	21	48	22	50	24	52	27	53	31	55	36	58	42	62	47	66	51	70	54	73	57	75	59	76	60	76	62	75	65	73	69	70	72	68	74	66	75	64	75	63	74	61	72	60	69	59	65	59	60	60	54	62	47	65	40	69	33	74	27	79	22	84	18	88	15	91	13	93	12	94	12	94	13	93	15	92	18	90	22	87	27	83	33	78	40	72	47	65	55	57	63	49	72	42	80	36	87	30	93	25	98	21	102	18	105	16	107	15	108	15	108	
42:
81	9.98	63	72	62	72	60	72	57	73	53	74	48	75	42	77	36	80	31	82	27	83	24	84	22	85	21	87	21	90	22	94	24	99	27	104	31	108	36	111	42	113	48	114	53	115	58	115	62	114	65	112	67	109	68	105	69	101	69	96	70	90	71	83	73	76	76	70	80	65	85	61	91	58	98	56	104	55	109	55	113	54	116	52	118	49	119	45	119	40	118	34	116	27	113	20	109	13	104	6	98	0	92	-5	85	-11	77	-16	68	-20	59	-23	50	-25	42	-26	34	-26	27	-25	21	-23	16	-20	12	-16	9	-11	7	-5	6	2	6	8	7	13	9	19	12	25	16	30	21	35	27	41	33	46	38	50	43	53	48	57	53	62	57	66	60	69	62	71	63	72	63	72	
43:
62	7.408	17	13	18	13	20	13	23	14	27	16	32	19	38	21	44	24	51	27	57	31	62	36	66	41	69	47	71	54	72	62	73	69	73	76	74	82	76	87	79	91	83	94	88	96	93	97	99	97	104	96	108	94	111	91	113	87	114	82	114	76	114	69	114	61	115	53	117	45	119	37	120	30	120	24	119	19	117	15	114	12	110	10	106	9	103	7	100	6	98	4	97	1	95	-1	92	-2	88	-2	83	-1	77	1	70	4	62	8	53	12	45	15	38	17	32	18	27	18	23	17	20	16	18	14	17	13	17	13	
44:
69	0.243	109	61	108	62	106	64	103	65	99	66	95	66	92	66	90	65	89	63	89	60	90	57	90	55	89	54	87	54	84	55	82	57	81	60	81	64	80	69	80	75	79	82	78	90	78	97	79	103	80	108	80	112	79	115	77	117	74	118	72	118	71	117	71	115	72	112	72	108	71	103	69	98	66	92	62	87	57	83	51	80	45	78	39	77	34	77	30	78	27	80	25	83	24	87	24	92	23	97	23	102	24	106	26	109	28	111	31	112	35	112	40	111	45	109	51	106	58	102	66	97	73	93	81	88	88	82	94	76	99	71	103	67	106	64	108	62	109	61	109	61	
45:
88	6.364	42	10	41	9	39	8	36	6	33	5	29	5	26	6	22	8	19	11	17	13	16	16	16	19	17	23	19	26	22	30	26	35	31	40	36	44	42	47	47	49	51	50	54	51	56	51	58	50	59	48	59	46	60	45	62	45	65	46	69	47	74	49	78	52	83	56	87	60	90	65	92	70	93	76	93	81	92	85	90	88	87	91	83	93	78	94	72	95	65	97	58	100	52	102	47	103	43	105	40	106	38	106	37	105	37	103	38	102	40	100	43	97	47	95	52	93	58	91	65	88	73	86	82	83	90	79	97	74	103	68	108	61	112	53	115	44	117	35	118	26	118	18	117	11	115	5	112	0	108	-4	103	-7	97	-9	90	-10	82	-10	74	-10	67	-9	61	-7	56	-4	52	0	48	4	45	7	43	9	42	10	42	10	
46:
67	0.195	43	57	42	58	40	59	37	59	34	58	30	56	26	53	23	49	20	44	18	38	17	33	17	29	18	26	19	24	20	23	22	23	25	24	28	26	31	29	35	33	38	38	42	44	47	49	53	54	58	58	62	61	65	63	67	64	68	64	70	63	72	61	74	58	76	55	79	53	83	51	88	50	94	50	100	51	105	53	109	56	112	60	114	65	115	71	115	77	114	82	113	87	111	93	108	98	104	102	99	105	94	107	89	108	84	108	79	107	75	105	72	103	70	100	67	96	65	91	62	85	58	78	53	72	49	67	46	63	44	60	43	58	43	57	43	57	
47:
72	2.125	108	27	107	28	105	30	103	33	102	37	101	41	101	45	101	48	102	50	104	51	106	51	107	50	107	48	106	45	104	41	101	37	97	33	92	28	86	22	79	17	71	13	62	10	53	8	44	7	36	7	29	8	23	10	18	11	14	12	10	13	7	15	5	17	4	19	4	22	5	26	7	31	10	37	12	44	14	50	15	57	15	65	14	74	12	82	10	89	7	95	5	101	4	106	4	110	4	113	5	115	7	116	10	116	12	115	13	113	15	110	18	106	22	101	27	95	33	88	40	81	47	73	55	66	63	59	72	53	80	48	87	44	93	41	98	37	102	33	105	30	107	28	108	27	108	27	
48:
76	1.422	86	26	86	27	86	29	86	32	87	35	88	39	90	43	92	46	95	48	98	49	100	49	101	50	101	51	100	52	99	54	97	56	95	58	94	60	94	61	95	61	97	61	100	61	104	60	109	58	113	55	116	52	118	49	119	45	119	41	118	36	116	32	113	29	109	26	105	24	100	23	94	23	87	24	79	26	70	28	60	31	49	35	39	39	30	44	22	48	15	52	9	57	4	63	0	70	-3	78	-5	86	-6	93	-6	99	-5	104	-3	108	0	111	4	113	9	114	15	114	21	113	26	111	30	108	33	104	37	99	42	93	48	86	54	78	60	69	65	61	69	54	72	47	76	41	79	36	81	32	83	29	85	27	86	26	86	26	
49:
74	0.169	84	117	83	116	81	116	78	117	74	119	69	120	63	120	58	119	54	117	51	114	49	110	48	105	48	101	49	98	51	95	54	91	58	86	62	80	66	73	69	65	71	57	72	50	72	44	71	39	69	35	66	32	62	30	58	29	54	27	51	26	49	26	48	26	48	25	49	23	51	21	54	20	57	18	61	16	64	15	66	13	67	10	67	6	66	1	64	-3	61	-7	57	-11	52	-14	46	-16	39	-17	33	-17	28	-16	23	-14	19	-11	16	-7	14	-2	13	4	13	10	14	15	16	21	19	28	22	35	26	43	31	52	36	62	42	72	49	81	56	89	63	96	69	102	74	107	78	111	81	114	83	116	84	117	84	117	
50:
66	0.81	18	57	18	56	18	54	18	51	19	47	21	43	24	40	28	38	33	36	38	34	43	31	48	27	53	22	57	18	62	15	66	13	71	12	75	12	78	13	80	15	81	18	81	22	80	26	80	29	81	31	83	32	86	32	90	31	95	29	101	28	106	28	110	29	113	31	115	34	116	38	116	43	115	49	113	56	110	64	107	73	103	81	98	88	92	94	86	99	81	103	77	106	74	108	72	109	70	109	69	108	68	106	68	103	67	99	65	94	62	88	59	82	55	76	50	71	45	66	39	62	33	59	28	57	24	56	21	56	19	57	18	57	18	57	
51:
88	1.906	114	97	113	96	111	94	108	91	104	89	99	87	93	86	87	86	80	87	72	89	64	92	56	96	49	99	43	101	38	104	34	106	31	107	29	107	28	106	28	104	29	102	31	99	34	96	38	92	42	87	47	81	53	74	60	66	68	57	76	49	83	42	89	36	94	31	99	27	103	24	106	22	109	21	111	21	112	22	113	24	114	27	115	30	116	33	117	36	117	40	116	44	114	47	111	49	107	50	102	50	96	51	90	51	83	50	75	48	66	45	56	41	46	36	37	30	29	24	22	19	16	15	11	12	7	9	4	7	2	6	1	6	1	7	2	9	4	11	7	14	11	18	16	23	22	29	29	36	37	42	46	47	55	51	65	54	74	58	82	63	89	69	95	76	100	82	104	87	108	91	111	94	113	96	114	97	114	97	
52:
67	0.567	82	92	81	93	80	95	80	97	79	98	77	99	74	99	71	98	67	96	63	93	58	89	52	85	47	82	42	80	38	79	35	78	33	78	32	77	32	75	33	72	35	70	38	67	41	63	44	58	46	52	47	46	47	41	46	36	44	32	41	29	38	27	35	26	32	25	30	25	29	24	29	22	30	19	32	17	35	16	39	16	44	17	49	19	55	20	62	21	70	23	79	25	87	28	94	32	100	37	105	43	109	50	112	56	115	63	117	69	118	74	118	80	117	85	115	89	112	92	108	95	103	97	97	98	92	98	88	97	85	95	83	93	82	92	82	92	
53:
86	3.582	42	30	42	29	41	27	39	24	38	21	37	19	37	17	38	16	40	16	41	17	43	19	45	22	46	26	46	31	45	37	43	44	40	51	36	57	31	62	27	66	24	69	22	71	21	72	21	74	22	77	24	81	26	84	29	86	33	87	38	87	42	86	45	84	47	83	48	82	48	82	47	82	45	83	42	84	38	85	33	87	27	90	22	94	18	98	15	103	13	109	12	114	12	118	13	121	15	123	18	124	22	124	27	124	33	125	40	125	48	124	57	122	66	119	76	115	85	111	93	107	100	102	106	96	111	89	115	81	118	72	120	62	121	52	121	43	120	35	118	28	115	22	111	17	106	13	100	10	93	8	87	7	81	7	75	8	68	10	62	13	57	17	52	20	48	24	45	27	43	29	42	30	42	30	
54:
79	0.42	61	27	61	26	61	24	61	21	60	17	58	14	55	11	51	9	48	8	46	8	45	8	45	7	46	5	48	2	51	0	55	-1	59	-2	64	-2	69	-1	73	1	76	4	78	8	79	13	79	19	79	26	78	32	76	38	73	43	69	47	64	50	59	52	55	53	52	53	50	54	49	56	49	59	50	63	52	68	55	74	59	81	64	87	70	94	75	100	79	105	82	109	84	114	85	118	85	122	84	127	83	132	81	136	78	139	74	141	69	142	63	142	56	141	48	140	40	138	33	135	27	131	22	126	18	120	15	113	13	105	12	96	12	86	13	77	15	69	18	62	22	56	27	51	33	47	40	44	46	41	51	37	55	33	58	30	60	28	61	27	61	27	
55:
71	0.45	71	68	72	67	74	65	77	62	81	60	86	59	91	59	95	60	98	62	100	65	101	69	101	74	100	80	98	86	96	91	93	95	89	98	84	100	78	101	71	101	65	100	60	98	56	95	53	91	51	86	50	80	50	73	51	65	53	57	56	50	60	44	65	38	70	33	75	29	81	26	87	24	94	23	100	23	105	24	109	26	112	27	114	27	115	26	115	24	114	21	112	17	109	14	105	10	100	7	94	5	87	3	79	2	72	2	65	2	59	2	54	3	50	5	47	8	45	12	44	16	44	21	45	27	47	33	50	40	54	47	59	53	63	58	66	62	68	65	70	67	71	68	71	68	
56:
70	1.366	100	69	100	68	101	66	101	63	100	59	98	56	95	52	91	49	86	47	80	46	75	46	71	47	67	49	64	52	62	56	61	61	61	67	61	73	61	78	60	83	58	87	55	90	52	92	48	93	43	93	38	92	33	90	29	87	26	83	24	78	23	72	22	65	22	58	23	51	25	45	28	39	30	34	31	29	31	25	30	22	28	20	25	18	21	16	18	13	14	10	10	8	6	7	3	7	1	7	0	8	0	10	1	12	3	14	6	17	10	21	15	26	21	32	28	39	36	45	45	50	55	54	64	57	72	59	79	60	85	60	90	61	94	63	97	66	99	68	100	69	100	69	
57:
96	38.327	86	102	85	103	83	103	80	103	76	103	72	103	67	102	61	100	56	97	52	93	49	88	47	82	46	75	46	67	46	58	47	50	49	43	51	37	52	31	53	25	53	19	52	14	50	10	47	7	43	5	38	4	34	4	31	5	29	7	28	10	28	12	29	13	31	13	34	12	38	10	43	7	49	3	56	0	64	-2	71	-3	77	-3	82	-2	86	-1	89	1	91	4	93	8	94	13	94	18	94	23	95	27	97	31	100	34	104	37	109	39	113	40	116	40	118	39	119	37	119	36	118	35	116	35	113	35	109	36	104	36	98	35	91	35	83	36	74	38	66	41	58	44	50	48	42	53	35	59	29	65	24	72	20	80	17	88	15	95	14	101	14	106	15	110	17	113	20	116	24	118	29	119	35	119	42	118	50	118	58	117	65	115	71	112	76	108	80	105	83	103	85	102	86	102	86	102	
58:
79	0.268	64	37	63	36	61	35	58	34	54	32	50	31	46	29	41	28	35	28	30	29	26	31	23	34	21	38	20	43	20	49	21	56	23	62	25	68	28	73	31	77	33	80	34	82	34	83	33	84	31	86	28	87	25	88	23	90	22	92	22	95	23	99	25	104	27	108	30	111	34	113	39	114	45	114	52	113	60	111	68	108	77	104	85	99	92	93	98	86	103	78	107	69	110	60	112	52	113	45	113	39	112	33	110	28	107	24	103	21	100	19	98	17	97	16	97	14	98	12	100	10	103	7	107	5	110	3	112	1	113	0	113	0	112	1	110	3	107	6	103	10	98	14	92	19	85	23	79	26	74	30	70	33	67	35	65	36	64	37	64	37	
59:
74	0.252	55	66	54	67	52	68	49	69	45	69	42	68	40	66	39	63	38	59	37	54	37	48	38	42	38	37	39	33	39	30	38	28	36	27	34	27	31	28	27	30	22	33	16	37	11	40	7	42	4	43	2	43	1	42	1	40	0	37	0	33	1	28	3	23	6	18	10	14	15	11	21	9	28	8	35	8	41	9	48	11	56	14	65	18	75	23	85	29	94	36	102	44	109	53	115	63	120	73	124	82	127	90	129	97	130	103	130	108	129	112	128	115	126	118	123	120	120	121	117	121	115	120	112	118	108	115	103	111	97	106	90	100	83	93	76	87	70	81	65	76	61	72	58	69	56	67	55	66	55	66	
60:
74	9.147	56	46	57	47	59	49	60	52	62	54	65	57	67	59	68	60	69	60	69	59	70	57	71	54	71	50	70	45	68	39	65	32	61	25	57	19	54	14	50	9	45	5	40	2	35	0	31	-1	28	-1	26	0	25	1	25	2	26	2	28	3	31	5	35	7	40	8	46	8	53	9	61	10	68	12	75	15	83	19	90	22	97	24	103	25	108	27	112	30	115	34	117	39	118	45	118	52	117	60	117	69	116	77	114	84	111	90	107	95	102	99	96	102	90	104	84	105	79	105	75	104	71	102	68	99	66	95	65	90	65	84	66	77	67	70	67	64	66	59	64	55	61	52	59	49	57	47	56	46	56	46	
61:
80	2.262	8	24	9	23	11	22	14	21	18	21	23	22	29	22	36	21	44	20	51	18	58	15	65	11	72	8	78	4	84	1	90	-1	95	-2	99	-2	102	-1	104	1	105	4	105	8	104	11	102	14	99	18	95	21	90	23	84	24	79	26	73	29	68	33	64	38	61	44	59	51	58	58	58	64	59	69	61	73	64	76	68	79	72	81	77	82	83	82	89	81	95	81	100	81	104	82	107	84	109	87	110	90	110	94	109	97	107	100	104	103	100	107	95	110	89	114	82	117	74	119	65	120	55	120	45	119	36	117	28	114	21	110	15	105	9	99	4	92	0	84	-3	75	-5	66	-6	58	-6	51	-5	45	-3	39	-1	34	2	30	5	27	7	25	8	24	8	24	
62:
62	2.379	71	103	72	102	73	100	74	97	76	94	79	91	83	89	88	88	93	88	99	89	104	91	108	94	111	97	114	99	116	100	118	100	119	99	120	97	121	94	121	90	120	86	118	83	115	79	111	76	106	74	102	72	99	69	97	65	96	60	96	55	95	50	93	46	90	43	86	41	81	40	75	40	69	41	62	41	54	41	46	40	39	40	33	41	28	42	24	44	21	46	19	49	18	52	18	56	19	61	21	65	24	68	28	70	32	72	37	75	43	79	50	84	56	88	61	93	65	97	68	100	70	102	71	103	71	103	
63:
93	0.51	43	36	42	35	40	33	37	31	35	30	32	30	28	31	25	32	23	34	22	37	22	41	23	46	25	50	28	54	32	59	37	65	43	70	49	74	54	77	58	79	61	80	63	80	66	79	69	77	71	74	73	70	76	65	78	60	79	55	81	51	84	48	87	46	89	45	92	45	96	46	100	48	103	51	106	53	110	54	114	54	118	53	121	51	123	48	124	45	124	41	123	36	121	30	118	23	114	17	109	12	103	8	97	5	92	3	88	2	83	2	78	3	73	5	69	8	65	12	60	17	56	23	53	30	50	38	48	47	45	56	41	66	36	75	30	83	25	90	21	96	18	101	16	105	15	108	15	110	16	111	17	111	17	110	17	108	18	105	19	101	21	96	24	91	28	85	33	78	37	70	40	63	42	57	44	51	45	46	45	42	45	39	44	37	43	36	43	36	
64:
69	0.36	76	12	75	12	73	13	70	14	66	16	61	17	56	17	52	16	49	16	47	17	45	19	44	20	44	20	45	20	47	19	50	17	54	14	59	11	65	9	72	7	79	6	86	6	92	7	97	9	101	12	104	16	106	21	107	27	107	34	107	42	106	50	104	59	102	67	101	74	101	80	102	85	104	89	105	92	105	94	104	95	102	95	99	94	95	92	90	89	84	87	79	85	73	84	66	84	59	85	53	87	48	88	44	88	41	87	38	85	36	82	35	78	35	73	36	67	38	60	41	52	45	45	50	38	55	32	61	27	66	22	70	18	73	15	75	13	76	12	76	12	
65:
71	10.003	80	81	79	82	77	84	74	86	70	89	65	91	59	92	53	92	48	93	44	93	41	92	39	90	38	87	38	83	38	78	37	72	35	65	32	57	30	50	27	44	25	39	24	34	24	30	25	27	27	25	30	24	34	24	39	24	45	25	52	27	59	29	67	30	74	30	80	29	85	27	89	24	92	20	94	17	95	15	95	14	94	14	92	15	91	17	91	20	91	24	92	29	94	35	95	42	95	50	96	59	96	68	96	76	95	83	93	89	90	94	87	99	85	103	84	106	83	108	81	109	80	109	79	108	79	106	80	103	82	99	83	95	84	91	84	87	83	84	81	82	80	81	80	81	
66:
74	8.639	75	43	76	42	77	41	78	39	78	36	78	32	77	27	75	22	72	18	68	15	63	13	59	12	56	12	54	13	53	13	53	12	54	10	56	7	59	5	63	4	68	3	73	3	79	4	85	5	91	7	96	10	101	12	106	13	110	13	113	12	115	10	117	8	118	7	120	7	122	8	125	10	129	13	132	17	134	22	135	28	135	35	134	43	132	50	129	56	125	61	120	65	114	68	109	70	104	72	98	73	91	73	83	73	74	73	66	74	59	75	53	76	48	78	44	80	41	81	39	81	38	80	38	78	39	75	41	71	44	67	48	63	52	60	57	57	62	53	66	50	69	48	72	46	74	44	75	43	75	43	
67:
80	7.549	77	83	78	84	78	86	78	89	77	93	75	98	72	102	68	105	63	107	57	108	51	108	46	107	42	105	39	102	36	98	34	93	33	89	33	86	34	84	35	83	37	82	38	82	38	83	37	85	35	88	32	92	28	96	24	99	21	101	19	102	17	102	16	101	14	99	11	96	8	92	5	87	3	81	1	74	0	66	-1	57	-2	48	-3	40	-4	33	-4	26	-3	20	-1	15	1	11	4	8	8	6	13	5	19	5	25	6	32	8	40	11	49	15	58	20	66	25	75	31	83	38	91	45	98	51	104	57	109	62	113	66	116	69	118	71	119	74	119	78	118	83	116	87	113	90	109	92	104	93	98	93	92	92	87	91	83	89	80	86	78	84	77	83	77	83	
68:
76	0.268	112	55	111	55	109	54	106	53	102	51	98	48	93	44	87	40	82	35	77	31	73	28	70	26	68	24	67	21	67	17	68	14	70	12	73	11	77	11	81	12	84	14	86	17	87	21	87	26	86	30	84	35	81	39	77	42	72	44	66	45	60	45	55	44	51	42	48	39	46	35	45	30	45	26	45	23	45	21	44	20	42	20	39	21	37	23	34	26	30	30	25	35	20	41	16	47	13	54	11	62	10	71	10	80	10	88	11	95	13	101	16	106	20	110	25	113	31	115	37	116	44	116	52	115	60	113	67	110	73	106	79	101	85	95	90	88	96	82	101	76	105	70	108	65	110	61	111	58	111	56	112	55	112	55	
69:
82	1.646	81	112	82	111	84	111	87	110	91	108	95	105	98	101	100	96	101	90	101	84	100	79	100	75	100	72	101	70	103	69	106	69	109	70	111	70	113	69	114	67	114	64	113	60	111	57	108	55	105	53	101	52	96	52	90	53	83	55	76	58	70	60	65	61	61	61	58	60	56	58	55	55	55	51	56	46	58	41	60	35	63	28	67	22	72	17	76	13	81	10	85	8	88	7	90	7	91	7	91	6	90	6	88	7	85	9	81	12	76	16	70	21	63	27	56	34	49	41	42	49	36	58	31	68	27	77	24	85	22	92	21	98	21	103	22	107	24	110	27	113	31	115	36	116	42	116	49	117	55	117	61	118	66	118	71	117	75	116	78	115	80	113	81	112	81	112	
70:
69	0.716	26	52	26	51	25	49	25	46	26	42	27	37	29	33	32	30	36	28	40	26	43	23	46	19	48	15	49	11	50	8	51	6	51	5	50	5	48	6	45	8	41	11	38	15	36	20	34	26	33	33	33	41	34	48	36	54	39	59	43	63	47	66	51	68	56	69	62	69	68	68	74	66	79	65	83	65	86	66	88	68	89	71	89	75	88	80	86	85	84	91	81	98	77	104	72	109	66	113	59	116	52	118	46	119	41	119	36	118	32	116	27	113	23	109	20	104	18	98	17	91	16	84	16	78	17	73	17	67	18	62	20	58	23	55	25	53	26	52	26	52	
71:
94	4.578	119	5	118	5	116	6	113	8	109	10	104	11	98	11	92	11	87	11	83	12	80	14	78	17	77	21	77	25	78	29	80	32	83	34	87	35	92	35	98	34	104	33	109	33	113	34	116	36	118	39	119	43	119	46	118	50	116	55	114	61	113	68	113	76	114	84	116	91	118	97	119	102	119	106	119	109	118	111	116	112	113	112	109	111	104	109	98	106	91	102	83	97	76	91	68	84	60	76	53	69	47	63	42	58	38	54	35	51	33	49	32	48	31	48	31	49	32	51	34	54	36	58	38	63	39	69	39	76	38	84	36	91	33	97	29	102	24	106	20	109	17	112	15	114	14	115	14	115	15	114	17	112	20	109	24	105	29	100	35	94	42	87	50	79	59	70	69	60	78	50	86	41	93	33	99	26	104	20	109	15	113	11	116	8	118	6	119	5	119	5	
72:
99	5.102	30	96	31	95	33	94	36	92	40	90	45	87	51	85	57	82	62	78	66	73	69	68	71	64	72	61	72	59	73	58	75	58	77	59	80	61	84	64	88	67	92	71	96	76	99	81	101	87	102	94	102	101	101	107	99	112	96	117	92	121	87	124	81	126	75	127	69	127	64	126	60	124	57	121	55	117	54	112	54	106	55	99	57	91	59	82	61	72	62	62	62	53	61	45	59	38	56	32	52	27	47	23	41	20	34	18	27	17	21	17	16	18	12	19	9	21	7	24	6	28	6	32	7	35	9	37	12	38	15	38	19	37	24	36	30	36	37	36	45	35	54	33	64	30	73	26	81	22	88	19	94	17	99	16	103	16	106	17	108	19	109	21	109	24	108	28	106	33	103	39	99	45	94	52	88	58	81	63	73	67	66	71	58	74	51	77	45	81	40	86	36	90	33	93	31	95	30	96	30	96	
73:
82	25.942	119	32	118	33	116	35	113	37	109	40	104	42	98	43	91	43	84	43	76	42	69	40	63	37	58	33	54	28	51	22	47	16	42	11	36	7	30	4	25	2	21	1	18	1	16	2	15	4	15	7	16	11	18	16	21	22	25	29	28	36	30	44	31	53	31	61	30	68	29	74	27	79	24	83	20	86	15	88	10	89	6	89	3	88	1	86	0	84	0	83	1	82	3	82	5	83	8	85	12	88	17	92	23	96	30	99	36	101	41	102	45	102	48	102	50	101	51	100	51	100	51	101	52	103	54	105	57	106	61	106	65	105	70	103	76	100	82	97	88	93	93	88	97	82	100	75	104	68	107	60	109	53	110	47	111	42	113	38	116	35	118	33	119	32	119	32	
74:
77	11.858	26	73	25	74	23	76	22	79	20	82	17	86	15	89	13	91	10	92	8	92	6	91	4	89	3	86	2	82	2	77	2	71	3	65	3	60	4	56	6	53	9	51	13	50	18	50	22	51	25	53	27	54	29	54	32	53	34	51	37	48	41	44	46	40	52	36	58	33	64	31	71	30	79	30	87	29	94	27	100	24	105	20	109	17	112	14	114	11	115	8	115	4	114	-1	112	-5	109	-8	105	-10	101	-13	96	-17	90	-20	83	-22	75	-23	66	-23	56	-22	46	-21	37	-20	29	-18	22	-15	16	-11	11	-6	7	0	4	6	2	13	1	20	1	28	2	37	4	45	7	52	11	58	16	63	20	67	23	70	25	72	26	73	26	73	
75:
71	0.121	96	15	95	16	94	18	92	21	89	25	85	29	80	34	74	40	68	45	62	49	55	54	49	60	44	65	40	69	37	73	35	76	34	78	34	79	35	79	37	78	38	76	38	73	38	69	37	64	35	58	32	51	28	44	24	38	21	31	19	24	18	18	18	13	19	9	20	6	22	4	25	3	29	3	34	4	40	6	47	9	54	13	60	18	65	24	69	31	74	39	78	48	82	56	87	63	92	69	98	74	104	78	109	81	113	83	116	84	118	84	119	83	121	81	122	78	122	74	121	69	119	63	117	56	116	48	115	41	113	35	110	30	106	25	102	21	99	18	97	16	96	15	96	15	
76:
71	0.562	41	104	40	105	38	105	35	106	31	107	26	107	20	106	15	105	11	104	8	102	6	99	5	95	5	90	6	86	8	83	11	80	14	76	18	73	21	70	23	68	24	65	24	61	23	58	21	54	18	49	16	45	14	40	13	35	13	31	13	27	14	24	16	22	18	21	21	21	24	22	27	24	31	27	36	31	42	35	49	39	57	42	66	44	74	45	81	45	87	44	93	42	98	39	102	35	105	32	107	30	108	29	108	28	107	28	106	29	104	31	101	34	97	38	92	43	86	49	81	56	77	64	72	72	67	79	63	85	60	90	56	94	51	97	47	99	44	101	42	103	41	104	41	104	
77:
78	5.244	81	107	80	107	78	108	75	109	71	111	66	112	62	113	57	115	51	116	46	116	42	115	39	113	37	110	35	106	34	102	34	97	33	91	32	85	32	80	33	76	35	73	38	71	41	70	45	70	48	71	50	72	52	72	53	71	53	69	52	66	50	62	49	57	49	51	50	44	51	36	53	29	56	23	60	17	65	12	70	8	74	5	77	3	79	2	80	2	80	1	79	-1	77	-4	74	-8	70	-11	65	-13	59	-14	52	-14	45	-13	38	-12	32	-10	26	-7	21	-4	17	-2	14	0	12	3	11	7	11	12	12	18	14	25	17	33	21	41	26	49	32	57	38	66	45	74	53	81	60	87	66	92	71	97	75	101	78	104	80	106	81	107	81	107	
78:
70	5.079	55	41	56	42	57	44	59	47	61	51	63	56	66	61	70	65	75	68	79	70	83	71	86	71	89	70	93	68	97	65	102	61	107	56	111	50	114	43	116	35	117	28	117	22	116	17	114	13	111	10	107	8	102	7	96	7	89	8	81	10	73	12	64	15	55	18	47	20	39	21	32	21	26	22	21	22	17	23	14	25	12	28	10	31	9	35	7	40	4	46	2	53	1	60	1	68	2	75	4	81	7	86	11	90	16	93	22	95	28	96	34	96	39	95	43	93	46	90	49	86	52	81	54	75	55	69	55	62	54	56	53	51	53	47	54	44	54	42	55	41	55	41	
79:
94	0.145	63	41	64	42	64	44	63	47	61	49	58	51	55	52	53	52	50	51	46	49	41	46	35	44	29	42	24	41	20	41	17	42	15	44	13	46	12	49	12	52	11	54	9	55	6	55	4	54	1	52	-1	49	-2	45	-3	40	-3	34	-4	27	-6	21	-7	16	-7	12	-6	9	-4	7	-1	6	3	6	8	7	13	9	17	12	22	16	28	21	35	27	43	33	51	39	60	44	69	48	77	52	84	55	90	57	96	58	101	58	105	57	108	55	110	52	111	49	111	47	112	45	113	44	114	44	114	45	113	47	111	50	108	54	104	59	99	65	94	72	89	80	85	88	82	95	80	101	79	106	78	110	78	113	79	115	81	116	83	116	84	115	84	113	83	110	81	106	78	101	75	95	73	89	71	82	70	76	70	69	69	62	67	56	65	51	63	47	62	44	62	42	63	41	63	41	
80:
76	17.401	33	13	34	14	36	16	39	18	43	21	46	23	48	26	49	28	49	29	48	31	46	32	43	33	39	33	34	32	28	32	23	31	19	31	16	31	14	32	13	34	13	37	14	39	16	41	19	42	23	43	28	44	34	46	41	48	49	51	57	55	65	60	72	64	78	67	84	70	89	72	93	73	96	75	98	78	99	82	99	85	98	87	96	89	93	90	89	91	84	91	79	92	75	94	72	97	69	101	67	105	66	110	66	114	67	117	67	119	67	120	68	120	69	119	70	117	71	114	73	110	75	105	76	99	76	92	75	84	73	75	70	65	66	56	61	48	55	41	49	34	44	28	40	23	37	19	35	16	34	14	33	13	33	13	
81:
65	3.612	23	63	22	64	20	66	17	68	13	69	10	69	8	68	6	66	5	63	5	60	6	56	8	51	11	45	15	39	19	33	24	28	30	24	35	21	39	19	42	18	44	18	45	19	45	21	45	24	46	28	46	32	47	35	49	37	51	38	53	38	55	37	58	35	62	32	67	28	72	24	78	21	85	19	92	18	98	18	103	19	107	21	110	24	112	28	114	32	115	37	115	43	114	49	112	54	109	59	105	63	101	66	96	68	90	69	83	69	76	68	68	67	59	67	51	68	44	69	38	69	33	69	29	68	26	66	24	64	23	63	23	63	
82:
82	4.725	63	110	62	109	60	107	57	104	53	102	48	101	42	101	36	102	31	103	26	105	22	108	19	111	16	114	14	116	13	117	13	117	14	116	15	114	15	111	15	107	15	102	15	98	14	94	12	90	9	87	7	85	6	84	6	82	7	80	9	77	12	75	16	74	19	72	23	69	27	65	30	60	32	54	33	48	33	43	32	38	30	33	27	27	24	22	20	17	15	13	11	10	8	8	6	7	5	7	5	8	6	9	8	9	11	8	15	6	20	3	26	1	33	0	41	0	50	1	59	2	67	4	74	7	80	11	86	15	91	20	95	26	98	32	100	39	101	47	101	56	100	66	98	75	95	83	91	90	86	96	80	101	75	105	71	108	68	110	66	111	64	111	63	110	63	110	
83:
86	1.308	109	95	108	94	106	92	103	90	99	89	94	89	88	90	83	91	79	93	76	96	74	100	71	103	69	105	68	106	68	106	69	105	71	103	74	100	78	96	82	91	85	85	87	78	88	71	88	65	87	60	85	55	82	49	78	44	73	39	68	35	63	32	59	30	56	29	54	29	53	30	53	31	54	31	56	31	59	30	63	28	67	25	71	23	75	20	78	16	80	11	81	7	81	3	80	0	78	-2	75	-3	71	-3	66	-2	60	0	53	3	45	6	37	10	30	15	24	21	19	28	14	36	10	45	7	54	5	63	4	73	3	82	3	90	4	97	6	103	9	108	13	112	18	115	24	117	30	118	37	119	45	119	54	118	64	116	73	113	81	111	88	108	94	104	99	101	103	98	106	96	108	95	109	95	109	95	
84:
73	1.666	118	110	117	109	115	109	112	110	108	110	103	109	97	107	92	104	88	101	85	97	83	92	82	86	82	79	83	73	85	68	87	63	88	58	88	54	87	49	86	45	86	42	87	40	88	39	90	39	93	40	97	41	101	41	104	40	106	38	107	35	107	31	106	27	104	23	101	20	97	18	92	17	86	17	79	18	73	20	66	23	58	27	50	32	41	38	33	45	26	52	20	59	15	67	11	76	8	86	6	95	5	103	5	110	6	118	8	125	11	131	15	136	20	140	26	143	33	145	41	146	50	146	60	146	70	145	79	143	87	140	94	136	100	131	105	125	109	120	112	116	115	113	117	111	118	110	118	110	
85:
84	19.084	61	2	60	3	58	4	55	6	51	9	46	11	41	12	35	12	29	13	23	14	18	15	14	17	11	20	9	24	8	29	8	35	9	40	11	44	14	47	18	49	23	50	29	50	36	49	44	47	53	44	63	42	72	39	80	36	87	33	93	29	98	24	102	19	105	15	107	12	108	10	108	9	107	9	105	9	104	10	104	12	105	15	107	19	109	24	112	30	114	37	117	45	119	54	120	62	120	71	119	79	118	86	116	92	113	97	109	102	104	107	98	112	91	116	83	119	74	121	65	122	57	122	49	123	42	123	35	122	29	120	24	117	20	113	17	108	15	102	14	95	14	87	15	78	17	68	20	57	24	47	29	38	34	30	40	23	46	17	51	12	55	8	58	5	60	3	61	2	61	2	
86:
79	6.513	13	92	12	91	10	89	9	86	9	82	10	77	12	71	13	65	13	59	14	53	16	48	17	44	17	41	16	38	14	36	11	35	9	35	7	36	6	37	6	38	7	39	9	39	12	38	16	36	21	34	27	33	34	33	42	34	49	36	55	39	60	43	64	47	67	50	69	52	70	53	71	53	72	52	72	50	73	47	75	43	78	40	82	37	86	35	91	34	97	34	102	35	106	37	109	40	111	44	113	49	114	55	114	62	113	70	111	77	108	83	104	88	100	92	96	95	93	97	91	98	90	98	90	97	89	95	87	92	84	88	80	83	75	79	69	76	62	74	54	73	46	73	39	74	33	76	28	79	23	82	19	86	16	89	14	91	13	92	13	92	
87:
80	0.269	102	11	103	11	104	12	104	14	103	16	101	17	98	18	96	18	95	17	95	16	96	14	98	13	101	12	105	12	108	12	111	11	113	9	114	6	114	2	113	-3	111	-8	108	-12	104	-15	99	-17	93	-18	86	-18	79	-17	73	-16	68	-14	63	-11	59	-7	56	-2	54	4	53	10	53	15	54	19	56	23	59	26	63	28	68	31	72	35	75	40	77	46	78	52	78	59	77	66	76	74	74	82	71	89	67	95	62	100	56	104	50	107	43	109	36	111	30	113	25	114	21	114	18	113	16	113	15	112	15	110	16	107	18	103	21	98	25	92	30	85	36	77	43	69	51	62	60	55	68	47	75	39	81	32	87	26	92	21	96	17	99	14	101	12	102	11	102	11	
88:
70	2.965	80	19	81	18	83	17	86	17	90	18	93	19	97	21	100	22	102	24	103	25	103	25	102	25	100	24	97	22	93	19	88	17	83	14	77	12	70	11	62	11	55	11	49	11	44	11	40	11	37	12	35	14	34	16	34	17	34	17	34	16	34	14	34	11	34	8	33	6	31	4	28	3	24	3	21	4	18	6	16	8	15	11	15	15	16	20	18	26	21	33	25	41	28	49	30	56	31	62	32	67	34	71	37	74	40	76	44	77	49	77	55	76	60	74	64	72	67	69	69	65	71	60	74	54	78	47	81	40	83	34	84	29	84	25	83	22	81	20	80	19	80	19	
89:
82	2.395	22	31	21	32	20	34	18	36	17	39	15	43	13	46	10	48	8	49	7	49	6	48	5	46	3	43	1	39	0	34	0	28	1	23	2	18	2	13	3	9	5	6	8	4	11	3	15	3	20	4	24	6	29	9	35	13	41	18	48	24	54	31	59	39	63	48	66	57	68	66	69	74	69	81	68	87	66	92	65	96	65	99	66	101	68	102	70	102	72	101	73	99	75	96	78	92	82	87	87	83	91	80	94	78	96	77	97	77	97	78	96	79	94	81	91	84	87	88	82	93	76	97	69	100	61	102	53	103	45	103	38	102	31	101	25	99	20	96	16	92	12	87	9	81	7	74	6	66	6	59	7	52	9	46	12	41	16	37	19	34	21	32	22	31	22	31	
90:
71	0.396	42	104	42	105	43	107	44	110	46	113	49	115	53	117	58	118	64	118	71	119	77	119	82	118	87	116	91	113	94	109	96	104	97	98	97	93	96	87	94	81	91	75	87	68	82	62	77	55	73	48	70	42	67	37	65	33	64	29	64	26	65	24	67	22	70	21	74	20	79	20	84	20	88	21	91	21	93	20	94	18	94	16	93	14	91	12	88	9	84	6	79	4	73	3	66	3	58	4	49	6	41	9	34	13	27	18	21	24	16	31	12	39	9	48	7	57	6	66	6	74	7	81	9	87	12	92	16	96	21	99	27	101	32	102	36	102	39	102	41	103	42	104	42	104	
91:
65	0.177	64	62	65	63	67	65	69	68	70	72	70	77	71	82	71	87	70	91	70	94	71	96	73	97	75	97	76	98	76	98	75	97	73	95	70	92	66	88	61	84	56	79	52	73	49	66	47	58	46	50	46	43	47	37	47	32	46	28	44	25	41	23	39	22	38	20	38	17	39	15	41	14	44	14	48	15	53	17	59	20	66	23	73	25	79	27	85	28	92	29	98	31	103	33	107	34	110	35	112	35	113	34	113	33	112	32	110	32	107	33	103	35	98	38	92	42	85	47	79	52	74	56	70	59	67	61	65	62	64	62	64	62	
92:
64	0.306	29	103	30	102	32	100	35	98	37	97	38	96	38	94	37	91	35	88	33	84	32	80	32	75	33	70	35	66	38	62	42	59	47	57	52	56	57	56	61	57	64	59	66	62	69	65	73	67	78	68	83	68	87	67	90	65	92	62	94	58	95	53	95	47	94	40	92	32	89	25	85	19	80	14	74	9	67	5	59	2	52	0	44	-2	36	-3	29	-3	23	-2	18	0	14	3	11	7	8	12	6	18	5	25	5	33	4	41	4	49	4	58	5	67	7	75	10	82	14	88	19	93	23	97	26	100	28	102	29	103	29	103	
93:
66	5.845	105	24	104	24	102	24	100	25	98	26	97	27	97	29	98	30	100	31	103	33	107	34	110	34	113	35	115	36	116	38	116	41	115	45	113	49	110	52	106	54	101	55	96	57	90	59	83	61	75	64	66	68	56	72	46	77	37	83	29	89	22	95	16	101	11	106	7	110	4	113	2	115	-1	116	-5	116	-8	115	-10	113	-12	110	-14	106	-15	101	-15	95	-14	88	-12	80	-9	71	-5	63	0	54	6	46	12	39	19	33	27	28	36	24	46	21	56	19	65	18	73	18	80	19	86	21	91	23	95	25	99	26	102	26	104	25	105	24	105	24	
94:
63	0.37	85	115	86	114	87	112	88	110	88	107	87	103	86	98	84	93	81	87	79	81	78	75	77	69	77	63	78	58	80	54	83	51	86	49	90	48	94	47	99	45	104	44	109	44	113	43	116	42	118	42	119	41	119	39	118	36	116	32	113	29	109	27	104	25	98	24	91	22	83	19	74	15	65	10	56	6	48	3	41	1	35	0	30	0	26	1	23	3	21	6	20	10	20	15	21	21	23	28	26	36	30	45	35	54	41	62	48	71	54	79	59	87	64	94	70	100	75	105	79	109	82	112	84	114	85	115	85	115	
95:
79	7.669	114	110	113	109	111	107	108	104	104	100	99	95	94	89	89	82	85	76	82	71	78	67	75	64	73	61	71	59	70	58	68	58	66	59	63	61	61	64	58	68	55	72	51	75	46	77	42	78	39	78	37	77	36	77	36	78	37	80	39	83	42	85	46	86	50	88	53	90	55	91	56	91	56	92	55	92	53	91	50	91	46	90	41	88	35	85	30	81	26	76	23	70	21	63	20	55	20	46	21	38	23	31	26	25	30	20	35	16	41	13	48	11	56	10	65	10	74	10	83	10	91	11	98	13	104	16	109	20	115	25	120	31	124	38	127	46	129	55	130	65	130	74	129	82	128	89	126	95	123	100	120	104	117	107	115	109	114	110	114	110	
96:
83	0.15	90	8	89	7	87	6	84	4	80	1	76	-1	71	-3	65	-4	58	-4	50	-3	42	-1	35	2	29	6	24	11	20	17	16	24	13	32	11	40	10	49	10	59	10	68	10	76	11	83	13	89	16	94	20	98	25	101	31	103	38	104	45	104	51	103	57	101	62	98	66	95	69	93	72	92	76	92	79	93	81	95	83	96	85	96	86	95	86	93	86	90	86	86	86	81	87	77	87	74	86	72	84	71	81	71	79	72	77	73	76	75	76	78	77	82	79	87	82	93	86	98	90	102	95	105	100	107	104	108	107	108	109	107	110	105	110	102	109	98	107	93	104	87	100	80	95	72	91	63	87	53	84	44	82	36	81	29	81	23	82	18	84	14	87	11	89	9	90	8	90	8	
97:
58	2.159	23	83	24	82	26	81	27	79	28	76	28	73	27	69	25	65	22	61	20	57	19	52	19	46	19	40	20	34	22	28	25	23	29	19	34	16	40	13	45	10	49	6	53	3	58	1	64	0	70	0	77	1	83	3	88	6	92	10	95	15	97	20	98	25	98	31	98	36	97	41	95	45	92	48	88	50	83	52	77	55	70	59	63	64	57	70	52	77	48	83	45	88	43	92	42	95	41	97	39	98	36	98	32	97	28	95	25	92	23	89	22	86	22	84	23	83	23	83	
98:
78	19.657	35	54	35	53	34	51	32	48	31	45	29	42	26	40	22	39	19	39	17	40	16	42	15	45	13	49	12	54	11	60	11	67	11	74	11	80	11	85	12	90	13	94	15	97	18	99	22	100	27	100	33	99	38	97	42	94	45	91	47	88	48	86	49	85	50	85	51	86	53	88	56	89	59	90	63	90	67	90	70	91	72	93	73	96	73	100	72	105	71	109	71	112	72	114	74	115	77	115	81	114	86	112	92	109	98	105	104	100	109	94	113	87	116	79	118	70	119	62	119	55	118	48	116	42	113	37	109	33	104	30	98	28	91	27	83	27	75	28	68	30	62	33	56	36	50	40	45	44	41	48	38	51	36	53	35	54	35	54	
99:
79	0.61	77	71	77	70	77	68	76	65	74	61	71	58	68	56	65	53	63	51	62	49	62	46	63	44	65	41	67	37	68	33	68	28	67	22	65	17	62	13	58	10	55	8	53	7	52	7	52	8	53	10	55	13	56	17	56	22	57	28	57	34	56	40	54	45	51	49	47	52	42	54	36	55	30	55	23	54	17	52	12	49	8	45	5	40	3	36	2	33	2	31	3	30	5	30	8	31	12	33	17	36	23	40	30	45	38	51	47	58	57	66	67	73	76	80	84	86	91	92	98	97	104	102	109	106	113	109	116	111	118	112	119	112	119	111	118	109	116	107	113	104	109	101	104	97	98	92	92	86	87	81	83	77	80	74	78	72	77	71	77	71	