0:
96	0.912	19	33	20	32	22	30	25	28	29	26	34	24	40	23	47	23	54	24	60	26	65	29	69	33	72	38	75	43	78	49	81	54	85	58	90	61	96	63	103	64	110	64	116	63	122	61	129	58	137	56	144	55	151	55	157	56	162	58	166	61	169	65	171	70	172	76	172	82	171	89	169	96	166	102	162	107	159	111	156	114	152	116	147	117	141	117	135	116	128	114	120	111	112	107	103	103	93	98	84	93	75	89	66	86	57	84	49	83	42	83	35	84	29	86	24	89	20	92	17	96	15	101	14	107	14	114	15	121	17	129	20	137	24	144	29	150	35	155	42	159	50	162	58	164	65	165	71	165	76	164	80	162	83	159	85	155	86	150	86	144	85	137	83	129	80	120	77	110	73	99	68	88	62	78	55	69	47	61	40	54	34	48	29	43	25	39	22	36	20	34	19	33	19	33	
1:
86	0.684	49	39	48	40	48	42	48	45	49	49	51	54	54	60	58	65	63	69	69	72	76	75	82	78	88	82	93	87	97	93	100	100	102	107	103	113	104	118	104	122	104	125	105	127	107	128	110	128	114	127	119	125	125	122	132	118	138	113	144	107	149	100	153	92	157	83	160	73	163	62	166	52	169	43	171	35	172	28	172	22	171	17	169	13	166	10	162	8	157	7	151	7	146	8	141	10	135	13	129	17	124	22	120	28	115	35	109	43	102	52	94	62	85	73	77	83	69	92	62	100	56	107	51	113	47	118	44	122	42	125	40	127	39	128	39	128	40	127	42	125	45	122	49	118	54	113	58	107	61	100	63	92	64	84	65	75	65	67	64	60	62	54	59	49	55	45	52	42	50	40	49	39	49	39	
2:
79	3.805	58	169	57	170	55	172	53	173	51	175	50	176	48	176	47	175	47	173	47	170	48	166	48	161	47	155	45	148	42	140	39	133	37	127	36	122	34	118	31	115	27	113	22	112	18	112	15	113	13	115	12	117	12	120	13	122	15	123	17	123	20	122	24	120	29	117	35	113	42	108	50	102	59	95	69	88	80	82	91	76	101	70	110	65	118	60	126	56	133	53	139	51	144	50	149	50	153	51	156	53	160	55	164	56	168	57	172	59	175	62	177	66	178	71	178	76	177	80	175	83	172	85	168	87	163	89	157	92	150	96	142	101	133	107	123	114	113	122	103	130	94	137	86	144	79	150	73	155	68	159	64	163	61	166	59	168	58	169	58	169	
3:
88	13.359	105	6	104	7	102	9	99	12	95	16	90	21	84	26	79	30	75	34	70	39	64	43	57	46	50	48	42	49	35	49	29	48	24	47	20	45	17	42	15	38	14	33	14	29	15	26	17	24	20	22	24	21	29	21	35	22	42	24	50	27	58	31	67	36	75	42	82	49	88	57	93	66	97	76	100	86	102	97	103	109	103	120	102	130	100	139	97	147	93	154	90	160	88	165	87	169	87	174	88	179	90	183	93	186	97	188	102	189	107	189	113	188	120	186	128	183	136	179	143	174	149	168	155	161	160	153	166	144	171	134	175	123	179	111	182	98	184	85	185	73	185	62	184	52	182	42	179	33	175	25	170	18	164	12	157	7	149	3	141	0	133	-2	126	-3	120	-3	115	-2	111	0	108	3	106	5	105	6	105	6	
4:
83	66.862	40	101	39	102	37	102	34	103	30	105	25	108	20	112	16	116	13	121	11	127	10	134	10	142	11	150	13	157	16	163	20	168	24	172	28	175	33	177	39	178	46	178	53	177	61	175	68	172	74	168	79	163	83	157	86	150	88	142	89	133	89	124	89	115	88	107	86	99	85	92	84	86	84	81	85	77	86	74	88	72	91	71	94	71	97	72	99	72	100	71	100	69	99	66	98	62	98	57	98	52	99	48	101	44	104	40	108	37	113	35	117	34	120	33	122	31	123	30	123	29	122	27	120	25	117	23	113	22	108	22	102	23	95	25	87	28	79	32	71	36	64	41	58	47	52	52	47	58	43	65	40	73	38	80	37	86	37	91	38	95	39	98	40	100	40	101	40	101	
5:
91	22.451	71	94	72	95	74	97	77	98	81	98	85	97	88	95	90	92	91	88	92	84	92	79	93	75	95	72	98	69	102	67	107	65	113	64	119	62	125	61	130	59	134	56	137	52	139	47	140	43	140	40	139	38	137	37	134	36	130	35	125	33	119	30	112	26	104	22	95	17	85	13	74	10	64	8	54	7	45	7	37	8	30	9	24	11	19	14	15	18	12	23	10	29	9	36	9	44	10	53	12	61	15	68	19	74	24	79	30	83	37	86	45	89	54	93	64	98	75	104	85	111	94	119	102	128	109	138	115	147	120	155	124	162	127	168	129	173	130	177	130	180	129	182	127	183	124	183	120	182	115	180	111	177	106	173	100	168	95	162	91	155	88	147	86	139	83	130	79	122	75	115	72	109	70	104	69	100	69	97	70	95	71	94	71	94	
6:
97	0.497	177	131	176	132	174	133	171	134	167	136	162	139	156	143	149	148	143	152	138	156	134	160	131	165	129	169	127	172	126	174	124	175	122	175	121	174	121	172	121	169	122	165	123	160	123	154	122	148	120	143	117	139	113	136	108	134	102	133	95	133	87	134	78	136	70	139	63	143	57	148	52	153	48	157	45	160	43	162	42	163	42	163	43	162	45	160	48	157	52	153	57	148	62	142	66	135	69	127	71	118	72	108	72	99	71	91	70	84	68	78	65	72	63	67	60	63	56	60	52	58	47	57	41	57	35	58	30	59	26	59	23	58	21	56	20	53	20	49	21	44	23	39	26	34	30	30	35	27	40	25	46	24	53	24	61	25	69	27	78	30	88	34	97	39	107	45	116	52	124	60	132	69	140	77	147	86	153	95	158	103	162	110	165	116	168	121	171	125	174	128	176	130	177	131	177	131	
7:
99	3.835	169	131	168	130	167	128	166	127	166	125	167	124	169	124	170	125	170	127	169	130	167	134	164	139	161	144	157	149	152	153	146	156	141	158	136	159	132	159	128	158	124	156	121	153	118	149	116	144	114	139	113	133	111	126	108	118	104	109	99	101	93	94	86	88	78	82	70	77	62	73	55	70	49	66	44	61	40	57	37	52	35	48	34	45	34	43	35	42	37	42	38	43	38	45	37	48	35	52	33	57	31	63	28	69	26	76	25	84	24	92	24	101	23	109	23	116	24	122	26	127	28	131	31	134	35	136	38	137	41	137	45	136	50	134	56	131	63	127	70	122	78	116	86	110	94	103	102	95	111	88	121	81	132	75	142	70	151	66	159	63	166	61	172	60	177	60	181	61	184	63	187	66	189	70	190	75	190	81	189	88	189	96	188	103	186	110	183	116	179	121	175	125	172	128	170	130	169	131	169	131	
8:
85	48.085	161	77	162	76	164	74	167	71	170	67	174	62	177	56	179	50	180	44	180	39	179	35	177	32	174	30	170	29	165	29	159	30	152	32	144	33	135	33	125	33	114	32	102	30	91	28	80	26	70	25	60	25	51	25	43	26	36	28	30	30	25	33	21	37	18	42	16	48	15	55	15	63	16	72	18	81	21	91	25	100	30	108	36	115	43	121	51	126	59	130	68	133	77	135	85	136	94	136	102	135	109	135	115	136	120	137	124	139	128	142	131	146	133	151	134	157	134	163	134	168	133	172	133	175	133	177	134	178	136	178	139	177	143	175	148	172	154	168	160	163	166	157	171	150	175	143	178	137	180	130	181	122	181	113	180	105	178	98	175	92	171	87	167	83	164	80	162	78	161	77	161	77	
9:
77	2.249	103	94	104	95	106	97	109	100	113	104	118	109	123	115	128	122	132	130	135	138	137	146	138	153	138	159	137	164	136	168	134	171	131	173	127	174	122	174	118	173	113	171	107	168	100	164	94	159	89	153	84	146	78	138	71	129	65	120	58	112	50	104	43	97	36	91	30	85	25	80	21	76	18	73	16	71	15	69	15	67	16	66	18	64	21	61	25	57	30	52	36	46	43	39	49	31	54	24	58	18	61	13	63	9	64	5	64	2	63	0	61	-2	58	-3	55	-3	52	-2	50	0	49	3	49	7	50	12	52	18	54	25	57	33	61	42	66	51	71	59	76	66	82	73	88	79	93	84	97	88	100	91	102	93	103	94	103	94	
10:
108	1.936	92	78	93	77	95	75	96	72	96	68	95	63	93	57	91	51	88	46	84	42	79	39	73	37	66	36	58	36	49	37	41	37	34	38	26	40	19	43	13	47	8	52	4	58	1	65	-1	71	-3	76	-4	80	-4	83	-3	85	-1	86	2	86	6	85	10	83	14	80	18	76	21	71	23	65	24	58	26	50	27	43	27	37	26	32	24	28	21	25	17	23	12	22	6	22	0	23	-7	25	-13	28	-18	32	-24	37	-29	43	-33	50	-36	58	-38	67	-39	76	-39	86	-38	97	-36	109	-33	120	-29	130	-24	139	-18	147	-11	154	-3	160	6	165	16	169	26	172	37	174	47	175	58	175	70	174	83	172	96	169	109	165	121	160	132	154	142	147	151	139	159	130	166	120	172	111	177	101	181	90	184	80	186	71	187	63	187	56	186	50	184	45	181	41	177	38	172	36	166	35	159	35	151	36	142	37	133	39	125	42	118	46	112	51	107	57	102	63	98	68	95	72	93	75	92	77	92	78	92	78	
11:
84	0.241	127	109	128	109	130	109	133	108	137	106	140	103	142	100	143	97	143	93	142	88	141	82	141	76	141	71	142	67	144	64	146	62	149	61	153	61	158	62	162	63	165	65	167	66	170	66	174	65	178	63	182	60	185	56	187	51	188	47	188	44	187	42	185	41	182	41	178	42	173	44	167	47	161	51	156	56	152	62	149	69	147	77	144	84	140	91	135	97	129	102	122	106	114	109	105	111	95	112	84	112	73	111	63	109	54	106	46	103	39	99	33	94	27	88	22	81	18	73	15	65	13	58	12	52	12	47	13	43	15	40	18	38	22	37	27	37	33	38	40	40	48	43	57	47	67	52	77	58	86	65	94	73	101	81	107	88	112	94	117	99	121	103	124	106	126	108	127	109	127	109	
12:
83	4.392	123	127	122	126	120	125	117	125	113	124	108	124	102	123	97	122	93	122	90	121	88	121	87	120	87	118	88	116	90	113	93	109	97	104	102	98	108	91	115	85	122	80	130	74	138	67	145	59	151	51	156	42	160	32	163	23	165	15	166	8	166	2	165	-3	163	-7	160	-10	156	-12	151	-13	145	-13	138	-12	130	-11	121	-9	111	-6	100	-2	88	3	76	8	64	14	53	19	43	24	34	30	26	36	19	43	13	51	8	60	4	70	1	81	-1	92	-2	104	-2	115	-1	125	1	134	2	143	2	151	3	158	5	164	8	169	12	173	17	176	23	178	30	179	38	179	47	178	55	176	62	173	70	169	78	164	87	158	95	151	102	145	108	140	113	136	117	133	120	130	122	128	123	127	123	127	
13:
91	10.946	85	136	84	137	82	139	79	140	75	140	70	139	65	137	60	136	56	134	53	131	51	127	50	122	50	116	51	109	52	102	52	95	51	89	49	83	46	77	42	71	37	66	32	61	26	57	21	54	15	52	10	51	6	51	3	52	1	54	0	57	0	59	1	61	3	62	6	62	10	63	15	65	21	68	28	71	36	75	45	79	55	84	66	89	78	95	90	100	102	104	113	107	123	110	132	113	140	116	147	118	154	119	160	119	165	118	169	116	172	113	174	109	175	104	175	98	174	92	173	85	171	77	168	68	165	60	163	53	162	47	162	42	163	38	164	35	164	33	163	32	161	32	159	33	156	35	152	38	147	42	141	47	135	53	130	60	125	68	119	76	114	85	110	93	106	101	103	108	100	115	96	121	93	126	90	130	88	133	86	135	85	136	85	136	
14:
93	172.455	164	148	165	148	167	148	170	147	173	145	176	142	178	138	179	133	179	127	178	120	176	112	173	103	169	93	164	82	158	71	151	60	144	50	138	41	133	33	128	26	124	20	121	15	119	11	118	7	117	4	117	2	118	1	119	1	119	2	118	4	117	7	115	11	112	15	108	18	103	20	97	21	90	21	83	21	77	22	72	24	68	27	65	31	62	36	59	42	56	49	54	56	53	62	53	67	54	71	54	74	53	76	51	77	48	77	46	76	43	74	39	71	34	68	29	66	23	65	16	65	10	66	5	68	1	71	-2	75	-4	80	-5	86	-5	93	-5	100	-4	108	-2	117	1	127	5	137	10	146	16	154	23	161	31	167	40	172	50	176	61	179	73	181	86	182	98	182	109	181	119	179	128	176	136	172	143	167	149	162	154	158	158	154	161	151	163	149	164	148	164	148	
15:
104	0.604	6	56	7	56	9	55	12	55	16	56	21	58	25	61	29	64	32	67	34	71	35	75	35	79	34	83	32	88	31	93	30	98	30	102	31	105	33	108	36	110	40	111	45	111	51	110	58	108	64	105	69	101	74	96	78	90	81	84	83	79	85	75	88	72	92	70	95	69	97	69	98	70	100	72	101	75	103	79	106	84	108	90	111	97	115	103	120	108	125	113	131	117	136	120	141	122	146	123	151	123	155	122	159	120	162	117	164	113	165	108	165	102	164	96	162	91	159	87	157	84	155	82	154	81	152	81	149	82	146	84	144	87	143	91	142	96	142	102	143	109	145	117	146	126	146	134	145	142	143	149	141	156	138	162	134	167	129	171	123	174	116	176	108	177	100	177	93	176	85	174	76	171	66	167	55	162	45	156	36	149	28	141	21	132	15	122	10	111	6	101	3	92	1	84	0	77	0	71	0	66	1	62	3	59	5	57	6	56	6	56	
16:
97	2.389	99	62	99	61	99	59	98	56	96	52	95	47	94	43	93	40	91	38	89	37	86	37	84	38	82	40	79	43	75	47	70	52	64	56	58	59	51	61	43	62	36	62	30	61	25	59	21	56	18	52	16	47	15	41	15	34	16	27	18	20	21	14	24	9	28	5	33	2	39	0	46	-1	54	-1	63	0	73	2	83	5	92	9	100	14	107	20	113	27	118	35	122	44	125	54	127	65	128	75	128	84	127	92	125	99	123	105	122	111	122	116	122	120	123	123	125	125	128	126	132	126	137	125	143	123	148	121	152	120	155	120	157	121	158	123	158	126	157	130	155	135	152	140	148	144	143	147	137	149	130	150	123	151	116	151	108	152	100	152	93	151	87	149	82	146	78	142	75	137	73	131	72	124	72	116	73	107	75	98	78	90	82	83	87	77	91	72	94	68	96	65	98	63	99	62	99	62	
17:
94	10.014	24	52	23	53	22	55	22	58	23	62	25	67	28	73	32	79	37	84	43	89	49	94	55	98	62	101	69	103	75	105	80	106	84	106	87	105	89	103	90	102	90	101	89	101	87	102	84	102	80	102	75	103	69	105	63	107	58	110	54	114	51	119	49	125	48	132	48	140	49	148	50	155	50	161	49	168	48	176	48	183	49	190	51	196	54	201	58	205	63	208	69	210	76	211	84	211	93	210	102	208	112	205	123	201	133	196	142	190	150	183	157	175	163	166	168	156	172	145	175	133	177	120	178	106	178	92	177	79	175	67	172	55	168	44	163	34	157	25	150	17	142	10	133	4	123	-1	112	-5	100	-8	89	-10	78	-11	68	-12	59	-12	51	-11	44	-9	37	-6	31	-2	26	3	22	9	19	16	17	24	16	31	16	37	17	42	19	46	21	49	23	51	24	52	24	52	
18:
90	61.184	28	84	29	85	29	87	29	90	28	94	26	99	25	105	25	112	26	119	28	127	30	136	32	144	34	151	37	157	41	162	46	166	52	169	59	171	66	172	73	172	81	173	90	174	100	174	109	174	118	173	126	173	133	173	139	172	144	170	148	167	151	163	153	158	154	152	154	146	153	141	151	135	148	129	144	122	139	114	135	106	131	99	128	93	126	88	125	84	125	80	126	77	128	75	130	74	133	74	137	74	140	74	142	75	143	76	143	78	142	79	140	79	137	78	133	76	128	73	122	69	115	64	109	58	104	52	99	45	95	37	92	30	90	24	89	19	88	15	87	12	85	10	82	9	78	9	73	10	69	12	64	15	60	19	57	24	55	30	53	36	52	42	50	49	47	56	44	63	41	69	38	74	34	78	31	81	29	83	28	84	28	84	
19:
95	78.58	140	169	141	168	143	167	146	167	149	167	151	168	152	170	152	173	151	177	149	182	146	186	142	189	137	191	131	192	124	192	118	191	113	189	109	186	106	182	103	177	101	171	100	164	100	156	101	147	103	138	106	129	110	120	115	111	121	103	127	96	132	89	136	81	139	74	141	68	142	61	142	55	141	49	139	43	136	36	132	29	127	22	121	16	114	11	106	7	98	4	91	2	85	1	80	1	75	2	71	4	68	7	66	11	65	16	65	22	66	29	66	37	65	46	64	56	62	67	59	77	56	86	52	94	47	101	41	107	34	112	28	116	23	119	18	121	14	122	11	123	9	123	8	122	8	120	9	117	11	115	14	114	18	114	23	115	29	117	36	120	44	123	53	126	63	129	74	133	85	138	95	142	104	145	112	149	119	152	125	156	130	160	134	163	137	166	139	168	140	169	140	169	
20:
87	5.787	2	123	2	122	1	120	0	117	-1	113	-3	108	-5	103	-6	99	-6	95	-5	92	-3	89	0	87	4	86	9	86	15	87	22	89	30	92	38	95	47	97	57	98	67	98	76	99	85	99	93	100	100	102	106	103	111	105	115	107	118	110	120	114	121	119	121	125	120	132	118	140	115	147	112	153	108	158	103	162	98	165	92	167	85	168	79	168	73	167	67	165	62	163	58	160	55	156	53	151	52	145	52	138	53	130	55	121	58	111	62	100	67	88	71	77	74	67	77	58	79	50	80	43	80	37	79	32	77	28	74	25	71	23	67	22	62	22	58	23	55	24	53	26	52	29	52	33	52	38	51	44	50	51	48	59	45	68	41	78	36	87	30	95	23	102	17	108	12	113	8	117	5	120	3	122	2	123	2	123	
21:
88	0.652	136	37	135	38	133	40	130	43	126	47	121	52	117	58	114	65	112	73	110	82	109	92	109	102	110	111	112	119	115	126	119	133	123	139	126	144	128	148	129	151	129	153	128	154	126	154	123	153	120	151	116	148	111	144	105	139	98	133	91	126	83	118	76	111	70	105	64	99	59	94	54	90	50	87	47	85	45	84	44	84	44	84	45	85	47	85	50	84	54	82	57	80	59	79	60	77	60	74	59	70	57	66	54	63	50	61	45	60	39	59	32	59	25	59	19	59	13	60	8	61	4	62	1	62	-1	61	-2	61	-2	61	-1	60	1	58	4	56	8	55	13	54	19	54	26	55	34	56	43	57	52	57	62	56	72	54	82	53	91	51	100	49	108	46	115	44	121	42	126	41	130	40	133	38	135	37	136	37	136	37	
22:
83	0.479	70	58	71	59	73	61	75	64	77	68	80	73	82	78	84	84	87	91	89	99	91	107	93	116	94	125	94	133	95	140	95	146	94	151	92	155	89	158	85	160	80	161	74	161	67	160	60	158	54	155	49	151	45	146	42	140	40	133	39	125	39	116	40	106	42	96	45	86	49	76	53	67	58	59	64	52	71	46	78	41	85	37	91	34	98	32	105	31	111	31	116	32	120	34	123	37	125	41	126	46	126	52	125	57	123	61	120	64	116	66	111	67	105	67	98	66	91	64	83	61	74	57	65	52	57	46	50	39	44	33	39	28	35	24	32	21	30	19	29	18	29	18	30	19	32	21	35	24	39	28	44	33	50	39	55	44	60	48	64	52	67	55	69	57	70	58	70	58	
23:
89	7.04	133	22	134	22	136	23	139	25	143	27	148	30	152	34	157	39	163	45	168	52	172	60	175	68	178	75	180	83	181	90	181	96	180	101	178	105	175	108	171	110	166	111	160	111	153	110	145	108	136	105	126	103	115	102	104	101	94	101	85	101	77	102	69	104	62	107	56	111	51	116	47	122	44	128	40	133	35	137	30	140	25	142	21	143	18	143	16	142	15	140	15	137	16	133	18	129	21	125	25	122	30	119	36	115	42	110	47	104	51	97	54	89	56	82	57	74	57	65	56	56	54	48	51	41	47	35	42	30	38	26	35	23	33	21	32	20	32	20	33	20	35	21	38	21	42	20	47	18	53	15	60	13	67	10	73	8	80	7	88	7	97	8	105	10	112	13	118	17	123	20	127	22	130	23	132	23	133	22	133	22	
24:
80	1.332	26	119	25	118	23	116	20	113	17	109	14	104	12	98	11	91	10	84	10	78	11	73	13	69	16	65	20	61	23	57	25	53	26	50	26	46	25	41	23	36	20	30	17	23	15	17	12	12	10	8	9	5	9	3	10	2	12	1	15	1	19	1	24	2	30	4	37	7	45	9	54	12	64	16	74	21	85	27	96	32	106	37	115	42	123	46	130	50	136	53	141	55	145	57	148	58	152	58	155	57	157	57	158	58	158	60	157	63	155	67	152	72	148	78	144	85	139	93	133	102	126	110	120	117	113	124	107	130	102	135	96	139	89	142	82	144	74	145	65	145	57	144	50	142	44	139	39	135	35	130	32	126	29	123	27	121	26	120	26	119	26	119	
25:
100	10.002	72	74	71	75	70	77	68	80	65	84	61	88	56	93	52	99	48	106	44	114	40	123	35	131	29	138	24	145	19	151	15	156	12	161	10	167	9	172	9	177	10	181	12	184	15	187	19	189	24	190	30	190	37	189	45	189	53	188	62	186	71	183	80	179	88	175	95	172	101	168	106	164	110	161	113	158	115	154	116	149	116	143	115	137	113	131	110	126	106	121	102	115	98	108	94	100	91	91	88	82	85	74	83	67	82	61	82	56	83	52	85	49	88	47	92	46	97	46	103	47	108	49	112	52	115	56	119	61	124	67	130	74	137	82	145	91	152	101	158	112	163	122	167	131	170	139	172	146	173	152	173	157	172	161	171	164	170	166	168	167	165	167	161	166	156	164	150	161	143	157	135	153	127	148	119	142	112	135	106	127	101	118	97	110	93	102	89	95	85	89	81	84	78	80	75	77	73	75	72	74	72	74	
26:
81	12.39	108	136	107	137	105	138	104	140	102	143	100	147	98	152	97	156	97	159	97	161	98	162	100	162	103	161	105	159	106	156	106	152	105	147	103	141	100	134	96	126	91	118	85	110	80	103	74	97	67	92	60	88	54	85	49	82	45	78	42	74	40	70	39	65	39	59	40	52	42	44	45	35	49	27	54	20	60	14	66	9	73	5	81	2	88	0	94	-1	99	-1	103	0	107	2	110	5	112	9	113	14	115	20	118	27	122	35	127	44	133	54	139	65	144	77	149	88	153	99	156	109	159	118	162	126	165	134	167	141	168	147	168	152	167	156	165	159	162	161	158	162	154	162	149	161	143	160	136	158	129	155	123	151	118	146	114	142	111	139	109	137	108	136	108	136	
27:
79	10.529	125	112	126	113	127	115	127	118	126	122	124	127	121	132	117	137	112	141	106	144	99	146	91	147	83	149	74	150	64	150	54	150	44	149	35	147	27	144	20	140	14	135	9	129	5	123	2	116	0	110	-1	105	-1	101	0	96	2	90	5	83	9	76	14	68	20	61	27	55	35	50	44	46	54	42	65	39	77	37	90	36	102	34	114	31	125	28	135	26	144	25	152	25	159	26	165	28	170	31	174	35	177	40	179	46	180	53	180	60	179	68	177	77	174	86	170	94	165	102	161	110	158	117	156	123	155	128	155	132	156	135	158	137	159	139	159	140	158	140	156	139	153	137	149	134	145	131	140	127	135	122	131	118	128	115	126	113	125	112	125	112	
28:
92	13.367	134	10	133	9	131	9	128	8	124	6	119	5	113	5	106	6	98	8	91	11	85	15	80	20	76	24	73	29	71	34	70	38	70	41	71	44	73	46	76	48	80	51	85	55	91	60	96	66	100	73	103	80	105	88	106	96	107	103	107	109	108	114	110	118	113	121	117	123	121	124	126	124	130	125	133	127	135	130	136	134	138	137	141	139	144	140	147	140	150	139	153	137	156	134	158	130	159	125	160	119	160	112	159	106	157	100	154	95	150	91	145	88	139	86	132	85	124	85	115	86	105	87	94	89	84	92	75	96	67	101	60	106	54	110	49	113	45	115	42	116	40	116	39	115	39	113	40	110	42	106	45	101	49	95	54	88	60	80	67	73	74	65	81	57	89	49	98	42	106	36	113	30	119	25	124	20	128	16	131	13	133	11	134	10	134	10	
29:
88	11.757	13	166	12	166	10	165	8	163	7	160	6	156	6	151	7	147	9	143	11	138	14	132	17	125	20	119	24	114	29	109	35	105	42	102	49	100	56	99	62	98	69	98	75	98	80	97	84	95	87	92	89	90	90	87	90	85	89	83	87	81	84	79	80	76	75	73	69	69	63	64	58	58	54	51	51	44	49	37	48	30	48	23	49	17	51	12	54	8	58	5	63	3	69	2	76	2	84	3	93	5	103	8	114	12	124	17	133	23	141	30	148	38	154	47	159	57	163	68	166	80	168	92	169	105	169	117	168	128	166	138	163	147	159	155	155	163	150	170	144	176	137	181	129	185	121	188	112	190	102	192	91	193	79	194	68	194	58	193	49	191	41	188	34	184	28	179	23	175	19	172	16	169	14	167	13	166	13	166	
30:
87	54.997	24	76	25	75	27	75	30	74	34	72	39	69	45	66	51	62	56	57	60	51	63	44	65	36	66	27	66	19	65	12	63	6	61	1	58	-3	54	-6	49	-8	44	-9	39	-9	35	-8	32	-6	30	-3	29	1	29	6	30	11	32	15	35	19	39	23	44	26	50	28	57	29	65	29	74	28	82	26	89	23	97	19	106	16	115	14	123	13	130	13	136	14	141	16	145	19	148	23	150	28	151	34	151	41	150	49	148	58	145	68	143	79	141	91	140	103	140	114	141	124	141	133	140	141	138	148	135	154	133	159	130	163	126	166	121	168	116	169	110	169	104	168	99	166	95	163	92	159	88	154	84	148	79	141	73	135	68	128	63	120	58	112	52	104	45	97	39	91	34	86	30	82	27	79	25	77	24	76	24	76	
31:
74	2.977	33	52	32	51	30	49	27	46	24	42	21	37	19	32	17	27	16	23	15	19	15	14	16	10	18	6	21	3	25	1	30	0	36	0	42	1	49	3	57	6	65	9	74	11	84	14	95	18	105	23	114	29	122	34	129	40	135	47	140	55	144	64	147	74	149	84	150	95	150	105	149	115	147	125	146	134	146	142	147	149	149	155	152	160	154	166	155	173	155	179	154	184	152	188	149	191	145	193	140	194	134	194	127	193	119	191	110	188	100	184	91	179	83	173	74	166	65	158	57	149	50	139	44	128	39	117	34	107	30	97	27	88	25	80	24	73	24	67	25	62	27	58	30	55	32	53	33	52	33	52	
32:
88	5.234	49	143	50	144	51	146	52	149	52	153	53	158	54	163	54	167	53	170	51	173	48	175	44	176	39	176	33	175	28	173	24	170	21	166	19	161	18	155	18	148	19	140	21	131	23	121	26	112	30	104	34	96	37	89	41	83	46	78	52	74	59	71	67	69	76	68	86	68	95	69	104	70	112	71	120	72	128	74	135	76	141	78	146	79	150	79	153	78	155	76	156	73	156	69	155	64	153	58	150	51	146	43	141	35	135	28	128	22	120	17	111	13	102	10	92	8	81	6	69	5	57	5	46	4	36	2	27	1	19	1	12	2	6	4	1	7	-3	11	-6	16	-8	22	-9	29	-9	37	-8	46	-6	56	-3	67	1	78	6	88	12	98	19	107	26	115	32	122	37	128	41	133	44	137	46	140	48	142	49	143	49	143	
33:
106	4.921	41	17	40	16	38	16	35	15	31	13	26	12	20	10	14	8	9	7	5	7	2	8	0	10	-1	13	-1	17	0	22	2	28	5	35	9	42	14	48	20	53	25	57	31	61	38	66	46	70	53	74	59	77	65	79	72	80	79	80	85	79	91	77	96	74	102	72	107	71	112	71	116	72	119	74	121	77	123	81	125	86	126	92	126	98	125	105	123	111	120	116	116	120	111	123	105	125	98	126	90	126	81	125	71	123	60	121	50	119	41	117	33	116	26	116	20	117	15	119	11	122	7	126	4	131	2	137	1	142	1	146	2	150	4	153	7	155	11	156	16	156	22	155	29	153	37	150	45	146	54	141	64	135	75	128	85	120	94	111	102	101	109	90	115	78	120	65	124	53	127	42	129	32	130	23	130	15	129	8	127	2	124	-3	120	-7	115	-10	109	-12	102	-13	94	-13	85	-12	77	-10	69	-7	62	-3	56	2	51	7	47	11	44	14	42	16	41	17	41	17	
34:
96	32.259	28	138	29	138	31	138	34	139	38	141	42	143	45	144	47	144	48	145	48	145	47	144	45	142	42	140	38	137	33	133	27	128	22	123	16	119	11	116	7	114	4	113	2	112	1	112	1	113	2	113	4	112	7	110	11	107	16	103	22	98	29	92	37	85	45	77	52	70	58	63	63	56	67	50	70	45	72	39	73	34	74	30	75	27	77	25	80	24	84	24	89	25	95	27	102	30	109	34	116	39	122	45	127	52	131	60	134	69	136	79	137	90	137	100	136	110	134	119	133	127	133	134	134	140	136	145	139	149	143	153	148	156	154	158	159	159	163	160	166	160	168	159	169	158	169	158	168	159	166	161	163	164	159	167	154	171	148	175	141	178	133	180	124	181	114	181	104	180	94	178	83	176	73	173	64	169	56	164	49	158	43	153	38	148	34	144	31	141	29	139	28	138	28	138	
35:
94	26.011	95	100	96	99	97	97	98	95	98	92	97	88	95	83	93	78	91	72	90	65	90	58	91	52	93	47	96	43	100	40	105	38	110	37	116	37	123	37	130	36	136	34	141	31	145	27	148	22	150	16	151	9	151	3	150	-2	148	-6	145	-9	141	-11	136	-12	130	-12	123	-11	115	-9	107	-6	98	-2	88	3	79	9	71	16	64	22	58	29	53	37	49	45	46	53	44	61	43	68	43	74	44	79	46	83	49	86	53	89	58	92	64	96	71	101	78	106	85	112	92	118	99	125	105	133	110	142	114	150	117	157	121	163	125	168	129	172	134	175	140	177	147	178	154	178	160	177	165	175	169	172	172	168	174	163	175	157	175	150	174	142	172	135	169	129	165	123	160	118	154	114	147	111	139	109	131	108	123	108	116	107	110	107	105	106	101	104	98	102	96	101	95	100	95	100	
36:
91	73.836	87	2	88	3	90	5	93	7	97	9	102	11	107	14	111	18	114	23	116	27	117	31	117	36	116	40	114	43	111	45	107	46	102	46	96	47	89	49	81	51	72	52	64	52	56	51	48	50	40	50	33	51	27	53	22	56	18	60	15	65	13	71	12	77	12	84	13	92	15	101	18	109	22	116	27	122	33	127	40	131	48	134	57	136	67	138	77	139	88	139	99	140	109	140	118	141	126	143	134	146	141	150	147	153	152	157	156	160	159	162	161	163	162	163	162	162	161	160	160	157	160	153	159	148	159	142	160	137	162	131	165	125	169	120	173	116	176	112	178	107	179	101	179	94	178	88	176	83	174	79	171	76	167	73	162	69	156	64	149	59	141	53	132	46	123	38	115	30	108	23	102	17	97	12	93	8	90	5	88	3	87	2	87	2	
37:
90	0.678	24	111	25	110	27	108	29	105	31	101	33	96	34	90	34	83	33	75	31	68	28	62	24	57	21	53	19	50	18	47	18	43	19	38	21	32	24	25	27	19	30	13	34	8	37	4	40	1	44	-1	49	-2	53	-2	58	-1	62	1	65	4	67	8	68	13	68	19	67	26	65	34	62	43	60	52	59	60	59	67	60	73	62	78	65	82	69	85	74	87	80	88	87	88	95	87	104	85	114	82	125	79	135	77	144	76	152	76	159	77	165	79	170	82	174	86	179	90	183	95	186	101	188	108	189	116	189	125	188	135	186	144	183	152	179	159	175	165	171	170	166	174	160	177	153	179	145	180	136	180	126	179	115	177	103	174	92	170	82	165	73	159	65	152	58	145	51	139	45	132	39	126	34	121	30	117	27	114	25	112	24	111	24	111	
38:
92	6.029	150	73	149	72	147	70	144	67	140	63	136	59	133	56	131	54	130	52	130	51	131	51	133	52	134	54	135	57	136	61	136	66	135	72	133	79	130	87	126	94	121	100	115	105	108	109	100	112	91	114	81	115	71	115	61	114	51	112	42	111	34	111	27	112	21	114	16	117	12	121	9	125	7	129	6	134	6	140	7	147	9	153	12	158	16	163	21	167	27	170	33	172	39	174	44	175	48	175	51	174	53	172	54	169	54	166	53	162	51	157	48	151	44	144	40	136	35	127	29	117	22	106	16	96	11	85	7	74	4	64	2	55	1	46	1	38	2	31	4	25	7	20	11	16	16	13	22	11	29	10	37	10	46	11	56	13	67	16	79	20	90	25	100	31	109	38	117	45	124	52	130	58	135	63	140	67	144	70	147	72	149	73	150	73	150	73	
39:
106	7.983	100	104	99	105	99	107	100	110	102	114	103	119	103	123	102	126	101	129	99	131	96	132	92	132	87	131	83	129	80	126	78	122	76	117	75	111	74	104	74	96	75	87	75	79	76	72	77	66	78	61	80	57	83	54	87	52	92	51	98	51	104	52	109	52	113	51	116	49	118	47	119	44	119	40	118	35	116	30	113	26	109	23	105	21	102	20	99	20	96	21	94	23	93	26	93	30	94	35	96	41	99	48	103	56	108	63	114	70	121	76	128	81	136	85	144	88	151	90	157	91	162	91	166	90	169	88	171	85	172	81	172	77	171	73	169	69	166	66	162	64	157	63	151	63	144	64	136	66	127	69	118	73	108	78	97	83	86	88	76	92	67	95	59	97	52	98	46	98	41	97	37	95	34	92	32	90	31	87	31	83	32	80	34	78	37	77	41	77	46	78	52	80	59	83	67	87	74	92	80	96	85	99	90	102	94	104	97	105	99	105	100	104	100	104	
40:
106	4.332	93	72	93	71	94	69	95	66	97	62	100	58	104	55	109	53	114	52	120	52	127	53	133	55	138	58	142	61	145	65	147	68	149	70	151	71	154	71	158	70	162	68	165	65	167	61	169	56	170	50	170	43	169	35	168	27	166	19	163	12	159	6	154	1	148	-3	141	-6	133	-8	124	-9	114	-9	103	-8	93	-6	84	-3	76	1	69	6	63	12	58	19	54	27	51	36	49	46	48	56	48	65	49	73	51	80	54	87	58	93	62	98	66	103	70	108	73	113	75	117	76	121	76	125	75	129	73	133	70	138	66	144	63	151	60	157	58	162	57	166	57	169	58	171	60	172	63	173	67	173	72	173	78	173	85	174	93	175	101	175	110	174	120	172	129	169	137	165	144	160	150	155	155	151	159	148	162	145	164	141	165	136	165	130	164	123	162	115	159	108	155	102	150	96	144	91	137	87	129	84	121	82	114	81	108	79	103	78	99	76	96	74	94	73	93	72	93	72	
41:
101	14.383	130	37	130	36	129	34	128	31	126	27	123	24	121	22	118	21	114	21	109	22	105	24	102	27	100	31	99	36	99	42	100	49	100	56	101	62	103	67	106	71	109	74	113	76	118	77	124	77	131	76	137	74	142	71	146	67	149	62	152	56	154	50	155	45	155	40	154	34	152	29	149	25	147	22	146	20	146	19	147	19	149	20	152	22	156	25	159	29	163	34	167	40	172	47	176	55	179	64	181	73	182	83	182	94	181	106	179	118	176	129	172	139	167	148	161	156	154	163	146	169	137	174	127	178	116	181	104	183	92	185	81	186	70	186	60	185	51	184	43	182	36	179	29	175	23	170	18	164	14	158	11	151	9	143	8	135	8	127	9	120	11	113	13	105	16	98	20	92	25	87	31	83	38	80	46	78	55	76	65	73	75	70	85	67	94	63	102	59	109	55	115	50	120	46	124	43	127	40	129	38	130	37	130	37	
42:
94	1.76	177	30	176	29	174	29	171	30	168	32	164	35	159	39	154	43	148	48	143	53	139	59	136	64	134	69	133	74	133	78	134	81	136	83	139	84	141	84	142	83	142	81	141	78	139	74	136	69	132	63	127	58	121	54	114	51	106	48	98	46	91	45	85	45	80	45	76	46	72	48	69	51	67	55	66	58	65	60	65	61	65	61	64	60	62	59	59	57	56	54	52	50	47	45	41	40	34	36	27	33	21	31	16	30	12	30	9	31	7	33	6	36	6	40	7	45	7	51	6	57	5	64	5	71	5	79	6	88	8	97	11	105	15	112	20	118	26	123	33	127	39	130	46	132	52	133	59	133	67	132	76	130	86	127	96	123	105	118	115	112	124	105	132	97	140	88	148	78	155	69	161	61	166	54	170	48	173	43	175	39	176	36	176	33	176	31	177	30	177	30	
43:
85	8.987	69	28	70	27	72	25	75	22	79	18	84	15	90	12	96	10	103	9	111	9	118	10	124	11	130	13	135	16	139	19	142	21	144	22	146	22	147	21	149	19	152	16	154	12	156	7	159	3	163	0	168	-2	173	-3	177	-3	182	-2	186	0	189	3	191	7	192	12	192	18	191	24	189	31	186	39	182	46	177	52	171	57	164	61	156	64	147	66	138	69	130	73	122	78	113	84	105	91	98	99	92	108	87	117	83	125	80	134	78	142	77	149	77	155	78	160	80	164	83	167	87	169	92	170	98	170	104	169	110	167	115	164	119	160	122	155	124	149	125	142	125	134	125	125	124	115	122	105	119	94	115	83	110	73	104	64	97	56	90	49	84	43	79	38	75	34	72	31	70	29	69	28	69	28	
44:
90	2.899	101	119	101	118	101	116	101	113	100	109	99	106	99	104	98	103	96	103	95	104	95	106	94	108	94	111	95	115	95	120	94	126	92	133	89	140	85	146	81	151	77	155	73	158	69	160	66	161	64	161	63	160	63	158	63	155	64	151	66	146	69	140	73	133	78	125	83	116	88	106	93	95	97	84	100	74	104	65	109	57	114	50	120	44	125	39	129	35	132	31	134	28	135	24	135	19	134	15	132	12	129	9	125	7	120	5	114	4	108	4	101	5	93	7	84	10	74	14	64	17	54	19	45	20	37	20	30	19	24	17	19	14	15	12	12	11	10	10	9	10	9	11	10	13	12	16	15	20	19	25	24	31	30	38	36	46	43	55	51	64	58	74	65	83	73	91	80	98	86	104	91	109	95	113	98	116	100	118	101	119	101	119	
45:
95	7.953	22	111	23	112	25	113	28	113	32	113	37	114	42	114	48	114	54	113	61	111	67	108	72	104	76	100	81	96	85	93	88	91	90	90	91	90	93	91	94	93	94	96	94	100	94	105	93	111	91	118	88	126	84	134	81	143	79	151	78	158	76	164	74	169	71	173	67	176	62	178	57	179	53	179	48	178	42	176	35	173	28	170	21	166	15	161	10	156	6	150	2	143	-1	135	-3	127	-4	118	-4	108	-3	99	-1	89	2	80	6	70	11	61	17	53	24	46	32	39	41	33	51	28	61	24	72	19	83	15	93	11	102	8	110	6	117	4	123	3	128	3	132	4	135	6	137	9	138	13	138	18	137	24	135	29	132	33	128	36	123	39	117	42	110	46	102	51	93	57	83	64	74	71	65	77	57	82	50	88	43	94	37	99	32	103	28	106	25	108	23	110	22	111	22	111	
46:
92	3.171	89	86	88	85	86	83	84	80	83	76	82	71	82	66	83	60	84	54	86	49	89	44	93	40	98	37	104	35	111	34	119	34	127	34	134	35	140	35	145	34	149	32	152	29	154	25	155	20	155	15	154	10	152	4	149	-3	145	-9	140	-14	134	-18	127	-21	119	-24	111	-26	102	-27	92	-27	83	-26	74	-24	66	-21	59	-17	53	-13	48	-8	44	-2	41	5	39	13	38	21	38	30	39	40	41	50	44	59	48	67	53	74	58	82	62	90	66	99	69	107	71	114	72	121	72	127	71	132	69	136	66	139	62	143	57	148	51	152	45	155	38	158	31	162	25	165	20	167	16	168	13	168	11	167	10	165	10	162	11	159	13	155	16	150	20	144	25	137	31	130	38	124	45	119	53	115	61	111	68	106	74	101	79	96	83	92	86	89	88	87	89	86	89	86	
47:
88	4.297	106	2	105	3	103	5	100	6	97	8	95	9	93	9	92	8	91	6	90	4	88	3	85	3	81	3	76	4	70	5	63	7	55	10	48	14	41	19	35	25	30	31	26	38	23	46	21	55	20	63	20	70	21	76	23	81	26	85	30	88	35	90	41	91	48	91	55	90	62	89	70	87	79	84	87	80	94	75	100	71	105	68	109	66	112	65	114	65	115	66	115	68	114	71	112	75	110	80	109	86	109	93	109	99	110	105	112	112	115	120	119	128	124	135	129	141	135	146	142	150	150	153	157	155	163	156	168	156	172	155	175	153	177	150	178	146	178	141	177	135	175	128	172	120	168	111	163	101	157	90	152	78	147	67	143	57	138	47	132	38	127	30	121	23	116	17	112	12	109	8	107	5	106	3	106	2	106	2	
48:
86	2.434	131	41	130	40	128	40	125	41	121	43	116	46	110	50	103	54	95	58	86	61	76	64	67	67	58	69	50	70	43	70	37	69	32	67	28	64	25	62	23	61	22	61	22	62	23	64	25	66	28	69	32	71	37	74	43	78	49	83	56	89	64	96	71	102	79	109	86	116	92	122	97	127	101	131	105	134	110	136	115	137	119	137	122	136	124	134	125	131	125	128	125	125	126	122	128	120	130	119	133	119	137	120	142	121	148	121	153	120	157	118	160	115	162	111	165	106	167	101	168	95	168	88	167	80	165	71	162	61	158	51	153	42	147	34	140	27	133	21	127	16	122	12	118	9	114	7	111	6	109	6	108	7	108	9	109	12	111	16	114	21	117	26	121	31	125	35	128	38	130	40	131	41	131	41	
49:
88	5.807	60	71	59	72	57	74	54	77	52	80	49	84	45	89	42	95	40	102	39	110	37	118	35	126	32	133	28	140	23	146	19	151	15	155	12	160	10	165	9	170	9	176	10	181	12	186	15	190	19	193	24	196	30	198	36	199	43	201	51	204	60	206	70	207	80	207	91	206	101	204	110	201	118	197	125	194	131	191	136	187	140	182	143	176	145	169	146	161	146	152	145	144	143	137	140	131	136	124	133	117	131	111	130	105	130	100	131	96	133	93	136	91	140	90	145	89	150	87	154	84	159	81	164	77	168	72	171	66	173	59	174	52	174	46	173	41	171	36	168	32	164	29	159	27	153	25	146	24	138	24	129	25	119	27	110	30	102	34	94	39	87	44	81	50	75	56	70	61	66	65	63	68	61	70	60	71	60	71	
50:
90	0.541	94	155	95	156	97	157	100	157	103	158	107	160	112	162	118	163	125	164	133	164	141	163	149	161	156	158	162	154	167	149	171	143	174	136	176	128	177	119	177	109	178	98	178	87	179	76	180	66	180	57	179	48	177	40	174	33	170	27	167	22	165	18	162	15	159	13	155	12	150	12	144	13	138	15	131	18	125	22	120	27	116	33	113	40	110	48	106	57	103	67	100	76	98	84	95	91	91	97	86	102	80	106	73	109	67	111	61	112	54	112	46	111	39	109	33	106	28	102	23	97	19	91	16	84	13	77	10	71	8	66	7	62	7	59	8	57	10	56	12	55	15	55	17	56	18	58	19	61	21	65	24	70	28	76	32	83	37	91	43	100	50	110	58	119	66	127	73	134	79	140	84	145	88	149	91	152	93	154	94	155	94	155	
51:
113	4.438	84	38	83	39	81	41	78	44	74	48	71	53	67	58	62	63	57	67	52	70	48	72	44	74	41	75	38	75	36	74	35	72	35	71	36	71	38	72	41	74	45	77	50	81	54	86	58	92	61	99	63	106	64	112	64	117	63	121	61	124	58	126	54	127	49	127	43	126	36	125	30	125	23	126	17	128	12	131	8	135	5	140	3	145	2	151	2	158	3	164	5	169	8	173	12	177	17	180	23	183	30	185	38	186	47	186	57	185	67	184	78	182	90	179	102	175	113	170	123	164	132	157	140	149	147	142	153	136	158	131	162	127	165	122	167	116	168	109	168	101	167	92	166	82	164	71	161	59	157	47	152	36	146	26	139	17	131	9	122	2	112	-4	101	-9	89	-13	77	-16	66	-18	56	-19	47	-19	39	-19	32	-18	26	-16	21	-13	17	-9	14	-4	12	1	11	7	11	13	12	18	14	22	17	25	20	27	24	28	29	29	35	30	42	32	50	35	57	37	63	38	69	40	74	41	78	41	81	40	83	39	84	38	84	38	
52:
93	21.324	161	119	160	120	158	122	155	125	151	129	146	133	142	137	139	140	137	142	136	143	136	143	137	142	139	140	142	137	146	133	150	128	154	122	157	115	159	107	160	98	160	88	159	77	157	67	154	58	150	50	145	43	139	37	132	32	124	28	115	25	105	23	94	22	84	22	75	23	67	25	60	28	54	32	49	36	45	41	42	45	40	48	38	50	36	51	34	51	33	50	31	48	28	45	24	41	20	36	17	30	13	25	9	21	6	18	4	15	3	12	3	10	4	9	5	9	6	10	6	12	5	15	4	19	3	24	1	30	0	37	0	45	1	54	1	63	2	73	4	83	7	94	11	104	16	113	22	121	29	128	37	134	46	139	56	143	66	146	75	148	85	149	95	149	106	149	116	148	125	146	133	143	140	139	146	134	151	129	155	125	158	122	160	120	161	119	161	119	
53:
76	5.856	111	34	111	35	112	37	113	40	115	44	118	49	122	55	127	61	133	67	140	73	146	79	153	84	159	89	164	95	168	102	171	110	173	118	174	125	174	131	173	137	171	142	168	147	164	151	159	154	153	157	146	159	138	160	129	160	121	159	114	157	107	154	101	150	96	146	92	141	89	135	87	129	84	122	80	114	75	105	69	95	64	86	60	78	57	69	55	61	53	54	52	48	52	43	53	39	55	36	58	34	62	33	65	33	67	33	68	32	68	30	67	27	65	24	62	22	59	20	57	19	56	19	56	20	57	20	59	21	62	23	66	25	71	28	77	30	83	31	90	32	96	33	101	33	105	32	108	32	110	33	111	34	111	34	
54:
102	52.751	141	171	142	172	144	174	147	177	151	179	156	180	161	180	165	180	170	179	174	177	177	174	179	170	180	165	180	160	179	154	177	148	174	142	170	136	165	131	159	126	152	122	145	119	139	117	134	116	129	116	125	116	122	115	120	113	119	110	119	106	120	101	122	95	124	88	127	81	131	75	136	68	142	61	148	54	153	48	157	43	160	39	162	36	163	34	163	33	162	33	160	34	157	36	153	39	148	42	142	46	135	51	127	55	118	58	108	60	98	61	88	61	79	60	71	58	64	55	58	51	53	47	49	42	46	36	44	31	41	27	37	24	32	22	26	21	20	21	13	22	7	24	1	27	-4	31	-8	36	-11	42	-13	49	-14	57	-14	66	-13	76	-11	87	-8	98	-4	109	1	119	7	128	14	137	22	145	31	152	41	158	52	163	64	167	75	170	86	172	96	174	105	175	113	176	120	176	126	176	131	176	135	175	138	173	140	172	141	171	141	171	
55:
94	32.153	52	99	53	98	55	96	58	93	62	89	67	84	71	78	74	71	76	63	77	55	77	48	76	42	75	37	73	33	70	30	67	28	65	27	64	27	64	28	65	28	67	28	69	27	72	27	74	26	75	24	75	23	74	22	72	22	69	22	65	22	60	21	54	19	49	16	45	13	42	9	40	6	39	4	38	3	38	3	39	4	39	6	40	9	42	13	45	18	49	24	54	30	60	37	67	45	75	52	84	58	94	63	103	67	112	70	120	72	128	73	136	73	143	72	150	72	156	73	161	75	165	78	168	82	170	87	171	93	171	100	170	108	168	117	165	126	161	135	156	143	150	150	143	156	135	161	126	165	116	168	105	170	95	171	85	171	76	170	68	168	61	165	55	161	50	156	46	150	43	143	41	135	40	127	40	120	41	114	43	109	46	105	49	102	51	100	52	99	52	99	
56:
72	7.595	40	15	39	16	37	18	35	21	34	25	32	29	29	34	25	40	20	47	16	54	12	60	8	65	5	69	3	73	2	76	2	78	3	79	5	79	8	80	11	82	14	85	16	89	17	94	17	100	16	105	15	109	14	112	14	114	15	116	17	117	20	117	24	116	29	114	35	111	42	107	50	102	59	97	68	92	76	88	83	85	89	83	94	80	98	76	101	73	103	69	104	64	104	58	105	51	107	44	110	38	114	33	117	29	119	24	120	20	120	17	119	15	117	14	114	14	110	15	105	17	99	20	92	23	84	25	76	26	68	27	61	27	55	26	50	24	46	21	43	18	41	16	40	15	40	15	
57:
88	66.069	56	119	55	120	53	122	50	125	47	129	44	134	42	140	41	147	41	155	42	162	44	168	47	173	51	177	56	180	62	182	69	183	77	183	86	183	96	182	107	180	118	178	128	177	137	177	145	176	152	174	158	172	163	169	167	165	170	160	173	154	175	147	176	139	176	130	175	120	173	110	170	101	166	93	163	86	161	80	160	73	158	67	155	62	151	58	146	55	140	52	133	50	125	49	117	49	108	49	98	50	87	52	75	53	63	53	52	52	42	51	33	51	25	50	18	48	12	45	7	41	3	36	0	30	-2	25	-3	21	-3	18	-2	16	0	15	3	15	7	16	10	18	12	21	15	25	17	30	20	36	24	43	28	51	33	60	37	70	40	79	42	87	45	94	48	100	50	105	51	109	53	113	54	116	55	118	56	119	56	119	
58:
106	54.159	144	146	145	145	147	144	150	142	152	141	154	139	155	136	155	132	154	128	152	124	149	121	145	118	140	116	134	115	129	115	125	116	122	117	120	118	119	119	119	121	120	124	122	128	125	133	127	139	130	146	133	154	135	162	136	171	136	179	135	186	133	193	130	200	126	206	121	211	116	216	110	220	103	223	95	225	86	226	76	226	67	225	59	223	52	220	46	216	40	211	35	205	31	198	28	190	26	181	25	171	25	160	26	150	28	141	31	132	35	122	40	113	46	105	52	98	57	92	61	87	64	83	66	79	67	74	67	68	66	63	66	59	67	56	69	54	72	53	76	53	81	54	87	54	94	54	102	53	110	51	117	48	125	44	133	39	142	34	150	30	157	27	163	25	168	24	172	24	175	25	177	27	178	29	178	32	177	36	175	41	172	47	170	54	167	62	163	71	158	81	153	91	148	101	144	110	141	118	139	125	138	131	138	136	139	140	141	143	143	145	144	146	144	146	
59:
94	0.584	120	28	119	29	119	31	120	34	122	38	124	43	127	49	131	56	136	64	142	73	149	83	155	92	161	101	166	111	170	121	173	131	175	140	176	148	176	155	176	161	175	166	173	170	170	173	166	175	161	176	155	177	148	177	140	176	131	175	121	174	110	174	98	174	86	174	75	175	65	175	56	176	48	176	41	175	35	175	30	175	26	174	23	172	21	169	20	166	20	162	21	158	23	153	26	147	30	140	35	133	40	126	44	120	48	115	52	111	55	108	57	106	58	105	58	104	57	104	55	103	52	101	48	98	43	94	37	91	30	88	23	86	17	85	12	83	8	80	5	76	3	72	2	67	2	61	3	56	5	51	8	47	12	44	17	40	23	37	30	34	38	32	47	31	57	31	66	30	75	29	84	27	92	25	99	24	105	23	110	23	114	24	117	25	119	27	120	28	120	28	
60:
99	10.134	96	108	95	107	93	106	90	104	86	101	81	97	75	93	70	88	65	82	61	76	58	70	56	64	55	57	55	49	56	40	58	32	60	25	61	19	61	14	61	10	60	7	58	5	55	4	51	4	46	5	40	6	33	6	27	6	22	6	18	5	15	5	13	6	12	8	12	11	13	15	15	20	18	26	22	32	27	37	33	41	40	44	48	46	57	47	67	47	78	46	89	44	100	42	110	40	119	37	127	33	134	28	140	22	146	16	151	11	155	7	158	4	161	2	164	1	167	1	169	2	170	4	170	7	169	11	167	16	164	22	161	29	159	37	158	46	157	56	155	66	154	76	154	87	155	97	157	106	160	114	163	123	167	131	171	138	174	144	176	149	177	153	177	156	176	158	174	159	171	159	167	158	162	156	156	153	149	149	141	144	132	138	124	133	117	127	111	122	106	118	102	114	99	111	97	109	96	108	96	108	
61:
78	12.567	72	157	71	156	70	154	69	151	67	147	64	142	60	138	55	135	49	133	42	132	35	131	29	131	24	131	20	131	16	130	13	129	11	127	10	124	10	120	11	116	13	111	16	105	20	99	25	92	29	84	32	75	34	65	35	56	35	48	35	41	36	35	37	30	39	26	42	23	46	21	50	20	53	20	57	21	62	23	66	26	69	30	73	35	78	41	84	48	91	54	98	59	106	63	115	66	124	68	132	69	139	69	146	70	152	72	157	74	161	77	164	81	166	86	167	92	167	99	166	107	164	116	161	125	157	133	152	141	146	148	139	154	131	159	122	163	114	166	106	168	99	169	93	169	87	168	82	166	78	163	75	160	73	158	72	157	72	157	
62:
99	23.303	66	143	66	142	67	140	67	137	66	133	64	128	61	122	58	116	54	109	49	102	43	96	38	91	34	87	31	84	28	82	26	81	25	79	25	76	26	73	28	70	31	66	35	63	40	61	46	60	53	60	61	61	68	63	74	66	79	70	85	74	90	77	95	79	99	80	104	80	108	79	111	77	113	74	114	70	115	65	115	59	114	52	112	45	109	39	105	34	100	30	94	27	87	25	80	24	74	24	69	25	65	25	62	25	60	24	59	22	59	19	60	15	62	11	65	8	69	6	74	5	80	5	87	6	94	8	102	11	110	15	119	19	129	24	138	30	147	37	155	45	162	54	168	63	173	73	177	84	180	96	182	108	183	119	183	129	182	138	180	146	177	153	173	159	168	164	162	168	155	171	147	173	138	174	128	174	118	173	109	171	101	168	94	164	87	159	81	154	76	150	72	147	69	145	67	144	66	143	66	143	
63:
95	24.026	169	102	168	103	166	105	164	108	161	112	157	117	154	123	152	129	150	136	149	142	149	147	150	151	152	154	154	156	156	157	159	157	161	156	162	154	162	151	161	148	159	146	156	143	152	140	147	136	141	131	134	125	126	118	118	110	111	103	105	97	100	90	96	82	93	75	91	69	90	64	90	60	91	57	93	55	95	54	96	54	97	55	98	57	99	60	99	64	98	69	96	74	93	80	89	86	84	91	78	95	71	98	63	100	54	101	46	101	39	100	33	98	28	95	24	91	21	86	19	80	18	73	18	65	19	57	21	49	24	41	28	33	33	26	39	20	46	15	54	11	63	8	72	5	82	3	93	2	104	2	115	3	125	5	134	8	143	11	151	15	158	20	164	26	169	33	173	41	176	50	178	58	179	66	179	74	179	81	178	87	177	92	175	96	172	99	170	101	169	102	169	102	
64:
85	14.241	63	111	64	112	66	114	69	116	72	119	74	123	76	126	77	128	77	129	76	129	74	128	71	127	67	125	62	124	57	124	51	125	46	127	41	130	37	132	34	135	32	139	31	144	30	149	30	155	31	161	33	167	36	172	40	176	45	179	51	181	58	182	66	182	75	181	84	179	92	177	100	175	107	172	113	170	118	169	122	168	125	166	127	163	128	159	128	154	127	148	125	142	122	135	118	127	113	118	107	108	101	99	94	89	86	80	79	72	73	65	68	59	64	53	61	47	59	40	58	34	56	29	53	25	50	22	46	20	41	19	35	19	30	20	26	22	23	24	21	27	20	31	20	36	21	42	23	49	26	57	30	66	35	75	41	83	46	90	50	96	54	101	57	105	60	108	62	110	63	111	63	111	
65:
95	15.04	129	97	129	96	130	95	131	93	133	90	136	86	139	81	143	76	148	70	153	63	157	55	160	48	163	40	165	33	166	27	168	22	169	18	169	15	168	13	166	12	163	12	159	13	156	15	152	18	147	22	141	27	134	33	126	40	118	48	111	55	105	61	99	66	92	70	84	73	76	75	69	76	63	76	56	75	50	73	45	70	40	67	34	65	27	64	21	64	16	65	12	67	9	70	6	74	4	79	3	85	3	92	4	99	6	105	9	110	13	114	18	117	24	119	30	120	35	120	39	119	42	118	44	118	45	119	45	120	44	122	42	125	39	129	35	134	30	138	26	142	23	146	21	150	20	154	20	159	21	163	23	166	26	168	30	169	35	169	39	168	44	166	50	163	57	159	65	154	74	148	84	141	93	133	101	125	108	118	114	112	119	107	123	103	126	100	128	98	129	97	129	97	
66:
83	1.554	45	15	44	16	42	18	41	21	41	25	42	30	44	35	47	40	51	46	54	53	56	60	58	66	60	71	62	75	65	78	69	80	72	81	75	81	77	80	80	78	84	75	89	71	95	66	102	60	109	54	117	49	126	44	134	40	141	37	147	35	152	34	158	34	164	35	169	37	173	39	176	42	178	46	179	51	179	57	178	64	176	72	173	81	169	91	166	102	164	114	162	125	161	135	161	144	162	152	164	159	165	165	167	170	169	174	170	177	170	180	169	182	167	183	164	183	160	182	155	180	150	177	144	173	137	168	129	162	120	155	110	147	99	138	89	128	80	117	72	105	65	93	59	81	54	70	49	60	45	51	42	43	40	36	39	30	39	25	40	21	42	18	44	16	45	15	45	15	
67:
111	20.237	3	27	2	28	0	30	-1	33	-1	37	0	41	2	45	5	48	9	51	14	53	20	54	27	56	35	57	44	57	54	56	63	55	71	55	78	55	85	56	91	58	96	60	100	63	103	66	105	70	106	75	106	81	105	87	103	94	100	100	96	105	93	110	89	116	86	121	84	125	83	129	83	132	84	134	86	136	89	139	92	142	94	146	95	149	95	151	94	152	92	153	89	153	85	153	81	152	76	150	70	147	63	143	55	139	48	136	42	134	37	133	33	133	30	134	28	136	27	139	27	143	28	147	30	150	33	154	37	159	42	163	48	166	55	169	63	171	72	172	82	172	93	171	104	169	116	166	127	162	137	157	146	151	154	144	161	136	167	127	172	117	176	106	179	94	181	82	182	71	182	61	181	52	179	43	176	34	172	26	167	19	161	13	154	7	146	2	137	-2	127	-5	116	-7	104	-8	91	-8	79	-7	68	-5	58	-2	48	2	39	5	31	9	24	12	18	14	13	17	9	21	6	24	4	26	3	27	3	27	
68:
99	11.858	58	53	58	54	58	56	57	59	57	63	58	68	60	73	63	79	67	84	72	88	78	91	85	94	91	98	96	103	100	108	103	114	105	121	108	129	110	137	111	144	111	150	110	155	109	159	107	162	104	164	102	165	101	165	101	164	102	162	104	159	107	155	110	150	114	144	119	137	125	129	132	120	138	111	143	101	148	91	153	82	158	74	162	66	165	59	167	53	168	47	168	42	167	38	165	35	162	33	158	32	153	32	147	33	140	35	132	37	123	40	113	44	102	49	90	55	79	62	68	70	58	79	48	87	39	95	31	104	24	114	18	123	13	133	9	142	6	150	4	157	3	163	3	168	2	172	2	175	3	177	5	178	8	178	12	177	17	175	23	172	30	168	38	163	46	157	53	150	59	142	64	134	68	125	71	116	73	107	74	98	74	89	74	81	73	74	71	68	68	63	64	59	61	56	59	54	58	53	58	53	
69:
118	0.616	150	7	151	6	153	5	156	3	158	2	159	0	159	-2	158	-3	156	-3	153	-2	149	-2	144	-1	139	1	135	3	131	6	128	10	126	14	125	19	125	25	126	31	128	36	131	41	135	45	138	50	140	56	141	63	141	69	140	74	138	79	135	84	131	88	126	91	120	94	113	97	105	100	96	102	86	103	75	103	65	103	56	103	47	104	39	105	32	107	26	109	21	112	17	116	13	121	10	126	8	131	7	135	7	139	8	142	10	144	13	146	17	147	22	147	27	147	33	148	40	148	48	149	57	150	67	152	78	155	90	159	101	164	111	168	120	171	128	173	135	174	141	174	146	174	150	174	153	175	155	175	156	174	156	172	155	169	153	165	150	160	146	155	141	150	135	144	129	137	123	129	116	120	108	111	99	102	89	94	80	85	72	77	65	68	59	58	54	47	50	36	47	26	45	17	44	9	44	2	45	-4	47	-9	50	-13	54	-16	59	-18	65	-20	72	-21	80	-21	89	-20	97	-19	105	-18	114	-16	122	-13	129	-9	135	-4	140	0	144	3	147	5	149	6	150	7	150	7	
70:
80	1.379	90	22	91	21	93	19	96	18	99	17	102	15	106	14	111	14	117	14	124	15	131	17	137	20	142	24	146	29	149	35	152	42	154	49	155	56	155	62	154	67	152	71	149	74	145	76	140	77	136	78	133	80	130	83	128	87	127	92	127	98	128	105	130	112	133	119	136	127	138	135	139	143	139	150	138	156	137	161	135	165	132	168	128	172	123	176	117	179	110	181	102	182	93	183	83	183	72	182	61	180	51	177	42	173	34	168	27	162	21	155	16	147	12	138	9	130	7	121	6	111	5	100	5	89	6	79	8	70	11	62	15	54	20	47	26	41	33	36	41	32	48	29	56	27	63	24	69	22	75	21	80	21	84	22	87	23	89	23	90	22	90	22	
71:
65	0.773	95	6	96	5	98	3	101	0	105	-3	110	-5	116	-7	121	-8	125	-8	128	-7	130	-5	131	-2	133	2	134	7	134	13	133	20	133	26	134	31	136	37	139	43	143	50	146	58	149	67	151	75	152	84	152	93	151	103	149	113	146	122	144	130	142	137	141	143	141	149	142	154	142	158	142	162	141	165	139	167	136	168	132	168	127	167	122	165	116	162	109	158	101	153	93	147	86	140	80	133	75	125	71	116	68	106	66	95	65	83	65	72	65	61	66	51	68	42	71	34	75	27	80	21	85	16	89	12	92	9	94	7	95	6	95	6	
72:
74	1.092	69	161	68	160	66	158	63	155	59	152	54	149	48	146	41	142	35	138	29	133	23	127	18	120	14	112	11	103	9	95	8	86	8	77	9	69	11	62	14	56	18	50	23	43	29	35	36	28	44	22	53	17	63	13	73	10	82	8	91	7	99	6	106	6	112	5	117	5	121	6	124	8	126	10	127	13	127	17	126	22	124	28	122	35	121	43	121	52	122	61	124	69	127	76	131	82	136	87	142	92	147	96	151	99	154	101	156	102	157	102	157	101	156	100	154	99	151	99	147	100	142	102	136	105	129	109	122	114	114	120	105	127	97	134	90	140	84	146	79	151	75	155	72	158	70	160	69	161	69	161	
73:
102	50.876	22	79	23	78	25	77	28	77	32	77	36	77	41	77	46	76	50	76	53	77	55	79	56	81	56	84	55	86	53	88	50	90	46	92	41	93	37	94	33	94	30	94	28	94	27	94	27	95	28	97	30	100	33	104	37	107	42	111	48	114	53	116	59	117	66	117	72	117	77	118	81	120	84	123	86	127	87	131	87	135	86	140	84	144	81	147	77	150	72	153	67	156	63	158	60	161	58	165	56	170	55	176	55	182	56	187	58	191	61	194	65	196	70	198	74	199	79	199	85	198	92	197	100	195	107	192	113	188	118	183	122	177	125	170	127	162	128	153	128	143	127	132	125	120	122	107	118	95	113	83	108	72	102	62	95	53	87	45	78	38	69	32	61	27	54	23	48	20	42	18	37	17	31	17	26	18	22	20	18	23	15	27	13	32	12	38	12	45	13	52	15	58	17	64	18	69	20	73	21	76	21	78	22	79	22	79	
74:
96	0.584	88	167	89	168	91	170	94	173	98	175	103	176	109	177	116	179	123	180	130	180	136	179	142	177	148	174	153	170	157	166	160	161	162	155	163	148	163	140	162	132	160	123	157	114	153	105	148	95	142	86	137	76	132	66	128	56	125	47	123	39	122	31	122	24	123	18	125	13	128	9	132	6	136	4	141	3	147	3	153	4	158	6	162	9	165	13	167	18	168	24	168	31	167	39	165	47	162	54	158	60	153	65	147	69	140	72	132	74	123	77	114	79	105	80	97	80	88	79	80	77	73	74	67	72	62	70	58	69	55	69	53	70	52	71	52	73	53	76	55	80	57	84	59	89	60	95	60	100	59	104	57	108	54	112	50	117	46	123	43	128	41	132	40	135	40	137	41	138	43	140	46	142	50	145	55	149	61	154	67	158	73	161	78	163	82	164	85	165	87	166	88	167	88	167	
75:
96	0.549	41	114	40	115	40	117	40	120	39	124	37	127	35	129	32	130	29	130	25	129	20	127	16	124	13	120	11	115	10	109	10	102	10	94	10	85	10	75	10	66	10	58	9	51	9	44	10	38	12	33	15	29	19	26	24	24	30	23	37	23	45	24	54	25	64	27	75	30	85	34	94	39	102	45	109	52	115	58	121	63	126	67	131	70	135	72	138	73	141	73	144	72	147	70	151	67	154	63	156	59	157	54	157	48	157	41	157	34	156	28	154	23	151	19	147	16	142	14	136	13	129	13	121	14	113	16	106	19	100	23	95	28	91	34	87	41	84	49	81	57	79	66	78	75	76	85	75	95	75	105	76	114	78	122	79	129	79	135	78	140	76	144	73	147	69	149	64	150	58	150	52	149	47	147	43	144	40	140	38	135	37	129	37	124	37	120	38	117	40	115	41	114	41	114	
76:
93	0.448	139	125	140	124	142	123	145	121	148	120	150	119	151	118	151	116	150	114	148	113	145	112	141	110	137	107	132	105	126	102	121	98	117	93	114	87	112	80	111	72	111	64	112	57	114	51	117	46	121	41	124	37	126	34	127	32	127	31	126	29	124	27	121	26	118	25	116	25	113	25	111	25	110	24	110	22	111	20	113	17	116	13	120	9	125	6	131	4	137	3	142	2	146	2	149	3	151	5	152	8	152	12	151	16	149	20	146	24	142	27	137	29	132	30	126	32	119	35	111	39	102	44	92	50	83	57	75	65	67	74	60	84	54	95	49	107	45	118	42	128	40	137	39	145	39	152	40	158	42	163	45	167	49	170	54	172	59	173	65	173	71	172	78	170	86	167	94	163	103	158	111	152	118	146	124	140	129	135	133	131	136	128	138	126	139	125	139	125	
77:
95	0.556	56	10	57	11	59	13	62	16	66	19	71	22	77	24	83	25	89	26	95	26	101	26	106	25	110	24	113	24	115	25	116	27	116	30	115	34	113	39	110	44	106	50	101	55	95	59	89	62	82	64	74	65	65	65	57	64	50	62	44	59	39	56	35	54	32	53	30	53	29	54	29	56	30	59	32	63	35	68	39	74	42	81	44	89	45	98	45	106	44	113	42	120	39	128	37	137	36	145	36	152	37	158	39	163	42	167	46	170	51	172	57	173	64	173	72	172	81	170	91	167	102	163	113	158	123	153	132	148	141	144	149	141	156	139	162	137	167	134	171	130	174	126	176	121	177	115	177	108	176	100	174	91	171	81	167	72	162	64	156	57	149	51	141	46	132	42	122	39	111	37	101	36	92	34	84	32	77	29	71	25	66	20	62	16	59	13	57	11	56	10	56	10	
78:
83	0.593	12	113	12	112	11	110	10	108	9	105	8	101	8	97	9	94	9	92	10	91	11	91	13	92	14	94	16	97	19	101	23	106	28	112	33	117	37	121	40	124	44	126	49	128	54	129	60	129	66	128	73	126	81	124	88	123	94	123	99	124	104	126	108	129	111	133	113	138	114	144	114	151	113	158	111	164	108	169	106	173	105	176	104	178	104	180	105	181	107	181	110	180	114	178	119	175	125	171	132	166	140	160	147	153	153	145	158	136	162	126	165	116	167	107	168	99	168	92	167	85	165	79	162	74	158	70	153	67	147	65	140	64	132	64	123	65	113	67	102	70	90	74	78	78	67	81	57	85	48	88	40	91	33	94	27	98	22	103	18	107	15	110	13	112	12	113	12	113	
79:
114	1.342	82	93	81	94	79	95	77	97	74	98	70	98	65	98	59	97	53	95	48	92	44	88	41	83	39	77	38	70	38	62	39	54	40	47	40	41	39	36	37	32	34	28	30	25	25	23	19	22	12	22	4	23	-3	25	-10	28	-16	32	-22	37	-27	43	-31	50	-34	58	-36	67	-37	77	-37	87	-36	97	-34	108	-31	118	-27	127	-22	135	-16	142	-9	148	-1	153	8	157	17	160	26	162	35	163	45	163	55	162	66	160	76	157	85	153	93	148	100	142	106	137	111	131	115	126	118	122	120	119	121	117	121	116	120	116	119	117	119	119	120	122	122	126	125	131	128	136	131	142	135	147	140	151	146	154	153	156	161	157	169	157	176	156	182	154	188	151	194	147	199	142	203	136	206	129	208	122	209	114	210	105	211	95	211	85	210	76	208	67	205	59	201	52	196	46	190	41	185	37	180	34	175	32	169	31	162	31	154	32	145	34	137	37	130	41	123	46	117	52	112	59	108	66	103	72	97	78	92	83	88	87	85	90	83	92	82	93	82	93	
80:
100	3.616	132	45	132	44	131	42	130	39	128	35	125	30	121	25	116	20	110	16	103	13	95	11	86	10	77	10	67	11	56	13	45	16	35	20	26	25	18	30	10	36	3	43	-3	51	-8	60	-12	70	-15	79	-17	89	-18	99	-18	108	-17	116	-15	123	-12	129	-8	134	-3	138	3	141	9	143	16	144	24	144	31	143	37	141	42	138	46	134	50	129	54	125	59	121	64	118	68	116	73	115	78	115	82	116	85	118	88	121	90	125	93	130	95	134	98	137	102	139	105	140	108	140	110	139	111	137	111	136	111	136	110	137	108	139	105	141	102	144	100	148	98	153	97	159	97	166	98	172	100	177	103	181	107	184	112	186	118	187	125	187	133	186	141	184	148	181	154	177	159	172	163	166	166	159	168	151	169	142	169	132	168	121	166	110	163	100	159	90	154	81	148	73	143	66	139	60	136	55	134	51	133	48	132	46	132	45	132	45	
81:
83	0.373	161	116	161	115	160	113	158	110	155	107	152	104	149	102	146	101	142	101	139	102	137	104	134	107	132	111	129	116	127	122	124	129	122	137	121	145	119	152	117	159	114	165	110	170	105	174	101	177	98	179	94	180	89	180	83	179	77	177	71	174	64	172	56	171	47	171	38	172	29	174	21	176	14	177	8	177	3	176	-1	174	-4	171	-6	167	-7	162	-7	157	-6	151	-5	144	-3	136	0	127	4	118	7	108	10	97	14	85	18	74	23	64	29	55	35	47	42	40	49	34	57	29	66	25	75	22	83	20	90	19	96	19	101	20	105	22	110	25	116	29	122	34	129	40	137	47	144	55	150	63	155	71	159	80	162	88	164	95	165	101	165	106	164	110	162	113	161	115	161	116	161	116	
82:
79	19.484	29	9	30	8	32	6	35	3	39	1	44	0	50	0	57	1	65	3	74	6	82	10	89	15	97	19	105	22	114	24	122	25	129	25	135	24	140	24	144	25	147	27	149	29	150	32	150	36	149	41	147	47	144	54	140	60	135	65	130	69	126	72	123	75	121	77	120	78	120	78	121	78	123	78	126	78	130	78	134	79	138	81	142	84	145	88	147	92	148	96	148	101	147	107	145	113	142	118	138	122	133	126	127	129	120	131	112	134	104	136	95	137	85	137	74	136	64	134	55	131	46	127	38	122	31	116	25	109	20	102	16	94	13	85	11	75	10	64	10	54	11	45	13	37	16	30	20	24	23	19	26	15	28	12	29	10	29	9	29	9	
83:
108	16.584	94	163	93	162	91	162	88	163	84	165	81	168	78	171	76	175	75	178	75	180	76	181	78	182	81	182	85	181	90	179	96	176	101	172	107	169	112	167	116	166	119	166	121	166	122	167	122	168	121	168	119	169	116	169	112	168	107	166	101	163	94	160	87	156	81	152	76	147	72	143	69	138	67	132	66	125	66	119	67	113	69	106	72	99	76	93	80	86	84	78	87	71	89	65	90	60	91	56	93	53	96	51	100	50	105	50	111	51	118	53	126	56	133	59	139	63	144	68	148	73	151	77	153	80	154	82	154	83	153	83	151	82	148	80	144	77	139	73	133	68	126	62	118	55	109	49	99	44	88	39	77	35	66	32	56	30	47	29	38	28	30	28	23	29	17	31	12	34	8	38	5	43	3	49	2	56	2	64	3	72	5	81	8	91	12	101	17	111	22	120	28	128	35	135	43	141	52	146	60	150	67	153	73	156	79	158	84	160	88	161	91	161	93	162	94	163	94	163	
84:
99	16.287	164	1	165	2	167	4	168	7	169	11	169	15	168	20	168	26	168	33	167	41	165	50	162	59	158	69	153	78	147	86	142	93	136	99	129	104	121	108	112	111	102	113	93	114	85	114	78	113	72	111	67	108	63	104	60	99	57	93	55	86	54	78	54	69	53	61	52	53	50	46	47	40	43	35	38	31	32	28	27	26	23	24	19	22	16	19	14	16	13	12	13	9	14	7	16	6	19	6	22	7	26	9	31	12	37	16	44	21	52	27	59	34	65	42	70	51	74	61	77	72	79	84	80	96	80	107	79	117	77	126	76	134	76	141	76	147	77	152	79	156	82	159	86	161	91	162	97	162	103	161	109	159	116	156	124	152	133	147	143	142	152	136	160	129	167	121	173	112	178	102	182	91	185	79	187	67	188	56	188	46	187	37	185	29	182	22	178	16	174	11	170	7	167	4	165	2	164	1	164	1	
85:
95	2.246	48	1	49	2	51	4	54	6	58	7	63	9	69	12	76	16	84	21	93	27	101	34	110	42	118	50	125	59	131	68	136	77	140	85	143	92	147	98	152	103	158	107	163	110	167	112	170	113	172	113	173	112	173	110	172	109	170	108	167	108	163	109	158	111	152	114	145	118	137	123	128	128	118	132	107	135	96	137	86	138	77	138	69	137	62	137	56	136	51	134	47	133	44	132	42	131	41	129	41	126	42	123	44	120	47	116	51	111	56	105	62	98	69	90	77	83	86	75	96	66	107	56	117	47	127	39	136	32	144	26	151	21	157	17	162	14	166	12	169	9	171	7	172	6	172	5	171	5	169	5	166	4	162	2	157	0	151	-2	144	-3	136	-3	127	-4	118	-5	110	-6	101	-8	93	-9	84	-10	76	-10	69	-10	63	-9	58	-7	54	-5	51	-2	49	0	48	1	48	1	
86:
110	6.841	133	24	133	25	134	27	134	30	133	34	131	38	129	41	126	43	122	44	117	44	113	43	110	41	108	39	107	37	107	36	108	36	110	37	113	39	116	42	118	46	119	51	119	57	118	64	116	71	113	77	109	82	104	86	98	89	92	91	87	92	82	92	78	92	75	93	73	95	72	98	72	102	73	105	75	108	78	111	81	113	83	114	84	114	84	113	83	111	81	108	78	104	74	99	69	93	63	86	57	79	52	71	48	62	45	54	43	47	42	41	42	36	43	32	45	29	48	27	52	26	55	25	59	25	64	26	68	28	71	31	73	35	74	40	76	46	79	53	83	61	87	70	92	80	98	91	104	103	109	114	114	124	120	133	127	141	133	148	138	154	143	159	148	163	154	166	161	168	169	169	176	169	182	168	187	166	191	163	194	159	197	154	199	148	200	141	200	133	199	124	197	116	194	108	190	99	185	89	179	79	172	69	164	60	157	52	151	45	146	39	142	34	139	30	136	27	134	25	133	24	133	24	
87:
93	7.956	98	133	99	132	101	130	103	127	105	123	106	120	108	118	111	117	113	117	116	118	118	120	119	123	119	127	118	132	116	138	113	143	109	147	104	151	98	154	91	156	83	157	74	157	64	158	54	160	45	162	37	163	30	163	24	162	19	160	15	157	12	153	10	148	9	142	9	135	10	128	12	121	15	113	19	106	24	100	30	95	37	91	45	88	54	86	64	85	74	85	85	86	97	88	108	90	118	93	127	96	135	98	142	99	148	99	153	98	157	97	160	95	162	92	163	88	163	83	163	77	163	70	164	62	166	53	168	45	169	38	169	32	168	27	166	23	163	20	161	18	158	17	154	17	151	18	149	20	148	23	148	27	149	32	150	38	150	45	149	53	147	62	144	72	141	82	137	91	132	99	126	106	119	112	113	118	108	123	104	127	101	130	99	132	98	133	98	133	
88:
92	3.938	86	89	87	90	88	92	89	95	89	99	88	104	86	110	83	116	79	121	74	125	68	128	61	130	53	131	46	131	40	130	35	128	30	125	26	121	22	116	19	110	17	103	16	95	16	86	17	76	19	67	22	59	25	51	27	43	28	36	28	30	27	25	25	21	22	18	18	16	15	15	13	15	12	16	12	18	13	20	15	23	18	27	22	32	27	37	33	41	40	46	48	51	57	55	67	58	78	61	89	63	100	64	110	64	119	63	127	61	134	59	140	58	147	58	153	59	158	61	162	63	165	66	167	70	168	75	168	81	167	88	165	96	162	104	158	113	155	121	153	128	152	134	152	139	152	143	151	146	150	148	148	149	145	149	143	148	141	146	139	143	136	139	132	135	127	130	121	124	114	117	107	110	101	104	96	99	92	95	89	92	87	90	86	89	86	89	
89:
88	3.49	64	54	65	53	67	53	69	53	72	54	76	56	81	57	87	59	92	61	97	62	101	62	104	61	106	61	107	62	107	64	106	66	106	69	107	71	109	73	112	74	116	76	121	79	127	83	134	88	141	92	147	95	152	97	156	98	159	98	162	98	164	98	165	99	165	101	164	103	162	106	159	110	155	114	150	119	145	125	141	131	138	137	136	142	135	146	135	149	136	153	138	158	140	164	143	170	145	177	146	185	146	194	145	202	143	209	140	215	136	220	131	224	125	227	118	229	110	230	101	230	91	229	80	227	70	225	61	222	53	219	46	215	40	210	35	204	31	197	28	189	26	180	24	171	23	162	23	152	24	141	26	129	27	118	29	108	31	99	34	90	38	82	43	75	49	69	54	64	58	60	61	57	63	55	64	54	64	54	
90:
83	3.819	62	132	61	131	59	129	56	126	52	122	47	117	43	112	39	106	36	99	34	92	32	85	31	77	31	70	32	64	34	59	37	55	41	51	46	47	52	44	58	42	65	41	73	41	82	41	90	42	98	44	105	47	111	51	116	56	120	62	123	69	127	76	130	82	134	87	139	91	145	94	152	96	158	97	163	97	167	96	171	94	174	91	176	87	177	82	177	76	176	69	174	61	171	52	167	42	162	33	156	25	150	17	143	10	135	4	126	-1	116	-5	105	-8	93	-10	82	-11	72	-11	63	-10	54	-8	46	-5	39	-1	33	4	28	10	24	16	21	22	19	29	18	37	18	46	19	56	21	67	24	77	28	87	33	96	39	104	45	111	50	117	54	122	57	126	59	129	61	131	62	132	62	132	
91:
74	8.92	43	134	44	134	46	135	49	135	53	134	58	134	63	135	68	137	72	139	75	142	78	145	80	149	82	154	83	159	83	163	83	166	84	168	86	169	88	169	90	168	92	166	95	163	97	159	100	154	104	150	109	145	115	139	122	132	130	126	139	121	147	117	154	113	160	110	165	108	169	107	172	107	174	107	175	106	175	104	174	102	172	99	169	95	165	90	160	86	154	83	147	80	139	76	130	71	120	65	109	60	98	56	87	53	77	51	68	49	60	48	53	48	47	49	42	51	37	54	33	58	29	63	26	69	24	76	23	84	23	92	24	99	25	106	27	113	30	119	33	124	37	128	40	131	42	133	43	134	43	134	
92:
90	17.11	134	33	133	34	131	36	128	39	124	41	119	42	113	42	108	41	104	39	101	37	99	34	98	30	96	26	94	22	91	18	87	15	82	13	76	12	69	12	61	13	53	14	45	16	38	19	32	23	27	28	23	34	20	41	18	49	17	57	17	66	18	75	20	83	23	90	27	96	32	101	37	105	41	108	44	110	46	111	47	111	47	110	46	108	44	107	41	106	37	106	32	107	26	109	21	112	17	116	14	121	12	127	11	134	11	140	12	145	14	151	17	157	21	162	26	166	32	169	39	171	47	172	56	172	66	171	75	169	83	166	91	162	98	157	104	151	111	144	119	137	128	131	136	126	143	122	149	118	154	115	158	111	161	106	163	100	164	93	164	86	163	78	161	69	158	61	154	54	149	48	144	43	140	39	137	36	135	34	134	33	134	33	
93:
95	27.999	173	127	172	126	170	124	167	121	163	118	158	114	152	109	145	103	137	96	129	88	122	79	116	69	111	60	107	52	104	43	102	35	101	28	101	22	102	17	104	13	107	10	111	8	116	7	122	7	127	8	131	10	134	13	136	17	137	22	137	28	136	35	134	43	131	52	127	61	122	69	116	76	109	82	101	87	92	91	83	94	75	96	67	97	60	97	54	96	49	94	45	92	42	89	40	87	39	85	38	84	38	84	38	85	38	87	37	90	35	94	32	99	28	105	25	111	22	118	20	124	18	129	17	134	16	138	15	141	13	143	11	144	9	144	8	145	8	147	9	150	11	154	14	159	18	165	22	170	27	175	32	179	38	182	45	184	53	185	62	185	72	184	83	182	95	180	107	177	118	173	128	168	137	162	145	155	152	148	158	142	163	137	167	133	170	130	172	128	173	127	173	127	
94:
91	10.777	6	120	5	121	3	123	0	126	-2	130	-3	135	-3	141	-2	147	0	154	3	160	7	165	12	169	18	172	25	174	33	175	41	175	50	174	60	172	69	170	77	169	84	169	91	169	97	170	102	170	106	170	109	169	111	167	112	164	112	160	111	155	109	150	106	144	102	137	98	129	94	120	91	111	89	103	88	94	88	85	89	75	91	65	92	55	92	46	91	38	89	31	86	25	82	20	77	16	71	13	66	11	62	10	57	10	53	11	50	13	48	16	47	20	47	23	48	25	50	26	53	26	57	25	62	23	68	20	75	16	82	12	88	8	93	5	97	3	100	2	102	2	103	3	103	5	102	8	100	12	97	17	93	23	88	30	82	38	75	47	68	57	60	67	51	76	42	84	34	92	27	99	21	105	16	110	12	114	9	117	7	119	6	120	6	120	
95:
96	15.431	60	37	61	36	63	34	66	31	70	27	75	22	80	18	86	14	93	11	101	9	108	8	114	8	119	9	123	11	126	14	128	18	129	22	129	27	128	33	126	40	123	48	119	56	115	64	110	71	104	77	97	82	89	86	81	89	72	91	62	92	51	93	39	93	28	92	18	90	9	89	1	89	-6	90	-13	92	-19	94	-24	97	-28	101	-31	106	-33	112	-34	119	-34	127	-33	136	-31	144	-28	151	-24	157	-19	162	-13	166	-6	169	2	171	10	172	19	172	29	171	40	169	52	166	64	162	76	158	88	155	101	153	113	152	124	151	134	151	143	152	151	152	158	151	164	149	169	146	173	142	176	137	178	131	179	124	179	116	178	107	176	97	173	88	169	80	164	73	158	67	151	62	143	58	134	55	125	53	115	50	105	47	96	44	88	42	81	40	75	39	70	38	66	38	63	38	61	37	60	37	60	37	
96:
87	39.501	85	108	86	109	88	111	91	114	94	118	98	123	103	129	109	134	115	139	121	145	127	150	133	154	139	157	144	159	149	160	154	160	160	159	166	157	171	154	175	150	178	145	180	139	181	132	181	124	180	115	178	105	176	95	173	84	171	72	168	61	164	51	159	42	153	34	146	27	138	21	129	16	119	12	108	9	97	7	87	6	78	6	70	7	63	9	57	12	52	16	48	20	45	25	43	31	42	38	42	46	42	53	42	59	43	64	44	69	44	73	43	76	41	78	38	79	34	79	29	80	23	82	16	84	10	87	5	91	1	96	-2	102	-4	109	-5	116	-5	122	-4	127	-2	131	1	134	5	136	10	137	16	137	23	136	31	134	40	131	49	127	57	122	64	117	70	113	75	110	79	108	82	107	84	107	85	108	85	108	
97:
99	40.311	127	32	126	33	126	35	125	38	123	42	120	45	118	47	115	48	111	48	106	47	100	45	94	42	89	38	85	33	82	27	80	22	79	18	79	15	80	13	82	12	83	12	83	13	82	15	80	17	78	20	75	24	71	28	66	31	60	33	53	34	45	34	38	33	32	31	26	28	21	24	17	21	14	18	11	16	9	15	8	15	8	16	9	18	11	21	14	25	18	30	23	36	28	43	32	51	35	60	37	70	38	80	38	89	37	97	35	104	32	110	28	115	24	119	19	122	15	124	12	125	10	125	9	125	9	126	9	128	10	131	12	135	15	140	19	145	24	150	30	156	37	161	45	165	54	168	64	170	75	171	87	171	98	170	108	168	117	165	125	161	132	156	138	150	143	143	147	135	150	126	152	116	153	105	153	94	152	84	150	75	147	67	143	60	138	53	134	47	131	42	129	38	128	35	127	33	127	32	127	32	
98:
99	3.939	107	107	108	106	110	105	113	105	117	104	122	102	128	99	134	96	140	93	146	90	152	86	157	83	161	80	164	78	166	77	167	77	167	78	166	80	164	83	161	86	157	90	152	95	146	100	139	106	131	113	122	119	112	125	103	132	95	139	88	147	82	154	77	160	73	165	70	169	68	172	66	174	64	175	62	175	59	174	56	172	52	169	49	165	47	160	46	154	46	147	47	139	49	131	51	122	54	113	57	105	61	98	65	92	68	85	71	79	73	73	74	68	75	64	75	61	74	59	72	58	69	58	66	59	63	61	61	64	60	68	60	73	61	79	63	86	66	93	70	101	74	109	79	118	85	128	92	137	99	145	107	152	116	158	124	163	131	167	137	170	142	172	146	173	149	173	151	172	152	170	152	167	151	163	149	158	146	152	142	145	137	137	131	130	125	124	120	119	116	115	113	112	110	110	108	108	107	107	107	107	
99:
81	0.984	23	46	22	47	22	49	23	52	24	56	26	61	28	66	31	70	35	73	40	76	46	78	53	79	60	79	68	78	76	76	85	73	94	71	102	70	109	70	115	71	120	73	124	76	127	80	129	85	130	90	130	96	129	103	127	110	124	116	120	121	116	126	112	130	109	134	107	138	106	143	106	147	107	150	108	152	110	153	113	154	117	154	122	153	128	151	134	148	141	144	148	139	155	133	161	126	166	118	171	109	175	99	178	88	180	76	181	65	181	55	180	45	178	35	175	26	171	18	166	11	161	5	157	0	152	-4	146	-7	139	-9	131	-10	122	-10	112	-9	101	-7	89	-4	78	0	68	5	59	11	51	18	44	25	38	31	33	36	29	40	26	43	24	45	23	46	23	46	