0:
32	0.179	25	10	24	9	22	8	19	7	16	7	14	8	11	8	7	7	4	6	1	5	-1	5	-2	6	-4	8	-5	11	-5	14	-5	18	-4	22	-2	25	1	27	5	28	10	28	14	27	17	26	19	24	20	22	22	21	24	20	25	18	25	16	26	13	26	11	25	10	25	10	
1:
35	0.038	9	10	8	11	6	13	5	14	4	14	2	13	1	11	1	8	2	6	3	4	5	3	7	3	8	4	9	6	11	8	14	9	18	9	21	8	23	7	24	7	24	8	23	10	21	13	18	16	14	18	11	19	9	21	6	22	4	22	3	21	3	19	4	16	6	13	8	11	9	10	9	10	
2:
36	0.202	3	17	4	18	5	18	7	18	8	17	9	16	10	16	10	17	9	19	9	22	10	24	12	26	15	27	18	27	22	26	25	24	27	22	28	19	28	15	27	12	25	10	22	9	18	9	15	8	13	6	12	4	11	2	11	1	12	1	12	2	12	4	11	7	9	11	6	14	4	16	3	17	3	17	
3:
45	0.139	24	27	23	27	21	27	19	28	16	28	13	28	11	27	10	25	10	22	11	20	13	19	15	17	18	14	20	12	22	10	24	9	26	9	27	10	27	12	28	14	28	16	28	17	27	17	27	16	27	14	27	11	26	7	24	3	21	0	17	-2	13	-3	9	-3	6	-2	4	-1	3	1	3	4	4	8	6	12	9	15	13	19	16	22	19	24	21	25	23	26	24	27	24	27	
4:
32	0.056	29	8	28	9	26	9	23	8	21	7	20	6	19	4	19	2	19	0	18	-1	17	-1	16	0	14	2	13	5	11	9	9	13	7	17	6	20	6	22	7	25	9	27	12	28	15	28	17	28	18	27	18	25	19	22	21	18	23	14	26	11	28	9	29	8	29	8	
5:
46	0.084	19	5	19	6	19	8	18	9	16	9	14	8	13	6	13	4	14	2	16	1	19	1	23	2	26	2	28	3	29	5	29	8	28	12	27	16	26	19	24	21	21	22	19	22	18	23	18	25	19	26	21	26	22	27	22	27	21	26	19	24	16	21	12	19	9	18	5	17	2	15	0	12	-1	9	-1	6	0	4	2	2	5	1	9	1	13	1	16	2	18	4	19	5	19	5	
6:
47	0.393	13	16	14	17	15	19	15	21	15	22	14	22	12	21	10	19	8	17	6	15	4	14	2	14	1	15	1	17	2	18	3	18	3	17	2	16	2	14	3	11	4	8	6	6	8	5	9	4	9	4	8	3	6	3	3	3	1	3	0	4	0	4	1	5	3	7	6	8	10	8	15	7	19	6	22	6	24	6	25	7	25	9	24	11	22	12	19	12	16	13	14	15	13	16	13	16	
7:
41	0.218	13	0	14	0	15	1	17	3	20	6	22	10	23	13	23	15	22	16	22	16	22	15	23	13	25	10	26	7	26	5	25	4	23	4	20	5	18	7	17	10	17	13	18	17	19	21	21	24	23	26	24	27	24	27	23	26	21	26	18	26	14	25	10	25	7	24	5	22	4	19	4	15	5	10	7	6	10	3	12	1	13	0	13	0	
8:
32	0.071	22	13	21	13	21	14	20	16	18	19	17	22	15	24	12	25	9	25	7	25	6	26	5	28	5	29	4	29	2	28	0	26	-1	24	-1	21	-1	17	0	12	2	8	4	5	7	3	11	2	14	2	18	2	21	3	23	5	24	8	24	10	23	12	22	13	22	13	
9:
45	0.125	10	15	9	15	7	16	6	18	5	21	5	23	6	24	8	24	11	23	14	23	17	24	19	26	20	27	20	27	20	26	20	24	21	21	21	17	20	13	18	10	16	7	14	4	11	2	8	1	6	1	5	2	5	3	6	5	8	6	11	7	15	7	19	6	23	4	26	2	28	1	29	1	29	2	28	4	26	7	23	10	19	13	16	15	13	16	11	16	10	15	10	15	
10:
35	0.146	27	7	26	7	25	7	23	8	22	10	22	12	23	15	23	17	22	18	20	18	17	19	15	19	14	20	14	22	14	24	13	25	11	25	9	24	8	23	6	23	4	22	3	20	2	17	2	13	3	9	5	5	8	2	12	0	16	-1	19	-1	22	0	24	2	25	4	26	6	27	7	27	7	
11:
40	0.133	6	21	7	21	9	21	10	20	10	18	9	17	7	16	5	16	3	15	2	13	2	10	3	7	5	5	8	4	12	4	15	5	17	7	18	8	20	8	21	7	21	6	21	6	21	7	22	9	24	11	25	14	26	16	26	19	25	22	23	25	20	27	16	28	13	29	10	30	7	30	5	29	4	27	4	24	5	22	6	21	6	21	
12:
41	0.038	14	13	13	14	12	16	12	19	13	22	14	24	14	27	13	29	11	30	8	30	6	29	4	27	3	25	3	22	4	19	6	15	8	12	9	8	9	5	8	3	6	2	4	2	2	2	1	3	1	4	2	4	4	3	7	2	11	2	16	2	20	1	23	0	25	0	26	1	26	2	25	4	23	5	20	7	17	10	15	12	14	13	14	13	
13:
31	0.046	9	23	9	22	10	21	10	20	11	20	13	21	15	22	17	22	18	21	19	20	20	18	22	16	24	14	27	11	29	7	30	4	30	2	29	0	27	-1	24	-1	21	0	18	1	15	3	11	5	8	8	6	11	5	14	5	17	6	20	8	22	9	23	9	23	
14:
41	0.055	3	5	2	5	1	5	0	4	0	2	1	1	3	1	4	1	5	1	5	0	4	0	3	1	2	2	1	4	1	7	2	9	4	10	7	10	10	9	13	7	15	6	16	6	16	7	16	9	17	11	19	13	22	14	25	14	27	13	28	11	28	8	28	4	27	1	25	-1	22	-2	18	-2	13	-1	9	0	6	2	4	4	3	5	3	5	
15:
42	0.062	9	17	10	18	12	18	15	19	17	19	18	18	18	16	17	15	16	15	15	16	15	18	15	20	15	23	16	26	16	28	15	29	13	29	10	28	7	26	4	23	2	19	1	15	1	12	2	10	4	7	7	5	10	2	14	0	19	-1	23	-1	26	0	28	2	29	4	29	7	28	9	26	10	23	10	19	11	15	12	12	14	10	16	9	17	9	17	
16:
42	0.358	5	14	4	13	3	11	1	10	0	10	0	11	1	13	3	16	5	19	7	21	10	22	12	22	14	22	15	23	15	25	14	27	12	28	11	29	11	30	12	30	14	29	17	27	19	24	20	20	20	15	20	11	20	8	20	5	21	3	23	2	25	2	26	2	26	3	25	4	23	5	20	7	16	9	13	12	10	14	8	15	6	15	5	14	5	14	
17:
37	0.359	28	24	27	25	26	26	25	27	25	28	26	28	28	27	30	25	31	22	31	19	30	17	28	16	26	15	24	15	23	16	21	16	18	15	16	13	15	10	14	8	12	7	10	7	8	8	5	9	3	11	2	14	2	18	3	21	5	24	8	26	11	27	15	27	19	26	22	24	25	23	27	23	28	24	28	24	
18:
38	0.078	1	6	2	5	4	5	5	6	6	7	7	8	8	8	10	7	13	6	15	5	17	5	18	6	19	8	19	10	20	13	21	15	21	18	20	20	18	21	17	21	17	22	18	22	20	21	22	19	25	17	27	15	28	14	28	13	27	12	25	10	22	7	18	5	13	3	9	2	6	2	4	3	2	5	1	6	1	6	
19:
48	0.021	20	27	19	27	17	27	15	26	13	24	12	23	10	23	8	24	6	25	5	25	5	24	6	22	7	19	7	15	8	11	10	8	13	6	17	5	20	5	22	6	23	8	24	11	26	15	28	18	29	20	30	22	30	23	29	23	27	22	24	20	22	17	20	13	17	8	13	4	9	1	6	-1	4	-2	3	-2	3	-1	3	1	4	4	5	8	7	12	10	17	14	21	17	24	19	26	20	27	20	27	
20:
40	0.115	27	14	27	13	26	11	26	9	27	7	28	6	29	6	29	7	28	9	26	12	23	15	19	17	15	18	12	19	10	19	9	18	9	16	8	13	8	10	7	8	5	6	3	5	1	5	0	6	0	8	0	11	1	15	3	19	6	23	10	26	15	28	19	29	22	29	24	28	26	26	27	23	27	20	26	17	26	15	27	14	27	14	
21:
40	0.11	26	28	26	27	25	26	23	26	20	26	16	26	13	25	11	23	10	22	9	20	8	19	6	18	5	16	5	13	6	9	6	5	7	2	9	0	12	-1	16	-1	19	0	21	2	22	4	23	5	24	5	24	4	24	2	25	1	27	0	29	0	30	1	30	3	29	6	27	9	25	13	24	18	24	22	24	25	25	27	26	28	26	28	
22:
39	0.163	26	29	25	28	24	26	22	23	20	20	18	18	16	17	15	17	13	18	12	19	12	21	12	23	11	24	10	24	8	23	6	21	5	18	5	15	6	12	7	10	9	9	12	9	16	9	19	8	21	6	22	3	24	1	26	0	28	0	29	1	29	3	28	6	27	10	27	15	26	19	25	23	25	26	25	28	26	29	26	29	
23:
36	0.043	22	18	23	19	23	21	23	24	22	26	22	27	23	27	25	26	27	24	28	21	28	17	27	14	26	11	25	8	23	6	21	5	20	5	18	6	15	8	12	11	10	15	8	18	5	22	3	25	1	27	0	28	0	28	1	27	3	25	6	24	9	23	13	23	16	22	19	20	21	19	22	18	22	18	
24:
39	0.026	8	23	7	23	5	23	3	24	1	25	0	26	0	26	1	26	3	25	6	23	10	20	15	16	19	12	22	9	24	7	25	5	25	3	24	1	23	0	21	0	18	1	16	2	15	2	15	1	16	1	18	2	21	4	24	7	26	11	27	16	27	20	26	23	24	25	21	26	17	26	14	25	11	24	9	23	8	23	8	23	
25:
36	0.026	17	26	16	27	14	28	11	29	9	29	8	28	8	26	8	23	9	20	11	17	12	15	14	14	17	14	20	15	23	17	25	18	27	18	28	17	29	15	29	12	28	8	26	5	23	2	21	0	18	-1	16	-1	14	0	12	2	10	4	9	7	9	11	10	16	12	20	14	23	16	25	17	26	17	26	
26:
40	0.327	13	24	12	24	11	25	10	27	10	28	11	28	13	27	15	26	18	24	21	21	24	18	26	16	27	15	27	15	26	16	24	16	22	17	19	17	15	16	12	14	10	11	9	9	8	8	7	8	6	9	5	9	5	8	6	6	6	4	6	3	7	3	8	4	8	6	9	9	11	13	13	17	14	20	14	22	13	23	13	24	13	24	
27:
33	0.135	6	14	6	15	6	17	6	20	6	24	7	27	9	29	12	30	15	30	19	30	23	29	26	28	28	26	29	24	29	21	28	17	26	14	25	11	23	9	22	6	22	2	21	-1	19	-3	16	-4	12	-4	8	-3	5	-1	3	2	2	5	2	8	3	11	5	13	6	14	6	14	
28:
36	0.056	10	18	11	17	11	15	10	12	8	10	5	9	3	9	2	10	2	12	1	15	1	18	1	20	2	22	4	23	5	23	7	22	10	20	14	17	18	15	21	12	23	10	24	8	24	7	23	5	21	4	18	2	14	1	10	1	7	2	5	4	4	7	4	10	5	12	7	15	9	17	10	18	10	18	
29:
38	0.05	18	8	19	8	20	9	20	11	19	13	17	14	15	14	13	13	12	11	12	8	13	5	14	3	15	2	17	2	20	3	24	3	27	4	29	6	30	9	30	12	29	14	27	17	24	21	21	24	17	26	12	28	8	29	5	29	3	28	2	26	2	23	3	19	5	16	8	14	12	13	15	11	17	9	18	8	18	8	
30:
35	0.09	27	24	26	23	24	23	21	24	17	25	12	25	8	25	5	25	2	25	0	24	-1	23	-1	21	0	18	2	16	5	13	9	10	12	8	14	7	15	7	15	8	16	9	18	10	20	10	21	9	23	7	25	6	26	6	26	7	25	9	24	11	23	14	23	18	24	21	26	23	27	24	27	24	
31:
38	0.056	23	17	24	18	25	20	25	23	25	26	24	28	23	29	21	29	19	28	17	26	16	23	16	19	16	15	15	12	13	10	10	9	7	9	4	10	2	12	1	15	0	17	0	18	1	18	3	17	6	15	10	12	14	8	18	5	21	3	23	2	25	2	26	3	27	5	27	8	26	11	24	14	23	16	23	17	23	17	
32:
38	0.321	4	7	5	6	6	6	6	7	5	8	3	9	1	10	0	12	0	15	1	18	3	20	6	21	9	21	13	22	16	24	18	25	19	25	20	24	20	22	19	19	19	15	20	11	20	8	21	6	23	4	26	3	28	3	29	2	29	0	28	-2	26	-3	23	-3	19	-2	14	-1	10	1	7	4	5	6	4	7	4	7	
33:
41	0.052	17	12	18	13	19	14	21	15	23	15	25	14	26	12	26	11	25	11	23	12	20	14	18	16	15	18	13	19	12	19	11	19	11	19	12	20	14	22	17	25	19	27	20	28	21	28	21	27	20	25	18	22	15	18	11	14	8	11	6	8	5	6	3	5	2	5	2	6	3	6	5	6	8	6	11	7	14	9	16	11	17	12	17	12	
34:
32	0.025	7	16	6	16	4	17	3	18	3	19	4	19	6	19	9	18	12	16	15	13	17	10	18	7	18	5	17	2	17	0	18	-1	20	-1	23	0	26	2	28	4	29	6	29	9	29	13	28	16	26	18	23	20	19	21	15	21	12	20	10	18	8	17	7	16	7	16	
35:
39	0.265	12	10	13	11	14	12	16	12	17	11	19	10	21	10	22	11	23	12	23	13	23	13	23	12	24	10	26	8	27	7	27	6	28	6	29	7	30	9	31	12	31	16	30	19	28	21	25	22	22	22	19	23	17	25	16	27	15	29	13	30	12	30	10	29	8	27	7	24	7	20	8	16	9	13	11	11	12	10	12	10	
36:
47	0.023	25	27	24	26	22	26	21	27	21	29	22	30	24	30	26	29	27	27	27	25	26	24	24	24	21	23	19	21	18	18	18	15	19	12	19	10	18	9	16	9	15	9	15	10	16	10	18	9	20	7	22	5	23	4	23	3	22	3	20	3	17	4	13	6	9	8	6	11	3	15	1	18	0	21	0	24	1	26	3	27	6	27	10	26	15	25	19	25	22	25	24	26	25	27	25	27	
37:
43	0.047	19	19	20	19	22	19	24	20	25	22	25	25	24	27	22	28	20	29	17	29	15	28	13	26	10	24	8	23	7	23	7	24	8	25	10	25	13	24	16	22	18	19	19	15	19	12	18	8	16	5	13	3	11	2	10	2	10	3	11	4	13	6	16	8	20	10	23	11	25	12	26	12	27	11	27	11	26	12	24	14	22	16	20	18	19	19	19	19	
38:
51	0.609	22	23	23	24	25	26	27	27	28	27	29	26	29	24	28	22	26	19	24	17	23	14	23	12	24	11	26	10	28	9	29	7	29	6	28	5	26	5	23	6	19	7	16	9	14	12	13	14	12	17	12	19	11	20	9	20	7	19	5	17	3	15	2	12	1	10	1	7	2	5	4	4	7	4	10	5	12	7	13	10	13	14	12	19	11	23	10	26	10	28	11	29	13	29	16	28	19	26	21	24	22	23	22	23	
39:
31	0.059	20	21	19	22	17	22	16	23	16	25	17	26	18	26	18	25	17	23	15	20	12	17	10	14	9	12	7	11	6	10	5	8	5	5	6	3	8	1	11	0	14	0	17	1	19	3	20	6	21	8	23	11	24	13	24	15	23	18	21	20	20	21	20	21	
40:
38	0.087	26	13	25	13	23	13	22	14	21	16	21	19	22	21	23	22	23	23	22	23	20	22	17	20	15	18	12	17	8	17	5	17	3	18	2	20	2	21	3	21	4	20	4	18	3	15	2	12	2	8	3	5	5	3	8	2	11	1	15	0	19	0	22	1	24	2	25	4	25	7	25	10	25	12	26	13	26	13	
41:
37	0.039	16	22	15	23	15	25	16	27	16	29	15	30	13	30	10	29	8	28	7	26	7	24	8	21	9	17	10	14	10	12	9	11	7	10	5	10	3	9	2	7	2	4	3	1	5	-1	8	-2	12	-2	17	-1	21	1	24	3	26	6	27	9	27	13	26	16	24	18	21	19	19	20	17	21	16	22	16	22	
42:
39	0.146	10	27	11	26	11	24	10	22	8	20	5	17	3	15	1	13	0	10	-1	7	-1	5	0	4	1	4	3	5	6	7	9	9	11	11	12	12	13	12	13	11	13	9	14	6	15	3	17	1	20	0	23	0	26	1	28	3	29	6	29	9	28	13	27	18	25	22	22	25	18	27	15	28	13	28	11	27	10	27	10	27	
43:
40	0.18	7	2	6	2	4	3	2	5	1	8	0	11	0	15	0	20	0	24	1	27	2	29	4	30	7	30	10	29	12	27	13	24	13	21	12	19	12	18	13	18	15	19	17	21	19	23	20	25	22	26	25	26	27	25	28	23	28	20	28	16	28	11	27	7	25	4	22	1	18	-1	14	-2	11	-2	9	-1	8	1	7	2	7	2	
44:
40	0.032	12	1	12	2	12	3	13	3	14	2	16	1	19	1	21	2	23	4	24	7	24	10	23	13	21	17	18	20	15	22	12	23	10	23	9	22	8	20	7	19	7	19	8	20	10	22	12	25	15	27	18	30	22	32	25	33	27	33	29	32	30	30	30	28	29	25	27	21	24	16	20	11	17	7	15	4	13	2	12	1	12	1	
45:
30	0.111	5	0	4	1	4	3	4	6	5	9	7	13	9	17	12	20	14	22	15	23	15	23	16	22	18	22	20	23	23	24	26	24	28	24	29	24	29	23	29	21	29	18	28	15	26	13	23	12	19	11	15	9	11	6	8	3	6	1	5	0	5	0	
46:
43	0.145	20	14	21	13	21	11	21	10	20	8	18	7	16	7	14	8	13	10	12	13	12	17	13	21	14	24	14	26	15	27	17	27	20	27	24	26	27	24	29	21	30	17	31	13	31	10	30	8	28	7	25	7	21	8	17	10	13	13	10	15	8	16	5	17	3	17	2	16	2	14	3	13	5	13	8	14	12	15	15	16	17	16	19	15	20	14	20	14	
47:
40	0.122	17	12	16	11	14	11	12	12	11	12	11	11	11	9	12	6	14	4	17	3	21	1	24	0	27	0	29	1	30	3	30	6	29	10	28	15	26	19	23	22	21	24	20	25	19	25	18	24	18	22	17	20	15	17	12	13	8	10	5	8	3	7	2	6	2	4	3	3	5	3	8	4	11	6	14	9	16	11	17	12	17	12	
48:
40	0.061	12	16	11	15	9	15	7	16	6	16	6	15	7	14	8	12	10	10	12	7	13	5	13	4	12	2	10	1	9	0	9	-1	10	-2	12	-3	15	-3	18	-2	21	0	23	3	24	6	25	9	25	11	24	12	22	12	20	12	19	13	19	14	20	16	22	17	23	18	23	18	22	18	20	17	17	16	15	15	13	15	12	16	12	16	
49:
39	0.083	10	15	9	16	8	18	8	20	9	21	11	23	13	25	14	27	14	28	13	28	11	28	8	27	6	25	4	23	3	20	3	17	4	14	6	12	9	11	13	11	18	12	22	14	25	17	27	19	28	20	28	20	27	19	26	17	26	14	27	12	27	9	26	7	24	6	21	6	17	7	14	9	12	12	11	14	10	15	10	15	
50:
35	0.208	7	21	7	20	6	18	5	16	3	15	2	15	2	16	3	17	5	17	8	16	11	15	13	13	14	10	15	7	17	5	18	4	18	4	19	5	21	7	24	10	26	14	27	18	27	21	26	23	24	25	21	27	18	28	15	28	11	29	8	29	6	28	5	26	5	24	6	22	7	21	7	21	
51:
44	0.051	10	24	11	23	11	21	12	19	13	17	13	16	12	16	10	16	8	16	7	15	7	13	8	10	10	8	12	6	15	5	18	5	20	6	21	8	21	11	20	15	20	19	20	22	21	24	23	25	26	26	28	27	29	27	29	26	28	26	26	27	24	28	21	30	17	31	12	31	8	32	5	32	3	31	2	29	2	26	3	24	5	23	7	23	9	23	10	24	10	24	
52:
35	0.125	19	22	20	21	22	20	25	19	27	18	28	18	28	19	27	19	25	18	23	16	20	13	17	10	13	8	10	7	6	7	3	8	1	10	0	13	0	16	1	18	2	19	3	19	3	18	2	17	0	17	-1	18	-1	20	0	22	2	24	5	25	9	25	13	24	16	23	18	22	19	22	19	22	
53:
34	0.061	6	15	7	14	7	12	6	9	5	7	5	5	6	4	7	4	9	5	12	6	16	7	19	9	22	10	24	11	25	13	26	16	26	19	25	21	24	22	22	22	20	21	18	21	17	21	17	22	18	24	18	26	17	27	15	27	13	26	11	24	9	21	7	18	6	16	6	15	6	15	
54:
43	0.026	8	7	7	6	5	4	3	2	2	1	1	1	1	2	2	4	2	7	2	10	2	12	1	13	0	13	0	13	1	13	3	14	6	15	9	15	11	16	12	16	12	15	11	15	9	16	7	18	5	20	4	22	4	25	5	27	7	28	10	28	14	29	17	30	19	30	21	29	22	27	22	24	21	21	19	18	16	15	14	13	11	10	9	8	8	7	8	7	
55:
39	0.378	6	15	6	14	6	13	6	13	6	14	7	16	7	19	6	22	5	24	3	25	1	25	0	24	0	24	1	25	3	27	6	28	10	28	13	27	15	25	16	22	16	20	17	19	19	19	21	20	23	20	24	19	24	17	23	14	22	10	21	7	21	5	21	4	20	4	18	5	15	7	12	10	9	12	7	14	6	15	6	15	
56:
39	0.056	14	26	13	26	12	26	12	27	13	28	15	28	18	27	20	25	22	23	23	20	23	17	22	15	20	14	17	14	15	14	13	15	11	17	10	19	10	20	9	20	8	19	8	17	9	14	11	11	14	8	16	6	19	5	23	5	26	6	28	6	29	6	29	7	28	9	26	12	23	16	20	20	17	23	15	25	14	26	14	26	
57:
41	0.186	0	23	1	24	1	25	2	26	4	26	5	25	5	23	5	20	4	18	3	16	2	14	2	12	3	10	5	9	8	9	12	9	15	10	17	12	18	14	18	15	17	15	16	14	16	12	17	9	19	7	22	6	25	6	27	7	29	9	30	12	30	15	29	19	27	23	24	26	20	28	15	29	10	29	6	28	3	26	1	24	0	23	0	23	
58:
39	0.084	3	28	4	27	6	27	9	27	13	28	18	28	22	27	25	27	27	26	29	24	30	22	30	19	29	15	28	10	28	6	28	3	27	1	25	0	24	0	23	1	21	3	18	5	14	6	11	6	9	5	7	3	6	1	6	0	7	0	7	1	7	3	8	6	9	9	9	13	8	18	6	22	4	25	3	27	3	28	3	28	
59:
36	0.13	5	9	6	9	8	9	10	9	11	9	11	8	10	6	10	4	9	3	9	3	10	4	12	5	15	7	18	8	21	8	23	7	24	6	24	6	23	7	22	9	22	12	22	16	22	19	22	21	21	22	21	22	20	21	18	19	16	17	14	16	11	16	8	15	6	13	5	11	5	10	5	9	5	9	
60:
32	0.03	21	27	21	26	21	24	22	22	24	20	26	19	27	18	27	17	26	15	24	12	23	9	23	7	24	6	26	6	28	6	29	7	29	7	28	7	26	7	23	8	19	9	15	9	12	10	10	10	9	11	9	13	10	15	12	18	15	21	18	24	20	26	21	27	21	27	
61:
40	0.034	0	15	0	14	0	13	1	13	3	14	6	15	8	17	9	20	9	23	8	25	7	26	6	26	6	25	7	23	9	21	12	19	16	18	20	18	23	19	25	21	27	23	29	24	30	24	31	23	31	21	30	18	28	14	25	9	22	5	19	2	15	0	12	-1	10	-1	8	0	7	2	5	5	3	9	1	12	0	14	0	15	0	15	
62:
30	0.077	19	8	18	7	16	6	15	4	13	3	10	3	6	4	3	6	1	8	0	9	0	9	1	9	3	10	5	11	6	13	6	15	5	18	5	22	6	25	7	27	9	28	12	28	15	27	18	25	20	22	21	18	21	14	20	11	19	9	19	8	19	8	
63:
45	0.152	5	20	5	19	5	17	5	14	6	12	7	10	8	8	10	7	12	7	15	8	18	10	20	13	21	15	21	16	20	16	19	15	19	13	19	10	20	8	21	7	23	7	26	8	28	9	30	9	31	8	31	6	30	5	28	5	27	6	27	8	28	10	29	13	29	17	28	21	26	24	24	26	23	27	22	27	20	26	17	24	13	22	10	20	8	19	6	19	5	20	5	20	
64:
36	0.207	23	26	22	25	21	23	20	21	20	19	21	18	23	18	26	17	28	16	29	14	29	11	28	9	27	8	26	8	25	9	23	10	22	10	22	9	22	8	21	7	19	7	17	8	14	9	10	11	7	14	5	18	4	22	4	26	5	29	7	31	10	32	14	32	17	31	20	29	22	27	23	26	23	26	
65:
36	0.02	23	2	22	3	20	4	19	6	18	8	18	11	18	13	17	14	15	14	12	13	8	13	5	14	2	14	0	13	-1	11	-1	10	0	10	2	11	4	13	6	16	8	20	10	24	13	27	17	29	20	30	22	30	23	29	24	27	25	24	27	21	28	17	28	12	27	8	25	5	24	3	23	2	23	2	
66:
40	0.076	14	13	13	13	11	14	10	16	10	18	11	21	11	23	12	24	13	24	13	23	12	23	10	24	7	24	4	23	2	21	1	18	1	14	1	9	0	5	0	2	1	0	2	-1	4	-1	7	0	11	2	14	5	18	8	21	11	24	15	26	19	28	22	29	24	29	25	28	25	26	24	23	22	20	19	17	16	15	14	14	13	14	13	
67:
41	0.029	6	19	5	20	4	20	3	19	3	17	4	15	6	14	9	14	12	15	14	17	15	19	15	20	14	20	12	20	10	19	8	17	6	14	5	11	5	9	6	7	8	6	11	6	15	7	19	9	22	10	25	10	27	9	28	8	28	6	28	3	27	1	25	0	23	0	20	1	16	3	12	6	9	9	7	13	6	16	6	18	6	19	6	19	
68:
39	0.063	0	18	1	18	2	17	3	15	5	13	6	12	6	10	5	7	3	4	2	2	1	1	1	0	2	0	4	1	7	3	11	5	14	7	16	8	19	8	21	7	22	5	23	3	23	2	24	2	26	3	28	5	29	8	30	12	30	17	29	21	27	24	24	26	20	27	15	27	10	26	6	24	3	21	1	19	0	18	0	18	
69:
39	0.039	10	21	9	22	7	22	6	21	6	20	7	18	8	16	10	15	12	15	15	16	17	16	18	15	18	13	17	10	15	6	13	3	11	1	9	0	8	0	7	1	7	3	8	6	10	8	13	11	16	15	20	19	24	23	27	26	29	28	30	29	30	29	29	28	27	26	24	23	20	21	16	20	13	20	11	20	10	21	10	21	
70:
29	0.081	17	1	17	2	16	4	14	6	12	9	11	13	11	17	10	21	9	24	9	26	10	27	12	27	15	27	18	27	21	26	23	25	24	23	25	21	27	20	29	19	30	17	30	14	29	10	27	7	24	4	22	2	20	1	18	1	17	1	17	1	
71:
39	0.13	15	3	14	2	12	2	11	1	11	1	12	2	14	4	16	5	18	5	19	6	19	8	18	11	18	15	19	18	21	20	24	21	26	22	27	24	27	26	26	27	25	28	23	28	20	27	16	25	13	22	11	18	9	15	6	13	3	12	1	12	0	11	0	9	1	8	3	6	6	4	9	3	12	2	14	2	15	3	15	3	
72:
39	0.202	14	0	15	1	17	2	19	4	21	5	24	5	26	4	27	3	27	1	28	0	28	0	27	1	25	3	22	6	19	9	16	12	14	14	12	17	11	19	9	20	8	21	8	21	9	21	11	22	13	24	15	27	16	29	18	30	20	30	23	29	25	27	26	24	26	20	25	15	23	10	20	6	17	3	15	1	14	0	14	0	
73:
37	0.082	28	7	28	8	28	10	27	12	25	13	22	13	18	13	14	12	11	11	9	9	8	7	8	5	9	4	11	2	12	0	12	-1	11	-1	9	0	7	2	6	5	6	9	7	14	7	19	7	23	6	26	4	28	3	29	3	29	4	28	6	26	9	24	13	21	18	17	22	13	25	10	27	8	28	7	28	7	
74:
45	0.028	1	10	2	9	4	8	6	7	8	5	9	3	9	2	8	0	6	-1	5	-1	5	0	6	2	8	5	11	8	14	11	17	14	19	16	20	18	20	20	19	21	17	21	14	21	12	22	11	22	11	21	12	19	14	16	17	14	21	13	25	13	28	14	30	16	31	19	31	22	30	24	29	25	27	25	24	24	20	22	15	19	11	16	7	13	4	11	2	10	1	10	1	10	
75:
40	0.039	16	19	15	20	13	20	11	19	10	17	10	15	11	13	13	12	15	10	16	7	16	5	16	4	17	4	19	5	22	7	24	10	25	12	25	13	24	13	22	12	20	10	17	7	13	5	8	4	4	4	1	5	-1	7	-2	10	-2	14	-1	18	0	22	0	25	0	27	1	28	3	28	6	27	10	25	13	22	15	20	16	19	16	19	
76:
37	0.063	20	3	19	4	18	6	17	7	16	7	15	6	13	6	12	7	12	9	13	11	14	12	14	14	15	17	17	19	19	22	21	24	23	26	24	28	24	29	23	29	21	28	18	26	14	23	10	19	6	15	3	12	1	10	0	8	0	5	1	2	3	0	6	-1	10	-1	14	-1	17	0	19	2	20	3	20	3	
77:
43	0.025	15	4	16	5	16	7	15	9	14	12	12	14	10	15	9	15	9	14	10	13	12	13	15	14	17	14	18	14	18	15	17	17	16	19	16	20	17	20	19	19	22	19	25	19	27	20	28	22	28	25	27	27	25	28	22	28	18	27	13	25	9	24	6	22	3	21	1	20	0	19	0	17	1	14	3	11	6	9	9	8	12	6	14	5	15	4	15	4	
78:
40	0.182	10	26	9	25	7	24	5	22	2	21	0	21	-1	22	-1	23	0	25	2	26	5	27	9	27	14	28	18	29	21	29	23	29	24	28	24	26	23	23	21	19	20	16	19	12	19	9	20	7	22	6	24	6	25	6	25	5	24	3	22	2	19	2	16	3	14	5	11	8	9	12	8	16	8	20	8	23	9	25	10	26	10	26	
79:
44	0.118	22	27	21	26	19	24	18	23	16	22	14	22	13	23	13	25	12	28	10	30	8	31	5	31	3	30	2	28	2	25	3	21	5	17	8	14	12	12	15	11	18	11	20	10	21	9	21	7	20	6	18	4	15	2	12	0	10	-1	9	-1	9	0	10	2	12	5	15	9	19	12	22	14	25	15	27	16	28	18	28	20	27	22	25	24	23	26	22	27	22	27	
80:
39	0.067	23	27	23	26	23	25	24	24	26	24	28	25	29	27	29	28	29	28	28	27	27	25	26	22	25	18	25	14	26	11	28	9	29	8	29	6	28	4	26	2	23	1	21	1	18	2	14	3	10	5	6	6	3	6	1	7	0	8	0	10	1	13	3	16	6	19	9	21	13	22	17	23	20	24	22	26	23	27	23	27	
81:
35	0.07	6	21	5	22	5	23	4	23	4	22	5	22	7	21	10	19	13	18	17	18	20	17	22	15	24	12	25	10	25	8	24	7	22	5	21	3	20	2	20	1	21	0	23	-1	25	-1	26	0	26	1	25	2	23	3	20	5	16	6	12	8	9	11	7	15	6	18	6	20	6	21	6	21	
82:
33	0.159	6	6	5	7	4	9	3	12	3	14	4	15	6	15	9	14	12	14	14	15	15	17	15	19	15	22	16	25	18	27	21	28	24	28	27	27	30	25	33	22	35	19	36	15	36	10	35	6	33	3	30	1	26	0	21	0	16	0	12	1	9	3	7	5	6	6	6	6	
83:
38	0.032	21	9	21	10	20	12	19	13	17	13	16	12	16	10	16	8	16	5	17	3	19	1	20	0	22	0	24	1	27	2	29	4	30	7	30	11	29	14	27	16	24	17	20	17	15	17	10	16	6	14	3	11	1	7	0	3	0	0	1	-2	3	-3	6	-3	10	-2	13	0	16	3	18	6	20	8	21	9	21	9	
84:
35	0.205	3	27	4	26	6	24	9	21	12	18	14	15	15	13	17	12	18	12	19	13	20	15	22	16	24	16	26	15	27	13	28	11	28	9	27	6	27	4	26	3	24	3	23	4	21	5	18	5	14	4	9	4	5	5	2	7	0	10	-1	13	-1	17	-1	21	0	24	2	26	3	27	3	27	
85:
40	0.063	18	9	17	8	17	6	18	3	20	1	23	0	26	0	28	1	29	3	29	6	28	10	28	15	28	19	28	22	27	24	25	25	23	27	20	28	16	28	13	27	10	25	8	22	7	20	6	19	5	19	5	20	5	22	4	25	3	27	1	28	0	28	0	28	1	27	3	25	5	22	8	18	12	15	15	12	17	10	18	9	18	9	
86:
39	0.042	24	21	23	22	21	22	19	23	17	23	15	22	14	22	14	23	15	25	15	27	14	28	12	28	9	28	7	27	6	25	5	22	5	18	6	15	8	13	10	12	13	11	17	11	20	12	23	12	25	11	26	9	27	7	27	4	27	2	27	1	28	1	28	2	27	4	25	7	24	11	23	15	23	18	23	20	24	21	24	21	
87:
34	0.239	5	3	6	4	6	5	7	6	9	6	12	6	15	7	17	9	20	12	23	14	25	16	26	18	26	19	25	21	25	22	26	22	28	22	29	23	29	25	28	27	26	29	23	30	19	30	14	30	10	29	7	27	4	24	2	20	1	15	1	11	1	8	2	6	4	4	5	3	5	3	
88:
37	0.071	16	28	15	28	13	28	11	27	10	25	9	23	9	21	10	20	12	20	15	21	19	21	22	21	24	21	25	22	25	24	24	26	23	27	23	27	22	26	22	24	22	21	23	19	23	16	23	12	23	9	22	7	22	6	21	6	21	7	21	9	21	12	20	16	18	19	17	22	16	25	16	27	16	28	16	28	
89:
42	0.855	16	14	15	13	14	11	13	8	13	6	14	4	16	3	19	2	22	2	24	3	25	5	27	8	28	11	28	15	28	18	28	20	29	21	29	21	28	20	26	20	24	21	23	22	23	23	24	25	24	28	23	30	21	31	18	31	15	30	11	29	8	27	5	24	3	21	2	18	2	16	3	15	5	15	8	14	10	13	13	13	15	13	16	14	16	14	
90:
40	0.081	7	15	7	14	7	13	7	11	8	8	10	5	13	2	15	0	18	-1	21	-1	24	0	28	2	31	5	33	9	34	13	34	16	33	18	32	20	30	21	27	21	23	20	19	19	15	19	12	20	10	22	8	23	7	24	6	25	6	27	7	28	9	29	12	30	14	30	15	29	15	27	14	24	12	21	10	18	8	16	7	15	7	15	
91:
39	0.212	27	25	26	25	24	25	23	24	21	22	19	19	18	15	17	12	17	9	18	7	20	6	23	5	26	5	28	4	29	2	29	-1	28	-3	26	-5	23	-6	19	-6	15	-5	11	-3	8	0	6	4	5	8	4	13	2	17	1	20	1	23	2	26	3	29	5	31	8	32	12	32	17	31	21	29	24	27	26	26	27	25	27	25	
92:
42	0.165	29	8	28	7	26	5	23	3	19	2	16	1	14	1	13	2	13	4	13	7	12	10	12	14	11	17	10	19	10	21	11	22	12	22	12	22	11	23	11	23	12	22	13	22	14	21	14	21	13	21	11	21	8	22	6	24	5	27	5	30	5	32	6	33	8	33	11	32	15	30	18	27	20	23	21	18	23	14	26	11	28	9	29	8	29	8	
93:
41	0.154	23	24	23	25	23	26	23	26	22	25	22	23	22	20	22	17	23	15	25	14	26	14	26	15	25	17	23	20	21	23	19	26	18	28	16	29	14	29	11	28	8	26	6	23	5	19	5	15	6	12	7	9	9	6	10	3	12	1	13	0	13	0	12	0	11	1	11	3	12	6	14	10	16	14	19	18	21	21	22	23	23	24	23	24	
94:
38	0.044	18	10	17	11	15	13	13	15	10	16	6	16	3	15	0	14	-2	14	-4	15	-5	17	-5	20	-4	23	-2	26	1	28	5	29	10	29	15	28	19	28	22	27	24	25	25	22	26	19	26	17	25	14	23	10	21	7	18	4	15	2	12	1	10	0	9	0	9	1	10	3	12	5	15	7	17	9	18	10	18	10	
95:
40	0.072	0	22	0	21	-1	19	-1	17	0	15	2	14	5	12	9	10	12	9	15	9	18	10	21	12	24	15	26	17	27	20	27	22	26	23	24	23	22	22	20	20	18	17	17	13	17	9	18	6	20	3	22	0	25	-2	27	-3	28	-3	28	-2	27	-1	25	1	22	4	19	8	15	12	10	16	6	19	3	21	1	22	0	22	0	22	
96:
37	0.031	2	0	3	1	4	3	6	6	9	9	11	11	12	13	12	15	11	16	9	16	6	15	3	15	1	16	0	18	0	21	1	23	3	24	6	24	10	23	15	21	19	20	23	19	26	19	28	20	29	22	29	23	28	23	26	23	23	22	19	20	14	17	10	13	7	9	5	6	3	3	2	1	2	0	2	0	
97:
30	0.042	13	21	12	20	12	20	13	21	15	23	18	24	21	24	24	23	26	21	27	18	27	16	26	14	24	12	21	10	17	9	14	8	12	6	11	3	9	1	7	0	4	0	2	1	1	3	1	6	2	10	4	14	7	17	10	19	12	20	13	21	13	21	
98:
40	0.031	2	25	2	24	3	22	5	21	8	20	12	20	15	19	17	19	18	20	18	22	17	24	16	26	14	27	11	27	9	26	7	24	6	21	6	17	7	13	7	10	8	8	10	7	12	6	15	6	19	7	23	7	26	6	28	4	29	2	29	1	28	1	26	2	23	4	19	7	15	11	12	15	8	19	5	22	3	24	2	25	2	25	
99:
43	0.022	12	13	13	13	15	12	16	12	16	11	16	9	15	8	13	8	12	9	12	11	13	13	15	16	18	19	21	21	24	22	26	22	27	21	28	20	28	20	27	21	26	23	24	25	21	28	18	30	15	31	13	31	12	30	12	28	13	25	15	21	17	16	20	11	23	7	25	4	26	2	26	1	25	1	23	2	20	4	17	7	15	10	13	12	12	13	12	13	