0:
64	4.269	1	19	2	20	4	22	5	25	5	29	4	34	2	40	1	46	1	51	1	56	2	60	4	63	7	65	11	66	16	66	22	66	28	65	34	65	41	66	47	68	53	71	58	74	64	78	70	81	76	83	83	84	90	84	96	83	101	81	105	78	108	74	110	69	111	63	111	56	110	50	108	45	105	41	101	38	96	36	90	34	83	33	75	33	68	34	61	36	55	39	50	43	46	47	43	50	41	52	39	53	36	53	32	52	27	50	23	47	20	43	18	38	17	33	16	29	14	26	11	23	7	21	4	20	2	20	1	19	1	19	
1:
69	28.616	79	25	80	25	82	24	83	24	83	25	82	26	81	27	79	29	76	30	72	31	67	32	62	33	58	35	55	36	53	38	52	40	52	43	53	45	55	48	58	52	62	57	67	61	73	64	79	66	84	69	88	71	91	72	93	72	94	71	94	70	93	70	91	70	88	71	84	73	79	75	73	78	66	81	58	83	51	84	45	84	40	83	35	81	31	78	28	74	26	69	25	63	25	56	26	48	28	41	29	33	31	25	32	18	32	12	31	7	31	3	31	0	32	-2	34	-3	37	-3	41	-2	46	0	52	3	58	6	64	10	69	15	73	19	76	22	78	24	79	25	79	25	
2:
67	21.393	51	75	50	74	48	72	45	69	42	65	38	60	33	54	27	48	22	41	18	33	15	26	12	20	10	15	9	11	9	8	10	6	12	5	14	5	15	6	16	8	18	11	21	15	25	18	30	20	35	21	40	21	45	20	49	18	52	16	55	14	59	13	64	13	68	14	71	16	74	19	76	23	77	28	78	34	78	40	77	45	75	49	72	52	68	54	63	55	57	55	50	54	42	54	35	54	29	55	24	57	20	59	17	62	15	64	14	67	14	71	15	74	17	76	20	77	23	77	27	76	32	76	36	76	41	77	45	77	48	76	50	75	51	75	51	75	
3:
73	13.101	6	51	5	52	3	54	1	57	-1	61	-3	65	-4	69	-4	73	-3	78	-1	82	2	85	6	87	11	88	16	88	20	87	23	85	25	82	26	78	26	73	25	67	23	60	21	52	19	44	18	36	16	29	15	23	15	18	16	14	18	11	21	9	25	8	30	8	34	9	37	11	39	14	41	17	44	21	47	26	50	30	53	33	57	35	61	36	66	36	70	35	73	34	75	34	76	35	76	37	75	40	73	43	70	45	66	47	61	48	55	48	48	47	42	45	36	42	31	38	27	34	23	31	20	29	18	27	17	26	15	26	12	27	8	29	5	32	3	36	2	41	2	45	3	48	5	50	6	51	6	51	
4:
69	15.02	92	7	91	8	89	10	86	13	82	16	77	18	71	19	64	19	57	18	50	18	44	17	38	16	33	15	29	15	26	16	24	18	23	21	23	25	24	30	26	36	29	42	32	49	34	57	35	65	35	72	34	78	32	83	30	87	27	90	23	92	18	93	14	93	11	93	9	92	8	90	8	87	9	84	11	81	14	78	18	74	23	69	29	64	36	60	43	57	51	54	58	52	65	51	71	51	76	52	80	53	83	55	85	58	86	60	86	61	85	61	85	60	85	58	86	55	87	51	87	46	88	41	88	35	87	28	86	22	86	17	87	13	89	10	91	8	92	7	92	7	
5:
77	7.366	30	17	29	17	27	17	24	17	20	17	15	17	10	18	5	20	1	23	-2	26	-4	29	-5	31	-5	34	-4	38	-2	42	1	45	5	47	10	48	16	48	23	47	30	45	36	42	43	38	51	33	60	27	68	22	75	18	81	15	86	13	90	12	93	12	95	13	96	15	97	18	97	22	96	27	94	33	91	40	88	48	84	55	80	63	77	70	75	77	74	83	74	88	75	92	77	95	78	97	78	98	77	98	76	97	74	95	71	92	67	88	62	83	58	77	55	70	53	62	52	53	52	44	52	36	51	29	50	22	50	16	50	11	49	7	48	4	46	2	43	1	39	1	36	2	34	4	33	7	33	11	32	14	31	16	30	17	30	17	
6:
84	49.016	18	51	18	50	19	48	21	45	24	41	28	36	33	32	38	29	44	27	51	26	59	26	66	27	73	29	80	32	86	35	91	39	95	44	98	50	100	56	101	62	101	68	100	75	98	81	95	86	91	90	86	93	80	95	73	96	66	96	58	95	49	93	40	91	32	89	25	88	19	88	14	88	10	89	7	91	5	94	4	98	4	101	5	105	7	108	10	110	14	111	19	111	25	110	32	108	40	106	49	103	58	99	66	94	73	88	79	82	84	75	88	67	91	58	93	48	94	39	94	31	93	24	91	18	88	13	84	9	79	6	73	4	66	3	58	3	50	2	43	2	37	2	32	3	28	5	24	8	21	12	19	17	17	23	15	30	14	36	14	41	14	45	15	48	17	50	18	51	18	51	
7:
73	21.848	36	50	37	49	39	49	42	49	46	50	51	52	57	55	64	58	70	62	75	67	79	73	82	79	84	84	85	88	85	91	85	93	86	94	88	94	91	93	95	92	98	90	100	87	101	83	101	78	100	73	98	69	95	66	92	64	88	63	85	63	83	63	82	62	82	60	81	57	81	54	82	50	84	45	87	41	91	37	94	33	96	30	97	26	97	21	96	15	94	8	91	2	88	-4	84	-9	79	-13	73	-16	66	-18	58	-19	50	-20	43	-20	37	-19	32	-17	28	-14	25	-10	23	-5	22	1	22	6	23	10	25	15	28	20	32	25	35	29	37	32	39	36	40	40	40	44	39	47	37	49	36	50	36	50	
8:
66	3.568	5	18	4	19	3	21	2	24	0	28	-1	33	-1	37	0	42	2	47	5	53	9	59	13	64	16	70	19	75	22	79	26	82	31	84	37	85	44	85	50	85	55	85	59	84	62	82	64	79	65	75	65	70	64	64	62	59	59	54	55	48	50	43	45	39	39	35	34	32	29	30	25	29	22	29	20	30	19	31	19	32	20	32	22	32	25	31	29	29	33	26	36	24	38	23	39	23	39	24	38	24	36	24	33	23	29	21	25	18	20	14	15	11	10	9	6	8	3	7	1	7	0	8	0	10	1	12	2	15	4	17	5	18	5	18	
9:
73	179.204	71	51	72	50	74	48	77	45	81	41	84	36	86	32	87	28	87	24	86	20	84	17	81	15	77	14	72	14	67	13	62	13	58	14	55	16	53	19	52	23	52	28	52	34	51	40	49	45	46	49	42	52	38	54	35	55	33	55	32	54	32	52	33	49	33	45	34	40	34	34	33	29	32	25	30	22	27	20	23	19	18	19	14	20	11	22	9	25	8	29	8	34	9	40	11	46	14	52	18	57	23	62	27	67	30	73	32	78	33	83	33	87	32	90	32	92	33	93	35	93	38	92	42	90	47	87	51	84	56	81	61	77	65	72	68	66	70	61	71	57	72	54	72	52	71	51	71	51	
10:
72	7.712	59	27	58	26	56	25	53	24	49	22	44	19	38	17	31	14	25	11	18	9	12	8	7	8	3	9	0	11	-2	14	-3	18	-3	23	-2	29	0	35	3	41	7	46	12	50	17	54	21	59	24	65	26	72	27	79	27	85	27	90	28	94	30	98	32	101	35	103	39	104	44	104	50	103	57	101	65	98	72	95	78	91	83	86	87	80	90	73	94	65	97	56	99	47	101	39	102	32	102	26	101	21	99	17	96	14	92	12	87	11	81	11	75	12	69	14	63	17	58	21	54	24	50	28	47	32	45	35	44	37	44	38	45	38	47	37	50	35	53	32	56	30	58	28	59	27	59	27	
11:
71	17.456	64	52	63	51	61	51	58	50	54	48	50	45	45	42	39	40	32	39	25	38	18	38	12	37	7	35	3	32	0	28	-2	23	-4	18	-5	14	-5	11	-4	8	-2	6	1	5	5	5	10	5	16	5	23	6	31	8	40	10	49	13	57	17	64	21	70	26	75	32	79	39	82	47	84	56	85	65	85	74	84	82	82	89	79	95	75	100	70	104	64	107	57	109	50	110	43	110	37	109	30	107	24	104	19	100	15	95	12	91	10	88	9	86	9	85	10	85	12	86	15	87	19	87	24	86	30	84	35	81	41	77	46	72	51	67	55	62	58	58	61	55	63	53	64	52	64	52	
12:
78	120.3	30	21	29	21	27	21	24	21	20	22	15	24	10	25	6	25	3	25	1	26	0	28	0	31	1	35	3	38	6	40	10	41	15	41	20	41	26	40	33	39	41	37	50	34	59	30	67	25	74	21	80	17	85	14	89	12	92	11	94	11	95	12	95	14	94	17	93	21	93	26	92	32	91	39	91	45	90	50	88	56	85	61	81	65	78	68	76	70	74	71	73	71	73	70	74	68	76	65	77	62	79	60	82	59	86	59	89	60	91	61	93	61	94	60	94	58	94	55	93	52	91	50	88	49	84	49	79	48	75	48	70	47	64	45	58	42	53	38	49	34	45	29	42	25	40	22	38	20	36	19	33	19	31	20	30	21	30	21	
13:
77	9.48	27	84	26	83	24	82	23	80	21	77	19	73	17	68	16	62	15	55	13	49	10	44	8	40	5	37	3	35	2	34	2	33	3	33	5	34	8	36	12	38	17	41	23	45	30	48	38	50	46	51	54	51	61	50	68	48	74	46	79	43	83	39	86	34	88	28	89	22	89	17	88	13	86	10	83	8	79	7	74	7	70	8	67	10	65	13	64	17	64	22	65	28	67	35	69	43	70	52	70	61	70	69	69	76	68	82	66	87	65	91	65	94	66	96	66	97	65	97	63	96	62	94	60	91	58	87	57	83	56	78	55	74	53	71	50	69	46	68	41	68	37	69	34	71	31	74	29	78	28	81	28	83	27	84	27	84	
14:
73	5.234	46	23	45	24	43	26	40	29	37	33	34	38	32	43	31	49	31	55	32	62	34	68	36	73	39	77	43	81	46	84	48	86	49	87	49	87	48	86	46	84	43	81	40	77	36	72	32	66	29	60	25	53	20	45	15	38	11	32	8	27	6	23	5	20	5	18	6	17	8	17	11	18	15	20	20	23	26	25	33	27	41	28	49	28	57	27	64	25	70	22	76	18	82	14	87	11	91	8	94	6	96	5	97	5	97	6	96	8	94	11	91	13	89	16	87	20	85	25	83	29	82	32	81	34	79	35	76	35	72	34	68	32	63	29	59	26	55	24	52	23	49	22	47	22	46	23	46	23	
15:
61	17.977	9	73	10	72	10	70	11	67	13	63	16	58	20	53	25	49	31	46	38	44	45	43	51	43	56	44	60	46	63	49	65	53	66	58	68	64	71	70	75	75	79	79	84	84	89	88	93	91	96	93	98	94	99	94	99	93	98	93	96	92	93	90	89	87	84	85	78	82	71	80	63	79	56	78	50	78	45	77	41	77	38	78	36	80	35	83	35	87	35	92	34	96	32	99	29	101	25	102	20	102	15	101	11	99	8	96	6	92	4	87	3	83	3	79	4	76	6	74	8	73	9	73	9	73	
16:
70	10.383	45	4	46	3	48	2	51	2	54	3	56	5	57	7	57	10	56	14	54	19	51	24	47	30	42	37	36	43	30	48	25	54	21	61	18	67	16	72	15	76	15	79	16	81	18	82	21	83	25	83	30	84	36	85	43	87	51	90	59	92	67	93	74	93	80	92	85	90	89	88	92	85	94	81	95	77	96	72	96	66	95	61	93	57	90	54	86	51	81	48	75	46	68	45	60	44	52	43	45	42	38	40	32	37	27	33	22	28	18	23	15	18	13	14	12	9	12	5	13	2	15	0	18	-1	22	-1	27	0	32	2	36	3	39	3	42	3	44	3	45	4	45	4	
17:
57	9.213	25	25	26	26	28	28	31	31	35	35	40	40	46	46	51	53	55	59	58	65	60	72	61	78	61	83	60	87	58	90	55	92	52	93	49	93	46	92	44	90	42	87	41	83	39	78	37	73	34	67	31	61	28	55	24	50	19	46	15	43	11	41	7	40	4	40	2	41	1	41	1	40	2	38	4	35	5	31	6	26	6	21	6	15	7	10	7	6	6	3	4	1	3	0	3	0	4	1	6	3	9	6	13	10	17	15	20	19	22	22	24	24	25	25	25	25	
18:
64	9.044	37	87	38	86	40	85	43	85	47	86	52	86	56	85	59	83	61	80	62	78	62	75	61	73	59	71	56	70	54	68	53	65	53	61	54	56	56	50	58	44	61	37	64	31	66	26	67	21	67	17	66	13	64	10	62	8	61	5	59	1	56	-2	52	-4	47	-5	41	-5	36	-4	32	-2	29	1	26	5	24	10	23	16	23	22	24	27	26	33	29	39	32	45	34	50	35	56	35	62	34	67	32	71	29	74	25	76	22	77	20	78	19	80	19	82	20	83	22	83	25	84	29	86	32	87	34	87	36	87	37	87	37	87	
19:
59	3.03	46	53	47	52	49	51	52	51	56	52	61	54	65	57	68	60	70	64	71	67	71	70	70	73	68	77	65	82	61	87	56	91	52	94	49	96	47	97	46	97	46	96	47	94	49	91	50	87	51	82	51	77	50	73	48	70	45	67	41	65	37	62	32	58	26	55	21	52	16	50	12	49	9	49	7	48	6	46	6	43	7	39	7	34	6	30	5	27	5	24	6	22	8	21	10	21	13	22	17	24	22	27	28	31	33	35	37	40	40	44	42	47	43	50	45	52	46	53	46	53	
20:
62	2.705	22	43	21	44	19	44	16	44	12	44	8	43	4	41	1	38	-1	34	-2	29	-2	25	-1	22	0	20	2	19	5	19	9	19	14	20	18	22	21	23	23	23	24	22	24	20	23	18	23	16	24	15	26	15	29	16	33	18	37	21	42	25	48	30	55	36	63	42	71	49	78	56	84	64	89	71	93	77	96	82	98	86	99	89	99	91	98	92	96	92	93	91	89	90	84	88	78	86	71	83	64	79	58	74	53	69	49	63	46	57	42	52	39	48	36	45	32	43	28	42	25	42	23	42	22	43	22	43	
21:
76	49.32	9	25	8	26	8	28	9	31	11	35	13	40	15	46	17	53	20	59	22	65	24	70	25	75	25	79	24	82	22	84	19	85	15	85	12	84	9	82	6	79	4	75	3	70	3	64	4	57	6	49	9	42	13	36	17	31	22	26	27	22	33	19	40	17	47	15	53	14	58	14	63	15	68	17	72	20	75	24	77	29	78	35	78	42	78	49	79	57	81	64	83	70	86	76	90	81	93	85	96	88	98	90	99	91	99	91	98	90	96	88	94	85	92	81	89	76	85	70	81	63	78	55	76	47	73	40	69	34	64	29	58	25	52	22	45	19	37	17	30	16	24	16	19	17	15	19	12	22	10	24	9	25	9	25	
22:
70	3.552	86	4	85	5	85	7	84	10	82	14	79	19	76	25	72	31	67	36	62	41	58	45	54	48	51	50	49	51	48	52	48	53	49	53	51	53	54	54	58	56	62	57	67	57	73	56	80	54	86	53	91	53	95	53	98	54	100	56	101	59	101	63	100	68	98	74	95	80	91	85	86	89	80	92	73	94	65	95	56	95	47	95	39	94	32	92	26	89	21	85	17	80	13	75	10	69	8	63	7	56	7	50	8	45	10	41	13	36	17	32	22	28	27	25	33	23	40	22	48	22	55	23	62	23	68	22	73	20	77	17	80	13	82	10	83	7	85	5	86	4	86	4	
23:
78	11.131	4	10	5	11	7	13	9	16	11	20	14	25	18	31	21	38	23	46	24	54	24	61	24	68	24	74	23	80	21	85	18	89	16	92	15	94	14	95	14	95	14	94	15	92	17	89	20	85	24	80	29	76	35	71	41	67	48	64	56	62	63	61	69	61	74	62	78	64	82	66	85	67	87	67	88	66	88	64	87	61	86	57	86	52	86	46	85	39	84	32	84	26	85	21	87	17	90	14	94	12	98	11	101	11	103	12	104	14	104	17	103	21	101	25	98	28	94	30	90	31	86	31	81	31	75	30	69	28	64	25	60	21	56	16	51	11	45	7	39	4	32	2	25	1	19	1	14	2	10	4	7	7	5	9	4	10	4	10	
24:
66	5.863	46	48	47	49	49	51	52	54	56	58	59	63	61	69	62	75	63	80	63	85	62	89	60	92	57	94	53	95	48	96	42	96	35	96	29	95	24	93	20	90	17	86	15	81	14	75	14	69	15	64	17	60	19	56	20	53	20	49	19	46	17	42	14	39	10	35	7	31	5	26	3	20	2	15	2	10	3	6	5	3	7	1	10	0	14	0	17	1	20	3	23	6	27	10	32	13	38	16	45	20	51	24	56	28	60	32	63	36	65	40	66	44	66	48	66	51	65	53	63	54	60	54	56	53	52	51	49	49	47	48	46	48	46	48	
25:
73	19.626	67	34	66	33	64	31	61	28	57	24	52	19	46	14	39	10	33	7	28	5	23	4	17	3	12	3	8	4	5	6	3	9	2	12	2	15	3	17	5	19	8	20	12	20	17	19	23	18	29	18	34	19	38	21	41	24	43	28	44	33	44	39	43	46	42	54	40	62	37	69	33	75	28	80	24	84	20	87	17	89	15	90	14	90	14	89	15	87	17	85	20	83	24	82	29	82	35	83	42	83	49	83	57	82	65	80	72	77	78	74	84	72	89	70	93	69	96	69	98	69	99	68	99	66	98	63	96	60	94	56	91	53	87	50	82	46	77	42	73	39	70	37	68	35	67	34	67	34	
26:
59	25.713	60	50	61	49	63	47	66	46	70	44	74	41	77	37	79	32	80	26	80	20	79	15	77	11	74	8	70	6	65	5	59	3	52	2	45	2	38	3	32	4	26	5	21	7	17	10	14	14	12	19	11	25	10	32	10	40	11	48	11	56	11	63	10	69	8	74	5	78	3	81	2	83	2	84	3	85	5	87	8	88	12	88	17	88	23	87	29	87	34	87	39	88	43	88	47	87	51	85	55	82	58	79	60	75	61	70	61	65	60	60	60	56	61	53	61	51	60	50	60	50	
27:
68	17.39	15	74	16	73	18	71	21	69	25	67	30	66	36	66	43	67	51	69	59	72	66	75	72	77	77	80	81	84	84	88	86	91	88	93	90	94	93	94	97	93	100	91	102	88	103	84	103	79	102	73	100	66	97	60	93	54	88	48	83	42	79	37	76	31	74	25	73	20	73	16	72	13	70	11	67	10	63	10	58	11	52	13	47	16	43	20	38	23	33	25	29	26	26	26	24	25	23	23	23	20	23	18	22	17	20	17	17	18	15	20	14	22	13	25	13	29	14	34	16	40	18	47	20	53	21	59	21	64	20	68	18	71	16	73	15	74	15	74	
28:
71	19.447	24	54	25	53	27	51	30	49	34	46	39	42	45	37	50	32	54	26	57	21	59	17	60	13	60	9	59	6	57	4	54	3	52	2	49	2	45	3	40	5	34	8	27	12	20	17	14	21	9	24	5	26	2	27	0	27	-1	26	-1	24	-1	22	0	21	2	21	5	22	9	24	14	27	18	31	21	36	23	42	24	48	26	55	29	63	33	70	38	76	44	81	50	86	55	90	59	93	63	95	67	96	70	96	72	95	73	93	73	91	72	88	70	84	67	80	63	75	58	71	52	68	46	66	41	65	37	64	32	64	28	64	25	63	23	62	22	60	22	57	23	55	24	54	24	54	
29:
73	3.542	43	43	43	42	42	40	41	37	39	33	36	28	32	23	28	17	25	12	23	8	20	5	17	3	14	2	12	2	11	3	11	5	12	8	14	12	16	17	18	23	20	29	21	36	23	44	26	53	30	62	35	70	41	77	48	83	55	88	62	92	70	95	77	97	83	98	88	98	92	97	95	95	97	92	98	89	98	86	97	84	95	82	92	80	88	78	84	76	79	73	74	70	70	66	67	61	65	55	64	50	64	44	65	38	67	32	70	27	74	23	78	20	81	18	83	17	84	17	84	18	83	19	81	21	78	24	75	28	71	31	66	33	60	34	55	34	51	35	48	37	46	40	44	42	43	43	43	43	
30:
66	11.549	61	79	60	78	58	76	55	73	51	69	48	65	46	62	45	58	45	54	46	51	48	48	51	44	55	39	60	35	65	30	71	26	77	23	83	21	88	20	92	20	95	21	97	21	98	20	98	20	97	20	95	19	92	19	88	18	83	16	77	13	70	9	62	6	55	4	49	3	44	3	40	4	36	6	33	9	31	13	30	18	30	24	31	31	32	38	32	46	32	55	31	63	29	70	26	77	23	83	21	88	20	92	20	95	21	97	23	98	26	98	30	97	34	95	39	92	44	88	48	84	51	81	53	79	55	78	58	78	60	78	61	79	61	79	
31:
53	3.913	41	20	42	21	42	23	41	26	40	30	38	34	37	39	36	45	34	51	31	58	28	66	26	74	25	81	25	87	26	92	27	96	28	99	30	101	33	102	37	102	41	101	44	99	46	96	47	92	49	88	52	85	56	83	61	82	66	82	71	83	75	84	78	86	80	87	81	87	81	87	80	86	78	85	76	83	75	80	75	76	75	71	74	65	72	58	69	52	65	46	61	41	57	37	52	32	48	28	45	25	43	23	42	21	41	20	41	20	
32:
61	6.507	27	15	26	14	24	12	21	10	18	8	14	6	10	4	7	3	5	3	4	4	4	5	5	7	7	10	10	14	14	18	19	23	23	27	27	30	30	32	34	33	39	33	45	32	51	31	58	30	64	30	69	31	73	33	76	36	78	40	79	45	80	49	81	52	83	54	86	55	90	55	94	54	99	52	103	49	106	45	109	40	111	34	112	28	112	22	111	17	109	13	106	10	102	8	97	7	91	7	84	7	76	7	68	8	60	9	53	11	47	12	42	14	37	15	33	15	30	14	28	14	27	15	27	15	
33:
80	29.863	71	26	70	25	68	24	65	22	61	19	56	15	50	11	43	8	35	6	27	5	20	5	14	4	9	4	5	5	2	6	0	7	-1	7	-1	8	0	10	2	12	5	15	9	19	14	24	19	30	23	37	26	45	29	52	31	60	32	69	33	77	35	84	38	90	41	95	45	99	50	102	56	104	62	105	67	105	71	104	74	102	76	99	77	95	77	91	76	88	74	85	71	83	67	82	62	82	56	83	49	85	41	88	33	91	26	93	20	95	15	96	11	96	8	95	6	93	5	90	5	86	6	81	8	75	11	69	15	64	20	60	26	57	32	55	39	52	45	48	50	43	54	37	57	32	60	28	62	25	64	23	66	22	68	22	70	23	71	25	71	26	71	26	
34:
78	12.52	48	26	49	27	50	29	51	32	52	36	54	40	57	45	61	51	65	58	69	66	72	73	74	79	75	84	76	88	76	91	76	93	77	94	79	94	82	93	84	91	85	88	87	85	90	81	94	76	97	70	99	63	100	57	101	51	101	46	100	41	98	37	97	34	95	32	93	31	90	31	88	32	87	34	86	37	84	41	81	46	79	51	76	56	72	62	67	69	61	76	55	82	50	87	44	91	37	94	29	96	22	97	16	97	10	96	5	94	1	91	-2	87	-4	82	-5	76	-5	69	-5	61	-4	52	-2	44	1	37	5	31	10	25	15	20	21	16	26	13	30	11	33	10	37	10	41	11	44	13	46	16	47	20	47	23	47	25	48	26	48	26	
35:
80	238.498	25	88	24	87	23	85	21	82	20	78	20	73	20	68	19	62	19	56	20	50	22	45	25	41	29	37	34	34	40	32	47	30	55	29	64	29	72	30	79	30	85	29	90	27	94	24	97	20	99	15	100	11	100	7	99	4	97	2	94	1	90	1	85	2	79	3	72	3	64	4	56	5	48	5	41	5	35	6	30	8	26	11	23	15	20	19	18	24	17	28	17	31	18	33	20	34	23	34	27	33	32	33	38	34	45	36	53	39	61	43	69	48	76	54	82	60	87	67	91	74	94	80	96	87	97	93	97	98	96	102	94	106	91	109	87	111	82	112	76	112	69	111	61	109	53	106	46	103	40	99	35	95	31	92	28	90	26	89	25	88	25	88	
36:
73	11.816	48	78	47	77	45	75	42	72	38	68	34	63	31	57	27	50	23	42	19	34	16	26	14	19	13	13	13	8	14	4	16	1	19	-2	23	-4	28	-5	34	-5	41	-4	49	-3	58	-1	67	2	75	4	82	7	88	11	93	16	97	20	100	25	102	30	103	35	103	39	102	42	100	44	97	45	93	45	90	44	88	42	87	39	85	35	82	30	78	26	73	23	67	21	61	20	56	20	52	21	49	23	47	26	46	30	46	35	47	41	49	48	52	56	56	64	59	71	63	77	66	82	68	86	69	89	69	91	68	92	66	92	64	91	61	90	57	88	53	86	50	84	48	82	47	81	47	79	48	78	48	78	
37:
74	12.392	86	82	87	81	87	79	87	76	88	72	90	67	92	61	93	54	93	46	92	38	90	31	87	25	83	19	78	14	73	10	67	7	61	5	54	3	48	2	41	0	35	-1	30	-1	26	0	23	2	21	5	20	7	20	9	21	10	23	10	26	11	30	12	34	14	39	15	45	17	50	18	54	18	57	17	59	17	60	18	60	18	59	19	57	21	54	24	50	26	45	29	39	33	32	38	26	44	20	50	15	55	11	59	8	62	6	64	5	67	5	71	6	75	8	79	11	82	15	84	20	85	26	85	32	85	39	86	47	88	54	91	60	93	65	94	69	94	73	93	76	91	80	88	83	85	85	83	86	82	86	82	
38:
66	4.983	31	39	30	38	28	37	25	35	22	32	18	28	15	23	13	19	12	16	12	14	13	13	15	13	18	14	22	16	26	19	31	23	37	28	44	33	52	39	59	46	65	54	70	61	75	68	79	74	82	79	84	84	85	89	85	93	84	96	82	98	79	99	75	99	70	98	66	96	61	93	57	89	54	85	52	82	49	80	47	79	46	79	46	80	45	82	43	85	40	89	36	92	31	94	25	95	20	95	16	94	13	92	11	89	10	85	9	80	9	74	9	69	9	64	10	58	12	53	14	48	17	44	21	41	25	39	28	38	30	38	31	39	31	39	
39:
76	18.327	16	33	17	32	18	30	19	27	19	23	18	19	16	15	14	12	11	10	7	9	2	9	-2	10	-5	12	-7	15	-8	19	-8	24	-8	30	-7	37	-5	44	-2	51	2	57	7	62	13	66	20	70	28	73	37	76	46	78	55	79	63	79	70	79	76	78	81	76	85	73	88	69	90	64	91	58	91	52	90	45	88	39	85	34	82	30	78	27	73	24	69	22	66	21	64	21	63	22	63	24	64	27	66	31	69	36	73	42	77	47	81	51	84	55	86	58	87	60	87	62	86	63	84	65	81	67	77	68	72	68	66	67	59	65	51	63	44	60	38	58	33	55	28	52	24	48	21	43	19	39	18	36	17	34	16	33	16	33	
40:
78	33.313	40	44	41	45	43	47	46	49	50	52	55	56	60	61	64	67	69	73	73	80	76	86	79	91	82	95	85	98	88	100	91	101	93	101	95	100	96	98	96	95	95	91	93	86	90	81	86	75	81	69	75	63	68	57	60	52	51	48	42	45	34	43	27	42	21	42	16	43	12	45	9	47	6	49	4	50	3	50	3	49	3	47	4	44	6	40	9	35	13	29	17	22	22	16	27	11	33	7	40	4	48	2	57	1	65	1	72	2	78	4	83	6	87	7	90	7	92	6	93	4	93	2	92	0	90	-1	87	-1	83	0	78	2	72	4	65	6	59	9	54	13	49	18	45	24	42	29	40	34	39	38	39	41	39	43	40	44	40	44	
41:
79	17.435	10	5	9	6	8	8	6	11	3	15	0	20	-2	26	-3	32	-3	39	-2	47	0	56	3	65	6	73	10	80	15	86	19	91	24	95	30	98	36	100	43	101	50	101	58	100	67	98	76	95	84	91	91	86	97	80	102	73	106	65	109	56	111	46	113	37	114	29	114	22	113	16	111	11	108	7	106	4	103	2	100	1	98	1	97	2	95	4	93	7	90	11	86	16	81	22	75	28	68	35	62	43	56	51	50	58	45	64	40	69	36	73	33	76	31	78	30	79	30	79	31	78	33	77	35	76	36	74	36	71	35	67	33	64	30	60	27	55	24	49	21	43	19	38	17	32	16	26	16	20	16	15	15	11	13	8	11	6	10	5	10	5	
42:
67	4.235	77	4	76	3	74	1	71	-2	67	-4	62	-5	56	-5	49	-4	42	-2	36	0	31	2	27	5	24	9	22	14	21	18	21	21	22	23	24	24	27	24	31	24	34	23	36	22	37	22	37	23	36	25	34	28	31	32	29	37	27	43	26	50	26	57	27	64	29	70	32	75	36	81	41	86	46	91	52	95	59	98	66	100	73	101	79	101	84	100	88	98	91	95	93	91	94	86	94	80	93	73	92	66	91	58	90	49	90	41	91	34	93	28	94	22	94	16	95	11	95	7	94	4	92	2	90	1	87	0	83	0	80	1	78	3	77	4	77	4	
43:
62	4.385	33	81	33	80	34	78	36	75	38	71	39	66	39	61	39	57	38	53	38	50	39	48	41	47	44	47	48	48	53	50	59	53	64	57	70	62	76	67	82	71	87	74	91	76	94	77	96	77	97	76	97	74	96	71	94	67	91	62	88	56	85	49	82	43	78	37	73	32	68	27	63	23	58	20	52	18	47	17	43	17	40	18	36	20	31	23	25	27	20	32	16	38	13	43	11	47	10	50	10	52	11	53	13	53	16	54	19	56	23	59	27	62	30	66	32	71	33	75	33	78	33	80	33	81	33	81	
44:
72	15.333	11	94	11	93	10	91	10	88	11	85	11	81	11	76	12	70	13	63	15	55	18	48	21	41	25	35	30	30	34	26	37	23	41	21	46	20	52	20	58	21	63	23	68	26	72	30	77	35	81	41	84	47	86	54	87	60	87	65	86	69	84	72	83	74	83	75	84	75	86	74	89	72	93	69	97	65	100	60	102	54	103	47	103	39	102	32	100	24	97	17	93	11	88	6	82	2	75	-1	67	-3	60	-4	52	-4	45	-3	39	-1	34	2	30	6	27	11	25	16	22	22	20	29	17	37	14	46	10	54	7	61	5	67	4	73	4	79	5	84	7	88	9	91	10	93	11	94	11	94	
45:
63	1.926	6	10	7	9	9	9	12	9	16	9	21	10	27	12	33	15	40	19	47	24	53	30	58	37	62	45	66	54	69	62	72	69	76	75	81	80	86	84	90	87	93	89	95	90	96	90	96	89	95	88	93	86	90	83	87	79	84	74	82	68	81	62	80	56	78	51	75	47	71	43	67	39	63	36	59	34	56	33	54	33	51	34	47	36	42	39	36	43	29	48	23	52	18	55	14	57	11	58	9	58	8	57	8	55	7	52	5	48	3	43	2	37	2	31	2	25	2	20	2	16	3	13	5	11	6	10	6	10	
46:
52	1.285	25	57	26	56	28	54	31	51	33	47	34	43	34	39	33	35	31	31	29	27	26	23	23	19	20	16	18	14	17	12	17	10	18	9	20	9	23	10	27	11	31	13	34	16	38	20	43	25	47	30	52	36	58	43	65	50	71	58	76	65	80	71	83	76	85	80	86	83	87	86	87	88	86	89	84	89	81	88	77	86	72	83	66	79	59	74	52	69	46	65	41	62	37	59	34	57	31	56	28	56	26	57	25	57	25	57	
47:
70	11.518	20	56	21	57	23	58	26	60	30	63	35	67	41	70	48	72	55	74	63	76	71	77	78	77	84	76	89	74	93	71	96	67	98	62	99	56	100	49	100	42	99	36	97	31	94	27	90	24	85	22	79	21	74	21	70	22	67	24	64	27	62	31	61	36	61	42	62	48	64	53	67	57	70	60	72	62	73	63	75	63	76	62	76	60	75	57	73	53	71	48	68	42	64	37	59	32	53	26	48	20	43	15	39	11	34	8	28	6	22	5	17	5	13	6	10	8	8	10	7	13	6	17	6	22	7	28	8	35	10	41	13	46	16	50	18	53	19	55	20	56	20	56	
48:
81	12.067	13	76	12	75	10	73	7	70	5	66	3	61	2	55	2	48	3	41	5	34	8	28	12	21	17	15	23	10	30	5	38	1	47	-2	55	-4	62	-5	68	-6	74	-6	79	-5	83	-3	86	0	88	2	89	3	89	3	88	4	86	5	83	6	79	6	74	5	68	4	62	4	57	5	53	7	50	10	48	14	47	19	47	25	48	31	49	36	50	41	50	46	49	52	47	59	44	67	42	74	41	80	41	85	42	89	44	93	47	96	51	98	55	99	59	99	62	98	64	96	65	93	65	89	64	86	62	84	59	83	55	83	50	84	44	86	38	89	33	92	29	95	26	97	23	98	20	98	17	97	15	95	14	92	14	89	15	86	15	82	14	79	13	77	13	76	13	76	
49:
83	95.035	20	35	19	34	18	32	17	29	16	25	16	20	17	16	18	12	20	9	23	7	26	6	29	6	33	7	38	9	44	12	50	16	55	21	61	26	68	30	74	33	79	36	84	39	88	42	91	44	93	46	94	48	94	51	93	53	91	55	88	56	85	58	83	60	82	62	81	65	81	68	82	70	84	73	87	77	89	80	90	84	90	87	89	89	87	91	84	92	80	92	75	91	69	89	64	86	59	82	55	77	52	72	49	68	45	65	40	63	34	62	28	62	23	63	18	64	14	66	11	69	9	73	8	77	8	80	9	82	10	83	12	83	15	82	19	80	24	77	29	73	33	68	36	62	38	55	39	49	39	44	38	40	36	37	33	35	29	34	26	33	23	33	21	34	20	35	20	35	
50:
68	2.45	84	87	83	87	81	86	78	86	74	85	69	85	63	85	56	85	48	85	41	85	35	84	30	82	26	79	23	75	20	71	18	68	17	66	17	65	18	65	20	66	23	67	26	67	28	67	29	66	29	64	28	61	26	57	23	52	21	47	19	42	18	37	17	33	17	30	18	28	20	27	23	27	27	28	31	30	34	33	37	37	39	41	40	46	41	50	42	53	44	55	47	56	51	56	56	55	62	53	69	51	77	50	84	50	90	51	95	53	99	56	102	59	104	63	105	68	105	74	104	79	102	83	99	86	97	88	94	89	90	89	87	88	85	87	84	87	84	87	
51:
60	11.823	2	91	3	90	5	89	8	88	12	87	17	87	23	87	30	87	38	88	46	88	54	87	62	85	70	82	77	78	83	73	88	67	92	60	95	53	97	47	98	42	98	38	97	35	95	33	92	32	88	32	83	31	79	29	76	26	74	22	72	17	70	12	67	8	63	5	58	3	52	2	46	2	40	3	35	5	31	8	28	12	26	17	25	23	25	30	26	38	28	46	30	53	31	59	32	64	32	69	31	73	29	77	26	80	22	82	17	83	13	83	10	84	8	86	5	88	3	90	2	91	2	91	
52:
65	19.031	80	59	81	58	83	56	86	53	89	49	93	44	97	38	100	31	102	25	103	20	103	15	102	11	100	8	97	5	93	3	88	1	82	0	76	0	69	1	61	2	53	3	45	5	38	8	32	12	26	17	21	23	17	29	14	34	12	39	11	43	11	46	12	48	14	50	15	53	15	57	14	61	12	66	9	72	6	78	4	83	2	87	1	90	1	92	2	93	4	95	7	97	11	98	16	100	22	101	29	101	37	100	44	98	50	95	57	92	63	89	68	87	72	85	75	82	77	78	79	74	81	69	82	65	82	62	81	60	80	59	80	59	
53:
66	3.391	19	8	18	9	16	11	13	14	10	18	7	23	5	29	4	35	4	40	4	44	5	48	7	51	10	55	14	60	17	65	19	70	20	75	20	79	19	82	17	84	14	85	12	85	11	84	11	82	12	79	14	75	17	72	20	69	24	67	29	66	35	66	42	67	50	69	57	72	63	75	69	77	75	78	81	78	86	78	90	77	93	75	95	72	97	68	98	64	98	61	97	59	95	58	92	58	88	59	84	60	80	60	77	59	73	57	68	54	62	50	55	45	48	40	41	35	35	30	30	26	26	22	23	18	21	14	20	11	20	9	19	8	19	8	
54:
74	4.955	81	53	80	54	78	55	75	57	71	60	66	64	61	67	56	69	52	71	47	72	43	72	40	72	38	71	37	69	37	66	38	62	40	58	43	53	47	48	52	44	58	40	65	36	71	31	78	26	84	22	89	18	93	15	96	13	98	10	99	8	99	7	98	6	96	5	93	4	89	4	84	4	78	4	71	4	63	5	56	7	50	9	44	12	38	16	33	21	29	27	26	34	24	42	23	51	23	59	24	67	26	74	29	80	33	85	38	89	44	92	51	94	58	95	64	95	70	94	75	93	79	91	84	88	88	86	91	84	93	81	94	77	94	72	93	67	91	63	88	59	85	56	83	54	82	53	81	53	81	53	
55:
64	23.379	22	50	22	51	23	53	25	55	28	56	30	56	31	55	31	53	30	50	28	46	25	41	23	35	22	28	21	21	20	15	20	10	21	6	23	3	25	1	28	0	30	0	31	1	33	3	36	6	40	10	45	13	51	15	58	17	64	18	71	18	77	18	82	18	86	19	89	21	91	24	92	28	92	33	92	39	92	44	92	50	91	57	89	63	86	68	82	72	77	75	72	78	67	81	63	83	58	86	52	88	46	89	39	89	33	88	28	86	24	83	21	79	19	74	18	69	18	65	19	60	20	56	20	53	21	51	22	50	22	50	
56:
56	13.486	3	95	4	96	4	98	3	99	1	99	0	98	0	96	0	93	1	89	3	84	4	78	4	71	3	63	2	55	2	47	3	39	5	31	8	24	12	18	16	13	19	9	21	6	23	4	24	3	24	2	25	2	27	3	30	5	34	8	38	12	42	17	47	21	53	24	58	26	62	28	65	30	67	32	69	35	70	39	70	44	69	49	67	55	64	60	60	64	55	67	49	69	42	71	34	73	27	75	21	78	16	81	12	85	9	89	6	92	4	94	3	95	3	95	
57:
81	5.662	45	5	46	6	48	8	50	10	53	13	56	15	59	17	62	18	65	18	67	17	69	15	71	12	72	8	74	5	77	3	81	2	86	2	92	3	97	5	101	8	104	12	106	17	107	23	107	30	106	38	104	47	101	56	98	65	96	74	94	84	91	93	87	101	82	108	76	114	69	119	61	123	53	126	45	128	37	129	30	129	24	128	19	126	15	123	12	119	10	114	9	108	9	102	10	95	12	87	15	80	19	74	23	69	28	65	34	62	39	60	44	59	48	59	51	58	53	56	54	53	54	49	53	44	51	38	48	32	44	26	39	21	34	16	30	12	27	8	25	5	24	3	24	1	25	0	27	0	30	1	34	3	37	4	39	4	42	5	44	5	45	5	45	5	
58:
79	29.459	16	5	15	6	13	7	10	9	7	12	5	16	4	21	4	27	5	34	7	40	10	47	14	55	19	62	25	69	32	76	40	82	49	87	57	91	64	94	70	96	75	97	79	98	82	98	84	97	85	95	85	92	84	88	82	83	79	77	75	71	70	66	65	62	60	59	56	57	53	56	51	56	50	57	50	59	51	62	53	66	56	69	60	71	65	72	69	72	72	71	74	69	75	67	77	65	80	63	82	62	83	62	83	63	82	64	80	65	77	65	73	64	69	62	65	59	62	55	60	50	59	44	59	37	60	29	61	21	62	14	62	8	61	3	59	-1	56	-4	52	-6	47	-7	42	-7	36	-6	31	-4	26	-1	22	2	19	4	17	5	16	5	16	5	
59:
68	18.242	79	5	78	4	76	2	73	0	69	-1	64	-1	60	0	57	2	55	5	53	9	52	14	52	20	53	27	53	35	54	44	56	53	58	61	60	68	61	74	62	79	62	83	61	86	59	88	57	89	54	89	50	88	45	87	40	86	36	86	33	87	29	89	26	92	24	94	23	96	23	97	24	97	25	96	26	94	26	91	25	87	23	82	21	76	20	69	18	62	15	54	11	47	7	41	4	36	2	32	1	29	1	27	2	26	4	26	7	26	11	27	16	28	22	28	28	27	35	25	43	22	51	18	58	14	64	11	69	9	73	7	76	6	78	5	79	5	79	5	
60:
81	49.416	40	21	41	20	43	19	46	17	50	15	55	14	61	12	68	10	74	9	79	9	84	10	88	12	91	15	93	18	94	22	94	26	93	29	91	31	88	32	84	34	79	35	73	35	68	36	64	38	61	41	59	45	58	49	58	54	59	60	61	66	64	71	67	75	69	78	70	80	71	81	71	81	70	80	69	78	67	75	64	71	60	67	56	63	51	60	45	58	38	57	32	57	27	58	23	60	20	63	18	67	17	72	17	78	18	83	20	87	21	90	23	93	24	96	24	98	23	99	21	99	18	98	14	96	11	93	9	89	8	84	8	78	9	71	11	64	14	57	18	51	23	46	29	42	34	39	38	37	41	36	43	34	44	31	44	27	43	24	41	22	40	21	40	21	
61:
83	8.195	85	2	86	3	88	5	91	8	93	12	94	17	94	23	93	30	93	38	92	47	92	56	92	64	92	71	91	77	90	82	90	86	89	89	87	91	84	92	81	92	77	91	72	89	66	86	59	82	51	78	43	74	35	71	28	69	22	68	16	68	11	69	7	71	4	74	2	77	1	80	1	82	2	83	4	83	6	82	8	80	11	77	15	73	20	68	25	62	31	55	36	47	40	39	43	32	45	26	46	20	46	15	45	11	43	8	40	6	36	5	31	5	26	6	21	8	17	11	14	14	12	16	11	17	11	17	12	16	14	14	17	11	21	8	26	5	32	3	39	2	46	2	53	2	59	3	64	5	68	8	72	10	76	11	80	11	83	10	85	8	86	5	86	3	85	2	85	2	
62:
65	20.106	1	71	1	70	1	68	2	65	4	61	7	56	11	50	14	43	18	35	23	28	29	22	35	16	42	11	49	7	56	4	62	2	67	1	71	1	74	2	76	4	77	7	77	9	76	11	74	12	71	12	67	13	62	15	58	18	55	22	53	27	51	33	50	40	50	47	51	53	53	58	56	62	60	65	65	67	71	68	77	68	82	67	86	65	89	62	91	58	92	54	92	51	91	49	89	48	86	47	82	47	78	46	73	46	67	46	60	47	52	49	44	51	37	54	29	56	22	58	16	61	11	65	7	68	4	70	2	71	1	71	1	71	
63:
69	6.294	66	97	65	98	63	98	60	99	56	100	51	100	45	99	38	97	32	94	27	90	23	85	20	80	18	76	17	71	17	66	18	62	20	59	23	55	27	52	30	49	32	45	34	40	36	34	37	28	37	22	36	17	34	13	31	10	29	8	26	7	22	7	19	8	17	10	14	13	12	17	11	22	11	27	12	33	14	38	16	42	19	45	23	47	27	48	32	48	38	47	44	45	51	42	59	40	67	37	74	35	80	33	85	32	89	32	93	33	96	35	98	38	99	42	99	47	98	53	96	59	93	64	89	70	84	76	79	82	75	87	72	91	69	94	67	96	66	97	66	97	
64:
79	72.812	13	81	14	81	16	80	19	80	23	79	28	77	34	76	41	74	47	71	54	67	60	62	65	56	69	49	72	43	74	38	75	34	75	30	74	27	72	24	69	21	66	19	62	18	57	18	51	18	44	19	36	21	28	23	21	24	15	26	10	28	6	30	3	31	1	31	0	30	0	28	1	25	3	21	6	17	10	13	15	10	21	8	28	7	36	7	45	8	55	10	64	13	72	16	79	20	85	25	90	30	94	36	97	43	99	51	100	59	100	66	99	72	97	77	94	81	90	84	85	86	79	87	72	88	66	88	59	88	51	87	44	87	37	88	31	90	25	93	20	95	16	96	13	96	11	95	10	93	10	90	11	87	12	84	13	82	13	81	13	81	
65:
61	0.813	65	53	66	52	67	50	67	49	66	49	66	49	67	50	69	50	72	49	76	47	81	44	85	40	88	35	90	30	91	24	91	18	91	13	90	9	88	5	85	2	81	0	76	-1	70	-1	64	0	58	2	53	5	48	9	43	14	39	20	36	27	34	34	33	41	31	49	30	56	29	62	29	68	30	73	32	77	34	80	37	82	41	83	46	83	50	82	55	80	59	77	62	73	64	68	65	62	66	57	68	52	69	48	69	45	68	43	66	42	64	42	62	43	61	45	61	47	62	50	64	52	65	53	65	53	
66:
74	2.251	77	7	76	8	74	10	72	13	69	16	65	18	61	19	56	19	50	18	44	16	39	13	35	9	30	6	24	3	19	1	15	0	12	0	10	1	9	3	9	5	10	8	12	10	15	12	19	15	24	19	28	23	32	27	35	30	37	32	38	34	38	35	37	35	35	36	32	38	28	41	23	45	19	50	16	55	14	59	13	64	13	70	14	77	16	84	19	90	23	95	28	99	34	103	40	106	46	108	53	109	61	109	68	108	74	106	79	103	83	99	86	94	88	88	89	81	89	74	88	68	86	62	83	56	79	51	76	47	74	42	73	36	73	29	74	23	76	18	78	14	79	11	79	9	78	8	77	7	77	7	
67:
68	4.98	59	83	58	82	57	80	57	77	57	73	58	70	60	68	63	65	66	61	70	56	74	52	77	48	79	44	80	40	80	37	79	35	77	34	74	32	70	29	65	25	59	21	52	17	45	14	39	11	32	9	26	8	21	8	17	9	14	11	11	14	9	18	8	23	8	29	9	36	10	44	10	52	9	59	8	65	7	70	7	74	8	77	10	79	13	80	16	80	20	79	25	77	31	74	36	70	40	66	43	63	45	60	46	58	46	57	45	57	43	58	41	60	39	63	38	67	38	71	39	75	40	78	42	80	45	81	49	81	53	81	56	81	58	82	59	83	59	83	
68:
70	4.247	77	63	76	62	74	61	71	61	69	62	68	64	68	66	69	69	71	71	72	72	72	72	71	71	69	69	66	66	62	64	57	61	51	59	44	58	36	58	29	59	23	61	17	64	12	68	8	73	5	79	3	84	2	88	2	91	2	93	1	94	-1	94	-4	93	-8	91	-12	88	-15	84	-17	80	-19	75	-20	69	-20	62	-20	54	-19	45	-17	37	-14	30	-10	24	-5	19	1	15	8	12	16	10	25	9	34	9	44	10	53	11	61	13	68	16	75	18	81	21	86	25	90	30	93	36	95	43	96	49	96	54	95	58	93	61	90	63	86	64	83	65	80	65	78	64	77	63	77	63	
69:
67	3.158	27	62	27	61	27	59	28	57	29	55	31	54	34	54	38	54	43	53	47	53	50	54	52	55	53	57	53	58	52	58	50	57	47	55	43	52	38	48	34	43	30	37	25	31	21	26	18	22	16	19	15	16	15	14	16	13	18	13	21	14	25	14	30	13	35	12	41	12	46	13	51	15	55	18	60	22	66	25	72	27	79	30	85	33	90	37	94	42	97	48	99	55	100	62	100	69	99	75	97	80	94	84	90	87	85	89	79	90	73	90	68	89	63	87	57	84	51	80	45	75	40	71	36	67	33	64	31	62	30	61	28	61	27	62	27	62	
70:
73	2.786	9	54	9	53	8	51	8	48	8	44	8	39	9	33	10	26	10	20	9	15	8	11	8	8	9	6	10	5	12	5	15	6	19	8	24	10	30	13	37	15	45	16	54	16	62	15	69	15	75	16	80	18	84	21	87	25	89	30	90	36	90	43	89	51	87	58	84	64	80	69	75	73	69	76	63	78	57	80	52	82	48	83	45	84	43	86	42	89	42	93	43	97	45	100	48	102	52	103	57	103	61	102	64	100	66	97	67	93	67	88	67	82	67	75	66	68	64	61	61	55	57	50	52	46	46	43	40	41	34	40	28	40	23	41	19	43	16	46	14	49	12	51	10	53	9	54	9	54	
71:
71	26.737	92	43	91	44	91	46	90	49	88	53	86	58	85	63	85	69	86	76	88	82	90	87	91	91	92	94	92	96	91	97	89	97	86	96	82	94	77	91	71	87	66	82	60	76	55	71	49	67	42	64	34	62	27	61	21	61	16	62	10	64	5	67	1	71	-2	75	-4	79	-5	83	-5	86	-4	88	-3	89	-1	89	2	88	6	86	11	83	17	79	24	74	30	68	36	61	41	53	45	45	49	36	54	28	59	21	63	15	67	10	71	6	76	3	80	1	84	0	89	0	94	1	98	3	101	6	103	9	104	13	104	17	103	22	102	28	100	33	97	37	95	40	93	42	92	43	92	43	
72:
66	17.353	27	61	27	60	27	58	26	55	25	52	23	48	20	44	17	41	13	38	9	36	4	35	-2	35	-7	36	-11	38	-14	41	-16	45	-17	50	-17	56	-16	63	-14	69	-13	75	-11	80	-9	84	-6	87	-2	89	3	90	9	90	16	89	24	87	32	84	40	80	48	76	57	72	65	68	72	63	78	57	83	52	87	48	90	45	92	43	93	41	93	40	92	40	90	41	87	42	83	42	78	41	72	40	66	38	59	36	53	35	48	35	44	36	41	38	39	41	38	45	36	49	33	54	30	58	27	61	25	63	24	64	24	64	25	63	26	62	27	61	27	61	
73:
66	5.128	51	61	52	62	54	64	56	65	59	65	63	65	68	64	72	62	75	59	77	55	78	50	78	45	79	39	81	32	84	26	88	20	91	15	93	11	94	8	94	6	93	5	91	5	88	6	84	8	79	11	73	15	66	19	59	24	52	28	46	31	41	34	37	36	34	37	32	37	31	36	31	34	30	31	28	27	27	22	25	17	23	11	22	6	22	2	23	-1	25	-3	28	-4	32	-4	36	-3	40	-1	43	2	45	6	46	9	46	11	45	13	43	16	41	20	40	25	40	31	41	38	43	44	46	49	49	53	51	56	52	58	52	60	51	61	51	61	
74:
75	22.758	68	20	67	19	65	18	62	18	58	18	53	17	47	17	40	16	33	16	27	16	21	15	16	13	12	10	9	7	7	5	6	3	6	2	7	2	9	2	12	2	16	3	21	3	27	3	34	2	42	0	51	-2	61	-4	70	-5	78	-5	85	-4	91	-2	96	1	100	5	103	10	105	16	106	23	106	31	105	39	103	48	100	57	96	65	91	72	85	78	78	83	71	87	65	90	60	92	56	94	53	95	51	95	49	94	48	92	48	89	49	85	51	80	54	74	58	69	62	63	65	57	67	51	68	46	68	42	67	39	65	37	62	36	59	36	57	35	56	33	56	30	57	27	59	25	62	23	65	21	67	20	68	20	68	20	
75:
77	33.187	47	33	47	34	48	36	50	39	53	43	56	48	58	54	59	60	59	65	58	69	57	72	56	74	56	75	57	75	59	74	62	72	66	69	70	66	75	63	80	61	84	59	87	56	89	52	90	47	90	41	89	34	87	28	84	22	80	17	75	13	69	10	62	7	54	5	45	3	36	2	27	2	19	3	12	4	6	6	1	9	-3	13	-6	18	-8	24	-9	31	-9	39	-8	47	-6	54	-3	60	1	65	5	69	8	72	10	74	12	75	13	75	13	74	13	72	12	69	10	65	7	60	4	54	2	47	1	41	1	36	2	32	3	29	5	27	8	25	11	24	15	24	20	25	26	27	32	30	37	32	41	33	44	34	46	34	47	33	47	33	
76:
76	31.928	1	74	2	75	4	77	7	78	11	79	15	79	20	78	26	76	33	73	40	69	46	64	51	58	55	52	58	46	60	39	61	33	61	28	60	24	58	21	56	19	55	18	55	18	56	19	58	21	61	24	65	28	70	32	75	36	79	41	82	47	84	52	85	56	85	60	84	63	82	65	80	68	78	72	77	76	77	79	78	82	80	84	81	85	81	85	80	84	78	83	76	81	73	78	69	74	64	69	58	63	51	56	45	48	40	40	36	33	32	27	29	22	26	18	22	15	17	13	11	12	6	12	2	13	-2	15	-6	18	-9	22	-11	27	-12	33	-12	40	-12	46	-11	53	-10	59	-8	64	-5	68	-2	71	0	73	1	74	1	74	
77:
62	13.642	70	19	69	18	67	16	64	13	60	9	55	6	49	4	42	3	35	3	27	3	20	4	14	6	9	8	5	11	2	15	0	20	-1	25	-1	29	0	34	2	38	5	43	9	47	14	51	20	54	26	56	32	57	37	59	41	62	44	65	47	67	50	68	52	68	53	67	55	65	58	63	62	62	67	62	73	63	80	64	87	66	93	67	98	67	102	66	105	64	107	61	108	57	108	52	107	46	106	39	105	33	103	27	100	22	96	18	93	15	91	13	88	12	84	12	80	13	76	14	73	16	71	18	70	19	70	19	
78:
76	40.818	3	74	4	75	6	77	9	78	13	80	18	81	24	83	31	86	37	88	42	90	46	91	49	91	52	90	54	88	55	86	55	85	54	83	52	80	49	76	45	72	40	67	34	61	27	54	20	46	14	38	9	31	5	25	2	19	0	14	-1	10	-1	7	0	5	2	4	4	3	7	2	11	2	16	3	22	5	28	7	35	10	43	13	52	17	61	20	69	22	76	23	82	23	87	22	91	20	94	17	96	13	97	9	97	6	96	4	94	3	91	3	87	4	82	6	76	9	69	13	61	18	53	23	44	29	35	34	27	39	20	43	14	47	9	51	5	55	2	60	0	65	-1	69	-1	72	0	74	2	75	3	75	3	74	3	74	
79:
59	2.927	99	71	98	72	96	73	93	74	89	76	84	77	78	77	71	76	63	74	55	71	47	67	40	63	33	60	27	56	22	53	18	49	15	45	13	40	12	35	12	31	13	28	15	25	18	22	22	18	27	14	33	10	40	7	48	5	57	4	65	3	72	3	78	4	83	6	87	7	90	7	92	6	93	5	93	3	92	1	90	0	87	0	83	1	78	3	74	6	71	10	69	14	68	18	68	23	69	29	71	36	74	43	78	50	83	56	87	61	91	65	94	68	96	70	98	71	99	71	99	71	
80:
70	120.628	42	39	43	38	44	36	45	33	45	29	46	24	46	18	45	11	43	5	40	0	36	-4	32	-7	27	-9	23	-10	20	-10	18	-9	17	-7	17	-4	18	-1	20	3	23	8	27	13	31	19	36	24	42	28	49	31	57	33	64	34	70	34	75	33	79	31	82	28	84	25	85	23	85	22	84	22	82	23	79	25	75	28	70	31	64	34	57	36	49	37	41	37	34	37	28	37	23	38	19	39	16	41	14	42	13	42	13	41	14	41	16	42	19	44	23	47	26	50	29	53	31	56	32	58	32	59	31	59	31	58	32	56	33	53	35	49	37	45	39	42	41	40	42	39	42	39	
81:
69	3.898	44	8	45	7	47	5	50	2	54	-1	59	-3	63	-4	67	-4	71	-3	74	-1	76	2	77	6	77	11	76	17	74	24	71	30	67	35	64	39	62	42	60	44	59	45	59	45	60	44	62	42	65	41	69	41	74	42	79	44	84	47	89	51	93	56	96	62	98	68	99	73	99	77	98	80	96	82	94	84	91	85	87	85	82	84	76	82	69	79	61	75	53	71	45	67	36	64	28	62	21	61	15	61	10	62	6	63	3	63	1	62	0	60	0	57	1	53	3	48	6	43	10	37	15	32	21	28	26	25	30	21	34	17	38	14	41	11	43	9	44	8	44	8	
82:
54	9.29	3	17	4	18	6	20	9	23	13	27	18	30	24	32	31	33	37	33	42	32	46	30	49	27	52	23	55	20	57	18	58	16	60	15	63	15	67	16	72	18	78	20	85	23	91	27	96	32	100	38	103	45	105	52	106	59	106	65	105	70	103	74	100	77	96	79	91	80	85	80	78	79	70	78	62	76	54	74	46	73	39	72	33	70	28	67	24	63	21	58	18	52	16	45	13	38	9	32	6	27	4	23	3	20	3	18	3	17	3	17	
83:
75	10.171	87	35	88	36	89	38	91	41	92	44	92	48	92	53	91	59	89	65	86	70	82	74	77	77	71	79	64	80	58	80	53	79	49	77	46	74	43	70	41	65	38	59	34	52	31	44	29	37	27	30	24	24	20	19	16	15	12	12	7	10	3	9	-2	9	-7	10	-11	12	-14	15	-16	19	-17	24	-17	30	-16	37	-14	45	-11	54	-7	62	-2	69	4	75	11	80	19	84	28	87	38	89	48	90	57	90	65	90	73	89	80	87	87	84	93	80	98	75	102	69	106	62	109	55	111	47	112	40	112	34	111	29	109	25	106	22	102	20	97	19	93	19	90	20	88	22	87	25	87	29	88	32	88	34	87	35	87	35	
84:
78	9.254	76	34	75	33	73	32	70	31	66	29	61	26	55	22	49	19	42	17	36	16	30	15	25	15	21	16	18	18	16	21	15	25	15	30	16	36	18	43	21	50	25	56	30	61	34	65	38	68	42	71	45	75	47	80	48	85	48	89	47	92	45	94	42	95	38	95	33	95	28	94	24	92	21	89	19	85	18	80	18	74	19	67	20	59	20	50	20	42	19	35	17	29	14	24	11	20	9	15	8	11	8	8	9	5	11	3	14	2	18	2	23	2	29	2	36	3	44	5	53	8	61	10	68	13	75	16	81	20	86	25	90	29	93	33	95	37	96	40	96	42	95	43	93	43	90	42	86	40	82	37	79	35	77	34	76	34	76	34	
85:
63	3.29	38	77	37	78	35	80	32	81	28	81	23	80	17	78	10	75	3	71	-3	68	-8	64	-12	59	-15	53	-17	46	-18	39	-18	32	-17	26	-15	21	-13	17	-10	14	-6	12	-1	11	5	11	12	12	20	14	28	17	35	21	41	26	47	32	53	37	59	42	65	48	70	55	74	63	77	71	80	78	84	84	89	89	93	93	96	96	98	99	99	102	99	104	98	105	96	105	93	105	89	104	84	102	80	99	76	95	72	90	69	84	67	79	66	75	64	72	61	70	57	69	52	69	48	70	44	72	41	74	39	76	38	77	38	77	
86:
56	0.685	37	9	36	9	34	10	31	12	27	14	24	17	22	21	21	26	20	32	20	39	20	47	19	54	17	60	15	65	14	69	14	72	15	74	17	75	20	75	24	75	29	74	35	72	40	69	46	66	52	62	59	57	67	52	74	48	80	45	85	43	89	42	92	41	94	39	95	36	95	32	94	28	92	25	90	23	87	21	83	20	78	20	72	19	65	17	59	16	52	16	46	17	41	18	37	19	34	19	32	18	31	16	31	13	32	11	34	10	36	9	37	9	37	9	
87:
68	8.869	97	4	96	5	94	7	93	10	92	14	90	19	89	25	89	32	89	39	89	46	90	52	91	59	92	65	92	70	91	74	89	77	86	79	82	80	77	80	71	79	65	77	58	76	51	74	45	72	40	69	36	65	33	61	31	56	30	50	30	43	30	37	29	32	27	28	24	25	20	23	15	22	10	22	6	23	3	25	1	28	0	32	0	37	1	41	3	44	6	46	9	49	13	53	18	57	24	61	31	64	39	66	48	67	56	67	63	66	69	64	74	61	78	57	81	52	83	46	84	39	85	32	86	25	88	19	89	14	91	10	94	7	96	5	97	4	97	4	
88:
67	8.152	41	9	42	10	42	12	43	15	45	19	48	24	52	30	57	36	63	43	68	49	74	54	79	58	83	61	86	63	88	64	89	64	89	63	88	62	86	60	83	59	79	59	75	60	70	62	64	65	59	69	55	74	51	79	48	85	44	91	40	96	35	100	29	103	24	105	19	106	15	106	12	105	10	103	9	100	9	97	10	94	12	92	15	90	18	87	20	84	21	80	21	77	20	75	18	72	15	70	13	69	12	67	12	64	13	60	15	55	18	50	22	46	27	43	31	40	35	36	39	33	42	29	44	24	45	19	45	15	44	12	42	10	41	9	41	9	
89:
73	48.399	60	74	59	73	57	72	54	71	50	71	45	70	39	70	32	69	26	69	21	69	17	68	14	68	12	68	11	67	11	66	12	66	14	66	17	66	21	65	26	64	32	62	38	59	43	55	48	50	52	44	55	38	57	31	58	24	58	17	57	11	55	6	52	2	48	-2	43	-5	37	-7	30	-8	22	-8	15	-7	9	-5	4	-2	0	2	-3	7	-5	13	-6	20	-6	27	-5	35	-4	42	-2	48	1	53	5	57	8	60	12	62	17	63	23	63	30	62	38	62	45	61	51	61	56	61	60	62	64	64	67	67	69	70	71	72	72	73	72	73	71	72	70	71	68	70	65	70	63	71	61	73	60	74	60	74	
90:
80	31.943	60	98	59	99	57	101	54	104	50	106	45	107	39	108	33	108	28	107	24	105	20	102	17	98	15	93	14	88	14	83	15	79	17	76	20	74	24	73	29	73	35	74	41	75	48	77	56	80	65	83	73	85	81	86	88	86	94	85	99	83	103	80	106	76	108	71	109	66	109	60	108	53	106	45	103	38	99	32	94	27	89	23	83	20	76	18	68	17	60	17	52	17	45	16	39	14	34	11	30	7	27	4	25	2	23	1	20	1	16	2	12	4	9	7	7	11	6	16	6	21	5	27	3	32	2	36	2	39	3	41	5	42	8	44	12	46	17	49	23	53	30	58	37	64	43	70	48	77	52	83	55	88	57	92	58	95	59	97	60	98	60	98	
91:
69	4.152	35	94	34	93	32	91	30	88	27	84	24	79	22	73	21	66	20	58	20	51	20	44	19	38	19	33	20	29	21	26	23	24	26	23	30	23	35	24	41	26	48	29	55	33	62	38	68	43	73	48	79	52	85	55	90	57	94	58	97	58	99	57	100	55	100	52	99	48	97	43	94	37	90	30	85	24	81	19	78	14	76	10	74	7	72	5	70	3	67	2	63	2	58	3	53	5	47	8	40	12	33	17	26	21	20	26	15	31	11	37	8	43	6	48	5	54	5	60	6	67	8	74	11	80	15	85	20	89	25	92	29	94	32	95	34	95	35	94	35	94	
92:
60	15.035	44	70	45	69	47	67	48	65	48	62	47	58	45	55	42	52	38	49	33	46	27	42	21	37	16	32	12	28	9	23	6	17	4	11	3	6	3	2	4	-1	6	-3	9	-4	13	-4	18	-3	24	-1	29	2	33	6	37	11	42	16	46	21	50	25	55	28	59	30	64	31	70	31	76	32	81	33	85	35	88	37	90	38	91	38	91	37	90	36	88	36	85	36	81	37	76	39	71	42	67	46	64	51	62	57	61	62	60	66	59	69	57	71	54	72	50	72	47	71	45	70	44	70	44	70	
93:
65	2.645	59	68	60	68	62	67	65	66	67	64	68	62	68	61	67	61	65	62	62	64	58	66	53	69	47	72	41	74	35	75	29	75	24	74	20	72	17	69	15	65	14	60	14	54	15	47	17	41	20	36	24	32	29	28	35	25	42	22	48	19	54	15	60	12	65	10	69	9	72	8	74	6	75	3	75	-1	74	-6	72	-11	69	-15	65	-18	60	-20	54	-21	47	-21	40	-20	34	-18	29	-15	25	-11	22	-6	20	0	19	7	19	15	20	24	22	33	25	41	29	48	33	54	38	59	44	63	49	66	53	68	56	69	58	69	59	68	59	68	
94:
70	80.279	43	33	42	32	40	30	37	27	33	23	28	18	22	14	17	11	13	9	10	8	8	8	7	9	6	11	6	14	5	18	3	22	2	27	1	33	0	40	-1	47	-2	54	-2	60	-1	65	1	69	4	72	8	74	13	75	19	75	26	74	33	72	40	71	46	70	51	70	55	71	59	73	62	76	65	80	69	85	74	90	80	94	86	97	91	99	95	100	98	100	100	99	101	97	101	94	100	90	98	85	95	79	91	74	86	70	80	67	75	64	71	61	68	58	66	54	65	49	65	43	66	38	66	34	65	31	63	29	60	28	56	27	53	27	49	28	46	30	44	32	43	33	43	33	
95:
77	55.041	12	52	13	53	15	55	18	58	22	60	27	62	33	64	39	65	46	65	54	64	63	62	71	59	78	56	84	54	89	53	94	53	98	54	101	56	103	59	104	63	104	68	103	72	101	75	98	77	94	78	89	79	83	79	76	78	69	78	62	79	56	81	51	84	47	88	42	93	36	97	29	100	23	102	18	103	14	103	11	102	9	100	8	97	8	95	9	94	11	94	14	94	18	93	23	91	29	88	34	84	38	80	42	75	45	69	49	63	54	56	58	48	61	40	65	33	68	27	70	22	71	18	71	15	70	13	68	12	65	12	62	13	58	15	53	18	47	22	40	27	33	32	27	37	22	42	18	46	15	49	13	51	12	52	12	52	
96:
63	1.867	96	49	95	50	93	52	90	55	86	59	83	64	80	69	76	73	71	76	65	78	58	79	51	79	45	78	39	76	34	75	29	75	25	76	22	78	20	81	19	84	19	87	20	90	22	92	23	93	23	93	22	92	20	90	17	87	15	83	13	78	12	72	12	65	11	58	10	52	10	47	11	43	13	40	16	38	20	37	25	37	30	38	34	40	39	43	44	47	48	51	51	56	53	62	56	67	60	71	65	74	71	76	76	77	81	77	86	76	90	74	94	71	97	68	99	64	100	59	100	55	99	52	97	50	96	49	96	49	
97:
62	1.613	90	23	91	22	92	20	93	17	93	13	92	9	90	6	87	4	83	2	78	1	72	1	67	2	63	4	60	7	58	11	55	16	51	21	46	27	40	34	33	41	27	49	21	57	16	64	12	70	9	75	7	79	6	83	6	86	7	88	9	89	12	89	16	89	21	88	25	86	29	83	33	81	36	80	40	80	45	81	51	83	58	86	65	88	71	91	76	93	80	94	83	94	85	93	86	91	86	88	86	84	86	79	87	73	89	66	91	59	92	51	93	44	93	38	93	33	93	29	92	26	91	24	90	23	90	23	
98:
67	146.608	75	2	74	1	72	1	69	0	65	-2	60	-3	54	-3	47	-2	39	0	31	3	24	7	18	12	13	18	9	23	6	29	4	35	3	40	3	45	4	49	6	53	9	56	11	58	14	59	18	59	23	60	27	61	32	61	36	61	39	62	41	63	42	64	42	66	41	69	39	73	36	78	34	82	33	85	33	87	34	88	36	88	39	87	43	85	46	82	49	78	53	73	57	69	62	66	68	64	73	63	79	63	84	63	88	63	91	62	93	60	95	57	96	53	96	48	96	42	95	35	93	28	90	22	86	17	82	12	79	8	77	5	76	3	75	2	75	2	
99:
57	2.399	10	53	11	54	13	56	16	59	20	63	24	68	28	74	33	79	38	83	43	86	47	88	50	89	52	89	53	90	53	91	52	91	50	90	49	88	47	85	46	83	46	81	47	80	49	80	52	79	56	77	61	74	67	70	72	66	78	63	83	59	87	55	90	50	93	46	95	43	96	39	96	35	95	30	93	24	90	19	86	15	81	12	75	10	69	9	62	9	55	10	47	12	39	14	32	17	26	21	21	26	17	32	14	38	12	43	11	47	11	50	11	52	10	53	10	53	