0:
72	9.834	14	9	13	10	11	12	9	15	8	19	8	24	9	30	11	36	14	43	18	49	23	54	29	58	35	63	40	69	45	75	49	81	52	86	56	90	59	93	61	95	62	96	62	96	61	95	60	93	59	90	59	86	58	81	58	75	59	68	60	60	62	51	65	43	68	36	72	30	77	25	83	21	88	18	92	16	95	14	97	13	98	13	99	14	99	16	98	19	96	23	93	28	89	34	84	40	80	45	77	49	74	53	72	56	71	58	71	59	72	59	72	58	72	56	71	53	69	49	66	45	62	41	57	38	51	35	44	33	37	31	31	28	26	24	22	19	19	15	17	12	15	10	14	9	14	9	
1:
67	3.573	24	51	25	52	27	54	29	57	32	59	36	60	41	60	46	59	52	58	58	56	65	53	71	49	76	44	80	38	83	31	85	24	86	18	86	13	85	9	83	6	80	4	77	3	75	3	74	4	74	6	75	9	76	13	78	18	81	24	83	30	84	37	86	43	87	50	87	56	86	62	84	67	81	71	77	74	72	76	66	77	59	77	51	76	42	74	34	71	27	67	21	63	16	58	11	52	7	46	4	41	2	36	1	32	1	29	2	26	4	24	7	23	11	23	14	24	16	26	17	29	17	32	17	36	18	41	19	45	21	48	23	50	24	51	24	51	
2:
76	11.664	67	88	66	87	64	85	61	82	57	78	54	73	52	68	51	64	51	59	52	54	54	49	57	45	61	42	66	40	70	39	73	38	75	38	76	39	76	41	75	44	73	46	70	47	66	47	61	46	55	44	48	41	40	37	33	32	27	26	20	21	14	17	9	14	5	12	2	11	0	11	-1	12	-1	14	0	17	2	21	4	26	5	32	6	38	7	43	7	47	6	50	5	52	3	53	2	55	2	58	3	62	5	66	8	69	12	73	17	77	23	82	30	88	38	93	46	98	53	102	59	105	66	107	72	108	77	108	81	107	84	105	86	102	87	98	87	94	86	91	84	89	81	87	77	86	73	86	70	87	68	87	67	88	67	88	
3:
68	11.771	70	90	71	91	73	91	76	90	79	88	83	85	88	81	92	76	95	70	97	63	98	56	98	49	97	43	95	38	92	34	88	31	83	29	78	28	74	28	70	29	66	31	63	34	60	38	58	41	57	43	57	44	58	44	58	43	59	41	59	38	58	34	56	30	53	26	50	21	48	15	45	10	41	6	36	3	30	1	24	0	19	0	15	1	11	3	8	6	6	10	4	15	2	21	0	28	-1	36	-1	45	0	54	2	62	5	70	9	77	12	83	15	88	19	92	24	95	29	97	35	98	42	98	49	97	55	95	60	94	64	94	67	93	69	91	70	90	70	90	
4:
79	5.396	48	76	49	75	51	73	54	70	58	66	62	61	67	56	73	52	78	48	82	44	85	39	87	34	88	28	88	21	87	14	85	8	82	3	79	-1	75	-4	70	-6	66	-7	63	-7	61	-6	60	-5	60	-3	61	0	63	4	66	8	70	13	73	19	75	26	76	34	76	43	75	53	73	62	70	70	66	77	61	83	55	88	48	92	40	95	33	97	27	98	22	98	18	97	15	95	13	92	12	88	11	84	11	79	12	73	14	66	17	58	20	49	22	41	23	34	24	28	25	23	26	19	28	16	31	14	35	13	39	13	42	14	44	16	45	19	46	23	48	28	51	34	53	40	54	45	55	50	56	55	56	61	55	66	53	70	51	73	49	75	48	76	48	76	
5:
63	22.739	11	83	12	82	14	80	16	77	17	73	17	68	16	62	15	55	13	48	11	42	8	37	6	33	3	30	1	28	0	27	0	27	1	27	3	27	6	26	9	24	11	21	12	17	12	12	13	8	15	5	18	3	22	2	27	2	32	3	38	5	44	8	50	12	57	17	65	22	72	28	78	34	83	39	87	45	90	50	92	54	93	57	93	59	92	60	90	60	87	61	85	63	83	66	81	70	78	75	74	80	69	85	63	89	56	92	48	94	41	95	35	95	29	94	24	92	20	90	17	87	14	85	12	84	11	83	11	83	
6:
61	11.185	99	53	98	53	96	54	93	55	89	55	84	56	78	58	73	61	67	65	62	70	58	75	55	81	53	86	52	90	51	93	49	95	46	96	44	97	41	97	37	96	34	94	31	91	28	87	26	82	23	76	19	71	14	66	10	61	7	57	5	53	4	49	4	45	5	40	7	36	9	33	12	31	16	30	21	30	26	31	32	33	37	36	41	40	44	43	46	47	47	52	47	57	48	61	50	64	52	66	55	67	59	67	64	66	70	64	77	61	83	58	88	56	92	54	95	53	97	52	98	52	99	53	99	53	
7:
79	50.766	98	84	97	84	95	83	92	81	88	78	84	74	81	69	78	63	74	56	69	49	63	41	56	34	49	27	42	21	36	16	31	12	27	9	24	7	22	6	21	6	21	5	22	3	24	0	27	-4	31	-7	36	-9	42	-10	49	-10	57	-9	65	-7	72	-4	78	0	83	5	87	11	90	17	92	24	93	32	93	40	92	47	90	53	87	58	83	62	78	67	73	71	67	74	60	76	52	77	44	77	37	76	31	74	26	71	22	67	18	64	14	62	9	61	5	61	2	62	0	64	-1	67	-1	71	0	75	2	79	5	82	9	84	14	85	20	85	27	86	35	88	44	90	53	91	62	91	70	90	77	89	83	88	88	87	92	85	95	84	97	84	98	84	98	84	
8:
79	76.674	85	5	86	6	86	8	86	11	87	15	89	19	90	24	90	28	89	31	87	34	84	36	80	37	76	37	71	36	65	34	58	31	50	27	41	22	33	18	26	15	18	13	11	12	5	11	0	11	-4	12	-7	14	-10	17	-12	21	-13	26	-13	32	-12	39	-10	47	-7	54	-3	60	2	65	7	69	13	72	18	74	22	75	25	75	27	74	28	72	28	69	29	67	30	66	32	65	35	65	39	65	42	66	44	68	47	70	51	71	54	73	56	76	57	80	57	83	58	85	60	86	63	87	67	87	72	86	78	84	84	81	89	77	93	72	96	66	98	60	99	53	99	46	98	39	97	33	95	28	92	24	89	20	87	15	86	11	86	8	85	6	85	5	85	5	
9:
75	29.718	69	62	68	61	66	59	63	56	59	52	54	47	49	43	43	39	38	35	33	32	29	30	26	29	24	29	23	30	23	32	24	35	26	38	27	42	27	47	26	53	24	58	23	62	23	65	24	67	26	68	29	68	33	67	38	65	44	62	51	58	58	53	64	47	69	40	73	33	76	27	78	22	80	18	81	14	81	11	80	9	78	8	75	8	71	8	66	8	60	9	53	11	46	14	39	17	32	21	26	26	20	32	15	37	11	42	8	47	6	53	5	58	5	63	6	68	8	72	11	75	15	77	20	80	26	82	33	83	41	83	48	82	54	82	59	81	63	79	66	76	68	72	69	68	69	65	69	63	69	62	69	62	
10:
75	6.809	63	75	64	76	66	78	67	80	68	82	68	83	67	83	65	82	63	80	60	77	56	75	51	74	45	74	38	74	31	75	24	77	18	80	13	84	9	89	6	93	4	96	3	98	3	99	3	99	4	98	6	96	9	93	12	89	16	84	21	78	26	71	30	63	33	55	36	46	39	38	41	31	42	25	42	20	41	16	39	12	36	9	32	7	29	5	26	4	24	4	23	5	23	7	24	9	26	10	29	10	33	9	38	7	44	5	51	4	59	4	66	5	72	7	77	10	81	14	84	19	86	25	87	30	87	34	86	37	84	39	81	42	77	45	74	49	72	54	71	60	70	65	68	69	66	72	64	74	63	75	63	75	
11:
68	4.678	49	32	50	33	52	35	55	38	59	42	64	46	70	49	77	51	83	52	88	52	92	51	95	49	97	46	98	42	98	37	97	31	96	24	94	18	91	13	87	9	82	6	76	4	69	3	61	3	54	4	47	6	39	9	32	13	26	18	21	24	17	30	13	36	9	41	6	47	4	52	3	58	3	63	4	67	6	70	9	72	13	73	18	73	23	72	27	71	30	71	33	72	35	74	37	77	40	81	43	84	47	86	50	87	53	87	55	86	56	84	56	82	55	79	53	75	52	70	52	64	52	58	53	53	53	47	52	42	50	38	49	35	49	33	49	32	49	32	
12:
61	16.354	49	51	50	50	52	48	55	46	58	45	62	44	67	43	72	42	76	42	79	43	81	43	82	42	84	40	87	37	90	33	92	28	93	22	93	15	92	9	90	4	87	0	83	-3	78	-5	72	-7	65	-8	58	-8	51	-7	45	-5	40	-2	36	1	33	4	31	8	30	13	30	18	29	24	27	31	26	39	25	47	24	54	22	61	21	67	21	72	21	76	20	79	18	81	16	82	15	82	15	81	16	79	18	76	19	72	21	67	23	62	26	58	30	55	35	53	39	51	43	50	46	50	48	50	49	51	49	51	
13:
73	6.59	4	81	5	82	7	83	10	84	14	86	19	89	25	91	32	92	40	92	47	93	53	94	59	96	66	98	72	99	77	99	81	98	84	96	86	93	87	91	87	90	86	88	84	86	81	85	77	85	72	86	66	88	61	90	56	91	50	91	44	90	39	88	35	85	32	82	30	78	29	73	28	67	28	60	29	52	31	44	34	37	38	31	43	25	48	20	53	16	57	13	60	11	62	10	63	10	63	11	63	13	62	16	60	20	57	24	53	29	48	33	42	36	36	38	30	39	24	39	17	40	11	40	6	41	2	43	-1	46	-3	50	-4	55	-4	61	-3	66	-1	71	1	75	3	78	4	80	4	81	4	81	
14:
66	10.413	74	68	73	69	71	69	68	69	64	70	59	72	53	74	46	77	40	81	34	84	29	86	25	87	21	87	18	86	16	84	15	81	15	77	16	72	18	66	19	59	21	53	23	46	24	39	24	32	23	26	21	21	18	17	15	14	12	12	10	10	9	9	9	8	10	8	12	9	15	10	18	10	21	11	23	13	24	16	25	20	27	23	30	27	34	30	39	33	45	35	50	36	54	36	57	36	59	37	60	39	60	42	59	45	57	49	54	54	52	60	51	65	51	69	52	72	54	74	57	75	61	75	65	74	68	73	71	71	73	69	74	68	74	68	
15:
86	28.347	81	46	82	47	83	49	83	52	84	56	84	61	84	67	85	72	86	76	87	80	87	83	88	85	88	86	87	86	85	85	82	83	78	80	73	76	67	71	60	65	54	58	49	52	44	47	40	43	37	40	35	38	32	37	30	37	28	38	26	40	25	43	25	47	25	52	26	57	28	63	30	69	31	74	32	78	32	81	31	83	29	84	26	84	22	83	17	81	11	78	6	74	2	70	-1	65	-4	59	-6	52	-7	44	-7	37	-6	31	-4	26	-1	22	3	19	8	17	13	16	17	16	22	17	28	19	34	22	39	24	45	25	51	25	58	24	66	22	73	20	79	17	85	13	90	10	94	8	97	7	99	7	100	8	100	10	99	13	98	17	96	21	93	26	90	31	87	36	85	40	83	43	82	45	81	46	81	46	
16:
69	5.737	19	51	18	52	16	54	13	57	11	61	10	65	9	69	9	74	10	78	12	81	15	83	19	86	24	88	28	89	33	89	39	88	46	86	53	85	59	84	66	84	72	85	77	87	82	89	86	90	89	90	91	89	92	87	92	84	91	80	89	75	86	69	83	63	79	58	74	52	69	45	65	37	62	30	60	24	59	19	59	15	60	12	62	10	65	9	69	9	74	10	80	12	85	15	89	19	92	24	94	30	95	35	95	39	94	42	92	45	89	47	85	48	81	48	76	48	70	48	63	48	55	48	47	48	40	48	34	48	29	49	25	51	22	52	20	52	19	51	19	51	
17:
78	12.433	42	90	43	89	45	88	48	86	52	83	55	79	57	74	58	68	58	61	57	53	55	44	52	36	49	28	47	21	45	15	44	10	44	6	44	3	45	1	47	0	49	0	50	1	52	3	55	6	59	10	63	15	68	19	74	22	80	26	85	30	89	35	93	41	96	48	98	55	99	61	99	67	98	72	96	76	93	79	91	82	90	84	90	86	91	87	93	87	96	88	98	88	99	89	99	91	98	92	96	93	93	93	89	93	84	93	78	94	71	95	63	95	54	95	45	94	37	93	30	91	24	88	19	85	15	83	12	81	10	79	9	78	9	77	10	76	12	75	15	75	18	76	22	78	27	81	32	83	36	85	39	87	41	89	42	90	42	90	
18:
77	82.481	62	72	62	71	62	70	63	68	65	65	68	61	72	56	77	51	82	45	87	40	91	36	94	33	96	31	97	28	97	26	96	25	94	25	91	26	87	28	82	31	76	35	69	38	63	41	58	45	54	50	51	56	49	61	48	65	48	68	47	70	46	71	44	71	41	70	37	68	32	65	27	62	23	60	20	59	17	59	15	58	14	56	14	53	14	49	15	44	17	39	18	34	18	28	17	23	15	19	12	16	9	14	6	13	2	13	-2	14	-5	16	-7	19	-8	23	-8	28	-7	34	-5	41	-2	49	2	56	7	62	13	67	19	71	26	74	34	76	41	79	47	81	52	82	56	82	59	81	61	80	62	78	63	75	63	73	62	72	62	72	
19:
77	12.3	73	6	73	7	72	9	70	12	67	16	64	21	60	25	56	28	51	30	45	31	40	31	36	30	33	28	31	25	29	21	28	17	27	12	27	8	27	5	28	3	30	2	33	2	37	3	40	5	42	8	43	12	43	17	43	22	42	28	41	35	39	41	38	46	38	51	39	55	41	58	44	60	48	61	53	63	57	65	60	68	62	72	63	76	63	80	62	84	60	89	57	93	54	96	51	98	49	99	48	99	48	98	49	96	51	93	54	89	58	84	62	79	65	73	67	66	70	58	74	49	78	40	83	31	87	23	90	16	92	10	94	5	95	1	95	-2	94	-4	92	-5	90	-5	87	-4	83	-2	79	0	76	3	74	5	73	6	73	6	
20:
70	9.279	80	59	79	58	77	56	74	53	71	49	69	44	68	38	68	33	69	29	71	25	74	22	78	19	83	16	87	13	90	11	92	9	93	6	93	4	92	3	90	3	87	4	83	6	78	9	72	12	67	16	63	21	60	25	57	28	54	30	51	31	47	31	42	30	36	28	29	27	22	27	16	28	11	30	7	33	4	36	2	40	1	45	1	51	2	58	4	64	7	70	11	77	16	83	22	88	29	92	37	95	44	97	52	98	61	98	69	97	76	95	82	92	87	90	91	89	94	89	96	89	97	88	97	86	96	83	95	79	93	74	90	69	86	65	83	62	81	60	80	59	80	59	
21:
71	19.072	38	78	37	77	35	75	34	72	34	68	35	63	37	58	39	52	42	45	46	37	51	30	57	24	62	19	66	15	69	11	71	8	72	6	72	5	71	5	69	6	66	8	63	11	60	15	58	20	57	25	57	31	58	36	60	40	63	45	65	51	66	58	66	64	66	69	67	74	69	78	72	82	76	85	79	87	81	88	82	88	82	87	81	86	79	86	76	86	72	87	67	89	61	91	54	94	47	98	40	101	32	103	25	104	19	105	14	105	10	104	7	102	5	99	4	95	4	90	4	84	5	79	7	75	10	72	14	70	19	69	24	69	28	70	32	72	35	75	37	77	38	78	38	78	
22:
76	9.39	7	61	7	60	6	58	5	55	5	51	6	46	8	40	11	33	14	27	17	21	21	15	25	10	30	6	36	3	43	1	51	0	59	0	67	1	74	3	80	6	85	9	90	12	94	15	97	19	99	23	100	28	100	33	99	39	97	46	94	54	90	62	85	69	79	75	74	80	68	84	63	88	59	92	56	95	54	97	53	98	53	98	54	97	56	96	59	94	63	91	68	89	72	86	75	82	77	77	78	71	78	64	77	58	75	51	72	44	68	38	63	32	58	27	54	23	51	20	49	18	48	17	48	17	49	18	49	20	48	23	46	27	43	32	39	38	34	44	28	49	22	53	17	56	13	58	10	60	8	61	7	61	7	61	
23:
84	32.069	46	27	47	26	49	26	52	27	56	29	60	30	65	32	71	34	77	35	82	35	86	34	89	33	91	33	92	33	92	34	91	34	89	35	86	37	82	39	77	42	71	46	65	51	59	57	52	64	46	70	41	76	37	81	34	85	32	88	31	90	31	93	32	96	34	98	37	100	41	101	46	101	52	100	59	98	66	95	72	91	77	88	81	86	84	85	86	85	88	86	89	88	89	91	88	95	86	98	83	100	79	101	74	101	68	100	63	98	58	95	54	91	51	87	49	82	48	76	47	71	45	65	42	59	38	54	33	49	27	45	22	42	18	40	14	37	11	33	9	30	8	27	8	23	9	19	11	16	13	14	16	13	20	13	25	14	31	16	36	18	40	21	43	24	45	26	46	27	46	27	
24:
71	4.777	58	33	59	32	61	31	64	29	68	26	72	22	76	19	79	17	81	14	83	12	86	11	90	11	95	12	99	14	102	17	104	21	105	26	105	32	104	39	102	47	99	54	95	60	90	65	86	69	83	72	79	75	74	77	68	78	62	78	56	77	51	75	47	72	44	68	42	63	41	57	41	50	42	42	42	34	41	27	39	21	37	16	34	12	30	9	25	6	19	4	14	3	10	3	7	4	5	6	4	9	4	11	5	12	7	12	10	11	14	9	19	6	25	4	31	3	37	3	42	4	47	6	52	8	56	11	59	15	61	20	62	24	62	27	62	29	61	31	59	32	58	33	58	33	
25:
74	29.291	20	73	21	74	23	76	26	79	29	81	33	84	38	86	44	87	50	87	57	86	64	84	70	81	75	77	79	72	82	67	84	63	85	60	85	58	84	57	82	55	79	52	77	48	75	43	74	37	74	31	74	25	75	20	76	16	76	13	75	11	73	10	70	10	68	11	65	12	63	14	60	17	56	21	51	24	46	26	40	27	34	27	28	26	21	24	15	23	10	23	6	24	3	26	-1	29	-4	33	-6	38	-7	44	-7	51	-6	58	-4	65	-1	71	1	77	2	82	4	86	6	89	9	91	13	92	18	92	22	91	26	89	29	87	31	84	32	80	32	77	31	74	29	72	26	71	23	71	21	72	20	73	20	73	
26:
71	8.343	95	87	95	88	95	90	94	93	92	96	89	98	85	99	80	100	74	100	67	99	61	97	55	96	50	95	46	93	43	90	41	86	40	81	40	77	41	72	43	67	46	61	50	54	55	48	60	43	66	37	73	30	79	24	84	19	88	15	91	12	93	10	94	8	94	7	93	7	91	8	88	9	84	11	79	13	73	14	67	14	61	15	56	17	51	18	45	20	40	23	35	25	30	26	26	28	23	31	21	35	20	40	20	44	21	47	23	49	26	50	30	51	34	53	39	56	45	60	52	64	58	69	63	75	67	80	71	84	75	87	80	89	85	90	89	90	92	89	94	88	95	87	95	87	
27:
76	43.451	60	96	61	95	63	94	66	92	70	89	75	87	79	84	83	81	87	79	90	78	92	78	93	79	93	79	92	78	90	76	87	74	83	73	79	72	74	71	68	69	61	66	54	63	47	61	39	60	30	59	22	59	15	60	9	62	4	65	0	69	-3	73	-5	78	-6	83	-6	87	-5	90	-3	93	0	95	4	96	8	96	11	95	14	93	17	90	21	86	26	81	32	75	39	68	47	60	55	53	62	47	68	41	73	36	77	32	80	29	82	25	83	21	83	18	82	16	80	15	77	15	73	16	68	18	62	21	57	25	53	30	50	36	48	43	47	51	47	60	48	68	48	75	49	81	51	86	54	90	57	93	59	95	60	96	60	96	
28:
71	61.16	67	87	66	86	64	85	61	84	57	82	52	79	46	77	40	75	33	74	26	73	20	73	15	72	11	70	7	67	4	64	2	62	1	60	1	57	2	53	4	48	7	42	11	37	16	32	22	28	29	25	35	22	40	20	44	19	47	18	49	16	50	13	50	9	50	6	51	4	53	3	56	3	60	4	64	6	67	8	69	11	70	15	70	20	71	24	73	27	76	29	79	30	83	32	86	33	88	35	89	38	89	42	88	47	86	52	84	58	81	65	77	72	72	78	67	83	62	87	58	90	55	92	53	93	52	95	52	96	53	96	55	95	58	93	61	90	64	88	66	87	67	87	67	87	
29:
89	4.154	41	15	41	16	40	18	38	21	37	25	37	30	36	36	35	43	33	50	31	58	30	66	29	73	28	79	27	84	27	88	28	91	29	93	31	94	33	94	36	93	40	91	45	88	51	84	58	79	64	73	71	68	79	64	86	61	92	57	97	52	101	48	104	43	106	37	107	30	107	24	106	19	104	15	101	12	97	10	92	9	88	9	83	10	78	12	74	15	71	19	69	24	68	30	68	35	68	41	67	46	65	50	62	53	59	55	55	56	50	56	44	55	37	53	31	50	26	46	22	41	19	36	17	30	16	24	16	19	17	15	19	12	20	10	20	9	19	9	17	10	14	12	11	15	7	19	4	24	2	29	1	33	1	36	2	38	4	39	7	39	11	38	16	36	22	33	27	29	31	25	35	21	38	18	40	16	41	15	41	15	
30:
80	50.8	61	87	62	86	64	84	67	81	71	78	76	74	81	69	85	65	89	60	92	54	94	48	95	43	95	38	94	34	92	31	89	29	85	28	80	28	76	29	72	31	69	34	65	38	60	43	55	49	50	56	46	64	41	71	35	77	30	82	26	86	23	89	21	91	18	92	16	92	15	91	15	89	16	86	18	82	21	77	24	71	28	65	33	58	39	50	45	41	50	33	54	26	57	20	59	14	60	9	61	5	61	2	60	0	58	-1	57	-1	57	0	58	2	60	5	63	9	67	13	72	17	78	20	83	24	88	29	92	34	95	40	97	46	98	53	98	61	97	68	95	74	93	79	90	83	86	86	81	88	76	90	71	91	67	91	64	90	62	88	61	87	61	87	
31:
66	11.37	61	97	62	98	64	99	67	99	71	100	75	100	78	99	80	97	82	94	83	90	83	85	83	79	84	72	84	65	83	58	81	52	78	47	74	43	69	40	63	38	57	37	51	37	46	38	42	39	39	40	37	40	36	39	36	37	37	34	39	30	42	25	46	20	51	16	57	12	64	9	71	7	77	5	82	4	87	4	91	4	94	5	96	7	97	10	97	14	96	19	94	25	93	32	93	40	94	47	95	53	95	58	94	62	92	65	89	67	85	69	80	70	75	71	70	73	66	76	63	79	61	83	60	87	59	91	59	94	60	96	61	97	61	97	
32:
60	4.836	20	43	21	43	23	42	26	42	30	42	35	43	40	45	46	47	52	49	58	51	65	54	72	58	78	62	83	66	87	70	90	74	92	77	93	79	93	80	92	80	90	79	87	77	83	74	80	70	78	65	77	59	77	52	78	46	80	40	83	34	87	29	90	25	92	22	93	19	93	17	92	16	90	16	87	17	83	17	78	16	72	16	65	16	57	16	48	16	40	16	33	15	27	13	22	12	18	12	15	13	13	15	12	18	12	22	13	27	15	31	18	35	20	38	21	40	21	42	20	43	20	43	
33:
79	66.242	53	53	54	54	56	56	59	59	63	63	67	68	72	74	77	79	81	84	84	88	86	92	87	95	87	97	86	98	86	98	87	97	89	95	91	92	93	89	94	85	94	80	93	74	91	67	88	59	84	50	79	42	73	35	68	28	63	22	57	17	52	13	46	10	40	8	33	7	26	7	20	8	14	8	9	9	5	10	2	12	0	14	-1	17	-1	21	0	26	2	31	5	37	9	43	14	48	19	52	23	56	26	59	28	61	29	63	29	65	28	66	26	66	23	66	19	67	15	68	11	69	8	71	6	73	5	74	5	75	6	77	8	80	11	82	15	83	20	83	26	82	33	80	39	77	44	73	48	68	51	63	53	59	54	56	54	54	53	53	53	53	
34:
78	107.117	11	14	12	13	14	13	17	12	21	10	26	9	32	8	39	8	47	8	56	8	64	9	71	9	77	10	82	12	87	15	91	19	94	24	96	30	97	35	98	39	98	43	97	46	95	48	92	49	88	49	85	49	83	50	82	52	82	55	83	58	85	62	87	67	88	73	88	79	87	85	85	90	82	94	78	97	74	99	69	100	64	100	60	99	57	97	55	94	53	90	50	86	46	82	41	79	35	75	28	70	21	66	15	63	10	61	6	60	3	60	1	61	0	63	0	64	1	65	3	65	6	64	10	62	15	59	19	57	23	55	26	52	28	48	30	43	31	37	31	31	30	26	28	22	25	19	21	17	17	16	14	16	12	15	11	14	11	14	
35:
77	24.704	23	73	22	72	20	70	17	68	13	65	9	61	6	58	3	55	1	51	0	48	0	44	1	41	3	39	6	37	10	34	15	30	20	25	26	20	31	15	35	11	38	8	42	6	47	5	52	5	58	6	64	8	69	11	74	14	78	18	81	23	83	29	84	36	84	44	84	53	84	61	84	69	85	76	87	82	88	87	89	91	89	94	88	96	86	97	83	97	79	96	74	94	69	91	63	87	56	82	48	77	40	73	32	69	25	66	19	64	14	63	10	63	7	64	5	66	4	68	4	71	4	75	5	80	7	85	10	89	14	92	18	94	21	95	23	95	24	94	25	92	25	90	24	87	23	83	22	79	22	76	22	74	23	73	23	73	
36:
62	5.398	3	52	4	53	6	55	9	57	13	59	17	61	21	63	25	64	28	64	30	63	31	61	31	58	30	54	28	49	25	43	21	37	17	31	14	26	12	22	11	19	11	17	12	16	14	16	17	17	21	19	26	22	32	26	38	31	44	37	49	44	53	50	56	57	58	63	60	69	62	74	65	78	69	81	74	83	78	84	81	84	83	83	84	82	84	82	83	83	81	85	79	87	76	88	72	88	67	88	61	87	54	85	46	82	38	78	31	74	25	70	20	67	16	65	13	62	9	58	6	55	4	53	3	52	3	52	
37:
75	5.45	39	83	38	82	36	80	34	77	31	73	27	68	24	63	22	58	21	54	21	51	22	49	24	48	27	48	31	48	35	49	40	51	44	54	47	58	50	63	53	67	56	72	60	77	65	81	70	84	76	86	81	87	86	87	90	86	93	84	95	81	96	77	96	72	95	66	93	61	90	55	86	50	82	44	79	38	77	33	76	27	76	22	77	18	78	15	78	13	77	12	75	12	72	13	68	15	63	18	57	22	50	27	44	31	37	35	29	39	22	44	16	49	11	55	7	60	4	65	2	70	1	76	1	82	2	87	4	91	6	94	9	96	13	97	18	97	24	96	29	94	33	91	36	88	38	86	39	84	39	83	39	83	
38:
77	190.666	12	30	13	30	15	30	17	29	20	28	24	28	29	29	35	29	42	28	50	26	57	23	65	20	72	17	78	15	84	14	89	14	93	15	96	16	98	18	100	21	101	25	101	30	100	36	99	43	97	49	95	56	93	64	90	72	86	79	81	85	75	90	68	94	60	97	52	99	45	100	39	100	33	99	27	97	22	94	18	90	15	85	13	79	12	72	12	64	13	55	15	46	18	38	22	31	27	25	32	20	38	16	43	13	47	11	50	10	52	10	53	11	53	13	52	16	52	20	51	25	50	29	50	33	49	36	49	38	49	39	48	39	47	38	45	36	42	33	38	30	33	28	27	27	22	27	18	27	15	28	13	29	12	30	12	30	
39:
70	31.761	89	76	88	77	86	79	83	82	79	85	74	87	70	88	66	88	63	87	61	86	60	84	60	82	61	79	63	75	65	70	68	64	72	57	77	50	81	42	85	34	89	26	92	19	94	13	95	8	95	4	94	1	92	-1	89	-2	85	-2	81	-1	76	1	70	4	63	8	55	12	48	17	42	23	37	30	33	36	30	41	28	45	27	48	27	50	28	51	30	51	33	51	37	50	42	48	48	45	55	41	62	37	68	33	73	29	77	26	80	24	83	23	87	23	90	24	92	26	93	29	93	33	92	37	90	42	89	48	89	55	88	61	87	66	87	70	87	73	88	75	89	76	89	76	
40:
82	53.478	82	57	82	58	81	60	79	63	77	67	74	72	70	78	65	85	59	91	52	96	44	100	37	103	30	105	24	106	19	106	15	105	12	103	10	100	9	96	9	91	10	86	12	81	15	75	19	70	24	66	30	62	35	59	39	57	42	56	44	55	45	55	45	56	44	56	42	56	39	56	35	55	32	53	29	50	27	46	25	41	23	36	20	31	18	27	17	24	17	21	18	19	20	18	23	18	27	19	32	21	38	24	45	28	52	31	59	33	65	34	70	34	74	33	77	31	79	28	80	24	80	20	79	17	78	15	77	14	77	14	78	15	80	17	83	20	87	23	91	26	94	29	96	33	97	38	97	44	96	49	94	53	93	56	91	58	88	59	85	59	83	58	82	57	82	57	
41:
79	15.478	5	78	4	77	3	75	2	72	0	68	-1	63	-1	59	0	56	2	54	5	53	9	53	14	54	20	56	27	58	34	59	42	60	51	61	60	61	68	60	75	59	81	57	86	54	90	51	93	48	95	45	96	43	96	42	95	41	93	41	92	42	92	44	93	47	95	51	97	56	98	61	98	67	97	72	95	76	92	79	88	83	83	87	77	90	70	92	62	93	53	93	45	92	37	90	30	87	24	83	19	78	15	73	12	67	9	60	5	52	2	45	0	39	-1	33	-1	28	-1	24	0	21	2	19	5	18	9	18	14	19	18	21	21	24	23	28	24	32	24	37	23	41	21	46	18	52	15	58	12	63	9	68	7	72	6	75	6	77	5	78	5	78	
42:
70	13.815	88	54	87	53	85	51	82	48	79	44	77	39	76	34	76	29	77	25	79	22	82	20	85	18	87	17	88	17	88	16	87	16	85	15	82	13	79	10	75	6	71	3	66	1	60	0	55	0	51	1	48	3	46	6	44	9	43	13	41	16	38	18	34	19	29	19	25	18	20	17	16	15	13	12	11	8	10	5	10	3	9	2	7	2	5	3	4	5	4	8	5	12	7	17	10	23	14	30	19	38	24	47	30	55	37	62	43	68	48	73	52	77	55	80	59	82	64	83	69	83	73	82	78	80	82	77	85	73	87	68	88	64	88	60	87	57	87	55	88	54	88	54	
43:
74	3.371	91	9	90	9	88	10	85	12	81	15	76	19	72	24	69	30	67	37	65	44	62	50	58	55	53	60	47	66	40	71	33	75	27	78	22	80	17	81	13	81	10	80	8	78	7	75	7	71	8	68	10	66	13	64	17	63	21	63	26	64	32	66	39	69	47	73	54	77	60	82	65	87	70	91	74	94	78	96	83	98	87	99	90	99	92	98	93	96	93	93	92	90	90	88	87	87	83	85	78	83	72	80	65	76	59	71	53	65	48	59	44	52	41	44	39	35	38	27	38	20	39	14	41	9	44	5	48	2	53	0	59	-1	66	-1	72	0	77	2	81	5	85	7	88	8	90	9	91	9	91	9	
44:
85	65.345	18	87	19	87	21	88	24	90	28	92	33	94	39	96	46	98	52	101	59	103	65	104	71	104	77	103	82	101	86	98	89	94	91	89	92	83	92	77	91	70	90	62	90	53	91	44	93	35	95	27	96	20	96	14	95	9	93	5	90	2	86	0	81	-1	76	-1	72	0	68	2	65	5	61	9	56	14	52	20	48	27	44	34	39	41	34	47	29	52	23	56	17	59	12	61	8	62	5	62	3	61	2	59	2	56	3	52	5	48	8	44	12	41	17	39	23	38	30	36	38	35	46	35	54	35	61	36	67	37	72	39	76	42	79	46	81	51	82	57	82	63	81	68	79	72	76	75	72	77	67	78	61	78	54	78	46	78	39	78	33	78	28	79	24	81	21	84	19	86	18	87	18	87	
45:
78	26.384	90	17	89	18	87	20	84	22	80	25	75	29	70	34	64	40	59	46	55	52	52	57	50	61	49	64	47	66	44	67	40	67	35	66	29	64	23	61	17	57	12	52	8	46	5	40	3	34	2	27	2	21	3	16	5	12	8	9	10	7	11	6	11	6	10	7	8	9	5	12	3	16	2	21	1	27	1	34	1	42	2	51	2	59	3	66	5	73	8	79	11	84	15	88	20	91	26	93	33	94	41	94	50	94	58	95	66	97	73	100	80	102	86	103	91	103	95	102	98	100	100	97	101	93	101	90	100	86	98	82	95	78	91	73	88	67	86	60	85	52	85	45	86	38	88	32	89	27	89	23	89	20	89	18	90	17	90	17	
46:
70	9.832	39	45	40	44	42	42	45	39	49	35	53	30	56	24	58	18	59	13	59	9	59	6	58	4	56	3	53	3	49	3	44	3	38	4	32	6	26	9	21	13	17	18	14	24	11	31	9	39	8	47	8	55	9	62	11	68	14	73	18	77	23	80	28	82	34	83	41	83	48	82	56	81	65	81	73	82	80	84	86	86	91	87	95	87	98	86	100	84	101	81	102	78	102	75	101	71	99	66	96	62	92	58	87	55	81	53	74	52	68	52	62	53	55	55	49	58	44	61	40	63	36	64	33	64	31	63	30	61	30	58	31	54	33	51	36	48	38	46	39	45	39	45	
47:
76	22.155	87	72	86	71	84	69	82	66	81	62	81	57	82	52	84	46	86	39	89	33	91	28	92	24	92	21	91	19	89	18	87	18	85	19	82	21	78	24	74	28	69	33	63	39	56	44	48	48	39	52	31	55	24	57	18	58	13	59	9	61	6	64	4	68	3	71	3	74	4	78	6	81	9	83	13	84	17	84	22	83	27	81	32	78	36	74	39	69	41	63	43	56	44	48	44	41	43	35	41	30	39	26	36	23	34	21	31	20	29	20	28	20	28	19	29	17	31	16	34	16	38	17	43	18	48	20	54	22	61	25	68	29	74	34	79	40	83	46	86	51	88	57	89	62	89	66	88	69	87	71	87	72	87	72	
48:
82	52.599	18	51	19	50	21	50	24	50	28	51	33	53	39	55	46	58	52	62	57	67	61	73	64	79	66	84	67	88	68	92	69	95	71	97	74	98	77	98	81	97	86	95	91	92	95	88	98	83	100	77	101	70	101	63	100	56	98	49	95	43	93	38	92	34	92	31	93	29	93	28	94	28	95	29	97	31	98	34	98	38	97	43	95	49	92	55	89	61	86	66	82	70	77	73	71	75	65	76	58	76	51	75	45	73	40	70	36	66	33	61	31	56	30	50	30	43	31	35	33	28	36	21	39	15	41	10	42	6	44	3	45	1	45	0	44	0	44	1	43	3	43	6	42	9	40	13	37	18	33	24	29	30	25	36	22	41	20	45	19	48	19	50	18	51	18	51	
49:
70	3.67	75	63	75	62	75	60	76	57	78	54	80	50	81	45	81	40	80	34	78	28	75	23	71	19	68	16	66	14	63	13	60	13	56	14	51	16	47	19	44	23	42	27	41	31	40	34	40	36	39	37	38	37	37	36	36	34	34	31	31	27	27	22	22	18	17	14	13	11	9	9	6	8	3	8	1	9	0	11	0	14	1	18	3	23	5	29	8	36	12	44	17	51	21	57	24	63	26	68	28	72	29	75	29	77	28	78	27	78	27	77	28	75	29	72	31	68	34	63	38	59	42	56	46	54	50	53	55	53	60	54	65	56	69	58	72	60	74	62	75	63	75	63	
50:
71	3.592	42	31	43	32	45	34	48	37	52	41	57	46	63	52	69	58	75	64	80	69	84	73	87	76	89	78	90	80	90	82	89	83	87	85	84	87	80	89	75	92	69	94	62	95	55	95	47	95	40	94	34	94	29	94	25	93	22	91	20	90	19	90	19	89	20	88	22	86	25	83	29	81	34	78	40	74	46	69	53	65	59	60	64	54	68	49	71	45	73	42	74	40	74	39	73	39	71	38	68	37	64	35	59	32	53	28	47	25	41	21	35	18	30	16	26	15	23	15	21	16	20	18	20	21	21	25	23	29	26	32	29	34	32	35	36	35	39	34	41	32	42	31	42	31	
51:
79	90.988	37	3	36	4	34	5	31	7	27	10	24	14	20	17	15	19	11	20	8	20	6	20	5	19	5	18	6	17	8	17	11	18	15	20	20	23	24	27	28	31	32	35	35	40	37	46	38	51	38	56	37	60	36	63	36	65	37	66	39	66	42	65	46	63	51	60	57	58	63	57	68	57	73	58	79	60	85	63	90	66	94	68	97	69	99	69	101	68	102	66	103	63	105	59	106	54	106	48	105	43	104	39	102	35	99	32	95	30	90	29	85	29	81	29	78	29	76	28	75	26	75	23	76	19	78	14	80	9	81	5	81	2	80	0	78	-1	76	-1	73	0	69	1	64	3	58	5	52	6	47	6	43	6	40	5	38	4	37	3	37	3	
52:
61	3.107	30	90	31	89	33	88	36	86	40	83	45	79	51	76	57	73	64	71	71	70	77	70	82	70	86	71	89	72	91	74	92	76	92	78	91	80	89	81	86	81	82	80	78	78	74	75	71	71	69	66	68	60	68	54	69	49	71	43	74	38	78	34	83	31	87	29	90	27	92	24	93	20	94	16	94	13	93	10	91	8	88	7	84	7	79	8	74	10	68	13	61	17	54	22	48	28	43	34	38	40	34	45	31	51	29	56	28	62	28	69	28	75	29	80	30	84	31	87	31	89	30	90	30	90	
53:
67	15.29	15	54	16	55	18	56	21	56	25	56	30	56	34	56	37	55	39	53	40	50	40	46	39	41	37	36	34	31	30	27	25	24	20	20	14	17	9	13	5	10	2	7	0	5	-1	3	-1	2	0	2	2	3	5	5	8	8	12	12	17	15	23	17	30	18	38	18	45	17	51	15	56	12	60	10	64	7	68	5	71	4	73	4	74	5	76	7	78	10	81	14	85	19	88	25	90	32	91	38	91	43	90	47	88	51	85	54	81	56	76	57	71	57	65	56	58	56	51	57	43	58	36	59	30	60	25	60	21	59	18	57	16	55	15	54	15	54	
54:
79	46.863	58	64	57	65	55	67	52	70	48	74	43	79	37	85	30	90	23	94	17	97	12	99	8	100	5	101	3	101	1	100	0	98	0	95	1	91	2	86	4	80	7	73	9	66	10	60	12	55	13	51	15	48	16	46	18	45	21	45	25	46	29	48	34	49	39	49	45	48	51	46	57	43	62	39	66	34	69	28	71	21	72	15	72	10	71	6	69	3	68	1	68	0	68	0	69	1	71	3	74	6	76	10	77	15	78	21	78	28	79	36	81	44	83	51	85	57	86	62	87	66	89	69	92	71	94	72	96	72	98	71	99	69	99	66	98	63	96	60	93	58	89	57	84	57	78	58	73	60	68	61	64	61	61	62	59	63	58	64	58	64	
55:
74	28.751	61	71	60	70	58	69	55	68	51	67	46	67	40	67	34	68	27	70	21	72	15	75	10	79	6	83	3	88	1	92	0	95	0	97	1	98	3	100	6	102	10	105	15	107	21	108	28	108	36	109	45	110	54	110	62	109	69	107	75	104	80	100	84	95	87	89	89	83	90	76	90	68	89	59	87	50	84	42	81	35	77	29	72	24	66	20	59	17	52	15	44	12	37	9	31	5	26	2	22	0	19	-1	16	-1	14	0	13	2	13	5	14	7	16	8	19	9	23	9	27	10	32	12	38	15	44	19	50	24	55	30	59	37	62	44	64	50	65	56	65	61	65	65	64	68	62	70	61	71	61	71	
56:
62	16.706	60	58	59	57	57	56	54	56	50	57	45	58	39	60	32	63	26	67	21	72	16	76	12	79	9	81	6	82	4	82	3	82	3	81	4	80	6	78	9	75	12	72	14	68	15	63	15	57	15	51	14	46	12	41	11	37	11	34	12	31	14	29	17	28	21	28	26	29	32	30	39	30	47	31	55	33	62	36	69	40	75	43	80	45	84	47	87	50	89	54	90	58	90	63	89	67	87	70	84	72	82	73	81	73	81	72	80	70	79	67	77	65	74	64	70	64	66	63	63	61	61	59	60	58	60	58	
57:
75	4.943	80	88	81	89	83	90	86	91	90	91	94	90	97	88	100	85	102	81	103	76	103	70	102	64	100	59	97	53	93	47	88	42	82	38	75	35	67	33	59	32	51	32	44	33	38	35	33	37	29	40	26	44	24	49	23	55	23	62	24	68	26	73	28	77	29	80	29	82	28	83	26	84	23	84	19	83	16	81	14	78	13	74	12	69	12	63	11	56	9	48	6	39	4	31	3	23	3	16	4	10	5	5	7	1	10	-2	14	-4	19	-5	25	-5	32	-4	40	-2	48	1	55	5	61	10	66	15	70	21	73	28	75	35	77	43	80	52	83	60	85	67	86	73	86	78	85	82	83	85	81	87	80	88	80	88	
58:
65	8.186	12	6	12	7	11	9	9	12	8	15	7	19	7	24	8	29	10	34	13	39	17	43	20	46	22	48	23	49	24	49	26	48	29	46	31	43	34	39	38	34	42	28	47	22	52	16	56	11	59	7	61	4	62	2	62	1	61	1	61	2	62	4	63	7	65	11	68	16	71	22	73	29	74	37	75	46	75	54	74	61	72	67	69	72	66	76	63	79	59	81	54	82	49	82	43	81	37	79	32	76	28	72	25	67	23	61	22	54	22	47	21	41	20	36	19	31	17	25	14	20	12	16	11	12	11	9	11	7	12	6	12	6	
59:
67	4.009	97	3	96	2	95	0	93	-3	90	-5	86	-6	81	-6	75	-5	68	-3	60	0	52	4	44	9	36	15	29	21	23	27	17	32	12	36	8	39	5	41	3	43	2	44	2	44	3	45	5	47	8	50	12	54	17	58	21	63	26	69	32	75	37	80	41	84	46	87	50	89	53	90	55	90	56	90	56	89	55	89	53	90	50	92	46	93	41	93	36	92	32	90	29	87	27	83	25	78	24	72	24	65	25	57	27	50	30	44	34	39	39	35	45	32	52	30	60	28	67	26	73	24	79	21	84	17	88	13	91	9	94	6	96	4	97	3	97	3	
60:
85	56.937	79	59	78	60	76	62	74	65	72	69	71	73	71	78	72	82	74	85	77	87	81	88	86	89	91	89	96	88	102	86	107	83	111	79	114	74	116	68	117	61	118	53	118	44	117	36	115	29	112	23	108	18	103	14	97	11	90	9	84	8	77	8	69	9	60	9	50	8	41	7	33	7	26	7	20	8	15	10	11	13	8	17	6	22	5	28	5	35	4	43	3	50	1	58	0	65	0	71	1	76	3	81	6	85	10	88	14	90	17	91	19	91	20	90	21	88	21	85	21	81	21	76	20	70	20	63	21	55	21	47	22	40	24	34	26	29	29	25	32	22	36	20	41	19	47	19	54	20	60	22	65	25	70	29	74	34	77	40	79	45	80	49	80	53	80	56	80	58	79	59	79	59	
61:
69	9.732	24	44	25	43	27	42	29	41	32	40	36	38	39	35	41	31	42	27	42	24	41	22	39	21	36	21	32	22	28	24	25	27	23	31	21	36	19	42	18	48	16	53	13	59	11	65	10	71	10	76	11	80	13	83	16	85	20	86	25	86	31	85	38	83	46	80	55	76	64	73	72	69	79	64	85	58	90	51	94	44	97	38	99	33	100	29	100	25	99	22	97	20	94	19	91	19	89	20	88	22	88	25	89	29	89	34	88	40	86	46	83	51	80	55	76	58	71	60	65	61	59	61	52	60	45	59	39	57	34	54	30	50	27	47	25	45	24	44	24	44	
62:
68	10.273	16	10	17	9	19	8	22	7	26	6	31	5	37	5	44	6	52	7	60	7	67	8	73	9	78	11	82	14	86	18	89	23	91	29	92	35	92	40	91	45	89	51	86	57	83	62	81	66	79	70	78	73	78	75	79	76	81	77	83	77	84	76	84	74	83	72	81	71	78	69	74	68	69	68	63	69	58	71	54	74	51	78	48	83	44	87	41	90	38	92	36	94	35	95	35	96	36	96	38	95	41	93	43	90	44	86	44	81	43	75	41	69	38	63	34	56	29	49	24	42	20	36	17	30	15	25	14	20	14	16	14	13	15	11	16	10	16	10	
63:
81	28.21	88	34	87	35	87	37	88	40	90	44	92	49	95	55	97	62	98	68	98	73	97	77	95	80	92	82	89	83	86	83	82	82	78	80	73	78	67	75	62	73	58	72	55	72	53	73	52	75	52	78	51	81	49	85	46	89	42	92	38	94	35	95	32	95	30	94	29	92	29	89	30	85	32	80	33	74	34	67	34	61	33	54	31	48	29	43	26	39	22	36	19	34	15	33	10	33	6	34	3	36	1	38	0	40	0	41	1	41	3	40	6	38	9	35	13	31	16	26	18	21	19	16	19	12	20	9	22	7	25	6	27	6	29	7	31	9	34	12	38	16	43	21	48	26	54	30	60	33	67	35	73	36	78	36	82	35	85	34	87	34	88	34	88	34	
64:
67	24.764	4	68	5	69	7	71	10	74	14	78	19	82	25	86	32	89	40	91	49	92	57	92	64	92	70	93	75	93	79	92	82	91	84	91	85	90	85	89	84	89	82	88	79	86	77	83	76	79	76	74	77	68	79	61	81	55	84	48	86	42	87	37	87	32	87	28	86	25	84	23	81	22	77	22	74	23	70	25	67	26	65	26	63	25	62	23	61	21	59	18	56	14	52	10	47	7	41	5	35	4	30	4	26	5	23	6	20	8	18	11	17	15	15	20	14	26	13	33	13	40	12	47	10	53	7	58	5	62	4	65	4	67	4	68	4	68	
65:
76	17.639	70	29	69	29	67	28	64	26	60	23	56	19	51	16	46	14	40	13	34	11	29	10	25	10	22	11	20	13	19	16	19	20	20	25	22	31	25	38	27	44	28	50	28	56	27	62	26	67	25	72	25	76	26	79	28	81	31	82	33	82	34	81	34	79	33	76	33	72	34	68	36	64	39	61	42	59	46	58	49	58	51	59	52	61	53	64	54	68	56	73	59	79	62	84	66	88	70	91	75	93	81	94	87	94	92	93	96	91	99	88	101	84	102	79	102	73	101	66	99	58	98	50	97	43	97	37	98	32	99	28	99	25	98	23	96	21	93	20	89	20	85	20	80	21	76	23	73	26	71	28	70	29	70	29	
66:
82	35.16	87	49	88	50	89	51	91	53	94	56	97	60	99	64	100	68	100	71	99	74	97	76	94	77	90	77	85	76	79	74	72	71	64	67	57	62	50	58	44	55	37	53	30	52	24	52	19	53	15	55	12	58	10	62	9	67	9	73	10	78	12	84	15	89	19	93	24	96	29	98	35	99	41	99	46	98	50	96	53	93	55	89	56	84	56	78	55	71	54	64	52	56	49	47	45	39	40	32	35	26	31	21	28	16	26	12	25	9	25	7	26	6	28	6	31	7	35	8	40	10	46	11	52	11	57	10	61	8	64	6	66	3	67	1	67	0	67	0	68	1	68	3	67	6	67	10	67	15	68	21	70	28	73	34	77	39	81	43	84	46	86	48	87	49	87	49	
67:
67	197.646	66	44	67	45	69	47	72	50	76	54	79	58	83	61	87	63	90	64	93	64	95	63	96	61	96	58	96	54	96	49	95	43	93	36	90	28	87	21	83	15	78	9	73	4	67	0	60	-3	52	-5	45	-6	38	-6	32	-5	27	-3	23	0	19	4	16	9	14	15	13	22	12	30	12	37	13	45	15	52	18	58	22	64	26	69	31	73	37	76	42	78	46	81	50	84	53	88	55	92	56	95	56	97	55	98	53	98	51	97	50	95	50	92	51	88	52	83	54	77	57	72	59	66	61	61	64	57	66	53	67	50	67	47	66	45	66	44	66	44	
68:
85	152.806	95	30	96	29	98	27	99	24	100	20	100	15	100	9	99	3	97	-2	94	-6	90	-10	85	-13	79	-15	72	-16	64	-16	57	-15	51	-13	46	-10	42	-7	39	-3	37	2	36	8	36	15	37	21	39	26	42	30	46	33	51	35	57	36	64	38	72	40	79	43	85	45	90	48	94	52	97	57	99	63	100	69	100	76	99	82	99	87	98	91	96	94	95	96	95	97	94	97	92	96	91	94	89	91	86	87	82	84	77	82	71	81	64	81	56	82	47	84	39	86	32	88	25	89	19	89	14	90	10	90	7	89	5	87	4	84	4	81	5	79	7	78	10	78	14	79	19	79	25	78	32	76	40	73	49	69	57	65	64	60	70	54	76	48	81	43	85	39	89	36	92	33	94	31	95	30	95	30	
69:
77	12.495	15	8	14	9	12	11	10	14	8	18	7	21	7	23	8	24	10	26	11	28	11	30	10	31	8	32	7	34	6	35	6	37	7	39	9	40	12	40	16	39	21	37	27	34	34	32	42	29	49	25	55	20	60	15	64	11	68	8	71	6	74	5	76	5	77	6	79	8	82	11	84	15	85	20	85	26	84	33	82	40	79	48	75	55	70	61	64	66	58	72	53	77	48	81	44	84	41	86	39	87	38	87	38	86	39	84	41	81	44	77	47	72	49	67	50	61	50	55	49	49	47	44	44	40	40	35	37	29	35	22	34	16	34	11	35	7	35	4	34	2	32	1	29	1	25	2	21	4	18	6	16	7	15	8	15	8	
70:
78	185.287	49	87	48	88	46	90	45	93	43	96	40	98	37	99	34	99	31	98	27	96	24	93	22	89	20	84	19	78	18	71	17	63	17	56	16	49	15	43	14	38	14	34	14	31	13	29	11	28	8	28	5	29	3	31	2	33	2	36	2	39	3	41	5	42	8	42	12	41	17	39	23	37	30	35	38	34	47	34	55	35	62	36	70	37	77	37	83	36	88	34	92	31	95	27	97	22	98	16	98	11	97	7	96	4	95	2	95	1	96	1	98	2	101	4	105	7	108	11	110	16	111	22	111	29	110	37	108	46	105	55	102	63	99	70	95	76	90	81	84	85	77	88	70	90	64	91	59	91	55	90	52	88	50	87	49	87	49	87	
71:
72	78.838	34	24	33	25	31	26	28	28	24	31	19	35	15	38	11	42	8	47	6	53	5	60	5	68	6	75	8	81	11	86	15	90	20	93	25	95	29	96	32	96	34	95	36	93	38	91	41	90	45	89	50	87	55	85	61	82	66	78	70	75	73	72	75	70	76	67	78	65	80	64	82	64	83	64	83	65	82	65	80	65	77	64	75	62	73	59	71	55	70	51	70	46	71	41	73	35	76	30	80	25	85	21	89	18	92	16	94	14	95	13	95	11	94	10	92	9	89	9	85	10	80	12	74	15	68	18	63	21	58	23	53	24	49	26	44	27	40	27	37	26	35	25	34	24	34	24	
72:
88	43.817	69	4	70	3	72	2	75	0	79	-1	84	-1	89	0	93	1	96	3	98	6	99	10	99	15	98	19	96	22	93	24	89	25	84	25	78	24	72	22	65	19	57	15	48	10	40	6	33	3	27	0	22	-2	18	-3	15	-3	13	-2	12	0	12	3	13	7	15	12	18	18	22	25	25	32	27	40	28	47	28	53	27	58	25	62	22	65	18	67	14	69	10	71	7	72	4	72	2	71	1	69	1	66	2	63	4	61	7	60	11	60	16	61	22	63	28	66	33	70	37	75	41	80	46	86	51	92	56	97	62	101	69	104	76	106	82	107	87	107	91	106	94	104	97	101	99	97	100	92	100	86	99	79	97	71	94	62	91	53	88	44	85	36	83	29	80	23	78	18	76	14	74	10	72	7	70	5	69	4	69	4	
73:
83	49.591	73	44	72	45	70	47	67	50	65	54	64	59	63	64	62	68	62	71	63	73	65	74	68	74	72	73	77	71	83	68	89	64	94	59	98	53	101	46	103	39	104	32	105	26	105	21	104	17	102	14	99	12	95	11	90	11	84	11	77	10	70	8	62	5	54	2	47	0	41	-1	35	-1	30	0	26	2	23	5	21	9	20	13	20	18	21	24	21	30	20	37	18	45	15	52	11	59	8	66	6	72	5	79	5	85	6	90	7	95	9	99	12	102	16	104	21	105	27	106	34	106	41	105	49	103	58	100	66	96	73	91	79	85	84	79	88	74	91	70	93	67	94	65	94	64	93	64	91	64	88	64	84	63	80	61	77	58	75	54	73	50	72	47	72	45	73	44	73	44	
74:
74	20.486	60	50	61	49	63	47	66	44	70	40	74	35	79	29	83	24	86	19	88	15	89	12	89	10	88	9	86	9	83	10	79	11	74	13	68	16	61	20	54	25	47	31	41	38	35	45	30	51	26	58	22	65	19	73	16	80	13	86	9	91	6	95	3	98	1	100	0	101	0	101	0	100	1	98	3	95	6	91	8	86	9	82	10	79	10	77	9	76	8	76	8	75	8	73	9	70	11	66	14	61	16	55	19	48	23	41	28	34	34	28	39	23	43	19	46	16	48	13	49	11	49	10	48	10	47	11	47	13	47	16	46	20	46	25	47	31	49	36	52	40	55	44	57	47	59	49	60	50	60	50	
75:
78	33.809	74	34	75	33	77	31	80	28	83	24	86	19	88	14	89	10	89	7	88	5	86	4	84	4	81	5	77	7	72	9	66	11	59	12	51	12	43	12	36	13	29	14	23	16	18	18	14	21	11	25	9	30	8	36	8	43	9	51	11	59	13	67	16	74	20	80	25	85	31	89	37	92	44	94	50	95	55	95	59	94	62	92	64	89	65	85	65	80	64	76	62	73	59	71	55	70	50	70	44	71	38	73	31	76	25	78	20	79	16	79	13	78	10	76	8	73	7	69	7	64	8	58	10	52	13	46	17	40	22	34	28	29	35	25	42	22	49	20	55	19	60	19	64	20	68	22	71	25	73	28	74	31	74	33	74	34	74	34	
76:
75	24.889	89	22	88	22	86	22	83	23	79	24	74	25	68	27	62	28	55	28	49	27	44	25	40	22	36	18	33	15	30	13	27	12	25	12	23	13	22	15	22	18	21	22	21	27	21	33	22	40	24	48	25	57	25	66	25	74	26	81	28	88	30	94	33	100	37	105	42	109	48	112	55	114	62	115	68	115	73	114	77	112	80	109	82	105	83	100	83	96	82	92	80	88	77	84	73	81	68	79	62	77	56	74	50	71	45	67	41	64	38	60	36	55	35	49	35	44	36	40	38	37	41	35	45	34	50	33	56	32	63	32	70	32	76	33	81	34	85	34	88	33	90	31	91	28	91	25	90	23	89	22	89	22	
77:
82	57.107	16	20	15	21	13	23	10	26	7	30	4	35	2	41	1	47	1	53	2	58	4	62	7	65	10	67	14	68	19	68	25	67	31	65	36	62	40	58	43	53	45	47	46	40	46	33	46	27	46	21	47	16	49	12	52	8	56	5	61	3	67	2	74	2	80	2	85	2	89	3	92	4	94	6	95	9	95	12	94	14	92	16	89	17	85	19	82	21	78	23	74	25	71	28	69	30	68	33	68	36	69	39	71	42	74	46	77	50	80	54	82	58	83	63	83	69	82	74	80	78	77	81	73	83	68	84	62	84	56	84	50	84	45	83	41	81	38	79	35	76	33	72	32	67	32	61	32	54	31	47	29	41	26	35	22	30	19	26	17	23	16	21	16	20	16	20	
78:
84	12.255	0	38	0	37	-1	35	-2	32	-2	29	-3	26	-3	22	-2	19	0	17	2	16	5	16	9	17	14	19	19	22	24	25	30	29	37	32	45	34	53	35	62	35	70	35	77	34	83	32	88	29	92	27	95	26	97	26	98	26	98	27	97	28	95	30	93	33	90	37	86	42	82	46	79	51	77	56	76	61	76	66	77	71	79	75	82	78	86	80	89	83	91	87	93	91	94	94	94	96	94	97	93	97	92	96	90	94	88	91	85	89	81	86	76	82	70	79	63	77	55	76	46	76	38	77	30	79	23	82	17	86	12	90	8	93	5	95	3	96	2	96	2	95	1	93	-1	91	-2	88	-3	84	-3	79	-2	73	-1	66	1	59	3	53	4	48	4	44	3	41	1	39	0	38	0	38	
79:
70	8.87	20	17	21	16	22	14	23	11	24	8	24	6	23	4	21	3	18	3	16	4	15	6	14	9	14	13	13	18	13	24	14	31	16	38	19	45	22	51	26	56	31	60	36	63	40	65	43	66	45	68	46	71	46	75	45	80	43	85	41	90	40	95	40	99	41	102	43	104	46	105	50	105	55	104	61	102	67	100	73	97	78	93	82	89	86	84	89	78	92	71	94	63	95	54	95	45	94	36	92	28	91	21	89	15	86	10	82	6	77	3	73	1	69	0	64	0	58	1	52	3	46	6	40	10	35	14	31	17	28	19	25	20	23	20	21	19	20	18	20	17	20	17	
80:
75	49.681	42	69	41	68	41	66	42	63	43	59	45	54	48	48	50	41	53	34	57	28	62	23	68	19	74	16	79	14	83	13	86	13	88	14	89	16	89	18	88	19	86	20	83	20	79	19	74	17	68	16	61	14	53	13	46	13	40	12	34	11	28	9	23	8	19	8	16	9	14	11	13	14	13	18	14	23	16	29	17	35	17	40	16	44	14	48	11	51	8	53	6	56	5	59	5	63	6	68	7	73	9	79	10	84	12	88	15	91	19	93	24	94	29	94	35	93	42	91	48	88	53	86	57	85	60	85	62	85	63	86	63	86	62	85	60	83	57	80	55	78	52	75	48	72	45	70	43	69	42	69	42	69	
81:
79	37.375	20	5	19	6	17	8	14	11	11	15	8	20	6	25	5	29	5	33	6	36	8	38	11	39	15	39	20	38	26	36	32	34	37	33	41	33	44	34	46	36	47	39	47	43	47	48	47	54	47	61	46	68	45	75	45	81	46	86	47	90	49	93	52	95	56	96	61	96	67	95	74	93	81	90	87	86	92	81	96	75	99	69	101	62	102	55	102	49	101	44	99	40	96	37	92	35	87	34	81	34	75	35	70	37	66	39	63	42	61	45	60	47	60	48	61	48	63	47	65	45	67	43	68	40	68	36	67	31	65	25	62	20	59	15	56	11	53	8	50	6	47	5	43	5	38	6	34	8	30	9	26	9	23	8	21	6	20	5	20	5	
82:
73	90.97	49	14	50	14	52	13	55	11	59	10	64	10	70	11	77	13	83	16	88	19	92	23	95	28	97	33	98	39	98	45	97	50	95	55	92	59	88	62	84	64	79	65	73	65	66	64	58	62	51	59	43	55	35	50	28	44	21	38	15	33	10	29	6	26	3	24	1	23	0	23	0	24	1	26	3	29	6	33	9	38	11	44	14	50	17	57	19	63	22	68	26	72	30	75	34	77	39	78	44	78	49	77	55	75	60	72	64	68	67	63	69	57	70	50	70	44	69	38	67	33	64	29	62	26	59	22	57	18	56	14	56	11	57	9	57	8	56	8	54	9	52	11	50	13	49	14	49	14	
83:
77	23.064	0	32	1	33	3	35	6	38	10	42	14	47	18	52	21	58	23	65	24	72	24	78	23	83	22	87	22	90	22	92	23	93	25	93	28	92	30	90	31	87	32	84	32	80	31	75	29	70	26	64	23	57	19	49	15	40	12	32	10	25	9	19	9	14	10	10	12	7	15	5	19	4	24	4	30	5	36	7	43	10	49	14	54	19	58	25	62	31	67	36	72	40	77	43	83	45	88	46	93	46	98	45	102	43	105	40	107	36	108	31	108	25	107	19	105	14	102	10	98	7	93	5	88	3	82	2	75	2	67	3	58	5	49	8	41	12	34	17	28	21	21	25	15	28	10	30	6	31	3	31	1	31	0	32	0	32	
84:
80	18.502	85	35	84	34	82	32	79	30	75	27	70	23	66	19	61	16	55	14	48	13	40	12	32	12	25	13	19	15	14	18	10	22	6	26	3	31	1	35	0	39	0	42	1	44	3	45	6	47	9	49	12	52	15	56	19	61	24	67	28	72	33	76	38	79	43	81	48	82	52	82	55	81	57	80	58	80	58	81	57	83	55	86	52	89	48	93	43	96	37	98	31	99	26	99	20	98	15	96	11	93	8	89	6	84	5	78	5	71	6	65	8	58	11	50	14	42	18	35	23	29	29	24	36	20	44	17	53	15	61	14	69	14	76	15	82	17	87	20	91	24	94	28	96	32	97	35	97	37	96	38	94	38	91	37	88	37	86	36	85	35	85	35	
85:
70	27.272	65	60	64	61	62	63	59	66	55	69	52	73	50	78	49	82	48	85	48	87	49	88	51	88	54	87	58	85	63	84	68	84	72	83	75	81	77	80	78	78	78	75	77	71	76	66	74	60	73	53	73	47	74	41	76	35	78	30	79	25	79	21	78	18	76	14	74	11	71	9	67	8	62	8	56	9	49	11	42	14	35	18	29	23	24	27	20	30	17	32	15	33	14	33	14	33	15	32	17	32	20	32	24	33	28	35	33	38	38	42	42	46	45	51	47	56	48	60	48	63	47	65	47	66	48	66	50	65	52	63	55	61	59	60	62	60	64	60	65	60	65	60	
86:
73	29.831	65	96	66	95	68	93	70	90	72	86	73	82	74	77	74	71	73	66	71	61	68	57	64	54	59	52	53	51	46	50	39	50	33	51	28	53	24	56	21	60	19	65	17	71	16	78	15	84	15	89	16	93	18	96	21	98	25	99	29	99	32	98	34	96	35	93	35	89	36	84	37	78	37	71	37	63	38	54	38	45	39	37	41	30	42	24	42	19	41	15	41	12	42	10	44	9	47	9	51	9	55	10	60	12	66	15	72	19	77	24	82	29	86	33	89	36	91	38	92	41	92	45	91	50	89	54	86	59	82	64	77	69	73	75	70	81	67	86	65	90	64	93	64	95	65	96	65	96	
87:
76	11.999	11	43	12	44	13	46	14	49	16	53	19	58	22	64	24	71	25	78	25	84	24	89	22	93	19	96	15	98	10	99	4	99	-1	98	-5	96	-9	93	-12	89	-14	84	-15	78	-15	71	-14	63	-12	54	-9	46	-5	38	0	31	6	25	13	20	21	16	30	13	40	11	49	10	57	10	64	11	70	13	75	16	79	20	82	25	86	31	89	38	91	46	92	53	92	59	92	64	92	68	91	71	89	73	87	74	85	74	84	73	84	71	85	68	87	64	88	60	88	56	87	53	85	49	82	46	78	43	74	39	69	34	63	30	56	27	48	25	41	24	35	24	30	25	25	27	21	30	17	34	14	37	12	40	11	42	11	43	11	43	
88:
76	26.471	80	19	80	20	79	22	77	25	74	29	71	33	67	36	62	38	56	39	49	39	41	39	34	40	28	42	23	45	19	49	16	54	14	60	13	66	13	71	14	75	16	79	18	82	21	84	25	85	30	85	35	84	41	82	48	79	54	76	59	74	63	72	66	71	68	71	69	72	69	74	68	77	66	81	63	85	59	89	54	92	48	94	42	97	35	99	28	100	22	100	16	99	11	97	7	94	4	90	2	85	1	79	1	72	1	64	2	56	4	48	7	40	11	33	16	27	22	21	27	16	31	12	34	9	36	7	37	6	39	6	42	7	46	9	51	12	57	16	63	19	68	21	72	22	75	22	77	21	79	20	80	19	80	19	
89:
79	64.675	4	21	3	20	1	18	-1	15	-3	11	-4	7	-4	4	-4	2	-3	1	-1	0	2	0	6	1	11	3	17	4	24	4	32	4	41	3	50	3	58	3	65	4	71	6	77	8	82	11	86	15	89	20	91	26	92	33	92	39	91	44	89	48	86	51	82	53	77	54	73	54	70	54	68	53	67	51	67	50	68	50	70	51	72	53	75	56	79	60	84	65	88	69	91	74	93	79	94	83	94	87	93	90	91	93	88	95	84	96	79	96	73	95	66	95	58	95	51	95	44	95	38	96	32	97	27	97	23	96	20	94	18	91	17	87	17	82	18	76	19	69	19	61	19	53	18	46	17	40	15	35	13	31	10	27	7	24	5	22	4	21	4	21	
90:
82	14.457	19	26	18	25	17	23	17	20	17	16	18	11	19	7	21	4	24	2	28	1	33	1	39	1	46	2	52	4	57	7	62	10	66	12	71	13	76	13	80	12	83	10	85	9	87	9	88	10	88	12	87	15	85	19	82	22	78	24	73	25	67	25	60	24	52	22	45	21	39	21	34	21	30	22	27	24	25	27	24	31	24	35	25	40	27	46	30	53	34	60	38	67	43	73	49	78	54	82	60	86	65	89	69	91	72	92	74	92	75	91	75	89	74	88	72	88	69	89	65	90	60	92	54	95	47	97	39	98	32	98	25	97	19	96	14	94	10	91	7	87	5	82	4	76	4	69	5	62	7	54	9	47	11	41	13	36	15	32	17	29	18	27	19	26	19	26	
91:
77	12.559	12	61	12	60	11	58	11	55	11	51	11	46	10	41	8	35	7	29	7	24	7	20	8	17	10	14	13	12	15	11	16	11	16	12	17	14	19	17	22	21	26	26	31	30	37	33	44	35	52	36	59	36	66	35	72	33	77	30	81	26	84	23	86	19	87	15	88	12	88	10	87	9	85	9	82	10	78	12	73	15	67	19	61	24	56	29	52	35	49	42	47	50	46	58	46	67	46	75	47	82	49	88	51	93	53	97	54	100	54	102	53	103	51	103	48	102	44	100	39	97	33	93	26	89	19	86	13	83	8	81	4	79	1	76	-1	72	-2	68	-2	64	-1	61	1	59	4	58	6	58	9	59	11	60	12	61	12	61	
92:
60	2.178	36	93	35	92	33	90	30	87	26	83	22	78	18	72	15	66	13	59	12	51	12	44	13	38	15	32	16	27	18	23	20	19	21	16	21	14	20	13	18	13	15	14	13	16	10	19	8	23	7	28	7	34	8	40	10	45	13	49	16	52	20	55	23	57	25	58	27	58	29	57	30	55	32	52	35	48	39	44	44	40	49	37	54	35	58	34	61	34	63	35	64	37	64	40	64	44	63	48	61	53	58	59	54	65	51	70	47	74	43	78	40	83	38	87	37	90	36	92	36	93	36	93	
93:
75	22.224	80	44	80	43	79	41	78	38	76	34	73	30	69	25	64	21	58	18	52	16	46	15	41	15	37	16	34	18	31	21	27	24	22	26	17	27	13	27	10	26	8	24	7	22	5	21	4	20	2	20	1	21	1	23	2	26	4	30	7	35	11	41	16	48	22	56	29	65	37	73	46	81	56	88	65	94	73	99	80	103	86	106	91	108	95	109	98	109	100	108	101	106	101	103	100	100	98	97	95	95	91	94	86	93	81	93	75	94	68	95	61	95	55	94	50	92	46	89	43	86	41	82	40	77	40	73	41	70	43	66	46	61	50	57	55	54	61	52	66	51	70	50	74	48	77	46	79	45	80	44	80	44	
94:
70	10.265	54	90	53	91	51	91	48	91	44	92	39	92	35	91	31	91	28	90	26	88	25	85	25	81	26	76	28	71	31	67	35	64	39	62	44	61	50	61	57	60	65	58	72	55	78	51	83	46	87	41	90	37	92	34	93	30	93	25	92	19	90	14	87	10	83	6	78	3	72	1	66	0	61	-1	57	-1	54	-1	52	0	51	2	51	5	52	8	54	11	57	13	61	14	66	14	72	15	79	17	85	20	90	23	94	27	97	32	99	38	100	45	101	51	101	56	100	60	98	64	95	67	91	71	86	76	80	80	75	83	69	85	64	88	60	90	57	91	55	91	54	90	54	90	
95:
63	6.592	34	47	34	48	33	50	33	53	33	57	32	62	30	66	27	69	23	71	18	72	13	72	9	71	6	71	4	71	3	72	3	73	4	75	6	78	9	82	13	87	18	91	24	94	31	96	39	97	47	97	54	96	60	95	65	95	69	96	72	97	76	98	81	98	85	97	88	95	90	92	91	88	93	83	95	77	96	71	96	65	95	60	93	54	90	49	87	44	83	39	78	35	72	32	66	30	59	27	53	24	48	22	44	21	41	21	39	22	38	24	37	27	37	31	38	36	38	40	37	43	35	45	34	46	34	47	34	47	
96:
77	17.715	4	20	5	19	7	17	10	14	14	11	19	9	25	7	32	6	40	6	48	7	55	9	61	12	66	16	70	21	73	26	75	32	76	38	76	45	75	53	73	60	70	66	68	72	65	77	61	81	56	84	50	86	43	87	36	87	30	88	25	89	21	89	18	88	16	86	15	84	15	81	16	78	18	76	21	75	25	74	30	74	36	75	43	77	51	79	58	81	64	84	69	86	75	88	80	89	84	89	87	88	89	86	90	83	90	79	89	75	87	71	84	67	80	63	76	58	71	53	65	47	59	40	54	33	48	26	41	20	35	15	28	11	22	8	16	6	11	5	7	5	4	6	2	8	1	11	1	14	2	17	3	19	4	20	4	20	
97:
85	11.496	11	34	10	35	8	37	7	40	6	44	5	49	5	55	5	61	4	68	3	74	3	79	4	83	5	86	7	88	10	89	14	89	18	88	22	86	27	83	31	79	34	74	36	68	37	61	37	53	36	45	34	37	32	30	31	23	31	17	32	12	33	8	34	5	36	3	38	2	41	2	45	3	49	5	53	8	58	12	63	17	69	23	74	30	78	37	81	44	83	50	84	56	84	62	83	67	81	72	78	76	74	79	70	81	66	82	63	82	61	81	60	79	60	76	61	72	63	67	64	61	64	54	64	46	63	38	61	31	58	25	54	20	49	15	43	11	36	8	30	6	25	5	20	5	14	6	9	8	5	11	2	15	0	20	-1	25	-1	29	0	32	2	34	5	35	8	35	10	34	11	34	11	34	
98:
77	95.841	1	16	2	17	4	18	6	18	9	19	13	20	18	20	23	19	27	17	30	16	32	14	33	11	33	7	32	4	32	2	33	1	35	1	38	2	42	4	47	6	53	9	60	13	66	18	73	22	79	25	84	28	88	30	91	31	93	31	94	30	94	28	93	25	91	23	88	21	84	19	79	17	73	16	66	16	60	17	55	19	51	22	48	26	46	31	45	36	45	41	45	45	44	48	42	50	39	52	35	55	31	59	28	64	26	70	24	76	23	81	23	85	24	88	26	90	28	91	29	91	29	90	28	88	26	85	23	82	20	78	18	73	17	67	15	60	12	52	10	44	8	37	5	31	3	26	1	22	0	19	0	17	1	16	1	16	
99:
66	41.879	63	78	63	77	62	75	61	72	59	68	56	63	52	57	47	51	41	45	34	39	27	33	21	28	16	24	12	21	9	19	7	18	5	18	4	19	4	21	5	24	7	28	10	31	14	33	19	34	25	35	32	35	40	34	48	34	55	33	63	31	70	28	76	24	81	19	85	14	88	9	90	5	91	2	93	0	95	-1	97	-1	98	0	98	2	97	5	95	9	92	14	90	18	89	23	89	29	89	36	89	44	90	53	91	61	91	68	90	74	89	79	87	83	84	86	81	88	77	89	72	89	68	88	65	86	63	84	62	81	62	79	63	78	63	78	