0:
64	10.055	40	18	41	17	43	17	45	17	48	17	50	18	51	20	51	23	50	27	48	32	45	38	41	43	36	47	31	50	25	52	20	55	16	59	13	63	11	66	10	68	10	70	11	71	13	72	16	72	20	72	24	73	29	75	35	78	41	80	47	81	52	81	57	80	61	78	64	75	66	71	67	66	69	61	71	55	72	50	72	46	71	43	69	41	66	40	62	40	57	39	51	39	44	38	37	36	31	34	26	31	22	28	19	25	17	23	16	20	16	17	17	15	19	14	22	14	26	15	30	17	34	18	37	18	39	18	40	18	40	18	
1:
75	4.134	9	33	8	32	7	30	5	28	4	26	4	25	5	25	7	25	10	24	14	24	19	25	25	27	30	30	34	34	37	39	39	43	40	46	40	48	40	49	41	49	41	48	40	46	40	43	41	39	42	34	44	29	46	23	47	17	47	12	47	8	48	5	49	3	51	2	54	2	57	3	59	5	61	8	63	12	66	17	70	23	73	28	77	32	80	35	82	39	83	43	83	48	82	54	80	60	77	65	73	69	69	72	64	74	58	75	51	75	45	74	39	74	34	73	30	73	27	74	25	76	24	77	24	77	25	76	27	74	28	72	29	69	29	65	28	60	26	54	23	48	19	43	15	39	12	36	10	34	9	33	9	33	
2:
68	15.57	30	61	31	62	33	62	36	61	40	59	45	56	49	52	52	47	54	43	55	38	55	32	54	27	52	22	50	18	47	13	43	9	38	6	33	4	28	3	22	3	17	4	13	6	10	9	6	13	3	18	0	24	-2	30	-3	36	-3	41	-2	45	0	48	3	50	7	51	12	51	17	50	23	48	29	45	36	41	44	38	51	35	57	33	62	32	66	32	69	33	71	35	72	38	72	42	72	47	71	53	69	60	68	67	67	73	66	78	64	82	61	85	57	87	52	88	47	88	43	87	40	85	37	82	35	78	34	73	34	69	33	66	31	64	30	62	30	61	30	61	
3:
62	18.961	49	31	50	32	52	34	55	37	57	40	58	42	58	43	57	43	55	42	52	40	48	37	44	35	40	33	35	32	31	32	28	33	25	35	23	38	22	42	22	47	23	52	25	58	26	65	27	71	28	76	29	80	31	83	32	85	33	86	35	86	38	85	41	83	43	80	44	76	46	71	49	66	52	60	54	53	57	47	60	42	64	38	69	35	74	33	78	32	81	31	83	31	84	32	84	33	83	34	81	34	78	33	74	32	70	30	67	27	63	25	58	24	54	24	51	25	49	26	48	28	48	30	49	31	49	31	
4:
71	8.93	20	71	21	70	22	68	24	65	26	61	27	57	27	53	26	48	24	44	22	41	21	39	20	38	20	38	21	39	23	41	26	43	30	44	35	44	41	44	48	45	55	45	61	44	66	42	70	39	73	35	75	31	76	26	76	21	75	16	73	12	70	9	66	7	62	6	58	6	55	7	53	9	52	12	52	16	53	21	54	26	54	32	53	37	53	43	54	50	56	57	59	63	63	69	67	74	72	78	77	81	81	83	84	84	86	84	87	83	87	81	86	78	84	76	81	74	77	73	72	73	66	74	59	75	51	75	44	74	38	73	33	72	29	72	26	71	23	70	21	70	20	71	20	71	
5:
72	14.519	54	15	55	16	55	18	54	21	53	25	52	30	51	36	49	42	48	49	46	55	45	61	45	66	46	70	48	73	51	75	55	76	58	76	60	75	62	73	65	70	68	66	72	61	76	55	80	48	84	40	87	32	89	24	90	16	90	9	89	3	87	-2	84	-6	80	-9	75	-11	69	-12	63	-12	56	-11	48	-11	39	-10	31	-8	24	-5	18	-1	13	4	9	10	6	17	4	25	3	34	3	42	4	49	6	55	8	60	9	64	10	67	10	69	10	70	11	70	12	69	13	67	15	64	18	60	20	55	23	49	25	42	28	36	32	30	35	25	39	21	44	18	48	16	51	15	53	15	54	15	54	15	
6:
65	4.651	84	74	83	75	81	77	78	78	74	79	69	79	63	78	57	77	52	75	47	72	42	69	37	66	31	64	26	63	22	63	17	64	13	65	10	67	8	70	6	74	4	77	3	79	3	80	4	80	5	79	7	77	10	74	14	70	18	65	23	60	29	55	35	51	41	47	46	43	50	39	54	36	57	32	59	27	60	22	60	18	59	14	57	11	54	8	50	6	46	5	43	5	40	6	38	8	37	11	36	15	35	20	35	25	36	31	38	38	41	46	45	53	50	59	56	64	63	68	69	71	74	73	78	74	81	74	83	74	84	74	84	74	
7:
76	6.592	31	28	30	29	28	31	26	33	23	36	21	40	18	45	16	51	15	58	13	64	11	69	9	73	6	76	3	78	1	79	-1	79	-2	78	-2	76	-1	73	1	69	3	64	6	58	10	51	14	43	18	36	23	29	27	23	32	18	36	14	39	11	41	9	44	8	47	8	51	9	56	11	60	14	63	18	65	23	66	29	66	36	66	44	66	51	65	57	63	62	60	66	57	69	55	71	54	72	54	72	55	71	56	69	58	66	61	62	65	57	70	51	74	44	77	36	79	28	81	21	83	15	84	10	84	6	83	3	81	1	78	0	74	0	69	1	63	3	56	6	50	9	45	13	41	18	37	22	34	25	32	27	31	28	31	28	
8:
66	4.657	77	23	76	24	76	26	77	29	79	33	80	38	81	44	83	49	85	53	86	57	86	62	85	66	83	69	80	71	76	72	71	72	65	71	58	71	50	72	42	73	35	75	29	78	24	81	20	83	17	84	14	84	12	83	11	82	11	80	12	77	14	73	17	68	20	62	23	56	25	49	26	43	26	38	25	34	23	31	22	29	22	28	23	28	25	29	28	31	31	34	34	37	36	41	37	46	37	51	38	55	40	58	43	60	47	61	50	61	52	60	53	58	55	56	58	53	60	49	62	44	64	38	67	33	71	29	74	26	76	24	77	23	77	23	
9:
73	62.589	49	43	50	42	52	41	55	39	59	37	64	35	68	34	73	33	77	33	80	32	82	32	83	33	83	35	82	38	80	42	78	47	77	53	77	60	78	66	78	71	79	75	81	78	82	80	82	83	81	86	79	89	76	91	73	92	69	92	66	91	64	89	63	86	63	82	64	77	64	73	63	70	61	68	58	67	54	67	49	67	43	66	38	64	32	61	26	58	21	54	17	49	14	43	12	36	11	29	11	23	12	17	14	12	17	8	21	5	25	3	28	2	30	2	31	3	31	5	30	8	28	12	27	17	26	21	26	25	27	29	29	33	32	37	36	40	40	42	43	43	46	44	48	44	49	43	49	43	
10:
84	49.019	2	2	3	1	5	0	8	-2	12	-5	17	-7	22	-8	28	-8	34	-7	40	-5	45	-2	49	2	52	6	54	10	57	13	59	15	61	16	63	16	66	15	70	13	74	10	79	6	83	3	86	1	88	0	89	0	89	1	90	3	90	6	89	10	87	15	85	21	84	28	84	35	84	42	83	50	81	57	79	63	76	68	72	72	67	75	61	77	54	78	47	78	41	79	36	79	32	80	29	82	27	84	26	86	26	87	27	87	29	86	32	84	36	81	41	77	46	73	50	68	53	62	55	56	56	51	56	45	55	40	53	36	50	33	46	31	41	30	35	30	28	30	21	31	15	31	9	32	4	32	0	32	-3	31	-5	29	-6	26	-6	22	-5	17	-3	12	-1	8	0	5	1	3	2	2	2	2	
11:
75	10.229	47	48	46	49	44	50	41	51	37	53	32	54	26	54	20	53	15	52	11	50	8	47	6	43	5	38	5	33	6	28	8	24	11	21	15	18	20	16	26	14	33	13	41	12	49	12	56	12	62	12	67	11	71	10	74	8	77	7	79	6	80	6	80	5	79	4	77	4	74	5	70	6	66	7	61	8	55	10	48	12	40	15	32	19	25	24	19	30	14	36	10	41	7	47	5	54	4	61	4	67	5	72	7	76	9	79	12	81	16	82	21	82	27	81	34	80	40	78	46	77	51	77	55	78	58	78	60	77	61	75	61	72	60	68	58	65	55	62	52	59	49	55	47	52	46	50	46	49	47	48	47	48	
12:
77	29.495	61	49	60	48	58	46	55	45	51	45	47	46	43	48	39	49	35	49	32	48	30	46	29	43	29	39	30	34	32	28	35	22	38	17	42	13	47	9	53	6	58	4	63	3	67	3	70	3	72	3	73	2	73	1	72	-1	70	-4	67	-6	63	-9	58	-11	52	-12	46	-12	40	-11	33	-9	27	-6	22	-2	18	3	14	9	11	16	9	24	8	33	8	42	9	50	9	57	8	63	6	68	5	72	5	75	6	77	8	78	11	78	15	77	20	77	26	77	33	77	41	77	50	78	58	80	65	81	71	81	76	80	80	78	83	75	85	71	86	66	86	61	85	57	83	53	80	50	76	48	71	47	67	47	64	47	62	48	61	49	61	49	
13:
71	23.505	60	30	59	31	59	33	60	36	61	40	61	45	60	50	58	56	55	62	51	67	46	71	40	75	35	78	31	80	28	81	26	81	25	82	25	84	26	85	28	86	31	86	34	86	38	86	43	86	49	85	56	84	62	82	67	79	71	75	74	70	76	64	77	57	77	49	78	42	79	35	81	28	83	22	84	17	84	12	83	8	81	5	78	3	74	2	69	2	63	3	56	5	48	7	40	10	33	14	27	19	21	23	16	28	12	32	9	35	7	37	6	40	6	43	7	45	9	46	12	46	16	45	21	43	27	42	34	41	40	39	45	38	50	36	54	34	57	33	59	31	60	30	60	30	
14:
71	15.664	29	47	30	46	32	44	35	41	39	37	42	32	46	26	51	21	57	15	63	10	68	6	73	3	77	1	80	0	82	0	83	1	83	3	83	6	82	8	80	10	77	12	73	15	68	17	63	20	59	24	56	28	54	33	53	38	53	42	54	46	55	49	57	51	60	54	64	56	67	57	69	57	70	57	70	58	69	60	67	63	64	66	60	70	55	73	49	75	42	76	34	76	26	76	19	75	13	73	8	71	4	68	1	64	-1	60	-2	55	-2	49	-2	43	-1	38	1	34	4	31	8	29	13	28	18	28	22	29	26	30	29	32	31	34	32	37	32	41	31	44	30	46	29	47	29	47	
15:
72	4.608	63	54	64	53	66	52	69	50	72	47	74	43	75	40	75	38	74	37	72	37	69	37	65	38	60	39	54	39	47	38	41	36	35	33	30	29	26	25	23	22	21	20	20	19	20	19	21	20	23	22	26	25	30	27	35	28	40	28	45	27	49	25	52	22	55	18	59	13	64	9	70	6	75	4	79	3	83	3	86	4	88	6	89	9	89	12	88	16	86	21	83	27	80	34	76	42	73	51	69	59	64	66	59	72	55	77	51	81	46	84	41	86	37	87	34	87	32	86	31	84	31	81	32	77	34	74	37	72	41	71	46	69	51	67	55	64	58	60	60	57	62	55	63	54	63	54	
16:
72	9.849	13	78	12	77	10	75	9	72	9	68	10	63	12	57	15	52	19	47	24	42	30	38	37	35	44	33	50	32	55	32	59	33	62	35	64	38	65	42	65	47	64	52	63	57	62	61	62	65	63	69	65	73	68	76	72	78	77	79	81	79	85	78	88	76	90	73	91	69	91	64	90	58	88	52	85	47	82	43	80	40	78	38	77	37	75	37	74	36	74	34	75	31	77	27	79	23	80	19	80	16	79	14	77	13	74	12	70	12	65	13	59	15	52	17	44	20	36	24	29	29	23	35	18	40	14	46	11	52	9	58	8	63	8	68	9	72	9	75	10	77	12	78	13	78	13	78	
17:
66	18.22	28	46	27	46	25	47	22	49	18	52	14	55	11	58	9	61	7	65	6	70	6	75	7	80	9	84	12	88	16	91	21	93	27	94	33	94	39	93	44	92	49	90	53	87	56	83	58	78	59	72	59	65	59	58	60	51	60	45	60	38	59	30	57	23	55	17	52	12	48	8	43	4	37	1	30	-1	24	-2	19	-2	15	-2	12	-1	9	1	7	3	6	6	6	9	7	13	9	18	12	22	15	27	17	33	18	39	20	45	21	50	23	54	26	57	30	59	33	60	35	60	36	59	36	57	35	54	33	51	31	49	29	47	28	46	28	46	
18:
65	8.998	0	30	1	30	3	30	6	30	10	29	15	27	21	24	28	21	36	17	43	14	49	12	54	11	58	10	62	10	65	11	67	13	68	16	68	20	67	25	67	30	68	34	70	37	73	40	77	42	82	45	86	49	89	54	91	58	92	62	92	65	91	67	89	68	87	68	85	67	84	65	83	63	81	62	78	61	74	61	69	62	64	64	60	67	57	71	55	74	54	78	54	81	55	83	55	84	54	85	52	85	49	84	45	82	40	79	34	75	27	70	20	66	14	62	9	57	5	51	2	45	0	40	-1	36	-1	33	-1	31	0	30	0	30	
19:
73	6.364	74	70	73	71	72	73	72	74	73	74	73	73	72	73	70	73	67	74	63	76	58	79	52	81	46	82	41	82	37	81	34	79	31	76	29	72	28	67	28	61	29	54	29	47	28	41	26	35	23	29	19	24	16	20	14	17	13	15	13	14	14	14	16	15	19	16	23	18	28	19	33	19	39	18	45	16	51	13	58	11	64	9	69	8	73	8	76	9	78	9	79	9	79	9	78	10	76	12	73	15	69	19	64	24	60	29	57	35	54	41	52	46	51	50	51	53	52	55	54	56	57	56	61	55	65	53	70	52	74	52	77	53	79	55	80	57	80	60	79	64	77	67	75	69	74	70	74	70	
20:
67	23.502	65	89	64	88	62	87	59	85	55	84	50	82	44	81	37	80	30	80	24	79	19	77	15	74	12	70	10	65	9	59	9	53	10	48	12	44	15	41	18	39	22	37	27	36	33	36	40	36	46	36	51	35	55	33	58	30	60	28	61	27	61	27	60	27	58	26	55	24	51	21	46	17	41	13	36	9	30	6	24	4	18	2	13	1	9	0	6	0	4	1	3	3	3	6	4	8	6	10	9	13	13	17	18	22	23	28	28	35	32	43	35	51	38	59	40	66	41	72	43	77	46	81	50	84	55	87	59	89	62	90	64	90	65	89	65	89	
21:
74	11.926	42	18	41	17	39	16	36	14	34	12	32	9	31	5	31	2	32	0	34	-1	37	-1	41	0	46	2	52	5	57	8	62	12	67	17	72	21	76	24	79	26	81	27	82	27	82	26	81	24	79	21	76	19	72	18	68	18	63	19	57	21	51	24	46	28	41	32	37	36	34	41	32	46	31	52	31	57	32	61	34	65	37	68	41	70	45	71	50	71	56	70	62	68	67	67	71	67	74	67	76	68	77	69	77	71	76	73	74	76	71	78	67	79	62	79	56	78	49	78	43	77	38	75	34	72	31	68	29	63	28	57	28	50	29	43	31	37	33	32	36	28	38	24	39	21	41	19	42	18	42	18	
22:
70	16.017	84	61	85	60	86	58	86	55	85	51	83	46	82	40	80	33	78	25	77	17	77	10	76	3	74	-3	71	-8	67	-12	62	-15	56	-17	49	-18	43	-18	38	-17	34	-16	31	-14	29	-11	28	-7	28	-2	29	4	31	11	32	18	32	24	31	29	30	34	28	40	27	46	27	53	28	60	29	66	29	71	28	75	27	78	26	80	24	81	21	81	17	80	14	78	12	75	10	71	7	66	5	60	4	53	4	47	5	42	7	38	10	35	14	32	19	30	25	29	32	28	40	27	48	27	56	28	63	30	69	33	74	37	78	42	81	47	83	51	84	55	85	58	85	60	84	61	84	61	
23:
73	12.177	0	17	1	18	3	20	6	22	10	24	15	25	21	25	28	24	35	22	43	19	50	15	58	10	65	6	71	3	78	1	84	0	89	0	93	1	96	3	98	6	99	10	99	15	98	21	96	28	93	35	89	42	84	48	78	53	71	57	63	60	55	62	48	63	42	63	37	64	33	65	30	67	28	70	27	74	27	79	28	83	30	86	33	88	37	89	42	89	47	89	51	88	54	86	56	84	57	81	58	77	58	72	57	66	55	59	52	52	50	44	47	36	44	28	40	21	35	15	30	10	24	6	19	3	15	1	11	0	8	0	6	1	3	3	1	5	0	8	0	11	1	14	1	16	0	17	0	17	
24:
63	10.183	55	24	56	23	58	21	61	18	65	15	70	13	75	12	79	12	82	13	84	15	85	18	85	22	84	26	83	31	81	37	78	43	74	50	71	57	67	63	64	68	61	72	59	75	58	79	58	82	59	84	59	86	58	87	56	88	53	88	50	88	47	87	45	85	43	82	42	78	42	73	41	67	39	61	36	55	34	49	31	44	27	40	22	37	16	35	11	34	7	34	4	34	2	34	1	33	1	31	2	28	4	24	7	21	11	18	16	16	21	14	27	13	34	13	40	14	45	16	49	18	52	21	54	23	55	24	55	24	
25:
62	30.649	43	87	42	88	40	89	37	90	34	92	30	94	25	95	20	95	15	94	11	92	8	89	6	86	5	83	5	81	6	80	7	78	8	75	9	71	10	66	10	60	10	53	11	45	13	36	16	28	20	21	25	15	31	10	37	6	43	3	48	1	53	-1	58	-2	62	-2	65	-1	67	1	68	4	68	8	67	12	67	15	68	18	70	22	73	27	77	31	80	35	83	38	85	40	86	41	86	43	85	44	83	45	80	46	76	48	73	51	69	55	64	60	58	66	53	72	49	77	46	81	44	84	43	86	43	87	43	87	
26:
78	28.055	66	61	66	60	66	58	67	55	68	51	70	46	72	40	75	34	78	28	80	22	81	16	81	11	80	7	78	4	75	2	71	1	66	1	60	2	55	4	51	7	48	11	46	16	45	22	45	29	45	37	44	46	44	54	45	61	47	67	50	72	54	76	57	80	59	83	60	85	60	86	59	87	57	87	54	86	51	84	47	81	42	77	36	73	29	70	23	67	18	63	13	58	9	52	6	47	4	43	3	40	3	38	4	35	6	32	9	30	13	29	18	29	24	30	31	32	38	34	44	37	50	41	55	46	59	50	63	53	67	55	70	56	73	56	76	55	78	54	79	52	79	51	78	51	76	52	74	54	72	57	69	59	67	60	66	61	66	61	
27:
76	2.888	61	86	61	85	60	83	60	80	61	76	63	71	64	65	64	58	64	52	64	45	63	39	61	34	60	30	58	27	55	25	51	24	46	24	40	25	35	27	30	30	26	34	23	39	20	45	18	52	16	60	15	67	15	73	16	78	18	82	19	85	19	88	18	90	16	91	13	91	9	90	6	88	3	85	1	81	0	76	0	70	1	63	3	55	6	46	9	38	11	30	12	23	12	17	11	12	10	8	9	5	9	3	10	2	11	2	13	3	16	5	20	7	25	10	31	14	36	19	42	25	49	32	56	38	62	45	67	53	71	61	74	68	76	74	77	79	77	83	76	86	74	88	71	89	67	89	64	88	62	87	61	86	61	86	
28:
63	12.948	75	82	74	81	72	79	69	76	66	72	62	67	59	61	57	54	56	47	56	40	57	34	59	29	62	25	65	22	67	19	68	17	68	14	67	12	65	11	62	11	60	12	59	14	57	17	56	21	56	26	55	31	53	37	51	42	49	46	48	49	47	51	45	52	42	52	39	51	35	49	31	46	27	43	23	40	18	37	14	35	11	34	9	34	8	35	6	37	5	40	5	44	6	49	7	54	9	60	12	66	16	71	21	75	26	78	32	80	39	81	47	81	54	82	60	84	65	85	69	85	72	84	74	83	75	82	75	82	
29:
77	24.204	29	13	30	12	32	10	35	8	39	7	44	7	50	8	57	10	63	13	68	17	72	21	76	24	80	26	83	27	85	27	86	26	86	24	85	21	83	17	80	13	76	9	71	6	65	3	58	1	50	0	42	0	35	1	29	3	24	6	20	10	16	15	12	20	9	26	7	33	4	39	2	46	1	53	0	59	0	64	1	69	3	73	4	76	6	78	9	79	12	79	16	78	21	76	26	75	32	75	39	76	45	77	50	79	54	80	57	80	59	79	60	77	60	74	59	70	57	65	54	61	50	58	45	56	39	55	34	55	29	54	25	52	22	49	20	45	19	41	19	36	20	31	22	26	23	22	24	19	26	16	28	14	29	13	29	13	
30:
83	22.283	71	56	72	55	74	53	77	50	80	46	83	41	85	35	86	29	86	24	85	20	83	17	80	14	76	12	71	11	65	11	58	12	50	12	43	11	37	9	32	7	27	5	22	4	18	4	15	5	11	7	7	10	4	14	2	19	1	25	1	32	2	38	4	45	5	53	6	60	6	67	5	73	5	78	5	82	6	85	6	87	5	88	3	88	2	87	2	85	3	82	5	79	8	75	12	70	17	64	23	57	28	50	32	44	35	39	38	35	40	32	41	30	41	29	40	29	39	30	39	32	40	35	42	39	44	44	45	49	45	55	46	62	48	68	51	73	55	77	60	80	64	82	67	83	69	83	70	82	72	80	74	78	76	75	77	71	77	66	76	62	74	59	72	57	71	56	71	56	
31:
76	28.221	29	1	30	0	32	0	35	1	39	2	44	4	50	7	56	9	63	11	69	12	74	12	78	13	81	15	83	18	84	22	84	26	83	30	81	35	80	40	80	45	81	49	83	54	86	58	88	61	89	63	89	64	88	64	86	63	83	61	79	58	74	56	68	55	61	54	55	54	50	55	45	57	41	60	38	64	36	69	35	74	33	78	30	81	27	83	23	84	20	84	18	83	17	81	17	78	18	74	20	69	23	65	25	60	26	56	26	53	25	51	23	50	20	50	16	51	12	52	9	52	6	51	3	49	1	46	0	42	0	37	1	32	2	26	4	21	7	15	11	10	15	6	19	3	23	1	26	0	28	0	29	1	29	1	
32:
73	19.335	7	33	8	34	9	36	10	39	10	43	10	48	9	54	8	59	6	63	3	66	1	69	0	72	0	74	1	75	3	75	6	74	9	72	13	71	18	70	22	70	25	71	27	73	28	76	29	80	29	83	30	85	32	86	35	86	39	85	42	83	45	80	48	76	51	71	53	65	54	58	54	50	53	41	52	31	50	22	49	14	49	7	50	1	52	-4	55	-8	59	-11	64	-13	70	-14	75	-14	79	-13	82	-11	84	-9	85	-6	85	-2	84	1	82	3	79	5	75	6	70	6	64	6	57	7	50	9	43	12	37	16	32	21	28	26	25	30	22	33	20	35	17	36	13	36	10	35	8	34	7	33	7	33	
33:
86	15.507	72	34	73	35	75	37	78	39	80	41	81	44	81	47	80	51	78	56	75	61	71	66	66	71	61	75	55	78	48	81	41	84	34	86	28	87	23	88	19	88	16	87	14	86	13	84	13	83	14	83	16	82	19	80	23	77	28	73	34	69	41	64	48	58	56	51	63	43	69	34	74	26	78	19	81	13	83	8	84	4	84	1	83	-1	81	-2	79	-2	76	-1	72	1	67	4	61	8	56	11	51	14	45	16	38	17	32	17	27	16	23	14	19	11	16	7	14	4	11	2	8	1	5	1	3	2	2	4	2	7	2	10	3	14	5	19	8	23	12	28	17	32	22	35	27	37	31	38	34	38	36	37	37	35	39	32	42	29	46	27	51	26	57	26	62	27	66	29	69	31	71	33	72	34	72	34	
34:
60	13.062	17	10	16	11	14	13	11	16	8	19	5	23	3	28	2	34	2	41	3	49	5	56	8	62	12	68	16	73	21	77	25	80	28	82	30	83	31	83	33	82	34	80	34	77	33	73	31	68	29	62	28	57	28	53	29	50	31	48	34	47	37	46	41	45	46	43	51	40	57	36	64	33	70	31	75	29	79	28	82	28	84	29	85	29	85	28	84	27	82	25	79	22	75	18	70	13	66	8	62	4	57	1	51	-1	44	-2	38	-2	32	-1	27	1	23	4	20	7	18	9	17	10	17	10	
35:
73	9.131	18	2	19	1	21	1	24	1	27	2	29	4	30	7	31	11	33	16	36	22	39	28	43	34	48	39	54	43	60	46	65	48	69	49	73	49	76	48	78	48	79	49	79	50	78	52	76	55	73	58	69	62	65	66	61	69	58	73	56	77	55	81	55	84	56	86	58	87	61	89	65	90	69	90	73	89	76	87	78	84	79	82	79	81	78	80	76	78	73	76	69	75	64	73	58	72	53	70	47	67	40	64	32	62	25	61	19	60	14	60	10	59	7	57	5	55	4	52	4	48	5	44	7	40	10	37	14	34	17	30	20	25	22	19	23	14	23	10	22	7	20	5	19	3	18	2	18	2	
36:
68	6.866	83	4	84	5	86	7	87	10	87	14	86	19	86	25	85	32	83	40	82	49	82	57	83	64	83	70	82	75	81	79	79	82	76	84	72	85	67	85	61	85	54	84	46	84	37	85	29	85	22	85	16	84	11	83	7	82	4	80	2	77	1	75	0	74	0	72	1	71	3	71	6	72	9	73	13	73	18	73	24	73	31	72	39	71	46	69	52	66	57	62	61	57	64	52	66	48	67	45	67	43	66	42	64	41	61	39	58	36	56	32	55	27	55	21	56	16	57	11	59	7	62	4	65	2	69	1	73	1	77	1	80	2	82	3	83	4	83	4	
37:
62	8.354	76	26	75	25	73	24	70	24	66	25	62	27	57	29	51	32	45	36	39	41	34	47	30	54	27	61	25	67	24	72	24	76	25	80	27	83	30	85	34	86	38	86	41	86	43	85	45	83	48	80	52	76	57	71	63	66	69	62	74	57	78	53	81	50	83	48	84	47	84	47	83	48	81	50	78	52	74	54	69	55	63	55	57	55	52	54	48	52	45	49	43	45	42	40	42	34	42	28	43	23	45	19	48	16	52	14	57	13	62	13	66	14	70	16	73	18	75	20	76	23	76	25	76	26	76	26	
38:
82	310.605	67	48	68	49	70	51	72	54	75	58	79	63	82	69	84	75	85	80	85	84	84	88	82	91	79	93	75	94	70	94	64	93	59	92	55	90	52	87	50	83	49	78	49	72	48	65	46	59	43	54	39	50	34	47	29	44	24	42	18	40	12	39	7	39	3	40	-1	42	-4	45	-6	49	-7	53	-7	58	-6	63	-4	67	-3	70	-1	72	2	73	5	73	7	72	8	70	9	67	11	63	14	58	17	52	19	45	20	39	21	34	21	30	20	27	20	25	21	24	23	24	25	25	28	27	31	30	34	34	37	39	40	43	44	46	49	48	55	49	61	49	66	48	71	46	75	44	78	41	80	39	81	37	81	36	80	36	78	37	76	39	73	42	70	45	68	47	67	48	67	48	
39:
66	4.977	30	62	30	63	31	65	33	68	36	71	40	73	43	74	45	74	47	73	49	71	52	68	55	64	58	59	62	53	66	47	70	42	73	38	75	35	77	33	80	31	83	30	85	30	86	31	86	33	86	36	86	40	87	45	88	51	88	57	89	64	90	70	90	75	89	79	87	82	84	85	80	87	75	88	69	88	62	87	56	85	49	83	43	80	36	76	30	72	25	67	20	61	16	56	13	52	11	47	10	42	10	38	11	35	13	33	16	32	18	32	19	33	19	35	18	38	18	42	18	47	19	52	21	56	24	59	27	61	29	62	30	62	30	62	
40:
77	34.544	19	85	20	86	22	86	25	85	29	83	34	80	40	77	47	73	54	68	60	64	67	59	73	53	78	47	82	41	85	35	87	29	88	24	88	20	87	17	85	15	82	14	78	14	74	15	71	17	68	20	66	24	65	29	65	35	66	42	68	50	69	58	69	65	70	71	72	76	75	80	77	84	79	87	81	89	83	90	84	90	84	89	83	87	81	84	78	80	74	76	69	71	63	65	58	58	54	50	49	42	44	35	40	29	35	24	29	20	24	17	18	15	12	14	7	14	3	15	0	17	-3	20	-5	24	-6	29	-6	35	-5	42	-4	49	-2	57	-1	64	-1	70	0	75	2	79	5	82	9	84	13	85	16	85	18	85	19	85	19	85	
41:
71	2.707	36	30	37	31	39	33	42	36	46	39	50	43	55	48	61	53	66	57	70	62	73	68	76	73	78	77	79	81	80	84	82	86	83	87	83	87	82	86	80	84	78	81	77	77	76	72	76	66	76	59	77	52	79	45	81	37	82	30	82	23	83	17	85	12	86	8	86	5	85	3	84	2	82	2	79	3	76	5	74	8	71	12	67	17	62	23	56	30	49	37	41	43	34	48	28	52	23	55	19	57	16	58	14	58	13	57	13	55	13	52	14	48	16	43	19	37	23	32	26	28	28	24	29	21	30	19	31	18	32	18	33	19	34	21	35	24	35	27	35	29	36	30	36	30	
42:
73	205.698	53	65	54	64	56	62	59	59	63	55	68	51	73	46	77	40	80	33	82	27	83	22	84	17	86	12	88	6	89	1	89	-4	88	-8	86	-12	83	-15	79	-17	74	-18	68	-18	61	-17	55	-15	50	-12	46	-8	43	-3	40	3	38	10	37	18	37	25	38	31	40	36	41	40	41	43	40	45	38	46	35	47	31	47	26	48	22	49	19	51	16	54	13	56	10	57	8	57	7	56	7	54	8	52	10	51	13	51	17	51	22	52	28	54	33	57	37	61	40	66	42	72	43	77	43	81	43	84	44	86	46	87	48	87	49	86	49	84	48	81	48	77	49	74	49	71	50	68	52	66	53	65	53	65	
43:
70	14.157	84	62	84	61	85	59	85	56	85	52	84	47	82	41	81	34	79	28	76	23	72	19	67	16	61	14	55	13	48	13	41	14	35	16	30	17	26	18	23	18	20	17	17	15	14	13	11	12	9	12	8	13	8	15	9	18	11	22	14	26	17	29	21	31	26	32	32	32	37	32	43	32	48	31	52	31	55	32	57	32	58	33	58	35	57	38	55	40	52	41	48	43	43	46	39	48	36	51	34	55	33	60	33	66	34	72	36	77	39	82	43	86	48	89	54	91	61	92	67	92	72	91	76	89	79	86	81	82	82	77	82	72	82	68	82	65	83	63	84	62	84	62	
44:
74	12.41	75	59	76	58	78	56	79	53	80	49	80	45	79	40	77	34	74	28	70	22	65	17	60	13	56	10	53	8	51	7	50	7	50	6	51	4	53	2	56	1	59	1	63	1	68	1	73	2	78	4	82	7	85	11	87	16	88	22	88	29	88	36	89	43	91	51	92	58	92	65	91	71	91	76	91	80	90	83	89	85	87	86	84	86	80	85	75	83	69	80	63	78	56	77	48	77	40	78	33	80	26	81	20	83	15	84	11	84	8	83	6	82	5	81	5	80	6	78	8	75	11	71	15	68	20	65	26	62	33	58	40	55	47	53	54	52	60	52	65	53	69	54	72	56	74	58	75	59	75	59	
45:
80	40.101	12	72	13	73	15	73	18	72	22	70	27	68	32	66	38	63	45	59	53	54	60	48	67	43	73	38	78	34	82	31	85	27	87	22	88	18	88	15	87	13	85	12	82	11	78	11	73	12	67	14	60	17	52	20	43	22	34	23	26	24	19	25	13	25	8	24	4	22	1	19	-1	15	-2	12	-2	10	-1	9	1	9	4	10	8	12	12	15	15	19	19	24	24	30	30	37	36	43	42	50	48	56	53	61	58	65	62	68	65	70	67	71	68	72	68	74	67	77	65	80	62	83	58	85	54	87	49	88	43	89	36	90	28	91	21	92	15	92	10	91	6	89	3	86	1	82	0	78	0	75	1	73	3	71	6	70	9	70	11	71	12	72	12	72	
46:
72	16.275	19	33	20	33	22	34	25	36	28	39	32	43	37	48	42	54	48	59	54	63	60	66	65	68	70	69	74	71	77	73	79	74	80	74	80	74	79	73	77	73	74	73	70	74	65	76	59	79	52	83	44	86	37	88	31	89	26	89	22	90	19	90	17	89	16	87	16	84	17	82	19	79	22	75	26	71	30	68	35	65	41	61	46	56	50	50	53	43	55	35	56	28	56	21	55	15	53	10	50	6	46	3	41	1	37	0	34	0	31	1	28	3	25	6	23	10	21	15	18	21	16	26	15	31	14	35	14	38	13	40	13	41	14	41	16	40	18	38	19	36	19	34	19	33	19	33	
47:
76	9.9	2	87	3	86	4	84	5	81	7	77	8	72	8	66	7	59	6	51	5	43	5	36	5	30	5	24	6	19	8	15	11	12	15	10	20	9	26	8	32	6	39	3	46	0	53	-2	61	-3	68	-3	74	-2	79	0	83	2	86	5	88	7	89	8	89	10	88	13	86	16	83	19	79	23	74	28	69	34	64	41	60	49	57	56	55	63	54	69	53	74	53	78	54	81	56	83	58	84	61	84	65	83	69	81	72	78	74	76	75	73	75	69	74	64	72	60	69	57	65	55	61	54	56	54	50	53	43	52	36	51	29	51	23	52	17	54	12	57	8	61	5	66	3	72	1	77	0	81	0	84	1	86	2	87	2	87	
48:
69	4.548	77	63	77	62	76	61	74	59	71	56	67	54	62	53	56	53	51	54	46	56	42	58	38	59	35	59	33	58	31	56	28	53	24	49	19	46	14	43	10	40	7	36	5	32	4	27	4	22	5	16	7	11	10	7	14	4	19	2	25	1	32	1	39	1	46	2	52	4	57	6	62	8	66	10	69	13	71	17	72	21	72	25	71	29	69	34	68	38	68	41	69	43	71	45	74	48	76	52	78	56	79	61	79	67	78	73	76	78	73	82	70	85	68	87	67	88	66	88	66	87	66	85	67	83	69	80	72	76	75	73	77	69	78	66	78	64	77	63	77	63	
49:
79	6.238	17	44	16	43	14	41	11	38	9	34	8	29	8	23	9	18	10	14	10	11	11	8	13	6	16	5	20	5	25	6	31	8	37	10	43	13	50	15	58	16	67	17	75	17	82	18	88	20	93	23	97	27	100	32	102	38	103	44	103	51	102	58	100	64	97	69	93	73	88	76	82	78	76	79	71	79	67	78	64	76	62	73	61	69	61	64	62	58	64	51	65	45	65	40	64	36	63	33	61	31	58	30	54	29	49	29	43	30	36	32	29	35	22	39	16	44	11	50	7	57	4	63	2	68	1	72	1	75	2	77	4	78	7	78	11	77	15	75	19	72	22	69	24	66	25	63	25	59	24	54	22	50	20	47	18	45	17	44	17	44	
50:
65	2.313	14	39	15	38	17	37	20	37	24	37	28	36	31	35	34	34	36	34	37	34	37	35	36	37	34	40	31	43	27	47	22	50	18	54	15	59	13	64	12	68	12	71	13	73	13	74	12	74	10	75	8	77	7	79	6	80	6	82	7	84	9	86	12	88	16	89	21	90	27	90	34	89	40	87	45	86	49	84	52	81	54	77	55	72	55	66	54	59	52	51	50	44	48	38	47	32	46	27	46	23	47	20	48	18	49	17	49	17	48	18	46	20	43	23	39	25	34	26	29	28	24	30	20	33	17	36	15	38	14	39	14	39	
51:
66	9.069	59	45	60	44	62	43	65	41	69	38	74	36	78	33	82	29	85	24	87	19	88	15	88	12	87	9	85	7	82	6	78	6	73	7	67	8	61	8	55	8	49	8	44	9	39	9	34	8	29	6	24	4	20	2	17	1	15	1	14	2	13	4	13	7	14	11	14	16	13	20	11	24	10	27	10	30	11	33	13	35	16	36	20	36	23	35	25	33	27	31	28	30	28	30	27	31	25	32	23	34	21	37	19	41	18	46	18	51	19	55	21	58	24	60	28	61	33	61	39	60	44	58	49	55	53	51	56	48	58	46	59	45	59	45	
52:
70	2.784	21	79	22	78	24	76	27	74	30	71	32	67	33	62	33	58	32	55	30	52	27	48	23	43	18	39	13	35	9	30	6	24	4	18	3	13	3	9	4	4	6	0	9	-3	13	-5	18	-6	24	-6	31	-5	39	-4	46	-2	52	1	57	5	63	10	69	16	74	23	78	31	81	39	83	46	85	52	86	57	86	61	87	64	87	66	86	67	84	67	81	66	77	64	72	61	66	57	59	52	52	47	46	43	41	40	37	38	34	37	32	37	31	38	31	40	32	43	34	47	36	52	37	57	37	63	36	68	35	72	34	75	32	77	29	78	26	78	24	78	22	79	21	79	21	79	
53:
78	18.922	63	46	64	45	66	45	69	44	71	43	74	41	78	39	81	38	83	38	84	39	84	41	83	43	81	45	78	47	74	50	69	54	63	59	56	65	50	71	44	76	39	80	35	83	32	86	29	88	26	89	22	89	19	88	17	86	16	83	16	79	17	74	18	68	20	61	21	53	21	44	20	35	18	27	15	20	12	14	10	9	8	5	7	2	7	0	8	-1	10	-1	13	0	17	1	22	2	28	2	34	2	40	2	45	1	49	0	52	-1	54	-1	55	0	55	1	54	3	52	6	50	10	47	15	45	21	44	28	44	34	45	39	47	43	50	46	53	48	55	49	56	49	56	48	56	46	57	45	57	44	58	44	60	45	62	46	63	46	63	46	
54:
61	1.786	45	35	44	35	42	36	39	38	35	40	30	42	26	45	22	47	19	48	17	48	16	47	16	45	17	42	18	38	18	33	17	27	15	21	14	16	14	12	15	9	17	7	20	6	24	6	29	7	35	9	42	11	48	14	53	18	57	21	60	24	62	28	63	33	63	39	62	46	61	53	61	59	62	64	64	68	66	71	69	73	71	74	73	74	74	73	74	71	73	70	71	69	68	69	64	69	59	68	53	66	48	63	44	60	41	56	39	51	38	46	38	42	39	39	40	37	42	36	44	35	45	35	45	35	
55:
76	14.313	39	5	38	6	36	8	33	11	29	15	26	20	24	25	23	31	23	37	23	42	24	46	26	49	29	51	33	54	38	58	44	62	49	67	53	71	56	74	59	76	61	77	63	77	64	76	65	74	67	71	69	67	72	62	76	56	79	50	81	44	82	38	84	33	86	29	87	26	87	24	88	23	89	23	89	24	88	26	86	29	85	33	84	38	83	43	81	49	79	54	77	58	74	61	70	63	65	64	59	64	52	63	44	61	35	58	27	54	20	49	14	43	9	36	5	28	2	21	0	15	-2	10	-3	6	-3	3	-2	1	0	0	2	0	5	1	9	3	14	5	19	6	24	6	29	5	33	4	36	4	38	4	39	5	39	5	
56:
68	6.553	20	27	19	28	19	30	19	33	20	37	20	42	21	48	23	53	25	57	28	61	31	64	35	67	40	69	46	70	53	70	61	70	68	69	74	67	79	64	83	60	86	55	88	51	89	47	89	43	88	39	86	34	83	29	79	25	76	22	73	20	71	18	68	17	64	17	59	18	55	20	52	23	50	27	49	32	49	38	48	45	48	53	48	61	48	68	49	74	49	79	48	83	46	86	43	88	39	89	34	89	30	88	27	86	24	83	21	79	17	75	14	71	10	66	7	60	5	53	4	47	4	41	5	36	7	32	10	29	14	27	17	26	19	26	20	27	20	27	
57:
67	1.635	85	46	84	46	82	46	79	47	75	48	71	48	67	47	64	45	62	43	61	40	61	36	62	31	64	25	67	20	71	16	74	13	76	11	77	9	77	8	76	8	74	9	71	11	67	14	62	18	57	23	51	29	44	34	36	38	29	41	23	43	18	44	14	44	11	43	9	42	8	42	8	43	9	44	11	44	14	44	18	45	23	46	29	48	36	49	44	51	51	54	57	58	62	63	66	68	70	72	74	76	77	79	79	81	80	82	80	82	80	81	79	79	78	76	76	72	74	67	73	62	73	58	74	55	76	52	79	49	82	47	84	46	85	46	85	46	
58:
68	8.7	82	46	81	47	79	49	76	52	73	55	69	58	64	60	59	61	55	61	52	60	50	58	49	55	49	51	50	46	50	40	49	34	47	28	44	22	41	17	38	13	35	10	32	8	29	7	26	7	24	8	23	10	23	13	24	17	26	22	29	28	31	34	33	40	35	45	36	49	36	52	36	54	35	55	33	55	32	54	32	52	33	49	34	45	36	41	38	38	41	36	45	35	50	35	56	36	61	36	67	35	73	33	78	30	82	26	85	22	87	19	88	17	88	16	89	16	89	17	88	19	86	22	83	26	81	31	80	36	80	40	80	43	81	45	82	46	82	46	
59:
79	18.619	89	30	90	31	92	33	94	36	95	40	96	45	96	51	95	58	93	65	90	71	86	76	81	80	75	83	68	86	60	88	51	89	42	89	34	88	27	87	21	85	16	82	12	78	9	75	7	71	6	66	6	60	7	54	9	48	12	43	16	39	21	36	27	33	32	29	36	26	39	23	41	21	42	19	42	17	41	16	39	14	37	13	34	13	30	14	25	16	21	19	17	23	14	28	12	34	11	40	11	47	12	53	14	58	17	62	21	65	26	67	32	68	39	68	46	67	52	65	58	62	63	58	67	53	72	48	77	42	81	36	84	31	86	26	87	22	87	19	86	17	85	16	83	16	82	17	82	19	83	22	85	25	87	27	88	29	89	30	89	30	
60:
76	35.202	29	6	28	7	26	7	23	8	20	10	17	12	15	15	14	19	14	22	15	24	17	27	20	31	24	35	29	38	33	41	36	45	38	50	39	55	39	61	38	66	36	72	33	77	29	81	24	84	20	86	16	87	13	87	11	86	10	84	10	81	11	77	13	73	16	69	20	66	25	64	30	63	36	63	43	64	50	66	57	69	65	73	72	77	78	81	83	84	89	86	94	87	98	87	101	86	103	84	104	81	104	77	103	72	101	66	98	60	94	54	89	49	85	45	82	42	78	40	73	39	67	39	61	40	56	40	52	39	49	37	47	34	46	30	45	25	45	20	44	15	42	11	39	8	35	6	32	5	30	5	29	6	29	6	
61:
73	28.365	45	40	44	39	42	38	39	37	35	36	30	36	25	36	20	37	16	37	13	36	11	34	10	31	10	28	11	25	13	22	16	18	20	13	25	9	31	6	38	4	45	3	52	3	58	3	65	4	71	6	76	9	80	13	83	17	85	22	86	28	86	33	85	37	83	40	80	43	76	47	71	52	65	57	59	63	54	68	50	74	47	79	45	83	44	86	42	88	41	89	41	89	42	88	42	86	41	84	39	83	36	81	32	78	27	76	21	75	16	75	12	76	9	78	7	80	6	81	6	82	7	82	9	81	12	79	15	76	19	72	24	67	30	61	35	55	39	50	42	46	44	43	45	41	45	40	45	40	
62:
79	148.62	44	14	45	13	47	11	50	8	54	6	58	5	61	5	63	6	64	8	64	11	63	15	63	20	63	24	64	27	66	30	69	32	73	33	78	33	83	34	87	36	90	38	92	41	93	45	93	50	92	56	92	63	92	69	91	74	89	78	88	81	88	83	89	84	91	84	93	83	94	81	94	78	93	74	91	69	88	63	85	57	81	52	76	48	70	45	63	43	55	42	46	42	37	43	29	44	21	46	14	48	8	51	3	55	-1	60	-4	65	-6	69	-7	72	-7	74	-6	75	-4	75	-1	74	1	72	4	69	8	65	12	60	17	55	21	49	24	44	28	40	33	37	37	35	40	34	42	32	43	29	43	27	42	24	42	20	43	17	44	15	44	14	44	14	
63:
70	16.741	17	81	17	80	17	78	17	75	18	71	18	66	17	60	16	53	14	46	11	40	8	35	6	30	5	26	4	23	4	21	5	20	7	20	10	21	13	23	16	26	20	30	25	35	31	41	38	46	46	50	54	53	61	56	67	60	72	65	76	69	79	73	81	76	82	78	82	79	81	79	79	79	76	78	72	76	69	73	67	69	66	64	66	58	67	51	67	43	66	35	65	28	63	22	60	17	56	13	53	10	51	8	50	7	50	7	51	8	52	10	52	13	51	17	49	22	47	28	46	35	44	42	41	49	37	56	33	62	29	67	25	71	22	75	20	78	18	80	17	81	17	81	
64:
82	116.628	50	42	50	41	51	39	53	36	56	32	59	27	63	22	67	17	71	12	75	8	78	5	81	3	83	2	86	2	88	3	89	5	89	8	88	12	86	17	83	23	79	29	74	36	69	44	65	52	62	59	60	65	59	70	59	74	59	77	60	79	61	80	61	82	60	84	58	86	55	87	51	87	46	86	41	84	35	81	30	79	25	78	20	77	16	76	12	74	9	72	7	69	6	67	6	65	7	64	9	64	12	65	16	66	21	66	26	65	30	63	33	60	35	56	36	51	36	45	35	38	33	31	30	24	26	18	21	13	17	9	14	6	12	4	10	3	9	3	9	4	10	6	12	8	15	11	19	15	24	20	30	25	35	30	40	34	44	37	47	39	49	41	50	42	50	42	
65:
75	30.074	16	11	17	11	19	10	22	8	26	7	30	6	34	4	38	2	42	1	47	0	51	0	55	1	58	3	60	6	63	10	65	15	67	21	70	28	73	36	76	43	79	49	82	55	84	61	85	66	85	70	84	73	83	75	83	76	84	76	84	75	83	73	81	70	78	66	75	61	72	55	69	49	65	44	60	40	54	37	48	35	42	34	36	34	31	35	26	37	22	40	18	44	15	49	13	55	12	61	12	68	11	74	11	79	12	83	13	86	13	88	12	89	10	89	7	88	4	86	0	83	-3	79	-5	74	-7	68	-8	61	-8	53	-7	45	-5	38	-2	32	0	27	3	22	7	18	10	15	13	13	15	12	16	11	16	11	
66:
66	15.433	50	4	51	4	53	4	55	3	58	3	62	4	67	5	72	6	76	8	79	11	81	15	82	18	82	20	81	21	79	21	76	20	72	19	68	17	63	16	57	16	50	17	43	19	37	21	32	24	28	28	25	33	23	39	22	46	22	53	23	61	25	68	28	74	32	79	37	83	42	86	46	88	50	89	53	89	55	88	56	86	56	83	55	79	53	74	51	68	48	61	44	53	39	46	35	40	32	35	28	31	24	28	21	26	19	24	18	21	18	17	19	13	21	10	24	8	27	6	31	4	35	3	40	2	44	2	47	2	49	3	50	4	50	4	
67:
81	28.055	15	6	16	7	18	9	21	12	23	16	24	21	25	27	27	34	28	41	29	48	29	54	28	59	26	63	23	66	21	68	20	70	20	71	21	71	23	70	26	68	30	67	34	65	39	62	45	59	52	56	59	54	65	53	70	53	74	54	78	55	81	57	83	60	84	64	84	69	84	73	85	76	85	78	85	79	86	79	88	78	90	76	91	73	91	69	90	64	89	58	88	51	88	43	89	35	90	28	91	22	91	17	90	13	88	10	85	8	82	7	80	7	79	8	79	10	80	13	82	17	84	22	85	28	85	33	84	38	82	42	79	45	75	47	70	48	64	48	59	47	53	45	47	42	42	38	38	33	34	27	30	21	25	16	21	12	18	9	16	7	15	6	15	6	
68:
72	22.79	27	83	28	82	30	81	33	79	37	76	42	72	48	68	55	64	62	61	69	59	75	57	80	54	84	50	87	47	89	43	90	38	90	32	89	27	88	22	88	17	89	13	89	10	88	8	86	6	83	5	79	5	74	5	68	5	61	5	54	5	46	5	38	4	31	3	25	3	20	4	16	6	13	8	11	11	10	15	10	19	11	22	13	24	16	25	20	25	25	24	30	24	36	24	43	23	51	21	58	18	64	16	69	15	73	15	76	16	78	17	79	19	79	21	78	23	76	25	73	28	69	32	64	37	60	43	55	49	50	56	46	62	42	68	37	73	33	77	30	80	28	82	27	83	27	83	
69:
71	18.171	63	61	63	60	63	58	62	55	61	52	59	48	56	43	52	37	47	32	41	28	34	25	28	23	23	22	19	22	16	23	14	25	13	28	13	32	14	37	16	43	18	50	21	57	24	63	26	68	27	74	27	79	26	83	24	86	21	88	18	89	14	89	10	88	7	86	4	83	2	79	1	74	1	68	2	61	3	53	3	45	3	38	4	32	4	27	5	23	7	20	10	18	14	17	19	17	25	17	32	16	40	15	49	13	57	11	64	10	70	10	75	11	79	13	82	16	85	20	87	25	88	31	88	36	87	40	85	44	82	47	78	51	73	55	69	58	66	60	64	61	63	61	63	61	
70:
76	118.662	54	67	53	66	51	65	48	63	44	60	41	56	39	51	38	46	37	42	37	39	38	37	40	36	43	36	47	36	52	35	58	35	65	36	71	38	76	39	80	39	83	38	85	38	86	37	86	35	85	32	83	28	80	23	76	18	71	14	65	11	58	9	50	8	43	8	37	8	32	8	28	8	25	9	23	11	22	14	20	18	18	23	16	29	13	36	10	42	7	47	5	51	4	55	4	58	5	60	7	61	10	61	14	60	19	59	25	57	32	56	40	56	48	57	56	59	63	62	69	66	74	71	78	76	81	80	83	83	84	85	84	86	83	87	81	87	78	86	74	84	69	81	64	77	60	73	57	70	55	68	54	67	54	67	
71:
68	16.088	83	16	82	16	80	17	77	18	74	19	71	21	69	24	68	28	68	32	69	37	71	42	73	46	74	49	74	51	73	52	71	52	68	52	65	52	61	52	58	53	56	55	55	58	53	62	51	67	48	73	44	78	39	82	35	85	32	87	30	88	29	88	29	87	30	86	32	84	34	81	37	77	39	72	40	66	40	59	39	51	38	43	36	35	33	28	29	22	24	17	20	13	17	10	15	8	14	7	14	7	15	8	17	9	20	11	24	14	29	18	35	22	41	25	48	27	56	28	63	29	69	29	74	28	78	27	81	25	83	22	84	19	84	17	83	16	83	16	
72:
74	41.926	76	39	75	40	73	41	70	43	66	46	61	50	55	55	48	61	40	67	33	72	27	76	22	79	17	81	13	82	10	82	8	81	7	79	7	76	8	72	10	67	13	61	17	54	21	47	26	39	32	31	38	24	45	18	51	12	56	7	61	3	65	0	68	-2	70	-3	71	-3	71	-2	70	0	68	3	65	5	61	6	56	7	50	7	43	6	36	5	29	5	23	5	18	6	14	8	11	11	9	15	8	20	8	25	9	30	11	36	14	41	18	45	23	48	28	50	34	53	39	57	44	61	48	64	52	66	55	67	59	67	62	66	65	64	68	61	72	58	75	54	77	49	78	45	78	42	77	40	76	39	76	39	
73:
68	71.853	50	84	51	83	53	82	56	82	60	81	64	81	68	82	71	83	73	85	74	86	74	86	73	85	71	83	68	80	64	77	59	75	54	72	50	68	47	63	45	57	44	52	44	47	43	43	42	40	40	38	37	36	33	33	28	30	23	26	19	21	16	16	14	12	12	9	11	7	11	6	11	6	10	7	8	9	6	12	5	16	5	21	4	25	3	28	3	30	4	31	6	31	9	31	13	30	18	28	24	26	30	25	36	25	41	25	45	26	49	28	52	31	54	35	55	40	55	46	54	52	52	59	50	65	48	70	47	74	47	78	48	81	49	83	50	84	50	84	
74:
63	3.532	6	62	7	61	9	59	12	56	16	52	20	47	25	41	31	35	36	30	40	26	43	23	45	21	46	20	48	20	51	21	53	23	54	24	55	24	57	23	58	21	59	19	59	18	59	18	59	19	60	21	61	24	63	28	66	33	70	38	73	44	75	49	76	53	76	56	75	58	74	59	73	61	73	64	74	67	76	71	79	76	83	80	86	83	88	86	89	88	89	89	88	89	86	88	83	86	79	83	74	80	69	77	63	75	56	74	48	74	40	75	33	75	27	74	21	72	16	69	12	66	9	64	7	63	6	62	6	62	
75:
65	19.756	8	27	9	26	10	24	12	21	15	19	19	18	24	18	30	19	37	21	43	24	48	28	52	33	57	39	61	46	64	54	67	61	71	67	76	72	80	76	83	80	85	83	86	85	88	86	89	86	91	85	92	83	92	80	91	76	89	73	86	71	82	70	79	69	76	67	74	64	73	60	73	55	74	49	76	43	78	36	79	28	79	21	78	14	77	8	75	3	72	-1	68	-4	63	-6	57	-7	50	-7	42	-6	34	-4	27	-2	21	1	16	3	12	4	9	4	6	5	4	7	3	10	3	14	4	18	6	21	7	24	8	26	8	27	8	27	
76:
65	19.282	88	14	87	15	85	17	82	19	78	21	74	22	69	22	63	21	56	20	48	20	41	21	35	23	30	26	26	30	23	34	21	38	20	43	20	49	19	56	19	63	20	69	21	75	23	80	26	84	30	87	35	89	40	90	44	90	49	89	53	87	56	84	58	80	59	75	60	70	61	64	61	57	60	50	58	44	55	39	51	35	46	32	41	30	37	29	34	28	32	28	31	29	31	31	32	34	34	36	37	37	41	37	46	38	52	38	59	37	66	35	72	32	77	30	81	29	84	27	86	24	88	22	89	20	89	17	89	15	88	14	88	14	
77:
62	6.615	9	63	10	62	12	61	15	59	19	56	24	52	30	48	37	45	45	43	52	42	58	42	63	43	67	44	70	46	72	49	73	53	74	58	74	64	73	69	71	73	68	76	64	78	60	79	56	80	53	80	51	79	50	77	50	74	51	70	53	66	56	62	60	59	65	55	69	50	72	44	74	37	75	30	75	23	75	17	74	12	72	8	69	5	66	3	62	2	57	2	51	3	44	4	36	5	28	7	21	10	15	13	10	17	6	22	3	28	1	35	0	42	0	48	1	53	3	57	6	60	8	62	9	63	9	63	
78:
80	5.417	13	33	12	32	10	31	9	29	9	26	10	22	12	17	14	12	17	8	19	5	20	3	20	2	19	2	17	3	14	5	12	8	11	12	11	17	12	23	14	29	17	35	21	40	26	44	31	47	36	49	40	52	43	55	45	57	47	58	50	58	53	57	55	57	58	58	62	60	67	63	73	67	78	70	82	73	85	75	87	76	88	76	88	75	87	73	85	70	82	66	78	61	74	55	71	48	68	40	65	32	61	25	58	19	56	13	55	8	55	4	56	1	58	-1	61	-2	65	-2	69	-1	72	1	74	4	76	8	77	13	77	19	76	26	74	32	71	37	67	41	62	44	56	46	49	47	41	47	34	46	28	44	23	41	19	38	16	36	14	34	13	33	13	33	
79:
70	78.392	71	10	70	10	68	9	65	9	61	9	56	9	50	10	44	11	38	13	31	15	25	18	20	22	16	25	13	27	11	28	10	28	10	27	11	25	13	23	16	22	20	22	25	21	31	20	38	20	46	21	53	23	59	26	64	30	68	35	71	40	73	46	74	53	74	59	73	64	71	70	68	76	64	81	59	85	54	88	49	90	45	91	41	91	38	90	36	88	35	85	35	81	36	77	38	73	41	70	45	68	50	67	56	67	62	67	68	67	73	67	77	66	80	65	82	63	83	60	83	56	82	51	80	45	77	38	75	31	74	25	73	20	71	16	70	13	70	11	71	10	71	10	
80:
70	12.055	86	54	87	55	87	57	86	60	85	64	83	69	81	74	79	78	76	81	72	83	68	84	65	84	63	83	62	81	62	78	61	74	61	69	61	63	62	56	62	48	63	40	64	32	64	25	65	19	66	14	68	10	69	7	69	5	68	4	66	4	63	5	59	6	55	8	50	11	44	15	38	20	32	26	26	31	21	35	17	40	13	44	10	47	8	50	7	54	7	58	8	61	10	63	13	64	17	64	22	63	28	61	35	58	41	54	46	49	50	44	53	40	55	36	56	33	56	31	56	30	57	30	59	31	62	33	66	36	71	40	76	44	80	48	83	51	85	53	86	54	86	54	
81:
70	34.102	21	66	20	65	18	63	15	60	11	56	8	51	6	47	5	42	5	36	6	31	8	27	11	24	15	21	20	17	26	14	31	12	35	10	38	9	41	8	43	8	44	9	44	11	43	14	41	18	38	23	36	29	35	34	35	38	36	41	38	43	41	44	45	44	50	45	54	47	57	50	60	53	63	55	67	56	71	56	75	55	78	53	80	50	81	46	81	43	80	40	78	38	75	37	71	37	66	38	60	40	55	43	49	47	44	52	40	58	37	65	35	71	34	76	34	80	33	83	31	85	28	86	24	86	21	85	19	83	18	80	18	76	19	72	20	69	21	67	21	66	21	66	
82:
69	5.5	79	43	78	42	76	42	73	42	69	42	64	43	58	45	51	48	45	51	40	55	34	59	28	63	22	66	17	68	13	70	10	71	7	71	5	70	4	68	4	65	5	61	7	56	10	51	13	45	17	40	21	34	24	29	26	25	27	22	27	20	26	18	24	17	21	17	17	17	12	18	8	19	5	21	3	24	2	28	2	32	3	35	5	38	8	40	12	41	17	42	23	42	30	43	37	43	45	42	53	40	60	37	66	33	71	28	75	23	78	19	80	16	81	14	83	13	85	13	86	14	86	16	85	19	83	23	80	28	78	33	77	37	77	40	78	42	79	43	79	43	
83:
80	21.705	29	41	30	42	31	42	33	41	36	39	40	37	45	35	51	34	57	33	62	31	66	29	70	28	73	28	77	29	81	31	84	34	86	38	87	43	87	49	86	56	86	62	87	69	89	75	91	80	92	84	92	87	91	89	89	90	86	90	84	89	82	87	81	84	79	80	78	75	78	69	79	62	81	54	82	45	82	37	83	30	85	24	86	19	86	14	85	10	85	7	85	5	86	4	87	4	88	5	88	7	87	9	85	11	82	13	78	14	75	14	71	13	66	11	60	8	53	5	46	2	38	0	31	-1	24	-1	18	0	13	2	9	5	6	9	4	14	3	20	3	26	4	31	6	35	8	39	11	42	15	44	19	45	23	45	26	44	28	42	29	41	29	41	
84:
81	17.252	37	4	38	3	40	3	43	3	47	3	51	4	56	6	62	9	68	13	73	16	77	18	80	21	82	24	83	28	83	31	82	33	80	35	77	38	73	42	69	47	66	53	64	60	63	67	63	73	64	78	66	82	69	85	71	87	72	88	73	88	75	87	76	86	76	84	75	81	73	77	70	72	66	66	61	59	55	51	48	44	41	38	35	33	30	29	24	26	17	24	11	23	6	23	2	24	-1	26	-3	29	-4	33	-4	38	-3	44	-2	51	-2	59	-1	66	1	72	4	77	8	81	13	84	19	86	24	87	28	87	31	86	33	84	34	81	34	77	33	72	33	66	34	59	36	53	39	47	42	40	44	32	45	25	45	19	44	14	42	10	40	7	38	5	37	4	37	4	
85:
66	7.131	63	3	62	3	60	3	57	4	53	6	49	7	46	8	44	10	41	13	39	16	38	20	38	25	39	31	39	38	39	44	40	49	41	54	43	58	46	61	49	63	51	64	52	64	52	63	51	61	49	60	46	60	42	61	37	61	31	60	24	58	17	56	10	53	4	49	-1	44	-5	38	-8	31	-10	25	-11	19	-11	14	-11	10	-10	7	-9	5	-7	4	-4	4	0	5	5	7	9	10	12	14	14	19	17	24	21	28	26	31	30	33	33	34	35	34	38	33	40	31	43	28	46	24	48	19	51	14	55	10	58	7	60	5	62	4	63	3	63	3	
86:
74	13.536	70	26	71	27	72	29	74	32	77	36	80	41	83	46	85	50	86	53	86	55	85	56	83	56	80	55	76	55	73	56	71	58	70	61	68	65	66	70	63	74	59	77	54	79	48	81	42	82	36	82	31	82	27	81	24	80	22	78	21	76	21	73	22	69	24	64	27	59	31	54	35	50	39	46	42	43	44	40	45	36	45	32	44	28	42	25	39	23	35	21	30	20	26	18	23	15	21	11	20	6	20	0	21	-7	23	-13	26	-18	30	-22	35	-25	41	-27	48	-28	55	-28	61	-27	66	-25	70	-22	73	-19	75	-15	76	-11	76	-6	75	0	73	6	72	11	72	16	72	20	71	23	70	25	70	26	70	26	
87:
72	28.759	57	65	57	64	56	62	55	59	55	55	56	50	58	45	61	39	63	32	66	25	68	19	69	14	69	10	68	7	66	5	63	4	59	3	54	3	49	4	45	6	42	9	40	13	39	18	39	24	40	31	42	38	43	46	43	55	42	63	40	70	39	76	39	81	40	85	41	88	41	90	40	91	38	91	35	91	31	91	26	90	21	89	16	87	12	84	9	80	7	75	6	70	6	66	7	62	9	57	11	51	12	46	12	40	11	34	10	29	9	25	9	22	9	20	10	19	12	19	15	20	19	22	24	25	30	29	35	34	39	40	43	46	46	51	48	55	51	59	54	62	56	64	57	65	57	65	
88:
73	22.196	85	83	85	82	86	80	86	77	85	73	83	68	80	62	76	56	71	51	66	47	62	44	58	42	55	41	53	40	52	40	52	41	53	41	55	40	58	38	62	35	66	31	69	26	73	20	76	15	78	11	79	7	79	4	78	2	76	1	73	1	69	2	64	3	58	4	51	6	44	9	36	13	29	18	23	24	18	31	14	39	11	48	9	56	8	63	8	69	8	74	9	78	11	81	13	83	14	84	14	84	13	83	12	81	11	78	11	74	12	69	14	65	17	61	21	58	26	56	31	55	36	55	40	56	45	58	51	61	58	65	64	68	69	70	74	73	78	77	81	80	83	82	84	83	85	83	85	83	
89:
67	44.37	2	71	3	70	5	68	8	65	12	61	17	57	23	54	30	52	38	51	47	51	56	51	64	52	71	54	77	56	82	59	86	63	89	68	91	73	92	77	92	80	91	82	89	83	86	83	82	82	77	80	73	77	70	73	68	68	67	62	67	56	68	51	70	45	73	38	77	32	80	26	82	20	83	14	83	9	83	5	82	2	80	0	77	-1	73	-1	68	-1	62	0	57	2	53	5	50	9	48	14	47	20	47	26	48	31	48	35	47	38	45	40	42	41	38	41	33	42	28	44	22	47	17	51	13	56	10	61	8	65	5	68	3	70	2	71	2	71	
90:
81	51.193	67	38	68	37	70	35	73	32	77	29	81	26	84	22	86	17	88	11	89	6	89	2	88	-1	86	-3	83	-4	79	-4	74	-3	68	-1	61	1	54	4	48	8	43	11	39	15	36	18	34	22	33	25	33	27	32	28	31	28	29	27	26	25	22	23	17	22	11	22	6	23	2	25	-1	28	-3	32	-4	37	-4	42	-4	48	-3	55	-1	62	1	68	4	73	6	77	7	80	8	82	8	83	8	83	8	82	8	80	8	77	7	73	7	68	8	64	10	61	13	59	17	57	22	56	28	56	34	57	40	59	47	62	54	66	61	70	67	73	72	75	76	76	79	76	81	75	82	73	82	70	81	66	79	61	76	55	72	50	69	46	67	43	66	41	66	39	67	38	67	38	
91:
81	25.612	50	56	51	57	53	59	56	60	60	62	65	63	70	64	74	66	77	69	79	73	80	76	80	80	79	84	77	89	74	93	70	96	65	100	59	103	52	105	44	106	36	106	28	105	21	103	15	101	10	99	6	96	3	92	1	88	0	84	0	79	1	73	3	66	6	59	8	53	9	47	9	40	8	34	6	29	5	25	5	21	6	18	8	16	11	15	15	15	20	15	26	16	33	18	40	21	46	24	51	26	55	27	58	27	61	26	64	24	66	21	67	18	67	14	67	11	67	9	66	8	65	8	63	9	60	11	56	14	51	18	47	23	44	29	41	35	37	41	34	46	32	50	31	53	31	55	32	57	34	58	37	58	41	57	44	56	47	55	49	55	50	56	50	56	
92:
71	12.598	19	38	18	37	16	35	14	32	13	28	13	23	14	18	16	14	18	10	20	7	21	4	22	2	22	1	21	1	19	2	16	4	13	7	9	11	4	16	0	22	-3	29	-5	35	-6	40	-6	44	-5	47	-4	49	-2	51	1	52	5	52	9	53	12	55	16	58	19	62	23	67	27	73	31	78	34	82	38	85	43	87	48	88	54	88	60	87	65	85	70	82	74	78	77	73	81	67	84	61	87	54	89	46	90	39	90	32	89	26	87	21	85	17	82	14	78	12	74	11	69	11	65	12	60	14	54	17	49	21	44	26	38	30	33	33	29	35	25	36	22	36	20	37	19	38	19	38	
93:
68	6.529	60	49	61	50	63	51	66	53	69	55	72	58	74	61	75	64	75	68	74	73	72	79	69	85	65	90	60	94	55	97	49	99	42	100	36	101	30	101	25	100	21	98	18	95	16	91	15	88	15	85	16	82	18	80	21	77	23	73	24	68	24	64	23	59	21	55	18	52	14	48	11	43	9	39	8	34	8	28	9	22	11	17	14	13	17	10	21	8	26	7	32	7	39	7	46	8	54	10	61	13	67	17	73	22	78	26	82	29	85	31	87	32	88	32	88	33	87	34	85	36	82	39	78	42	73	45	69	47	66	48	63	48	61	48	60	49	60	49	
94:
76	2.785	18	36	17	37	16	39	15	42	14	46	13	50	13	54	14	57	16	59	19	60	23	60	28	59	33	57	39	54	45	52	51	51	58	51	65	51	71	52	76	53	80	55	83	57	85	59	86	61	86	62	85	62	83	61	80	60	76	58	73	56	71	53	70	49	69	44	68	39	68	33	68	27	69	21	71	16	72	12	72	9	72	7	73	6	73	6	74	7	74	9	73	11	72	14	70	18	67	23	63	27	58	30	52	32	45	33	37	33	30	32	23	30	17	27	12	23	8	18	5	13	3	9	2	6	2	4	3	3	5	3	6	4	8	6	11	9	13	13	14	18	16	23	17	27	17	30	17	33	17	35	18	36	18	36	
95:
74	5.799	81	39	82	38	83	36	83	33	82	29	80	25	77	21	73	17	69	12	64	8	58	5	52	3	47	2	43	2	39	3	36	5	34	8	33	11	31	13	30	14	28	14	25	13	22	11	19	8	16	5	12	3	9	2	7	2	6	3	6	5	7	8	9	12	12	16	16	20	21	23	27	25	33	26	39	26	44	25	48	23	51	22	53	21	54	20	54	20	53	21	51	23	48	26	44	29	39	33	34	38	30	44	27	50	25	55	23	59	22	62	22	64	23	65	25	65	28	65	32	65	37	65	43	66	49	67	55	67	60	66	64	64	68	61	72	58	75	54	77	49	78	45	80	42	81	40	81	39	81	39	
96:
73	24.841	6	59	7	60	9	62	12	65	16	69	21	73	26	76	31	78	37	79	44	79	51	78	58	76	64	73	70	69	76	64	81	58	85	51	88	43	90	35	91	28	91	21	90	15	89	10	88	6	87	3	86	1	85	0	83	0	80	1	76	3	71	6	66	10	62	15	57	19	51	22	45	24	38	25	30	25	23	24	17	22	12	19	8	16	5	13	3	11	2	10	2	10	3	11	5	13	7	16	10	19	13	22	17	26	21	30	25	35	28	41	30	47	31	53	32	58	33	62	35	65	36	68	36	70	35	71	33	72	30	72	26	71	21	69	17	68	13	67	10	65	8	62	7	60	6	59	6	59	
97:
65	2.396	55	27	56	28	56	30	56	33	56	36	55	40	54	45	52	49	49	53	45	57	41	60	36	62	30	63	25	63	21	62	18	61	16	61	14	62	13	64	13	67	14	70	15	72	17	73	20	73	24	72	28	70	33	69	39	69	46	70	53	72	59	74	64	75	68	75	71	74	73	72	74	69	74	65	73	61	71	56	68	50	64	43	61	37	59	30	56	24	54	19	51	15	48	12	44	10	39	9	35	9	31	10	28	12	26	15	25	18	25	20	26	23	28	25	31	26	35	26	40	25	45	24	49	24	52	25	54	26	55	27	55	27	
98:
71	19.907	51	0	52	1	54	2	57	4	61	7	66	11	72	16	78	22	83	29	87	37	90	45	93	52	95	58	96	63	96	67	95	70	93	72	90	73	86	73	81	72	75	72	69	73	64	75	60	78	57	82	53	85	49	87	46	88	43	88	39	87	36	85	34	82	33	78	31	75	29	72	26	70	22	69	17	69	12	70	8	71	5	72	3	72	2	71	2	69	3	66	5	62	6	57	6	52	5	48	5	45	6	43	8	42	10	42	13	43	17	45	22	46	28	46	35	45	41	43	46	40	50	36	53	31	56	26	58	21	59	16	59	11	58	7	56	4	54	2	52	1	51	0	51	0	
99:
71	16.232	12	50	12	49	12	47	12	44	13	40	15	35	17	30	19	26	22	23	25	21	29	20	32	20	36	21	41	23	47	26	54	29	60	31	65	32	69	32	73	32	76	33	79	35	81	38	82	42	82	47	82	53	81	58	80	64	80	70	81	75	83	79	86	82	90	84	93	85	95	85	96	84	96	82	95	79	93	75	90	70	86	64	81	59	75	55	68	52	61	50	55	48	50	47	46	46	43	46	41	47	40	48	39	50	39	53	38	57	36	62	33	67	29	71	24	74	19	76	15	77	12	77	10	76	8	74	7	71	7	67	7	63	8	59	10	56	11	53	11	51	12	50	12	50	