0:
44	0.601	20	25	20	26	19	27	17	27	14	26	10	24	6	23	3	23	1	22	0	20	0	17	1	13	3	10	6	8	10	7	14	7	17	8	20	10	22	13	23	17	23	20	24	22	26	23	28	23	29	22	29	20	28	17	28	13	28	10	27	8	25	7	22	7	20	7	17	6	14	5	12	5	11	6	11	8	12	11	13	15	15	19	17	22	19	24	20	25	20	25	
1:
44	0.652	20	28	19	27	17	26	14	26	10	27	7	27	5	27	4	26	3	24	3	21	4	17	6	13	9	10	13	8	18	6	22	5	25	5	27	6	28	8	29	9	29	9	28	8	26	6	24	3	21	1	17	0	13	0	10	1	8	3	7	6	7	9	8	11	10	14	13	16	17	17	20	18	23	19	25	21	26	24	26	26	25	27	23	28	21	28	20	28	20	28	
2:
38	0.356	14	29	15	29	17	28	20	26	22	24	23	21	25	17	26	12	27	8	27	4	26	1	26	-1	27	-2	28	-2	30	-1	31	1	32	4	32	8	31	11	29	13	26	14	22	14	18	13	14	11	10	9	7	8	5	8	3	9	1	11	0	13	0	16	1	19	3	22	6	25	9	27	11	28	13	29	14	29	14	29	
3:
43	0.606	29	21	28	20	26	18	23	15	20	12	18	10	17	7	17	4	17	2	16	1	14	0	11	0	7	0	4	1	2	3	1	6	1	10	1	14	2	18	2	21	1	24	1	26	1	27	2	27	3	26	4	24	4	21	4	18	5	15	7	11	10	8	12	6	13	5	13	5	13	6	14	8	16	11	18	14	21	16	24	18	26	19	28	20	29	21	29	21	
4:
44	3.037	19	27	19	26	18	24	18	21	18	17	19	13	20	9	22	5	24	2	26	0	28	-1	29	-1	29	0	28	0	27	-1	25	-1	22	0	18	1	15	2	12	4	9	7	5	10	2	14	0	18	-1	21	-1	23	-1	24	0	24	0	23	1	21	3	18	6	16	9	14	12	13	15	13	17	14	18	16	19	18	19	21	18	24	17	26	17	27	18	27	19	27	19	27	
5:
39	1.019	2	22	1	21	0	19	0	18	-1	18	-1	19	0	21	2	24	4	26	7	27	9	27	12	27	16	26	19	25	23	25	26	25	28	24	29	22	29	20	29	17	28	15	26	14	23	12	21	11	20	10	19	10	19	11	19	12	19	14	19	17	18	19	16	20	13	20	10	21	7	23	5	24	3	24	2	23	2	22	2	22	
6:
46	0.674	19	10	20	9	22	8	24	6	26	3	27	0	27	-2	26	-3	24	-3	22	-2	20	0	19	3	19	5	20	6	22	7	24	9	25	12	26	15	28	18	29	21	29	23	28	24	26	24	23	25	19	25	15	24	10	22	6	20	3	18	1	17	0	17	0	18	1	19	3	21	4	24	5	26	6	27	8	27	9	26	10	24	10	22	11	19	13	16	16	13	18	11	19	10	19	10	
7:
38	0.387	6	21	5	20	3	19	1	17	0	15	0	13	1	12	3	11	5	11	8	12	10	13	11	15	11	17	12	20	13	23	15	25	18	26	21	26	25	26	28	26	30	26	31	26	31	26	30	27	28	28	25	29	21	29	16	29	11	30	7	30	4	29	2	27	1	25	1	24	2	23	4	22	5	22	6	21	6	21	
8:
40	0.4	2	6	3	5	5	4	8	2	10	1	11	1	11	2	10	4	8	7	6	10	5	12	5	13	6	13	8	12	11	12	15	12	20	12	24	12	27	12	29	11	30	11	30	12	29	14	28	17	27	20	26	23	25	26	23	28	20	29	16	29	12	28	8	26	5	23	2	19	0	15	-1	12	-1	9	0	7	1	6	2	6	2	6	
9:
46	1.787	11	3	12	3	14	4	16	4	17	5	17	7	17	9	18	10	20	10	22	9	24	7	25	4	27	2	30	1	32	1	33	2	33	4	33	7	32	11	30	15	27	18	24	21	22	23	21	25	21	26	22	26	22	25	21	23	20	22	18	21	15	21	11	22	8	23	6	24	5	24	5	23	5	21	4	18	3	15	2	12	2	10	3	8	5	6	8	4	10	3	11	3	11	3	
10:
39	0.279	29	4	28	5	26	7	25	9	24	12	24	14	25	16	25	17	24	17	22	18	20	20	18	23	17	26	17	28	16	29	16	29	16	28	15	26	13	23	10	19	7	16	5	14	2	13	0	12	-1	10	-1	9	0	8	2	7	5	7	8	7	12	8	15	10	18	11	21	11	23	10	24	9	26	7	28	5	29	4	29	4	
11:
39	0.342	8	9	9	10	10	11	12	11	15	10	17	9	18	7	19	5	20	4	22	4	25	5	27	7	28	10	28	14	28	18	27	21	25	23	22	25	18	26	13	26	9	26	6	26	4	26	3	25	2	24	2	22	3	19	3	15	4	12	4	10	3	9	1	7	0	5	0	4	1	4	3	5	5	6	7	8	8	9	8	9	
12:
53	2.275	11	10	10	11	10	13	11	15	13	16	15	16	17	15	18	13	20	10	22	6	25	3	27	1	28	0	29	0	29	1	29	3	28	6	28	10	28	15	29	19	29	22	28	24	27	26	25	27	23	27	20	26	16	26	12	26	9	26	7	27	6	28	6	29	7	29	9	28	11	26	12	23	12	20	11	18	9	17	6	16	3	14	1	11	0	7	-1	4	-1	2	0	1	2	1	5	2	8	4	10	5	11	7	11	9	11	10	11	10	
13:
42	2.601	13	0	14	0	16	1	19	3	23	6	26	9	28	11	29	14	29	18	29	21	28	23	26	25	24	27	23	28	22	28	22	27	22	25	22	22	23	18	24	15	24	13	23	12	21	12	18	13	14	14	10	15	7	17	5	20	3	22	2	23	2	23	3	22	4	20	6	17	7	13	8	9	8	6	8	3	9	1	11	0	12	0	13	0	13	0	
14:
45	1.22	1	9	2	10	4	12	7	15	10	19	14	23	17	26	19	28	21	29	23	29	24	28	24	26	23	24	21	22	18	21	15	21	13	20	12	18	12	15	13	11	14	8	16	5	19	3	21	2	22	2	22	3	21	5	19	7	16	10	13	12	10	13	8	13	7	12	6	10	6	7	7	4	7	2	6	1	4	1	2	2	0	4	-1	6	-1	8	0	9	1	9	1	9	
15:
47	1.321	15	20	14	21	12	23	10	26	8	28	7	29	7	31	8	33	10	34	13	34	17	33	21	31	25	28	28	24	30	20	31	15	31	10	30	6	29	3	28	1	26	0	25	0	25	1	24	3	24	6	23	8	21	10	19	11	17	11	16	10	14	9	11	9	8	9	5	8	3	8	2	9	2	10	2	11	3	11	5	10	8	10	11	11	13	12	14	14	14	17	14	19	15	20	15	20	
16:
46	0.538	23	0	22	-1	20	-1	17	0	14	2	11	4	9	7	8	10	8	12	9	14	11	16	13	19	15	23	16	26	16	28	15	29	13	30	11	30	9	29	6	27	4	24	3	21	3	18	4	15	6	13	9	12	11	11	12	11	14	12	15	14	15	15	15	17	15	18	16	18	18	17	20	17	23	18	26	18	28	17	29	15	29	12	28	8	27	5	25	3	24	1	23	0	23	0	
17:
41	8.025	4	29	3	28	3	26	2	23	2	19	2	15	3	11	4	8	6	6	9	5	13	5	17	5	20	5	22	4	23	4	23	5	24	7	24	9	25	11	26	12	27	12	27	11	27	9	28	7	28	4	27	2	25	1	22	1	19	2	17	4	15	7	14	11	14	16	13	20	13	24	13	27	12	29	10	30	7	30	5	29	4	29	4	29	
18:
53	5.816	21	3	22	3	23	3	25	3	27	4	28	5	28	6	27	7	26	7	24	6	21	4	17	3	13	3	10	4	8	6	7	9	7	13	8	17	10	20	12	22	15	23	19	23	22	24	24	26	25	29	25	33	24	36	22	38	19	39	15	39	11	39	7	38	4	36	2	33	1	29	1	24	1	18	0	13	0	9	-1	6	-1	4	0	2	2	1	4	1	6	1	7	2	9	3	11	3	13	2	15	2	18	2	20	2	21	3	21	3	
19:
42	3.491	21	4	20	3	18	2	16	1	14	1	13	2	13	4	14	7	14	11	13	14	12	16	10	17	8	18	7	19	7	21	8	23	10	24	12	24	15	23	17	21	18	19	18	18	19	18	21	17	24	17	26	18	28	20	29	22	29	23	30	23	30	22	29	20	29	17	28	14	27	12	27	9	27	7	27	6	26	6	24	5	22	4	21	4	21	4	
20:
44	0.338	15	8	16	8	18	9	21	10	24	12	26	13	27	14	27	16	26	19	24	21	23	22	21	22	18	21	15	20	13	20	12	21	12	22	13	24	13	26	12	27	10	27	9	27	9	27	10	28	12	28	15	29	18	30	22	30	25	29	27	27	28	24	29	20	29	15	29	11	28	8	26	6	23	4	19	3	16	2	14	2	13	3	13	5	14	7	15	8	15	8	
21:
42	1.743	25	25	24	26	22	26	19	26	15	26	10	25	6	23	3	20	1	16	0	11	-1	7	-1	4	0	2	2	1	5	1	9	1	14	1	18	0	21	-1	23	-1	24	0	24	2	23	5	21	8	19	10	17	11	16	11	15	10	13	10	11	11	9	13	8	15	7	16	7	17	8	19	10	22	13	24	17	25	20	25	22	26	24	26	25	25	25	25	
22:
48	0.571	14	24	13	25	11	27	10	28	8	29	5	29	3	28	1	26	0	23	0	19	0	14	0	9	0	5	1	2	3	0	6	-1	10	-1	15	0	19	0	22	1	24	2	26	4	28	7	29	10	29	12	28	13	26	13	24	12	21	10	19	8	18	6	18	5	19	5	19	6	18	8	16	9	15	11	13	12	12	14	12	17	13	19	15	21	17	23	18	24	18	25	17	25	15	24	14	24	14	24	
23:
53	2.127	17	19	16	19	15	18	14	16	14	14	15	12	17	9	20	7	23	6	25	5	26	5	26	6	25	8	23	10	20	11	16	11	11	10	7	8	4	6	2	4	1	3	1	3	2	4	4	6	6	8	7	11	7	15	6	18	4	21	2	24	1	26	0	27	0	27	1	26	3	24	6	23	9	23	12	23	14	24	15	26	16	29	18	31	21	32	24	32	26	31	27	29	27	26	26	24	25	23	23	23	20	22	18	20	17	19	17	19	
24:
49	0.868	9	1	8	2	6	2	4	3	3	5	3	6	4	8	6	10	8	12	11	15	13	18	14	21	14	24	13	27	11	29	8	30	6	30	5	29	5	28	6	28	8	29	11	29	14	28	18	28	21	28	23	27	24	25	24	22	25	19	26	16	27	12	27	8	26	5	24	3	22	2	20	1	19	1	19	2	20	4	21	7	21	9	20	10	18	10	17	9	15	7	12	6	10	4	9	2	9	1	9	1	
25:
49	2.729	22	27	23	26	25	24	26	21	26	18	25	16	23	15	20	14	18	12	17	10	15	8	12	7	10	7	8	8	7	10	6	13	6	16	7	20	9	23	10	25	10	26	9	26	7	25	4	24	2	22	0	19	-1	15	-2	10	-2	6	-1	3	1	1	3	0	6	0	10	1	14	3	17	6	19	8	20	11	22	13	24	14	27	15	29	17	30	19	30	21	29	24	27	26	25	27	23	27	22	27	22	27	
26:
42	2.343	10	28	10	27	10	25	10	22	11	18	13	14	14	11	14	9	14	7	14	6	15	6	17	7	20	9	22	12	23	15	23	17	22	18	20	18	17	18	14	18	11	19	9	19	8	18	8	16	7	14	6	11	4	8	2	6	1	5	1	4	2	4	2	5	2	7	3	10	3	14	3	17	4	19	6	20	8	22	9	25	9	27	10	28	10	28	
27:
46	2.037	10	25	11	25	13	25	15	24	17	22	19	19	22	16	25	13	27	10	28	8	28	7	29	7	29	8	28	10	26	13	24	17	22	21	21	24	19	26	17	27	14	27	10	27	6	27	3	28	0	29	-2	29	-3	28	-3	27	-2	25	0	22	2	18	3	13	3	9	2	6	2	4	2	3	2	3	3	4	4	6	6	8	8	11	9	15	9	19	9	22	10	24	10	25	10	25	
28:
47	1.123	19	9	20	8	21	6	23	3	26	1	28	0	29	0	29	1	28	2	26	4	23	7	19	9	16	12	14	14	13	15	12	15	11	14	9	12	7	9	5	6	3	4	2	3	0	3	-1	4	-1	6	-1	9	0	12	2	16	5	20	8	23	10	25	13	27	17	28	20	28	24	27	27	25	29	23	30	21	30	20	29	20	27	20	24	19	21	17	19	15	18	12	18	10	19	9	19	9	
29:
45	0.301	19	1	18	0	16	0	13	1	9	3	5	4	2	4	0	4	-1	5	-1	5	0	5	2	4	4	3	7	2	11	2	14	3	16	5	17	7	17	10	17	14	16	18	14	21	12	23	10	25	8	26	5	26	3	25	2	24	1	24	1	25	2	26	4	27	7	28	11	29	15	29	18	28	20	26	21	23	21	19	20	14	20	10	21	7	21	4	20	2	19	1	19	1	
30:
45	0.384	3	0	4	1	6	3	7	6	7	10	6	14	4	18	2	21	1	23	1	25	2	26	4	27	7	28	11	28	15	28	18	28	20	27	21	25	21	23	20	22	18	22	15	22	12	22	10	21	9	19	9	16	10	13	12	10	15	8	18	7	22	7	25	7	27	8	28	10	28	12	27	13	25	13	23	12	20	10	16	8	13	5	9	3	6	1	4	0	3	0	3	0	
31:
42	0.286	24	25	23	24	21	24	18	25	15	27	13	28	12	28	12	27	13	25	15	22	18	19	22	15	25	10	27	6	28	3	28	0	28	-2	27	-3	25	-3	22	-2	18	0	14	1	9	1	5	1	2	2	0	4	-1	5	-1	6	0	6	2	6	5	6	9	6	13	5	18	5	22	6	25	8	27	11	28	15	28	19	27	22	25	24	24	25	24	25	
32:
51	0.63	16	14	15	13	13	12	12	11	12	9	13	7	14	6	16	4	19	3	23	3	26	3	28	4	29	6	29	8	28	9	26	9	24	8	21	6	17	3	14	1	12	0	10	0	8	1	6	3	5	6	5	9	6	11	8	12	10	12	13	12	15	13	16	15	16	18	15	21	14	24	13	28	13	31	14	33	16	34	19	34	22	33	25	31	27	28	28	26	28	24	27	22	25	20	22	17	19	15	17	14	16	14	16	14	
33:
43	8.177	13	16	14	17	14	19	13	21	12	23	10	24	9	24	8	23	8	22	7	20	5	18	3	16	2	14	2	13	3	13	5	13	7	12	8	10	8	9	9	9	11	10	14	11	18	12	21	12	23	12	24	13	24	14	25	14	26	15	28	17	29	20	29	23	28	25	26	26	23	26	21	25	20	24	19	22	19	19	18	17	16	16	14	16	13	16	13	16	
34:
43	0.962	28	3	27	4	25	6	22	7	18	7	14	8	10	10	7	11	4	11	2	11	1	12	1	14	2	15	4	16	7	18	9	21	10	24	10	26	9	27	7	27	5	26	3	25	2	25	2	26	3	28	5	29	8	29	11	28	13	26	16	23	19	20	22	18	24	15	25	13	25	10	24	7	23	5	22	3	22	2	23	2	25	2	27	2	28	3	28	3	
35:
44	0.612	7	27	7	26	6	24	6	21	7	19	9	17	11	15	13	14	16	13	19	13	21	14	24	15	26	16	27	17	27	19	26	20	24	20	23	19	23	17	24	14	25	12	26	10	26	7	25	5	23	4	20	3	16	3	12	4	9	6	7	7	6	7	6	8	7	9	9	11	12	13	14	15	15	18	16	22	16	25	15	27	13	28	10	28	8	27	7	27	7	27	
36:
49	2.689	22	17	21	18	19	18	16	19	13	21	9	23	6	24	4	24	3	23	3	21	4	18	6	15	8	12	10	10	12	7	13	4	13	2	12	1	10	1	9	2	8	4	7	6	7	9	6	12	4	14	2	15	0	15	-1	14	-1	14	0	13	2	11	5	10	8	8	12	7	17	7	22	8	26	10	29	12	31	15	32	19	32	22	31	24	29	25	26	25	24	24	22	22	21	20	21	18	22	17	22	17	
37:
47	7.041	5	5	4	6	4	8	3	11	3	15	3	18	3	20	4	21	5	21	7	20	8	18	9	16	11	15	13	15	15	16	18	18	20	20	21	23	21	26	20	28	19	29	18	29	18	28	19	26	21	25	24	24	26	24	28	25	29	27	29	28	29	28	29	27	28	25	28	22	27	18	26	15	26	12	25	9	23	7	20	6	16	6	12	7	9	8	7	8	6	7	5	6	5	5	5	5	
38:
52	1.412	2	27	3	27	5	27	8	28	12	29	17	29	22	29	26	28	29	26	31	23	32	19	32	16	31	14	29	13	26	13	22	14	17	14	12	15	8	15	5	14	3	13	2	12	2	12	3	12	4	12	4	11	3	9	1	6	0	4	0	3	1	3	3	3	6	4	10	6	14	7	18	7	21	8	23	10	24	12	24	13	23	15	21	18	18	21	14	24	10	26	6	27	3	27	1	26	0	26	0	26	1	26	2	27	2	27	
39:
45	11.447	18	5	19	5	21	6	24	7	26	8	27	8	28	7	28	5	27	3	25	2	22	2	18	3	13	5	9	7	5	8	2	9	0	11	-1	13	-1	15	0	16	2	16	4	16	5	17	6	19	8	21	9	23	10	24	11	24	12	23	12	21	11	18	9	14	6	9	3	5	1	2	0	0	0	-1	1	-1	3	0	6	2	9	4	12	5	15	5	17	5	18	5	18	5	
40:
50	2.167	21	19	22	18	24	16	25	13	25	10	25	7	24	5	22	4	19	3	15	3	10	4	6	4	3	4	1	4	0	4	0	3	1	3	2	4	2	6	1	9	0	13	0	18	1	22	3	25	6	27	10	28	13	28	15	27	16	27	16	28	15	30	13	31	10	31	7	30	5	29	4	27	4	24	4	21	5	19	7	18	10	17	12	15	15	13	18	12	20	12	21	13	22	14	22	16	21	18	21	19	21	19	
41:
44	0.987	4	11	5	10	7	9	10	8	14	6	18	3	21	1	23	0	24	0	24	1	23	1	21	2	20	4	20	7	21	11	22	15	24	19	25	22	25	24	24	25	22	25	20	24	19	24	18	23	18	21	18	18	19	16	19	15	18	15	16	16	13	18	10	21	7	23	5	24	4	24	4	23	5	21	7	18	8	15	8	13	8	11	7	10	5	10	4	11	4	11	
42:
40	0.275	27	1	26	0	24	-1	21	-1	17	0	13	0	9	0	6	1	4	2	3	4	2	5	2	7	3	8	5	8	8	7	12	6	15	6	17	7	18	8	19	9	19	11	18	13	16	14	13	14	10	14	6	15	3	17	1	20	0	22	0	23	1	23	3	22	6	20	10	17	14	13	18	9	21	6	24	4	26	2	27	1	27	1	
43:
39	0.464	7	28	6	27	4	27	3	27	3	28	4	28	6	27	9	26	11	24	12	21	12	17	11	14	9	11	6	9	4	7	3	4	3	2	4	1	6	0	9	0	13	1	18	2	22	2	25	1	27	0	28	0	28	1	27	2	25	4	22	5	19	7	17	10	16	13	16	17	15	21	13	24	10	26	8	27	7	28	7	28	
44:
45	1.393	18	23	17	23	15	23	12	23	10	24	9	26	7	27	4	27	2	26	0	24	-1	21	-1	17	0	13	2	10	4	8	7	7	10	7	14	8	17	10	19	11	21	11	23	11	24	10	26	9	27	7	27	6	26	6	25	7	25	9	26	12	26	15	27	17	27	19	27	21	26	22	24	22	21	21	19	20	18	20	18	20	19	21	20	23	20	24	19	24	18	23	18	23	
45:
50	2.763	5	24	6	24	8	24	11	23	13	21	15	18	16	14	16	10	15	7	13	4	12	2	12	1	13	1	14	2	15	4	17	6	20	7	23	7	26	6	28	4	29	2	29	1	28	1	26	2	24	4	23	6	23	9	22	13	22	17	21	20	20	22	18	23	15	23	13	23	12	24	12	26	13	28	13	29	12	29	11	28	9	28	6	28	3	27	1	26	0	26	0	27	1	27	2	26	4	25	5	24	5	24	
46:
46	0.959	23	0	22	1	20	3	17	4	15	4	14	5	12	7	11	10	11	13	12	15	14	17	16	18	18	19	20	21	21	24	21	26	20	27	18	27	16	26	13	24	10	23	7	22	5	20	4	18	4	17	5	16	7	16	10	16	14	16	18	15	21	14	23	12	24	10	24	7	23	5	21	4	20	4	20	4	21	5	23	5	25	4	26	2	26	0	25	-1	24	-1	23	0	23	0	
47:
46	1.834	28	14	28	13	27	11	26	8	24	5	21	3	17	1	12	0	8	0	5	0	3	1	2	2	2	2	3	1	5	0	8	0	10	0	13	1	15	3	18	6	20	10	21	15	21	19	20	22	20	24	19	25	18	25	17	24	15	22	13	20	10	19	7	19	4	19	2	20	1	22	1	23	2	24	4	24	7	23	11	22	15	20	19	17	22	15	25	14	27	14	28	14	28	14	
48:
49	3.236	6	22	7	23	9	25	12	27	15	28	19	28	23	29	26	29	28	28	29	26	29	24	28	23	26	22	23	20	19	17	16	15	14	13	13	11	13	8	14	6	16	5	19	5	23	6	26	6	28	5	29	4	29	3	28	1	26	0	23	0	19	1	15	2	10	3	6	4	3	5	1	7	0	10	0	13	1	17	1	21	0	24	0	26	1	27	3	28	5	28	6	27	7	25	7	23	6	22	6	22	
49:
39	0.317	6	8	6	9	7	11	9	12	10	13	12	14	15	15	18	17	20	19	22	21	23	22	23	24	22	26	20	27	17	27	15	26	13	24	11	22	9	19	8	17	8	14	9	11	11	8	14	6	18	5	21	5	23	6	24	8	24	9	23	9	21	8	18	7	14	6	11	6	8	5	6	5	5	6	5	7	6	8	6	8	
50:
47	6.65	15	29	14	29	13	29	11	28	8	26	6	23	4	19	2	15	1	11	0	8	0	6	0	5	1	5	1	6	2	8	2	11	3	15	4	18	6	20	9	21	12	21	16	20	19	18	21	15	22	11	22	7	23	4	23	2	24	1	26	1	27	2	28	4	28	7	28	10	27	13	25	17	24	21	24	25	25	28	25	30	24	31	22	31	19	30	17	29	16	28	15	28	15	29	15	29	
51:
50	2.137	0	14	-1	15	-2	17	-2	20	-2	24	-1	27	1	29	4	30	8	30	11	29	15	27	20	26	24	26	27	25	29	25	30	26	30	27	29	28	27	28	24	27	20	26	17	24	14	22	11	19	9	15	8	10	8	6	9	3	11	1	14	0	17	-2	20	-3	22	-3	24	-2	26	0	27	3	27	7	26	12	24	16	21	19	17	21	14	22	11	22	9	21	8	19	7	16	5	14	3	13	1	13	0	14	0	14	
52:
44	1.396	15	25	14	26	12	28	9	29	7	29	6	28	6	26	6	23	5	19	3	16	1	14	0	11	0	8	0	6	1	4	3	3	5	3	6	4	6	6	7	9	7	11	8	12	10	12	12	11	13	9	15	8	18	7	21	7	24	8	26	10	27	11	27	12	26	13	24	14	21	16	18	19	16	21	15	22	15	22	16	23	17	25	17	26	16	26	15	25	15	25	
53:
39	0.632	13	8	14	7	16	6	19	5	23	5	26	5	28	6	29	7	29	8	28	9	26	11	25	14	24	17	24	21	24	24	23	26	21	27	18	27	15	26	11	24	8	22	6	20	3	19	1	19	0	20	0	22	1	25	3	27	6	28	9	28	12	28	14	27	15	25	15	22	16	18	16	14	15	11	14	9	13	8	13	8	
54:
43	0.372	25	8	25	9	24	11	22	12	20	12	17	11	13	9	9	6	6	3	4	1	3	0	3	0	4	1	6	3	9	6	12	9	15	13	17	16	19	18	20	21	20	24	19	27	17	29	14	30	12	30	11	29	11	27	12	25	14	24	17	24	20	25	23	27	26	28	28	28	29	27	29	25	28	22	28	18	27	14	27	11	27	9	26	8	25	8	25	8	
55:
41	5.144	26	26	25	27	23	28	20	28	16	27	13	25	10	22	7	19	5	16	4	13	4	11	5	10	7	10	10	11	13	11	15	10	16	8	17	6	17	5	17	4	18	4	19	5	21	5	24	5	26	4	27	2	27	0	26	-1	24	-1	22	0	21	1	20	3	20	5	21	8	23	10	25	13	27	17	28	20	28	23	27	25	26	26	26	26	
56:
45	1.716	7	21	8	22	10	23	13	25	17	26	20	26	22	25	24	23	25	21	25	19	24	18	22	18	19	19	15	21	11	23	8	25	5	26	3	26	2	26	2	25	3	23	5	20	8	16	12	11	17	7	22	4	26	2	29	1	31	-1	32	-3	32	-5	31	-6	29	-6	26	-5	23	-3	20	0	18	4	16	7	14	9	11	10	9	12	8	15	8	18	7	20	7	21	7	21	
57:
51	2.735	28	20	29	19	30	17	31	14	31	10	30	7	28	5	25	3	21	2	17	0	13	-1	10	-2	7	-2	5	-1	4	1	4	4	4	7	3	10	1	12	0	13	0	15	1	17	3	20	6	23	9	26	13	28	16	29	19	29	21	29	22	29	22	30	21	30	20	29	18	28	15	26	11	24	8	21	6	17	5	13	5	10	6	8	8	6	11	5	13	5	15	6	18	8	21	11	24	14	26	17	27	19	28	20	28	20	
58:
43	2.898	12	15	11	16	9	18	6	21	3	24	1	26	0	27	0	27	1	26	1	24	2	21	4	17	6	14	7	12	7	10	6	7	5	4	5	1	6	-1	8	-2	11	-2	15	-1	19	-1	22	0	24	2	26	5	27	7	27	10	26	13	24	15	21	17	19	19	18	20	18	21	18	23	18	24	17	24	15	23	13	22	12	20	12	18	12	16	12	15	12	15	
59:
41	0.55	0	10	1	11	2	12	4	12	7	11	10	9	12	8	13	8	13	9	12	11	10	14	7	18	5	22	4	25	3	27	3	28	3	28	4	27	6	25	9	22	13	20	16	19	20	19	23	19	25	19	26	18	26	16	25	13	23	10	20	7	18	5	17	4	15	4	12	5	9	7	7	9	5	10	3	10	2	9	1	9	0	10	0	10	
60:
41	0.351	3	15	4	14	6	14	9	14	12	14	14	15	15	16	15	18	14	21	12	23	9	24	7	25	6	25	6	24	7	24	9	25	12	26	15	26	18	26	21	25	23	24	24	23	24	21	23	18	21	16	18	13	14	10	10	7	7	4	5	2	4	1	3	1	3	2	3	3	4	5	4	8	4	10	3	11	2	12	2	14	3	15	3	15	
61:
49	0.732	13	28	12	27	11	25	9	22	8	18	8	15	8	12	8	8	9	5	11	3	14	2	17	1	21	1	24	2	26	4	27	6	27	9	27	13	27	18	27	22	26	25	26	27	26	28	26	28	25	27	23	25	21	22	19	18	16	15	14	12	13	10	12	9	12	9	13	10	15	11	16	12	16	14	15	16	13	18	10	21	7	23	5	25	4	27	4	28	5	28	7	27	10	27	12	27	13	28	13	28	
62:
43	1.613	8	20	7	20	5	21	4	23	3	26	3	29	4	31	5	32	7	32	10	31	13	29	15	26	16	22	16	17	16	12	16	8	15	5	13	3	11	1	8	0	5	0	3	1	2	1	2	2	3	3	5	5	8	7	12	8	17	8	21	7	24	7	26	8	27	9	28	11	28	14	27	16	25	17	22	17	18	18	14	19	11	19	9	20	8	20	8	20	
63:
37	0.369	22	26	23	25	25	23	26	20	26	17	25	15	23	14	20	13	18	11	17	8	17	5	18	3	20	2	21	2	21	3	20	3	18	4	15	5	11	6	7	7	4	9	2	11	1	13	0	15	0	17	1	20	3	23	6	25	10	26	14	26	18	26	21	26	23	26	24	26	24	25	23	25	22	26	22	26	
64:
38	0.191	3	28	4	28	6	27	9	25	12	22	14	18	15	15	15	13	16	12	17	12	17	13	16	14	14	15	11	15	7	14	4	12	2	10	1	8	1	7	2	6	4	5	7	5	11	5	16	6	20	8	23	11	25	13	26	14	26	15	25	16	23	18	20	20	16	23	13	26	9	28	6	29	4	29	3	28	3	28	
65:
44	1.728	21	27	20	27	18	28	15	28	12	28	8	28	3	27	-1	25	-4	22	-6	18	-7	14	-7	11	-6	9	-4	8	-2	8	0	9	1	11	1	14	2	18	3	21	5	23	7	24	9	24	10	23	10	21	11	18	13	16	16	13	18	10	19	7	19	5	20	4	21	3	23	3	26	4	28	6	29	8	29	11	28	14	27	17	25	21	24	24	22	26	21	27	21	27	
66:
46	0.368	15	14	14	13	12	13	9	12	7	11	5	10	4	8	4	5	5	3	6	2	6	2	5	3	3	4	1	6	0	9	0	13	1	18	2	22	2	25	3	28	4	30	6	31	9	31	12	30	14	28	15	25	17	21	18	16	20	12	23	9	25	6	26	4	26	3	25	2	23	2	20	3	16	5	13	7	11	10	10	13	9	15	9	16	10	16	12	15	14	14	15	14	15	14	
67:
47	1.869	13	0	14	1	16	2	19	2	23	2	26	2	29	2	31	3	32	3	32	4	31	6	29	9	28	13	27	16	27	19	26	21	25	22	23	22	20	22	16	22	11	22	7	23	4	24	1	24	-1	23	-2	21	-2	19	-1	18	1	18	4	19	8	19	13	18	17	18	20	19	22	19	23	19	23	18	22	17	21	15	21	12	22	8	22	5	21	2	19	0	16	-1	14	-1	13	0	13	0	
68:
51	1.105	24	21	23	21	21	21	18	20	15	18	13	15	12	11	12	8	11	6	9	5	8	4	7	4	6	5	6	7	5	10	3	14	2	17	2	21	2	24	3	26	3	27	2	27	0	26	-1	24	-1	21	0	17	0	12	0	7	1	3	3	0	5	-2	8	-3	11	-3	13	-2	14	0	14	3	14	5	15	6	17	6	20	5	23	4	25	3	26	3	26	4	26	6	25	8	23	11	22	15	22	18	23	20	24	21	24	21	
69:
37	0.177	4	25	3	24	2	22	2	19	2	15	3	12	5	10	8	9	10	9	11	10	11	10	10	9	8	7	7	4	7	1	8	-1	10	-2	12	-2	15	-1	19	1	22	4	24	8	27	12	29	15	30	18	30	20	29	21	27	21	24	20	20	18	17	17	13	17	10	18	8	20	6	22	5	24	4	25	4	25	
70:
41	1.301	28	14	27	13	25	11	22	8	19	6	16	4	12	3	9	3	6	3	4	3	3	2	3	1	2	1	2	2	2	4	3	7	3	10	3	14	4	17	6	21	8	24	10	26	11	27	11	27	10	26	9	24	8	21	6	17	5	13	5	10	6	8	8	7	11	7	14	8	16	10	17	13	19	15	22	16	25	16	27	15	28	14	28	14	
71:
50	17.436	2	25	3	24	4	22	6	19	9	15	11	11	12	8	12	5	13	3	13	2	12	2	12	3	11	5	9	6	6	6	3	5	1	4	0	4	0	5	1	6	3	8	6	11	10	13	15	14	19	14	22	13	24	11	25	9	26	8	28	7	29	7	29	8	29	10	29	13	29	15	28	16	26	16	24	17	23	19	23	22	23	24	22	26	20	27	18	27	15	26	11	24	8	23	5	23	3	24	2	25	2	25	
72:
48	0.987	25	1	24	1	22	1	20	2	19	4	19	7	19	11	19	15	18	18	16	20	13	22	9	23	5	23	2	22	0	20	-1	17	-2	13	-2	10	-1	7	0	5	0	4	-1	4	-2	5	-2	7	-2	10	-2	14	-1	19	1	23	4	26	7	28	11	29	16	29	20	28	23	27	25	26	26	24	26	22	25	20	23	19	22	18	21	17	21	15	22	13	23	10	25	7	26	4	26	2	25	1	25	1	
73:
46	1.321	6	26	7	25	9	23	12	20	16	18	19	15	23	13	26	12	28	11	29	9	29	7	28	5	28	3	29	2	29	0	28	-2	26	-3	23	-3	20	-3	16	-2	13	-1	11	0	10	0	10	-1	11	-1	13	0	15	1	16	3	17	6	17	10	17	14	16	17	14	19	11	21	8	22	5	22	3	21	2	19	2	18	1	18	0	19	0	21	1	22	3	23	5	25	6	26	6	26	
74:
44	1.872	8	1	9	1	11	2	14	4	18	5	21	7	24	8	26	9	27	10	27	12	27	15	27	18	26	20	26	21	25	21	23	20	21	18	20	16	18	13	17	11	17	10	18	10	19	11	19	13	18	16	16	20	14	23	13	25	12	27	11	28	10	28	9	27	9	25	8	22	6	20	4	19	3	17	3	14	4	11	6	9	8	6	9	4	9	2	8	1	8	1	
75:
48	3.608	1	7	2	6	4	5	7	4	9	4	11	5	12	7	12	10	12	13	13	17	15	21	18	24	21	26	23	27	24	28	24	29	23	29	21	29	19	28	16	27	13	27	9	27	6	26	4	24	3	23	3	21	4	20	6	20	9	19	13	19	16	20	18	21	19	21	20	20	20	18	19	15	19	11	20	7	21	4	21	2	20	1	18	1	15	2	11	2	7	3	4	4	2	6	1	7	1	7	
76:
37	0.817	24	29	23	28	22	26	20	23	19	20	19	16	20	12	20	8	20	5	21	3	23	2	26	2	29	3	31	5	32	8	32	11	31	13	29	14	26	14	22	14	17	15	13	17	10	20	7	23	4	25	2	27	1	28	1	29	2	29	4	28	7	28	11	28	15	29	18	29	21	30	23	30	24	29	24	29	
77:
41	0.556	20	26	21	26	23	27	25	27	26	27	26	26	25	24	23	21	22	17	20	14	19	10	19	7	20	5	21	4	22	4	24	5	25	7	25	10	24	12	22	13	19	13	15	12	12	10	10	7	8	4	7	2	5	1	2	1	0	2	-1	4	-1	7	-1	11	0	16	2	20	5	23	7	25	10	26	14	26	17	25	19	25	20	26	20	26	
78:
45	1.314	29	3	28	4	26	5	23	6	19	8	15	9	10	9	6	9	3	9	1	10	0	12	0	14	1	17	1	21	2	24	4	26	7	27	10	28	14	30	18	31	22	31	25	30	27	29	28	28	28	26	27	25	26	23	25	21	23	20	20	20	16	20	12	21	9	21	7	20	6	18	6	15	7	12	9	10	12	9	16	8	20	7	23	7	26	6	28	4	29	3	29	3	
79:
44	1.918	0	17	0	16	1	14	3	12	6	11	10	11	14	11	19	12	23	14	26	15	28	15	29	16	29	18	28	20	27	23	27	25	26	26	24	27	21	27	17	28	13	28	10	27	8	25	7	22	7	18	8	13	10	9	12	6	15	4	19	3	22	3	24	4	25	6	25	8	24	11	22	13	19	15	17	16	14	16	10	16	6	16	3	16	1	17	0	17	0	17	
80:
38	1.14	15	0	14	1	14	3	15	4	15	6	14	9	12	13	11	18	11	22	10	25	9	27	7	28	5	28	3	27	2	25	2	22	3	20	5	19	8	18	12	17	15	15	17	12	19	8	22	5	24	3	25	2	25	2	24	2	22	3	20	5	19	7	17	8	16	8	16	7	15	5	14	3	14	1	15	0	15	0	
81:
34	0.28	9	11	8	12	6	13	3	14	1	14	0	15	0	16	1	17	3	17	6	18	10	19	15	19	19	19	22	18	24	18	27	18	29	19	30	21	30	22	29	22	27	21	25	20	23	18	22	15	22	13	23	12	23	11	22	10	20	10	18	11	15	11	12	11	10	11	9	11	9	11	
82:
48	1.93	7	21	8	22	9	24	10	26	12	27	14	27	17	26	19	24	20	23	22	23	24	23	25	23	25	22	24	20	22	17	19	14	16	12	13	9	11	6	8	4	6	3	5	2	5	2	6	2	8	2	11	3	14	4	18	4	21	4	23	5	24	7	24	9	23	10	21	10	18	11	14	13	10	16	6	18	3	19	1	19	0	20	0	21	1	23	3	24	5	24	6	23	7	22	7	21	7	21	
83:
52	13.604	10	7	9	6	7	4	5	2	3	0	1	-1	0	-1	0	0	1	1	3	1	6	0	10	-1	14	-1	17	0	19	2	20	4	20	6	19	7	18	7	18	6	19	4	21	2	23	0	26	-1	28	-1	29	0	29	2	29	5	29	9	28	14	28	18	27	21	26	23	24	24	21	24	17	23	14	21	12	20	10	20	9	21	9	23	10	25	11	26	13	26	14	25	14	23	13	20	12	17	10	13	9	10	9	8	10	7	10	7	
84:
41	0.437	26	6	26	7	27	9	29	12	30	15	30	18	29	21	27	23	24	24	20	26	16	28	13	29	11	29	9	29	8	28	8	26	9	23	9	19	8	16	7	14	7	13	8	13	10	13	13	14	17	16	20	18	22	19	23	20	23	20	22	19	20	17	18	14	17	11	16	8	16	5	17	3	18	2	20	2	23	3	25	5	26	6	26	6	
85:
45	2.393	17	4	18	3	19	1	19	0	18	0	17	1	15	3	14	5	14	6	15	6	15	5	14	4	12	3	9	3	7	4	6	6	6	8	7	11	8	13	9	14	9	15	8	17	6	18	5	18	5	17	6	16	8	15	10	15	13	16	15	18	16	21	17	23	19	24	22	24	24	25	25	25	25	24	25	22	24	19	22	15	19	12	17	10	16	7	16	5	17	4	17	4	
86:
42	0.754	19	14	19	13	18	11	18	9	19	8	20	8	22	9	23	10	23	12	22	15	20	18	17	20	15	22	14	25	13	27	11	28	8	28	5	27	3	25	0	23	-2	20	-3	16	-3	12	-2	8	0	5	1	3	1	2	0	2	-1	3	-2	5	-2	8	-1	11	1	14	4	16	7	17	10	18	12	19	13	19	15	18	17	16	18	15	19	14	19	14	
87:
47	1.929	17	15	16	16	14	17	12	18	9	20	6	22	3	23	1	23	0	22	0	20	1	18	2	15	3	11	4	8	4	6	4	5	5	5	6	6	7	8	8	10	10	13	13	17	16	20	20	22	23	23	25	23	27	23	28	23	28	22	27	20	25	18	24	15	24	12	25	9	27	6	28	4	28	3	27	3	25	3	22	3	20	4	18	6	17	7	17	9	16	12	16	14	17	15	17	15	
88:
40	0.273	26	1	25	1	23	0	21	0	19	1	17	3	16	6	16	9	16	11	16	12	15	12	13	11	10	9	6	7	3	5	1	4	0	4	0	5	1	7	3	10	6	14	10	17	14	21	17	24	19	27	20	29	22	30	24	30	25	29	25	27	24	24	24	22	24	19	24	15	25	12	27	10	28	7	28	4	27	2	26	1	26	1	
89:
44	1.071	18	14	18	13	17	11	15	8	12	6	10	4	7	3	5	3	3	4	2	6	2	9	2	12	1	14	-1	15	-2	15	-2	14	-1	12	0	9	2	6	5	3	9	0	12	-2	15	-3	19	-4	22	-4	24	-3	25	-1	25	2	24	6	24	11	24	16	23	20	21	23	19	25	16	26	13	26	11	26	10	25	10	23	11	20	13	17	15	15	17	14	18	14	18	14	
90:
45	4.941	5	26	5	25	4	23	3	20	2	17	0	13	-1	9	-1	6	0	4	0	3	1	3	3	4	6	6	9	9	12	13	14	18	17	22	20	25	22	27	23	28	23	28	23	27	23	25	23	22	24	19	26	17	27	15	27	13	26	10	24	8	22	6	19	4	16	3	13	3	11	4	10	6	10	9	10	12	9	14	7	17	6	19	6	21	6	23	6	25	5	26	5	26	
91:
46	0.641	7	14	7	15	6	17	4	18	2	18	1	17	1	15	1	12	1	9	2	7	4	6	6	6	9	7	12	9	14	11	15	14	15	18	15	22	14	25	13	27	13	28	14	28	15	28	17	27	20	25	23	22	25	18	26	14	26	9	25	5	24	2	22	0	19	-1	17	-1	15	0	13	2	11	4	10	7	10	11	11	14	12	16	12	17	11	17	9	16	8	15	7	14	7	14	
92:
44	5.091	25	2	24	1	22	0	19	-1	15	-2	11	-2	8	-1	6	1	4	3	3	5	3	8	4	11	6	13	9	15	13	17	18	18	22	18	25	19	27	20	28	22	28	24	28	27	27	29	25	30	22	30	18	29	13	27	9	25	6	22	4	20	3	19	3	18	4	18	5	17	6	16	6	14	7	11	9	8	12	5	15	3	19	2	22	1	24	1	25	2	25	2	
93:
39	0.5	25	15	24	14	23	12	22	9	20	7	17	6	15	5	14	5	12	6	10	8	9	11	9	15	9	19	8	22	6	24	3	25	1	25	0	24	0	22	1	19	3	15	4	11	5	7	7	4	10	2	12	0	13	-1	15	-1	17	0	20	2	22	5	24	8	26	10	28	11	29	12	29	14	28	15	26	15	25	15	25	15	
94:
38	0.318	5	17	6	18	8	19	9	21	10	23	10	24	9	24	7	23	5	21	4	18	4	15	4	13	5	12	7	12	10	13	14	15	18	18	22	20	25	21	28	21	30	20	31	18	31	15	31	11	30	8	28	6	25	5	21	5	16	5	11	4	7	4	4	5	2	7	1	9	1	12	2	14	4	16	5	17	5	17	
95:
46	1.113	5	12	6	12	8	12	11	12	15	12	19	12	23	12	26	12	28	11	29	11	29	10	28	10	26	11	23	13	21	15	20	17	20	20	19	23	17	25	14	26	10	26	7	25	5	24	3	23	2	23	2	24	3	25	5	25	8	24	11	23	13	21	14	18	14	14	13	10	12	6	10	3	7	1	5	0	4	0	4	1	3	3	3	6	3	9	4	11	4	12	5	12	5	12	
96:
42	1.098	27	7	27	8	26	10	26	13	27	17	27	20	26	22	24	23	22	23	20	23	19	24	17	26	14	27	12	28	10	28	9	27	7	25	4	22	1	19	-1	16	-2	13	-2	11	-1	10	1	10	4	11	7	13	9	15	10	17	11	18	12	18	14	17	16	15	17	12	17	8	18	5	19	3	20	2	22	2	23	3	25	5	26	6	27	7	27	7	
97:
45	2.122	4	11	4	10	3	8	1	5	0	3	0	1	1	0	3	0	6	1	10	2	15	2	19	1	23	0	26	0	28	1	29	3	29	6	29	9	28	13	28	16	29	19	29	21	28	22	26	22	23	21	19	20	16	19	12	19	9	19	7	20	6	21	6	23	7	25	7	26	6	26	4	25	2	24	1	23	0	23	0	22	1	20	2	17	2	14	3	12	4	11	4	11	
98:
40	2.139	0	15	1	15	3	15	6	16	9	18	12	21	16	24	19	26	21	27	23	28	24	28	24	27	23	27	21	27	18	28	14	30	10	31	6	31	3	30	1	28	0	25	0	21	1	16	3	12	6	8	10	5	13	3	15	2	16	2	16	3	15	5	15	7	14	10	12	12	9	13	7	13	4	13	2	13	1	14	0	15	0	15	
99:
37	0.12	14	13	13	14	11	16	8	17	5	19	3	22	2	25	2	27	3	28	4	28	5	27	6	26	8	24	10	23	13	23	17	24	20	25	22	25	23	25	23	24	22	22	22	20	23	17	24	15	26	13	27	10	27	8	28	7	28	7	28	8	27	10	25	12	22	14	19	15	17	15	15	14	14	13	14	13	