0:
66	61.415	52	27	51	27	49	28	46	29	42	31	37	33	31	36	24	38	18	41	13	44	9	48	6	51	3	53	1	54	-1	54	-4	53	-6	51	-7	48	-8	44	-9	39	-9	34	-8	28	-6	22	-3	17	0	12	4	8	7	5	9	3	11	2	13	2	14	3	15	4	16	6	17	9	17	13	18	18	20	23	22	29	25	35	28	40	32	44	37	47	43	49	48	50	52	50	55	51	57	53	58	55	58	56	57	58	55	59	52	59	49	59	46	60	44	60	43	59	43	57	44	54	46	50	49	46	51	41	52	37	52	33	51	30	51	28	52	27	52	27	
1:
64	2.811	54	3	53	4	52	6	50	8	49	11	49	15	49	20	48	25	46	29	45	32	43	34	41	35	38	35	35	35	31	34	28	33	26	31	25	28	25	24	26	20	28	15	29	11	29	7	28	4	26	2	23	1	19	1	16	2	12	4	9	7	6	11	4	16	3	22	3	29	4	36	5	42	7	47	9	52	12	56	15	59	19	61	24	62	29	62	35	61	40	59	44	56	47	54	49	52	52	51	54	49	55	47	55	44	54	40	52	35	51	29	51	23	52	17	54	12	56	8	57	5	57	3	56	2	55	2	54	3	54	3	
2:
54	2.558	18	29	17	30	15	31	12	33	8	36	5	40	3	45	1	49	0	52	0	54	1	55	3	56	6	56	10	55	15	53	21	50	27	46	32	41	36	36	39	32	43	29	48	27	52	26	55	26	57	26	58	27	58	28	57	29	55	29	52	29	50	30	49	32	49	33	50	35	52	36	54	38	56	41	58	44	59	48	59	51	58	53	56	54	53	54	49	54	45	54	42	53	38	51	33	48	29	44	25	39	22	35	20	32	19	30	18	29	18	29	
3:
58	6.237	40	20	41	21	42	23	44	26	45	30	45	35	44	41	43	46	42	50	40	53	37	55	34	56	32	56	31	55	29	54	26	52	22	49	17	45	11	42	6	38	2	34	-1	30	-3	27	-4	25	-4	24	-3	24	-1	25	2	27	4	30	7	34	11	38	16	41	21	43	26	44	30	44	33	43	35	41	36	38	36	34	35	29	35	23	36	18	37	13	39	9	42	6	46	4	50	3	53	2	55	2	56	3	56	5	55	6	53	8	50	11	46	14	43	17	41	19	40	20	40	20	
4:
65	3.512	9	18	10	17	12	16	15	14	19	12	24	11	28	11	31	11	33	12	35	14	36	16	36	19	35	22	33	24	30	26	26	27	22	27	17	27	13	28	9	30	6	32	4	35	3	38	3	41	4	45	6	49	9	52	13	54	18	55	24	55	31	56	37	58	42	59	46	59	49	58	51	57	52	56	52	55	51	54	50	52	50	49	51	46	53	42	55	38	57	33	59	28	61	22	62	17	62	13	61	9	59	6	56	4	52	3	48	3	43	4	39	6	35	9	32	13	28	16	23	18	19	19	15	19	12	19	10	18	9	18	9	18	
5:
64	34.569	23	29	22	30	20	32	19	35	17	39	16	44	16	49	16	53	16	56	16	58	16	59	17	59	17	58	16	56	14	53	12	49	9	45	7	41	5	36	4	31	4	26	5	21	7	16	10	12	14	9	19	7	25	6	32	6	39	7	45	9	50	11	54	14	57	18	59	22	60	27	60	32	59	36	57	39	54	41	52	42	51	42	51	41	51	39	51	37	50	34	49	30	48	25	46	21	43	18	39	15	34	13	29	12	25	12	22	13	20	15	18	17	16	20	15	24	15	27	16	29	18	30	20	30	22	30	23	29	23	29	
6:
68	20.689	4	52	3	51	1	49	-1	46	-2	42	-2	37	-1	31	1	26	4	21	8	16	12	12	17	9	21	7	26	6	32	6	37	7	42	9	46	11	49	13	51	16	52	19	52	21	51	22	49	22	48	23	48	25	49	28	50	32	50	37	50	43	49	48	47	52	44	55	41	57	38	59	36	60	35	60	35	59	36	58	38	56	41	53	43	50	44	46	44	41	43	37	41	33	39	30	36	28	32	27	27	26	23	26	20	27	18	27	17	28	17	30	18	32	20	35	21	38	21	42	20	46	19	50	17	53	14	55	10	56	7	56	5	55	4	53	4	52	4	52	
7:
64	7.952	56	45	55	44	53	42	52	40	52	37	52	33	51	28	51	22	50	16	48	10	45	5	41	1	37	-2	32	-4	26	-5	20	-5	15	-4	11	-2	8	1	6	3	5	6	5	9	6	11	8	12	10	14	13	15	17	15	22	14	28	13	33	12	37	12	40	13	42	15	43	18	43	21	42	25	40	29	37	32	33	34	28	35	24	37	21	39	19	42	18	46	16	49	13	51	10	52	8	52	7	53	7	55	8	56	10	56	13	55	17	55	22	54	28	53	33	53	37	53	42	53	46	52	50	50	53	48	55	46	56	45	56	45	
8:
58	0.514	39	15	40	16	42	18	44	21	46	25	47	30	47	35	48	41	48	46	47	50	45	53	42	55	38	56	33	57	27	58	21	58	16	57	12	55	8	54	5	54	3	55	2	56	2	56	3	55	5	53	6	50	6	46	5	42	5	37	6	32	8	28	11	25	15	23	19	22	22	20	24	17	26	15	27	12	27	8	26	4	26	0	27	-3	29	-5	32	-6	36	-6	40	-5	43	-3	45	-1	46	1	46	3	45	6	43	8	40	10	38	11	37	11	37	12	38	14	39	15	39	15	
9:
63	28.982	28	4	29	3	31	2	34	1	38	0	42	0	45	1	47	3	48	6	48	9	49	11	51	12	54	13	56	15	57	18	57	22	56	26	55	31	53	37	52	43	52	48	53	52	53	55	52	57	50	58	47	58	44	57	41	55	37	54	32	52	26	49	20	45	15	40	11	36	8	33	5	31	3	30	2	30	2	31	3	32	5	34	7	35	10	36	14	36	18	35	22	33	25	30	28	26	30	22	31	17	31	13	30	10	28	7	25	5	22	4	20	4	19	5	19	7	20	8	22	8	25	7	27	5	28	4	28	4	
10:
59	7.002	54	3	54	4	53	6	51	9	48	13	45	18	41	22	37	27	33	31	30	34	28	36	27	37	26	37	26	36	26	34	27	32	27	31	26	31	24	32	21	34	19	37	18	41	17	46	17	50	16	53	14	55	11	56	8	56	6	55	5	54	5	52	5	49	4	45	3	42	2	39	2	36	3	32	5	29	8	27	12	24	15	20	17	16	20	13	22	10	23	8	25	7	28	7	32	8	37	9	42	9	46	8	49	6	51	3	53	1	54	0	55	0	55	1	55	2	54	3	54	3	
11:
71	74.237	46	49	45	48	43	46	41	43	40	41	40	39	41	38	43	38	46	37	50	35	53	32	55	28	56	25	56	22	55	20	53	19	50	19	46	20	41	22	35	25	29	29	23	34	17	40	12	45	8	49	5	52	3	54	2	55	2	55	3	54	4	52	5	49	5	45	6	40	6	35	5	30	5	26	4	23	2	21	1	20	0	20	-1	19	-1	17	0	14	2	11	5	9	9	8	14	7	18	7	21	8	23	10	24	13	24	17	23	22	22	26	22	31	23	35	25	38	28	41	30	45	32	48	35	51	39	54	43	56	46	57	48	57	49	56	49	54	48	52	47	50	46	49	46	49	
12:
66	6.112	27	31	26	32	24	34	23	37	23	41	24	45	26	49	29	52	32	54	36	57	41	59	45	60	48	60	50	59	51	57	51	54	50	50	48	45	46	39	45	34	44	30	44	27	45	24	47	22	49	20	51	19	52	19	52	20	51	20	49	19	46	17	42	14	38	10	35	6	32	3	28	1	23	0	19	0	16	1	14	3	13	6	12	10	12	14	11	19	9	23	6	26	3	29	1	31	0	33	0	34	1	34	3	33	6	31	9	28	13	24	18	21	23	19	27	18	30	18	32	19	33	21	33	24	32	27	30	29	28	30	27	31	27	31	
13:
59	7.553	47	29	46	29	44	30	41	31	39	33	37	34	34	35	30	35	26	35	23	34	21	33	18	33	15	34	13	36	12	39	12	43	13	48	15	52	17	55	18	57	18	58	17	59	15	59	12	58	8	56	5	54	2	51	0	47	-1	43	-1	40	0	38	2	36	5	34	9	31	14	29	19	28	25	28	32	28	38	27	43	25	47	22	50	18	52	13	53	9	53	5	52	2	52	0	53	-1	53	-1	54	0	56	2	57	5	57	9	56	14	54	19	51	23	49	26	48	28	47	29	47	29	
14:
60	3.565	48	22	49	21	51	19	54	17	56	16	57	14	57	13	56	13	54	14	51	14	49	15	48	17	46	18	44	18	41	17	38	15	35	13	33	10	30	7	26	5	23	4	20	4	16	5	11	5	7	5	4	5	2	6	1	8	1	11	1	15	2	19	4	23	7	27	11	32	14	36	16	39	17	41	18	42	20	42	21	41	21	39	22	36	24	32	27	29	30	26	33	24	36	23	39	23	41	24	42	26	42	29	43	31	43	32	42	32	42	31	42	29	43	26	45	24	47	23	48	22	48	22	
15:
56	2.042	8	29	7	30	7	32	6	35	5	38	5	40	5	42	5	43	6	43	8	42	10	40	13	37	17	34	20	31	22	29	23	27	24	26	26	26	28	27	30	29	33	31	36	34	40	38	44	43	48	47	51	51	54	54	56	56	58	57	61	57	64	56	66	54	67	51	67	47	67	42	66	37	64	33	61	29	57	26	52	23	46	21	39	19	31	17	24	16	18	16	13	16	9	17	6	19	4	22	3	24	3	25	4	25	6	25	7	26	7	28	8	29	8	29	
16:
60	2.046	9	45	10	46	12	46	15	45	18	44	22	43	26	41	30	39	35	36	40	32	44	27	47	21	49	16	50	12	50	9	49	7	47	6	44	6	40	7	35	9	30	12	26	16	22	21	18	25	13	28	9	30	6	31	3	31	1	30	0	28	0	25	1	23	3	22	6	22	9	22	13	22	18	23	24	24	31	25	37	27	42	30	46	34	49	39	51	43	52	47	52	51	51	54	49	56	46	57	43	57	39	57	34	56	29	54	24	53	19	53	15	52	12	50	10	48	9	46	9	45	9	45	
17:
64	7.767	2	54	1	54	0	53	0	52	1	50	3	47	5	43	6	38	7	32	8	26	10	21	13	17	17	14	22	12	27	11	32	11	38	11	44	12	49	14	53	17	56	19	58	20	59	20	59	19	58	18	56	16	53	13	49	10	45	6	40	3	34	1	27	0	20	0	14	0	9	1	5	3	2	6	0	9	-1	11	-1	13	0	15	2	16	5	17	9	19	13	22	17	24	22	27	27	30	31	33	34	37	36	41	37	46	37	51	36	55	34	58	31	60	27	61	22	61	17	61	12	60	8	58	5	56	3	55	2	54	2	54	
18:
70	35.966	1	21	2	22	4	24	7	27	10	31	14	36	19	41	23	45	28	48	34	50	41	51	47	51	52	50	56	48	59	45	61	41	62	36	62	30	61	24	59	19	56	15	52	12	47	10	41	9	36	9	32	10	29	11	27	13	26	14	26	14	27	13	29	11	32	8	35	4	39	1	44	-1	48	-2	51	-2	54	-1	56	1	57	2	57	3	56	5	55	8	55	12	56	17	56	23	57	30	57	37	56	43	54	48	51	53	47	57	42	60	36	62	30	63	25	63	20	62	16	61	13	59	11	56	9	52	8	47	7	41	7	36	6	31	5	27	4	24	2	22	1	21	1	21	
19:
62	0.852	52	32	53	33	55	35	57	38	58	42	58	47	58	51	57	54	55	56	52	57	48	57	43	56	37	54	31	51	26	47	22	43	19	38	16	33	13	27	11	21	10	16	10	12	9	9	7	7	4	6	0	6	-5	7	-9	9	-12	12	-14	16	-15	20	-15	25	-14	31	-12	36	-9	41	-5	45	-1	48	4	50	10	51	16	51	21	50	25	48	28	45	31	41	35	37	38	32	40	26	43	21	45	17	48	14	50	12	51	11	51	11	50	12	49	14	48	17	48	20	48	24	48	27	49	29	51	31	52	32	52	32	
20:
66	60.436	13	56	12	55	11	53	9	51	7	49	6	47	6	46	7	46	9	46	12	45	14	43	16	40	17	36	17	31	16	25	16	20	16	15	16	11	16	8	15	6	13	5	12	5	12	6	13	8	15	10	18	13	22	17	27	22	33	26	38	30	44	34	49	38	53	41	56	43	58	44	59	44	59	43	58	41	56	38	54	34	53	29	53	23	53	17	53	12	54	8	55	5	57	3	58	2	58	2	57	3	55	5	52	8	48	12	44	17	40	22	37	28	35	35	34	41	32	46	29	50	25	53	21	55	18	56	16	57	14	57	13	56	13	56	
21:
58	4.598	2	53	1	52	1	50	2	48	4	45	7	41	9	36	11	30	12	24	12	19	13	15	15	12	18	10	22	9	27	9	32	10	38	12	43	15	47	19	51	24	54	30	57	36	59	41	60	45	60	49	59	52	57	54	55	55	54	55	53	54	51	52	48	49	46	45	45	40	45	35	45	29	44	23	42	17	39	12	37	8	35	5	32	3	29	2	26	2	24	3	22	5	19	7	15	10	10	14	6	19	3	25	1	32	0	38	0	43	1	47	2	50	2	52	2	53	2	53	
22:
65	10.965	46	37	47	38	48	40	48	43	48	47	48	51	48	54	48	56	49	57	49	57	48	56	46	54	45	51	43	47	41	43	38	40	34	37	31	35	27	34	24	34	21	35	19	37	16	40	14	44	13	48	12	51	12	53	11	54	9	54	8	53	7	51	7	49	7	46	8	42	10	37	11	33	11	30	10	28	8	27	5	26	3	24	2	22	2	19	3	15	5	12	8	10	12	9	16	8	20	7	25	7	30	8	34	10	38	13	42	16	45	19	49	21	52	22	54	23	55	25	55	28	54	31	52	33	49	34	47	36	46	37	46	37	
23:
59	5.571	7	26	6	25	4	23	3	20	2	16	2	12	2	9	3	6	5	3	8	1	12	0	17	0	21	0	25	0	30	1	35	3	39	6	42	9	44	13	46	16	47	18	49	19	50	20	50	22	49	25	47	29	45	34	44	38	44	41	45	43	47	44	50	44	53	45	55	47	56	50	56	54	55	57	53	59	50	61	46	62	41	62	37	61	34	59	32	56	31	52	31	47	31	41	31	36	30	31	28	27	25	24	21	22	16	21	12	20	9	20	7	21	6	23	6	25	7	26	7	26	
24:
67	28.53	10	14	11	15	13	17	16	19	19	21	23	23	28	24	33	26	37	29	40	33	43	37	46	42	48	48	49	53	49	58	48	62	46	65	43	67	40	68	36	68	31	67	25	65	20	63	15	61	11	59	8	58	6	58	5	59	5	60	6	60	8	59	11	58	15	56	20	53	25	49	31	45	36	41	41	37	45	33	48	30	50	27	51	24	51	22	50	21	48	21	45	20	41	19	38	17	36	15	35	13	35	10	36	8	36	7	35	7	33	8	30	10	27	13	23	17	18	20	14	22	11	23	9	23	8	22	8	20	9	17	10	15	10	14	10	14	
25:
66	25.604	27	25	26	24	26	22	26	19	27	15	29	10	32	6	35	3	38	1	42	0	46	0	49	1	51	3	52	5	54	7	56	8	58	8	59	8	59	9	58	10	56	11	53	13	50	16	46	20	43	25	39	31	34	36	28	40	21	43	15	45	10	46	6	47	3	47	1	46	0	44	0	43	1	43	3	44	6	44	10	44	15	45	21	47	28	50	35	53	41	56	46	58	51	59	55	59	58	58	60	56	61	53	61	49	60	45	58	41	56	38	53	36	49	35	44	35	40	36	36	36	33	35	30	33	28	30	27	28	27	26	27	25	27	25	
26:
62	2.382	15	17	14	18	12	18	9	19	7	21	4	24	2	28	1	33	1	38	2	43	3	47	5	50	7	52	8	53	10	53	12	52	13	50	13	47	12	43	10	39	7	35	4	30	2	26	1	23	0	19	0	15	1	12	3	10	5	9	8	9	10	10	13	12	17	14	22	16	27	18	31	19	36	19	40	18	44	16	48	15	51	15	53	16	54	18	54	21	53	25	51	30	48	34	45	37	42	39	39	40	36	40	34	39	33	37	31	34	28	30	26	26	24	22	21	19	18	17	16	16	15	16	15	17	15	17	
27:
66	7.646	56	3	57	4	59	6	60	9	60	12	59	16	57	21	56	26	55	30	55	34	56	38	56	41	55	43	55	44	55	44	55	43	54	41	52	38	49	34	45	29	40	23	36	17	31	12	25	8	20	5	15	3	11	2	7	2	4	3	2	5	1	8	1	12	1	17	1	23	2	29	4	35	7	40	11	44	15	47	20	50	24	53	28	55	31	56	33	56	34	55	34	53	33	50	31	46	28	41	25	36	22	32	20	29	19	26	19	23	20	21	22	20	25	19	29	19	34	19	40	18	45	16	49	13	52	9	54	6	55	4	56	3	56	3	
28:
72	14.479	14	19	13	20	11	22	8	25	5	29	2	34	0	38	-1	41	-1	44	0	46	2	47	5	47	8	46	12	45	16	43	19	40	23	36	27	33	32	31	38	30	44	30	49	31	53	33	56	36	58	40	59	44	59	48	58	51	56	53	53	54	49	54	45	53	41	51	38	48	36	44	35	39	35	35	34	30	34	26	33	22	33	19	34	17	36	16	39	15	43	14	48	12	52	10	55	7	57	4	58	1	58	-1	57	-2	55	-2	52	-1	48	1	43	3	37	6	30	8	23	9	17	9	12	8	8	7	5	6	3	5	2	5	2	6	3	8	5	11	8	13	11	16	13	18	14	19	14	19	
29:
65	7.474	29	6	28	5	26	4	23	3	19	2	16	2	13	2	11	3	9	5	8	8	8	11	9	13	11	14	13	15	16	15	20	15	25	14	31	12	36	9	42	7	47	6	51	6	54	6	57	7	59	9	60	12	60	16	59	19	57	22	54	25	50	27	46	28	41	29	35	29	30	28	26	27	23	27	21	28	20	28	20	28	21	29	23	31	26	34	30	38	35	41	39	44	44	47	49	49	53	50	57	50	60	49	62	47	63	44	63	40	62	35	60	30	57	26	53	22	48	17	43	13	39	10	35	8	32	7	30	6	29	6	29	6	
30:
66	6.126	0	48	1	47	3	45	6	43	10	42	15	42	20	42	25	43	31	45	37	47	42	49	46	50	49	50	51	49	54	47	57	44	59	41	60	37	60	32	59	27	58	22	56	16	55	11	53	7	50	4	46	2	41	1	35	1	30	2	26	4	23	7	19	10	15	12	12	13	10	13	9	12	9	10	10	8	12	7	15	7	19	8	24	9	30	11	35	13	39	16	42	20	45	25	47	30	48	34	48	37	47	40	45	42	42	43	38	43	33	42	27	40	22	39	18	37	14	36	9	36	5	37	2	39	0	42	-1	45	-1	47	0	48	0	48	
31:
62	9.195	5	43	6	42	8	40	11	37	15	33	18	29	22	26	25	23	29	21	32	20	34	20	35	21	35	23	34	24	32	24	29	23	26	21	22	18	18	14	15	11	13	9	12	8	12	6	13	5	15	5	18	6	22	7	27	7	32	7	38	7	43	7	47	7	50	8	53	10	55	13	56	17	58	22	59	28	59	33	58	39	58	44	57	48	55	51	53	53	52	54	50	54	49	53	49	51	48	48	46	44	44	40	41	37	37	35	33	34	28	34	22	34	17	35	13	37	10	40	8	42	6	43	5	43	5	43	
32:
66	3.193	31	29	30	29	28	30	25	31	22	33	18	36	14	40	11	44	7	47	4	49	2	51	1	53	1	55	2	57	4	58	7	58	9	57	11	55	13	54	16	54	20	55	25	57	29	58	34	60	38	61	41	61	43	60	44	58	44	55	43	51	41	48	38	45	34	43	29	42	25	42	22	43	20	45	19	47	19	48	20	48	22	49	24	49	27	48	30	46	33	43	36	39	38	34	39	28	39	21	38	15	37	10	35	6	32	3	28	1	24	0	21	0	19	1	18	3	18	6	19	10	21	15	24	19	27	23	29	26	30	28	31	29	31	29	
33:
61	22.194	59	12	58	13	56	15	54	16	51	18	47	20	42	21	36	21	30	20	23	18	17	15	12	12	8	10	5	9	3	9	2	10	1	12	1	15	2	19	4	24	7	30	10	35	14	39	19	42	24	44	30	45	36	45	41	44	45	44	48	45	50	47	51	50	51	53	50	55	48	56	45	57	41	57	37	57	33	58	29	58	26	57	24	55	23	52	23	48	24	43	26	39	27	36	29	34	32	33	36	32	41	32	47	32	52	31	56	30	59	28	61	25	62	21	62	18	61	15	60	13	59	12	59	12	
34:
66	68.203	32	24	32	25	31	27	29	30	26	34	22	38	17	43	13	47	10	50	8	52	7	53	5	53	3	52	1	50	0	47	0	43	1	38	3	33	6	28	9	22	13	16	16	11	20	7	24	4	27	2	29	1	30	1	32	2	34	4	35	7	37	11	40	14	44	16	47	17	49	17	50	16	50	16	49	17	48	18	48	19	49	19	51	20	52	22	53	25	54	29	54	34	54	40	54	45	55	49	56	52	57	54	58	55	60	55	61	54	61	52	60	49	58	45	55	41	52	37	48	33	45	30	41	28	38	27	35	26	33	25	32	24	32	24	
35:
62	35.243	36	26	35	25	33	23	30	20	26	18	21	17	17	17	13	18	9	19	6	20	3	20	0	19	-2	17	-3	14	-3	10	-2	7	-1	5	1	4	4	4	6	5	9	7	13	8	18	8	23	8	29	7	34	7	39	8	43	10	46	13	48	17	49	22	49	28	48	33	48	37	49	40	51	42	54	43	56	44	57	45	57	47	56	50	54	53	51	55	49	57	48	58	47	58	47	57	48	55	49	52	50	48	50	45	49	43	47	42	44	42	40	42	37	41	35	39	34	36	34	32	34	29	35	27	36	26	36	26	
36:
62	2.563	22	6	21	7	19	9	16	12	14	14	11	15	9	15	8	14	8	12	9	10	11	7	14	4	17	2	20	0	24	-1	28	-1	33	0	37	2	40	5	42	9	43	14	44	20	44	26	45	32	46	38	47	43	47	47	47	50	48	52	50	53	52	53	53	52	55	50	56	47	56	44	55	41	54	39	52	38	49	38	45	39	40	41	35	43	29	44	24	44	20	43	17	43	14	44	12	46	11	47	9	47	6	46	4	44	3	41	3	37	4	32	6	26	9	21	12	16	16	12	19	9	21	7	22	6	22	6	
37:
63	7.804	38	12	38	11	37	9	35	6	32	4	28	2	24	1	21	1	19	2	18	4	18	7	19	11	21	15	23	20	25	24	26	29	26	33	25	36	23	38	20	41	16	45	13	49	11	52	10	55	9	57	9	58	10	59	12	59	15	58	17	56	20	55	24	55	27	56	31	58	35	59	39	60	42	60	44	59	45	57	45	54	44	51	42	47	40	42	38	36	37	31	37	27	38	24	40	22	43	21	47	21	51	22	54	23	56	23	57	24	57	25	56	25	54	24	51	22	48	19	44	16	41	14	39	13	38	12	38	12	
38:
57	5.977	1	8	2	9	3	11	4	14	4	17	5	21	5	24	5	26	4	27	4	27	5	26	7	24	10	23	13	22	17	22	22	23	28	25	34	28	39	31	43	35	46	40	48	44	50	47	52	49	54	50	56	50	58	49	59	47	59	44	58	40	56	35	54	30	52	25	51	21	51	18	52	16	52	15	51	15	49	16	46	18	43	19	40	20	38	20	37	19	37	17	36	14	34	10	31	7	27	5	22	4	17	4	13	5	10	7	7	8	4	9	2	9	1	8	1	8	
39:
62	3.94	50	41	49	40	47	39	44	38	40	36	35	35	30	34	25	34	21	33	17	31	14	30	12	29	11	27	10	24	10	20	11	16	13	12	16	8	20	5	24	3	28	2	33	1	37	1	40	2	42	4	43	7	44	10	45	13	45	17	44	20	42	22	39	23	35	23	30	22	26	20	23	19	20	19	18	20	17	22	17	25	18	29	19	34	21	39	22	44	22	48	23	52	25	55	28	57	32	58	37	58	43	58	48	58	52	57	55	56	57	56	58	55	58	53	57	50	55	47	53	44	51	42	50	41	50	41	
40:
58	23.851	42	20	43	21	45	23	47	26	48	29	49	33	49	36	48	38	46	40	43	42	40	45	38	49	37	53	37	56	36	58	34	59	31	59	28	58	26	56	25	53	25	49	25	44	25	39	24	34	22	30	19	27	15	25	12	24	10	24	9	23	9	22	10	22	12	21	15	19	19	16	24	12	28	8	31	5	33	3	34	1	35	0	37	0	40	1	44	3	49	6	53	8	56	10	58	11	59	12	59	14	58	15	57	17	55	19	52	21	48	22	45	22	43	21	42	20	42	20	
41:
60	0.884	22	8	23	7	25	5	27	3	30	1	34	0	39	0	43	1	46	3	48	4	49	6	49	9	48	12	46	14	43	16	39	17	36	18	32	18	29	17	27	17	26	17	26	18	27	20	29	23	32	27	36	30	40	34	45	37	49	39	52	40	54	42	55	44	55	45	54	45	52	44	49	42	45	41	42	41	39	42	37	44	36	47	34	49	31	50	27	50	22	49	17	48	12	46	8	43	5	39	3	34	2	30	2	26	3	23	5	19	8	15	12	12	16	10	19	9	21	8	22	8	22	8	
42:
68	7.914	53	9	54	10	54	12	53	14	51	17	50	21	48	24	45	26	41	27	36	27	32	28	28	30	25	33	21	35	18	37	14	38	11	38	9	37	7	35	6	33	6	32	7	32	9	33	12	35	15	38	18	42	22	46	27	50	33	53	38	55	42	56	45	56	47	55	48	55	48	54	47	54	45	53	42	52	39	50	36	47	34	44	33	40	33	35	33	29	32	24	30	19	27	15	23	11	18	7	14	4	11	2	9	1	8	1	7	2	7	3	8	3	10	2	13	1	17	1	22	2	27	2	33	3	38	5	43	6	47	6	50	7	52	8	53	9	53	9	
43:
67	7.797	55	30	56	29	58	27	60	24	61	20	61	15	60	11	59	8	57	4	54	1	50	-2	45	-4	39	-5	33	-5	28	-4	24	-2	21	1	19	5	18	10	18	16	19	23	21	29	24	35	28	41	32	46	36	50	39	53	41	55	42	57	42	58	41	59	39	59	36	60	32	60	27	59	21	57	16	56	11	55	7	53	4	50	2	46	1	42	1	37	2	31	4	25	5	19	5	14	4	10	2	7	1	5	1	4	2	4	3	5	4	7	6	10	9	14	12	17	16	19	21	20	27	21	34	22	40	24	45	25	49	26	52	27	54	29	55	30	55	30	
44:
52	2.176	53	21	54	22	56	24	57	27	57	31	56	35	55	40	53	45	50	49	46	52	41	54	35	55	28	55	22	56	17	56	13	55	10	55	8	54	6	52	5	49	5	45	6	40	8	34	9	28	9	22	8	17	6	12	5	8	5	5	6	3	8	2	10	2	13	3	17	5	22	7	28	8	34	8	39	7	43	5	48	3	52	2	55	2	57	3	58	4	59	6	59	9	58	12	58	15	57	17	56	18	54	20	53	21	53	21	
45:
58	0.8	51	50	50	49	48	47	45	44	41	41	38	39	35	36	33	34	32	33	32	33	33	34	35	35	38	35	42	34	47	32	52	29	56	26	59	22	61	17	62	12	62	8	61	5	59	3	56	2	52	2	47	3	41	4	35	6	29	9	24	12	19	14	15	15	12	15	10	14	9	14	9	15	10	17	12	19	14	22	15	26	15	30	14	34	12	38	11	41	11	43	12	44	14	44	17	44	20	44	24	45	29	47	33	49	37	51	41	52	45	52	48	51	50	50	51	50	51	50	
46:
63	6.217	52	57	53	56	54	54	56	51	57	48	57	44	57	39	57	35	58	32	58	30	57	29	55	29	52	28	50	26	48	23	46	19	43	14	39	10	35	7	30	5	24	4	18	4	12	5	7	6	3	8	0	11	-2	15	-3	20	-3	25	-3	31	-2	37	0	42	3	46	7	49	11	51	16	53	22	54	27	54	32	53	36	51	39	48	41	44	42	40	42	37	41	35	39	34	36	34	32	35	29	37	27	40	26	44	25	49	25	53	26	56	28	59	31	61	35	62	40	62	44	61	47	59	49	58	51	57	52	57	52	57	
47:
59	8.697	59	3	58	2	56	2	53	2	49	2	44	1	38	1	32	2	27	2	22	2	17	2	13	2	10	3	8	4	7	5	7	5	8	4	10	4	13	4	17	5	20	7	22	10	23	14	23	19	24	24	24	28	23	32	21	35	19	37	16	38	12	38	8	37	5	35	3	33	1	32	0	32	0	33	1	35	3	37	6	40	10	43	15	46	20	48	26	50	32	51	39	51	45	50	50	48	54	45	57	41	59	36	60	30	60	24	59	18	58	13	58	9	58	6	58	4	59	3	59	3	
48:
58	1.369	13	28	13	29	14	31	16	34	17	36	18	37	19	38	21	38	23	37	26	36	28	34	31	31	34	28	36	26	37	25	39	25	41	26	43	28	46	31	48	35	51	38	55	40	59	41	62	41	64	40	65	38	65	35	64	31	62	26	59	21	55	16	50	12	45	9	39	7	33	6	28	6	24	7	21	9	19	12	18	14	17	15	15	15	14	14	14	14	15	15	17	16	19	18	22	21	24	24	25	27	25	29	24	30	23	31	21	31	18	31	16	30	14	29	13	28	13	28	
49:
60	18.655	16	25	16	24	16	22	16	19	15	15	14	12	14	10	13	9	11	9	8	10	5	12	3	14	2	17	2	21	2	26	3	32	5	38	6	44	6	49	6	53	7	56	7	58	8	59	10	59	13	58	16	56	20	53	25	49	31	46	36	44	40	43	43	43	47	44	50	45	52	47	53	48	53	49	52	50	50	50	47	49	43	47	39	44	36	41	34	37	33	32	33	26	34	21	34	17	34	14	34	12	34	11	34	11	33	12	31	14	29	17	26	19	22	22	19	24	17	25	16	25	16	25	
50:
66	7.695	28	46	29	45	31	44	34	43	38	41	43	39	48	37	52	36	55	36	57	37	58	39	58	42	57	46	55	49	52	51	48	54	44	58	39	61	33	64	27	66	22	67	18	67	15	66	13	64	12	61	12	57	13	52	15	48	18	43	22	39	27	36	33	33	39	30	44	26	48	22	51	18	53	14	54	10	54	7	53	5	51	4	48	4	44	4	39	5	33	7	27	10	21	13	15	15	10	16	6	16	3	15	1	15	0	16	0	18	1	21	3	25	6	29	10	33	14	37	19	40	23	42	26	43	28	43	29	44	29	45	28	46	28	46	
51:
58	7.46	21	47	21	46	21	44	20	41	18	37	17	32	15	26	14	21	13	17	13	13	14	10	15	8	17	7	20	6	24	6	27	7	31	7	35	7	38	6	40	5	41	5	41	6	40	7	38	9	35	12	33	14	32	17	32	21	33	26	35	31	38	36	42	40	46	43	51	45	56	46	60	46	63	45	65	43	66	40	66	36	65	32	63	29	60	26	56	24	51	23	47	23	43	24	39	26	34	27	29	29	25	31	22	33	20	35	19	38	19	41	19	44	20	46	21	47	21	47	
52:
62	14.136	35	41	36	42	38	43	41	43	44	43	46	42	47	40	47	37	47	33	47	28	47	22	47	15	47	9	46	4	44	0	41	-3	37	-5	32	-6	27	-6	23	-5	20	-3	18	0	17	3	17	7	17	12	16	17	14	21	11	25	7	29	4	34	1	39	-1	43	-2	48	-2	52	-1	55	1	57	4	58	6	58	7	57	7	55	7	52	7	48	8	43	10	39	13	35	17	32	22	29	27	27	31	26	34	26	36	27	37	28	37	28	36	27	34	27	33	28	33	30	34	33	35	36	35	38	35	40	35	41	35	41	
53:
60	3.426	27	21	28	22	30	24	32	27	34	31	36	36	37	40	38	43	38	45	37	47	35	48	32	48	30	47	27	45	23	42	19	38	14	35	9	33	5	32	2	32	0	33	-1	35	-1	38	0	42	2	47	4	51	6	54	9	57	12	59	16	60	20	60	25	59	31	57	37	55	43	53	48	52	53	51	57	51	60	50	62	48	63	45	63	41	62	36	60	31	57	25	53	20	48	16	43	13	39	10	35	8	32	7	28	7	25	8	23	10	22	13	22	16	23	18	25	20	26	21	27	21	27	21	
54:
63	2.963	3	42	2	43	1	45	-1	48	-2	52	-2	55	-1	57	1	58	4	58	8	58	11	58	15	57	19	55	23	53	27	50	30	46	32	42	33	38	33	33	32	29	30	26	28	24	26	23	25	23	25	24	26	26	28	29	31	31	35	33	39	34	43	36	46	39	48	43	49	46	49	48	49	49	50	49	51	48	53	46	55	43	56	39	56	34	55	29	53	23	50	18	48	14	45	10	41	7	36	5	30	4	24	4	19	5	15	7	11	10	8	14	5	18	3	22	2	27	2	32	1	36	1	39	2	41	3	42	3	42	
55:
57	45.83	2	26	3	25	5	24	8	23	12	23	17	24	22	24	27	23	33	22	38	21	42	19	45	17	47	15	50	14	52	14	53	15	53	17	52	19	50	20	47	21	43	23	40	26	37	30	35	34	34	39	33	43	33	46	34	48	36	49	39	49	43	48	46	48	48	48	49	49	49	51	49	54	49	56	48	57	46	57	43	56	39	55	34	55	30	56	26	57	22	58	17	58	12	57	8	55	5	53	2	50	0	46	-1	41	-1	36	0	32	1	29	2	27	2	26	2	26	
56:
56	1.455	55	32	54	31	53	29	51	27	50	24	48	20	47	15	47	11	46	8	44	6	42	5	40	5	39	6	39	8	40	10	42	13	43	17	43	21	42	25	40	28	37	30	33	31	29	31	24	32	19	34	15	35	12	35	10	34	9	33	9	31	10	29	12	28	15	28	19	28	24	29	29	31	34	34	38	38	41	41	43	44	44	46	44	47	43	47	41	47	38	46	36	45	35	45	35	44	36	42	38	40	41	37	45	35	49	34	52	34	54	33	55	32	55	32	
57:
64	26.861	2	46	3	47	5	49	8	52	12	55	15	57	17	58	18	58	18	57	17	55	15	52	14	48	14	44	15	41	17	38	20	36	24	35	29	35	35	35	40	35	44	34	47	32	51	29	54	25	56	21	57	17	57	14	56	12	54	11	51	11	47	12	43	13	40	13	38	12	37	10	37	8	36	5	34	3	32	2	29	1	26	0	23	0	21	1	20	3	20	5	21	8	23	12	25	15	28	19	30	23	31	26	31	28	30	30	28	31	25	31	21	30	16	30	12	31	8	33	5	36	3	40	2	43	2	45	2	46	2	46	
58:
62	2.474	43	27	42	28	40	30	37	33	33	37	28	41	23	44	19	47	16	49	14	50	13	50	13	49	14	47	16	44	19	41	23	37	28	32	32	26	36	20	39	15	41	11	42	7	42	4	41	2	39	1	36	1	33	2	29	4	26	7	22	10	17	13	12	15	7	16	3	16	0	15	-2	13	-3	10	-3	7	-2	5	-1	3	1	2	3	2	6	3	10	5	15	6	20	7	26	8	33	10	39	13	44	17	48	22	51	26	53	29	54	32	54	34	53	35	51	35	48	34	46	32	44	30	43	28	43	27	43	27	
59:
64	3.73	10	1	9	2	9	4	10	7	12	11	13	16	13	22	13	29	13	36	13	42	13	47	13	51	14	54	16	56	19	57	23	57	27	56	31	54	34	51	36	49	37	48	37	48	36	48	34	47	31	45	28	42	25	38	23	33	22	27	21	21	21	15	22	10	24	6	27	3	31	1	36	0	41	0	45	1	48	3	50	6	51	10	52	14	53	17	53	20	52	23	50	27	47	30	43	32	38	33	33	33	27	33	21	34	16	34	11	33	7	31	4	28	2	24	1	19	1	14	2	10	4	7	7	4	9	2	10	1	10	1	
60:
57	10.803	40	10	39	10	37	10	34	10	30	9	25	8	20	6	14	5	9	5	5	4	2	4	0	5	-1	7	-1	10	0	14	2	18	5	21	7	25	8	30	8	34	8	39	9	44	9	48	10	51	12	53	15	54	19	54	22	53	25	53	28	54	32	56	35	59	38	61	41	62	45	62	48	61	50	59	51	56	51	52	50	48	48	45	45	42	42	40	40	38	39	35	39	32	40	28	42	25	45	23	47	21	48	20	48	18	47	15	45	13	43	11	41	10	40	10	40	10	
61:
63	17.025	18	41	19	42	19	44	19	46	20	49	20	52	20	55	19	57	17	58	14	58	12	57	11	55	11	52	12	48	14	44	17	41	21	39	26	38	32	38	38	38	43	37	47	35	50	32	52	28	53	23	53	18	52	14	51	11	51	9	52	8	54	8	56	9	59	11	61	14	62	18	62	21	61	23	59	25	56	26	52	26	48	26	43	25	39	23	34	20	30	16	26	11	23	7	19	4	16	2	14	1	13	1	13	2	13	4	14	7	14	11	14	16	15	22	15	27	16	31	16	35	17	38	17	40	18	41	18	41	
62:
58	6.786	54	48	55	47	57	45	59	42	61	38	62	33	62	28	61	24	59	20	56	17	52	15	47	14	41	14	34	14	28	13	22	11	16	8	11	5	7	3	4	2	2	2	1	2	1	3	2	5	2	8	3	12	3	17	4	23	6	28	8	32	11	36	14	39	17	42	19	44	20	46	20	47	19	47	17	46	15	44	14	41	13	37	13	32	14	28	16	24	19	21	21	19	24	18	28	18	31	19	33	21	35	24	37	28	40	33	44	38	48	42	51	45	53	47	54	48	54	48	
63:
61	17.285	25	14	24	15	22	17	19	20	16	22	13	23	10	23	7	22	5	20	4	18	4	15	5	11	7	7	10	4	14	2	19	1	24	1	28	2	33	4	38	7	44	10	49	13	53	15	56	16	58	16	59	16	59	17	58	18	56	19	55	21	55	24	56	28	56	31	55	34	53	37	50	40	46	42	42	43	38	43	33	43	29	42	26	42	24	43	23	45	22	47	22	50	21	52	20	53	18	53	17	52	16	50	16	47	17	43	17	38	16	33	16	29	17	24	19	20	22	17	24	15	25	14	25	14	
64:
54	0.781	8	54	9	53	11	51	13	48	14	44	14	39	14	33	14	28	15	24	16	21	18	19	21	18	25	18	30	19	34	21	37	22	41	24	44	27	46	31	48	36	50	41	52	46	54	50	56	53	57	55	59	56	62	56	65	55	68	53	70	50	71	46	71	42	70	38	68	34	65	29	61	24	56	20	50	17	43	15	37	14	30	13	24	13	19	14	15	16	12	19	10	23	9	28	7	34	5	39	4	44	4	48	5	51	7	53	8	54	8	54	
65:
61	2.382	54	32	55	31	55	29	56	26	57	22	58	18	58	14	57	11	55	9	53	7	52	6	52	6	53	7	55	9	56	12	56	14	55	15	53	15	50	16	46	17	41	18	37	20	34	23	32	27	31	30	30	32	28	33	26	33	23	32	20	30	18	27	17	23	17	20	18	17	18	14	17	11	15	9	12	8	8	8	5	9	3	11	1	14	-1	18	-2	21	-2	23	-1	26	1	28	4	30	8	33	13	35	19	37	24	40	28	42	32	43	36	43	40	42	44	40	48	37	51	35	53	33	54	32	54	32	
66:
68	15.543	32	33	32	32	33	31	34	29	36	26	37	22	37	19	36	17	34	16	31	16	29	17	28	19	28	22	27	26	25	31	23	37	21	43	19	48	16	52	12	55	8	57	5	58	3	58	2	57	2	56	3	56	5	55	6	53	6	50	6	46	6	41	6	35	6	29	6	23	7	18	9	14	12	11	16	8	21	6	27	5	32	5	36	6	39	8	41	11	42	14	44	18	47	23	51	29	54	34	57	38	59	41	60	43	60	46	59	49	57	51	54	53	50	55	45	56	40	56	36	55	33	53	31	50	30	46	29	43	29	39	30	36	31	34	32	33	32	33	
67:
51	2.044	27	47	26	48	26	49	27	49	29	49	32	48	36	46	40	43	43	39	45	34	48	29	50	24	53	19	55	15	56	11	56	8	55	5	53	2	50	0	46	-1	41	-2	35	-2	29	-1	23	1	17	4	12	7	8	10	5	12	3	13	1	13	0	12	0	12	1	13	3	15	6	18	9	22	11	27	13	32	14	38	14	43	14	47	13	50	12	53	12	55	13	56	15	56	18	55	21	53	24	50	26	48	27	47	27	47	
68:
51	1.64	9	51	10	52	12	54	15	56	19	58	24	59	30	59	35	59	39	59	43	59	46	58	48	56	49	53	49	49	50	45	50	41	49	38	47	36	44	35	40	34	37	34	35	34	34	33	34	31	35	29	36	27	38	24	41	21	43	18	44	16	44	14	43	13	41	13	38	14	34	14	29	13	23	12	17	12	12	13	8	15	4	17	1	20	-1	24	-2	28	-2	32	-1	37	1	41	3	45	6	48	8	50	9	51	9	51	
69:
55	1.278	4	17	3	18	3	20	2	23	2	27	3	32	3	38	3	44	3	49	4	53	5	56	6	58	6	59	6	59	7	58	9	56	12	53	16	49	21	46	25	44	30	43	35	43	41	44	46	44	50	43	53	41	56	38	58	35	59	33	59	32	58	32	56	33	55	35	54	37	52	38	50	38	49	37	48	35	46	32	44	28	43	24	41	19	38	14	34	10	30	7	26	5	22	4	18	4	15	5	13	7	12	10	10	12	7	14	5	16	4	17	4	17	
70:
59	0.353	35	35	34	34	32	32	31	29	31	25	32	21	34	17	36	13	37	10	37	8	36	6	34	3	31	1	28	0	25	0	22	0	20	0	19	1	19	3	20	4	22	5	25	6	27	8	28	10	28	12	27	13	25	14	22	14	18	15	14	17	10	20	7	23	4	26	2	28	1	31	1	34	2	36	4	37	7	37	11	36	16	36	22	37	28	39	34	42	40	46	45	50	49	53	52	55	54	56	55	56	55	55	54	53	52	50	49	46	45	42	41	39	38	37	36	36	35	35	35	35	
71:
61	2.98	11	22	10	21	8	19	6	16	5	13	5	10	6	7	8	5	11	2	14	-1	18	-3	23	-4	28	-4	34	-3	39	-1	43	2	46	5	48	7	49	10	49	14	48	19	48	25	49	31	51	38	53	44	55	49	56	53	56	56	55	58	53	59	50	59	46	58	41	56	36	54	31	52	26	51	21	50	17	50	14	51	12	53	11	55	11	56	12	58	14	59	17	59	21	58	24	56	26	53	28	49	29	45	30	40	31	35	31	30	30	26	28	23	25	21	21	20	17	20	14	21	12	22	11	22	11	22	
72:
67	2.679	52	43	53	44	53	46	54	48	54	49	53	50	51	50	50	49	50	47	51	44	52	40	52	35	51	31	49	28	46	25	42	23	37	22	32	22	27	23	23	25	20	28	18	32	17	37	17	41	18	44	19	46	19	48	18	49	16	49	13	48	9	46	5	43	2	40	0	36	-1	32	-1	27	0	23	2	20	4	16	6	12	7	9	9	7	12	6	16	6	21	7	26	9	32	10	39	10	45	9	50	7	54	5	57	4	59	4	60	3	60	3	59	4	57	6	54	9	51	13	49	18	48	23	47	28	47	33	48	37	49	40	51	42	52	43	52	43	
73:
53	5.19	10	31	11	32	13	33	16	35	20	36	25	38	29	41	32	45	34	48	37	50	41	51	44	51	46	50	49	50	51	51	54	51	56	50	57	48	57	45	56	41	55	38	53	35	50	33	46	31	41	30	35	29	30	28	26	26	23	25	21	23	20	20	20	17	21	13	23	10	24	6	25	3	25	0	24	-2	22	-3	19	-4	16	-4	14	-3	11	-1	8	2	5	5	3	9	2	13	2	18	3	22	5	25	7	28	9	30	10	31	10	31	
74:
60	3.773	13	8	12	9	11	11	10	14	10	18	11	22	13	27	16	33	18	39	21	44	25	48	30	51	34	53	37	54	39	54	40	54	40	53	39	52	37	50	34	49	30	49	25	50	20	50	15	50	11	49	7	47	4	44	2	40	1	35	0	31	0	26	1	21	3	16	6	11	9	6	13	2	18	-1	24	-3	30	-4	36	-4	41	-3	46	-1	50	2	53	6	55	10	56	13	56	15	55	16	53	16	50	16	47	15	43	13	39	10	34	8	28	6	23	5	19	5	16	6	14	7	13	8	13	8	
75:
67	8.273	38	29	37	30	35	30	32	31	28	33	24	34	21	35	17	35	13	36	9	38	6	41	3	45	1	48	0	50	0	51	1	52	3	53	6	54	10	54	15	55	21	56	28	56	34	55	39	53	43	52	46	52	48	53	49	55	49	57	48	58	46	58	43	57	39	55	34	52	29	48	24	43	20	37	17	30	15	24	14	19	14	15	15	12	16	10	18	9	21	9	25	10	28	10	30	9	33	7	37	5	41	3	45	2	49	2	52	3	54	5	55	8	55	12	54	16	53	19	51	21	48	22	44	22	41	23	39	24	38	26	38	28	38	29	38	29	
76:
54	5.968	4	37	5	38	7	38	10	37	14	35	19	32	25	28	31	25	37	21	42	18	47	16	51	15	54	15	56	16	57	16	57	15	56	13	54	10	51	7	47	5	42	4	36	3	30	3	25	4	21	4	18	5	16	7	15	10	15	12	16	13	18	13	21	14	25	15	29	17	34	18	38	20	41	23	43	27	44	30	44	33	43	36	41	39	38	41	34	42	31	43	28	45	26	46	23	46	19	45	14	44	10	42	7	40	5	38	4	37	4	37	
77:
54	2.348	17	46	18	46	20	46	23	47	27	47	32	46	36	44	39	43	42	41	45	38	47	34	48	29	49	24	51	20	53	16	55	13	57	11	58	9	58	8	58	8	57	9	55	11	52	14	48	17	45	19	43	20	42	20	41	19	40	17	39	14	37	10	34	7	30	4	25	2	20	1	16	1	13	2	11	4	10	7	8	11	5	14	3	18	2	23	1	28	1	32	2	35	4	37	7	38	11	38	14	39	16	41	17	43	17	45	17	46	17	46	
78:
69	8.159	51	30	50	29	48	27	47	24	46	21	46	19	47	18	49	18	52	19	55	21	57	23	58	25	58	26	57	26	55	25	52	23	48	20	43	17	37	15	30	14	23	12	17	11	12	10	8	8	5	6	3	4	2	1	2	-1	3	-2	5	-2	8	-1	12	1	17	4	21	7	24	11	26	16	27	22	27	29	26	36	26	42	25	47	23	51	20	54	17	56	14	57	11	57	9	56	8	55	8	54	9	54	11	55	14	57	18	58	23	59	29	59	35	58	40	56	45	55	49	55	52	55	54	54	55	52	56	49	56	45	56	40	55	36	54	33	52	31	51	30	51	30	
79:
64	4.955	16	11	16	10	16	8	16	6	17	3	19	1	21	0	24	0	26	1	27	2	27	4	26	7	24	11	21	14	17	18	13	22	10	27	8	32	7	36	7	39	8	41	10	42	13	42	16	41	18	39	21	36	25	32	30	27	34	22	38	18	41	15	44	13	47	12	49	12	50	13	51	15	51	18	50	22	48	26	45	29	41	33	38	38	36	43	35	48	35	53	35	57	34	60	32	62	29	63	25	63	20	62	16	60	13	57	11	53	10	48	10	43	11	38	11	32	11	26	11	21	12	17	13	14	15	12	16	11	16	11	
80:
59	9.585	55	42	54	43	52	45	50	48	48	51	47	54	47	56	48	57	50	57	53	56	55	54	56	51	56	47	55	42	53	36	51	29	48	23	44	18	40	14	35	11	29	9	23	8	18	8	14	9	11	9	9	10	8	11	8	13	8	16	7	19	5	23	3	28	1	34	0	39	0	44	1	48	3	51	5	53	8	54	11	55	13	55	14	54	16	52	18	49	19	45	19	40	20	36	22	33	25	31	28	30	31	30	33	31	36	33	40	36	45	39	49	41	52	42	54	42	55	42	55	42	
81:
61	5.664	9	54	10	53	12	51	15	48	19	44	23	40	27	36	30	33	33	31	36	30	38	28	39	26	41	25	44	25	47	26	51	27	56	27	60	26	63	24	65	21	66	17	66	13	65	10	63	7	60	5	56	4	53	4	51	5	49	7	47	10	44	13	41	15	37	16	32	16	26	15	21	13	17	10	13	7	10	5	8	4	7	4	7	5	8	6	10	8	13	11	17	14	21	17	24	20	26	23	27	26	27	28	26	29	24	30	21	32	17	35	14	39	12	44	11	48	11	51	10	53	9	54	9	54	
82:
62	10.855	25	36	25	37	26	39	28	42	30	46	31	51	33	55	36	58	40	60	45	61	49	61	52	60	54	58	55	55	55	51	54	46	52	40	49	35	46	31	42	27	38	24	35	22	32	19	28	17	24	16	20	16	17	17	15	19	14	22	12	26	9	29	6	31	4	32	3	34	3	35	4	35	6	34	9	32	13	29	18	25	24	21	31	16	37	11	43	7	48	4	52	2	55	1	57	0	58	0	59	1	59	3	58	6	56	10	53	15	49	19	44	22	40	26	35	29	31	31	28	33	26	35	25	36	25	36	
83:
64	15.962	33	57	34	56	36	54	39	51	42	47	44	43	46	38	48	32	50	26	51	21	51	16	50	12	48	9	45	7	41	6	38	5	34	5	29	4	24	4	20	5	17	5	15	4	14	4	14	4	15	3	17	3	20	4	24	6	27	9	31	12	34	16	36	21	37	26	37	30	36	33	34	35	31	36	28	36	25	35	23	33	22	30	22	26	23	22	23	19	23	17	22	16	20	16	17	17	13	19	10	22	8	26	6	31	5	36	5	41	6	45	8	48	11	52	14	55	18	57	23	58	27	58	30	58	32	57	33	57	33	57	
84:
57	1.901	23	32	22	32	20	33	17	35	14	38	12	41	10	45	9	48	9	50	9	51	10	51	11	50	11	48	10	45	8	41	5	36	3	30	2	24	2	18	3	13	5	9	8	6	12	4	16	3	20	2	23	2	25	3	26	5	27	8	29	12	32	17	36	22	41	27	45	31	49	34	53	36	56	37	58	37	59	37	59	38	58	40	56	41	53	41	49	40	44	38	39	37	33	35	28	32	24	30	21	29	19	29	18	29	18	30	19	32	20	33	22	33	23	32	23	32	
85:
67	42.24	21	51	22	52	24	54	27	55	30	56	32	56	33	55	33	54	32	52	30	49	28	45	25	40	23	34	22	27	22	21	23	16	25	12	28	9	32	7	35	5	39	4	42	4	44	5	45	7	45	9	44	12	42	16	41	21	41	25	42	28	44	30	47	31	50	31	52	30	53	28	53	25	52	21	50	18	47	16	43	15	38	15	34	16	29	18	25	21	22	25	20	28	19	30	17	31	14	31	12	30	11	28	11	27	10	27	10	28	11	30	11	33	10	36	8	38	7	40	7	43	8	47	10	50	13	52	16	53	18	53	20	52	21	51	21	51	
86:
68	18.45	51	50	50	49	48	47	46	44	45	41	45	37	45	33	45	30	45	28	44	27	42	27	39	28	35	30	31	33	28	37	25	41	23	46	22	51	21	55	19	58	16	60	13	61	10	61	8	60	7	59	7	57	8	54	10	50	12	47	15	44	17	42	18	41	18	41	17	42	15	43	12	43	9	42	5	40	2	37	-1	33	-3	28	-4	23	-4	19	-4	15	-3	11	-1	8	2	6	6	5	11	5	17	5	23	5	30	5	37	5	43	6	48	7	52	9	55	11	57	14	58	18	58	23	57	28	55	34	52	39	50	43	49	46	49	48	50	49	51	50	51	50	
87:
63	14.649	32	45	33	44	35	43	38	41	42	40	46	40	49	39	52	37	54	35	55	34	55	32	54	31	52	31	49	32	45	33	40	35	34	38	27	42	20	46	14	50	9	53	5	55	2	56	0	56	-1	55	-1	53	0	50	2	46	5	41	9	37	12	32	16	27	19	21	21	16	23	12	24	9	24	7	23	6	21	6	20	7	19	8	17	8	14	7	10	5	6	3	3	2	1	2	0	3	0	5	1	8	3	12	6	16	10	21	14	26	17	30	20	33	22	37	23	40	24	43	26	45	29	46	31	46	32	45	32	45	
88:
56	1.87	21	8	22	9	22	11	21	14	19	18	16	23	14	28	13	33	12	37	12	40	13	42	15	43	18	43	22	42	27	42	32	42	38	43	43	43	47	43	50	42	52	40	53	37	53	34	52	32	50	31	47	31	44	32	40	34	36	36	31	39	25	43	19	47	14	50	10	52	6	53	3	53	1	52	0	50	0	47	1	44	3	42	5	41	8	41	12	41	16	40	19	39	21	37	24	34	26	30	27	25	27	20	26	16	24	13	22	11	21	9	21	8	21	8	
89:
59	6.046	47	30	48	29	50	27	51	24	52	20	52	15	51	11	49	8	46	6	42	5	37	5	31	5	24	6	18	8	13	11	9	13	6	16	4	20	3	24	2	28	2	31	3	33	5	34	8	35	10	37	11	40	13	44	14	48	16	51	19	53	23	54	27	54	31	53	34	53	36	54	37	54	37	55	36	55	34	54	31	52	27	49	22	45	18	42	15	39	13	35	12	31	11	28	11	26	12	25	14	25	17	26	21	28	26	29	32	29	37	30	41	31	44	31	46	31	47	30	47	30	
90:
60	2.686	16	24	15	23	13	22	10	21	7	21	5	21	3	20	2	19	2	17	3	14	5	11	7	9	10	8	14	8	19	8	25	7	32	5	38	3	44	1	49	0	53	0	56	0	58	1	59	2	59	2	58	2	56	3	53	5	51	8	48	12	46	16	45	20	45	25	46	29	47	33	49	37	50	41	50	44	50	46	49	47	48	47	46	46	44	44	42	41	41	39	40	36	39	34	38	33	36	33	33	34	29	36	26	37	23	37	21	36	19	34	17	31	16	28	15	26	15	25	16	24	16	24	
91:
56	1.989	42	25	41	24	39	24	36	25	32	25	27	25	22	25	18	26	13	28	9	31	6	34	4	38	3	41	3	43	4	44	6	44	8	44	10	43	13	41	17	39	22	38	28	38	33	39	37	41	40	44	42	48	43	52	45	55	48	57	51	58	53	59	54	59	54	58	54	56	53	53	51	51	48	50	45	50	43	49	42	47	42	44	43	40	45	36	48	33	51	30	54	28	56	27	57	27	57	26	56	26	54	25	51	24	48	23	45	23	43	24	42	25	42	25	
92:
61	1.858	53	59	52	58	50	56	47	53	44	49	40	44	35	40	31	36	28	33	25	31	23	30	22	30	21	31	21	33	20	36	18	40	16	44	13	47	9	49	5	50	2	50	0	49	-1	47	-1	44	0	40	2	35	5	30	9	26	14	21	20	15	25	10	30	6	36	3	41	0	45	-2	48	-3	50	-3	51	-2	52	0	52	3	51	7	51	11	52	16	54	21	56	25	57	28	57	30	56	33	54	35	51	36	47	37	44	38	42	40	41	41	41	43	42	46	44	50	47	53	50	56	52	58	53	59	53	59	
93:
66	6.455	17	21	16	22	14	24	11	27	9	31	8	36	8	42	8	47	8	51	9	54	10	56	12	57	15	57	19	56	22	55	26	55	30	54	33	52	36	49	40	45	43	40	47	34	50	28	52	22	53	17	53	13	53	10	52	8	50	7	49	7	49	8	48	10	46	13	44	17	41	22	38	28	34	33	30	37	26	40	21	42	16	43	12	43	8	42	5	40	3	37	2	33	2	28	3	22	5	17	6	12	6	7	6	3	7	0	9	-2	12	-3	15	-3	19	-2	22	0	24	3	25	7	25	11	24	15	22	18	20	20	18	21	17	21	17	21	
94:
63	4.198	29	26	30	25	32	24	35	23	38	23	40	24	41	26	41	29	41	33	40	38	39	43	37	47	36	51	36	54	37	56	39	57	42	57	46	56	50	54	53	51	55	47	56	42	56	38	55	35	53	33	50	32	46	32	42	33	37	35	31	36	25	37	19	37	14	36	10	34	7	31	5	27	4	23	4	19	3	15	2	11	2	8	3	6	5	5	8	5	12	6	17	7	23	9	28	11	33	12	38	12	42	11	45	11	47	11	48	11	48	12	47	14	45	17	42	21	38	24	35	26	32	27	30	27	29	26	29	26	
95:
66	3.66	23	23	24	24	26	26	29	29	33	33	38	38	43	42	47	45	50	47	53	48	55	49	56	49	57	48	57	46	56	43	55	39	55	34	54	28	53	22	51	17	48	13	44	10	39	8	33	7	28	7	22	7	17	7	13	7	10	8	8	10	7	12	7	14	8	16	10	19	13	22	17	26	22	31	27	36	31	40	34	43	36	45	37	46	37	48	36	51	34	54	31	56	27	57	23	57	18	56	13	54	9	53	6	53	3	53	1	53	0	52	0	51	1	49	3	46	6	42	10	38	13	35	17	32	20	29	22	26	23	24	23	23	23	23	
96:
69	26.656	54	56	54	55	53	53	52	50	50	46	47	43	43	41	40	40	37	40	35	41	34	43	34	46	35	50	35	53	34	55	32	56	29	56	25	55	21	53	18	50	16	46	15	41	15	35	16	30	18	26	21	23	24	21	28	20	33	20	39	20	44	21	48	21	51	20	53	18	54	15	54	11	53	8	51	6	48	4	44	3	39	2	34	0	29	-1	23	-1	18	-1	14	0	11	2	9	5	8	8	8	11	9	13	11	14	14	15	18	16	23	18	28	19	32	20	35	22	37	25	38	29	38	34	38	40	39	45	41	49	44	52	48	54	51	55	53	56	54	56	54	56	
97:
67	7.104	4	50	5	49	7	47	10	44	13	40	17	35	22	31	26	27	31	23	35	20	38	16	40	13	41	11	41	10	40	10	38	11	35	12	31	14	26	15	20	15	15	14	11	12	8	9	6	7	3	6	1	6	-1	7	-2	9	-2	12	-1	16	1	21	4	27	6	32	9	37	11	41	14	44	18	46	23	47	29	47	34	46	38	44	43	43	47	43	50	44	52	46	54	49	55	52	55	55	54	57	52	58	50	58	47	57	44	55	40	52	35	50	29	49	23	49	17	50	12	52	8	54	5	55	3	56	2	56	2	55	3	53	4	51	4	50	4	50	
98:
55	2.901	14	41	15	42	17	44	20	46	24	47	28	49	31	51	33	53	34	54	34	54	33	53	32	51	30	48	27	44	23	39	20	34	16	28	13	23	10	19	8	16	6	14	5	13	5	12	6	12	8	13	11	15	14	18	18	21	22	23	26	24	30	24	33	23	35	21	36	19	36	16	37	13	39	10	42	8	45	6	47	5	49	5	50	6	50	8	49	11	47	15	44	19	40	23	35	27	30	31	26	34	23	37	20	39	17	40	15	41	14	41	14	41	
99:
61	6.893	23	45	22	44	20	42	18	39	16	35	15	31	15	28	16	25	18	23	21	22	24	22	28	22	32	23	35	25	37	28	38	30	38	31	37	31	35	30	33	28	32	25	32	21	33	16	35	12	38	8	42	5	45	3	47	2	48	2	48	1	47	0	45	0	42	1	38	3	33	5	29	7	26	8	23	8	21	7	20	5	20	3	21	2	22	2	22	3	21	5	19	8	16	12	14	16	12	21	9	26	7	30	6	35	6	39	7	42	9	45	12	47	16	48	19	48	21	47	22	46	23	45	23	45	