0:
105	783.101	10	65	9	66	9	68	8	71	8	75	8	80	9	85	11	90	14	94	16	97	17	99	18	100	20	100	22	99	25	97	27	94	30	90	34	85	39	80	45	76	51	73	56	71	61	70	66	70	72	71	77	73	81	76	85	80	89	83	92	85	94	86	96	86	97	85	97	83	96	80	94	78	91	76	87	73	83	70	80	68	78	65	77	63	77	62	78	61	80	60	82	58	85	55	89	51	93	46	97	40	100	34	102	27	103	21	103	16	102	12	100	9	97	7	94	6	92	6	91	7	91	9	91	12	90	16	90	21	90	27	89	32	87	36	84	40	80	44	75	48	71	52	68	55	66	57	64	58	62	58	59	57	55	55	51	52	48	48	46	43	43	37	41	30	39	23	38	17	37	12	35	8	32	5	28	3	23	2	17	2	12	3	8	5	5	8	3	12	1	17	0	23	0	30	1	37	3	44	6	50	8	55	9	59	9	62	9	64	10	65	10	65	
1:
91	17.648	56	21	55	21	53	21	50	22	46	24	41	27	35	31	30	36	24	42	18	49	13	56	9	64	5	72	2	79	0	85	-1	90	-1	94	0	97	2	99	5	100	9	100	14	101	19	101	25	102	32	102	40	101	47	99	54	96	60	92	65	87	69	81	72	74	74	68	75	63	75	59	75	56	75	54	76	53	78	53	79	54	81	56	84	59	88	63	93	68	97	74	100	80	102	85	103	89	103	92	102	94	100	95	98	96	95	96	91	95	86	94	80	92	73	89	65	85	56	80	46	76	37	71	29	65	22	58	16	50	11	43	7	37	4	32	2	28	1	25	1	23	2	22	4	22	7	23	11	25	16	26	21	26	27	25	34	24	41	22	47	19	52	15	56	12	59	10	61	9	62	9	62	10	62	12	61	15	59	18	57	20	56	21	56	21	
2:
88	30.905	5	90	6	89	8	88	11	86	15	85	20	85	26	86	33	87	41	87	48	88	55	88	61	87	66	87	70	86	73	84	75	82	76	80	76	77	75	73	73	68	70	63	66	58	62	52	58	45	54	37	51	30	49	24	48	19	48	15	49	12	51	9	54	7	58	5	63	4	69	3	76	3	82	4	87	6	91	7	94	9	96	12	97	15	97	19	96	24	95	28	93	31	90	33	86	34	81	34	77	33	72	31	66	28	59	24	52	20	45	16	39	13	32	10	25	8	19	6	14	5	9	5	5	6	2	6	0	5	-1	3	-1	1	0	0	2	0	5	0	9	1	14	3	18	6	22	10	25	15	27	21	28	27	28	33	27	40	25	47	23	54	21	62	18	69	14	75	11	80	8	84	6	87	5	89	5	90	5	90	
3:
83	274.518	86	55	85	56	83	58	80	61	77	65	73	69	69	73	64	76	58	78	52	79	46	79	41	78	37	76	34	73	32	69	31	64	30	59	28	55	25	51	22	48	19	46	16	45	13	45	10	44	8	42	7	39	6	37	6	36	6	36	5	37	3	39	2	42	2	46	3	51	5	57	7	64	9	71	12	77	15	83	19	88	22	92	24	95	25	97	25	98	24	98	22	97	21	95	21	92	22	88	24	83	27	77	31	72	35	68	40	65	46	63	52	62	58	61	63	59	67	56	70	52	72	48	73	43	73	39	72	35	72	32	73	30	75	29	78	29	82	29	86	30	90	32	94	35	97	39	99	44	100	48	100	51	99	53	97	54	95	54	92	53	89	53	87	54	86	55	86	55	
4:
79	71.618	28	25	29	25	31	26	34	26	38	27	43	28	49	30	56	33	62	37	67	41	71	45	74	50	76	56	77	63	77	70	76	76	74	81	71	85	67	88	62	90	56	91	49	92	42	93	34	93	27	94	21	95	16	97	12	98	9	98	7	98	6	98	6	97	7	95	9	92	12	90	16	89	21	89	27	90	34	91	42	91	49	90	56	89	62	88	67	88	72	89	76	91	79	94	81	96	82	97	83	97	83	96	83	94	84	91	86	87	89	84	92	81	95	77	97	72	98	66	98	59	98	51	97	43	95	35	92	28	88	22	84	17	79	13	73	10	66	8	59	7	52	7	46	8	41	10	37	13	34	17	32	20	31	22	29	24	28	25	28	25	
5:
78	16.064	56	21	56	20	56	18	57	16	59	14	62	11	65	9	69	8	74	8	78	9	82	11	85	14	87	18	88	23	88	29	88	36	87	44	85	53	82	62	80	70	79	77	79	83	80	88	81	92	81	95	80	98	78	100	75	101	71	101	67	100	62	99	58	99	53	100	47	102	40	104	34	105	28	105	23	104	19	102	16	99	14	95	13	91	12	86	11	80	11	73	12	67	13	62	13	58	14	55	14	53	15	52	16	52	18	53	21	55	25	58	30	62	36	67	43	72	49	76	54	79	58	81	61	82	64	82	67	81	70	79	72	76	73	72	73	67	72	61	70	54	67	47	63	41	60	36	58	31	56	27	55	24	55	22	56	21	56	21	
6:
87	41.03	6	24	7	23	9	23	12	24	16	25	20	25	25	24	31	24	38	24	46	25	54	27	63	29	72	32	80	36	87	41	93	46	98	52	102	59	105	66	107	72	108	77	108	81	107	84	105	86	102	87	98	87	93	86	87	84	81	81	74	79	66	78	58	78	50	79	43	81	37	83	32	85	27	86	22	86	18	85	15	84	13	83	12	83	12	84	13	86	15	88	18	90	22	92	27	93	32	93	38	93	45	92	53	90	62	87	70	83	77	78	83	72	88	66	92	60	95	54	97	48	98	42	98	35	98	28	97	21	95	14	92	7	88	1	83	-4	77	-8	70	-11	62	-14	53	-16	44	-17	36	-17	28	-16	21	-14	15	-11	10	-8	6	-4	3	1	1	6	0	11	0	15	1	18	3	21	5	23	6	24	6	24	
7:
77	18.643	28	58	27	57	26	56	26	54	27	51	29	47	32	43	36	40	41	37	47	35	54	33	62	32	70	32	77	32	83	33	88	35	92	37	95	38	97	38	98	37	98	35	97	32	95	29	92	26	88	23	84	19	79	16	73	14	66	13	58	12	50	12	41	11	33	11	26	10	20	8	15	6	11	5	8	5	6	6	5	7	5	9	6	12	8	16	11	20	14	25	18	30	23	34	29	39	36	45	44	50	53	54	61	58	68	63	74	68	79	72	83	75	86	77	88	78	89	78	89	77	88	76	86	76	83	75	79	74	74	74	68	73	61	72	54	72	48	71	42	71	37	70	33	68	30	65	28	62	27	60	27	59	28	58	28	58	
8:
77	35.165	66	4	65	5	63	5	60	6	56	7	51	9	47	12	44	16	42	21	41	27	41	33	42	38	44	42	47	45	51	47	56	48	62	49	68	50	73	50	77	49	80	47	82	45	83	43	83	42	82	42	80	43	77	44	75	46	73	49	72	53	72	56	73	59	75	61	78	62	82	62	85	61	89	60	92	60	95	61	97	63	98	66	98	70	97	75	96	81	94	86	91	90	87	93	82	95	76	96	69	96	61	95	53	93	46	91	40	89	35	86	30	82	26	77	23	71	21	64	20	56	20	48	19	40	18	33	18	27	19	22	21	18	24	15	28	12	33	9	39	7	45	6	51	4	56	3	60	2	63	2	65	3	66	4	66	4	
9:
80	12.524	86	80	85	79	84	77	82	74	81	70	81	65	82	60	82	54	82	47	83	40	84	32	86	25	89	19	92	14	94	10	95	6	95	3	94	1	92	0	89	0	86	1	82	3	77	6	73	10	68	13	62	15	55	16	47	16	40	15	34	13	28	10	23	8	19	7	16	7	14	8	13	10	13	12	14	15	16	19	19	22	23	25	26	27	29	28	31	28	32	29	32	31	31	34	29	38	28	43	28	48	29	52	31	56	34	59	38	61	43	62	47	62	50	62	52	62	53	63	53	65	52	67	50	69	47	72	45	76	44	79	44	82	44	85	45	87	47	88	50	88	54	87	58	85	63	82	69	79	74	77	78	76	81	76	83	77	85	79	86	80	86	80	
10:
86	42.431	93	98	93	97	92	95	91	92	89	88	86	83	83	79	79	75	74	72	68	70	61	69	53	69	44	70	36	72	29	75	23	79	18	82	14	84	11	85	9	85	8	84	8	82	9	79	11	75	14	70	18	65	22	59	25	52	27	45	28	38	29	32	30	27	31	23	33	20	36	18	40	17	45	17	51	18	58	20	66	23	73	27	79	31	84	34	88	36	91	37	93	37	95	36	96	34	96	31	95	27	93	23	90	18	87	14	83	11	78	8	72	6	66	5	59	3	51	0	43	-2	36	-3	30	-3	25	-2	21	0	18	3	16	7	15	12	15	18	16	25	17	31	19	36	22	42	26	49	31	55	37	60	44	64	51	68	59	72	66	77	72	81	78	84	83	88	87	92	90	95	92	97	93	98	93	98	
11:
80	116.198	41	77	40	76	38	75	35	74	31	73	26	73	22	74	19	74	16	75	14	77	13	78	13	78	14	77	16	75	19	72	23	69	28	65	33	60	37	54	41	47	45	40	48	34	51	28	55	23	60	19	64	15	68	12	72	10	76	9	79	9	81	10	82	12	82	15	81	18	79	20	76	21	72	22	67	22	61	21	54	19	46	16	39	13	33	10	27	7	21	5	16	4	12	4	9	5	7	7	6	10	6	14	7	18	9	22	12	25	16	27	21	29	27	30	34	30	42	31	49	33	56	36	62	40	67	45	71	50	74	55	76	61	77	66	77	72	76	77	74	81	72	84	69	86	65	87	60	87	55	86	51	85	47	83	44	80	42	78	41	77	41	77	
12:
89	319.857	90	8	91	9	93	11	94	14	94	18	93	23	91	29	88	35	84	41	79	46	74	51	70	57	66	62	63	66	61	69	60	71	60	72	61	72	63	71	66	71	70	72	75	73	79	75	84	77	88	80	91	83	93	86	94	90	94	94	93	98	91	101	88	103	84	104	79	104	73	103	67	101	62	98	58	94	55	89	53	83	52	76	52	70	53	64	54	58	54	53	53	48	51	43	48	38	45	33	43	27	42	21	42	16	43	12	43	9	43	7	43	6	42	6	40	7	37	9	33	12	28	16	24	21	19	26	15	30	12	33	10	35	8	36	7	36	7	37	8	39	10	42	13	46	17	49	22	51	28	52	35	52	43	51	52	49	60	47	67	44	73	40	78	35	82	29	85	23	88	18	90	14	91	11	91	9	90	8	90	8	
13:
87	30.582	25	65	26	66	27	68	29	71	32	75	35	79	39	82	42	84	44	85	45	85	45	84	46	82	48	79	51	75	55	71	60	68	64	65	68	63	73	62	79	62	84	61	88	61	91	62	93	64	94	67	95	71	95	75	94	79	92	84	89	89	85	93	80	96	75	99	71	101	67	102	64	102	61	102	59	101	58	99	58	96	59	92	61	88	63	83	65	77	66	70	66	64	65	59	63	53	60	48	58	42	57	37	57	33	58	30	60	27	63	25	66	23	68	21	70	18	71	15	71	11	70	6	68	1	65	-4	61	-9	56	-13	50	-16	43	-18	35	-19	27	-19	20	-18	14	-16	9	-13	5	-9	2	-4	0	2	-1	9	-1	17	0	25	2	32	5	38	9	44	12	50	15	55	19	59	22	62	24	64	25	65	25	65	
14:
85	21.57	10	36	11	35	13	33	16	30	19	26	23	21	28	17	34	13	40	10	45	8	49	7	54	7	59	8	63	10	66	13	68	17	69	22	71	28	73	34	76	40	80	45	85	49	89	53	92	57	94	62	95	68	95	73	94	77	92	80	89	82	87	83	86	83	86	82	87	80	87	77	87	73	87	68	86	62	84	56	81	51	77	47	72	44	66	41	61	39	57	38	54	38	52	39	51	41	51	44	52	48	54	52	57	57	61	61	65	66	68	72	70	78	71	83	71	87	70	90	68	92	65	93	63	94	60	94	56	93	51	91	47	88	43	85	39	81	34	76	28	70	21	63	15	55	10	48	6	42	3	37	1	33	-1	30	-2	28	-2	27	-1	27	1	28	4	30	7	33	9	35	10	36	10	36	
15:
72	31.65	78	9	79	10	81	12	84	15	86	19	87	24	87	30	86	36	84	43	81	49	77	56	73	64	68	71	64	77	61	82	59	86	58	89	58	91	59	92	61	94	64	97	68	99	72	100	75	100	77	99	78	97	79	94	79	90	78	86	76	82	74	78	71	75	67	71	62	68	56	66	50	63	44	61	37	60	31	60	25	59	20	57	16	54	13	50	11	46	10	43	10	40	11	38	13	37	16	37	20	38	25	39	30	41	34	42	37	42	39	41	40	39	40	36	40	32	41	28	42	23	44	17	47	12	51	8	54	5	56	3	59	2	63	2	68	3	72	4	75	6	77	8	78	9	78	9	
16:
84	40.4	96	77	95	78	93	80	90	82	86	85	81	87	75	88	68	88	61	87	55	85	50	82	46	79	43	75	41	70	40	64	40	58	41	53	43	47	46	40	50	34	55	29	60	24	66	20	73	17	79	15	84	14	88	14	92	15	95	17	97	18	98	18	98	19	97	20	95	22	92	24	88	26	83	27	77	27	70	26	62	25	53	25	44	26	36	28	29	31	23	33	18	34	14	34	11	33	9	31	8	28	8	26	9	24	11	23	14	23	17	24	19	26	20	29	20	33	19	38	18	44	18	50	19	57	21	63	24	68	28	74	32	80	37	85	42	89	48	92	55	94	61	96	68	99	74	101	79	102	83	102	87	101	90	99	92	96	95	92	97	87	98	83	98	80	97	78	96	77	96	77	
17:
73	27.968	32	6	31	7	29	9	27	12	26	16	26	19	27	23	29	27	32	30	36	33	41	35	45	36	48	36	52	35	55	33	57	31	58	28	59	24	61	20	64	16	66	13	67	10	69	8	72	7	76	7	79	8	81	10	83	13	85	17	86	22	86	28	85	35	85	43	86	52	86	61	86	69	87	76	88	82	88	87	87	91	85	94	82	96	80	97	77	97	73	96	68	94	62	91	55	87	49	82	43	76	38	69	34	61	29	54	25	48	21	43	17	39	12	36	8	34	5	33	3	32	2	31	2	29	3	26	5	23	8	19	12	14	16	10	20	7	24	5	27	4	29	4	31	5	32	6	32	6	
18:
89	145.165	46	94	47	95	49	97	52	99	56	101	61	102	67	102	73	101	80	99	86	96	91	92	95	87	98	81	100	74	101	67	101	60	100	54	98	49	95	45	91	42	87	40	84	39	82	39	80	40	79	42	79	45	78	48	76	50	73	51	69	51	65	50	62	48	60	46	59	43	59	39	60	34	61	30	61	27	61	25	60	24	58	24	55	25	51	27	46	28	40	28	33	28	26	27	20	25	15	24	11	24	8	24	6	23	5	23	5	24	6	25	8	27	11	30	15	34	20	39	25	43	31	46	37	48	42	50	48	53	53	57	57	62	60	67	62	73	63	78	63	82	62	85	60	87	57	88	53	88	50	87	48	85	47	82	47	79	46	77	44	76	43	76	41	77	40	79	40	82	41	86	43	89	45	91	46	93	46	94	46	94	
19:
83	113.962	83	64	82	63	80	62	77	60	73	58	68	57	62	56	55	56	47	57	38	59	30	62	23	65	17	69	12	74	8	80	5	86	3	91	2	95	2	98	3	100	5	101	8	101	12	100	17	98	22	95	26	91	29	88	31	84	33	81	34	79	34	77	33	74	31	71	28	69	24	68	19	68	15	67	12	67	10	66	9	64	8	61	8	57	9	52	11	46	13	39	14	32	16	26	19	21	21	16	22	12	23	9	23	7	23	6	23	6	24	7	25	9	27	12	30	14	33	15	36	15	40	14	45	12	51	11	58	10	65	10	72	9	78	9	83	10	87	10	90	11	92	13	93	16	93	20	93	25	93	31	92	37	92	43	91	49	89	54	87	58	85	61	84	63	83	64	83	64	
20:
75	26.525	41	88	41	87	40	85	39	82	37	78	34	73	30	67	27	60	25	52	23	44	22	37	20	30	19	24	19	19	20	15	22	12	25	10	29	9	34	9	39	10	44	12	49	15	55	17	61	18	67	18	73	17	78	16	82	16	85	16	87	17	88	19	88	22	87	26	85	31	82	37	80	44	79	50	79	55	80	59	82	62	84	65	85	67	85	68	84	68	82	68	79	67	75	67	72	66	68	64	63	61	57	58	51	54	46	51	42	49	39	48	37	48	36	49	34	51	33	54	31	56	28	59	24	62	21	64	19	66	18	69	18	72	19	74	21	77	24	79	27	80	31	82	35	83	38	85	40	87	41	88	41	88	
21:
86	9.104	7	22	8	23	9	25	10	28	11	32	13	36	16	41	19	47	21	53	22	60	22	66	23	71	25	75	28	78	32	80	35	81	37	81	38	80	40	78	43	75	46	71	49	68	53	66	58	65	64	65	70	66	75	68	79	71	82	75	84	78	86	80	89	81	93	81	96	80	98	78	99	75	99	71	99	67	98	62	96	56	94	50	91	43	87	36	84	30	81	25	79	21	78	18	78	16	79	15	81	15	83	16	85	18	88	21	90	25	91	30	91	36	91	42	90	47	88	51	85	54	83	56	81	57	79	57	76	56	72	54	67	51	61	47	54	43	47	38	41	32	35	25	29	19	24	14	20	10	17	7	13	5	10	4	8	4	7	5	7	7	7	9	8	12	9	16	9	19	8	21	7	22	7	22	
22:
101	584.482	36	23	36	22	35	20	34	17	32	13	30	10	27	7	23	4	20	2	16	1	11	1	5	2	0	4	-4	7	-7	11	-9	16	-10	22	-10	29	-9	36	-7	42	-5	47	-3	51	0	54	4	56	9	57	15	57	20	56	24	55	27	55	30	55	32	56	33	58	33	61	32	65	30	70	27	75	25	80	23	84	22	87	22	90	23	92	25	93	28	93	32	92	37	90	41	87	44	84	48	80	51	75	53	70	54	64	55	57	56	49	58	42	61	36	65	30	69	25	72	20	76	16	79	13	81	11	82	10	82	8	81	7	79	7	76	8	72	9	67	10	63	10	60	9	58	7	57	5	57	3	58	2	60	2	63	3	67	5	72	8	78	12	83	16	87	21	91	27	94	32	96	36	97	40	97	43	96	45	94	46	91	46	87	45	82	43	76	40	69	36	62	32	56	29	51	27	46	26	42	26	39	25	37	24	36	23	36	23	
23:
92	85.926	76	57	77	57	79	56	82	54	85	51	89	47	92	42	94	36	95	31	95	27	94	24	92	22	89	21	85	19	80	16	75	12	70	8	65	5	59	3	52	2	44	2	36	3	29	5	23	8	18	12	14	15	11	17	9	18	8	18	8	17	9	15	11	12	14	9	18	6	23	4	29	3	36	3	43	3	49	4	54	6	58	9	61	12	63	14	64	17	64	21	63	26	62	32	60	38	57	45	53	52	48	58	42	64	35	70	28	75	21	79	15	82	10	85	6	89	3	92	1	94	0	96	0	97	1	98	3	98	6	97	10	97	15	96	21	94	27	91	33	89	38	87	42	84	45	82	47	81	50	81	53	82	57	84	61	86	66	88	72	89	77	89	81	88	84	86	86	83	87	79	87	74	86	69	84	65	81	62	79	60	77	58	76	57	76	57	
24:
72	23.638	22	53	23	54	23	56	24	59	26	63	29	68	31	73	34	79	38	84	41	89	43	93	44	96	44	98	44	99	45	99	45	98	46	96	46	93	45	89	44	84	43	78	43	73	43	69	43	65	44	62	46	60	49	58	53	57	58	57	64	58	70	58	76	58	81	57	85	55	88	53	90	52	91	51	91	51	90	51	88	52	85	53	81	53	76	52	71	50	66	47	62	43	59	38	55	32	50	27	45	22	40	17	36	12	33	8	30	5	27	3	24	2	21	2	17	3	12	5	8	7	5	10	3	14	2	19	2	25	3	32	5	38	8	43	12	47	16	50	19	52	21	53	22	53	22	53	
25:
81	13.063	76	22	77	21	79	19	82	16	86	13	90	11	93	10	95	10	96	11	97	13	97	16	96	20	96	25	95	31	93	38	91	45	90	53	90	61	90	68	91	74	91	79	90	83	89	86	87	89	84	91	80	92	75	92	69	93	62	93	54	93	47	92	41	90	36	87	32	83	29	78	27	73	26	67	26	61	26	54	27	48	28	43	28	39	27	36	25	34	22	33	18	32	13	32	9	33	6	35	4	38	3	42	3	47	4	53	6	58	8	64	11	71	14	78	18	84	21	89	25	93	30	96	35	98	41	99	46	99	50	98	53	96	57	93	61	89	65	84	68	78	71	72	73	65	74	57	74	50	74	43	73	37	73	32	73	28	74	25	75	23	76	22	76	22	
26:
79	18.49	91	92	91	91	91	89	92	86	93	82	95	77	97	72	98	66	98	59	97	51	95	43	92	35	89	28	86	21	82	15	77	10	71	6	66	3	60	1	53	0	46	0	39	1	32	3	26	6	21	10	16	15	12	21	9	28	7	35	6	42	6	49	7	56	8	62	9	67	9	71	8	74	6	76	3	77	0	77	-2	76	-3	74	-3	71	-2	67	-1	63	0	58	2	52	5	45	7	37	10	30	13	24	17	19	22	15	28	12	33	10	39	9	46	9	54	10	62	12	69	14	75	17	80	21	84	26	87	32	89	39	90	47	90	55	91	63	91	70	90	76	88	81	85	86	83	90	82	93	82	95	83	96	85	96	88	95	90	93	91	92	91	92	
27:
81	92.54	2	21	3	20	4	18	6	15	9	12	13	8	17	3	22	-1	28	-4	35	-6	43	-7	52	-7	61	-6	69	-4	76	-1	82	3	87	8	91	14	94	21	97	29	99	38	100	48	100	57	100	65	99	73	97	80	94	86	90	91	85	95	79	99	72	102	64	104	55	105	47	105	39	104	32	102	26	99	21	96	17	93	14	91	12	90	11	90	11	89	12	87	14	85	16	83	19	82	23	82	28	83	34	85	41	86	48	86	54	85	59	83	63	81	66	78	68	74	69	69	69	63	70	56	72	49	74	43	75	38	75	33	74	29	73	26	71	24	68	23	64	23	59	23	53	24	46	24	38	23	30	22	23	21	17	21	12	22	8	22	5	21	3	21	2	21	2	21	
28:
88	65.419	41	78	42	77	44	76	46	74	48	72	49	69	49	65	48	60	46	54	43	47	41	39	40	31	40	24	41	18	43	13	46	9	49	6	53	4	58	3	64	3	70	4	75	6	79	9	82	13	84	18	85	22	85	27	84	31	82	34	79	36	75	37	70	37	64	37	57	37	49	37	41	38	33	40	26	43	20	45	15	47	11	50	8	54	6	57	5	61	5	66	6	72	8	77	10	81	11	84	11	87	10	91	10	94	11	96	13	97	16	97	20	96	25	94	31	91	38	89	46	87	55	86	64	86	72	87	79	87	85	87	90	86	94	84	97	81	99	77	100	72	100	67	99	63	99	59	98	56	96	54	93	52	89	51	84	51	78	52	72	54	65	57	59	61	54	64	50	68	47	72	44	75	42	77	41	78	41	78	
29:
83	12.804	48	23	49	22	51	20	53	17	55	13	57	10	59	8	60	7	60	7	60	8	59	10	58	13	56	17	53	22	49	28	44	35	38	43	33	50	29	56	26	61	24	66	23	71	23	76	24	80	26	83	29	86	33	88	37	89	42	89	48	88	55	86	62	83	68	80	73	77	77	74	80	70	82	66	83	61	83	56	82	52	81	49	79	47	76	46	73	46	71	47	70	49	70	52	71	56	73	61	74	67	74	73	73	78	71	82	68	85	64	88	59	90	53	91	46	91	38	90	31	88	25	86	20	85	15	85	11	86	8	88	6	89	5	89	5	88	5	86	6	83	8	79	10	74	13	68	17	61	22	54	26	47	29	41	33	36	38	32	42	29	45	26	47	24	48	23	48	23	
30:
76	53.593	0	6	1	7	3	9	4	12	4	15	5	19	7	24	9	30	11	36	14	43	16	50	19	56	21	61	23	65	24	68	24	70	24	71	24	71	24	70	23	68	23	65	24	61	26	56	29	50	32	43	36	37	41	32	46	27	52	23	58	20	64	17	69	15	73	14	76	14	80	15	83	17	85	20	86	24	88	29	89	35	89	42	89	49	88	57	88	64	88	70	88	75	87	79	85	82	82	84	78	85	73	87	67	88	62	90	57	93	51	95	44	96	38	96	33	95	29	93	25	90	21	86	18	81	16	75	15	68	15	60	14	51	14	43	14	35	14	28	13	22	11	17	8	13	5	10	3	8	1	7	0	6	0	6	
31:
83	46.773	1	23	2	24	4	26	5	29	7	33	10	38	14	42	18	45	23	47	29	48	34	48	39	47	43	45	46	42	48	39	49	35	50	30	50	24	50	18	49	13	49	9	50	6	51	4	53	3	56	3	60	4	65	6	69	9	72	13	74	17	75	22	75	28	76	35	78	43	80	51	82	58	83	64	84	69	84	74	83	78	81	81	78	83	74	84	70	84	67	83	65	81	64	78	64	74	65	69	67	63	70	56	74	48	79	41	84	34	89	28	93	23	96	19	98	16	99	14	99	13	98	13	96	14	93	16	89	19	84	22	78	24	71	26	65	29	58	31	50	32	42	32	35	31	29	29	24	26	20	23	17	20	15	18	13	17	10	17	7	18	4	20	2	22	1	23	1	23	
32:
82	41.29	1	1	2	2	4	4	7	7	11	11	16	14	22	18	29	22	36	25	44	29	52	33	60	36	67	40	73	43	78	47	82	52	85	57	88	61	90	64	92	66	94	67	95	67	96	66	96	64	95	61	93	59	90	57	87	55	84	52	82	48	81	43	81	37	82	30	84	24	87	18	90	13	94	9	97	6	99	4	100	3	101	3	101	4	100	6	98	9	95	13	91	17	86	20	81	22	75	24	68	26	60	29	53	33	47	38	42	44	38	51	35	57	33	62	32	67	32	71	31	74	31	76	30	77	28	77	27	76	27	74	28	71	29	67	31	62	32	56	32	49	31	41	30	33	28	26	25	20	21	15	18	10	15	6	11	3	7	1	4	0	2	0	1	1	1	1	
33:
81	39.186	96	82	95	81	93	79	90	77	86	76	81	76	76	77	71	78	67	80	62	83	58	87	54	90	49	93	43	95	37	96	32	96	28	95	25	93	23	90	22	86	22	81	23	76	25	72	28	69	32	67	37	66	43	66	50	67	56	67	63	66	70	64	76	61	81	57	85	52	88	48	90	44	91	40	91	37	90	34	88	32	86	31	83	31	79	32	74	34	68	36	61	37	54	37	48	36	43	34	39	32	36	31	34	30	33	30	33	31	34	33	36	35	39	38	43	42	48	47	54	53	59	60	63	66	66	72	68	79	69	85	69	90	70	94	72	98	75	101	79	103	83	104	88	104	92	103	95	101	97	99	98	96	98	92	98	88	98	85	97	83	96	82	96	82	
34:
82	447.714	2	11	3	11	5	10	8	10	12	9	17	7	23	5	30	4	38	4	47	4	55	4	62	5	70	7	77	8	83	8	88	9	92	11	95	14	97	18	98	23	98	29	97	34	95	38	92	41	88	44	83	46	77	48	71	49	65	49	60	50	56	52	53	55	51	59	50	62	48	65	47	67	46	68	46	70	47	71	49	72	52	73	56	75	61	76	67	76	72	77	76	79	79	82	81	85	83	87	84	88	84	88	83	87	81	87	78	88	74	88	69	87	63	87	56	88	48	89	41	90	35	92	30	94	26	95	23	95	21	94	19	92	18	89	18	86	18	82	18	77	17	71	17	64	18	56	18	47	18	39	17	32	15	26	12	21	8	17	5	14	3	12	2	11	2	11	
35:
75	19.39	57	92	56	93	54	95	52	97	49	99	45	100	40	100	34	99	27	97	21	94	16	90	11	85	7	79	4	72	2	66	1	61	1	56	2	51	4	46	7	40	11	34	16	29	22	24	29	20	37	16	44	11	51	7	58	4	66	2	73	1	79	1	84	2	88	4	91	7	93	11	94	16	94	22	93	29	91	36	88	42	84	48	81	53	77	57	73	60	69	62	66	63	64	63	63	62	63	60	62	57	62	53	61	50	59	46	56	43	52	41	47	40	43	40	39	41	35	43	32	46	29	50	27	55	26	61	26	67	27	72	29	76	32	79	36	82	41	84	45	85	49	86	52	87	54	89	56	91	57	92	57	92	
36:
91	84.706	51	85	51	84	51	82	52	79	53	75	55	70	58	64	62	57	66	50	71	44	77	38	83	33	88	29	92	25	95	22	97	20	98	19	98	19	97	20	95	22	92	25	88	29	83	32	77	34	70	36	64	37	59	38	55	38	52	37	50	35	48	33	47	31	47	29	46	28	44	28	41	29	37	30	33	32	30	35	28	39	27	44	27	50	28	57	29	65	29	72	28	78	26	83	23	87	19	90	15	92	11	93	8	93	6	92	5	90	5	87	6	83	8	78	11	72	13	65	16	57	19	48	21	39	23	31	26	24	30	17	34	11	39	6	44	2	48	-1	52	-3	56	-4	59	-4	61	-3	62	-1	62	2	61	6	60	10	58	15	55	21	51	28	47	36	44	44	42	52	41	59	41	65	42	70	44	75	47	79	49	82	50	84	51	85	51	85	
37:
90	139.553	6	36	7	35	9	33	12	30	16	26	21	21	26	17	31	14	35	12	38	11	40	11	41	12	42	14	44	16	47	18	49	19	52	19	55	18	59	16	64	13	70	10	76	8	82	7	87	7	91	8	94	10	96	13	98	17	99	22	99	28	99	35	98	43	97	52	97	62	96	71	94	80	91	88	88	95	84	101	79	106	73	110	66	113	58	115	49	116	41	116	33	116	26	115	20	113	15	110	11	106	8	101	6	95	5	88	5	80	6	73	8	65	11	58	15	52	19	46	24	41	30	37	37	34	45	32	52	31	58	31	63	32	67	34	70	37	72	41	73	45	73	48	72	50	70	51	67	51	63	50	59	48	56	45	54	41	51	38	47	35	42	33	36	32	30	32	24	33	19	35	15	36	12	36	9	36	7	36	6	36	6	36	
38:
92	164.231	73	93	74	92	74	90	74	87	73	83	71	78	68	72	64	67	61	61	57	56	52	52	46	49	41	47	36	46	30	46	23	47	17	49	12	52	8	56	5	61	3	67	2	74	2	80	3	85	5	89	7	92	10	94	14	95	19	95	25	94	32	92	39	89	47	85	54	80	60	74	65	67	69	59	72	50	74	42	75	35	75	28	74	22	72	17	69	13	65	10	60	7	55	5	51	4	46	4	41	5	35	7	30	10	26	14	21	19	17	25	13	30	9	34	6	37	4	39	3	40	3	42	4	44	6	45	9	46	13	48	18	51	24	55	29	60	35	66	40	73	44	81	47	88	50	95	54	101	59	106	65	110	72	113	78	115	83	116	87	116	90	115	92	113	93	110	93	107	92	103	90	99	87	96	83	94	79	93	76	92	74	92	73	93	73	93	
39:
81	22.795	64	72	64	73	63	75	62	78	60	81	57	83	54	84	51	84	48	83	46	81	45	78	45	74	46	69	47	63	49	56	52	49	56	43	61	38	67	33	72	29	77	26	82	24	86	23	89	23	91	22	92	22	92	21	91	20	89	18	87	17	84	17	80	16	75	14	70	11	64	8	57	6	49	5	42	5	35	6	28	8	22	11	17	15	13	20	10	26	7	32	5	39	4	46	3	52	1	57	0	61	0	64	1	66	3	67	6	67	10	66	13	64	17	61	22	59	26	58	29	58	31	59	32	61	32	64	33	68	35	72	37	76	40	81	44	85	49	88	54	90	59	91	63	91	66	90	68	88	69	87	69	85	68	82	66	78	65	75	64	73	64	72	64	72	
40:
80	13.22	69	77	68	77	66	77	63	77	60	77	56	78	52	80	49	83	47	85	44	86	40	86	36	85	33	83	31	80	28	78	24	77	19	77	15	78	12	80	10	83	9	85	9	86	10	87	12	87	15	88	19	89	24	91	29	94	33	97	38	99	44	100	51	100	58	99	64	97	69	94	73	90	78	85	82	79	85	72	88	65	92	57	95	50	97	44	98	38	98	32	97	26	95	21	92	16	89	12	86	9	84	7	83	6	83	6	84	7	85	8	85	10	84	11	82	11	79	11	75	10	71	8	66	6	60	5	54	5	49	6	45	8	42	11	40	15	39	20	39	26	40	33	42	41	45	49	49	56	54	62	59	67	63	71	66	74	68	76	69	77	69	77	
41:
87	280.155	4	17	5	16	6	14	8	11	11	8	15	6	18	5	20	5	23	6	27	8	31	11	35	15	40	20	45	26	51	32	57	37	63	41	69	44	74	46	78	47	81	48	83	50	84	53	84	56	83	58	81	60	78	61	74	63	69	64	63	64	56	63	49	61	43	58	38	55	34	53	31	51	29	50	27	50	26	51	26	52	27	54	29	57	32	60	36	64	39	69	41	73	42	76	42	78	41	81	39	84	36	87	32	89	28	90	25	90	22	91	20	93	19	96	19	98	19	99	18	99	16	98	15	96	15	93	15	89	15	84	14	79	12	74	9	70	5	65	2	59	0	52	-1	46	-1	41	0	36	2	32	5	29	9	27	12	26	14	26	15	26	15	25	14	23	12	21	10	20	7	18	5	17	4	17	4	17	
42:
88	141.408	2	24	1	25	1	27	2	30	3	34	4	39	4	45	3	52	3	59	4	65	4	71	5	76	6	80	8	83	11	85	15	86	20	86	26	85	33	83	39	80	44	76	48	71	51	66	53	61	54	57	54	54	54	52	53	51	51	51	48	52	46	54	45	57	45	61	45	66	46	72	48	79	50	85	53	90	57	94	61	97	66	99	71	100	75	100	78	99	80	97	82	95	83	92	83	88	82	84	80	79	77	74	75	68	72	61	70	54	67	48	65	43	64	38	63	34	63	31	64	29	66	28	69	28	73	27	77	25	81	22	84	18	86	14	87	11	87	7	86	2	84	-2	81	-5	77	-7	72	-8	66	-8	61	-7	55	-5	48	-3	40	-2	32	0	25	2	19	5	14	9	10	14	7	18	5	21	3	23	2	24	2	24	
43:
87	155.045	91	43	91	42	92	40	93	37	95	33	96	28	96	22	95	16	93	10	90	4	86	-1	81	-5	75	-8	68	-10	61	-11	55	-11	50	-10	46	-8	43	-5	41	-3	40	-2	40	0	41	1	42	3	42	6	41	10	39	15	36	19	32	22	28	26	24	31	21	37	19	42	18	48	18	53	19	57	20	60	21	62	21	63	20	63	18	62	15	60	12	57	10	53	9	49	8	44	8	38	9	33	10	28	12	24	15	21	19	19	24	18	30	18	36	19	43	21	50	24	56	28	61	33	66	37	70	41	73	44	75	46	76	49	76	53	75	58	73	64	71	69	70	73	70	76	71	78	73	79	76	79	80	78	83	76	86	73	90	69	94	66	97	62	99	57	100	52	100	48	99	45	97	43	94	42	92	42	91	43	91	43	
44:
93	62.838	19	59	18	60	18	62	19	65	20	69	21	74	22	80	24	86	27	91	31	95	36	98	40	100	43	101	45	101	46	100	46	98	46	95	46	91	45	86	43	80	40	73	38	65	36	57	35	49	35	41	36	34	38	28	41	23	45	19	50	16	56	14	62	13	68	13	73	14	77	16	80	19	82	23	83	28	83	34	82	40	80	47	77	55	73	64	70	72	67	79	65	85	64	90	64	94	65	97	67	99	69	100	72	100	75	99	79	97	82	94	84	91	85	87	85	82	84	76	82	69	79	61	75	54	70	48	65	43	59	39	52	36	45	33	37	31	29	28	22	24	16	20	11	15	7	10	4	6	2	3	1	1	1	0	2	0	2	1	1	3	-1	6	-2	10	-2	15	-2	20	-1	26	1	32	4	38	8	44	12	49	15	53	17	56	18	58	19	59	19	59	
45:
86	251.311	33	85	32	84	30	84	27	84	23	84	18	85	14	87	10	90	7	93	5	95	4	97	4	98	5	99	7	99	10	98	14	96	19	95	25	94	32	94	39	94	46	93	52	91	57	88	61	84	64	79	66	73	67	66	67	60	66	54	64	49	61	44	57	38	52	33	47	28	43	24	40	21	38	19	37	18	37	18	38	19	40	20	43	22	47	25	52	27	57	28	63	30	70	31	76	31	81	31	85	31	88	31	90	31	91	32	91	34	90	36	88	39	85	43	81	46	78	50	76	55	75	59	75	63	76	68	78	72	81	75	84	77	88	78	91	78	93	77	94	77	94	78	93	78	91	77	88	76	84	76	79	77	73	79	67	80	60	80	54	80	48	81	43	83	39	84	36	85	34	85	33	85	33	85	
46:
84	29.467	94	60	93	59	91	57	89	54	86	51	82	49	77	48	72	48	68	49	65	50	63	52	62	55	62	59	63	64	64	68	64	71	63	73	61	75	58	77	54	79	50	82	45	84	39	85	33	85	28	84	24	82	21	79	18	75	16	70	15	64	15	57	16	49	18	42	21	36	25	31	29	25	32	20	34	15	35	11	35	7	34	4	32	2	29	1	25	-1	20	-2	14	-2	9	-1	5	1	2	4	0	8	-1	13	-1	19	0	26	1	34	2	43	2	52	2	60	3	67	5	73	8	78	12	82	17	85	23	87	28	88	34	88	41	87	48	87	54	87	61	88	67	90	73	92	78	93	82	93	85	92	87	90	89	87	91	84	94	80	96	75	97	70	97	66	96	63	95	61	94	60	94	60	
47:
84	33.971	78	56	79	57	81	59	83	62	85	64	86	65	86	67	85	68	83	70	80	71	76	71	71	70	65	68	60	65	55	62	51	58	48	53	45	47	43	41	42	35	42	30	43	26	45	23	46	19	46	14	45	10	43	7	40	5	36	4	31	4	25	5	18	7	10	10	2	14	-5	19	-11	25	-16	32	-20	39	-23	46	-25	54	-26	63	-26	71	-25	78	-23	84	-20	89	-16	93	-11	96	-7	98	-2	99	2	99	7	98	11	96	14	93	16	89	18	84	19	78	19	71	20	63	22	55	25	48	29	41	34	35	40	30	47	26	55	23	63	21	70	20	76	19	81	18	85	16	88	15	91	15	93	16	94	18	94	21	93	25	91	30	88	35	84	41	81	46	79	50	78	53	78	55	78	56	78	56	
48:
90	68.272	22	17	23	17	25	16	28	14	32	11	37	8	43	6	50	5	58	5	65	6	71	8	76	10	80	12	83	15	85	17	86	18	87	18	87	17	86	16	84	16	81	17	79	19	76	22	74	26	73	30	73	35	74	41	76	48	79	56	83	64	86	72	90	79	93	85	95	90	96	94	96	97	95	99	93	100	90	100	86	99	81	97	75	94	69	90	62	85	54	80	47	76	41	73	36	71	32	70	29	70	26	71	24	73	23	76	23	80	22	85	20	89	18	92	15	94	11	95	7	95	4	94	2	92	1	89	1	86	2	82	4	77	7	71	11	66	16	61	22	57	29	54	36	51	42	47	47	42	51	38	54	35	56	33	57	30	57	26	56	22	54	18	51	15	47	13	42	12	37	12	32	13	28	15	25	16	23	17	22	17	22	17	
49:
98	98.859	81	77	82	77	84	77	87	77	91	76	94	74	96	71	97	67	98	62	98	56	97	49	95	41	92	33	88	25	83	18	77	12	70	7	62	3	53	0	43	-2	34	-3	26	-4	19	-4	13	-3	8	-1	4	2	1	6	-1	11	-2	17	-2	22	-2	28	-1	33	1	37	4	40	8	42	13	43	19	43	25	43	30	43	34	44	37	46	39	49	40	52	40	56	39	61	37	66	34	70	31	73	27	75	22	76	16	76	11	75	6	73	2	70	-1	67	-3	63	-4	58	-4	52	-4	45	-3	37	-1	30	2	24	6	19	11	15	17	12	24	10	32	9	40	9	47	10	53	12	58	15	62	19	66	24	69	29	72	34	74	40	75	47	75	55	74	64	72	72	69	79	66	85	64	90	63	94	63	97	64	99	66	100	69	100	73	99	77	97	80	95	82	92	84	89	85	86	85	83	84	80	82	78	81	77	81	77	
50:
93	75.259	44	88	45	89	47	91	50	94	53	96	55	97	56	97	56	96	56	94	55	91	53	87	50	83	46	79	42	75	39	71	35	67	32	64	30	62	29	59	29	55	30	52	32	49	35	46	39	42	44	37	50	32	57	27	65	22	72	18	78	14	83	11	87	8	90	6	92	5	93	5	93	4	92	3	90	3	87	4	84	5	80	7	75	8	69	10	62	12	54	14	45	15	36	15	28	14	21	13	15	11	10	9	6	8	3	8	1	8	0	7	0	5	1	4	3	3	6	3	10	4	15	6	20	9	26	13	33	18	39	24	45	31	50	38	54	45	58	52	63	58	69	63	76	67	82	70	87	72	91	73	94	73	96	72	97	70	97	67	96	65	94	64	91	64	87	64	82	65	77	67	71	70	65	74	59	78	54	82	50	85	47	87	45	88	44	88	44	88	
51:
82	100.924	43	77	44	76	45	74	47	71	50	67	52	62	55	56	59	51	64	47	70	44	77	42	83	41	88	40	92	39	95	39	97	39	98	39	98	38	97	37	95	35	92	32	88	30	83	27	77	23	70	18	62	13	55	9	49	6	44	4	40	3	37	3	35	4	33	6	32	9	30	13	27	18	24	24	21	30	18	36	16	42	15	47	15	52	16	57	18	63	21	68	24	72	26	76	27	80	27	84	27	87	28	89	30	90	33	90	37	89	42	87	48	86	54	85	61	85	68	86	75	88	81	91	86	93	90	94	93	94	95	93	97	92	98	90	98	87	97	83	95	80	92	78	88	77	83	76	77	76	71	77	64	79	58	80	53	81	49	81	46	80	44	78	43	77	43	77	
52:
83	42.332	78	87	77	88	75	89	72	90	69	91	67	91	66	90	66	88	67	85	68	82	68	78	67	73	65	67	62	62	58	58	53	54	47	51	40	49	32	48	24	48	17	49	11	50	6	50	2	49	-1	47	-3	44	-4	40	-4	35	-3	29	-1	24	2	20	6	17	11	15	17	14	23	14	28	15	32	17	35	20	37	24	39	28	42	31	46	33	51	34	57	34	62	33	66	31	69	28	71	24	72	19	72	14	71	10	69	7	66	5	62	4	58	4	55	4	53	3	52	1	52	-2	53	-6	55	-9	58	-11	62	-12	67	-12	72	-11	76	-9	79	-6	81	-2	82	3	82	9	81	16	81	24	81	33	82	42	82	51	82	59	82	66	83	72	83	77	82	81	81	84	79	86	78	87	78	87	
53:
82	71.591	91	38	90	37	88	35	86	32	84	28	81	23	78	18	76	13	75	9	73	6	71	4	70	3	70	3	70	4	69	6	67	9	64	13	60	17	56	20	51	23	46	25	42	28	38	30	33	31	27	31	21	30	16	29	12	27	9	24	7	21	6	18	6	16	7	15	9	15	12	16	16	18	21	21	27	25	33	30	39	34	44	39	48	45	51	52	53	60	54	67	54	73	53	78	51	82	49	85	46	88	42	90	37	92	31	93	24	93	18	92	13	90	9	87	6	83	4	80	3	78	3	77	4	77	6	76	9	74	13	71	18	67	23	62	27	56	31	51	35	47	39	44	44	42	50	41	57	40	63	40	70	41	76	41	81	41	85	40	88	39	90	38	91	38	91	38	
54:
87	246.296	10	83	11	82	13	80	15	77	18	73	22	68	27	62	33	56	38	50	42	43	45	35	47	28	48	22	48	17	47	13	45	10	44	7	44	3	45	0	47	-2	50	-4	54	-5	59	-5	65	-4	72	-2	78	1	83	5	87	9	90	14	92	20	93	26	93	33	92	40	92	46	92	51	93	55	95	58	96	60	97	63	97	67	96	71	94	76	91	80	87	83	82	86	76	88	69	89	61	89	54	88	48	86	43	83	39	79	36	75	34	71	33	68	33	65	34	62	36	60	39	57	41	53	42	48	42	42	41	37	39	33	36	30	32	26	27	22	21	19	16	17	12	16	9	16	6	17	4	19	3	22	3	26	4	31	4	37	3	44	3	52	4	59	4	65	4	70	5	74	6	77	8	80	9	82	10	83	10	83	
55:
90	57.405	99	32	98	33	96	35	93	38	91	42	89	47	88	53	88	60	88	67	87	73	85	78	83	82	81	85	80	87	79	88	77	88	76	87	76	85	77	82	77	78	76	73	74	68	71	63	69	59	66	56	64	54	61	53	57	53	53	54	48	56	44	58	41	61	39	65	38	70	38	74	39	77	39	79	38	80	36	80	33	79	30	77	28	74	25	71	21	68	18	64	16	59	15	53	15	46	16	40	18	35	21	30	25	24	28	19	32	15	37	12	41	10	44	9	46	7	47	6	47	6	46	6	44	7	41	7	37	7	32	7	28	8	24	10	21	11	18	11	16	10	15	9	15	7	16	6	18	6	21	7	25	7	30	6	36	4	43	3	51	3	59	4	67	6	74	9	80	13	85	18	89	22	93	26	96	29	98	31	99	32	99	32	
56:
84	23.349	61	11	62	10	64	9	65	7	67	6	68	6	68	7	67	9	66	12	64	14	62	16	61	18	61	21	62	25	64	30	66	34	69	39	73	43	77	46	80	49	82	53	83	57	83	62	82	67	80	71	77	74	73	77	68	79	62	82	55	86	49	89	44	91	38	92	33	92	27	91	22	89	18	86	15	82	12	77	10	71	9	64	9	56	10	49	11	41	12	34	14	28	15	23	16	18	16	14	16	11	16	9	17	8	19	8	22	9	26	11	31	14	37	18	43	23	48	29	52	35	56	41	59	46	61	50	62	53	62	55	61	56	59	56	56	55	53	53	49	50	45	46	42	41	40	35	39	28	39	22	40	17	42	13	45	10	49	8	53	7	56	7	58	8	60	10	61	11	61	11	
57:
85	58.179	30	66	29	65	27	63	25	60	22	56	18	51	13	45	9	39	6	34	4	30	3	26	3	23	4	21	6	20	9	20	12	21	16	23	21	26	27	28	33	29	38	29	42	28	45	26	47	23	49	20	51	16	54	11	58	7	63	4	69	2	75	1	80	1	84	1	87	2	89	4	90	7	90	10	89	13	87	15	84	16	81	17	77	18	73	20	70	23	68	27	67	32	67	38	68	43	70	47	73	50	77	52	82	55	86	59	91	63	95	66	98	70	100	75	101	80	101	84	100	89	98	93	95	96	91	98	86	99	80	99	74	98	67	96	59	93	51	90	43	86	36	83	30	81	25	80	21	79	18	79	16	79	15	78	15	76	16	73	18	70	21	68	24	66	27	65	29	65	30	66	30	66	
58:
78	21.244	92	99	93	98	95	96	97	93	98	89	98	85	97	80	95	74	92	67	88	59	85	50	82	41	78	33	73	26	69	20	66	15	62	11	57	8	51	6	44	5	36	5	29	6	23	8	18	11	13	15	9	19	6	24	4	28	3	33	3	37	4	40	6	42	9	43	11	43	13	42	15	40	17	37	18	33	20	29	23	26	26	24	29	23	33	23	37	24	42	26	48	29	54	32	59	36	63	40	66	43	68	45	69	48	69	50	68	51	66	51	63	50	59	49	54	48	49	48	45	49	42	51	40	54	39	56	39	59	40	61	42	64	45	68	49	73	53	79	58	85	64	90	71	94	77	97	82	99	86	100	89	100	91	100	92	99	92	99	
59:
81	28.419	73	55	72	54	70	53	67	52	65	50	62	48	59	47	57	47	56	48	56	49	57	51	59	54	62	58	66	62	71	66	77	69	83	71	88	72	92	72	95	72	97	72	98	73	98	75	97	78	95	82	92	86	89	89	85	91	80	92	74	92	69	91	63	89	57	86	51	82	46	77	41	72	35	66	28	59	22	52	17	46	13	41	10	37	8	34	7	31	7	29	8	28	10	28	13	29	17	31	22	34	28	37	35	39	43	40	51	40	58	39	64	37	70	34	75	30	79	27	83	25	87	24	90	24	92	25	93	26	93	26	92	25	90	23	87	21	83	20	78	20	74	21	71	23	69	26	68	30	68	35	69	40	71	45	72	49	72	52	72	54	73	55	73	55	
60:
86	70.232	4	34	3	35	1	36	-2	38	-4	41	-6	45	-7	50	-7	54	-6	57	-4	59	-1	60	3	60	8	59	14	59	19	58	23	56	26	53	28	49	29	46	29	43	28	41	28	40	29	40	30	41	31	43	33	46	36	50	39	55	41	61	42	67	43	73	45	78	48	82	52	85	57	87	63	88	70	88	77	87	83	85	88	82	92	78	95	74	97	70	98	67	98	65	97	64	95	63	92	61	88	60	83	60	77	61	70	63	62	65	53	67	45	70	38	72	32	75	27	77	23	78	19	78	15	77	12	75	10	72	9	68	9	63	10	58	10	52	10	45	10	37	10	30	11	24	11	19	12	15	13	12	14	10	14	9	13	9	13	10	14	12	14	15	13	19	12	24	10	28	7	31	5	33	4	34	4	34	
61:
81	29.505	74	16	75	17	77	19	79	22	82	26	84	31	85	37	85	44	84	51	82	57	79	62	75	68	70	74	64	81	57	87	49	92	42	96	36	99	31	101	27	102	24	102	21	101	19	99	18	96	18	92	19	87	21	81	24	74	28	66	32	57	35	48	37	40	39	33	40	27	40	22	39	18	37	15	34	13	30	12	26	12	22	13	18	15	15	18	13	21	12	23	12	24	13	25	14	27	16	30	18	34	19	39	21	45	24	52	28	59	33	65	37	70	40	74	42	78	45	81	49	83	54	84	60	84	67	83	74	81	80	78	85	74	89	70	92	65	94	59	95	52	96	44	96	37	95	31	93	26	90	22	87	19	84	17	80	16	77	15	75	15	74	16	74	16	
62:
93	135.788	10	37	9	36	7	34	5	31	3	27	1	22	0	17	0	13	1	10	3	8	6	7	10	6	15	6	19	7	24	9	28	12	31	16	34	21	36	27	39	33	41	39	42	45	42	50	41	54	39	58	36	61	32	64	28	66	24	68	19	70	14	72	10	75	7	79	5	84	4	89	4	93	5	96	7	98	10	100	14	101	19	102	25	102	32	101	40	99	49	98	58	97	66	97	74	98	81	98	87	97	92	95	96	92	99	88	101	83	103	78	104	72	104	65	104	58	103	51	102	45	100	39	97	34	93	30	88	27	82	25	77	24	73	24	70	25	68	27	67	30	67	34	66	39	66	45	65	51	63	57	60	62	56	66	51	69	45	71	39	72	33	73	28	73	24	72	19	70	15	67	12	63	9	58	7	52	6	47	6	43	7	40	9	38	10	37	10	37	
63:
85	34.244	20	8	19	7	17	5	14	3	10	1	6	0	3	-1	1	-1	0	0	0	2	1	5	3	9	6	12	10	14	15	15	21	15	28	14	36	13	43	11	49	8	55	5	61	3	66	2	70	2	73	3	76	5	80	8	84	12	87	17	89	22	91	26	93	29	94	32	94	34	93	35	91	35	88	34	84	32	79	29	73	26	66	22	60	19	54	17	49	16	45	16	42	17	40	19	39	22	39	26	40	31	41	37	43	44	46	52	49	60	51	67	52	73	52	79	51	84	49	88	46	91	42	93	37	95	33	96	30	96	28	97	27	97	27	96	27	94	28	91	30	87	32	82	33	76	33	69	33	62	34	54	35	45	35	37	34	30	33	24	31	19	29	15	26	12	23	10	21	9	20	8	20	8	
64:
83	32.796	86	14	85	13	83	12	80	12	76	11	71	11	65	11	59	11	52	12	44	14	36	17	29	21	23	25	18	30	14	35	11	41	8	46	6	50	5	54	5	58	6	63	8	68	10	72	12	75	15	78	19	80	24	81	28	81	32	80	35	78	39	75	43	71	47	66	51	62	54	58	56	55	58	53	60	52	63	52	67	53	70	55	73	58	75	62	76	67	76	72	75	76	73	79	70	81	66	82	61	82	55	81	48	79	42	76	36	72	31	67	27	61	23	54	20	47	18	41	16	34	14	28	12	22	9	16	7	11	6	7	6	3	7	0	9	-2	12	-3	16	-3	21	-2	27	0	34	2	42	5	50	7	58	8	65	8	71	9	76	11	80	13	83	14	85	14	86	14	86	14	
65:
85	136.577	89	20	88	19	86	17	83	15	79	13	74	12	68	11	61	11	53	10	45	9	37	9	30	9	24	9	19	8	15	6	11	5	8	5	6	6	5	7	5	9	6	12	8	16	11	21	15	26	20	31	25	35	31	38	38	42	45	45	52	47	58	49	63	51	67	53	70	56	72	59	73	62	73	66	72	69	70	73	67	76	63	78	58	79	53	79	49	79	46	79	44	80	43	82	43	85	44	87	46	88	49	88	53	87	57	85	62	84	68	82	74	79	80	75	86	71	91	66	95	62	98	57	100	51	101	45	101	40	100	35	98	31	95	27	91	24	86	21	81	19	77	18	74	18	71	19	69	19	68	20	68	21	69	21	71	20	74	19	76	17	79	16	83	16	86	17	88	19	89	20	89	20	
66:
96	473.387	76	34	76	33	75	31	73	28	70	24	67	19	63	13	58	8	52	4	45	1	37	-1	30	-2	24	-2	19	-1	15	1	12	4	10	8	9	13	9	17	10	20	12	22	15	23	19	23	23	23	28	22	34	20	41	17	49	13	58	10	66	8	75	7	85	7	94	8	102	10	109	13	115	17	120	22	124	28	127	35	130	42	132	50	133	59	133	67	132	74	130	80	127	85	123	89	118	92	112	94	105	95	98	95	91	94	85	92	80	89	76	85	71	80	65	76	58	72	50	69	42	67	35	66	29	66	24	67	20	69	17	70	15	71	14	71	14	70	15	69	17	69	20	69	24	70	29	72	33	75	36	78	39	81	41	84	42	87	42	89	43	90	45	90	48	89	52	87	57	84	63	80	68	76	72	71	75	65	78	60	80	55	81	49	81	44	80	40	79	37	77	35	76	34	76	34	
67:
85	23.946	14	70	13	71	11	73	8	76	6	80	4	85	3	89	3	93	4	96	6	98	9	99	13	99	17	98	22	96	28	93	34	89	39	84	45	78	50	73	54	67	57	60	59	54	60	48	60	43	59	39	57	36	54	34	50	33	45	33	40	34	34	36	29	39	25	41	22	42	20	42	19	41	19	39	20	37	22	35	25	33	29	30	34	26	40	23	47	21	54	19	60	18	65	18	70	19	74	21	77	24	79	27	80	31	80	36	79	41	77	46	76	50	76	53	77	56	79	58	82	61	85	65	89	70	93	75	96	80	98	86	99	91	99	95	98	98	96	100	93	101	89	101	84	100	78	98	71	96	63	93	55	90	47	87	40	85	34	82	29	79	24	77	20	75	17	73	15	71	14	70	14	70	
68:
76	254.096	86	46	87	47	89	49	92	52	95	56	97	61	98	66	98	72	97	77	95	81	92	85	88	90	83	95	77	99	70	102	62	104	55	105	49	105	44	104	40	102	36	99	33	96	31	92	30	88	30	84	30	81	31	79	31	77	30	76	29	76	27	77	24	77	21	76	18	74	16	71	15	67	15	62	15	56	16	49	16	42	16	34	16	27	17	21	19	16	22	12	26	9	30	7	33	6	35	6	36	6	36	5	35	5	33	6	30	8	27	11	25	15	24	20	24	26	25	32	26	39	28	45	31	50	35	54	40	57	46	59	52	60	59	60	66	60	72	59	77	57	81	55	84	54	86	52	87	49	87	47	86	46	86	46	
69:
79	25.984	33	96	32	95	30	93	27	90	23	87	19	83	16	78	14	74	13	71	11	69	8	68	6	68	5	69	5	69	6	68	8	66	10	63	11	59	11	54	10	48	8	43	5	39	3	36	2	33	2	31	3	30	5	30	8	31	12	33	17	36	23	39	30	42	37	44	45	45	53	46	62	46	70	47	77	49	83	52	88	55	92	57	95	58	97	58	98	57	98	55	97	52	95	48	92	43	89	37	85	31	80	24	74	18	67	13	61	9	56	6	51	4	46	3	41	3	37	4	34	6	32	9	30	13	29	18	29	24	29	31	29	39	29	46	28	52	27	57	26	61	24	66	23	72	23	78	24	83	26	87	29	90	31	93	32	95	33	96	33	96	
70:
80	19.412	14	28	15	29	17	30	20	32	24	35	28	38	32	42	35	47	37	53	38	60	39	68	39	75	40	81	42	86	45	90	49	93	53	95	58	96	64	96	69	95	73	93	76	90	78	86	79	81	79	75	78	69	76	64	73	60	69	57	65	55	61	54	58	54	56	53	55	51	55	48	56	44	58	39	61	33	63	26	64	20	64	14	63	9	62	5	60	2	57	0	54	-1	51	-1	49	0	47	2	45	5	42	9	38	14	33	20	29	27	25	33	20	38	16	42	12	45	9	47	6	48	3	48	1	47	0	45	0	42	0	38	0	33	1	28	3	24	5	21	8	19	10	18	12	18	13	19	14	21	16	24	17	26	17	28	16	29	15	29	14	28	14	28	
71:
79	68.852	5	65	5	66	4	68	3	71	3	74	4	78	6	83	8	88	11	92	15	95	20	97	25	98	31	98	38	97	46	95	54	92	62	90	69	89	75	88	80	88	84	89	87	90	89	90	90	89	90	87	89	84	88	82	86	79	83	77	81	74	80	70	80	66	81	63	83	61	86	60	89	58	91	57	92	56	92	56	91	55	89	55	86	56	82	57	77	57	71	58	64	59	57	59	50	60	44	60	39	60	35	60	32	59	30	57	29	54	29	50	30	45	32	39	34	33	35	27	35	22	34	18	32	15	29	13	25	12	21	12	16	13	12	15	9	18	7	22	6	26	6	31	7	37	8	44	8	50	8	55	7	59	7	62	6	64	5	65	5	65	
72:
80	215.993	95	31	95	30	94	28	93	25	91	21	89	17	86	13	82	10	77	8	71	7	66	7	62	8	59	10	56	13	54	17	53	22	53	28	52	35	52	41	51	46	49	50	46	53	42	57	37	61	32	66	28	71	25	76	23	80	22	83	21	85	21	86	22	86	22	85	21	83	20	80	19	76	17	73	14	69	10	66	6	63	3	59	1	54	0	50	0	47	1	45	3	44	6	44	10	45	15	47	19	50	22	54	25	59	29	65	34	72	39	79	45	85	50	90	54	94	58	97	62	99	65	100	68	100	70	99	73	97	75	94	76	90	78	85	80	79	81	73	81	66	80	58	80	51	81	45	82	40	84	36	87	33	90	31	92	30	94	30	95	31	95	31	
73:
79	38.309	66	20	65	21	63	21	60	20	56	19	51	17	45	16	38	16	32	16	27	17	23	19	20	22	18	26	17	31	16	37	16	43	17	48	19	52	22	55	26	57	31	58	37	58	43	57	49	57	54	58	58	60	61	63	63	67	64	72	64	77	63	83	61	88	58	92	54	95	49	97	43	98	36	98	29	97	23	95	18	92	14	89	11	86	9	83	8	79	7	74	6	70	6	67	7	65	9	64	12	64	16	65	19	66	23	66	28	65	33	63	37	60	41	56	45	51	48	45	50	38	52	31	55	25	59	20	64	16	70	13	75	11	79	10	82	10	84	11	85	13	85	15	84	18	82	20	79	21	75	21	72	20	69	19	67	19	66	20	66	20	
74:
92	48.386	99	57	100	58	101	60	101	63	100	67	98	72	95	76	91	79	86	81	80	83	74	84	68	84	63	84	59	83	56	81	54	78	53	75	53	73	54	72	56	71	59	70	63	68	67	65	70	61	72	56	73	50	75	43	76	37	76	31	75	26	73	22	70	19	66	17	61	15	55	14	48	14	40	14	33	13	27	13	22	14	18	16	15	17	13	17	12	16	12	15	13	15	15	15	17	16	18	18	18	21	17	24	15	28	12	33	8	39	5	46	3	54	2	63	2	71	3	78	5	84	8	89	10	93	13	96	15	98	16	99	17	99	17	98	16	96	14	93	13	90	13	87	14	85	16	83	19	80	23	77	27	73	32	69	38	64	43	59	49	54	54	50	60	47	67	45	74	44	80	44	85	45	89	47	92	50	95	53	97	55	98	56	99	57	99	57	
75:
85	53.719	28	41	29	40	31	40	34	41	38	43	42	46	45	50	47	54	48	59	48	65	47	70	45	74	42	77	38	79	33	80	27	80	21	79	16	79	12	79	9	79	7	80	6	81	6	82	7	84	9	87	12	90	15	92	19	93	24	93	29	92	33	90	36	87	40	83	45	78	50	72	55	66	59	60	63	55	67	51	72	48	78	46	83	45	88	45	92	46	95	48	97	51	98	55	98	60	97	65	95	69	92	72	88	74	83	75	77	75	72	74	68	72	65	69	62	65	60	60	59	54	57	48	54	41	50	35	46	30	41	26	35	23	29	21	22	20	16	20	11	21	7	23	4	26	2	30	1	34	1	38	2	41	4	44	7	46	11	47	16	47	20	47	23	46	25	44	27	42	28	41	28	41	
76:
78	50.647	20	37	21	36	23	34	26	31	30	27	33	22	37	18	42	14	48	11	55	8	62	6	68	5	73	5	77	4	80	4	82	4	83	5	83	7	82	10	80	14	78	18	75	22	71	25	66	27	60	28	55	30	49	33	44	37	40	42	37	48	35	55	34	62	34	69	35	75	37	80	40	84	44	87	49	90	55	92	61	93	66	93	70	94	73	95	75	96	76	97	76	99	75	101	73	103	70	104	66	104	61	103	55	101	50	98	44	94	38	89	33	84	29	80	26	76	23	73	19	71	14	70	9	70	5	69	2	68	-1	66	-3	63	-4	59	-4	54	-3	50	-2	46	0	42	3	39	7	37	10	36	14	35	17	35	19	36	20	37	20	37	
77:
77	19.363	45	78	44	78	42	77	39	77	35	77	31	76	26	76	20	76	15	75	11	73	8	70	6	67	5	65	5	63	6	62	8	62	11	63	15	65	20	68	26	71	31	75	35	80	38	84	40	87	43	90	46	92	49	93	53	93	57	92	62	92	67	91	73	89	78	88	82	86	86	83	89	79	91	74	92	70	92	65	91	59	89	52	86	45	82	38	77	31	71	25	66	19	61	14	57	10	54	7	52	5	49	4	45	4	40	5	36	7	33	10	29	14	25	19	21	23	18	26	15	28	12	29	9	30	7	30	6	31	6	33	7	36	9	39	12	43	16	48	21	53	25	58	30	63	35	68	39	72	42	75	44	77	45	78	45	78	
78:
91	44.491	71	10	72	11	74	13	77	16	81	20	86	25	90	30	94	36	97	43	99	51	100	58	100	65	99	72	97	79	94	85	90	90	86	94	81	97	75	99	68	100	60	100	51	99	43	97	36	94	30	90	25	85	21	79	18	72	16	64	15	56	15	49	16	43	18	38	21	34	25	31	29	29	34	28	39	28	43	29	46	31	48	33	49	36	49	40	48	45	46	49	43	53	39	58	35	64	32	69	28	75	25	81	23	86	22	90	21	93	21	95	22	96	24	97	27	98	31	98	36	98	42	98	49	97	57	95	64	93	70	91	75	88	79	84	82	79	84	73	85	66	85	58	84	50	82	42	79	35	76	29	72	23	67	17	62	12	58	8	55	5	53	3	52	2	52	2	53	3	55	4	58	4	62	5	65	7	68	9	70	10	71	10	71	10	
79:
81	25.795	96	83	96	82	96	80	97	77	97	74	96	70	94	65	91	59	89	53	88	46	88	39	88	32	88	26	87	21	85	17	82	14	78	12	73	11	68	10	62	10	55	11	47	11	39	10	31	9	24	9	18	10	13	12	9	15	6	19	4	24	3	30	3	37	4	44	6	51	8	57	11	64	15	70	20	75	26	79	33	84	40	89	46	93	52	96	57	98	62	99	66	99	69	98	71	96	72	93	72	89	71	84	69	78	66	71	62	63	57	54	52	46	48	39	45	33	43	28	42	24	42	21	43	19	45	17	48	16	52	16	56	17	61	19	67	22	72	26	76	31	80	37	84	44	87	51	89	57	90	62	91	68	91	73	92	77	93	80	95	82	96	83	96	83	
80:
86	96.363	59	30	60	31	62	33	65	35	69	38	73	41	76	45	78	48	79	50	79	53	78	57	76	60	73	64	69	68	64	72	58	75	53	79	47	83	41	86	36	88	32	89	29	89	27	88	26	88	26	89	27	89	29	89	32	88	36	87	41	87	47	86	54	86	61	87	68	87	75	86	81	86	86	86	90	86	93	85	95	83	96	80	96	76	95	71	93	65	91	59	90	52	88	44	85	36	82	29	78	23	74	17	69	12	63	8	58	4	54	1	49	-1	43	-2	38	-2	34	-1	30	1	27	4	25	8	24	13	24	19	24	24	25	29	27	33	29	36	31	38	32	39	34	39	36	38	37	36	39	33	40	30	42	26	44	23	46	21	49	20	52	20	54	21	55	23	57	26	58	28	58	29	59	30	59	30	
81:
92	230.275	14	70	14	71	14	73	15	76	17	80	18	85	20	90	22	94	23	97	24	99	24	100	25	100	27	99	30	97	33	94	37	90	42	85	48	79	54	74	59	69	64	65	68	62	72	59	76	57	79	56	81	54	82	52	82	51	81	50	79	48	76	45	72	41	67	37	61	34	54	31	47	29	39	28	31	28	24	28	18	29	13	31	9	32	6	32	4	31	3	29	3	26	4	22	6	17	9	13	13	9	18	6	24	4	31	3	39	3	48	4	57	6	65	9	72	13	78	16	83	18	87	19	91	19	94	19	96	18	97	16	97	14	96	11	94	8	91	6	88	5	84	5	79	6	74	8	69	11	65	15	61	20	57	26	53	33	50	40	47	48	45	55	44	61	43	66	41	70	38	73	34	75	29	76	24	76	20	75	17	73	15	71	14	70	14	70	
82:
79	3.679	43	64	44	64	46	64	49	65	53	67	56	70	59	73	61	77	62	82	63	87	65	91	68	94	72	96	75	97	77	97	78	96	78	94	77	91	75	87	72	82	70	76	68	70	67	63	67	55	67	48	68	42	70	35	73	29	76	24	78	19	79	15	79	12	78	10	76	9	73	9	69	10	64	12	58	15	51	19	43	24	35	29	27	35	20	40	14	44	9	47	5	49	2	50	0	50	-1	49	-1	47	0	44	2	40	5	35	8	29	10	24	12	18	15	13	19	9	24	6	30	4	36	3	41	3	46	3	51	3	55	4	58	6	60	9	61	13	61	18	61	24	60	30	58	37	55	43	51	49	48	54	46	58	45	61	44	63	43	64	43	64	
83:
79	170.073	85	54	84	55	83	57	83	59	82	62	80	66	77	71	73	77	68	83	63	88	59	92	56	95	52	97	48	98	45	98	43	97	42	95	42	92	43	89	44	85	44	82	43	80	41	78	40	77	39	75	39	72	40	69	41	67	41	66	40	66	38	66	35	67	31	68	27	70	24	71	22	71	20	70	19	68	19	66	20	63	22	59	25	54	29	48	32	42	34	36	35	31	35	27	34	24	32	20	29	16	25	12	22	9	20	7	19	4	19	0	20	-4	22	-7	25	-9	29	-10	34	-10	40	-9	47	-8	55	-6	62	-3	68	1	73	6	77	10	80	13	82	15	83	18	83	22	82	27	81	33	81	39	82	44	84	48	85	51	85	53	85	54	85	54	
84:
86	55.192	47	30	48	29	50	28	53	27	56	26	60	26	65	27	69	27	73	26	76	25	78	25	79	24	79	22	78	19	76	15	73	10	69	6	65	2	60	-1	55	-3	51	-4	48	-4	46	-3	45	-1	45	2	44	6	42	11	39	17	35	22	30	26	24	29	18	31	13	34	9	37	6	40	4	44	3	49	3	55	4	62	6	69	9	75	13	81	18	86	24	90	31	93	39	95	48	96	57	96	65	96	73	95	80	93	86	90	91	86	95	83	98	81	100	80	101	80	101	81	100	83	98	85	95	88	91	92	86	97	80	101	73	104	65	106	56	107	48	107	41	106	35	104	30	101	26	97	23	93	21	88	20	83	20	77	21	70	23	63	26	56	29	50	33	45	37	40	41	36	44	33	46	31	47	30	47	30	
85:
84	78.356	55	43	55	44	54	46	52	49	49	53	46	57	42	61	37	64	31	67	26	69	21	70	17	70	14	69	12	67	11	65	11	64	12	64	14	65	17	66	21	68	26	70	32	71	39	71	45	70	51	68	56	65	60	61	63	58	66	56	69	55	71	55	74	56	78	58	82	59	86	59	89	58	91	56	92	53	92	49	91	45	91	40	92	34	93	28	93	23	92	19	90	16	87	14	83	12	78	10	72	8	65	7	58	7	50	8	41	8	33	7	26	6	20	6	15	7	11	8	8	9	6	11	5	13	5	16	6	18	8	19	11	20	15	21	20	21	26	20	32	19	39	19	45	19	50	20	54	22	58	25	61	28	63	31	64	34	64	37	63	39	61	40	58	42	56	43	55	43	55	43	
86:
90	66.525	81	98	80	97	78	97	75	98	71	98	66	97	60	97	53	96	46	94	38	92	31	90	24	88	18	85	13	81	9	76	6	70	4	64	3	57	3	49	4	41	6	33	9	26	12	19	16	13	21	8	27	4	33	1	40	-1	48	-3	57	-4	65	-4	72	-3	78	-1	83	2	87	6	90	11	92	17	93	24	94	32	94	39	93	45	93	50	93	54	93	57	92	59	90	60	87	60	83	59	80	57	78	54	77	51	77	47	78	43	80	40	83	38	85	35	86	31	86	28	85	26	83	25	80	25	77	26	73	26	68	27	62	29	55	32	47	36	40	41	34	47	29	54	25	62	22	69	20	76	19	82	19	87	20	91	22	94	25	96	29	97	34	97	40	97	47	97	54	98	60	100	66	101	71	102	75	102	78	101	80	99	81	98	81	98	
87:
76	79.548	7	79	8	80	10	82	13	85	17	88	22	90	28	91	35	91	42	91	48	90	53	88	57	87	61	85	64	83	66	80	67	76	67	71	67	65	66	58	64	52	61	46	58	41	56	37	55	32	55	27	56	23	58	20	61	17	64	14	68	12	73	11	79	11	85	12	91	14	96	17	100	21	103	26	105	32	106	38	106	43	105	47	103	50	100	52	97	53	93	53	88	52	82	50	77	47	73	43	70	39	68	35	67	32	67	30	68	29	69	29	70	30	70	32	69	35	67	39	64	43	60	46	55	48	49	49	42	49	35	49	29	49	24	50	20	52	17	55	15	59	14	64	13	69	12	73	10	76	8	78	7	79	7	79	
88:
88	59.017	75	13	74	12	72	12	69	13	65	15	60	16	54	16	47	15	40	13	34	11	27	10	21	8	16	6	12	5	9	5	7	5	6	6	6	8	7	11	9	15	12	20	16	25	21	29	27	32	33	34	40	35	46	35	51	34	57	32	62	29	66	27	69	26	72	26	75	27	77	29	78	32	78	36	77	41	75	47	72	53	68	58	63	64	57	71	50	77	42	82	35	86	29	89	23	91	18	93	14	94	11	96	9	99	8	103	8	107	9	111	11	114	14	116	18	117	23	117	29	116	36	115	43	113	50	111	56	108	62	104	67	99	71	93	74	86	76	78	77	71	77	63	78	55	80	48	82	41	85	35	89	28	92	22	94	17	95	13	95	10	94	8	92	7	89	7	85	8	81	10	78	12	76	13	75	13	75	13	
89:
78	19.012	52	23	51	22	49	20	46	18	43	15	40	13	38	12	37	11	37	10	38	9	40	9	43	8	47	6	52	4	58	2	63	1	68	1	74	2	79	4	83	7	87	11	90	16	92	21	93	27	93	34	92	41	90	47	87	52	83	56	78	59	72	62	65	64	59	67	53	71	48	74	44	76	40	77	37	77	35	77	34	78	34	80	34	83	35	87	37	92	40	96	44	99	49	101	55	103	62	104	69	104	75	103	80	101	84	98	87	96	89	94	90	93	90	93	89	94	87	95	84	95	80	94	75	92	71	89	66	85	62	80	59	74	57	67	56	59	56	52	57	45	59	39	60	34	60	30	59	27	57	25	55	24	53	23	52	23	52	23	
90:
93	268.1	14	81	14	80	13	78	12	75	10	71	9	66	9	60	10	53	12	45	14	38	16	31	18	25	19	20	19	16	18	13	16	11	13	10	10	10	8	11	6	13	5	16	5	20	6	25	8	31	9	38	11	46	14	55	18	65	23	74	29	82	36	89	42	95	49	100	56	104	63	107	69	109	74	110	78	110	81	109	83	107	84	104	84	100	83	97	81	93	78	89	75	85	71	82	67	80	64	78	62	77	61	77	61	76	62	76	64	75	67	73	71	70	76	66	82	61	87	56	91	50	94	43	96	37	98	32	99	27	99	23	99	20	98	18	96	17	93	17	89	18	85	19	80	19	74	19	69	20	65	22	62	25	59	29	57	34	56	40	55	46	53	51	50	57	48	64	46	70	43	75	39	79	34	82	29	84	24	85	20	85	17	84	15	82	14	81	14	81	
91:
79	28.248	31	69	32	68	34	66	37	63	41	59	46	54	52	50	58	47	65	45	71	44	76	44	80	45	83	47	85	49	86	52	88	55	91	59	95	64	98	68	100	71	101	74	101	76	100	77	98	77	95	76	91	74	86	73	80	73	75	74	69	76	64	79	58	82	53	86	47	90	42	93	38	95	33	96	29	96	25	95	21	93	18	90	14	86	11	82	9	79	8	77	8	75	9	72	11	70	12	68	12	65	11	61	9	56	8	52	8	49	9	46	11	43	14	41	18	40	23	40	28	39	34	39	39	38	43	36	47	33	50	31	52	30	53	30	53	31	52	33	50	36	47	39	43	43	39	48	36	54	33	59	31	63	30	66	30	68	31	69	31	69	
92:
88	40.617	10	64	11	65	11	67	11	70	12	73	13	75	15	76	18	76	21	75	25	73	28	70	30	66	31	62	32	57	33	51	33	44	32	37	32	29	33	22	33	16	32	11	30	7	29	4	29	2	30	1	32	1	35	2	39	4	44	5	50	5	57	5	64	4	70	4	75	4	81	5	86	7	90	10	93	14	95	18	96	23	96	29	95	36	93	44	91	52	89	60	87	67	86	73	86	79	87	84	89	88	91	91	94	93	96	94	97	94	97	93	96	91	94	88	91	84	87	79	82	73	77	66	71	60	64	54	56	49	48	45	39	42	31	39	24	35	18	31	13	28	9	26	6	23	4	21	3	20	3	20	4	21	6	23	8	26	11	30	14	34	16	38	17	43	17	49	16	54	14	58	12	61	11	63	10	64	10	64	
93:
86	124.262	40	94	39	94	37	95	34	96	30	96	25	95	20	93	15	91	11	89	8	86	5	82	3	77	2	71	2	66	3	62	5	59	8	57	12	56	17	56	23	57	30	59	38	61	47	64	56	68	64	72	71	77	77	81	82	84	86	87	89	89	91	90	92	90	92	89	91	87	89	84	86	80	84	75	83	69	82	62	82	55	83	49	84	43	84	38	83	34	81	31	78	29	74	28	69	28	64	27	60	25	57	22	55	18	53	13	50	8	46	4	41	1	35	-1	29	-2	23	-2	17	-1	12	1	8	4	5	8	3	13	2	18	2	24	3	29	5	34	8	38	12	41	17	43	23	44	28	45	32	47	36	50	40	54	43	59	45	64	46	69	46	74	45	79	45	84	44	88	43	91	41	93	40	94	40	94	
94:
89	70.697	2	50	2	49	1	47	1	44	2	40	3	35	4	29	6	22	9	16	13	11	18	7	24	4	31	2	38	1	45	1	51	2	56	4	60	7	63	11	65	14	66	16	66	17	65	17	65	16	66	14	68	11	71	9	75	8	79	8	83	8	86	9	88	11	89	14	89	18	88	23	86	29	83	35	79	42	74	50	68	59	62	67	57	74	53	80	50	85	48	89	47	92	47	94	47	95	48	95	50	94	53	93	57	92	62	92	68	93	75	94	82	95	89	95	95	94	100	92	104	89	107	85	109	80	110	74	110	67	109	60	107	54	104	49	100	45	95	42	91	40	87	39	82	38	78	36	74	33	70	31	65	30	59	30	52	30	46	31	41	33	35	36	28	39	22	43	17	46	12	48	8	50	5	51	3	51	2	50	2	50	
95:
80	21.118	58	37	57	37	55	37	52	36	48	35	43	35	37	36	32	38	27	41	23	45	20	48	18	50	15	51	13	51	12	50	12	48	11	47	9	46	7	46	4	45	1	43	-1	40	-2	36	-2	31	-1	26	1	20	4	15	8	11	13	8	19	6	26	5	34	5	43	6	52	8	60	9	67	9	73	10	78	12	82	15	85	19	87	24	88	29	88	35	87	42	85	50	82	59	78	67	73	74	69	80	65	85	62	89	60	92	59	94	59	95	60	96	62	96	65	95	69	95	74	95	80	95	85	95	89	95	93	95	96	96	98	96	99	95	99	93	98	90	96	86	93	82	89	77	84	71	79	64	73	58	68	52	64	47	61	43	59	40	58	38	58	37	58	37	
96:
89	60.715	63	91	64	92	66	94	69	97	73	100	78	102	84	103	89	104	93	104	96	103	98	101	99	98	99	94	98	89	96	83	93	78	89	74	84	71	78	69	72	68	67	68	63	69	59	71	55	74	50	77	44	79	37	80	31	80	26	79	22	78	19	76	17	73	16	69	16	64	17	58	19	53	22	49	26	46	31	42	37	37	44	31	50	24	55	18	59	13	62	9	64	6	65	4	65	1	64	-1	62	-3	59	-4	55	-4	50	-3	44	-1	37	2	31	6	26	11	21	16	16	20	12	24	9	29	7	35	6	41	6	47	7	52	8	57	9	63	9	69	9	74	10	78	12	81	15	83	19	84	24	84	29	85	35	86	42	88	48	91	54	94	59	96	63	97	66	97	68	96	69	94	69	93	68	92	66	91	64	91	63	91	63	91	
97:
87	111.471	22	64	23	65	24	67	25	70	27	74	30	79	34	84	39	88	45	91	50	93	55	94	61	94	67	93	73	91	78	88	82	84	85	79	87	73	88	66	88	59	87	51	86	42	84	34	81	27	77	21	72	16	68	12	65	9	63	7	62	5	62	4	63	4	65	5	68	7	72	10	77	14	83	18	88	23	92	29	95	36	97	44	98	53	99	62	99	70	99	77	99	83	99	88	99	92	98	95	96	97	93	98	89	98	84	97	78	95	72	92	66	88	61	83	55	77	49	70	44	63	40	57	37	52	35	48	33	44	31	41	28	39	24	38	19	38	15	39	12	41	9	44	7	47	6	51	5	55	3	60	1	65	0	69	0	72	1	74	3	75	6	75	10	74	14	72	17	69	19	67	21	65	22	64	22	64	
98:
81	22.586	68	91	67	92	65	94	62	95	58	96	54	96	49	95	43	95	36	94	30	94	25	93	21	91	18	88	16	84	15	81	15	79	15	77	14	76	12	76	11	77	11	78	12	80	13	83	15	86	18	88	22	89	27	89	31	88	34	86	38	83	42	79	45	74	49	70	54	67	60	65	65	64	69	64	72	64	74	65	75	67	75	70	74	72	72	73	69	73	65	72	60	70	55	67	51	63	48	58	46	53	45	47	45	41	45	36	46	32	48	29	51	27	55	26	60	26	66	26	73	27	79	29	84	32	88	36	91	41	93	47	95	54	96	62	97	70	97	77	96	83	94	88	91	92	87	95	82	97	78	98	74	98	71	97	69	96	68	94	68	92	68	91	68	91	
99:
85	63.807	10	22	11	23	12	25	12	28	13	32	14	37	14	43	13	50	11	58	10	66	10	73	11	79	11	84	10	89	10	93	11	96	11	98	12	99	13	99	15	98	18	96	21	93	23	89	24	84	26	78	28	71	31	63	35	55	40	47	46	40	53	33	61	27	68	21	74	16	79	12	83	9	86	7	90	6	93	6	95	7	96	9	96	12	97	16	98	21	98	27	98	34	97	40	95	47	92	53	88	60	84	67	81	73	79	79	78	84	78	88	79	91	81	93	84	94	87	94	91	93	94	91	96	88	98	84	99	79	99	73	98	66	96	60	93	53	89	45	84	38	78	32	71	27	63	23	55	20	46	16	38	13	31	11	25	10	20	10	16	11	13	13	11	16	10	19	10	21	10	22	10	22	