0:
85	120.887	24	78	23	77	21	75	18	72	14	68	11	63	9	57	8	51	8	46	9	42	11	39	14	37	18	36	23	36	29	37	36	39	43	40	51	40	58	39	64	38	69	36	73	33	76	29	78	24	79	19	79	14	78	10	77	7	75	5	72	4	68	4	63	4	57	3	50	2	42	2	34	2	27	3	21	4	16	5	12	7	9	10	7	14	6	19	5	23	5	26	5	29	4	31	4	32	5	32	7	31	10	31	14	32	19	33	24	33	28	32	32	31	35	31	37	32	39	34	41	37	44	41	47	44	51	46	56	47	62	47	67	46	71	46	74	46	76	47	77	49	77	52	76	56	74	60	71	65	67	69	62	74	56	78	50	81	45	83	39	84	34	84	30	83	27	81	25	79	24	78	24	78	
1:
87	61.672	1	29	2	29	4	29	6	30	9	32	13	35	16	38	18	42	19	47	19	53	18	59	16	64	13	68	9	71	5	73	2	74	0	74	-1	73	-2	71	-2	68	-1	65	1	62	4	60	8	59	13	59	19	60	24	62	29	65	34	69	39	72	45	74	52	75	59	75	65	74	70	72	74	69	77	65	79	61	80	58	80	56	79	55	77	55	74	56	70	58	65	60	60	63	56	65	52	66	48	66	45	65	43	64	42	62	42	59	43	55	45	50	48	44	52	37	56	30	59	24	63	19	67	15	70	12	72	10	73	9	73	9	72	10	70	11	67	13	63	14	58	14	52	14	45	13	37	12	29	11	22	9	16	7	11	6	6	6	2	7	-1	9	-3	12	-4	15	-4	19	-3	23	-2	26	0	28	1	29	1	29	
2:
78	44.783	2	20	3	21	5	22	8	24	12	27	15	30	17	34	18	39	18	45	17	51	15	56	12	60	10	63	9	65	9	66	10	66	12	65	15	63	19	60	23	56	26	53	29	51	32	50	34	49	36	49	38	50	40	52	43	55	47	57	52	58	58	58	64	57	70	57	75	58	79	60	82	63	84	66	85	70	85	73	84	75	82	76	79	76	76	75	74	73	71	70	68	66	65	61	63	55	62	48	62	40	63	32	65	25	68	19	70	14	71	10	73	7	75	5	76	3	76	2	75	2	73	3	70	4	67	6	63	8	58	11	52	15	45	18	37	20	29	21	22	21	16	20	11	18	7	17	4	16	2	16	1	17	1	19	2	20	2	20	
3:
81	117.378	70	27	71	28	73	30	75	33	77	37	78	42	79	47	79	51	78	54	76	56	73	57	69	57	65	57	62	56	60	56	59	57	59	59	59	62	59	66	58	69	56	71	53	72	49	73	44	75	38	77	31	78	23	78	16	77	10	76	5	74	1	71	-2	68	-4	64	-5	59	-5	55	-4	52	-2	50	1	49	5	49	9	50	14	51	20	53	27	56	33	59	38	61	42	62	45	62	47	61	48	59	48	56	47	52	47	47	48	42	50	38	51	34	52	31	52	29	51	26	49	22	46	18	42	15	39	13	37	11	36	9	36	6	37	3	38	1	40	0	43	-1	47	-1	51	0	56	1	60	3	64	6	67	9	69	13	70	17	70	21	69	24	69	26	70	27	70	27	
4:
82	22.355	61	35	62	35	64	35	67	35	70	35	72	36	73	38	73	41	74	45	75	49	77	52	78	56	78	61	77	65	75	68	72	71	68	73	64	74	61	74	59	74	58	73	57	71	57	68	57	64	57	59	57	53	56	48	54	44	52	41	49	39	45	38	42	38	40	39	39	41	39	44	40	48	41	52	41	56	40	61	38	66	36	70	33	73	29	75	24	76	19	76	14	75	10	73	7	70	5	66	3	61	2	55	2	48	3	40	5	33	8	26	12	20	17	15	23	11	29	8	35	6	40	5	44	5	48	6	51	7	53	9	54	12	54	15	53	19	51	24	50	29	50	33	51	36	53	38	56	39	59	39	62	39	64	40	65	40	65	39	64	37	62	36	61	35	61	35	
5:
79	25.485	18	70	18	69	19	67	20	64	22	60	25	55	28	49	31	44	33	40	34	37	34	34	34	32	35	31	35	31	36	32	38	34	40	37	41	41	42	46	44	52	46	57	47	61	49	64	52	66	56	67	61	67	65	66	69	64	72	61	75	57	77	52	78	46	78	39	79	31	79	24	78	18	77	13	75	9	72	6	68	4	63	3	57	3	50	3	42	4	34	5	27	5	21	6	15	7	10	8	6	10	3	13	1	17	0	22	0	27	1	32	2	37	4	41	7	44	11	46	14	47	16	49	17	51	17	54	16	57	14	59	12	60	11	62	10	65	10	69	11	73	13	76	15	78	18	79	20	79	21	78	21	76	20	73	19	71	18	70	18	70	
6:
82	48.193	32	64	33	65	35	66	37	67	40	67	44	67	49	66	55	64	60	63	64	63	68	64	71	66	73	68	74	71	74	73	73	74	71	74	69	73	66	71	63	68	60	64	57	59	55	53	54	47	54	42	53	38	52	35	50	33	47	32	44	32	40	32	35	33	31	34	27	34	23	33	18	31	14	28	11	25	8	22	6	19	5	17	5	16	4	16	4	17	3	19	2	22	0	26	-1	31	-2	36	-3	40	-3	43	-2	45	0	46	3	47	6	47	10	46	15	44	19	41	22	39	26	38	31	38	35	38	39	39	42	41	44	44	45	48	45	52	44	57	43	61	41	64	38	66	34	67	30	67	27	66	25	64	24	63	24	61	25	60	27	60	29	61	31	63	32	64	32	64	
7:
65	3.839	70	22	71	23	71	25	71	28	70	32	68	37	65	41	61	46	56	51	50	55	44	58	39	60	35	61	32	61	30	60	28	58	26	55	23	51	19	47	16	44	14	40	13	35	13	30	14	25	16	21	19	17	23	13	27	10	31	8	34	7	36	7	37	8	37	10	36	13	34	17	32	22	31	27	31	33	31	39	32	44	34	48	37	51	40	53	42	56	44	60	46	64	49	68	53	71	58	73	64	74	69	74	73	73	76	71	78	68	79	64	79	59	78	53	78	46	77	40	76	35	76	31	75	28	73	25	71	23	70	22	70	22	
8:
72	9.2	19	57	18	57	16	56	13	54	9	51	6	47	4	42	3	36	3	30	4	25	6	21	9	18	13	16	17	14	22	13	27	12	32	12	36	13	39	15	41	18	42	22	43	27	43	33	43	40	44	47	45	54	47	60	50	65	54	69	57	72	60	74	63	75	66	75	68	74	69	72	69	69	69	65	68	60	66	54	65	47	65	39	66	32	68	25	70	19	73	14	75	10	76	6	76	2	75	-1	73	-3	70	-4	66	-4	61	-3	57	-1	54	2	50	6	46	11	42	17	37	22	31	27	25	31	20	35	16	38	13	40	11	41	10	42	10	44	11	47	13	51	16	54	18	56	19	57	19	57	
9:
68	18.336	52	79	51	79	49	78	46	76	42	74	37	71	31	68	25	64	20	59	15	53	11	46	8	40	5	35	2	31	0	28	-1	26	-1	25	0	25	2	26	5	28	9	31	14	34	20	38	27	41	35	44	43	46	51	47	58	47	64	47	69	46	73	45	76	45	78	46	79	48	79	50	78	51	76	51	73	50	69	48	64	45	60	41	57	36	55	30	53	24	52	19	52	15	53	12	54	10	54	9	53	9	51	10	50	12	50	15	51	19	51	24	50	29	49	35	47	40	45	44	44	48	44	53	45	59	47	64	48	69	49	73	51	76	52	78	52	79	52	79	
10:
71	3.219	1	7	2	6	4	4	7	3	10	2	14	2	19	3	25	5	32	8	40	10	47	13	53	17	58	22	62	27	65	33	68	38	71	42	73	46	74	49	74	52	73	54	71	55	68	55	64	54	59	54	53	53	47	53	42	54	38	56	34	59	31	62	29	66	26	71	22	75	18	78	14	80	10	81	7	81	5	80	4	78	4	75	5	72	7	68	10	63	14	59	19	56	25	52	30	47	34	42	38	36	41	30	43	25	44	21	44	18	44	16	43	14	41	13	38	13	34	14	30	16	27	19	23	21	20	22	16	22	13	21	11	19	9	16	7	13	4	10	2	8	1	7	1	7	
11:
74	46.784	31	79	30	78	28	77	25	76	22	76	19	77	17	77	16	76	14	74	13	71	13	67	14	62	16	57	19	52	23	48	26	45	28	43	29	41	29	40	28	38	26	37	23	35	19	32	15	28	12	25	10	21	9	16	9	11	10	7	11	4	13	2	15	1	18	1	22	2	27	4	33	7	40	11	46	15	51	18	55	20	58	21	60	21	61	20	61	18	60	15	59	11	59	8	60	6	61	5	63	5	66	6	69	8	72	11	74	15	75	19	75	22	74	24	72	25	69	25	65	25	60	26	54	28	49	31	45	35	42	40	39	46	37	52	34	58	32	64	30	69	29	73	29	76	30	78	31	79	31	79	
12:
74	3.365	8	43	9	44	10	46	10	49	10	53	10	58	11	64	13	69	15	73	18	76	22	78	27	79	33	79	40	78	47	78	53	78	59	77	64	75	69	72	73	68	76	63	79	57	81	50	82	43	82	37	81	32	79	28	76	23	72	18	67	14	61	11	54	8	47	6	41	5	34	4	28	4	23	4	19	5	16	7	14	10	13	12	13	15	14	18	16	20	19	21	23	21	28	20	34	19	40	19	47	20	53	22	58	25	62	29	65	34	67	40	68	45	68	49	67	52	65	54	62	57	59	60	55	63	50	65	44	66	37	66	30	65	24	63	19	60	15	57	12	53	10	49	9	46	9	44	8	43	8	43	
13:
93	110.818	29	27	29	26	30	24	30	21	29	17	27	12	24	8	20	5	15	3	11	2	8	1	6	1	5	1	5	0	6	-1	8	-1	11	-1	15	0	20	1	25	3	31	6	38	9	45	11	51	12	56	12	60	11	63	9	65	8	66	8	66	9	65	11	63	14	60	18	57	23	55	29	54	36	54	44	54	52	55	59	57	65	60	70	64	74	69	77	73	79	76	80	78	80	79	79	79	77	78	75	76	72	74	68	73	63	72	57	71	52	69	48	66	45	62	43	57	42	52	42	47	43	43	45	40	48	38	51	37	55	37	58	37	60	37	61	36	61	36	60	37	58	37	55	36	52	34	48	31	44	27	40	22	37	16	35	11	34	7	34	4	35	2	37	1	38	1	40	2	42	4	43	7	43	11	42	15	40	19	37	23	33	26	30	28	28	29	27	29	27	
14:
85	167.916	21	50	22	49	24	47	27	44	31	40	36	36	42	31	49	26	56	22	63	18	69	15	76	13	82	12	88	12	93	13	97	15	100	18	102	22	103	27	103	33	102	39	100	44	97	48	93	51	88	53	82	54	75	54	69	53	64	52	58	50	53	47	48	43	43	38	37	32	31	26	26	19	22	13	19	8	17	4	16	1	16	-2	17	-4	19	-5	22	-5	26	-4	31	-3	37	-1	42	2	46	5	49	7	51	10	52	14	52	19	51	25	50	31	49	38	49	44	50	49	52	54	53	59	53	63	52	66	51	68	50	69	50	71	50	73	49	74	47	74	44	73	41	72	37	71	32	71	26	71	21	70	17	68	14	65	12	63	11	60	11	56	12	53	14	51	17	50	19	49	20	49	21	50	21	50	
15:
75	13.931	71	55	70	56	68	58	65	61	62	64	59	66	55	67	50	67	46	66	42	64	39	61	35	58	31	54	26	49	21	45	16	42	12	40	9	39	6	39	4	40	3	42	3	43	4	43	6	42	9	40	13	37	16	33	18	28	19	22	19	17	18	13	17	10	15	8	12	7	10	7	9	8	9	10	10	12	12	15	15	19	19	22	24	24	30	25	37	25	45	24	52	22	58	19	63	16	67	13	70	11	72	10	73	8	73	6	72	4	70	3	67	3	63	4	60	6	58	9	57	13	56	18	55	24	55	30	56	35	58	39	61	42	65	44	69	46	72	48	74	49	75	51	75	53	74	54	72	55	71	55	71	55	
16:
74	22.9	75	33	76	34	76	36	75	39	74	41	74	42	73	42	72	41	70	39	67	37	63	36	59	34	54	33	48	33	41	32	35	30	28	29	22	29	17	30	13	32	10	35	8	39	7	44	6	48	6	53	7	58	9	64	12	69	14	73	15	76	15	78	16	79	18	79	21	78	24	76	26	73	27	69	27	64	26	59	24	53	21	46	18	40	15	35	12	31	9	28	7	24	6	20	6	17	7	15	9	14	12	14	14	15	17	17	20	19	24	20	28	20	31	19	33	17	36	14	39	11	43	9	47	8	52	8	58	9	64	10	69	12	73	15	76	18	78	22	79	26	79	29	78	31	76	32	75	33	75	33	
17:
85	53.249	7	12	6	13	6	15	7	18	9	21	12	24	16	26	21	27	27	28	34	29	41	31	47	33	52	36	56	40	60	44	63	48	65	52	66	57	66	61	65	64	63	68	60	71	56	73	52	74	47	74	42	75	38	76	35	76	33	76	32	77	32	78	33	80	35	83	38	85	42	86	47	86	53	85	59	83	64	80	68	76	71	71	74	65	76	58	77	50	77	41	77	33	78	26	79	20	80	15	80	10	79	6	77	3	74	1	70	0	65	0	61	1	57	3	54	6	52	10	51	14	51	19	52	24	54	29	57	33	60	36	62	38	63	39	64	39	65	38	65	36	64	34	62	33	59	33	55	34	50	34	45	33	40	31	34	28	28	24	22	20	17	17	13	15	10	14	8	13	7	12	7	12	
18:
74	19.008	76	58	75	58	73	59	70	61	66	64	61	67	57	71	52	76	46	80	39	83	32	85	26	86	21	86	17	85	13	83	10	80	8	76	7	73	7	69	8	66	10	64	13	62	17	60	21	57	26	53	30	48	33	43	35	39	36	36	36	34	35	31	33	29	31	26	30	22	30	18	31	14	32	11	32	8	33	6	33	5	32	5	32	6	31	8	29	11	26	15	22	18	19	20	15	21	11	21	8	20	6	18	5	15	5	11	6	7	8	4	11	2	15	1	18	1	21	2	23	4	25	6	28	9	32	13	37	18	43	24	49	30	54	36	59	41	63	45	67	48	70	52	73	55	75	57	76	58	76	58	
19:
73	24.316	55	79	54	78	52	77	49	76	45	76	40	76	36	75	32	73	29	70	27	66	26	61	26	56	27	52	29	48	32	44	36	41	40	39	44	38	47	38	49	39	50	40	50	41	49	42	47	42	44	41	40	39	35	36	31	32	27	27	24	22	22	16	21	11	21	7	22	4	24	2	27	1	31	1	34	2	37	4	40	7	44	10	48	12	52	14	56	15	59	15	61	14	62	12	63	11	65	11	68	12	70	14	72	17	73	20	73	24	72	29	70	33	67	36	63	39	59	41	56	42	54	43	52	44	51	46	51	49	52	53	53	57	53	62	52	66	51	69	51	73	52	76	54	78	55	79	55	79	
20:
88	94.545	61	5	60	6	58	7	55	8	51	9	46	9	40	10	35	10	29	10	23	11	18	12	14	13	11	13	9	12	8	10	8	7	9	3	11	-1	14	-4	18	-6	23	-7	29	-7	36	-6	42	-5	49	-3	56	0	62	2	67	5	71	9	74	14	76	19	77	25	77	32	76	39	74	45	71	50	67	54	62	57	57	59	53	60	50	60	48	61	46	63	45	66	45	69	46	72	48	74	50	75	53	75	56	74	59	72	61	71	62	71	62	71	61	71	59	70	58	68	58	65	57	61	57	58	57	54	56	51	54	49	51	48	47	48	42	49	36	51	31	54	26	58	22	61	19	63	17	64	16	64	16	63	17	61	19	58	22	55	26	51	31	46	37	40	43	33	48	26	52	20	55	15	57	11	58	8	60	6	61	5	61	5	
21:
69	12.324	55	17	55	16	55	14	54	12	52	10	49	9	45	9	40	8	36	8	33	8	31	9	30	11	29	14	29	17	30	21	32	26	34	32	35	38	35	45	34	52	32	58	30	63	29	67	29	70	30	72	32	74	35	75	39	75	43	76	48	76	53	75	57	73	60	70	62	66	63	62	63	59	62	57	60	54	57	50	53	46	48	42	42	38	37	33	32	29	27	26	21	24	15	23	10	23	6	22	3	20	1	17	0	13	-1	9	-1	5	0	2	2	0	5	-1	9	-1	14	0	20	2	26	5	33	7	39	8	44	10	48	11	51	12	53	14	54	16	55	17	55	17	
22:
69	48.227	53	41	54	40	56	38	59	35	62	31	66	28	69	25	71	23	73	20	74	16	74	11	73	7	71	4	68	2	64	1	59	1	53	1	46	2	38	4	30	7	23	10	17	13	12	17	8	20	5	22	3	23	2	23	2	22	3	20	5	19	8	19	12	20	16	22	19	24	23	26	26	29	28	33	29	37	29	42	30	48	30	55	31	61	33	66	36	70	40	73	43	75	45	76	47	76	48	75	50	73	53	70	57	66	61	62	64	57	66	53	67	50	67	48	66	47	65	47	63	48	60	50	57	51	54	51	52	50	51	49	51	47	52	44	53	42	53	41	53	41	
23:
74	5.388	38	42	39	41	41	39	44	38	47	38	50	38	52	39	53	41	53	44	52	48	51	53	51	59	50	64	48	68	45	71	41	73	36	74	31	74	27	73	24	71	22	68	19	64	16	59	13	53	11	46	10	40	10	34	11	29	13	23	16	17	20	12	25	8	30	5	36	3	42	2	47	2	51	2	54	3	56	5	57	6	57	8	56	11	54	15	51	20	47	26	42	33	38	39	35	44	33	48	32	51	31	53	31	54	32	54	34	53	37	52	41	51	45	50	50	50	55	49	59	47	62	45	64	43	65	40	65	38	64	36	62	35	59	35	55	35	50	35	46	36	43	38	41	40	39	41	38	42	38	42	
24:
74	21.746	76	65	75	64	73	63	70	63	67	64	63	65	60	67	58	68	56	68	55	67	54	65	53	62	51	58	50	54	48	49	45	43	41	38	38	33	36	27	35	21	35	16	36	12	38	8	41	5	45	3	48	2	52	2	55	3	57	5	58	8	58	12	57	15	55	17	52	18	48	18	43	17	37	16	31	16	26	17	22	18	19	20	17	23	16	27	16	32	15	38	13	44	10	50	7	57	4	63	2	68	1	72	1	75	2	77	4	78	7	78	11	77	15	76	20	74	26	71	33	68	41	66	49	65	56	65	62	66	67	68	71	69	74	70	77	71	79	71	80	70	80	68	79	66	77	65	76	65	76	65	
25:
77	27.104	22	78	23	77	25	75	28	73	32	72	37	72	43	71	50	69	56	66	62	62	68	57	73	51	77	45	80	39	82	33	83	28	83	24	82	21	80	19	78	18	75	18	72	19	69	21	66	24	64	27	63	31	61	36	58	42	54	47	49	51	43	54	36	56	29	57	23	57	18	56	14	54	11	51	9	47	8	42	8	36	9	29	11	23	14	17	18	12	22	8	25	5	29	3	32	2	34	2	35	3	35	5	34	8	32	12	29	16	25	20	20	23	14	25	9	27	5	30	2	34	0	38	-1	43	-2	47	-2	50	-2	52	-1	53	1	53	2	54	2	56	3	59	5	63	8	68	12	72	16	75	19	77	21	78	22	78	22	78	
26:
81	86.783	79	24	78	23	77	21	75	19	72	18	68	18	63	19	57	21	51	23	46	26	40	28	35	29	31	29	27	30	24	32	22	34	21	37	21	41	22	46	24	52	27	58	30	63	32	67	33	70	33	73	32	75	30	76	27	76	23	75	18	73	14	70	10	66	7	61	5	55	4	50	4	46	4	43	5	41	7	39	10	38	14	37	19	37	25	37	32	38	40	40	48	42	55	44	61	47	66	51	70	55	73	59	75	62	76	64	76	65	75	65	73	64	72	63	72	61	72	58	73	54	73	49	72	43	70	36	69	28	69	21	68	15	68	10	67	6	65	3	64	1	64	0	64	0	64	1	65	3	66	6	68	10	71	14	74	18	76	21	78	23	79	24	79	24	
27:
82	19.459	43	57	42	58	40	60	37	62	33	65	29	68	26	70	23	71	21	71	19	70	16	70	12	71	8	73	5	74	3	74	2	73	2	71	2	68	3	64	5	59	8	53	12	46	17	39	21	33	25	28	30	24	35	21	41	19	48	18	55	18	61	19	66	21	70	23	74	25	77	28	79	31	80	33	80	34	79	34	79	33	80	31	80	28	79	25	77	21	74	16	70	11	65	7	59	4	54	2	50	0	47	-1	45	-1	43	0	42	2	41	5	39	9	36	12	32	14	27	17	21	20	15	24	10	29	6	33	3	36	1	39	0	41	0	42	1	42	3	41	6	39	10	37	15	36	20	36	25	37	29	38	33	40	37	43	40	47	42	51	43	54	43	56	43	57	43	57	
28:
77	10.792	9	46	10	46	12	47	15	49	18	52	20	55	21	58	21	62	20	67	18	71	15	74	12	76	10	77	9	77	9	77	10	78	12	80	15	81	19	81	24	80	29	78	35	75	40	71	44	67	47	62	49	58	50	55	50	53	51	52	52	52	52	53	53	55	53	58	52	60	50	61	47	61	44	60	41	58	39	56	37	53	36	49	36	44	37	38	37	32	36	26	36	20	37	15	39	11	42	8	46	5	51	3	56	2	60	2	63	3	65	3	66	4	66	5	65	6	63	8	60	11	56	14	51	18	45	22	38	25	31	27	24	28	18	29	13	29	9	29	6	30	4	32	3	35	3	39	4	42	6	44	8	45	9	46	9	46	
29:
73	25.983	43	67	44	66	46	64	49	61	53	58	58	56	63	54	67	51	70	48	72	44	73	39	73	33	72	28	71	23	70	19	68	16	65	14	62	13	60	13	59	14	59	16	60	19	62	23	64	28	65	33	65	37	65	40	64	42	62	43	59	43	55	42	50	40	44	38	37	37	30	37	24	38	19	40	15	42	12	43	10	45	9	48	9	51	10	54	10	58	11	61	13	63	16	64	20	66	23	69	25	73	27	76	30	78	32	79	33	79	33	78	32	76	31	73	31	69	31	64	30	59	29	55	29	52	30	50	32	49	35	49	38	50	40	52	41	54	41	57	41	61	41	64	42	66	43	67	43	67	
30:
70	53.624	10	49	9	50	9	52	10	55	11	59	13	64	16	68	20	73	25	77	31	80	37	82	43	83	48	83	52	82	55	80	57	77	58	75	58	73	57	72	55	72	52	72	49	71	46	69	44	66	43	62	43	57	43	51	43	44	43	38	44	31	44	25	43	20	41	16	38	13	34	11	30	10	26	10	23	10	21	10	20	10	20	9	21	7	23	4	26	2	30	1	35	1	41	1	46	2	52	4	57	6	61	8	64	11	66	15	67	20	67	25	66	29	64	33	62	37	59	40	55	44	50	47	44	49	38	50	31	50	25	50	20	50	16	50	13	50	11	49	10	49	10	49	
31:
73	25.28	78	60	77	59	75	57	72	56	68	56	63	57	57	58	50	59	43	61	37	64	31	68	26	71	22	73	17	74	13	74	10	73	8	71	7	68	6	64	6	59	7	53	9	46	12	40	16	35	21	29	27	24	33	20	40	17	46	14	51	12	55	11	58	11	60	12	61	14	61	17	60	19	58	20	55	20	51	19	46	17	40	15	33	13	27	12	21	12	16	12	12	13	9	15	7	16	6	18	6	21	7	25	9	30	12	34	16	37	21	39	27	41	33	42	39	44	44	47	48	51	52	56	57	61	62	65	66	68	69	70	71	71	73	71	76	70	78	68	79	65	79	63	79	61	78	60	78	60	
32:
75	37.655	3	38	4	39	6	40	9	42	13	45	18	48	23	50	27	51	30	51	32	50	34	48	35	46	36	43	36	39	35	34	33	29	32	24	31	19	31	14	31	10	32	7	33	5	35	4	38	4	41	5	45	7	49	8	53	8	56	7	58	5	59	3	59	2	58	2	58	3	59	5	59	8	60	12	62	17	65	23	69	30	72	36	75	41	77	45	78	48	78	50	77	51	75	51	72	50	68	48	63	47	57	47	50	48	42	49	35	51	29	53	23	56	18	60	14	63	10	66	7	69	5	71	4	73	4	74	5	74	5	73	4	71	3	68	2	64	2	59	2	53	1	48	1	44	1	41	2	39	3	38	3	38	
33:
81	288.463	78	2	77	1	75	0	72	0	68	1	63	3	57	6	50	10	42	15	35	21	28	28	22	35	17	42	13	48	10	55	8	61	7	66	7	70	8	73	10	75	13	76	17	76	22	75	28	74	34	72	40	69	47	65	54	61	60	57	65	54	69	52	72	51	74	51	75	52	75	53	74	55	72	58	69	62	65	65	62	67	59	68	57	70	56	71	56	72	55	72	53	72	50	72	46	72	41	73	37	75	34	76	32	76	31	75	31	73	32	70	33	66	33	61	32	56	30	50	27	44	24	38	20	32	17	27	15	21	14	16	14	12	15	9	17	7	20	6	24	6	29	7	35	9	42	10	50	10	57	10	63	9	68	7	72	5	75	3	77	2	78	2	78	2	
34:
82	146.313	38	29	37	29	35	30	32	32	28	35	23	39	18	44	13	48	9	52	6	57	4	61	3	65	3	69	4	73	6	76	9	78	11	79	12	79	14	78	15	76	15	73	15	69	16	65	18	61	21	58	25	56	30	55	36	55	43	56	51	57	58	59	64	62	69	66	73	70	76	73	78	76	79	78	79	80	78	81	76	81	73	80	69	78	64	75	58	71	52	67	46	62	40	57	35	52	31	46	28	40	26	34	25	28	25	22	26	17	28	13	31	10	34	8	38	7	43	6	48	6	52	7	55	9	58	12	60	16	61	20	63	23	66	25	69	26	71	26	72	25	72	25	71	25	69	26	66	27	62	28	58	28	53	27	48	26	44	26	41	27	39	28	38	29	38	29	
35:
67	8.258	55	55	55	56	55	58	54	61	54	65	55	69	56	72	58	74	61	75	65	75	69	74	72	73	75	72	77	70	78	67	78	63	77	58	75	52	73	45	71	37	68	30	65	24	61	19	56	15	50	12	43	10	37	9	32	9	27	10	23	12	20	15	16	19	13	24	9	29	5	34	2	39	0	43	-1	46	-1	48	-1	49	0	49	0	48	0	47	1	45	3	42	6	38	10	35	15	33	21	32	28	32	35	31	41	31	46	31	50	32	53	34	55	37	56	41	56	45	56	49	56	53	57	56	58	58	59	59	59	59	58	58	56	56	55	55	55	55	
36:
79	19.719	72	50	71	49	69	48	67	46	64	43	60	39	55	34	50	29	46	24	41	20	36	17	32	15	27	14	21	14	16	15	12	17	9	19	7	22	6	26	4	31	2	37	1	44	1	51	2	57	4	62	7	66	10	69	14	71	17	72	19	72	20	71	20	69	19	66	18	62	17	57	17	51	18	44	20	38	23	33	27	28	32	23	38	19	43	15	47	11	50	8	52	6	53	3	53	1	52	0	51	0	51	1	52	2	54	4	55	7	55	11	54	16	52	22	50	29	48	36	47	43	47	51	48	58	50	64	53	69	57	73	62	76	67	78	71	79	74	79	76	78	77	76	77	73	76	69	76	65	75	60	74	56	74	53	73	51	72	50	72	50	
37:
69	28.431	22	12	21	11	19	10	18	8	18	6	19	5	20	5	20	6	19	8	17	9	14	9	11	10	9	12	8	15	8	17	9	20	11	24	13	29	14	35	14	40	13	45	12	49	12	53	13	56	15	58	18	59	22	59	27	58	33	56	38	53	44	50	49	48	53	47	56	45	58	42	59	38	59	35	59	33	58	32	56	32	53	32	50	33	48	34	47	34	47	33	48	31	50	28	52	24	53	20	53	17	52	15	50	14	47	14	44	15	42	15	40	14	39	12	39	9	40	6	40	4	40	2	39	1	37	1	34	2	30	4	27	6	25	9	23	11	22	12	22	12	
38:
84	82.922	65	71	64	72	62	74	59	77	55	79	50	80	45	80	41	79	38	77	36	74	35	71	35	67	36	64	38	60	41	55	44	49	46	42	47	34	47	27	46	21	44	15	41	10	37	6	34	3	30	1	25	0	19	0	14	1	9	3	5	6	1	10	-2	15	-5	21	-7	28	-8	35	-8	41	-7	46	-5	50	-2	53	2	55	5	56	7	56	8	55	8	53	7	50	7	46	8	41	10	37	12	32	15	28	18	24	22	21	27	19	33	18	39	18	45	19	50	19	54	18	57	17	59	15	60	12	60	10	59	9	57	9	55	10	53	12	50	15	47	19	44	24	41	30	38	36	36	42	35	48	35	54	36	59	38	63	41	66	45	69	50	71	55	72	59	73	62	73	64	72	65	71	65	71	
39:
83	37.863	76	26	75	27	75	29	76	32	77	36	78	41	78	47	77	53	76	59	75	64	75	68	74	71	72	73	69	74	65	74	60	73	56	71	53	68	50	64	47	59	44	53	42	46	41	38	41	30	42	23	44	17	47	12	51	8	54	5	56	3	57	2	57	2	56	3	54	5	51	7	47	8	42	8	37	7	31	5	26	4	21	4	16	4	12	5	9	7	7	9	6	12	6	16	7	21	8	27	8	34	8	42	8	50	8	57	9	63	10	68	10	72	11	75	11	77	10	78	8	78	7	77	7	75	8	72	10	68	12	63	15	59	19	54	22	48	24	43	25	38	27	34	30	31	33	29	37	28	42	28	48	29	55	31	61	32	66	32	70	31	73	29	75	27	76	26	76	26	
40:
79	24.803	58	75	57	74	55	73	52	71	48	70	43	68	38	65	34	63	31	60	28	57	26	53	25	48	25	42	26	36	28	31	31	27	34	24	38	22	43	21	49	21	56	20	62	18	67	16	71	13	74	11	76	8	77	4	77	-1	76	-5	74	-8	71	-10	67	-11	62	-11	56	-10	50	-9	43	-7	36	-4	30	0	25	5	21	11	16	17	12	23	8	29	5	36	3	42	2	47	2	51	3	54	5	56	8	59	11	61	15	62	20	62	26	61	32	59	39	56	45	52	51	47	56	43	60	40	63	38	67	37	70	37	72	38	73	40	73	43	73	47	72	52	70	57	68	63	67	68	67	72	67	75	67	77	66	78	64	78	61	77	59	76	58	75	58	75	
41:
66	2.581	11	67	10	66	10	64	11	61	13	57	16	52	20	48	25	43	31	39	36	36	41	34	45	33	48	33	50	34	53	36	56	39	58	43	61	47	64	52	66	56	68	59	69	61	69	62	68	62	68	61	69	59	71	57	73	54	75	50	76	46	76	41	75	35	73	30	70	26	66	23	61	21	56	18	50	15	45	12	39	10	33	8	27	7	21	7	16	8	12	10	9	13	7	17	5	22	4	28	3	35	1	43	0	51	0	58	0	64	1	69	3	73	4	76	6	78	7	79	8	79	8	78	7	76	7	73	8	70	10	68	11	67	11	67	
42:
89	34.789	29	38	30	38	32	37	34	35	37	32	40	28	42	23	43	17	43	12	42	8	40	5	37	3	33	2	28	2	22	2	17	2	12	2	8	3	5	5	3	7	2	10	2	14	3	19	5	23	8	26	12	28	17	31	22	34	27	36	31	39	34	42	36	46	37	51	37	57	36	62	34	66	31	69	27	71	23	72	19	72	15	71	12	69	9	66	7	63	6	61	6	58	7	54	9	49	12	45	16	41	21	37	27	32	33	27	38	21	43	15	48	10	54	6	59	3	63	1	66	0	68	0	69	1	69	3	68	6	67	10	67	15	68	21	70	28	73	35	77	41	80	48	82	54	83	59	83	63	82	66	80	68	78	69	75	69	71	68	66	66	60	63	53	59	47	54	42	49	38	45	35	42	32	40	30	39	29	38	29	38	
43:
63	0.657	38	54	38	53	38	51	39	48	41	44	44	39	48	34	53	28	58	23	62	19	65	16	67	14	68	12	68	11	67	11	66	12	64	14	61	17	57	19	52	22	47	26	43	29	40	31	38	32	37	32	37	31	38	29	39	26	39	24	38	23	36	23	33	24	30	26	27	29	24	33	22	36	20	40	18	45	17	50	17	54	18	57	20	59	23	62	26	64	30	67	35	71	41	74	47	76	52	77	56	77	59	76	61	74	62	71	62	67	61	62	59	58	56	55	52	53	48	52	44	52	41	53	39	54	38	54	38	54	
44:
78	39.876	23	59	22	60	20	62	17	64	13	66	10	67	7	67	5	66	4	64	4	61	5	59	7	58	10	58	14	59	19	61	25	64	32	68	38	72	45	75	51	77	58	78	64	78	69	77	73	75	76	72	78	69	79	67	79	66	78	66	76	67	73	67	69	68	64	68	58	67	53	65	49	62	46	58	44	53	42	47	41	40	41	32	41	25	42	19	44	14	47	10	51	7	56	5	60	4	64	4	67	5	69	7	70	8	70	8	69	7	67	5	64	2	60	0	57	-1	54	-1	51	0	48	2	46	5	45	9	43	14	40	18	37	21	34	24	32	28	31	33	31	39	32	44	32	48	31	51	29	53	27	54	25	56	24	58	23	59	23	59	
45:
88	156.331	36	41	37	40	39	39	42	37	46	35	51	34	56	33	61	33	65	33	69	32	72	30	74	28	75	25	75	21	74	17	72	14	69	11	65	9	61	8	58	8	56	9	55	11	53	14	50	18	46	21	41	23	35	24	30	24	25	23	19	21	14	18	10	14	6	10	3	7	1	5	0	4	0	4	1	5	2	7	2	10	2	14	2	19	1	25	1	32	0	40	0	48	1	55	3	61	6	68	10	74	15	79	21	83	27	86	32	88	36	89	40	89	43	88	45	86	46	83	46	79	45	75	43	71	40	68	36	66	33	65	31	65	30	64	30	62	31	60	33	59	36	59	40	58	45	57	49	56	53	56	56	55	58	53	59	52	59	50	58	49	56	49	53	50	49	50	46	49	42	47	39	44	37	42	36	41	36	41	
46:
84	85.452	23	22	24	21	26	19	29	16	31	12	32	8	32	5	32	3	32	2	31	2	29	3	26	5	23	8	20	12	17	16	14	21	12	27	11	34	11	42	11	49	12	56	14	62	17	67	20	72	23	76	26	79	30	81	35	82	39	82	42	81	45	79	47	76	48	72	48	68	47	63	45	58	43	52	42	46	42	39	43	33	45	27	48	22	52	18	56	15	60	13	63	12	66	12	68	13	69	15	69	17	68	20	68	23	69	27	71	32	72	36	73	40	73	43	72	45	70	46	67	46	63	45	58	45	53	44	47	42	40	40	33	39	27	38	20	36	14	33	9	30	5	26	2	23	0	21	-1	18	-1	16	0	15	2	15	5	16	9	18	13	19	17	20	20	20	22	21	23	22	23	22	
47:
77	6.278	60	62	61	63	62	65	62	67	61	70	59	73	56	76	53	78	49	79	44	79	38	78	31	77	24	75	18	73	13	72	9	70	6	68	4	65	3	61	3	58	4	54	6	51	9	48	13	46	17	43	22	41	27	38	33	35	38	31	43	26	47	22	50	19	52	15	53	11	53	8	52	6	50	5	47	5	43	6	39	8	34	9	28	9	23	8	18	7	14	7	11	7	9	8	8	10	8	13	9	16	11	20	12	25	14	30	17	34	20	37	24	41	29	44	35	46	42	47	49	47	56	46	62	44	67	41	71	38	74	36	77	35	79	35	80	36	80	38	79	41	77	45	74	48	70	52	66	56	63	59	61	61	60	62	60	62	
48:
87	17.433	78	28	79	27	80	25	80	22	80	18	79	14	77	11	74	9	70	8	67	8	65	9	64	10	64	12	65	15	67	17	70	18	72	18	74	17	75	15	75	12	74	9	72	7	69	6	65	6	60	7	54	9	47	12	39	16	32	21	26	26	21	32	16	37	11	41	7	44	4	46	2	49	1	52	1	54	2	57	4	61	7	64	11	68	16	72	22	75	29	77	35	78	40	78	44	77	47	76	49	76	50	77	50	77	49	77	47	76	44	74	41	72	39	69	37	65	36	60	36	56	37	53	39	51	40	50	40	48	39	46	37	43	34	41	30	38	27	35	25	31	24	27	24	24	25	22	27	21	30	20	34	20	39	21	45	22	52	22	58	23	63	25	68	27	72	29	75	30	77	30	78	29	78	28	78	28	
49:
82	15.689	24	63	24	62	23	60	22	57	22	54	21	51	19	49	18	48	16	48	13	49	10	51	7	54	5	56	3	57	2	57	2	56	2	54	3	51	5	47	8	44	11	41	13	39	15	38	17	38	18	39	18	41	19	44	20	47	22	51	25	54	29	56	34	58	39	59	45	59	52	58	59	56	65	53	70	50	74	46	77	41	79	35	80	28	80	22	79	17	77	13	75	10	72	7	69	5	65	4	60	4	54	5	47	6	41	7	36	7	32	6	29	4	27	2	26	1	25	1	25	2	26	4	28	7	30	10	33	14	37	18	42	23	46	29	49	36	51	43	52	50	52	56	51	61	49	65	46	68	42	70	37	71	33	71	30	70	27	68	25	66	24	64	24	63	24	63	
50:
76	35.966	64	15	63	14	61	12	59	9	56	6	53	3	51	1	49	0	46	0	44	1	43	3	43	6	44	10	46	15	49	21	52	28	56	34	61	39	66	43	70	47	73	52	75	58	77	63	78	67	78	71	77	74	75	76	73	77	71	77	68	76	64	74	59	71	53	67	48	62	43	56	37	51	30	47	24	44	19	42	15	41	12	41	10	42	9	44	9	46	10	47	12	47	15	46	17	45	18	43	18	41	17	38	15	34	12	29	8	25	5	21	3	18	2	16	2	15	3	15	5	16	7	18	10	21	14	25	19	28	25	31	30	33	34	34	38	34	42	33	45	31	49	28	54	25	58	21	61	18	63	16	64	15	64	15	
51:
77	15.557	5	34	6	35	8	36	11	37	15	39	19	42	23	46	26	49	28	51	30	52	31	52	31	51	30	49	28	46	25	42	21	37	17	31	14	24	11	18	9	13	8	9	8	6	9	4	11	3	14	2	17	2	21	3	26	5	31	8	37	10	44	12	51	13	57	13	62	12	67	10	71	7	74	5	76	3	77	2	77	2	76	3	74	5	71	7	69	10	68	14	68	19	69	25	71	31	73	37	74	42	74	46	73	49	71	51	68	52	64	54	60	57	55	61	49	65	43	68	36	70	29	71	23	73	17	75	12	76	8	76	5	75	2	73	0	70	-1	66	-1	61	-1	55	0	49	0	44	1	40	2	37	4	35	5	34	5	34	
52:
83	76.643	64	55	65	54	66	52	67	49	68	45	69	40	69	35	68	30	68	26	67	23	65	21	62	20	58	20	53	21	48	23	42	26	35	30	28	35	22	41	17	48	13	54	10	61	6	67	3	72	1	76	0	79	0	82	1	84	3	85	6	85	9	84	11	82	12	79	12	75	11	70	10	64	9	57	9	50	8	43	6	37	3	32	1	28	0	25	0	23	1	22	3	22	6	21	10	21	15	20	21	18	28	15	36	11	44	8	51	6	57	5	62	5	66	6	69	8	71	11	72	15	72	20	71	26	70	32	70	39	71	46	73	52	75	58	76	64	77	69	77	73	76	76	74	78	71	79	68	79	66	78	65	76	65	73	66	69	67	65	67	61	66	58	65	56	64	55	64	55	
53:
77	6.977	16	54	15	55	13	57	10	60	7	64	5	68	4	72	4	75	5	77	7	78	10	78	14	77	18	75	23	72	29	69	34	65	39	61	43	56	46	50	48	43	49	37	49	32	48	27	46	23	43	20	39	18	34	16	28	15	21	15	15	16	10	17	6	17	2	16	-1	16	-3	15	-4	13	-4	10	-3	8	-1	6	2	5	6	5	11	5	17	6	24	8	32	11	40	14	47	18	53	22	58	27	62	32	65	38	67	44	68	49	68	53	67	56	65	58	62	59	59	61	57	63	56	66	56	69	57	71	58	72	58	72	58	71	57	70	55	68	52	65	48	61	43	57	37	54	31	52	26	51	22	51	19	52	17	53	16	54	16	54	
54:
73	52.309	6	74	5	73	3	71	2	68	2	64	3	60	5	57	8	55	12	54	17	54	23	55	29	56	34	56	38	55	41	53	43	52	44	52	44	53	43	55	43	58	43	61	44	64	46	68	48	71	50	73	53	74	56	74	60	73	63	72	67	70	71	67	74	63	76	58	77	52	77	45	76	39	74	34	71	30	67	26	62	23	56	21	51	18	47	15	44	12	42	10	41	7	41	5	42	4	44	4	47	5	51	7	55	10	58	14	60	19	61	25	61	32	60	39	58	45	55	50	51	54	47	57	42	59	36	60	30	60	24	59	19	59	15	60	12	62	10	65	8	68	7	71	6	73	6	74	6	74	
55:
82	127.996	9	37	8	38	6	40	3	43	1	47	-1	52	-2	56	-2	59	-1	61	0	62	2	62	5	63	9	64	13	66	17	69	20	73	22	76	23	78	23	79	22	79	20	78	18	76	17	73	17	69	18	64	20	58	23	51	27	43	32	36	36	30	39	24	41	18	44	13	47	9	51	6	56	4	62	3	67	3	71	4	74	6	77	9	79	13	80	17	80	22	79	26	79	30	78	33	76	35	73	36	69	36	64	36	60	37	57	39	55	41	54	44	54	48	55	53	57	58	60	63	64	67	68	70	72	72	75	73	77	73	78	72	78	70	77	67	75	63	72	58	68	52	63	47	58	43	52	40	45	38	37	37	30	37	24	36	19	36	15	37	12	38	10	38	9	37	9	37	
56:
69	51.711	28	70	27	70	25	69	22	67	18	64	15	61	13	57	12	54	12	51	13	49	15	47	18	44	20	41	21	39	21	37	20	36	18	35	15	33	13	31	12	28	12	25	13	23	15	20	17	18	18	17	18	17	17	18	16	20	16	22	17	25	19	29	22	32	25	34	28	37	30	41	31	44	32	46	34	47	37	47	41	46	45	44	48	42	50	41	53	41	55	42	57	44	59	47	61	50	62	54	64	58	67	61	69	65	70	70	70	74	69	77	67	79	65	80	62	80	58	79	55	77	52	74	48	71	44	69	39	67	35	66	32	66	30	67	29	69	28	70	28	70	
57:
83	36.531	50	33	50	32	50	30	51	27	52	23	54	18	55	14	55	10	55	7	56	5	58	4	60	4	63	5	65	7	66	10	66	14	66	19	65	25	64	31	64	37	65	43	67	48	70	54	73	59	75	63	76	66	76	68	75	69	73	69	70	68	66	66	61	64	55	62	48	61	41	61	35	61	28	60	22	59	17	58	13	57	10	57	8	58	7	60	7	63	8	66	10	70	13	73	17	75	21	76	25	76	28	75	30	73	31	70	31	66	30	61	28	56	26	51	23	47	19	43	14	39	10	36	7	32	5	28	4	25	4	23	5	22	7	22	10	23	14	25	18	28	21	31	23	33	24	34	26	34	29	33	31	31	33	29	36	28	40	28	44	29	47	31	49	32	50	33	50	33	
58:
73	29.395	59	2	58	3	56	4	53	5	50	7	48	8	47	10	46	13	46	17	47	21	49	24	52	26	56	27	61	27	65	26	68	26	70	27	71	29	71	32	70	36	68	40	67	44	67	49	68	53	70	56	72	58	74	59	75	60	75	61	74	62	73	64	71	67	68	71	65	74	63	76	62	77	62	77	63	76	65	74	67	71	68	67	68	64	67	61	65	57	62	53	58	49	53	45	49	42	44	40	39	39	33	39	27	38	21	36	16	33	12	29	9	24	7	20	6	17	6	14	7	11	9	8	12	6	16	5	20	4	25	2	31	1	38	0	44	0	49	-1	53	-1	56	0	58	1	59	2	59	2	
59:
76	46.138	31	71	30	70	28	69	25	68	21	68	16	67	12	67	9	66	7	64	6	61	6	57	7	53	9	49	10	44	10	38	9	31	9	23	10	16	10	10	10	5	11	1	13	-2	15	-4	18	-5	22	-5	27	-4	33	-2	40	1	48	5	55	9	61	13	67	16	72	18	76	19	79	20	81	22	82	25	82	29	81	34	79	39	76	44	73	48	69	51	64	53	60	55	57	57	55	58	54	58	54	57	55	55	57	53	60	50	64	46	67	41	69	37	70	33	70	29	69	26	67	24	64	23	60	23	55	24	49	25	43	27	37	30	32	33	28	37	25	42	23	47	22	52	22	57	23	61	25	65	28	68	30	70	31	71	31	71	
60:
79	14.322	0	66	1	67	3	69	6	72	10	74	15	75	20	77	24	78	27	78	29	77	30	76	30	74	31	73	33	73	36	74	38	74	39	73	40	71	42	68	45	65	49	62	53	60	56	59	58	59	60	60	63	62	67	65	70	69	72	72	73	74	73	75	73	75	73	74	73	72	74	69	75	65	76	60	76	54	76	47	75	40	75	34	76	29	76	25	75	21	73	18	71	16	69	15	68	15	67	16	65	18	62	21	58	25	53	30	47	35	41	39	35	42	29	44	23	45	18	45	14	44	11	42	9	39	8	35	8	32	9	30	10	29	11	29	11	30	10	32	8	35	5	39	3	44	1	50	-1	55	-2	59	-2	62	-2	64	-1	65	0	66	0	66	
61:
70	8.269	38	48	37	48	35	49	32	51	28	54	24	58	19	61	15	63	12	64	10	64	8	63	7	61	7	58	8	54	10	49	13	44	17	40	20	35	22	29	23	23	23	18	22	14	20	11	18	9	16	8	15	8	15	8	16	9	18	11	21	14	25	16	30	17	36	17	43	16	49	14	54	13	58	11	61	8	65	6	70	5	74	5	77	6	79	8	80	11	80	15	79	18	77	20	74	21	70	23	65	26	59	30	54	35	50	41	47	48	45	54	44	59	44	63	43	66	43	68	44	69	46	69	47	68	47	66	47	63	46	59	44	56	42	53	40	51	39	49	38	48	38	48	
62:
68	12.86	44	32	43	32	41	33	38	35	34	37	30	40	26	44	22	49	17	54	13	59	10	63	7	66	5	68	4	69	4	71	5	72	7	72	10	71	14	70	19	69	25	69	32	68	40	68	47	69	53	70	60	72	66	74	71	75	75	76	78	76	80	75	81	73	81	70	80	66	78	62	75	57	71	51	67	44	63	36	58	29	52	23	46	18	40	14	35	10	31	7	28	5	26	4	25	4	25	3	26	1	28	-1	31	-2	35	-3	40	-3	45	-2	49	0	52	3	54	7	55	12	55	18	54	23	54	27	53	30	52	32	50	33	47	33	45	32	44	32	44	32	
63:
74	33.283	63	27	62	28	62	30	63	33	65	37	66	42	66	47	66	53	67	58	67	62	66	65	66	67	65	68	63	68	61	67	58	65	56	62	53	59	49	55	46	50	44	46	42	41	41	37	41	34	40	32	38	31	35	31	31	32	27	34	24	37	22	41	21	46	20	52	19	58	19	63	18	67	16	70	13	72	9	73	6	73	4	73	2	72	1	70	1	67	2	63	4	58	7	53	10	49	13	44	17	38	22	33	28	29	34	26	39	23	43	21	46	18	48	15	49	11	49	7	48	4	46	2	45	1	44	1	44	2	45	4	47	6	50	9	54	11	58	14	61	17	63	21	64	24	64	26	63	27	63	27	
64:
80	104.96	46	20	45	20	43	20	40	21	36	22	31	24	26	25	21	25	17	26	12	27	8	27	5	28	3	29	2	29	2	29	3	29	5	29	8	30	12	32	16	35	21	38	26	41	30	45	33	50	35	56	36	61	36	65	37	68	39	70	42	71	44	71	45	70	45	68	45	66	46	63	48	61	50	60	53	60	57	61	62	62	66	64	69	67	71	69	72	70	72	70	71	70	69	69	66	67	62	65	57	63	51	60	45	57	40	53	36	48	33	42	31	37	30	31	30	24	31	18	33	12	36	6	40	1	45	-3	50	-6	56	-8	61	-9	65	-9	68	-8	70	-6	71	-3	71	1	70	4	68	6	65	7	61	9	56	11	52	14	49	17	47	19	46	20	46	20	
65:
75	90.411	4	4	5	5	7	7	10	8	14	10	19	12	25	15	32	19	38	22	43	26	48	31	52	36	55	41	57	47	58	52	58	57	57	62	56	66	54	69	51	71	47	72	42	73	37	73	31	72	26	70	20	68	15	66	10	64	6	63	3	63	1	64	-1	66	-2	69	-2	72	-1	74	1	75	4	75	8	74	13	73	19	71	26	68	34	64	42	61	49	57	55	53	61	50	66	48	70	47	73	47	76	48	78	49	79	49	79	48	78	46	76	43	73	39	69	34	64	30	58	26	52	23	47	20	43	18	39	15	36	11	34	7	33	3	31	0	28	-2	24	-3	19	-3	14	-2	10	0	7	1	5	3	4	4	4	4	
66:
74	12.275	58	46	57	45	55	43	52	40	49	36	47	31	46	25	46	20	46	16	47	11	49	6	51	2	54	-1	58	-3	62	-4	66	-4	69	-3	71	-1	72	2	72	6	71	9	69	11	66	13	63	15	61	17	60	19	60	22	61	25	63	29	66	34	69	40	72	45	74	49	75	52	75	56	74	60	72	63	69	65	66	66	62	66	57	66	51	66	44	65	38	63	32	62	26	61	21	59	17	56	13	52	10	48	8	45	7	43	6	42	6	42	5	43	5	45	6	48	8	52	11	57	15	61	19	64	23	66	28	68	33	69	38	69	42	68	45	66	47	63	49	59	51	55	53	52	55	49	57	47	58	46	58	46	
67:
77	25.694	17	17	18	18	18	20	18	23	19	27	21	32	24	38	28	43	33	47	38	52	42	56	45	60	48	65	50	70	51	74	52	77	54	79	56	80	58	80	59	79	59	77	59	74	58	70	58	65	58	59	58	52	59	44	59	36	58	29	58	23	57	18	57	14	56	11	56	9	55	8	54	8	54	9	55	11	57	12	60	12	64	12	69	12	73	13	76	15	78	18	79	22	79	27	78	33	76	40	73	46	70	51	68	55	65	58	62	60	58	61	55	61	53	60	50	58	46	55	41	53	35	50	28	46	22	41	16	35	11	29	7	23	4	18	2	14	1	11	1	9	2	8	4	8	7	9	11	11	14	14	16	16	17	17	17	17	
68:
72	12.055	20	71	19	70	18	70	17	71	17	73	18	74	20	74	23	75	27	76	32	76	38	77	45	77	52	76	58	75	63	74	67	73	70	71	72	68	73	64	73	59	72	54	70	49	67	43	63	38	58	34	53	31	47	27	40	22	34	17	29	12	25	8	22	5	20	3	19	2	19	2	20	3	22	5	25	7	29	10	34	12	40	13	46	13	52	13	57	12	61	11	64	10	66	10	67	11	67	12	66	14	64	17	61	19	57	20	52	20	48	20	44	20	41	21	39	22	38	24	38	27	39	31	39	36	38	40	36	44	33	49	29	53	25	57	22	61	20	65	19	68	19	70	20	71	20	71	
69:
71	11.159	67	17	68	18	70	20	71	23	71	27	70	32	68	37	65	41	62	44	58	46	54	47	51	47	48	48	46	50	45	53	45	57	46	61	46	65	45	70	45	74	46	77	46	80	45	83	43	85	40	86	36	86	31	85	27	84	24	82	22	79	20	75	19	70	19	65	20	60	22	56	25	51	27	47	28	42	28	37	27	31	26	26	24	21	21	16	17	12	13	9	10	7	8	6	7	6	7	7	8	7	10	8	13	10	17	12	22	13	27	13	33	12	40	10	48	8	55	7	61	5	66	4	70	3	73	3	75	4	76	6	76	9	75	12	73	14	70	15	68	16	67	17	67	17	
70:
81	19.551	35	4	34	5	32	7	31	10	31	14	30	19	29	25	29	32	29	38	29	43	29	48	28	54	28	59	29	63	31	66	34	68	38	69	43	69	48	68	52	66	55	63	57	59	58	54	58	48	57	42	56	37	56	31	56	26	57	22	58	19	60	17	63	16	66	16	68	17	69	19	71	22	72	26	74	31	75	37	75	44	76	51	76	58	75	64	73	69	70	73	66	76	61	78	55	79	48	79	41	78	35	76	30	74	26	72	23	70	21	69	19	69	17	70	15	72	12	75	9	77	7	78	4	78	1	77	-1	75	-4	72	-6	68	-7	63	-7	57	-6	50	-4	42	-2	34	1	27	5	21	9	16	14	12	20	9	25	6	29	4	32	3	34	3	35	4	35	4	
71:
81	48.718	75	76	75	75	74	73	72	70	69	67	66	63	64	58	63	52	63	45	64	39	66	34	69	29	71	25	72	21	72	18	71	16	69	15	66	15	62	16	57	17	52	17	47	18	42	19	36	21	29	22	22	22	16	21	11	19	7	16	4	12	2	9	1	7	1	5	2	4	4	4	7	5	10	7	13	10	15	14	16	19	18	23	21	26	25	28	29	30	32	33	34	36	35	40	35	45	34	51	32	57	29	63	25	68	21	72	17	75	14	77	12	78	11	78	11	77	12	75	14	72	17	69	21	65	26	61	32	57	37	54	42	51	46	49	49	48	51	48	52	49	52	51	52	54	53	58	55	63	58	67	62	71	66	74	69	76	72	77	74	77	75	76	75	76	
72:
81	19.34	65	19	64	18	62	18	59	19	56	21	54	23	53	26	53	30	54	35	55	40	57	44	60	47	63	49	66	50	69	50	71	49	72	47	72	44	71	42	69	41	66	41	62	42	58	44	55	47	53	51	52	56	52	62	51	67	49	72	46	76	42	79	38	82	33	84	27	85	20	85	14	84	9	82	5	79	2	75	0	70	-1	64	-1	57	0	49	1	40	2	32	2	25	3	19	5	14	7	10	9	7	10	5	10	4	9	4	7	5	6	7	6	10	7	14	9	18	12	23	15	27	19	30	23	32	27	33	31	33	34	32	36	30	37	27	37	23	36	18	36	14	37	11	39	9	42	8	46	8	49	9	53	11	56	13	59	16	62	18	64	19	65	19	65	19	
73:
79	37.355	43	70	44	69	45	67	45	64	45	60	44	55	42	49	40	44	39	40	39	35	40	31	42	28	45	26	49	25	54	25	60	26	66	26	71	25	75	23	78	20	80	16	81	12	81	9	80	7	79	6	78	6	78	7	79	9	79	11	78	12	76	12	73	13	69	15	64	18	60	21	56	24	52	26	47	27	41	27	34	26	28	24	23	21	19	17	16	14	13	11	11	9	10	8	9	8	9	9	10	11	11	14	12	18	12	23	12	29	11	35	9	41	6	46	3	50	1	54	0	57	0	59	1	60	3	60	6	59	10	57	15	54	19	51	22	49	26	48	31	48	36	49	40	51	43	53	45	56	46	60	46	64	45	67	44	69	43	70	43	70	
74:
77	6.999	9	44	9	45	10	47	12	50	15	54	18	58	21	63	24	68	27	72	29	75	31	77	33	78	35	78	37	77	40	75	44	72	47	68	49	64	50	60	50	57	49	55	49	54	50	54	51	55	51	57	52	60	54	64	56	68	57	72	59	75	61	77	64	78	66	78	69	77	71	75	73	72	74	68	75	63	75	57	75	51	75	46	74	42	72	39	69	37	66	36	62	36	57	37	51	39	46	40	42	40	39	39	37	37	35	34	33	30	30	25	26	21	23	18	19	16	16	15	13	15	11	16	10	18	10	21	10	25	11	30	13	36	15	41	17	45	19	48	20	50	20	51	19	51	17	50	14	48	12	46	10	45	9	44	9	44	
75:
77	37.825	6	60	5	61	3	63	1	66	0	70	0	75	1	79	3	82	6	84	10	85	15	85	21	84	26	82	30	79	33	75	35	71	36	68	36	65	35	63	35	62	36	62	38	63	41	64	45	64	50	63	56	61	61	58	66	54	70	50	73	45	75	39	77	33	78	26	78	20	77	15	75	10	73	6	70	3	68	1	67	0	67	0	68	1	70	2	72	4	74	7	76	11	77	16	77	20	76	23	74	25	71	27	67	28	62	28	56	27	49	27	42	27	34	26	27	24	21	21	16	18	12	15	8	13	5	12	3	12	2	13	2	15	3	18	3	22	2	27	2	33	3	39	3	45	3	50	4	54	5	57	6	59	6	60	6	60	
76:
73	64.75	22	66	23	67	25	68	28	70	32	71	36	72	41	74	46	75	51	76	55	76	58	75	60	73	61	71	61	68	62	65	64	61	67	58	70	56	72	54	73	51	73	47	72	43	70	38	67	33	64	29	61	25	58	22	56	19	55	17	55	14	56	12	58	11	61	10	65	9	68	7	70	5	71	4	72	3	72	1	71	-1	69	-4	66	-6	62	-7	57	-7	51	-6	44	-4	38	-1	33	3	27	6	21	8	16	9	12	9	9	10	7	12	6	15	6	19	7	24	9	28	10	33	10	38	9	44	8	51	8	57	7	62	6	66	6	69	7	71	9	72	12	72	16	71	19	69	21	67	22	66	22	66	
77:
73	50.534	19	22	18	21	17	19	17	16	18	12	20	8	23	5	26	3	30	2	35	1	41	0	47	0	52	0	56	1	59	3	61	6	62	9	62	11	61	14	59	17	56	20	52	22	47	24	41	27	34	31	28	35	23	40	19	46	16	51	14	57	13	62	13	66	13	69	14	71	16	72	19	72	23	71	28	69	34	67	41	66	47	64	53	63	58	63	62	64	65	65	67	67	68	69	68	70	67	70	65	69	62	67	58	64	53	60	47	56	40	53	32	51	25	49	19	48	14	48	10	47	7	46	5	45	4	43	4	40	5	38	7	37	10	35	14	32	17	30	19	28	20	25	20	23	19	22	19	22	
78:
77	73.988	73	0	72	1	70	2	67	3	63	3	58	3	53	4	48	6	44	7	41	7	39	8	38	10	38	13	39	17	39	21	38	25	37	28	35	30	32	31	28	31	24	30	20	28	17	25	13	21	10	16	8	12	7	9	6	6	6	4	6	3	7	3	9	4	10	6	10	9	9	13	9	18	9	24	10	30	12	35	15	39	18	42	22	44	27	45	33	46	40	46	48	47	55	47	61	47	66	48	70	50	73	53	75	57	76	61	76	65	75	68	73	70	70	71	66	71	62	70	58	68	55	65	53	61	52	56	52	50	52	43	52	36	51	29	51	23	52	17	54	12	57	8	61	5	65	3	68	2	70	2	72	1	73	0	73	0	
79:
81	103.63	57	68	56	68	54	67	51	65	48	63	45	60	43	56	42	51	42	45	43	38	45	32	48	26	52	21	57	17	63	14	69	12	74	11	78	11	81	12	83	14	84	17	84	21	83	26	81	30	78	33	74	35	69	36	63	36	58	35	54	34	51	32	49	29	47	25	46	21	46	16	47	11	47	7	46	4	44	2	41	1	37	1	32	2	27	4	22	7	18	11	15	16	12	21	10	27	9	34	8	41	8	47	8	52	7	56	5	59	3	61	0	63	-2	66	-3	70	-4	74	-4	77	-3	79	-1	80	1	80	2	79	2	77	3	74	3	70	4	66	6	62	9	59	13	57	18	56	24	56	31	57	37	59	42	60	47	61	51	63	54	65	56	67	57	68	57	68	
80:
78	7.052	66	30	67	31	69	32	72	34	75	36	77	38	78	39	78	39	77	39	75	39	72	38	68	36	63	35	57	35	50	36	43	38	37	40	32	43	28	47	25	52	23	58	22	64	22	70	23	75	25	79	28	82	32	84	37	85	42	85	46	84	49	82	51	80	52	79	52	77	51	74	50	70	49	66	49	63	50	60	52	58	55	57	58	57	60	58	61	60	61	61	60	61	58	60	56	58	53	55	49	52	44	50	38	47	32	43	27	38	21	34	15	30	10	25	6	21	3	16	1	12	0	8	0	5	1	3	3	2	6	2	10	3	15	5	21	6	28	8	36	9	43	11	49	13	54	16	58	20	61	24	63	27	65	29	66	30	66	30	
81:
73	6.597	34	33	35	32	37	30	39	27	42	23	44	18	45	13	45	9	44	6	42	2	39	-1	35	-3	31	-4	28	-4	26	-3	24	-1	23	1	23	4	24	7	26	9	27	11	27	14	26	18	24	23	21	29	17	36	13	43	10	50	7	56	5	61	4	65	4	68	5	70	6	71	8	71	9	70	11	68	14	65	18	63	23	62	28	61	34	59	41	58	49	58	56	57	63	55	69	52	74	50	78	49	81	49	84	50	86	52	87	55	87	59	86	64	84	68	81	71	77	73	72	74	66	74	60	73	54	71	49	68	45	64	41	60	38	55	35	49	33	44	32	40	32	37	33	35	34	34	34	33	34	33	
82:
77	34.673	68	74	67	75	65	76	62	76	58	75	54	73	49	70	43	66	38	61	33	55	27	49	21	44	16	40	11	37	7	35	4	33	2	32	1	32	1	31	0	31	-1	32	-2	34	-4	37	-5	41	-5	46	-4	52	-2	58	1	64	5	69	10	73	16	76	23	78	29	79	36	79	43	78	49	76	54	73	59	69	63	64	66	59	68	55	69	50	69	44	68	39	66	34	63	29	59	25	54	21	48	16	41	12	34	8	27	5	20	3	14	2	9	2	5	2	2	3	0	5	-1	8	-1	12	0	16	2	21	5	26	9	32	14	37	20	41	27	44	33	46	40	49	46	52	52	56	57	61	61	65	64	68	66	71	67	73	68	74	68	74	
83:
86	54.526	43	52	42	52	40	53	37	54	33	56	28	59	23	63	18	66	14	69	11	71	9	72	8	72	8	71	9	69	11	66	14	62	18	57	23	51	29	46	36	42	44	39	52	36	59	34	65	32	70	29	74	26	77	23	79	19	80	14	80	10	79	7	77	5	74	4	70	4	66	5	63	7	61	9	60	10	60	12	61	15	63	19	66	24	68	30	69	36	70	42	70	47	71	51	71	55	72	58	74	60	75	61	76	61	76	60	75	58	73	55	70	51	66	47	62	42	57	37	51	33	44	30	37	27	29	25	22	23	16	22	11	20	7	18	4	15	2	11	1	8	1	6	2	5	4	5	7	6	11	8	16	11	22	15	27	20	31	25	35	31	38	37	41	42	43	46	44	49	44	51	43	52	43	52	
84:
78	5.946	36	48	35	49	33	49	30	49	26	50	21	51	15	51	10	50	6	48	2	46	-1	43	-3	39	-4	34	-4	28	-3	23	-1	19	2	16	6	13	11	11	17	10	22	10	26	11	29	13	31	16	32	20	32	24	31	28	29	31	26	33	23	34	21	34	20	33	20	31	21	28	22	25	24	23	27	22	31	22	35	23	39	25	42	28	46	32	50	36	53	39	55	41	57	42	59	42	61	41	62	39	63	36	65	33	68	31	70	30	71	29	71	29	70	30	68	31	66	33	63	36	59	40	56	45	53	50	50	56	46	61	43	65	40	68	38	70	36	71	34	71	32	70	31	68	31	65	32	61	33	58	34	54	34	51	35	49	36	48	36	48	
85:
74	80.298	1	58	1	57	1	55	1	52	1	48	1	43	2	37	3	30	5	24	7	19	9	15	12	12	16	10	21	8	26	7	30	7	33	8	35	10	36	13	38	17	39	22	39	27	38	33	38	40	39	47	41	53	43	58	46	62	50	65	54	67	58	68	61	68	65	67	68	65	70	62	71	58	71	53	71	47	71	41	70	36	69	32	69	29	70	27	72	26	74	24	76	22	77	19	77	16	76	13	76	11	75	10	73	10	71	11	69	13	66	16	62	20	57	23	51	25	44	27	37	28	31	28	26	29	22	31	19	33	17	36	16	40	16	45	15	49	13	53	10	56	7	58	4	59	2	59	1	58	1	58	
86:
73	7.755	57	67	58	68	60	69	63	69	67	68	71	66	74	63	76	59	77	55	77	50	76	45	75	39	74	32	73	25	73	19	74	14	76	10	77	7	77	5	76	4	74	3	71	3	67	4	63	6	60	9	56	13	53	18	50	24	47	31	43	39	39	46	34	52	30	57	27	61	25	64	24	66	24	67	23	67	21	66	20	64	19	61	19	57	18	53	16	48	15	43	14	37	13	30	13	23	14	17	16	12	19	8	21	4	24	1	28	-1	33	-2	38	-2	43	-1	47	1	50	4	52	8	54	13	55	18	55	22	54	27	54	33	53	39	53	46	53	52	53	57	53	61	54	64	56	66	57	67	57	67	
87:
85	62.679	36	62	37	61	38	60	40	58	42	55	43	51	43	46	42	40	40	35	37	31	33	27	28	24	22	21	16	17	11	12	7	8	4	5	2	3	1	2	1	2	2	3	4	5	7	8	11	12	16	16	22	19	28	22	34	26	41	29	47	32	53	34	59	35	65	35	70	34	74	32	77	29	79	25	80	22	80	20	79	19	77	17	74	15	70	13	66	11	63	10	61	10	60	11	60	13	60	16	60	20	59	25	57	31	54	38	51	45	47	53	43	60	39	66	36	71	32	75	28	78	23	80	19	81	15	81	12	80	10	78	8	75	6	71	5	66	5	60	4	54	3	49	2	45	2	42	3	40	4	39	6	39	9	40	12	42	16	45	21	48	26	52	30	56	33	59	35	61	36	62	36	62	
88:
83	26.079	43	49	44	50	46	52	49	55	52	59	54	63	55	68	55	72	55	75	54	77	52	78	49	78	45	77	40	77	34	77	27	78	21	80	15	81	10	81	6	80	3	79	1	77	0	74	0	70	1	65	3	59	6	52	10	46	13	41	15	36	16	32	16	27	15	23	13	20	11	18	10	16	10	14	11	13	13	13	15	14	18	16	22	18	27	20	33	22	38	23	43	25	47	28	50	30	52	31	54	31	55	30	55	28	54	25	52	21	49	16	47	12	45	8	44	5	43	2	43	0	44	-1	46	-1	49	0	53	2	58	5	63	9	68	14	72	18	75	21	77	24	78	28	78	32	77	36	75	39	72	41	68	42	63	42	58	42	53	43	49	44	46	46	44	48	43	49	43	49	
89:
77	20.191	22	3	21	3	19	3	16	4	12	6	7	9	3	13	0	17	-2	22	-3	26	-3	29	-2	31	-1	32	1	32	2	31	4	29	5	26	7	22	10	17	14	13	19	8	24	4	30	1	35	-1	39	-2	42	-2	44	-1	45	1	46	4	48	8	49	12	50	15	52	17	55	18	59	18	64	17	69	16	73	15	76	14	78	14	79	15	79	17	78	20	77	24	75	28	72	33	68	37	63	40	57	42	50	43	43	44	37	46	32	49	28	53	25	58	23	63	22	67	22	70	22	72	23	73	25	73	28	72	31	70	33	67	36	63	38	58	39	52	40	46	40	39	39	31	37	24	35	18	32	13	28	9	25	6	23	4	22	3	22	3	
90:
77	6.142	23	51	24	50	24	48	24	45	25	41	26	36	26	30	27	23	28	16	28	10	28	5	27	1	27	-2	28	-4	30	-5	33	-5	37	-4	42	-2	46	1	49	4	51	7	52	11	52	16	51	21	49	25	47	28	46	30	45	31	45	31	46	30	47	28	49	27	52	27	55	27	58	28	60	30	61	32	61	33	60	35	58	38	55	42	51	46	48	50	46	54	45	59	45	64	46	69	48	73	51	76	54	78	56	79	57	79	57	78	56	76	54	73	51	70	47	68	42	66	37	65	32	65	28	66	25	68	23	71	22	74	21	76	19	77	17	77	16	76	15	74	15	71	16	67	18	63	21	60	23	57	24	54	24	52	23	51	23	51	
91:
80	126.592	75	20	74	19	72	17	69	14	65	11	60	8	54	6	47	5	41	5	36	6	32	8	28	11	25	14	23	16	22	18	22	19	23	20	25	20	28	20	31	21	35	23	40	26	46	30	51	35	55	41	59	48	62	54	64	59	65	63	65	66	64	68	62	69	59	69	56	68	52	66	47	63	43	60	40	58	38	56	35	55	33	55	31	56	29	57	26	59	23	60	21	60	18	59	16	57	14	54	11	52	9	51	7	51	6	52	6	54	7	57	9	60	11	62	14	63	18	63	22	62	26	60	31	57	37	55	44	54	51	54	58	53	64	53	69	52	74	52	78	51	81	49	83	46	84	42	84	38	84	33	83	29	81	26	78	23	76	21	75	20	75	20	
92:
91	841.273	24	76	23	77	21	79	18	80	14	80	10	79	7	77	4	74	2	70	1	65	1	60	2	55	3	49	5	42	8	36	11	31	13	26	16	22	18	19	19	17	20	16	22	16	23	17	23	19	24	22	25	26	27	31	30	37	34	44	39	50	45	55	50	59	56	62	61	64	65	66	69	67	72	69	74	72	75	75	75	77	74	78	72	78	69	77	66	75	63	73	59	71	56	68	54	64	53	59	53	53	54	48	56	44	59	41	62	39	66	38	70	38	73	39	75	41	76	43	76	44	75	44	73	43	70	42	68	40	67	37	67	33	68	29	68	25	69	22	69	20	68	19	66	19	63	20	60	22	56	25	52	29	48	34	43	39	37	43	31	46	26	48	22	50	19	52	17	54	16	57	16	61	17	66	19	70	21	73	23	75	24	76	24	76	
93:
77	18.908	73	27	72	26	70	24	67	22	63	19	58	17	52	14	45	11	37	9	30	8	24	8	19	9	15	11	12	13	10	16	9	20	9	25	10	29	12	34	14	40	15	45	15	51	14	56	14	60	15	64	17	68	20	71	24	73	28	74	33	74	39	73	44	72	50	70	57	69	63	69	68	68	72	68	75	68	77	67	78	65	78	62	77	60	75	58	72	57	68	57	63	56	57	56	50	57	43	58	37	59	32	60	27	60	23	59	20	57	18	54	17	50	17	46	18	41	20	35	23	30	27	25	32	21	38	17	44	14	51	12	57	11	62	11	66	10	69	10	71	11	74	13	76	16	77	20	77	23	76	25	74	26	73	27	73	27	
94:
76	48.631	62	70	63	70	65	70	68	69	72	67	77	64	81	60	84	55	86	49	87	43	87	38	86	34	84	31	81	29	77	28	72	28	66	27	59	27	52	26	45	26	39	25	34	25	30	26	27	28	25	31	24	35	22	39	19	43	15	47	12	51	10	55	9	58	9	61	10	63	12	66	15	69	17	72	20	75	22	77	23	78	24	78	25	77	25	75	24	72	22	68	19	63	15	57	12	51	8	45	5	40	1	34	-2	29	-4	25	-5	21	-5	18	-4	16	-2	15	1	15	5	16	9	18	14	21	20	25	25	30	29	36	34	41	39	46	45	50	50	53	54	55	58	57	61	59	63	61	64	64	64	67	63	69	62	70	62	70	
95:
81	35.463	40	8	39	9	37	9	34	10	30	12	26	14	21	17	15	20	10	23	6	25	3	28	1	32	0	36	0	40	1	43	3	45	6	48	10	51	15	55	21	59	26	64	31	68	35	71	38	73	40	74	41	74	43	73	44	71	46	68	48	64	50	59	53	54	57	50	61	47	64	45	66	44	69	44	71	45	72	47	72	50	71	54	69	58	66	61	62	63	57	64	52	66	47	68	43	69	40	69	38	68	37	66	37	63	38	59	38	56	37	52	36	47	34	43	31	39	27	36	23	34	20	33	18	32	17	31	17	29	18	27	20	26	23	25	26	23	30	22	34	22	39	23	43	23	46	22	48	20	49	17	49	13	48	10	46	8	43	7	41	7	40	8	40	8	
96:
80	10.603	10	9	11	8	13	6	16	3	20	0	25	-2	31	-3	38	-3	46	-2	53	0	60	3	66	7	71	12	75	18	78	25	80	32	81	39	81	45	80	50	78	54	75	57	71	59	66	62	60	65	53	67	46	68	40	68	34	67	29	65	25	62	22	58	20	55	17	53	14	52	12	52	10	53	9	54	9	56	10	59	11	63	11	68	10	72	8	75	5	77	3	79	2	81	2	83	3	84	5	84	8	84	12	84	17	83	23	81	30	78	38	74	45	71	51	69	56	66	60	62	63	57	65	53	66	48	66	44	65	41	64	37	62	34	59	32	55	31	50	31	44	32	37	32	30	31	24	29	19	26	15	22	12	18	10	15	9	12	9	10	10	9	10	9	
97:
77	41.847	50	22	49	23	47	25	46	28	44	32	41	36	37	39	34	41	32	42	30	42	27	41	24	39	22	36	21	32	21	27	21	22	21	17	20	12	18	8	15	5	12	3	10	2	9	2	9	3	9	5	9	8	8	12	7	17	7	22	8	28	10	35	12	43	15	50	19	56	24	61	30	65	37	68	44	70	51	71	57	73	63	75	69	77	74	78	78	78	81	77	83	75	84	73	84	70	83	66	81	61	78	55	75	49	73	42	72	34	71	27	71	20	71	14	72	9	73	5	74	2	76	0	77	-1	77	-1	76	0	74	2	72	5	70	8	67	11	63	13	58	14	54	14	51	14	49	15	48	17	48	19	49	21	50	22	50	22	
98:
78	26.977	30	52	31	53	33	55	34	58	34	62	33	67	33	71	34	74	34	76	34	77	35	77	37	76	40	74	44	71	49	67	55	62	60	56	65	49	69	41	72	32	74	24	76	17	77	11	77	6	76	2	74	-1	71	-3	67	-4	62	-4	56	-4	49	-3	41	-1	34	2	28	6	23	11	19	17	16	22	13	26	11	29	10	31	8	32	5	32	3	31	2	29	2	26	3	22	5	17	8	12	10	8	13	5	17	3	21	2	26	2	32	3	37	5	42	8	46	12	51	16	55	21	58	27	60	32	61	36	61	41	60	46	58	50	55	53	51	55	46	56	42	56	39	55	36	53	33	51	31	49	30	48	29	48	29	49	29	51	30	52	30	52	
99:
82	361.142	3	10	4	11	5	13	6	16	8	20	11	23	15	25	20	26	26	26	33	26	41	26	48	27	54	29	59	31	63	32	66	34	68	35	69	36	69	38	68	41	66	43	63	44	59	44	54	44	48	43	42	41	35	38	28	34	21	31	15	29	10	28	6	28	3	28	1	29	0	31	0	34	1	38	3	43	6	47	10	52	13	56	15	60	16	63	17	65	19	66	22	66	26	65	31	63	36	60	40	56	43	52	46	47	48	41	49	35	49	30	48	25	47	21	47	18	47	16	48	15	49	15	49	16	49	18	48	19	46	20	43	21	39	21	34	20	29	19	25	17	22	15	20	13	19	10	19	7	19	5	18	4	16	4	13	5	9	7	6	9	4	10	3	10	3	10	