0:
34	0.125	11	5	11	6	10	8	8	9	6	9	5	9	5	10	6	11	8	13	10	16	12	18	15	19	18	19	20	20	21	21	21	21	20	20	18	18	17	15	15	13	13	12	12	12	12	11	13	9	14	7	15	4	15	2	14	1	12	1	10	2	9	4	9	5	10	5	11	5	11	5	
1:
43	0.408	7	16	6	16	4	16	2	16	1	15	1	13	1	10	1	6	0	3	0	1	0	0	1	0	1	1	2	3	4	6	5	8	6	9	8	9	9	8	9	6	10	3	12	1	14	0	16	0	17	1	17	3	17	6	17	10	18	13	18	16	19	18	19	19	18	19	16	18	14	16	13	15	12	15	11	16	9	17	7	18	6	18	6	17	7	16	7	16	
2:
37	0.324	19	3	18	2	16	1	13	1	11	1	10	1	10	2	11	4	13	7	16	9	18	11	19	13	19	14	18	14	16	13	13	11	11	9	10	8	9	8	8	9	7	11	5	14	2	16	0	17	-1	17	-1	18	0	18	2	18	5	18	7	17	10	15	12	13	15	11	17	9	18	6	18	4	19	3	19	3	
3:
43	5.491	19	14	20	15	20	17	19	18	17	18	16	17	16	15	17	13	18	10	19	7	19	4	18	2	17	1	16	1	14	2	12	4	11	7	11	11	10	14	8	16	6	17	5	17	4	16	4	14	5	11	5	8	4	6	2	5	1	5	0	4	0	2	1	1	3	1	4	2	4	4	4	7	5	9	7	11	10	12	13	13	16	13	18	13	19	14	19	14	
4:
38	0.581	18	3	19	4	19	6	18	9	16	13	15	16	15	18	15	19	16	19	16	18	15	17	13	16	12	14	11	12	10	11	8	11	5	11	3	11	2	10	2	10	2	11	2	12	3	14	5	15	7	17	8	18	9	18	10	17	11	16	12	14	12	11	12	7	13	4	15	2	16	1	16	1	17	2	18	3	18	3	
5:
43	0.574	14	18	14	17	15	15	17	12	18	9	18	6	18	3	17	1	16	0	15	0	15	1	14	3	13	6	11	8	8	11	5	14	3	16	2	18	2	19	3	19	5	18	7	17	8	15	8	12	7	9	6	6	6	3	7	1	8	0	8	0	7	0	7	1	8	2	10	4	13	6	16	9	18	12	19	14	19	15	18	15	16	16	15	17	14	18	14	18	
6:
38	1.572	6	17	5	16	3	16	1	16	0	17	0	17	1	16	3	14	6	12	10	11	14	11	17	11	19	11	20	11	20	10	19	9	17	8	15	6	14	4	14	2	14	1	13	1	11	2	8	4	6	5	5	5	4	4	4	4	5	5	7	7	8	9	8	11	9	12	10	12	10	13	9	14	7	16	6	17	6	17	
7:
42	0.568	6	10	7	9	9	9	10	8	10	6	9	3	8	1	8	0	9	0	10	1	11	2	13	2	16	1	18	1	19	1	19	2	18	3	16	3	14	4	13	5	13	7	14	9	15	10	15	12	16	13	16	13	15	12	13	12	10	13	8	15	7	17	6	18	6	18	5	17	5	15	4	13	3	11	2	9	2	8	3	8	5	9	6	10	6	10	
8:
37	0.324	11	19	12	18	14	17	15	15	17	13	18	12	18	11	18	10	17	10	15	11	12	11	9	11	7	12	6	12	6	11	7	9	7	6	8	4	10	2	12	1	14	0	16	0	17	1	17	2	16	3	14	4	11	4	9	5	6	7	4	9	3	12	3	14	4	15	6	15	8	16	10	18	11	19	11	19	
9:
37	0.464	15	14	14	15	12	15	9	16	6	16	3	16	1	15	0	13	0	11	1	9	3	7	5	5	7	3	8	1	10	0	13	0	15	0	17	1	18	2	18	4	17	5	15	6	14	7	12	7	9	7	6	6	4	6	3	7	3	9	3	11	4	14	6	16	8	17	11	17	13	16	14	15	15	14	15	14	
10:
48	0.504	6	12	5	13	4	15	2	17	1	18	1	18	2	17	3	15	4	12	4	10	3	8	2	6	1	4	1	2	2	1	4	1	7	1	10	2	13	2	15	1	16	0	16	0	15	1	14	3	12	6	11	8	11	9	12	9	13	9	15	9	16	10	16	11	16	11	15	10	13	9	11	9	10	10	10	12	11	14	13	16	14	17	15	17	15	18	14	18	12	17	9	15	7	13	6	12	6	12	
11:
44	2.476	15	4	16	5	16	7	16	9	15	10	13	11	10	11	8	10	5	8	2	6	0	4	-1	2	-1	1	0	1	1	2	2	4	4	7	7	11	11	14	14	16	16	17	18	17	19	16	19	14	18	13	16	13	14	12	13	11	13	9	12	6	10	4	9	3	8	3	8	2	9	1	11	1	14	1	16	0	17	-1	18	-1	18	0	17	1	16	3	15	4	15	4	
12:
43	1.509	15	1	14	2	12	2	11	1	9	1	8	1	8	2	9	4	9	6	9	7	8	7	6	7	3	6	1	6	0	7	0	9	1	12	2	14	4	15	7	15	9	14	10	12	12	11	14	10	15	10	15	11	15	13	15	16	15	18	16	19	18	19	19	18	19	16	19	14	18	11	16	7	15	4	15	2	16	1	17	1	17	0	16	0	15	1	15	1	
13:
41	1.038	10	9	9	9	8	10	6	11	5	12	5	14	4	17	4	19	5	20	6	20	7	19	7	17	8	15	9	14	11	14	13	14	14	14	14	13	14	11	14	9	15	8	17	8	18	7	18	5	17	4	15	3	12	3	10	4	7	4	4	4	2	3	1	1	1	-1	2	-2	4	-2	7	-1	9	1	10	4	11	6	11	8	10	9	10	9	
14:
40	0.374	0	7	0	8	0	10	1	12	2	14	4	16	7	17	9	17	12	17	15	16	17	15	18	13	18	10	17	8	15	6	13	5	11	5	10	4	10	2	11	1	13	0	16	0	18	0	19	1	19	3	18	6	16	9	15	11	13	13	10	14	8	14	7	13	7	11	8	9	8	8	7	8	5	8	3	7	1	7	0	7	0	7	
15:
43	0.78	16	3	17	2	18	1	19	0	19	0	18	1	17	3	16	5	16	8	16	12	16	15	15	17	13	18	11	18	10	17	10	15	10	13	9	12	7	12	6	13	4	14	3	15	2	15	1	14	1	12	2	9	2	7	2	6	2	6	3	7	5	8	8	10	11	11	13	12	14	12	14	11	13	9	12	6	12	4	12	3	13	3	15	3	16	3	16	3	
16:
41	2.229	16	2	16	3	16	5	17	8	17	10	18	12	19	14	19	16	19	18	18	19	16	19	13	18	10	18	8	18	7	19	6	19	6	18	6	16	5	15	3	15	2	15	1	15	1	14	2	12	4	10	5	7	5	5	4	3	2	2	1	1	1	1	2	2	3	4	4	6	6	7	9	8	12	8	14	7	15	5	15	3	16	2	16	2	
17:
43	0.48	0	17	1	18	3	19	6	19	10	19	13	19	15	18	16	17	17	15	18	12	19	8	19	5	18	3	17	2	15	2	14	2	14	3	13	4	11	4	10	3	8	1	5	0	3	0	2	0	2	1	3	2	4	3	6	4	8	6	11	9	13	11	14	14	14	16	13	17	11	17	8	17	5	16	2	15	0	14	-1	14	-1	15	-1	16	0	17	0	17	
18:
39	0.363	0	6	1	7	2	9	3	11	4	14	5	16	6	17	7	17	8	16	10	16	13	17	15	18	17	19	18	19	18	18	18	16	17	13	15	11	12	9	9	8	7	7	6	7	6	7	7	6	8	5	9	3	9	1	10	0	12	0	13	1	13	3	13	4	12	4	10	3	7	2	5	2	3	3	1	5	0	6	0	6	
19:
39	1.488	1	8	2	9	2	11	1	13	1	15	2	16	4	16	5	15	5	14	5	13	5	13	6	14	8	14	11	14	14	15	16	16	17	16	18	15	18	13	18	10	18	7	17	4	17	2	17	1	18	1	18	2	18	4	17	6	15	9	13	11	11	12	9	12	8	12	7	11	7	9	6	8	4	8	2	8	1	8	1	8	
20:
39	0.303	3	8	4	9	6	11	7	13	9	14	11	14	13	13	14	11	14	8	13	6	13	5	14	5	14	6	15	7	15	8	16	8	18	7	20	7	21	8	21	10	20	13	18	15	16	16	14	17	13	18	11	18	8	18	5	18	3	17	1	15	0	13	-1	10	-1	7	-1	5	-1	4	0	4	1	5	2	7	3	8	3	8	
21:
37	0.189	0	19	1	19	3	19	5	19	8	20	10	20	11	19	11	17	10	15	8	13	7	12	7	11	8	11	10	10	12	9	14	7	15	5	15	4	14	3	12	3	11	4	9	6	6	7	3	7	1	6	0	6	0	7	0	9	1	10	3	10	5	10	6	11	6	13	5	16	3	18	1	19	0	19	0	19	
22:
41	1.127	8	8	9	7	11	5	14	4	16	4	17	5	17	6	16	6	15	5	13	5	10	5	6	5	3	5	1	4	0	3	0	3	1	4	1	6	2	8	4	9	7	10	9	12	10	14	12	15	13	17	13	18	12	18	10	18	7	19	4	19	2	18	0	16	-1	14	-1	12	0	11	2	11	5	11	7	11	8	10	8	9	8	8	8	8	
23:
46	2.623	0	10	1	9	2	7	2	5	2	2	1	0	-1	-1	-2	-1	-2	0	-2	2	-1	4	1	6	4	7	8	7	12	8	15	10	17	12	18	13	19	13	19	12	19	10	19	8	19	5	19	3	18	1	16	0	15	0	13	1	12	2	11	4	9	7	7	10	4	13	2	15	1	17	1	18	2	19	4	19	6	18	7	17	7	15	6	12	4	10	2	9	1	9	0	10	0	10	
24:
41	0.454	4	5	4	6	4	8	4	10	5	12	5	13	4	13	2	13	1	14	1	15	2	16	4	18	7	19	10	19	13	18	15	16	17	15	18	14	18	12	17	11	15	10	12	10	10	9	9	8	9	6	10	5	12	4	14	4	15	4	16	4	16	3	15	3	13	2	11	0	8	-1	5	-1	3	0	2	2	2	4	3	5	4	5	4	5	
25:
49	3.643	7	19	8	18	9	17	9	15	9	12	9	8	9	5	8	3	8	2	9	2	10	3	10	5	9	7	7	10	5	13	3	15	2	16	2	17	3	17	5	16	7	15	10	13	12	10	13	7	15	4	16	2	17	1	18	1	18	2	17	4	16	7	16	9	17	10	18	10	18	9	17	9	16	10	14	11	13	13	13	15	13	17	14	18	14	18	13	17	11	16	9	16	8	17	8	18	7	19	7	19	
26:
44	2.69	6	17	7	18	9	18	10	17	10	16	11	16	13	17	16	17	18	18	19	18	19	17	18	15	16	12	15	8	13	5	10	3	8	2	7	2	6	3	5	5	4	7	4	9	4	10	3	10	2	9	2	7	3	5	5	3	7	1	8	0	8	0	8	1	8	3	9	6	11	9	12	11	12	13	11	14	9	14	8	14	6	14	5	15	5	16	6	17	6	17	
27:
43	1.874	18	10	19	9	20	7	21	5	21	3	20	2	19	2	19	3	18	5	18	8	19	12	19	15	18	17	16	18	14	18	11	17	7	17	4	17	2	18	1	18	1	18	2	17	4	15	6	13	7	12	7	11	6	9	5	8	3	8	1	7	0	7	0	8	1	8	3	9	6	9	9	9	11	10	13	12	15	13	17	13	18	12	18	11	18	10	18	10	
28:
46	1.462	7	4	6	3	4	2	2	1	1	1	1	1	2	2	4	4	5	7	5	10	5	12	6	13	8	14	11	14	14	13	16	12	17	10	19	7	20	4	20	2	19	0	17	-1	15	-1	14	-1	14	0	15	2	16	3	18	4	19	6	19	9	18	12	17	14	15	16	12	17	9	17	6	17	3	17	1	16	0	14	0	13	1	12	2	10	4	9	5	7	6	5	7	4	7	4	
29:
46	4.787	0	12	0	11	-1	9	-1	6	-1	3	0	1	0	0	0	0	1	1	2	2	4	2	7	2	10	1	12	0	13	0	13	1	12	3	11	5	11	7	11	8	12	8	14	8	15	9	15	11	15	14	15	16	16	17	16	17	15	16	15	14	16	12	18	9	19	6	19	3	19	1	18	0	16	0	15	1	15	3	14	6	12	9	9	11	6	12	3	13	1	13	0	12	0	12	
30:
40	3.505	1	17	2	17	4	17	7	17	10	17	13	18	15	19	16	19	16	18	17	16	17	15	16	15	15	15	15	14	16	12	17	9	18	7	18	6	17	6	15	6	12	7	10	7	9	6	7	5	6	3	6	2	7	2	7	3	6	4	5	5	3	6	1	6	0	7	0	9	1	11	2	13	3	15	3	16	2	17	1	17	1	17	
31:
43	1.488	19	12	18	12	16	13	13	13	11	12	10	10	8	8	5	6	3	5	1	4	0	4	0	5	1	5	3	6	5	8	6	11	6	15	7	18	7	20	6	21	4	21	2	20	1	19	0	18	0	16	1	15	3	13	5	10	7	7	10	5	13	4	15	3	16	3	16	2	15	1	15	0	16	0	18	1	19	3	19	6	19	9	19	11	19	12	19	12	
32:
44	2.251	12	5	12	6	11	8	10	10	8	11	5	11	3	10	1	9	0	7	0	5	1	4	3	4	5	5	6	7	6	10	5	12	4	13	3	14	3	16	4	17	6	17	9	17	13	18	16	18	18	17	19	15	19	14	18	14	16	14	15	15	14	15	14	14	15	12	16	9	18	6	19	4	19	2	18	1	16	1	14	2	12	3	11	4	11	5	12	5	12	5	
33:
38	2.294	2	6	3	7	4	9	6	11	8	13	10	14	12	16	13	17	13	17	12	16	11	14	11	11	10	9	9	6	9	3	9	1	10	0	12	0	15	1	17	2	19	4	20	7	20	9	19	10	17	10	15	9	13	7	12	5	12	4	12	4	12	5	12	6	11	7	9	8	6	8	4	7	3	6	2	6	2	6	
34:
35	0.309	15	0	14	1	12	2	10	4	7	5	5	5	4	5	4	4	5	3	6	3	8	4	9	6	9	9	8	13	7	16	6	18	6	19	7	20	8	20	10	19	13	18	16	18	18	19	19	19	19	19	18	18	17	16	16	14	16	11	17	8	17	6	16	5	15	3	15	1	15	0	15	0	
35:
38	0.54	0	0	-1	1	-1	3	0	6	2	9	5	11	9	13	12	14	14	14	16	13	17	11	17	8	16	5	14	3	13	2	11	2	10	2	10	3	11	5	13	7	16	9	18	12	19	16	19	19	18	21	16	22	13	22	11	21	8	19	5	17	3	15	1	14	0	12	0	9	0	6	0	3	0	1	0	0	0	0	
36:
45	2.724	5	16	5	17	6	18	8	19	11	19	13	18	14	16	15	13	15	9	14	6	12	3	9	1	7	0	5	0	4	1	4	2	5	3	7	3	10	2	13	2	15	3	16	5	18	8	19	12	19	15	19	17	18	18	16	19	13	19	11	18	10	16	9	14	7	12	4	11	2	11	1	11	1	12	2	13	2	15	2	17	3	18	5	18	6	18	6	17	5	16	5	16	
37:
37	0.999	8	19	9	18	11	18	14	17	16	16	18	15	19	15	19	14	18	13	16	13	15	13	14	12	12	11	9	11	6	12	4	14	3	17	2	19	2	20	2	20	1	19	1	17	1	15	1	12	2	8	3	5	3	3	3	2	4	2	6	3	8	4	9	6	9	9	8	13	8	16	8	18	8	19	8	19	
38:
40	0.974	19	0	19	1	18	3	16	5	14	7	11	8	8	8	6	9	4	11	3	13	3	15	4	16	6	16	9	15	13	13	16	11	18	10	19	10	19	11	18	13	17	14	15	16	13	17	10	18	6	18	3	19	1	19	0	18	0	16	1	13	2	10	2	7	3	5	5	4	8	4	11	4	14	4	16	3	18	1	19	0	19	0	
39:
45	3.408	8	15	9	14	11	12	12	10	14	8	15	5	15	3	14	2	12	2	9	3	6	5	4	6	2	6	0	5	-1	3	-1	1	0	0	2	0	5	0	8	-1	11	-1	14	0	16	2	17	4	17	6	16	7	15	9	15	12	16	14	18	16	19	17	19	19	18	20	17	20	15	19	12	19	9	18	7	17	6	15	6	13	7	12	8	12	8	13	8	14	8	15	8	15	
40:
45	0.761	3	10	3	11	3	12	4	14	4	15	3	16	2	16	2	17	3	18	5	18	8	18	11	18	13	17	16	17	18	18	19	18	19	17	18	16	18	14	18	11	18	7	17	4	15	2	12	1	9	0	6	-1	4	-1	2	0	1	0	1	1	2	1	4	0	6	0	9	1	12	2	14	4	15	7	15	9	14	11	12	13	9	14	6	14	4	13	3	11	3	10	3	10	
41:
49	1.606	15	11	16	12	16	14	16	17	16	19	16	20	17	20	17	19	17	17	16	14	14	10	11	6	8	3	6	1	4	0	3	0	3	1	4	3	5	5	5	7	5	8	4	8	3	7	1	6	0	6	0	7	1	9	3	12	4	14	4	15	3	16	1	17	0	17	0	17	1	16	3	14	6	11	8	7	9	4	10	2	12	0	13	-1	14	-1	15	0	15	2	15	5	15	8	15	10	15	11	15	11	
42:
42	1.188	15	19	14	18	12	18	9	18	6	17	3	15	1	13	0	10	0	8	1	7	1	7	2	8	4	9	5	9	6	8	7	6	9	5	12	4	15	3	17	3	18	2	18	1	17	0	15	0	13	1	11	3	9	5	8	7	8	10	7	12	5	14	2	15	0	17	-1	19	-1	20	0	20	2	20	5	20	9	19	12	18	14	18	15	19	15	19	
43:
39	2.475	9	0	10	0	12	0	14	0	17	0	19	0	20	0	20	1	19	3	17	5	15	6	13	6	12	7	12	9	13	12	13	16	13	19	12	21	10	22	7	22	5	21	4	19	4	17	5	16	6	16	8	17	9	17	9	16	8	14	6	12	5	9	4	6	4	4	5	3	7	2	9	2	10	1	10	0	9	0	9	0	
44:
35	1.059	8	13	7	12	7	11	8	11	10	10	13	9	16	9	18	9	19	9	19	8	18	7	16	6	14	5	13	3	11	2	9	1	6	1	4	2	2	4	1	6	1	9	2	12	4	14	7	17	9	19	12	20	14	20	15	19	16	17	16	15	15	13	13	12	11	12	9	12	8	13	8	13	
45:
42	1.376	16	0	17	1	18	1	18	2	17	2	17	3	16	5	14	7	13	10	13	14	12	17	10	19	8	20	6	20	5	19	5	17	6	16	7	16	7	16	6	15	4	13	2	11	1	9	1	8	2	7	4	5	5	4	5	3	6	3	7	4	7	6	8	8	8	10	9	11	11	11	12	10	12	8	13	5	14	3	15	1	15	0	16	0	16	0	
46:
41	0.955	10	10	9	11	8	12	6	14	5	17	3	19	2	20	1	20	1	19	2	18	4	16	7	13	10	9	12	6	14	4	15	3	16	3	16	4	17	6	18	8	18	11	18	14	18	16	17	17	16	17	16	16	15	14	13	11	10	8	7	5	4	3	2	2	1	2	1	3	1	5	1	7	2	8	4	9	7	9	9	9	10	10	10	10	
47:
44	1.206	5	16	4	15	2	14	0	12	-1	10	-1	8	0	7	2	7	5	6	8	4	11	3	14	3	16	4	17	6	17	9	16	11	14	13	12	14	11	14	11	14	12	14	13	15	15	17	16	18	18	19	19	19	20	18	20	16	19	13	19	9	18	5	16	2	13	0	10	-1	7	-1	5	0	3	0	2	1	2	3	2	6	3	10	4	13	5	15	5	16	5	16	
48:
43	9.135	4	4	5	5	6	7	6	9	6	11	5	12	5	13	6	13	6	12	7	11	9	11	10	12	12	12	14	12	15	12	15	11	14	11	12	12	10	14	9	15	9	17	10	19	12	20	15	20	17	19	18	17	18	14	17	11	15	9	13	8	12	6	12	5	11	4	10	2	9	1	7	1	4	1	2	1	1	0	1	0	2	1	3	3	4	4	4	4	
49:
50	2.353	11	19	12	19	14	19	16	18	18	17	19	15	19	13	18	12	16	11	15	9	15	6	15	4	15	3	14	3	12	4	9	5	6	7	4	8	3	8	3	7	4	5	6	2	7	0	7	-1	6	-1	4	0	2	1	1	3	1	6	1	8	1	11	1	14	1	16	1	17	2	17	3	16	3	14	4	12	6	11	9	11	11	10	12	10	14	11	15	13	15	15	14	16	12	16	11	17	11	18	11	19	11	19	
50:
39	0.212	10	12	11	13	12	15	13	17	14	19	15	20	15	20	15	19	15	17	14	14	14	10	14	7	14	5	15	4	16	4	17	4	17	4	16	3	14	3	11	3	9	2	8	1	7	1	7	2	8	4	8	5	7	7	5	10	3	12	1	13	0	13	0	12	0	10	1	9	3	9	5	10	7	10	9	11	10	12	10	12	
51:
37	0.439	18	7	17	6	15	5	12	5	10	4	8	2	5	1	3	1	2	2	2	4	2	6	3	7	5	9	6	10	6	12	7	13	9	15	12	17	14	19	15	20	17	20	18	19	18	17	17	16	15	16	12	15	10	13	9	11	9	9	10	8	12	8	13	9	14	10	16	10	17	9	18	8	18	7	18	7	
52:
39	0.76	19	9	18	8	17	6	17	4	17	3	16	3	14	4	12	6	9	7	7	9	6	11	6	12	7	12	7	11	6	9	5	6	3	3	2	1	1	0	1	0	0	1	0	3	1	5	1	8	1	11	1	14	2	16	3	17	5	17	8	17	10	18	12	18	13	17	13	15	13	12	14	10	16	9	18	9	19	9	19	9	
53:
41	0.803	5	6	6	7	8	9	10	10	13	10	16	9	18	7	19	4	19	2	18	0	16	-1	13	-1	11	0	9	1	7	3	6	6	6	10	6	13	5	15	4	16	2	16	1	15	1	13	1	11	1	9	1	8	0	8	0	9	1	11	3	13	6	15	9	16	11	17	12	17	12	16	11	14	10	11	8	9	7	7	6	6	5	6	5	6	
54:
38	0.301	9	2	8	3	6	3	4	3	3	4	3	5	4	6	6	8	8	9	10	11	11	13	12	14	12	14	12	13	12	11	11	8	11	6	11	5	12	5	12	6	13	8	15	11	16	13	17	16	17	18	18	19	19	19	20	18	20	16	19	14	18	11	16	7	15	4	14	2	13	1	11	1	10	1	9	2	9	2	
55:
42	0.323	0	9	1	10	2	12	4	14	6	16	8	18	11	19	13	19	14	18	14	16	13	14	11	12	9	10	8	9	8	9	9	8	9	6	8	4	8	3	9	2	11	2	14	3	16	4	17	5	17	6	16	7	15	8	14	9	14	10	15	12	17	14	18	16	18	18	17	19	15	19	13	19	10	18	7	16	5	13	3	11	1	10	0	9	0	9	
56:
42	0.941	3	19	3	18	4	16	4	13	4	11	3	10	2	9	2	8	2	6	3	3	5	1	7	0	10	0	12	1	13	3	13	4	12	4	12	3	13	1	13	0	14	0	14	1	14	3	13	5	11	7	9	8	7	9	6	10	6	12	7	13	9	13	11	12	12	11	13	11	13	12	12	13	12	15	11	17	9	18	6	18	4	18	3	19	3	19	
57:
40	1.437	3	13	2	13	1	13	0	12	0	11	0	9	1	8	3	8	6	8	8	7	9	5	11	4	13	4	14	5	14	7	14	9	15	11	16	12	16	13	15	14	13	14	11	14	10	13	10	11	10	8	11	5	13	3	15	2	17	2	18	3	18	5	17	8	15	11	12	14	9	16	6	17	4	17	3	16	3	14	3	13	3	13	
58:
39	1.72	18	8	19	9	19	11	19	12	18	13	16	14	13	14	9	15	6	16	4	18	3	19	3	19	4	19	4	18	4	16	4	14	3	11	2	8	2	6	3	5	5	5	7	6	10	7	12	7	13	6	13	4	13	2	12	1	12	0	13	0	14	1	15	1	15	0	14	0	14	1	15	3	17	5	18	7	18	8	18	8	
59:
43	0.788	19	18	18	18	16	18	14	19	11	20	9	20	8	19	8	17	9	15	9	14	8	14	6	14	4	13	3	11	2	9	2	6	2	3	2	1	1	0	0	0	0	1	1	2	3	3	6	3	10	3	13	4	16	4	18	4	19	3	19	1	18	0	16	0	14	1	11	3	9	5	8	6	8	8	9	11	11	14	13	16	16	17	18	18	19	18	19	18	
60:
41	0.993	9	12	8	12	6	11	4	11	3	11	2	12	2	14	3	16	3	18	2	19	1	19	1	18	1	16	1	13	0	9	0	6	0	3	1	1	3	0	6	0	9	-1	11	-1	12	0	13	1	13	3	13	6	12	9	12	12	12	14	13	15	14	15	14	14	13	14	11	14	8	15	6	15	5	14	5	12	6	11	8	11	9	12	9	12	
61:
42	1.245	0	2	1	2	3	3	5	4	6	4	7	4	7	5	6	6	4	7	2	9	1	11	1	14	2	16	3	17	5	17	8	17	12	16	16	14	19	12	21	9	22	6	22	4	21	3	19	3	18	4	17	6	16	8	16	11	17	14	17	16	17	17	16	17	14	16	13	14	11	13	8	11	5	9	3	8	1	7	0	5	0	3	0	2	0	2	
62:
43	1.293	11	11	11	10	10	8	8	5	6	3	5	1	5	0	6	0	6	1	7	3	9	4	12	5	14	5	15	4	16	2	16	1	16	0	17	0	17	1	18	3	18	6	17	9	15	11	14	12	12	13	10	14	9	15	9	16	10	18	11	19	11	19	10	18	8	16	7	14	6	12	4	10	3	8	3	7	4	7	6	7	8	8	10	10	11	11	11	11	
63:
38	2.311	7	7	6	8	6	10	7	11	9	11	12	10	15	8	17	6	18	4	18	3	17	3	17	4	18	5	19	7	19	10	18	14	18	17	17	19	15	20	12	20	9	20	6	19	4	17	3	14	3	11	3	9	2	8	2	7	3	7	5	6	7	4	8	3	9	3	10	4	10	6	9	7	8	7	7	7	7	7	
64:
38	0.541	0	4	1	3	1	2	2	2	3	3	5	4	8	4	10	4	13	5	15	6	17	8	18	11	18	13	17	14	16	15	14	15	11	14	9	14	7	14	6	14	6	15	5	17	5	18	6	18	7	17	9	15	10	13	11	11	11	10	10	10	10	11	9	11	8	10	6	8	4	6	3	5	1	5	0	4	0	4	
65:
42	1.337	6	2	7	1	9	1	12	1	15	2	17	3	18	5	19	6	19	8	18	9	16	11	15	13	15	15	15	17	16	18	18	18	19	17	19	16	18	14	16	13	13	13	11	13	10	14	10	16	9	17	8	17	6	16	3	16	1	16	0	16	0	17	1	18	3	19	4	19	4	18	3	16	3	13	2	9	2	6	3	4	5	3	6	2	6	2	
66:
41	1.348	11	18	10	17	8	15	5	14	3	13	2	12	1	12	1	13	1	15	0	18	0	20	0	21	1	21	2	20	4	18	5	15	6	12	7	10	7	7	8	5	9	4	11	4	14	5	16	7	17	8	17	9	16	10	14	10	11	9	7	9	4	8	2	7	1	6	1	6	2	7	4	9	6	11	8	14	10	16	11	17	11	18	11	18	
67:
45	0.436	5	16	6	17	8	18	10	18	13	17	15	15	16	13	16	10	16	7	17	5	17	4	16	2	14	1	11	1	7	1	4	2	2	4	1	7	0	10	-1	12	-1	13	-1	13	0	12	2	10	5	8	8	5	11	2	13	0	16	-1	18	-1	19	0	19	2	20	5	20	8	21	11	21	14	21	16	20	17	18	17	15	16	11	15	8	14	6	14	5	15	5	16	5	16	
68:
39	5.537	18	17	17	18	15	20	12	22	9	23	7	23	6	22	5	20	5	18	5	17	4	17	3	18	1	18	0	17	0	15	1	14	2	14	4	15	7	15	9	15	10	14	10	12	9	9	9	6	10	4	11	2	12	1	13	1	13	2	12	4	12	6	13	8	15	9	17	10	18	11	19	13	19	15	19	16	18	17	18	17	
69:
39	0.358	15	10	16	11	17	13	17	15	18	16	18	18	18	19	17	19	15	19	12	19	9	19	7	20	5	20	4	19	4	19	5	18	6	16	6	13	7	11	9	9	12	7	14	5	15	4	15	3	14	3	12	3	9	3	5	3	2	4	0	6	-1	9	-1	11	0	12	2	12	5	11	9	11	12	11	14	10	15	10	15	10	
70:
39	1.547	17	9	16	10	16	12	16	14	15	15	13	15	11	14	9	12	6	11	3	11	1	12	0	12	0	11	1	10	3	10	6	10	8	10	9	9	9	7	8	4	7	2	7	1	7	0	6	0	4	1	3	1	3	0	4	0	6	1	8	3	10	6	11	8	11	10	11	12	12	13	13	13	14	12	16	10	17	9	17	9	
71:
38	0.889	5	12	4	11	3	9	2	8	2	6	3	5	5	5	7	6	8	8	8	11	8	14	9	16	9	17	10	17	12	16	14	14	15	11	15	8	15	5	15	3	16	2	17	2	17	3	18	5	18	8	19	11	19	14	18	16	16	18	15	19	14	19	12	19	9	19	7	18	6	16	5	15	5	13	5	12	5	12	
72:
34	1.191	13	10	14	9	14	7	13	6	11	6	9	6	8	7	8	8	9	10	10	12	12	14	13	15	13	16	12	16	11	15	10	13	8	10	5	8	3	6	1	5	0	5	0	5	1	4	3	4	5	4	7	3	8	2	9	1	11	1	12	2	13	4	13	7	13	9	13	10	13	10	
73:
45	2.506	12	2	11	3	9	5	7	7	5	8	4	10	4	12	5	15	7	17	9	18	12	18	14	18	15	17	15	15	14	14	12	14	9	14	5	14	2	13	0	11	-2	8	-3	5	-3	3	-2	2	0	2	2	3	4	5	5	7	7	8	10	9	13	9	16	10	18	12	19	13	19	13	19	12	18	10	16	8	14	6	13	3	12	1	12	0	13	0	13	1	12	2	12	2	
74:
38	0.367	1	15	2	15	4	15	7	14	9	12	11	10	12	8	12	6	11	5	9	5	6	5	4	6	2	7	1	9	1	10	2	10	4	10	7	10	11	9	14	8	16	6	17	3	17	1	17	0	18	0	20	1	21	3	21	5	20	8	18	10	15	12	11	14	8	15	5	16	3	17	2	17	2	16	1	15	1	15	
75:
42	2.653	14	5	13	4	11	2	9	1	7	0	6	0	4	0	3	1	2	2	1	2	0	3	0	3	1	4	3	5	4	7	4	10	4	12	5	13	7	13	8	14	10	16	11	17	11	18	10	18	8	18	7	18	6	19	6	19	7	20	9	20	12	19	15	17	17	15	18	12	20	8	21	5	21	3	20	2	18	2	17	3	15	4	14	5	14	5	
76:
48	1.121	14	17	13	16	11	15	9	13	8	12	8	12	9	13	9	15	9	16	8	16	6	15	5	13	4	10	3	7	3	4	4	2	6	1	9	1	11	0	12	0	12	1	13	3	13	6	14	9	15	11	17	12	18	12	18	11	19	9	19	7	18	5	16	4	13	4	9	5	5	7	2	9	0	10	-1	12	-1	15	0	17	2	18	5	18	9	19	12	20	14	20	15	19	15	18	14	17	14	17	
77:
44	0.765	11	2	12	3	13	4	13	6	12	7	10	8	9	9	9	11	10	14	12	16	15	17	17	17	18	17	19	16	19	14	19	12	18	11	16	10	14	10	13	11	11	12	9	12	8	11	7	9	7	6	6	4	4	3	2	3	1	3	1	3	2	2	4	2	7	1	10	0	14	0	17	0	19	-1	20	-1	20	-1	19	0	17	0	14	0	12	1	11	2	11	2	
78:
40	0.79	12	19	11	18	9	17	7	17	6	18	6	18	6	17	6	15	5	14	4	13	4	11	5	9	7	8	10	7	12	5	14	4	15	4	16	5	16	5	15	6	13	6	10	5	6	3	3	2	1	1	0	1	0	2	1	4	3	7	6	9	10	11	13	12	15	12	16	12	17	12	17	13	16	15	15	16	13	18	12	19	12	19	
79:
43	0.547	14	13	15	12	17	10	18	7	18	5	17	4	17	3	16	3	15	4	14	4	12	3	9	1	6	0	3	0	1	1	0	2	0	4	1	7	3	9	6	10	8	10	9	9	9	9	8	10	6	11	4	13	2	15	1	17	1	18	2	19	4	19	6	20	9	20	11	19	13	17	16	16	18	15	19	15	19	14	18	14	17	14	15	14	14	13	14	13	
80:
35	0.129	15	1	15	2	15	3	14	4	12	6	11	9	10	11	8	12	7	12	7	11	7	11	6	12	4	14	3	17	3	19	3	20	2	20	1	19	1	17	1	14	2	12	4	11	6	11	7	12	7	14	8	15	10	15	13	14	16	13	18	11	19	9	19	6	18	4	16	2	15	1	15	1	
81:
38	0.143	8	9	9	8	9	6	9	4	8	2	7	0	7	-1	8	-1	10	0	12	2	13	5	14	7	16	9	18	10	19	11	19	13	18	15	17	16	17	18	18	19	18	19	17	18	15	16	12	15	8	15	5	14	3	14	2	15	2	17	3	18	5	19	8	19	10	18	11	16	11	13	10	11	9	10	8	9	8	9	
82:
43	0.506	0	15	0	14	0	12	1	11	2	10	4	10	6	10	7	10	7	9	6	7	6	4	7	2	9	0	10	-1	12	-1	13	0	13	2	12	5	12	7	13	8	15	10	17	11	18	13	18	15	17	17	16	18	15	18	15	17	14	16	12	16	9	17	7	18	6	18	6	17	7	15	8	14	9	12	9	11	8	11	6	12	3	14	1	15	0	15	0	15	
83:
47	1.264	6	19	7	18	9	16	11	14	14	13	16	13	17	14	17	16	16	17	14	17	12	16	11	14	11	12	12	10	14	9	16	9	17	8	17	7	16	7	14	6	12	6	11	7	9	9	6	11	4	13	2	15	0	16	-1	16	-1	15	0	13	2	10	5	8	7	5	8	3	8	1	7	0	5	0	3	1	2	3	2	6	3	10	5	13	7	15	8	16	8	18	7	19	6	19	6	19	
84:
41	3.111	17	1	16	2	14	3	12	3	9	2	6	0	4	-1	3	-1	3	0	4	2	6	5	7	7	7	10	6	13	4	15	1	16	-1	16	-2	15	-2	13	-1	12	1	10	4	9	8	9	12	9	15	9	17	10	18	12	18	14	17	15	15	15	14	16	14	17	13	17	13	16	13	14	13	11	13	7	14	4	15	2	16	1	17	1	17	1	
85:
43	2.766	6	13	5	12	3	10	1	9	0	9	0	10	1	12	2	14	4	16	5	17	6	17	6	16	5	14	5	12	4	9	3	7	1	6	0	5	0	4	1	3	3	1	6	0	9	0	11	1	12	3	12	6	12	10	12	13	13	15	15	16	17	16	19	15	20	15	20	16	19	17	17	17	14	18	12	18	10	17	8	17	7	16	7	14	6	13	6	13	
86:
47	0.596	14	13	13	12	11	11	9	9	7	8	6	7	6	5	7	3	7	1	6	0	4	0	2	0	1	1	1	3	2	6	3	8	5	9	7	10	10	10	14	9	17	7	19	4	20	2	20	1	19	1	18	2	17	4	17	7	16	11	14	14	11	16	7	17	4	17	2	17	0	17	-1	17	-1	17	0	18	2	18	5	19	9	19	12	18	14	17	15	17	15	16	14	14	14	13	14	13	
87:
37	1.342	3	16	4	15	5	13	6	10	6	6	5	3	3	1	1	0	0	0	0	1	1	2	3	4	4	7	6	11	8	14	11	16	13	17	14	17	14	16	14	14	15	11	16	8	18	6	19	4	19	3	18	2	16	2	13	2	10	3	7	5	4	8	2	10	1	11	1	12	2	14	3	15	3	16	3	16	
88:
48	0.657	12	0	11	1	9	2	6	2	4	1	2	1	1	0	1	-1	2	-1	4	0	6	2	7	5	7	7	6	10	4	14	2	17	0	19	-2	20	-3	20	-3	19	-2	17	0	15	3	14	7	14	11	14	14	14	16	15	18	17	19	19	19	20	18	20	18	19	18	17	19	14	19	11	19	8	18	6	16	5	15	5	15	6	16	8	16	9	15	9	14	8	12	6	11	3	11	1	12	0	12	0	
89:
39	1.968	9	18	10	17	12	16	15	15	17	15	18	16	18	18	17	19	15	19	12	19	9	19	6	18	4	16	3	13	3	11	3	8	2	6	1	5	1	5	2	5	3	4	5	2	8	1	10	1	11	2	11	4	10	5	8	5	6	5	4	5	3	6	3	8	4	9	5	10	7	11	8	13	8	15	9	17	9	18	9	18	
90:
36	0.394	2	17	3	16	3	14	4	11	5	9	7	7	10	5	13	4	15	4	16	5	17	6	17	8	16	10	14	12	11	13	9	13	8	14	7	15	7	15	8	14	10	13	11	11	11	8	11	5	10	3	8	1	5	0	3	0	1	1	0	3	0	6	1	9	1	11	1	14	1	16	2	17	2	17	
91:
43	0.79	8	3	7	3	5	3	4	4	4	6	3	9	3	12	4	15	6	17	8	18	9	18	10	17	10	15	10	13	11	10	12	7	12	5	13	4	15	4	16	4	18	5	19	7	19	10	18	14	16	17	13	19	9	20	6	20	3	20	1	19	0	17	0	14	1	12	1	10	0	8	-1	5	-1	3	-1	2	0	1	2	1	5	2	7	2	8	3	8	3	
92:
43	1.079	1	4	0	5	-1	7	-1	8	0	9	2	9	4	8	6	6	7	4	8	3	10	3	11	4	13	6	16	9	18	12	19	15	19	17	18	18	16	18	14	17	12	17	11	17	11	18	10	18	9	17	7	15	6	12	6	10	7	9	9	9	11	9	13	8	14	7	14	6	13	4	11	2	8	1	5	0	3	0	2	0	2	1	2	3	1	4	1	4	
93:
45	1.5	6	15	5	14	3	14	2	13	2	12	3	11	5	9	6	6	6	4	5	2	5	1	6	1	7	2	8	4	8	7	9	9	11	10	14	10	16	10	18	10	19	9	19	7	18	4	18	2	18	1	19	1	19	2	18	2	16	3	14	5	12	8	11	10	11	12	12	14	14	17	15	19	15	20	14	20	12	20	10	19	8	17	7	15	6	14	6	14	6	15	6	15	
94:
47	1.26	6	19	5	18	4	16	4	14	4	13	5	13	7	13	10	12	12	10	13	8	13	5	12	3	10	2	8	2	7	1	7	-1	8	-2	9	-2	11	-1	14	0	16	2	17	5	18	8	20	12	21	15	21	17	20	18	19	18	18	17	17	15	15	13	13	11	11	9	8	8	6	6	5	5	5	5	5	6	5	8	4	11	2	13	1	14	1	16	2	17	4	18	5	18	6	19	6	19	
95:
43	1.761	5	19	6	19	8	19	10	19	13	18	15	17	16	17	16	17	15	17	13	17	10	18	7	18	4	17	2	15	1	14	1	14	2	14	4	13	6	11	8	8	9	5	9	3	8	2	7	2	6	2	6	3	7	3	9	3	11	3	12	2	12	0	13	-1	15	-1	16	0	17	1	17	3	16	6	14	10	11	13	8	15	6	17	5	18	5	19	5	19	
96:
45	0.737	17	8	18	9	19	9	19	8	18	8	16	7	15	5	13	3	11	2	8	2	5	3	3	5	1	6	0	6	0	5	1	4	3	4	5	4	8	5	11	7	13	10	14	14	14	17	13	20	11	22	8	23	6	23	3	22	1	20	0	19	0	17	1	16	3	16	6	15	8	14	9	14	9	15	10	16	11	16	11	15	11	13	12	12	14	11	16	9	17	8	17	8	
97:
43	1.487	12	4	13	3	15	2	16	1	16	1	15	2	14	4	14	6	14	7	13	7	13	8	14	10	16	11	17	11	17	10	16	10	15	11	14	13	12	15	10	17	8	18	6	18	5	17	3	15	2	12	2	8	2	5	3	3	5	2	6	1	6	1	5	2	4	4	4	6	5	7	7	9	10	10	12	10	13	9	13	8	12	7	12	5	12	4	12	4	
98:
45	3.844	19	2	18	2	16	2	13	2	10	3	8	5	7	6	7	6	8	5	10	4	13	4	15	5	16	7	16	9	16	11	15	12	14	12	13	11	13	11	14	12	14	13	13	15	12	17	10	18	7	18	4	18	2	17	1	15	1	12	1	10	2	9	4	9	5	10	7	12	9	13	10	13	10	12	10	10	11	9	13	9	16	8	18	6	19	5	19	3	19	2	19	2	
99:
42	0.685	17	12	18	13	18	14	17	14	15	15	13	16	12	16	12	15	13	14	15	13	17	11	18	8	18	4	17	1	17	-1	18	-2	18	-2	17	-1	15	1	13	4	10	7	8	9	6	10	5	10	5	9	4	7	2	4	1	2	1	1	1	1	2	2	4	4	7	6	10	7	13	7	16	7	18	7	19	7	19	8	19	10	18	11	17	12	17	12	