0:
78	38.87	32	48	32	47	32	45	33	42	35	38	38	33	40	28	41	22	41	17	40	13	38	10	35	7	31	5	26	4	20	4	15	5	11	7	8	10	6	14	5	19	4	25	4	30	5	35	5	41	4	47	2	52	0	57	-1	63	-1	69	0	75	1	80	3	84	6	87	8	89	9	90	10	90	11	89	11	87	10	84	8	80	6	75	5	70	5	66	6	63	8	60	11	58	15	57	20	57	26	57	33	56	41	54	50	51	58	48	66	46	73	45	79	44	84	44	88	45	91	47	93	50	94	54	94	58	93	62	91	66	88	69	84	71	79	72	73	72	66	71	59	69	53	66	47	62	42	58	38	55	35	52	33	50	32	49	32	48	32	48	
1:
89	191.33	55	31	55	30	56	28	58	25	61	21	65	16	69	12	74	8	79	5	83	3	86	2	88	2	90	3	91	5	91	8	91	11	90	15	88	20	86	26	83	31	79	35	74	38	69	41	64	44	59	46	54	47	48	47	42	46	37	46	32	47	28	47	25	46	23	44	22	42	22	40	23	39	25	38	28	36	32	34	35	31	37	28	39	26	41	25	43	25	44	26	45	28	45	31	44	35	42	39	39	43	35	48	30	53	24	59	18	65	13	71	9	76	6	80	4	83	3	85	3	86	4	86	6	85	9	83	13	80	18	78	24	76	31	75	39	75	46	76	53	78	59	80	64	82	68	83	71	83	74	82	76	80	77	77	77	75	76	72	74	68	71	63	67	58	64	52	60	46	57	41	55	37	54	34	54	32	55	31	55	31	
2:
85	46.241	22	88	21	87	19	85	17	82	14	78	12	74	11	71	11	69	12	68	14	68	17	68	20	67	24	65	29	62	33	58	36	53	38	47	39	40	39	34	38	29	36	24	33	19	29	15	25	12	22	10	20	9	18	9	17	10	17	12	18	15	20	18	23	21	26	23	30	24	35	24	41	23	46	21	50	20	54	20	58	21	61	23	63	26	64	30	64	35	64	39	64	42	63	44	63	45	64	45	66	45	69	44	73	42	78	41	82	41	85	42	87	44	88	47	88	51	88	55	87	58	85	60	82	61	78	61	74	60	69	60	64	60	58	60	53	61	49	63	46	66	44	69	43	73	43	76	44	78	45	80	45	82	44	83	42	84	39	85	35	87	31	88	28	88	25	88	23	88	22	88	22	88	
3:
91	33.847	24	62	25	61	27	59	29	56	30	52	30	47	29	43	27	40	25	37	24	35	24	32	25	29	26	27	28	26	31	26	35	27	40	29	45	32	49	36	52	41	56	47	61	53	66	58	72	62	77	66	81	69	84	71	86	72	87	72	87	71	86	69	84	66	81	62	78	57	76	51	75	45	75	39	76	34	78	30	81	27	83	25	84	24	85	24	85	25	84	27	82	30	80	32	77	33	73	33	68	32	64	30	61	27	58	24	54	21	49	19	44	16	38	13	31	11	24	9	18	8	13	8	9	8	6	9	4	11	3	14	3	18	4	22	6	27	8	33	9	39	9	46	10	54	10	62	11	69	11	75	11	80	10	84	8	87	5	89	3	90	2	90	2	89	3	87	5	84	7	80	10	75	14	71	18	68	21	65	23	63	24	62	24	62	
4:
94	287.908	62	62	63	63	65	65	66	68	66	70	65	72	63	74	60	75	56	75	53	74	49	72	46	69	43	65	41	60	40	54	40	48	39	42	37	37	34	33	30	30	25	28	19	27	14	27	9	28	5	30	2	33	0	37	-2	42	-3	48	-4	54	-4	59	-4	63	-3	66	-1	68	2	69	6	69	9	68	11	66	12	63	12	59	13	54	14	48	14	41	13	34	11	27	8	21	5	16	3	12	2	9	1	7	1	6	2	6	4	7	7	9	11	12	14	16	17	19	21	21	25	24	30	26	35	27	41	27	46	26	50	24	53	21	55	17	58	13	62	9	66	6	71	4	76	3	82	3	87	4	91	6	94	9	96	12	97	16	97	21	96	27	94	32	91	36	87	39	82	41	76	42	71	42	67	42	64	43	62	45	60	48	59	52	59	56	60	59	61	61	62	62	62	62	
5:
91	215.453	67	86	68	86	70	85	72	83	75	80	79	77	82	73	84	68	85	62	85	55	84	49	82	44	79	40	75	37	70	35	64	34	57	34	50	35	43	35	37	36	32	37	27	38	22	38	18	37	15	35	13	32	12	28	12	24	13	21	15	18	18	15	22	13	26	12	31	12	37	13	44	15	52	17	60	19	67	20	73	21	78	21	82	20	85	18	87	15	88	11	88	8	87	5	85	2	82	-1	78	-3	73	-4	69	-4	65	-3	62	-1	59	2	57	6	55	10	54	15	52	20	50	26	47	32	43	39	39	45	34	50	29	54	23	58	18	61	14	63	11	64	9	64	8	64	8	64	9	64	11	64	14	63	18	62	23	62	29	63	36	63	43	63	50	63	56	64	61	66	65	67	68	69	70	72	71	76	71	80	70	83	68	85	67	86	67	86	
6:
96	27.929	69	89	68	88	66	87	63	86	59	86	54	86	48	85	42	83	36	82	31	81	27	81	24	80	22	78	21	76	21	73	22	69	24	64	27	58	31	52	35	47	38	43	40	39	41	35	41	30	40	24	38	18	35	13	31	9	26	5	20	2	15	0	11	-2	8	-3	6	-3	5	-2	5	0	6	2	8	5	10	9	12	13	14	18	15	22	15	25	14	29	12	32	9	35	7	38	5	40	3	41	2	41	2	40	3	39	5	37	8	36	12	35	17	35	23	34	30	33	38	31	46	29	54	26	61	24	67	21	72	18	76	16	80	15	83	15	86	16	88	18	89	21	90	25	90	30	89	36	87	42	84	47	80	51	75	54	69	56	63	57	58	57	54	56	51	54	49	53	47	53	46	54	46	56	46	59	47	63	49	68	52	74	55	79	59	83	63	86	66	88	68	89	69	89	69	89	
7:
69	16.524	40	57	40	56	39	54	38	51	37	49	36	48	35	48	35	49	34	51	33	54	33	58	32	62	30	67	27	71	23	74	20	76	18	77	17	78	17	80	18	82	20	84	22	85	25	85	29	84	33	82	37	79	41	75	46	70	52	65	59	60	66	56	72	52	77	49	81	46	84	44	86	43	87	41	87	39	86	37	84	35	81	33	77	31	72	28	66	26	59	23	51	19	43	15	36	12	30	10	25	9	21	9	17	10	14	12	12	14	10	17	9	21	9	25	10	28	12	32	15	36	18	40	22	44	26	47	29	51	31	54	34	56	37	57	39	57	40	57	40	57	
8:
89	224.66	31	1	32	0	34	0	37	1	41	3	45	6	50	9	56	13	62	16	68	18	74	19	79	19	83	18	86	16	88	13	89	9	89	5	88	2	86	0	83	-2	80	-3	77	-3	75	-3	74	-2	74	0	75	3	77	7	79	11	82	15	85	20	87	26	88	33	89	41	89	48	89	54	89	59	89	63	88	66	86	68	83	69	79	69	75	68	72	66	69	63	66	59	64	55	63	50	62	44	62	38	61	32	59	27	56	23	53	20	50	18	46	16	41	15	35	15	30	16	26	18	23	21	21	25	20	30	19	36	19	43	18	50	17	56	16	61	14	65	12	68	10	70	7	71	3	71	-1	70	-4	68	-6	65	-7	61	-7	56	-6	50	-4	43	-1	35	3	28	7	22	12	16	17	11	21	7	25	4	28	2	30	1	31	1	31	1	
9:
82	26.215	63	2	62	3	62	5	61	8	60	12	59	17	59	23	60	30	60	38	59	45	57	51	54	56	50	60	45	63	39	65	33	67	26	68	20	68	15	67	11	65	8	62	6	58	5	53	5	47	6	40	8	32	11	25	15	19	20	14	25	10	29	6	33	3	36	1	38	0	39	0	39	1	38	3	36	6	33	10	29	15	25	20	22	26	20	33	18	41	17	48	17	54	18	60	20	66	23	71	27	75	31	78	34	80	37	81	41	81	46	80	52	79	58	77	64	75	69	74	73	74	76	75	78	76	79	78	79	79	78	79	78	78	78	76	79	73	79	69	78	64	76	59	73	53	69	46	66	38	64	30	63	23	63	17	64	12	65	8	65	5	64	3	63	2	63	2	
10:
92	311.573	54	10	53	9	51	7	48	4	44	0	39	-3	33	-5	27	-6	22	-6	18	-5	15	-4	13	-2	12	1	12	4	13	8	15	13	18	19	21	26	23	34	24	42	24	49	23	55	21	61	18	66	14	70	10	73	6	75	3	76	1	76	0	75	0	73	1	70	3	66	5	61	8	55	10	49	12	44	15	40	19	37	24	35	30	34	35	34	39	35	42	37	44	40	45	44	45	48	45	52	46	55	48	57	51	58	54	58	58	57	61	55	65	53	68	52	70	52	71	53	72	55	74	56	77	56	79	55	80	53	80	50	81	46	81	41	80	35	78	29	76	24	73	20	71	17	70	15	70	12	71	9	73	7	76	6	80	6	83	6	85	5	86	4	86	2	85	1	83	1	81	2	78	3	74	5	69	8	64	10	60	11	57	11	55	11	54	10	54	10	
11:
90	52.076	58	50	58	49	57	47	57	44	57	40	58	35	60	29	63	23	66	17	70	12	74	8	79	5	83	3	86	2	88	2	90	3	91	5	91	7	90	10	88	14	85	19	81	25	77	32	74	40	71	48	68	55	64	61	59	66	54	70	49	73	44	75	39	76	34	76	30	76	27	75	24	73	22	70	21	66	21	61	21	55	21	48	22	41	22	35	23	30	23	26	22	23	20	21	17	20	13	20	8	21	3	23	-1	26	-4	30	-6	35	-7	41	-7	48	-6	56	-4	63	-1	69	2	74	4	78	6	81	8	84	11	86	15	87	19	87	24	86	30	85	37	85	45	86	52	87	60	87	67	86	73	84	78	82	82	81	85	80	87	78	88	75	88	71	87	67	85	64	82	62	78	60	73	59	68	58	64	56	61	53	59	51	58	50	58	50	
12:
92	165.739	62	76	61	77	59	79	57	82	55	85	54	87	54	88	55	88	57	87	60	85	64	82	67	78	71	75	76	72	82	68	87	63	93	57	98	50	102	42	105	34	107	26	108	19	108	13	107	8	106	4	105	1	103	-1	100	-2	96	-2	91	-1	85	1	80	4	75	7	71	9	68	10	66	10	65	9	65	7	65	4	64	1	62	-1	59	-2	55	-3	50	-3	44	-2	37	0	31	3	25	7	20	12	16	18	13	25	11	32	10	38	10	43	10	47	10	50	11	52	11	53	10	54	8	54	6	53	3	51	0	48	-2	44	-3	39	-3	33	-3	26	-2	20	0	14	2	9	4	5	7	2	11	0	16	-1	22	-1	27	0	31	2	34	5	36	9	39	14	42	20	45	27	47	35	48	43	48	50	49	56	51	61	54	66	57	70	59	73	61	75	62	76	62	76	
13:
82	90.393	66	8	65	9	63	11	61	14	59	18	58	23	58	29	59	36	60	43	60	50	60	56	59	61	57	65	54	68	50	70	45	71	40	71	36	70	32	69	29	67	27	64	26	60	26	55	27	49	28	42	29	35	29	29	28	23	26	17	23	12	19	8	16	5	14	3	13	2	13	1	14	1	15	2	17	4	20	7	22	11	23	16	23	22	22	28	20	33	17	37	13	40	9	43	6	47	4	52	3	57	3	63	4	68	6	72	9	75	13	78	18	82	24	86	30	89	37	91	45	92	53	92	60	91	67	89	73	86	78	82	82	77	85	71	87	64	88	57	89	49	89	42	88	36	86	31	85	26	84	21	82	17	79	14	76	11	72	9	69	8	67	8	66	8	66	8	
14:
92	117.045	10	39	11	40	13	41	16	42	20	42	24	41	28	39	31	36	33	34	35	32	36	29	36	27	35	26	33	24	30	23	26	22	21	22	15	22	10	23	6	25	3	28	1	32	0	37	0	43	1	50	3	57	6	63	10	70	14	76	19	81	23	85	26	88	30	90	34	91	39	91	43	90	46	88	48	85	49	81	50	76	50	70	51	63	53	57	56	52	60	47	65	43	70	39	75	34	79	28	82	21	84	15	85	10	85	6	85	3	86	1	88	0	90	0	92	1	93	3	93	6	92	10	90	15	87	21	83	27	78	34	74	41	71	49	69	56	68	62	68	67	69	71	71	74	74	77	76	79	77	81	77	83	76	84	74	85	71	85	67	84	62	82	56	79	49	75	42	70	36	64	31	58	25	53	20	49	16	45	13	42	11	40	10	39	10	39	
15:
66	5.967	34	59	35	60	37	60	40	59	44	58	49	56	54	54	59	51	63	47	68	44	73	41	77	38	80	36	82	34	83	31	83	27	82	22	81	18	79	15	76	13	72	12	67	12	61	11	54	9	48	6	43	3	39	1	36	0	33	0	31	1	30	3	30	6	31	10	33	15	36	21	39	28	42	34	44	40	46	47	48	54	51	60	54	65	57	70	59	74	60	78	60	81	59	83	57	85	54	86	50	86	45	87	39	87	33	87	28	87	24	86	21	84	19	81	18	77	18	72	19	68	21	65	24	63	28	62	31	61	33	60	34	59	34	59	
16:
87	209.861	81	11	80	10	78	10	75	11	71	11	66	10	60	8	53	5	45	3	37	2	29	2	22	2	16	1	11	0	7	0	4	0	2	0	1	1	1	3	2	5	4	8	7	10	11	12	16	14	22	15	29	15	36	14	43	13	50	13	56	14	61	16	65	18	68	21	71	25	73	30	74	36	74	41	73	46	71	50	68	53	64	55	59	56	55	56	51	55	47	53	42	50	38	48	35	46	33	45	32	45	32	46	33	48	35	51	38	54	40	56	41	58	41	61	40	65	39	69	39	74	40	79	41	83	41	86	42	88	43	89	43	89	43	88	43	86	44	83	46	80	47	76	49	71	52	67	56	64	61	62	65	59	68	55	70	50	73	44	76	37	79	31	81	26	82	21	82	17	81	14	81	12	81	11	81	11	
17:
86	58.608	21	57	22	58	24	58	27	57	31	55	36	53	42	52	48	50	54	48	60	47	66	47	73	48	79	48	84	47	88	45	91	42	93	38	94	33	94	27	93	21	91	16	89	12	88	9	86	7	84	6	82	6	81	7	79	9	78	12	78	16	78	21	78	27	77	34	75	42	72	50	69	58	66	65	63	71	59	77	54	82	50	86	45	89	41	91	38	92	36	92	35	91	35	89	36	86	38	82	41	77	44	73	46	68	47	62	47	55	46	48	44	41	41	35	37	30	33	26	28	22	22	19	17	17	13	16	10	16	8	15	7	13	7	12	8	11	10	11	13	11	15	11	17	12	18	14	18	15	17	17	15	19	12	22	10	26	9	31	9	37	10	42	12	47	15	51	18	54	20	56	21	57	21	57	
18:
92	134.483	43	23	42	24	40	26	37	29	34	33	32	38	31	44	31	50	32	55	34	59	37	63	41	66	46	68	52	69	58	69	63	70	67	72	70	75	72	78	73	82	73	85	73	87	73	88	74	88	76	87	77	85	77	82	77	78	78	73	80	67	83	61	86	55	88	48	89	40	91	32	92	24	93	17	93	11	92	6	90	2	87	-1	83	-3	78	-4	72	-4	65	-3	59	-1	54	2	50	6	47	11	44	15	40	18	36	20	32	21	29	21	27	20	26	18	25	15	23	11	20	8	16	5	11	3	7	2	4	2	2	3	1	5	1	8	2	11	4	14	7	17	11	21	16	25	22	29	27	34	32	40	36	45	39	49	41	52	42	54	43	55	43	55	43	54	44	52	44	49	44	45	44	41	45	36	46	32	47	29	47	26	46	24	44	23	43	23	43	23	
19:
84	24.293	43	72	42	73	40	75	37	78	34	82	30	85	27	87	25	88	23	88	22	87	22	85	23	82	25	78	26	73	28	67	29	60	30	52	30	43	30	34	30	26	30	19	30	13	30	8	29	4	28	1	26	-1	23	-2	19	-3	14	-3	10	-2	6	0	3	3	1	7	0	12	0	18	1	23	3	28	6	32	9	35	13	37	18	38	23	38	29	38	36	38	44	37	51	35	57	32	62	28	66	25	69	22	71	20	72	19	72	19	71	20	69	22	67	25	66	29	66	34	65	40	63	45	60	51	58	56	57	62	57	67	58	72	60	77	63	81	67	85	71	88	74	90	76	91	77	91	77	90	76	89	74	87	71	86	67	86	63	85	58	83	53	81	49	78	46	75	44	73	43	72	43	72	
20:
80	20.313	58	46	59	45	61	43	64	41	68	39	71	38	73	37	74	36	75	34	75	33	74	33	72	32	69	30	66	27	64	23	61	19	59	16	56	14	52	13	47	13	42	13	37	14	33	16	29	19	25	23	22	28	19	34	15	41	10	47	6	52	3	56	1	59	0	61	0	62	1	62	3	61	6	59	10	58	15	58	20	59	26	61	31	64	36	68	40	72	43	75	45	78	46	80	48	81	50	81	52	80	53	78	53	75	52	72	52	68	53	65	55	63	58	62	61	62	65	63	70	65	75	68	79	71	82	73	84	74	85	74	85	73	84	71	82	68	79	65	77	61	76	57	76	52	75	48	73	45	71	43	68	42	64	42	61	43	59	45	58	46	58	46	
21:
91	129.678	67	65	66	64	64	64	61	65	57	66	52	67	46	68	39	68	31	67	24	66	18	65	13	63	9	60	6	58	4	55	3	51	3	46	4	42	6	39	9	37	12	35	16	34	21	34	27	34	34	33	40	31	45	28	49	24	52	19	54	14	56	10	59	6	63	3	67	1	72	0	76	0	79	1	81	3	82	6	82	10	81	14	79	17	76	20	72	22	67	23	61	23	54	22	46	20	37	17	29	13	22	10	16	8	11	7	7	6	4	6	2	7	1	9	1	12	2	16	4	20	7	24	11	28	15	32	18	37	20	43	22	50	23	58	23	65	22	71	22	76	23	80	24	83	26	86	29	88	33	89	37	89	42	88	48	87	55	86	61	86	66	85	70	84	73	83	75	81	76	78	76	75	75	72	73	69	70	67	68	66	67	65	67	65	
22:
84	88.311	27	80	26	79	24	77	21	74	18	70	15	66	13	62	12	57	12	52	11	48	9	45	8	43	7	42	7	41	8	41	10	42	11	44	13	47	16	51	20	54	24	56	29	57	34	57	38	56	41	54	43	51	45	49	47	48	48	48	48	49	49	51	50	54	52	58	55	62	59	67	64	71	69	74	73	77	76	79	80	80	83	80	85	79	87	77	88	74	90	70	93	65	95	59	96	52	96	44	95	36	93	28	90	21	86	15	81	10	75	6	69	3	64	1	59	0	55	0	52	1	50	3	49	6	49	10	50	15	52	20	55	25	58	31	60	38	61	46	61	53	60	59	58	64	55	68	51	71	47	73	43	74	40	76	38	79	37	81	35	82	32	82	30	82	28	81	27	80	27	80	
23:
91	33.189	38	62	37	61	37	59	38	56	40	52	43	49	47	47	52	44	58	42	63	39	67	35	70	30	72	26	73	21	73	17	72	13	70	10	67	7	63	5	60	4	58	4	56	5	55	7	55	10	55	14	55	19	55	25	55	32	54	40	52	48	49	55	46	61	44	66	43	70	41	73	38	75	34	76	29	76	23	75	18	74	14	74	11	75	8	77	6	78	5	78	5	77	6	75	8	72	11	68	14	63	17	57	19	50	20	43	20	37	19	31	17	26	14	22	10	18	7	15	5	13	3	12	2	12	2	12	3	13	5	14	8	16	12	17	17	19	23	22	30	25	38	28	45	30	51	33	56	36	60	38	63	40	66	43	68	46	69	50	69	53	68	55	66	56	63	58	59	59	56	61	52	62	48	62	44	63	41	63	39	63	38	62	38	62	
24:
85	207.894	26	38	27	37	29	37	32	38	36	39	40	41	44	44	47	48	49	53	52	59	56	64	60	68	64	71	68	73	71	75	73	76	74	76	74	75	73	73	71	70	69	66	67	61	66	56	66	52	67	49	69	47	72	46	76	44	80	41	84	39	87	38	89	38	90	39	90	39	89	39	87	38	84	36	80	35	75	35	69	36	62	37	56	38	51	38	47	38	44	37	42	35	39	32	35	28	30	23	24	19	19	16	15	14	11	13	8	13	6	14	5	16	5	19	6	23	7	28	8	34	8	41	8	47	9	54	9	61	10	67	12	72	14	76	17	79	19	81	20	82	21	82	21	81	20	79	18	76	15	73	13	69	12	64	12	59	13	53	15	48	17	44	20	41	23	39	25	38	26	38	26	38	
25:
100	391.543	0	1	1	0	3	-1	6	-2	10	-2	15	-1	21	1	27	4	32	7	36	11	39	16	41	22	42	29	42	35	41	40	39	44	36	47	32	49	27	50	23	50	20	49	18	47	16	44	15	42	15	41	16	41	18	42	21	43	25	45	30	48	36	52	43	55	50	59	57	64	63	68	68	71	73	73	77	74	80	76	82	79	83	83	83	86	82	88	80	89	77	89	73	88	68	86	62	83	55	79	48	76	42	74	37	73	33	72	30	70	28	69	27	68	27	68	28	68	30	67	32	65	35	62	39	58	44	53	49	47	55	40	61	34	67	29	73	25	78	22	82	20	85	19	87	18	88	16	88	13	87	9	85	5	82	2	78	0	74	-1	69	-1	65	0	62	2	60	5	59	9	58	13	56	16	53	19	49	22	44	24	38	25	32	25	27	24	23	22	19	19	15	15	10	11	6	7	3	4	1	2	0	1	0	1	
26:
91	133.727	71	76	70	77	68	77	65	78	61	78	56	78	50	77	45	76	40	74	36	71	33	68	31	65	30	61	30	56	31	50	33	44	36	39	38	35	39	32	39	30	38	29	36	29	33	29	30	30	26	32	22	35	18	39	15	44	13	50	12	57	12	63	13	68	15	73	17	77	18	80	18	82	17	83	15	83	12	82	10	80	8	77	7	74	7	70	7	66	8	62	10	59	11	55	12	50	12	44	11	37	11	31	12	26	14	22	17	18	21	14	25	11	30	9	36	8	41	8	46	9	51	11	57	14	62	16	66	17	69	17	71	16	72	14	72	11	72	8	73	6	75	5	77	5	80	6	82	8	83	11	83	15	82	20	81	26	81	33	82	41	83	48	84	54	84	59	84	63	83	66	81	68	78	69	75	71	73	73	72	75	71	76	71	76	
27:
89	91.363	3	40	3	39	3	37	4	34	6	30	9	25	13	21	18	16	24	12	31	8	39	5	48	3	56	2	63	2	69	3	74	5	78	8	81	12	83	17	85	23	87	30	90	38	92	45	93	53	93	61	92	68	90	74	87	79	83	83	78	86	74	88	70	89	67	89	65	88	64	86	63	84	63	82	62	81	60	81	58	81	57	80	57	78	58	75	58	71	59	66	61	60	64	53	68	45	71	38	73	32	74	27	74	23	73	20	71	18	68	17	64	17	59	18	53	19	46	21	40	23	34	26	29	28	25	29	22	31	19	34	17	36	16	38	16	41	17	45	19	50	22	56	24	61	25	66	25	70	24	73	22	75	19	76	15	76	12	75	9	73	7	70	6	66	6	61	7	55	7	50	7	46	6	43	4	41	3	40	3	40	
28:
79	31.081	10	49	11	50	12	52	14	55	17	59	20	62	24	64	29	66	35	67	42	67	50	66	58	66	65	65	71	65	76	66	80	68	83	70	85	73	86	77	86	82	85	88	83	93	80	97	76	100	71	102	65	104	58	105	50	105	41	104	33	102	26	99	20	95	15	90	11	84	8	77	6	69	5	61	5	54	6	46	8	38	9	31	9	25	10	20	10	16	10	13	10	11	10	9	10	8	11	8	13	9	15	11	18	13	21	16	25	18	29	19	34	19	40	18	45	16	49	13	52	11	54	10	57	10	59	11	60	13	60	16	59	20	57	24	54	27	50	31	46	36	41	40	35	43	29	46	24	48	20	49	16	49	13	48	11	48	10	49	10	49	
29:
86	90.81	40	66	40	65	39	63	39	60	40	56	42	51	44	45	47	39	51	34	54	30	56	26	57	23	57	20	56	17	54	15	51	14	48	14	46	15	44	17	43	20	43	24	44	28	45	31	45	33	44	34	42	34	39	33	35	31	30	29	25	28	21	28	18	29	16	31	13	34	9	38	4	43	0	49	-3	56	-5	62	-6	67	-6	71	-5	74	-3	76	0	77	3	77	5	76	8	74	12	71	16	67	21	63	27	60	33	57	40	55	46	54	52	54	59	53	65	51	70	48	75	44	79	39	82	35	84	31	85	27	85	24	84	22	82	21	81	21	80	22	80	24	81	27	82	31	82	36	81	42	81	48	80	53	78	57	75	60	71	62	66	63	61	63	55	63	50	64	46	66	43	67	41	67	40	66	40	66	
30:
84	22.086	22	28	23	27	25	25	28	22	32	19	37	17	42	16	48	16	54	15	59	14	64	14	68	15	71	17	73	19	74	22	74	26	73	29	71	31	68	32	64	32	59	33	53	33	46	33	38	32	30	32	23	32	17	32	12	33	8	35	5	38	3	40	2	43	2	47	3	51	5	55	8	58	12	60	17	62	23	63	29	63	35	63	40	64	44	66	47	69	49	72	50	75	50	79	50	82	51	84	53	85	56	85	59	84	63	82	68	79	73	75	77	70	80	64	82	57	83	50	83	43	82	37	80	31	79	26	77	20	74	15	70	11	65	7	59	4	52	2	45	1	38	1	32	1	27	2	23	4	19	6	16	9	14	11	13	13	13	16	14	20	16	23	19	25	21	27	22	28	22	28	
31:
85	39.576	20	38	19	39	17	41	14	44	11	48	9	52	8	57	8	61	9	64	11	66	14	67	18	67	23	66	29	65	35	63	40	60	44	56	47	51	49	45	50	38	50	31	50	24	49	18	48	13	48	9	48	6	47	4	45	3	42	3	38	4	34	6	30	8	26	9	21	10	17	11	13	11	10	10	8	10	7	9	7	7	8	6	10	6	13	7	17	8	22	10	28	13	34	15	41	17	49	20	57	24	65	28	72	33	78	38	83	44	87	51	90	57	92	63	93	68	93	73	92	77	90	80	87	82	83	83	78	83	74	82	71	80	69	77	68	73	68	68	67	64	65	61	62	59	58	58	53	58	47	58	42	58	36	58	31	57	27	55	24	52	22	48	21	44	21	41	20	39	20	38	20	38	
32:
83	247.639	75	38	75	37	74	35	73	32	71	30	68	27	64	25	59	24	53	24	46	25	38	27	31	30	25	34	20	38	16	43	13	48	11	52	9	55	8	57	8	58	9	58	10	57	11	55	13	52	14	48	14	43	14	37	14	31	14	25	15	19	17	14	20	10	24	7	29	5	33	4	36	3	38	3	39	4	41	6	42	9	43	13	43	18	44	24	44	31	44	38	44	44	45	49	47	53	48	56	48	58	47	59	45	59	42	60	39	62	37	65	36	68	36	72	37	76	38	79	40	81	43	83	45	84	48	84	51	83	55	81	59	78	64	76	70	74	75	73	79	73	82	74	84	74	85	73	85	71	85	68	84	64	83	59	81	53	79	48	77	44	76	41	76	39	75	38	75	38	
33:
75	60.705	79	3	78	2	76	2	73	2	69	3	64	5	58	8	51	11	43	15	36	20	30	26	25	31	21	35	17	38	14	40	12	41	11	41	11	40	11	38	12	35	12	31	13	26	15	22	17	18	20	15	24	13	29	12	34	11	39	11	43	12	46	14	50	16	53	19	55	23	57	28	58	34	58	41	57	48	55	54	52	59	48	63	43	66	37	68	31	69	26	70	22	70	19	70	17	69	15	67	14	64	14	61	15	59	17	57	20	56	24	56	29	57	35	59	41	61	48	62	54	62	59	61	63	59	66	56	68	52	69	47	69	41	69	35	70	30	70	24	70	18	71	13	73	9	76	6	78	4	79	3	79	3	
34:
87	331.105	79	5	78	6	76	8	73	10	69	12	64	15	59	19	54	24	48	30	43	37	38	45	34	53	31	60	27	66	24	71	22	75	20	78	17	80	13	81	8	81	3	80	-1	78	-4	75	-6	71	-7	66	-7	60	-6	53	-4	45	-1	38	3	32	7	27	10	23	12	20	13	18	13	17	12	17	11	18	10	20	9	23	9	26	10	30	12	34	15	37	19	39	24	41	30	43	36	45	42	47	49	50	55	54	62	58	68	61	73	63	78	65	82	66	85	66	87	65	88	63	88	60	87	58	85	57	82	55	78	53	73	51	67	49	61	47	55	44	49	40	44	36	40	32	37	29	35	25	34	21	34	17	35	14	37	12	40	11	43	10	47	10	52	11	58	11	64	10	69	8	73	6	76	5	78	5	79	5	79	5	
35:
88	139.169	43	78	42	77	40	75	37	72	34	69	31	65	29	61	28	58	28	56	29	55	31	55	34	55	38	54	42	52	45	49	47	45	48	40	48	36	47	33	46	30	44	28	41	27	37	26	32	26	27	27	23	27	20	26	18	24	17	21	17	17	18	12	20	8	23	5	27	3	32	1	38	0	43	0	47	1	51	3	54	6	56	10	57	15	57	21	56	28	56	36	57	45	57	55	58	64	60	72	63	79	67	85	72	90	78	94	83	97	87	99	90	100	92	100	93	99	93	97	92	94	91	91	89	87	86	83	82	80	77	78	71	77	65	77	58	78	50	79	43	80	37	82	31	83	26	85	22	87	19	88	17	88	16	87	16	87	17	87	19	87	22	86	26	84	29	81	33	79	37	78	40	78	42	78	43	78	43	78	
36:
79	35.446	28	26	29	27	31	29	34	30	38	30	43	30	49	29	54	28	58	26	61	23	63	19	64	14	64	9	63	4	61	0	58	-3	54	-5	49	-6	43	-6	36	-5	28	-3	21	0	15	4	10	7	6	9	3	11	1	14	0	18	0	23	1	29	3	35	6	41	10	47	15	52	21	56	28	59	35	61	42	62	49	63	55	65	62	67	68	68	73	69	77	71	80	73	82	76	83	79	83	82	82	84	80	85	77	85	73	84	70	82	68	79	67	75	67	70	67	65	68	59	70	54	73	50	77	45	80	39	82	33	83	28	83	24	82	21	80	19	77	18	73	18	68	18	62	19	55	19	49	18	43	18	38	19	34	21	31	23	29	25	28	26	28	26	
37:
89	293.996	50	3	49	2	47	1	44	1	40	2	35	4	29	6	23	9	18	13	14	18	11	22	9	25	8	27	6	28	5	29	5	29	6	28	8	26	10	25	13	25	17	26	22	28	28	31	34	34	39	38	43	43	46	48	48	54	49	61	49	67	48	73	46	78	43	82	39	85	34	87	28	88	23	88	19	87	15	85	12	82	10	78	7	73	5	68	4	64	4	61	5	59	7	58	10	58	14	59	18	61	22	64	25	67	27	70	29	72	30	73	30	73	31	72	33	70	36	67	40	63	45	60	50	56	56	52	62	49	67	47	71	45	74	44	76	43	77	41	77	38	76	35	76	31	77	26	79	22	80	17	82	12	83	8	83	5	82	3	80	2	77	2	73	3	68	4	63	4	59	3	56	2	53	2	51	2	50	3	50	3	
38:
96	82.693	60	31	59	32	57	34	54	37	51	41	49	46	48	52	48	58	49	64	51	69	54	73	58	76	62	78	66	79	69	79	71	78	72	76	72	75	71	74	69	74	66	75	62	77	57	79	51	80	44	80	37	79	29	77	22	75	16	73	11	72	7	70	4	67	2	64	1	61	1	59	2	58	4	58	7	59	10	61	14	62	19	62	24	61	28	59	31	56	33	52	35	47	37	42	40	36	44	31	49	26	54	21	58	17	61	14	63	12	64	11	64	9	63	7	61	5	58	3	54	1	49	-1	44	-3	38	-5	31	-7	25	-8	20	-8	16	-7	13	-5	11	-3	10	0	10	4	11	9	12	13	13	16	13	19	12	22	10	24	7	25	5	25	4	24	4	23	5	22	7	20	10	17	14	15	19	14	25	14	31	15	37	17	43	20	48	23	52	26	55	28	57	30	59	31	60	31	60	31	
39:
78	35.757	24	35	23	36	21	38	20	41	20	45	21	49	23	52	26	54	30	55	35	56	41	57	47	59	52	61	56	62	59	62	62	61	64	59	65	56	65	52	65	47	66	43	68	40	70	38	73	37	76	37	78	36	79	34	79	31	79	28	80	26	81	25	83	25	85	26	86	28	86	31	86	35	86	40	85	46	85	53	84	60	83	67	81	73	78	78	74	82	69	85	63	87	56	88	48	88	41	87	35	86	30	86	26	86	23	85	21	84	20	82	20	79	21	75	21	70	20	65	20	59	19	53	17	47	14	40	10	34	7	29	5	25	4	22	4	20	5	19	7	19	10	20	14	21	18	23	21	26	23	29	24	32	24	34	24	35	24	35	
40:
92	507.999	54	2	53	1	51	0	48	-2	44	-3	39	-3	35	-2	30	-1	26	1	23	4	21	7	20	11	20	16	21	21	21	25	20	28	18	30	15	32	11	34	8	37	6	41	5	46	5	50	6	53	7	56	9	58	12	59	16	60	21	60	27	59	33	57	40	54	47	51	55	49	62	48	68	48	74	49	79	51	83	54	86	57	88	61	89	66	89	71	88	76	86	80	83	83	79	87	74	90	68	92	61	93	53	93	45	93	37	92	29	90	22	87	16	84	11	81	6	77	2	72	-1	66	-3	59	-4	52	-4	46	-3	41	-1	37	2	34	6	31	11	29	17	28	24	27	32	26	41	25	49	24	56	24	63	25	69	26	74	26	78	25	81	23	83	20	84	17	84	14	83	12	81	11	78	11	74	11	69	11	64	10	60	8	57	5	55	3	54	2	54	2	
41:
76	35.752	77	86	76	85	74	84	71	83	67	83	62	84	57	86	52	88	48	90	43	91	39	91	35	90	32	88	30	85	29	81	28	76	26	70	23	63	20	55	17	47	15	39	14	32	14	26	14	21	14	17	15	14	15	12	16	11	18	11	21	12	25	14	30	16	35	19	41	23	46	26	50	28	54	29	57	29	61	28	65	26	68	23	72	21	76	20	80	19	83	17	85	14	86	10	86	6	85	3	83	1	80	0	76	0	72	1	69	3	67	6	66	10	65	15	64	21	62	28	59	35	56	41	53	46	51	50	50	53	50	55	51	57	53	59	56	62	59	66	63	71	67	76	70	80	73	83	75	85	76	86	77	86	77	86	
42:
81	72.801	30	80	31	81	33	83	36	85	40	86	44	87	48	87	51	86	53	84	54	82	54	79	53	75	53	70	54	66	54	61	53	55	51	48	48	40	44	33	39	27	33	22	27	17	21	13	16	10	11	8	7	6	4	5	2	5	1	6	1	8	2	11	4	14	7	18	11	23	15	27	18	32	20	38	22	44	24	51	27	57	31	62	35	66	40	69	46	71	53	72	60	72	66	71	71	69	75	66	78	62	80	59	81	57	81	56	80	56	78	57	75	59	71	62	66	66	62	69	57	72	52	74	46	75	39	75	32	74	26	74	21	75	16	76	12	78	9	79	7	80	6	80	6	81	7	82	9	83	12	83	16	82	20	81	24	80	27	79	29	79	30	80	30	80	
43:
82	13.868	9	36	8	35	8	33	9	30	11	26	14	22	18	19	23	17	29	16	36	16	42	17	47	19	51	20	56	20	60	19	63	17	65	14	66	10	68	7	70	5	73	3	77	2	80	2	82	3	83	5	83	8	83	12	83	17	82	23	80	29	79	36	79	44	79	51	79	57	80	62	82	66	85	69	87	71	88	74	88	78	87	81	85	83	82	84	80	86	79	87	79	87	80	86	81	84	82	82	82	79	81	75	79	71	76	66	73	60	69	54	66	49	62	45	59	42	56	40	54	39	53	39	52	40	50	42	47	45	43	49	38	52	32	56	26	60	21	63	17	65	13	66	10	66	8	65	7	63	7	60	6	56	5	51	5	46	6	42	7	39	8	37	9	36	9	36	
44:
91	69.271	76	72	75	73	73	74	70	76	66	78	61	80	55	81	49	81	44	80	40	78	37	75	35	72	34	68	34	65	35	63	37	61	40	59	42	57	43	54	43	50	44	45	46	39	49	33	52	27	56	21	60	16	63	11	65	7	66	4	67	2	67	1	66	1	64	2	62	4	59	6	55	7	51	8	46	8	40	7	34	5	28	3	23	1	18	0	14	0	10	1	7	3	5	6	4	10	4	15	5	21	7	28	10	34	14	40	18	45	22	49	26	53	29	56	31	58	32	60	32	63	31	67	29	70	26	73	22	75	17	76	12	76	8	76	5	77	3	77	2	76	2	74	3	73	5	72	8	72	12	73	17	75	23	78	30	80	36	83	43	85	50	86	56	87	61	88	65	88	68	87	70	85	71	82	72	78	73	75	75	73	76	72	76	72	
45:
83	88.331	61	67	60	66	58	66	55	65	51	65	46	65	41	66	37	68	34	70	32	73	31	77	31	81	32	84	34	87	37	89	41	90	45	90	50	89	56	87	62	85	68	83	73	80	78	77	82	75	85	74	87	74	88	75	88	76	87	77	86	77	84	76	81	74	77	71	72	67	66	62	59	58	51	54	43	51	35	49	28	48	22	48	17	49	13	51	10	54	8	57	7	61	6	64	6	66	5	67	3	67	0	66	-2	64	-3	61	-3	57	-2	52	0	46	3	40	7	35	12	30	18	25	25	21	31	18	38	14	45	11	51	9	56	8	60	8	64	9	67	11	69	14	71	18	72	22	72	27	73	33	74	39	74	45	73	50	72	55	70	59	67	62	64	64	62	66	61	67	61	67	
46:
86	105.387	1	67	2	68	4	70	6	73	9	75	13	76	18	76	24	75	30	73	35	72	40	71	44	71	47	72	49	74	50	77	50	79	49	80	47	80	44	79	40	77	35	74	29	70	23	65	17	59	12	53	7	48	3	44	0	41	-2	39	-3	37	-3	36	-2	35	0	33	3	30	7	28	12	27	18	27	25	26	33	24	42	21	51	18	59	14	66	10	72	7	77	4	81	2	84	1	86	1	87	2	87	4	86	7	85	11	83	15	81	20	80	26	79	31	77	35	74	38	70	40	65	41	61	41	57	40	53	38	50	36	48	33	47	29	47	24	46	20	44	17	42	15	39	14	35	14	30	15	24	17	18	20	13	24	9	29	6	35	4	41	3	47	3	52	2	57	2	61	2	64	2	66	1	67	1	67	
47:
93	253.669	73	19	72	20	70	21	67	23	63	25	58	28	54	32	49	37	45	43	41	48	37	52	32	55	26	57	19	58	13	58	8	57	4	55	1	52	-1	48	-2	44	-2	39	-1	33	1	26	4	20	6	15	9	11	13	8	16	5	18	3	19	2	19	2	18	3	16	5	14	8	13	12	13	17	14	23	15	29	17	36	20	42	24	47	29	51	35	54	42	57	50	59	57	61	63	64	69	66	74	67	78	68	81	68	83	67	84	67	85	68	85	70	84	73	82	76	79	79	75	81	71	82	66	82	60	81	55	79	51	76	48	72	46	67	45	61	45	54	44	46	44	39	45	33	47	27	50	20	54	14	58	9	63	5	68	2	74	0	79	-1	83	-1	86	0	88	2	89	5	89	9	89	13	88	16	86	19	83	21	79	22	76	22	74	21	73	20	73	19	73	19	
48:
82	159.595	43	5	44	4	46	3	49	2	52	1	56	1	61	1	67	2	72	3	76	4	79	6	81	9	82	12	82	15	81	19	79	22	76	24	73	25	69	25	65	24	61	22	58	20	56	19	55	19	55	20	56	22	58	25	59	29	61	34	62	39	63	45	63	52	64	58	66	63	69	67	73	71	76	74	79	76	81	77	82	77	82	76	81	75	79	73	76	72	72	72	68	73	63	74	57	75	50	77	44	80	39	82	33	83	28	83	24	82	21	80	19	77	17	73	15	68	14	62	14	55	15	47	15	40	14	33	12	26	11	19	9	13	7	8	5	4	4	1	4	-1	5	-2	7	-2	10	-1	14	1	19	2	25	4	30	6	34	7	37	7	40	7	42	6	43	5	43	5	
49:
92	139.093	2	4	3	5	4	7	6	10	8	14	10	19	13	25	16	32	20	40	24	48	27	56	29	63	30	69	31	74	31	78	30	82	28	85	25	87	21	88	17	88	14	87	12	86	10	84	9	81	9	78	10	75	12	73	13	70	13	66	12	63	10	61	8	60	6	58	5	56	5	53	6	50	8	48	11	45	15	41	20	36	26	30	32	25	39	21	47	18	56	15	64	13	71	12	77	12	82	13	86	15	89	18	91	22	92	27	93	33	93	40	92	48	90	56	87	63	83	69	80	74	77	78	75	81	74	83	74	84	75	84	77	83	79	81	81	78	82	74	82	69	81	63	79	56	76	49	72	43	68	38	65	33	63	27	62	21	60	16	57	11	53	7	48	4	43	2	37	1	30	1	23	2	17	2	12	3	8	4	5	5	3	5	2	4	2	4	
50:
78	13.618	73	6	74	5	76	4	79	4	83	4	86	5	88	7	89	10	89	14	89	19	88	24	86	29	84	33	82	36	81	38	81	39	82	39	84	38	85	36	85	33	84	29	82	25	79	22	75	18	70	15	64	13	57	12	49	12	42	13	36	15	31	18	27	22	24	27	22	33	20	40	17	46	15	53	14	59	14	64	14	68	13	71	11	73	8	74	5	74	2	73	0	71	-2	68	-3	64	-3	59	-2	53	0	46	2	40	4	34	7	29	11	23	16	18	20	14	23	10	25	7	28	5	30	4	31	4	33	5	36	7	38	10	41	14	43	17	45	19	47	20	50	20	53	19	57	18	60	16	63	13	67	10	70	8	72	7	73	6	73	6	
51:
99	16.408	34	1	33	2	31	4	28	7	24	11	21	15	19	20	18	26	18	32	18	37	19	42	21	46	24	51	27	55	31	59	36	64	41	69	45	74	48	78	51	81	53	83	56	84	60	84	64	83	69	82	74	82	78	83	81	85	83	87	84	88	84	88	83	87	81	85	78	82	74	79	69	76	65	72	62	67	60	61	59	56	59	51	60	47	62	43	64	39	65	35	65	32	64	30	62	29	59	29	55	30	50	32	44	35	37	39	29	43	22	48	16	54	11	61	7	68	4	74	2	79	1	83	1	86	2	88	4	89	7	89	9	88	10	86	10	83	9	79	7	74	5	68	4	61	3	53	3	46	2	40	0	35	-1	31	-1	28	-1	26	0	25	2	25	5	26	9	28	14	29	20	29	26	30	31	30	36	29	40	27	43	24	45	20	46	15	46	10	45	6	43	3	40	1	37	0	35	0	34	1	34	1	
52:
79	299.071	69	59	70	58	72	56	75	53	77	49	78	44	78	38	78	31	79	25	79	20	78	16	76	13	73	11	69	10	64	10	58	10	51	10	44	10	36	11	29	13	22	14	16	14	11	14	7	14	4	15	2	16	1	16	1	16	2	17	4	18	7	20	11	23	16	25	21	27	27	30	34	34	40	37	45	40	49	43	52	45	54	46	55	46	55	46	54	46	52	47	49	47	45	46	41	46	38	47	36	49	35	52	35	55	36	57	38	58	41	60	45	63	50	67	55	71	59	76	62	80	64	84	65	87	65	89	64	90	62	90	59	89	55	87	52	84	50	81	49	77	49	72	50	67	52	63	55	60	59	58	63	57	66	57	68	58	69	59	69	59	
53:
90	7.384	56	26	57	27	58	29	58	32	57	35	55	39	52	44	48	49	43	53	37	56	30	58	23	61	17	63	12	64	8	64	5	63	3	62	2	60	2	57	3	53	5	48	8	42	12	35	17	29	23	23	30	18	36	14	41	11	45	9	48	8	50	7	51	7	51	6	50	5	48	4	45	4	41	5	36	7	30	10	25	14	20	19	16	25	13	32	11	38	10	43	10	48	11	52	13	55	16	57	20	58	25	58	31	59	37	61	44	63	52	66	60	69	67	73	73	77	78	80	82	82	85	83	87	83	88	82	88	80	87	77	85	73	82	68	78	64	73	60	69	57	66	54	64	51	63	47	63	43	64	38	66	33	68	29	70	26	71	24	71	23	70	23	68	24	65	25	61	25	58	24	56	23	55	23	55	24	56	25	56	26	56	26	
54:
91	520.005	28	47	28	46	27	44	26	41	24	38	21	34	18	29	15	25	13	22	12	20	12	19	13	19	15	20	18	21	22	23	26	26	29	30	31	35	33	41	34	48	34	55	35	62	37	68	40	73	44	77	49	80	55	83	62	85	69	86	75	86	80	85	84	83	87	80	89	77	90	73	90	68	89	62	87	55	84	47	82	40	81	34	81	29	82	25	83	21	83	17	82	14	80	12	77	11	74	11	72	12	71	14	71	17	72	21	73	26	74	32	74	39	73	46	71	53	69	61	67	68	64	74	60	79	55	83	50	86	44	88	39	89	35	89	32	88	30	86	29	83	28	79	27	75	25	72	22	69	18	67	13	65	9	64	6	64	4	65	3	66	3	67	4	67	6	66	9	64	13	62	18	60	22	57	25	53	27	50	28	48	28	47	28	47	
55:
86	11.768	35	9	36	10	38	12	41	15	45	19	48	24	50	29	51	34	51	40	50	46	48	51	46	55	43	58	39	60	36	63	34	65	33	67	33	70	34	72	36	73	39	73	43	72	46	70	48	67	50	63	53	58	57	52	60	47	62	43	64	40	67	38	70	37	72	37	75	38	78	40	80	43	81	47	82	52	84	58	86	64	87	70	89	75	91	79	92	83	92	86	91	88	89	89	86	89	82	88	77	86	71	83	64	79	58	76	53	74	49	73	46	73	42	74	38	76	34	79	30	81	25	82	19	82	13	81	8	79	4	76	1	72	-1	68	-2	63	-3	57	-3	50	-2	42	0	35	3	28	7	22	12	17	17	12	22	8	26	5	30	3	33	2	35	2	36	3	37	4	37	6	36	8	35	9	35	9	
56:
86	41.387	81	72	80	73	78	74	75	76	71	78	68	81	64	84	59	87	54	89	50	90	47	90	45	89	44	87	44	84	45	80	47	77	50	75	52	73	54	72	56	70	57	68	57	66	56	65	54	63	51	60	47	56	43	51	39	47	34	44	30	42	26	41	21	41	17	42	14	44	12	47	11	50	11	52	12	54	14	57	17	59	21	60	26	61	32	61	38	60	45	58	51	55	58	52	64	48	69	43	74	38	78	33	81	28	83	24	84	20	84	15	83	11	81	8	78	6	74	5	69	5	64	5	59	4	55	3	51	1	48	0	46	-1	45	-1	45	0	46	2	48	4	51	7	55	11	60	15	65	20	71	24	76	28	80	33	83	39	85	45	86	51	86	57	85	62	83	66	82	69	81	71	81	72	81	72	
57:
73	304.925	53	20	53	19	52	18	50	16	47	13	43	11	38	10	33	10	28	11	24	11	21	10	19	8	18	6	18	5	17	5	17	6	18	8	20	10	22	13	25	17	29	20	34	22	40	23	46	23	52	24	57	26	61	29	65	33	68	38	70	44	71	51	71	57	70	62	69	66	68	69	66	71	65	72	64	72	64	71	64	69	63	67	61	64	59	61	58	58	57	56	55	55	52	55	48	56	43	56	38	55	34	53	31	50	27	46	23	43	18	41	14	40	11	40	9	41	8	43	8	44	9	44	11	43	14	41	18	38	22	36	27	35	33	34	38	32	43	29	47	26	50	23	52	21	53	20	53	20	
58:
89	59.156	11	12	12	11	14	11	17	12	20	14	22	17	23	21	23	26	22	31	20	37	17	43	15	50	12	56	10	61	9	66	9	70	9	73	10	75	11	76	13	76	14	75	16	73	19	70	21	66	24	63	28	60	33	58	39	57	46	57	53	58	61	60	68	63	74	67	79	71	83	76	86	80	88	83	89	85	89	86	88	86	86	85	83	83	79	80	75	76	72	72	70	67	68	61	67	54	67	48	68	43	70	37	71	30	71	24	71	19	72	15	73	12	75	10	78	9	81	9	83	10	85	11	87	13	88	16	88	20	87	25	85	31	82	37	78	42	73	46	67	49	61	51	55	52	50	52	46	51	43	49	41	46	40	42	39	37	37	33	34	30	31	27	27	25	24	24	20	23	17	21	14	18	12	15	11	13	11	12	11	12	
59:
93	110.891	10	41	9	40	7	38	5	35	2	31	-1	26	-3	21	-4	17	-4	14	-3	12	-1	11	2	11	4	12	5	14	7	16	10	17	14	17	19	17	25	16	31	16	36	15	40	15	44	16	47	18	49	21	50	25	50	30	49	36	47	41	44	45	41	48	37	52	34	57	32	63	30	68	27	72	23	75	19	77	14	78	9	78	5	77	2	75	0	72	-1	68	-1	64	0	60	2	56	5	52	9	49	14	47	20	46	25	46	30	47	36	49	42	52	47	56	53	61	58	65	62	68	65	70	67	71	68	71	68	70	68	68	69	65	71	61	74	57	77	52	79	46	80	41	80	37	79	34	77	32	74	31	70	31	65	32	59	34	52	35	45	35	39	35	34	34	30	32	27	29	24	27	21	26	17	26	14	27	12	29	11	32	11	35	11	38	11	40	10	41	10	41	
60:
80	99.758	58	52	57	53	55	53	52	52	48	50	44	47	39	43	35	39	32	35	30	32	29	29	28	25	26	22	23	20	19	19	14	19	10	20	7	22	4	25	2	28	0	31	-1	33	-1	34	0	36	2	39	5	43	8	48	10	54	11	61	11	67	11	72	12	76	12	79	13	82	15	84	18	85	21	85	25	84	29	82	34	79	40	76	45	73	49	71	54	70	59	70	63	70	66	71	68	72	69	73	69	73	68	72	66	70	64	67	62	63	61	58	61	53	62	47	64	40	66	32	67	25	69	19	71	14	73	10	76	7	79	5	81	4	84	4	86	5	87	7	87	10	86	14	84	19	81	25	77	31	73	37	68	42	64	46	61	49	59	51	58	52	58	52	
61:
89	146.754	38	40	39	39	41	37	44	35	48	32	53	29	59	27	66	24	72	20	77	16	81	12	84	9	86	7	87	6	87	5	86	5	84	5	81	6	77	7	72	8	66	10	60	13	55	16	50	19	45	23	40	28	36	32	33	35	30	37	28	38	27	38	27	37	26	35	24	32	21	28	18	23	15	19	13	16	12	14	11	13	9	13	8	14	7	16	7	18	6	21	5	25	4	30	4	36	4	43	4	50	4	57	4	63	4	68	5	72	6	75	8	77	9	78	11	78	12	77	12	75	13	73	15	71	17	69	19	68	21	68	23	69	25	71	28	74	32	78	36	82	39	85	43	87	47	88	51	88	54	87	56	86	57	84	57	81	56	77	54	73	51	68	47	64	44	60	42	55	40	50	39	46	39	43	38	41	38	40	38	40	
62:
83	341.607	63	67	64	68	66	70	69	73	73	75	77	77	81	79	86	80	90	80	93	79	95	77	96	74	96	70	95	65	93	61	91	57	89	54	87	52	84	51	82	49	81	46	81	42	82	37	84	31	85	26	85	22	84	19	82	17	79	16	75	16	70	17	64	18	57	20	51	23	46	27	41	32	36	37	30	41	25	44	21	46	18	47	14	47	10	46	7	44	5	41	4	38	2	34	1	31	1	29	2	28	4	28	7	29	11	30	15	30	20	29	24	27	27	24	29	21	31	18	32	16	33	14	35	13	38	13	42	12	47	10	51	8	54	7	56	7	57	8	57	10	57	13	58	17	58	22	59	28	61	35	63	41	64	46	64	52	63	57	62	61	62	64	62	66	63	67	63	67	
63:
88	62.667	32	70	31	71	29	71	26	72	22	73	18	73	14	72	11	70	9	67	8	64	8	61	9	58	11	56	14	55	17	54	19	52	20	49	21	45	23	40	26	36	30	33	35	31	41	30	47	30	52	29	56	27	60	24	64	22	67	19	69	15	70	10	70	6	69	3	67	1	64	-1	60	-3	55	-4	49	-4	42	-3	35	-2	28	0	21	1	15	3	10	4	6	4	3	5	1	6	0	8	0	10	1	12	3	13	6	15	10	18	15	22	21	26	28	30	36	34	45	38	53	41	60	44	66	46	71	47	75	48	78	48	80	48	81	47	81	45	80	44	78	44	75	45	71	47	67	50	64	53	62	56	61	60	61	65	61	70	61	74	60	77	58	79	55	80	51	80	46	79	42	77	38	74	35	72	33	71	32	70	32	70	
64:
77	14.152	5	46	5	45	5	43	5	40	6	36	8	31	11	25	15	19	20	14	26	10	31	7	37	5	42	4	48	3	53	3	58	4	63	6	68	9	72	13	76	18	79	24	81	31	82	38	82	44	82	49	83	53	83	56	82	58	80	59	77	59	73	60	68	61	64	63	61	66	59	70	58	73	58	77	59	80	61	82	63	83	66	83	70	82	73	80	75	77	77	73	78	69	79	64	79	58	78	53	76	47	74	40	73	33	73	27	73	22	73	18	72	15	70	13	67	12	63	12	58	13	52	15	47	18	43	22	39	27	34	33	30	39	27	44	24	48	21	51	18	53	16	54	13	54	10	53	8	51	6	49	5	47	5	46	5	46	
65:
81	28.737	20	7	19	8	17	10	14	13	12	17	10	22	9	28	8	35	7	42	7	50	6	57	5	64	5	70	6	75	8	79	11	82	15	84	20	85	26	85	31	84	36	82	42	79	47	75	51	70	54	65	56	61	58	58	59	55	60	53	60	52	59	52	57	53	56	55	54	58	51	60	47	61	42	61	36	61	29	61	23	61	18	62	14	64	11	65	9	65	8	64	8	62	9	60	11	57	14	53	17	49	21	45	24	40	26	34	27	28	29	22	32	17	36	13	41	10	47	7	54	4	60	2	65	1	69	1	72	2	74	3	75	5	75	7	74	8	72	8	69	7	65	5	60	2	54	0	47	-1	41	-1	35	-1	30	0	26	2	23	4	21	6	20	7	20	7	
66:
86	224.788	8	82	9	81	11	80	14	78	17	75	20	71	24	66	29	60	35	55	42	49	48	43	53	36	57	28	60	21	62	15	63	10	63	5	62	0	60	-4	57	-7	53	-9	48	-10	42	-10	35	-9	29	-8	24	-6	20	-3	17	1	15	5	14	10	14	16	15	22	17	27	20	31	24	34	29	36	33	38	37	41	40	45	43	49	45	54	46	58	47	61	48	63	50	64	53	64	57	65	62	67	66	70	69	74	71	78	72	81	72	83	72	84	73	84	75	83	78	81	80	78	81	74	82	69	82	65	81	62	79	60	76	58	72	57	67	57	61	58	55	60	49	63	44	67	40	71	37	75	35	79	32	84	28	88	23	91	18	93	14	94	10	94	7	93	5	91	4	89	4	86	5	84	7	83	8	82	8	82	
67:
91	32.361	57	41	58	40	60	39	63	39	67	38	72	38	77	37	81	35	84	32	86	28	87	23	87	19	86	15	84	12	82	10	79	8	77	7	76	7	76	8	75	10	73	13	70	16	67	18	63	19	58	19	52	18	46	16	39	13	32	11	26	9	21	8	17	8	14	9	12	11	11	13	11	15	12	16	14	16	17	16	20	17	23	19	26	22	28	26	29	30	29	35	28	41	26	47	23	52	20	56	17	59	14	61	12	62	11	62	11	61	12	59	14	58	17	56	21	54	26	53	31	53	37	54	44	56	52	57	60	58	67	58	73	59	78	61	82	64	85	67	87	71	88	75	88	79	87	82	85	84	82	85	78	85	73	84	68	82	64	80	61	77	59	73	58	68	58	64	59	60	61	56	62	53	62	49	61	46	60	44	58	42	57	41	57	41	
68:
84	113.514	44	29	45	30	47	32	48	35	49	39	49	43	50	46	51	48	53	50	56	51	60	51	63	50	65	49	66	49	66	50	65	52	64	55	62	57	59	58	55	58	52	57	49	57	46	58	44	60	43	63	43	66	44	70	46	75	47	81	47	87	46	92	44	96	41	99	37	101	32	102	26	102	20	101	15	99	11	96	8	92	6	89	5	87	4	85	4	83	5	80	7	76	10	72	12	67	14	62	15	58	15	55	14	53	13	51	11	50	10	48	10	46	11	43	13	39	16	34	18	28	19	23	19	19	20	15	22	12	25	10	29	9	34	8	40	8	46	8	51	7	55	6	58	5	60	5	62	6	63	8	63	11	62	15	60	20	57	24	54	27	50	29	47	30	45	30	44	29	44	29	
69:
74	25.373	33	33	34	33	36	34	38	34	41	34	45	35	50	37	55	40	60	44	64	48	67	51	69	53	70	54	72	54	75	53	78	51	80	48	81	44	81	39	80	34	80	30	79	27	79	25	78	23	77	22	75	22	72	23	68	23	63	22	57	22	50	21	42	19	35	16	28	12	22	9	17	7	13	6	9	5	6	5	4	5	3	6	3	8	4	11	6	15	9	19	13	23	16	28	18	33	21	39	23	45	24	52	24	60	23	67	21	73	18	78	14	82	11	85	9	87	6	88	3	88	1	87	0	85	0	82	1	78	3	73	6	67	10	61	15	54	20	48	24	43	27	39	30	36	32	34	33	33	33	33	
70:
87	35.119	65	73	64	73	62	73	59	73	55	72	51	70	47	68	43	66	39	63	34	60	28	58	23	57	19	55	16	52	14	48	13	43	13	37	14	31	16	25	19	20	23	16	28	13	34	11	41	10	49	10	56	11	62	13	67	16	71	18	74	19	76	19	77	18	77	16	76	13	74	11	71	10	67	10	62	11	56	13	49	16	42	19	35	23	27	26	20	30	14	35	9	40	5	45	2	51	0	57	-1	62	-1	66	0	69	2	71	5	72	9	72	14	73	20	73	27	72	33	70	38	68	42	66	45	65	47	63	48	60	50	58	53	57	57	56	61	56	66	57	70	59	74	62	78	66	81	71	84	75	86	79	88	83	89	86	89	88	88	89	86	89	83	88	79	86	75	83	71	79	68	76	66	74	65	73	65	73	
71:
87	28.591	41	69	42	68	44	67	47	65	50	62	54	58	58	54	61	49	64	45	66	42	67	40	67	38	66	37	64	37	61	37	57	37	52	38	46	38	39	39	31	39	24	38	18	36	13	33	9	29	6	24	4	18	3	13	3	9	4	6	6	3	9	1	13	0	18	0	24	1	31	3	39	6	46	10	52	15	58	21	64	26	69	30	73	33	76	35	78	36	79	37	79	39	78	40	76	40	73	41	69	43	65	45	62	48	59	52	57	56	55	61	54	67	54	72	55	76	57	79	60	81	63	82	67	83	70	83	72	82	73	80	73	79	72	79	70	80	67	81	63	83	58	86	52	88	46	89	40	89	35	88	31	86	28	83	26	79	25	75	25	71	26	68	28	66	31	65	35	65	38	66	40	68	41	69	41	69	
72:
96	293.015	84	11	84	12	84	14	83	17	81	21	80	26	78	32	76	39	73	45	69	52	65	60	60	67	55	73	51	78	48	82	46	85	44	87	43	88	43	88	44	87	46	85	49	82	53	80	58	79	64	78	69	78	73	78	76	79	78	81	79	82	80	82	80	81	79	79	77	76	75	72	73	67	72	61	70	54	67	46	63	39	60	33	58	27	57	22	57	18	57	15	57	13	56	12	54	12	51	13	47	15	44	18	42	22	40	27	39	33	37	39	34	45	31	52	27	59	24	65	20	70	17	74	15	77	14	79	14	80	13	80	11	79	10	77	10	74	11	70	11	66	10	62	8	57	7	51	7	44	8	37	10	30	13	23	17	17	22	12	28	8	35	4	43	0	52	-3	60	-5	67	-7	73	-8	78	-9	82	-9	85	-8	87	-6	88	-3	88	1	88	5	87	8	85	10	84	11	84	11	
73:
93	48.044	21	3	22	4	22	6	22	8	23	11	24	15	26	20	28	26	29	33	29	41	30	48	31	54	33	59	35	63	37	66	40	68	44	69	49	69	54	68	58	66	61	63	63	59	64	54	64	48	63	43	61	37	58	31	54	26	51	22	49	19	47	17	46	16	46	15	47	15	49	16	51	18	54	21	58	25	63	30	69	36	74	41	78	45	81	48	83	50	84	51	84	53	83	56	81	59	78	63	74	67	69	72	64	76	60	79	57	81	53	82	48	82	44	81	41	80	39	78	38	75	38	71	37	68	35	66	34	65	32	65	30	66	29	68	28	71	26	75	23	79	19	83	15	86	11	88	8	89	6	89	5	88	5	86	5	83	6	79	8	74	11	68	14	61	16	53	19	45	21	37	22	30	22	24	22	18	23	13	23	9	23	6	22	4	21	3	21	3	
74:
87	100.968	66	63	67	64	69	65	70	67	70	68	69	68	67	67	66	65	66	62	67	58	69	55	71	53	74	50	77	46	79	41	80	36	80	30	79	25	77	21	74	18	70	16	65	15	59	15	53	16	46	16	40	16	35	15	31	14	28	12	25	9	23	5	22	2	22	0	22	-1	21	-1	19	0	17	2	14	5	11	9	9	14	6	20	4	26	2	32	1	39	1	45	1	52	1	58	1	63	2	67	2	70	3	72	4	73	6	73	8	72	10	70	11	67	11	63	10	58	9	52	9	45	10	37	12	29	15	22	19	16	24	11	30	7	37	4	44	2	50	1	55	1	59	2	62	4	64	7	66	11	67	16	67	22	66	29	64	35	61	40	59	46	58	51	58	55	59	58	61	60	63	61	65	62	66	63	66	63	
75:
88	189.2	59	7	60	6	62	6	65	7	69	9	73	12	78	15	82	19	85	23	87	26	88	28	88	29	87	29	85	28	82	28	78	28	73	27	67	25	60	24	53	22	45	19	38	16	32	14	26	13	21	13	17	14	14	16	12	19	11	22	11	26	12	29	14	31	17	32	21	34	26	37	31	40	35	43	38	47	40	52	41	58	41	64	40	69	38	73	35	77	31	80	28	82	25	83	23	83	22	82	22	80	23	77	25	73	28	69	32	66	37	64	43	63	49	63	54	64	58	66	62	68	65	71	67	75	68	79	68	83	68	86	67	88	67	89	68	89	70	88	72	86	74	83	75	79	75	74	74	68	72	62	69	57	65	53	62	49	60	45	59	40	59	34	60	28	60	22	61	17	61	13	60	10	59	8	59	7	59	7	
76:
82	150.744	71	13	70	14	68	16	65	19	61	22	56	26	50	31	45	37	40	43	34	48	28	52	22	55	17	57	12	58	8	60	5	63	3	67	2	71	1	75	1	78	2	80	4	81	7	81	11	80	15	78	19	75	22	71	24	67	25	62	25	56	24	49	22	42	19	36	15	30	10	25	6	21	3	18	1	16	0	15	0	13	1	12	3	12	6	13	10	15	15	18	20	22	25	27	29	33	32	40	34	47	36	54	37	62	37	69	37	75	37	80	38	84	39	87	41	89	44	90	47	90	51	89	56	89	62	89	67	88	72	86	77	85	81	83	84	80	86	76	87	71	87	65	86	59	84	53	81	47	77	40	74	34	72	28	70	23	69	19	69	16	70	14	71	13	71	13	
77:
88	50.788	13	14	14	14	16	15	19	17	23	20	27	24	30	28	33	32	36	37	39	42	41	46	42	50	43	53	45	55	48	56	51	56	55	55	58	53	60	50	61	46	62	41	62	37	61	33	59	28	58	24	58	20	59	17	61	15	64	13	68	12	73	12	78	12	82	13	85	15	87	18	88	22	88	27	88	33	87	39	85	45	82	51	78	57	73	62	69	66	66	69	64	72	63	75	62	77	61	78	59	78	56	77	52	75	47	72	41	70	35	69	30	69	26	70	21	72	17	75	12	79	8	83	5	86	3	88	2	89	2	89	3	88	5	86	8	83	12	79	15	74	18	68	20	61	21	55	22	49	22	44	21	40	19	37	16	35	12	34	9	34	7	33	6	31	6	28	7	24	8	20	10	17	12	15	13	14	13	14	
78:
81	20.12	57	43	58	42	60	40	62	37	65	33	67	29	68	24	68	19	69	15	71	12	73	10	76	9	80	7	83	6	85	6	86	6	86	7	85	8	83	9	80	11	76	14	71	18	66	21	60	23	55	25	50	26	46	26	43	26	41	27	40	29	40	32	41	36	43	41	46	47	50	53	55	58	61	62	66	65	70	68	73	71	75	75	76	79	76	83	75	87	73	90	70	92	66	93	61	93	55	92	49	90	43	88	37	85	31	81	26	77	22	74	18	71	13	69	8	68	4	68	1	69	-1	71	-2	74	-2	78	-1	81	1	83	4	84	8	84	13	83	19	83	26	82	33	80	39	77	44	73	49	69	53	64	56	58	58	53	59	49	59	46	58	44	57	43	57	43	
79:
83	59.415	55	53	56	54	58	56	61	58	65	60	70	61	74	61	78	62	81	62	83	62	84	62	84	63	83	65	81	68	78	71	74	73	69	74	63	74	56	75	48	76	40	77	32	79	25	80	19	81	14	81	10	80	7	78	4	75	2	71	1	66	1	60	2	53	3	45	3	37	4	30	6	22	8	15	11	9	14	4	18	0	23	-3	29	-5	36	-6	43	-6	49	-6	54	-5	58	-3	61	0	63	4	64	9	64	15	63	20	61	24	58	27	54	29	49	30	43	30	37	31	32	33	28	36	25	40	23	45	22	51	22	57	22	64	22	70	22	75	23	79	24	82	25	84	27	85	29	85	32	84	35	82	39	79	42	76	45	72	49	68	52	63	54	59	55	56	55	54	55	53	55	53	
80:
96	209.146	54	25	53	26	51	28	48	31	45	35	43	40	42	45	41	51	41	58	41	64	40	69	40	73	41	77	43	80	45	82	48	83	52	83	57	84	63	86	68	87	73	87	78	86	82	85	85	83	87	80	88	76	88	71	87	65	85	58	84	52	82	47	81	41	81	34	82	27	82	21	81	16	81	12	81	9	80	7	78	6	75	6	71	7	66	9	60	10	53	10	46	9	39	7	32	5	26	3	20	1	15	0	11	0	7	1	4	3	2	6	1	10	1	14	2	19	4	24	7	28	11	31	15	34	19	36	22	37	24	37	25	36	25	36	24	37	22	38	19	40	15	42	10	45	6	49	3	54	1	58	0	61	0	63	1	64	2	64	3	63	5	61	8	58	11	54	15	50	19	46	23	42	27	39	32	37	37	36	42	36	46	35	49	33	51	30	52	28	53	26	54	25	54	25	
81:
78	37.381	80	37	80	36	81	34	83	31	84	27	84	23	83	19	81	16	79	14	76	13	72	13	68	14	64	16	61	19	59	23	58	28	57	34	57	40	57	46	56	51	55	55	54	58	52	60	51	62	49	63	46	63	42	62	38	60	35	57	32	53	29	48	27	42	26	36	26	30	26	25	26	21	27	18	27	16	28	15	30	15	33	16	37	18	40	21	43	23	45	24	46	24	46	25	45	26	43	27	40	27	36	27	31	28	27	29	23	31	20	34	18	38	17	43	17	49	18	55	20	60	23	64	26	68	30	71	35	73	41	74	47	74	53	73	58	71	62	68	65	64	68	59	70	54	71	49	72	45	74	42	77	40	79	38	80	37	80	37	
82:
82	17.344	36	74	35	73	33	71	30	68	27	64	25	59	23	53	20	46	18	39	17	33	17	27	18	22	20	18	23	15	27	13	31	12	35	12	40	13	46	15	52	18	57	22	61	27	64	33	66	39	67	45	67	50	67	54	66	57	64	59	62	60	59	60	57	59	56	57	55	54	55	50	56	45	58	39	60	32	63	26	65	19	66	13	66	8	65	4	63	1	60	-2	56	-4	51	-5	45	-5	39	-4	34	-2	29	1	25	5	21	10	18	16	16	22	14	28	13	34	13	40	14	45	15	51	17	57	20	63	23	68	27	73	32	77	37	80	41	82	45	84	49	85	52	85	54	84	55	82	55	79	54	76	52	73	49	71	47	70	44	70	41	70	39	71	37	73	36	74	36	74	
83:
80	84.289	48	54	49	53	51	51	54	48	58	46	62	45	67	45	72	46	76	48	79	51	81	55	82	60	84	66	85	72	85	77	84	81	82	84	79	86	75	87	70	87	64	86	59	84	54	81	50	77	46	73	41	70	35	68	29	67	23	67	18	68	14	70	11	73	9	77	8	80	8	84	9	87	11	89	14	90	18	90	22	89	27	87	32	86	36	84	40	82	43	80	45	79	46	77	46	74	45	71	43	67	40	62	38	56	37	49	36	42	36	36	36	31	35	27	33	24	30	22	27	21	24	20	22	18	21	15	21	13	22	12	24	11	27	11	31	12	35	14	39	17	43	21	46	26	49	32	51	38	52	43	52	47	52	50	51	52	49	53	48	54	48	54	
84:
82	100.677	43	81	44	80	45	78	47	75	48	71	49	66	51	60	52	53	52	45	53	37	53	30	54	24	56	19	59	15	61	12	63	9	64	7	64	6	63	6	61	6	58	6	54	7	49	8	44	9	40	9	37	10	35	11	34	13	34	15	35	18	37	22	40	26	43	31	45	36	46	40	46	43	45	45	43	46	40	46	36	45	31	45	25	46	19	47	14	47	10	48	7	50	5	53	4	57	4	62	5	67	6	71	7	74	9	76	12	77	16	77	21	76	27	75	34	75	42	74	51	72	59	69	66	67	72	66	77	66	81	66	84	67	86	69	87	72	87	76	86	79	84	81	81	82	77	82	72	83	67	83	61	82	56	80	52	79	49	79	46	80	44	80	43	81	43	81	
85:
79	33.869	57	81	56	80	54	78	51	75	49	71	47	66	46	61	46	55	47	50	49	44	51	38	54	31	56	24	57	18	58	13	58	9	57	6	55	4	52	3	50	3	48	3	46	4	43	6	39	7	34	7	28	8	23	10	18	13	14	17	10	21	7	26	5	32	4	39	4	47	4	54	4	60	4	65	5	69	7	72	9	74	12	75	15	75	17	74	19	72	21	69	24	65	27	60	29	54	31	48	32	43	32	39	31	36	30	34	29	33	27	33	25	34	24	36	24	39	25	42	27	45	30	47	34	48	39	49	45	49	51	50	57	51	62	53	66	55	69	58	71	61	72	65	72	70	71	74	69	77	66	79	63	80	60	80	58	80	57	81	57	81	
86:
88	336.045	14	34	13	35	11	37	9	40	7	44	6	49	4	54	3	60	3	65	4	69	6	72	9	74	13	76	18	77	23	77	28	76	34	75	39	75	43	76	46	78	48	80	49	82	49	83	48	85	46	86	43	86	40	85	36	84	31	83	27	81	24	78	22	76	21	75	21	73	22	72	24	70	27	67	31	65	35	63	40	60	46	56	51	51	57	47	63	44	68	42	72	41	75	41	77	41	78	40	78	38	77	37	75	35	72	32	69	30	67	27	66	23	66	19	66	16	66	14	65	13	63	13	60	14	56	16	51	18	47	20	44	21	42	21	41	20	41	18	40	15	38	11	36	7	33	4	29	1	24	-1	19	-2	15	-2	11	-1	8	1	6	4	5	8	5	13	5	19	6	24	8	28	11	31	13	33	14	34	14	34	
87:
95	20.018	52	62	51	63	49	65	46	68	44	72	43	77	43	83	44	89	46	95	49	100	53	104	57	107	62	109	67	110	72	110	76	109	79	107	81	104	82	100	82	95	81	89	79	83	76	76	72	69	67	63	61	57	55	50	49	42	44	34	40	27	37	20	35	14	34	9	34	5	35	2	37	0	40	-1	44	-1	49	-1	55	0	62	2	68	5	73	9	77	13	81	16	84	18	86	19	87	20	87	20	86	21	84	22	81	24	77	27	74	30	71	32	69	33	68	34	68	35	69	35	70	35	72	36	75	37	77	39	78	42	78	45	77	48	75	51	72	53	68	54	63	54	57	54	50	53	42	51	34	48	27	45	21	43	16	41	12	40	9	40	7	39	6	39	6	40	7	42	9	45	12	49	16	54	21	58	26	61	31	63	37	64	42	64	46	63	49	62	51	62	52	62	52	62	
88:
83	16.648	88	31	89	30	91	28	93	25	94	21	94	16	93	12	91	9	88	7	84	6	79	6	73	7	66	7	58	7	50	8	42	8	34	8	27	8	21	8	16	8	12	8	9	9	7	11	6	14	6	18	7	23	8	29	10	36	13	43	17	51	20	59	22	66	23	72	23	77	22	81	22	84	23	86	25	87	28	87	32	86	35	84	38	81	40	77	41	72	41	67	40	63	40	60	41	58	43	57	46	57	50	58	55	60	61	62	66	64	70	67	73	71	76	74	78	76	79	77	79	77	78	76	76	74	73	71	69	67	64	63	60	59	56	55	53	51	51	48	50	45	50	41	51	37	53	34	56	32	59	30	63	29	68	29	73	30	78	30	82	29	85	29	87	30	88	31	88	31	
89:
84	16.84	53	17	54	18	55	20	56	23	56	27	55	32	53	38	50	44	46	49	41	53	36	56	30	58	24	61	19	65	15	69	12	74	10	79	9	83	9	86	10	88	11	89	12	89	12	88	11	86	9	83	6	79	2	74	-1	68	-3	61	-4	53	-4	44	-3	36	-1	29	2	23	6	18	11	13	16	8	20	4	23	1	25	-1	26	-2	27	-2	28	-1	28	1	27	4	25	7	22	11	18	16	15	22	13	27	12	31	12	34	13	36	14	37	16	38	19	39	23	41	28	44	33	48	39	53	44	59	48	65	51	70	54	74	57	77	60	79	64	80	67	80	71	79	75	77	78	74	80	70	81	65	81	59	80	52	78	46	75	41	71	36	67	31	63	27	59	23	56	20	54	18	53	17	53	17	
90:
85	18.646	39	15	38	14	36	13	33	13	29	14	24	16	19	19	14	23	10	28	7	34	5	40	4	47	3	53	1	59	0	65	0	71	1	76	3	80	6	83	10	85	15	87	21	88	28	88	35	87	41	86	47	84	52	82	56	81	59	81	61	82	62	82	62	82	61	81	59	79	56	76	52	73	47	71	41	69	34	67	28	66	22	64	17	63	13	62	10	62	8	62	7	61	7	59	8	56	10	52	13	49	16	47	20	45	25	44	31	42	36	41	42	41	49	42	55	44	60	47	64	50	67	52	70	53	74	53	78	52	81	50	83	47	84	43	84	38	83	32	81	27	80	21	79	15	78	10	76	6	73	3	69	1	64	0	58	0	53	1	49	3	45	6	42	9	40	12	39	14	39	15	39	15	
91:
84	22.976	57	70	56	71	54	71	51	70	47	68	42	65	38	61	34	56	31	50	29	45	28	41	28	38	28	36	27	35	25	34	23	34	22	34	22	33	23	31	23	30	22	29	20	29	17	30	14	32	10	33	7	33	5	33	4	32	4	30	5	27	6	23	8	18	10	13	12	9	15	5	18	2	22	0	26	-1	31	-1	37	0	43	2	50	5	56	9	61	13	65	16	68	18	70	20	71	21	72	21	73	20	75	18	78	15	80	11	81	8	81	6	80	5	78	5	75	6	71	8	67	11	64	15	61	20	59	26	58	33	58	39	59	46	59	53	60	61	62	68	65	74	67	79	68	83	68	86	67	88	65	89	62	89	59	88	56	86	54	83	53	79	53	76	54	73	56	71	57	70	57	70	
92:
84	36.978	24	13	23	12	21	10	18	9	14	9	11	10	9	12	7	15	5	19	4	24	4	30	4	37	3	43	1	48	0	52	0	55	1	57	3	59	6	60	10	60	14	59	19	57	23	54	26	51	28	48	29	46	29	45	28	45	26	46	25	48	25	51	26	55	27	60	29	65	32	70	36	74	41	77	47	79	52	80	58	81	64	83	69	84	73	84	76	83	78	81	80	78	81	74	81	69	82	63	82	57	81	52	79	48	77	45	75	42	74	40	74	39	75	39	77	40	80	42	84	45	87	49	89	54	90	58	90	61	89	63	87	64	84	65	80	66	75	67	69	67	62	66	56	64	50	61	45	57	41	52	37	46	33	39	30	33	28	28	26	23	24	19	23	16	23	14	24	13	24	13	
93:
74	5.175	58	67	59	68	61	70	64	71	66	71	67	70	67	68	68	67	70	65	73	64	77	63	80	61	82	58	83	54	83	49	82	44	80	40	77	37	73	33	69	28	65	22	60	16	55	11	49	7	44	4	39	2	33	1	27	1	22	2	18	4	15	7	12	11	10	15	9	20	9	26	10	33	12	41	14	48	16	56	17	63	19	69	20	74	20	78	19	81	19	83	18	84	18	84	19	83	21	81	24	78	28	74	33	69	38	63	44	57	50	51	56	46	61	41	65	37	68	34	70	32	71	31	72	31	73	32	75	34	76	37	76	41	75	46	73	52	70	57	66	61	63	64	61	66	59	67	58	67	58	67	
94:
84	32.103	23	69	22	68	20	66	17	63	14	60	11	57	9	53	8	50	6	48	5	47	4	47	4	48	5	50	7	53	10	57	14	62	18	68	23	73	28	77	34	81	40	84	47	86	54	87	61	87	67	86	72	84	76	81	79	77	81	72	82	66	82	59	81	51	81	43	82	36	82	30	81	25	79	21	76	18	72	16	67	15	61	15	54	16	46	18	37	19	29	19	22	18	16	16	11	13	7	9	4	5	2	2	1	0	1	-1	2	-1	4	-2	7	-3	11	-3	16	-2	22	0	28	3	33	7	37	12	40	18	42	25	45	33	48	42	50	50	51	57	51	64	50	70	48	75	46	79	43	82	39	84	34	85	30	85	27	84	24	83	22	81	21	78	21	75	22	72	23	70	23	69	23	69	
95:
86	120.634	4	54	5	53	7	51	9	48	11	44	12	39	12	33	11	28	9	22	8	16	8	11	8	7	9	4	11	2	14	1	18	1	22	2	25	4	27	7	29	10	30	12	30	13	29	13	28	12	28	10	29	7	31	4	34	1	38	-1	43	-2	49	-2	56	-1	62	1	67	4	72	8	77	13	81	18	84	23	86	28	87	34	87	40	86	46	84	52	81	58	77	64	72	69	67	73	61	76	56	78	52	79	49	79	47	78	46	78	46	79	47	80	49	82	52	83	56	83	61	82	65	82	69	83	72	84	75	85	77	87	78	89	78	90	77	90	75	89	72	88	68	87	63	87	58	88	52	89	45	89	38	88	32	87	25	85	19	82	14	78	10	74	7	69	5	64	4	60	4	57	4	55	4	54	4	54	
96:
84	31.368	63	83	62	83	60	83	57	82	53	80	48	77	42	74	36	70	31	65	27	59	24	52	22	46	20	41	18	35	16	28	14	22	12	17	9	13	6	10	4	8	2	6	0	5	-1	5	-1	6	0	8	2	11	5	14	9	18	14	23	20	27	26	30	33	32	41	33	49	34	56	34	63	34	69	33	74	31	78	28	81	24	83	19	84	14	84	10	83	6	81	3	78	1	75	0	73	0	72	1	72	3	71	6	69	10	67	15	64	21	60	28	55	36	49	44	43	53	36	61	28	68	21	74	15	79	10	83	6	86	3	88	1	89	0	90	0	91	1	91	3	90	6	88	10	86	15	84	21	83	28	82	34	82	40	83	45	84	49	86	53	87	57	87	60	86	62	84	63	83	63	83	
97:
78	39.316	77	26	76	25	74	23	71	20	67	17	62	15	57	13	51	12	44	12	37	13	31	13	26	14	22	16	19	18	17	21	16	25	16	30	16	35	17	41	17	47	18	52	19	57	21	62	23	66	26	69	29	71	31	72	32	72	32	71	31	69	31	66	32	64	34	62	37	61	40	61	44	62	49	63	55	63	62	63	68	63	73	62	78	60	82	57	85	55	87	53	88	52	88	52	87	53	85	55	83	58	82	62	82	66	83	71	85	75	86	78	86	80	85	81	83	81	80	80	76	78	72	76	68	73	65	69	62	64	60	59	59	54	59	49	59	43	60	37	61	32	63	28	65	25	67	23	69	22	71	22	74	23	76	25	77	26	77	26	
98:
94	491.405	11	10	12	9	14	8	17	8	21	8	25	9	28	11	30	14	32	18	33	23	35	29	38	36	41	44	43	51	44	57	44	62	44	67	43	71	43	74	44	76	46	77	49	77	53	77	56	78	59	80	63	83	68	86	72	88	75	89	77	89	78	88	79	86	79	83	78	79	76	74	73	69	69	64	64	59	60	55	57	50	55	44	54	37	54	30	55	24	57	18	60	13	64	9	69	6	75	4	80	3	84	3	87	4	89	6	90	9	90	12	89	15	87	17	84	20	80	23	75	27	69	30	62	34	54	38	46	42	37	45	29	48	22	52	16	57	11	63	7	69	4	75	2	80	1	84	1	87	2	89	4	90	6	90	8	89	9	87	9	84	8	80	6	75	3	69	1	62	0	54	-1	46	-1	38	0	31	2	25	5	20	7	16	8	13	10	11	11	10	11	10	
99:
99	176.867	89	88	88	89	86	91	83	94	79	96	74	97	68	97	61	96	53	94	46	91	40	87	35	82	31	76	28	69	26	63	25	58	25	54	24	51	22	49	19	48	15	48	12	49	10	51	9	52	9	52	10	51	12	49	15	46	19	44	24	43	30	43	36	44	41	46	47	48	53	49	58	50	62	50	65	49	68	47	72	44	75	42	78	40	81	38	83	37	84	37	84	37	83	36	81	34	78	32	74	29	69	25	63	20	56	14	49	9	43	5	38	2	34	0	31	-1	29	-1	28	0	28	2	29	5	31	8	33	10	36	11	40	11	45	10	50	8	54	5	57	3	59	2	60	2	60	3	59	4	57	5	54	7	51	10	47	14	44	19	41	25	38	32	36	40	35	48	35	56	36	63	38	69	41	74	45	78	49	81	54	83	60	84	67	84	73	83	78	82	82	82	85	83	87	85	88	87	89	88	89	88	