0:
47	0.328	93	32	94	33	96	35	99	38	103	42	106	47	108	53	109	60	109	68	109	75	108	81	106	86	104	90	101	93	97	95	92	96	86	96	79	95	71	93	62	90	53	86	45	81	38	76	32	71	27	65	23	60	20	55	18	51	17	48	17	46	18	45	20	44	23	44	27	43	32	41	37	39	43	37	50	34	58	32	65	31	72	30	78	30	83	30	87	30	90	30	92	31	93	32	93	32	
1:
60	0.521	78	59	79	58	81	56	83	53	86	49	90	44	95	38	99	31	102	24	104	18	105	13	105	9	104	6	102	4	99	3	95	3	90	4	84	6	77	9	69	12	60	16	50	21	41	27	33	34	26	42	20	51	15	60	11	69	7	77	4	84	2	90	1	95	1	99	2	102	4	104	7	105	11	105	16	104	22	102	28	99	33	95	37	90	40	85	44	79	48	72	52	66	55	60	57	55	59	51	60	48	62	46	63	45	65	45	68	46	71	48	74	51	76	54	77	56	78	58	78	59	78	59	
2:
45	0.149	61	27	62	27	64	26	67	26	71	27	76	28	82	29	87	30	91	31	94	33	96	34	97	34	97	33	96	32	94	31	91	29	87	28	82	27	76	27	69	28	62	28	55	27	47	25	40	22	33	18	27	15	22	12	18	10	15	9	13	9	12	10	12	12	13	13	15	13	18	14	22	14	27	15	33	17	40	20	46	22	51	24	55	26	58	27	60	27	61	27	61	27	
3:
43	0.103	85	70	84	69	82	67	79	64	75	60	70	56	64	52	59	49	55	47	52	46	50	46	49	47	49	49	49	52	50	56	51	61	53	67	55	73	58	80	62	87	66	93	71	98	77	102	84	105	90	107	95	108	99	108	102	107	104	105	105	102	106	98	107	93	107	87	106	81	104	76	101	72	98	69	95	67	93	66	90	66	88	67	86	69	85	70	85	70	
4:
47	0.538	96	58	95	57	93	55	90	52	86	48	81	43	75	37	69	32	64	28	60	25	56	23	51	22	45	22	39	23	34	25	30	28	26	32	23	37	21	42	20	48	20	53	21	57	23	60	26	62	30	63	35	63	41	62	48	60	56	57	65	53	73	48	80	44	87	41	93	39	98	36	102	34	105	33	107	33	108	34	108	36	108	39	107	43	105	48	102	52	99	55	97	57	96	58	96	58	
5:
51	1.249	79	93	78	92	76	92	73	93	69	93	64	92	58	92	51	93	45	94	39	96	32	97	25	98	19	98	14	97	10	95	7	92	5	88	4	83	4	77	5	70	7	62	10	54	14	47	19	40	25	33	32	27	40	22	49	18	58	15	66	12	73	10	79	9	84	9	88	10	91	12	94	15	96	18	97	22	97	27	96	33	94	40	91	48	88	57	84	65	81	72	79	78	78	83	77	87	77	90	78	92	79	93	79	93	
6:
43	0.168	48	83	49	82	51	80	54	77	58	73	61	69	63	65	64	60	64	54	63	47	61	40	60	34	59	29	59	25	59	22	59	20	58	19	56	19	53	20	49	22	44	25	38	29	33	34	28	40	23	47	19	55	16	63	14	70	12	77	11	83	11	88	12	92	13	95	15	97	18	98	22	98	27	97	33	95	38	92	42	89	45	86	47	84	48	83	48	83	
7:
58	0.455	47	88	48	87	50	87	53	88	57	90	60	93	62	96	63	98	63	100	62	101	60	101	57	101	53	101	48	102	42	103	35	103	28	102	21	100	15	97	10	93	6	88	3	82	1	75	0	67	0	60	1	52	3	45	6	39	10	34	15	30	21	27	28	25	36	24	45	24	54	25	62	27	69	30	75	32	81	33	86	33	90	32	93	31	95	31	96	32	96	34	95	37	93	41	90	46	86	52	81	59	75	66	68	72	62	77	57	81	53	84	50	86	48	87	47	88	47	88	
8:
47	1.724	51	50	50	49	48	49	45	50	41	51	36	53	30	55	24	58	18	62	13	67	9	73	6	78	4	82	3	86	3	91	4	97	6	103	9	109	13	114	18	118	24	122	31	125	39	127	47	130	54	132	62	133	69	133	75	132	80	130	84	127	87	123	89	118	90	114	90	110	89	105	87	101	84	96	81	91	77	85	73	78	69	71	64	65	60	60	57	56	54	53	52	51	51	50	51	50	
9:
57	7.04	61	34	62	35	64	37	67	40	71	44	76	49	82	55	88	61	93	68	97	74	100	79	102	85	103	92	103	98	102	103	100	107	97	110	93	112	88	113	82	113	75	113	67	112	58	110	50	107	42	103	35	99	29	96	24	94	20	91	17	89	15	86	14	84	14	81	15	77	17	72	20	66	24	60	27	54	31	47	34	40	38	34	41	28	43	23	44	19	46	16	48	14	51	13	54	13	56	14	57	16	58	19	60	23	61	26	61	28	62	31	62	33	61	34	61	34	
10:
47	5.421	96	30	95	29	93	27	90	24	86	20	81	15	75	11	68	7	60	4	51	2	42	1	33	1	25	2	18	4	12	7	7	11	3	16	0	21	-2	27	-3	34	-3	42	-2	49	0	57	3	64	7	70	12	76	18	81	25	85	32	88	40	90	49	91	58	91	67	90	75	88	82	85	88	81	93	76	97	71	100	65	102	58	103	51	103	45	102	40	101	36	99	33	97	31	96	30	96	30	
11:
45	0.138	85	104	84	105	82	107	79	108	75	108	70	107	64	105	57	102	49	99	42	95	36	90	31	84	27	77	24	69	22	60	21	52	21	45	22	38	24	32	27	27	31	23	36	20	42	18	49	17	56	17	64	17	73	18	81	20	88	23	94	27	99	32	103	38	106	45	108	52	109	60	109	68	108	75	106	82	103	88	99	93	95	97	91	100	88	102	86	103	85	104	85	104	
12:
50	0.413	38	104	39	105	41	107	44	110	48	113	53	115	59	116	66	116	74	116	81	115	89	113	96	110	102	106	107	101	111	95	114	88	116	80	117	72	117	65	116	59	114	54	111	50	107	47	102	45	97	44	91	44	84	45	76	47	67	50	57	52	48	53	40	53	33	52	27	52	22	53	18	54	15	56	13	59	12	63	12	68	13	74	15	79	18	83	22	88	25	92	28	95	32	98	35	101	37	103	38	104	38	104	
13:
39	1.033	51	64	50	63	48	63	45	62	41	62	36	63	30	65	23	68	17	72	12	77	8	81	5	85	3	88	1	90	0	92	0	94	1	95	3	95	6	94	10	92	15	91	21	91	28	90	35	90	41	90	47	89	52	87	56	85	59	83	61	81	62	78	63	76	63	73	62	71	60	70	57	69	54	67	52	65	51	64	51	64	
14:
63	4.224	73	95	74	94	74	92	75	89	76	85	76	80	75	74	73	67	70	59	67	50	65	40	64	30	64	21	63	13	61	6	58	0	54	-5	49	-9	43	-12	36	-14	29	-15	21	-15	14	-14	8	-12	3	-9	-1	-5	-4	0	-6	6	-7	13	-7	21	-6	30	-4	39	-1	48	2	57	6	65	11	72	17	78	24	83	32	87	41	90	51	93	61	95	70	96	78	96	85	95	91	93	96	90	100	86	103	81	105	77	106	74	106	72	105	71	103	71	100	72	97	74	93	77	88	81	83	85	79	89	76	92	74	94	73	95	73	95	
15:
53	7.674	109	11	110	12	110	14	109	17	108	21	106	26	104	32	101	39	97	47	92	56	86	66	79	75	71	83	62	90	54	96	45	101	35	105	26	108	17	110	9	111	2	111	-4	110	-10	108	-15	105	-19	101	-22	96	-24	90	-25	83	-26	75	-26	66	-25	56	-23	47	-20	39	-16	32	-11	25	-5	19	2	14	10	10	19	7	29	5	39	4	49	3	59	3	68	4	76	6	83	8	89	10	94	11	99	11	103	11	106	12	108	12	109	11	109	11	
16:
39	0.224	93	72	92	73	91	75	89	78	87	82	84	87	80	93	75	98	69	103	63	107	56	110	50	112	45	114	41	115	38	115	36	114	35	113	35	111	36	108	38	104	41	100	45	95	50	89	56	82	62	76	68	71	73	67	78	63	84	60	89	58	93	57	96	57	98	58	99	60	99	63	98	66	96	69	94	71	93	72	93	72	
17:
49	0.973	24	101	23	100	21	98	19	95	17	91	16	86	16	80	16	73	17	65	19	56	22	47	25	38	29	30	34	23	40	17	45	12	51	8	56	5	60	3	63	2	65	1	66	-1	66	-4	65	-7	63	-9	60	-10	56	-10	51	-9	45	-8	38	-6	30	-3	23	1	17	6	12	12	8	19	5	27	3	36	2	46	2	55	2	63	3	70	5	76	8	82	12	87	16	91	19	95	21	98	23	100	24	101	24	101	
18:
46	0.252	94	26	93	27	91	29	88	32	84	35	81	39	79	44	77	50	76	57	76	64	77	71	78	77	78	82	77	86	75	89	72	91	68	92	63	92	57	91	50	91	43	91	36	90	30	88	25	85	21	81	18	76	16	70	15	63	15	57	16	51	18	46	21	40	25	34	30	29	36	25	43	22	50	20	58	18	66	17	73	17	79	17	84	18	88	20	91	23	93	25	94	26	94	26	
19:
46	0.427	53	52	53	51	53	49	54	46	55	42	55	37	55	31	56	24	58	18	59	13	59	9	58	6	58	3	57	1	55	0	52	0	48	1	43	3	37	6	32	10	28	15	25	21	23	28	21	35	20	43	20	51	21	58	23	65	26	71	30	76	35	80	41	83	47	85	52	86	56	86	59	85	61	83	62	80	62	76	61	71	59	66	56	62	54	58	53	55	53	53	53	52	53	52	
20:
51	0.701	93	39	92	38	90	36	87	34	84	31	80	29	75	27	69	26	62	26	55	27	48	29	42	32	36	36	30	40	24	45	19	51	15	58	11	64	8	71	6	78	5	84	5	89	6	93	8	96	11	98	15	99	20	99	26	98	33	98	39	99	44	101	48	104	52	106	56	107	59	107	61	106	62	104	62	101	61	97	61	92	62	86	64	79	66	71	69	64	73	58	78	53	83	49	87	45	90	42	92	40	93	39	93	39	
21:
52	2.377	11	48	10	49	9	51	9	54	10	58	12	63	15	69	19	76	24	82	29	88	35	94	42	99	49	103	55	106	60	108	64	109	67	109	69	108	71	106	74	103	78	99	82	94	85	88	87	81	88	73	88	64	88	54	89	44	89	35	88	27	87	20	85	14	82	9	78	5	73	2	67	0	60	-1	52	-1	43	0	35	2	28	4	22	7	17	11	13	16	10	22	8	28	7	33	7	38	8	42	10	45	11	47	11	48	11	48	
22:
41	0.089	30	68	29	67	29	65	30	62	30	59	31	55	33	50	36	44	40	39	45	35	51	32	57	30	63	29	68	29	72	30	75	32	77	35	79	39	81	43	82	48	82	54	81	61	80	69	79	76	77	82	74	87	70	91	65	94	60	96	54	97	47	97	41	96	36	94	32	91	29	87	27	82	26	78	26	74	27	71	29	69	30	68	30	68	
23:
51	6.008	79	62	78	63	76	65	74	68	71	72	67	76	62	81	56	86	49	90	41	93	33	95	26	96	20	96	15	95	11	93	8	90	6	86	5	81	4	75	4	68	5	60	7	51	10	42	14	34	19	26	25	19	32	13	40	7	49	2	57	-2	65	-5	72	-7	78	-8	83	-8	87	-7	90	-5	92	-2	93	2	93	7	92	12	90	18	87	25	85	32	84	38	84	43	85	48	85	52	84	56	82	59	80	61	79	62	79	62	
24:
49	7.619	54	90	53	91	51	91	48	91	44	90	39	89	33	87	27	84	21	82	16	79	12	75	9	70	7	65	6	61	6	57	7	54	9	52	12	51	16	51	21	51	27	50	34	48	41	45	48	42	54	40	59	38	63	36	67	35	70	33	72	31	73	29	73	27	72	26	70	26	67	27	65	29	64	32	63	36	63	41	64	47	64	54	63	62	61	69	58	75	56	80	54	84	53	87	53	89	54	90	54	90	
25:
47	1.614	97	91	97	90	97	88	96	85	94	82	91	78	89	73	86	67	82	60	77	52	72	43	67	35	61	28	54	22	48	17	43	13	38	10	34	8	31	7	29	7	28	8	28	10	29	13	31	17	34	22	38	28	42	35	46	43	49	52	51	61	52	69	52	76	51	82	51	87	52	91	54	94	57	97	61	99	66	100	71	100	76	99	82	97	87	95	91	93	94	92	96	91	97	91	97	91	
26:
44	0.839	2	60	3	61	5	63	8	66	12	70	17	74	23	77	30	79	38	80	46	80	55	79	64	77	72	74	79	72	85	69	90	65	94	60	97	55	99	49	101	42	102	36	103	31	103	27	102	24	101	22	100	21	98	21	95	22	91	24	86	27	80	31	73	34	65	36	56	37	47	39	38	42	30	46	23	50	17	54	12	57	8	59	5	60	3	60	2	60	2	60	
27:
40	0.732	38	100	37	101	35	101	32	100	28	98	23	95	19	91	15	87	12	82	10	76	9	69	9	62	10	54	12	47	15	41	19	36	24	32	30	29	37	27	45	26	52	26	58	27	63	29	67	32	70	36	72	41	73	47	73	54	73	61	72	68	70	74	67	79	63	85	58	90	53	94	48	97	44	99	41	100	39	100	38	100	38	100	
28:
52	0.292	62	42	63	43	65	45	68	48	72	52	75	57	77	63	78	69	79	74	79	79	78	83	76	86	73	88	69	89	64	89	58	88	51	86	43	83	36	79	30	74	24	68	19	61	15	53	12	45	10	38	9	31	9	25	10	20	12	16	15	13	19	11	24	10	30	9	37	9	44	9	52	10	59	11	65	13	70	14	74	15	77	16	79	18	80	21	80	25	79	30	77	34	74	37	70	39	67	40	65	40	63	41	62	42	62	42	
29:
48	1.661	96	14	95	15	95	17	96	20	98	24	99	28	100	33	102	39	103	46	103	54	104	63	106	72	107	80	107	87	106	93	104	98	101	102	98	105	94	107	89	108	83	108	76	107	68	105	61	102	55	98	50	93	46	87	43	80	41	73	40	66	39	58	39	49	39	41	40	33	41	26	43	20	46	15	50	11	55	8	61	6	68	5	75	5	81	5	86	6	90	8	93	11	95	13	96	14	96	14	
30:
44	0.524	77	69	76	69	74	68	71	66	67	63	63	59	58	54	54	50	49	47	45	44	42	42	40	41	39	40	39	38	40	37	42	37	45	38	49	40	54	43	60	46	67	50	74	55	80	61	85	68	89	76	92	83	94	89	95	94	95	98	94	101	94	103	93	104	91	104	90	103	90	101	91	98	91	94	90	89	88	84	86	79	83	75	80	72	78	70	77	69	77	69	
31:
44	0.275	65	64	64	65	62	67	59	70	55	74	50	78	44	81	37	84	31	86	26	87	22	87	18	86	15	84	13	81	12	77	12	72	13	66	15	59	16	52	18	45	21	39	25	33	30	28	36	24	43	21	50	19	58	18	65	18	71	19	76	21	80	24	83	28	85	33	86	39	86	45	85	50	83	54	80	57	76	59	73	62	70	64	68	65	66	65	65	64	65	64	
32:
37	0.045	55	0	56	1	58	3	60	6	63	10	67	14	72	17	78	20	83	23	88	25	94	26	99	26	103	25	106	24	108	24	109	25	109	27	108	30	106	33	103	36	99	38	94	39	88	39	81	40	74	40	68	39	63	37	59	34	56	30	53	25	51	19	50	14	50	10	51	6	52	3	54	1	55	0	55	0	
33:
47	1.103	64	41	64	40	63	38	61	35	60	32	59	28	57	23	56	18	55	14	55	11	55	9	56	8	58	8	59	9	60	11	60	14	61	18	63	23	66	29	70	36	75	44	81	52	88	59	94	65	99	70	103	74	106	78	108	81	109	83	109	84	108	84	106	85	103	85	99	84	94	83	88	81	81	78	75	74	70	69	66	64	63	58	61	53	60	49	60	46	61	44	63	42	64	41	64	41	
34:
45	0.179	82	24	83	25	85	27	88	29	92	32	97	36	102	41	106	46	109	52	111	59	112	65	112	72	111	79	111	85	110	90	108	94	105	97	101	99	97	100	94	100	92	99	89	97	85	94	80	90	74	85	69	79	64	72	60	64	57	56	55	48	54	40	53	33	53	27	53	22	54	18	56	15	59	13	63	12	67	12	72	13	76	15	79	18	81	21	82	23	82	24	82	24	
35:
53	3.163	103	83	102	83	100	83	97	84	93	86	88	89	82	91	75	92	67	93	58	94	49	94	40	95	32	95	25	96	19	97	14	97	10	96	7	94	5	91	4	87	4	83	5	80	7	76	10	71	14	65	18	59	23	53	27	46	30	39	32	32	33	26	33	21	33	17	34	14	35	12	37	11	40	11	42	12	43	14	45	17	48	21	52	26	57	32	62	39	68	47	75	55	82	62	88	68	93	73	97	77	100	80	102	82	103	83	103	83	
36:
46	2.302	109	106	108	105	106	103	103	100	99	96	94	91	88	85	81	79	73	73	64	67	56	62	49	56	43	51	38	46	33	42	29	37	26	31	24	24	23	17	23	11	24	6	26	2	29	-1	33	-3	38	-4	44	-4	51	-3	59	-1	67	2	75	6	82	11	88	17	94	24	99	32	103	41	106	51	108	61	109	70	109	78	108	85	107	91	106	96	106	100	107	103	108	105	109	106	109	106	
37:
39	0.439	106	59	105	60	103	60	100	59	96	57	91	54	85	50	78	46	70	43	61	41	53	40	46	39	40	39	35	40	30	42	26	45	23	49	21	53	20	58	20	63	21	67	23	71	26	74	30	77	35	80	41	82	47	83	54	84	62	84	69	83	76	81	82	78	88	74	93	69	97	65	100	62	103	60	105	59	106	59	106	59	
38:
42	0.464	106	98	105	98	103	99	100	100	96	102	91	104	85	106	78	107	70	107	61	106	52	104	44	101	37	98	31	94	25	89	20	83	15	78	11	72	8	67	6	63	5	59	5	56	6	54	8	53	11	53	15	54	20	56	26	59	33	63	41	67	48	72	56	78	63	84	70	89	78	93	85	96	91	98	96	99	100	99	103	98	105	98	106	98	106	98	
39:
51	1.785	36	47	37	46	38	44	40	42	41	39	42	35	42	30	41	25	41	21	40	18	38	16	37	15	37	15	37	16	38	18	40	21	43	25	46	30	50	35	55	39	61	42	67	46	72	51	77	57	81	64	84	72	86	80	87	87	87	93	86	98	84	102	81	105	77	107	72	109	66	110	59	110	52	109	45	107	39	104	34	100	30	95	27	89	25	82	24	75	24	68	25	62	27	57	30	53	33	50	35	48	36	47	36	47	
40:
53	2.626	68	40	67	40	65	41	62	41	58	40	53	39	47	37	40	34	33	30	27	26	22	22	18	18	14	14	11	11	9	9	6	8	2	8	-2	9	-6	11	-9	14	-11	18	-12	23	-12	29	-11	36	-9	44	-6	53	-3	62	0	71	3	79	7	86	12	92	18	97	25	101	33	104	41	106	49	107	56	107	62	106	67	104	72	101	76	97	79	92	81	86	82	79	82	71	81	64	79	58	76	53	73	49	71	46	69	43	68	41	68	40	68	40	
41:
44	3.076	85	52	84	51	83	49	81	46	79	42	76	37	72	31	67	24	61	18	56	12	51	7	45	3	38	0	30	-2	23	-3	17	-3	12	-2	8	0	4	3	1	7	-1	11	-2	16	-2	22	-1	29	1	36	4	43	8	49	13	54	19	58	26	61	33	63	39	64	44	64	48	63	51	61	55	58	59	54	64	51	70	49	75	48	79	48	82	49	84	51	85	52	85	52	
42:
50	0.875	19	5	18	6	16	8	13	11	10	15	8	20	7	26	7	33	7	41	8	50	9	58	11	66	14	73	18	79	22	84	27	88	33	91	40	93	48	94	55	94	61	93	66	91	70	88	73	84	75	79	76	74	76	69	75	65	73	61	70	56	66	52	61	49	55	47	48	45	41	42	35	40	29	37	23	33	18	30	14	26	11	23	9	21	8	19	8	16	9	14	11	11	14	9	16	7	18	6	19	5	19	5	
43:
51	1.89	91	22	92	23	94	25	97	28	101	32	104	37	107	43	109	50	110	58	110	66	109	73	107	80	104	86	100	91	96	95	91	98	85	100	78	101	70	101	61	100	53	98	46	95	39	91	33	86	28	80	24	73	21	66	19	60	18	55	18	51	19	48	21	46	24	45	28	45	33	46	39	48	45	49	52	51	60	52	67	52	73	51	79	50	84	48	88	45	91	41	93	37	94	32	94	28	93	25	92	23	91	22	91	22	
44:
44	0.919	42	15	43	15	45	16	48	18	52	19	57	21	63	24	68	28	72	33	75	39	77	45	78	51	78	58	77	65	75	73	72	80	68	86	64	91	60	95	56	98	53	100	51	101	50	101	50	100	51	98	53	95	55	91	58	86	62	80	65	73	67	67	68	62	68	58	67	55	65	51	62	46	58	41	55	36	53	30	51	25	48	21	45	18	43	16	42	15	42	15	
45:
61	5.704	9	6	10	5	12	3	15	0	19	-4	24	-9	30	-13	37	-16	45	-18	54	-20	62	-21	69	-21	75	-20	81	-18	86	-15	90	-11	93	-8	95	-6	96	-3	96	-1	95	2	93	6	90	9	86	13	81	18	76	24	72	31	69	38	65	46	61	55	58	65	56	74	54	82	51	89	47	95	42	100	36	104	31	107	27	109	23	110	20	110	18	109	16	107	15	104	15	100	16	95	18	89	20	82	23	74	26	66	28	58	29	49	29	41	28	34	26	27	23	21	19	16	15	12	12	9	10	7	9	6	9	6	
46:
51	1.303	2	15	3	15	5	16	8	18	12	21	17	23	23	24	30	24	38	24	47	25	55	26	64	27	72	27	79	26	85	24	90	21	94	19	98	18	101	17	103	17	104	18	104	20	103	23	101	26	98	30	94	35	89	41	83	48	76	55	68	61	59	66	49	70	39	73	30	75	22	76	15	76	9	75	4	73	0	70	-3	66	-5	61	-6	55	-6	48	-6	41	-5	35	-3	30	0	25	2	21	3	18	3	16	2	15	2	15	
47:
50	2.215	25	97	26	97	28	98	31	100	35	102	40	103	46	103	53	102	60	100	68	97	77	93	85	89	92	84	98	78	103	71	107	64	110	56	112	47	113	39	113	32	112	25	110	19	107	14	103	10	98	7	92	4	85	2	77	1	68	1	59	2	51	4	43	7	36	11	30	16	25	22	21	28	18	35	16	42	15	50	15	57	16	64	18	70	21	75	24	79	26	84	27	88	27	91	27	94	26	96	25	97	25	97	
48:
49	0.336	64	77	65	76	66	74	68	71	70	67	71	62	71	56	70	49	68	41	65	34	61	28	56	23	50	19	43	16	35	13	28	11	22	10	17	10	13	11	10	12	8	14	7	17	7	21	8	26	10	32	13	39	17	47	21	56	25	65	29	73	32	80	34	86	35	92	37	97	40	101	44	104	48	106	53	107	58	107	62	106	65	104	67	101	68	97	68	92	67	87	65	83	64	80	64	78	64	77	64	77	
49:
46	1.224	81	74	80	73	78	71	75	68	71	64	66	59	61	53	57	46	53	38	50	31	48	24	47	18	47	13	48	9	50	6	53	4	57	3	62	3	68	4	75	6	82	9	88	11	93	12	97	12	100	11	102	9	103	6	103	4	102	3	100	3	97	4	94	6	91	9	88	13	85	18	82	24	78	31	75	38	73	46	72	53	72	59	73	64	75	68	78	71	80	73	81	74	81	74	
50:
41	0.148	65	47	66	46	68	44	71	41	75	38	80	34	86	30	91	27	96	25	100	24	103	24	105	25	106	27	106	30	105	34	103	39	100	45	96	52	92	60	87	67	81	73	74	78	67	82	61	85	56	88	52	90	49	91	47	91	46	90	46	88	47	85	48	81	49	76	51	72	54	67	58	62	61	57	63	53	64	50	65	48	65	47	65	47	
51:
51	0.424	59	54	60	53	62	51	65	48	68	44	70	39	71	33	71	26	70	19	69	13	67	8	64	4	60	1	55	-1	50	-2	45	-2	39	-1	34	1	30	4	26	8	23	13	21	19	20	26	20	33	21	40	23	48	26	55	30	62	35	68	41	74	48	79	55	83	62	86	68	88	74	89	79	89	83	88	86	86	88	83	89	79	89	74	88	70	86	66	83	62	79	58	74	55	69	53	65	52	62	52	60	53	59	54	59	54	
52:
44	1.332	81	26	80	25	78	23	75	20	71	17	66	14	60	12	53	11	45	11	37	12	30	14	24	17	19	21	15	26	12	32	10	39	9	47	9	56	10	64	12	71	15	77	19	82	24	86	29	89	35	92	41	94	47	95	54	95	62	94	69	92	75	89	80	85	84	80	87	74	89	67	90	59	90	52	89	46	87	41	84	36	82	32	81	29	81	27	81	26	81	26	
53:
45	0.478	43	20	42	21	40	23	37	26	34	30	31	35	29	41	28	47	28	54	29	61	31	67	32	72	34	76	37	79	41	81	46	82	52	82	59	81	67	79	76	76	84	73	91	71	97	69	102	67	106	65	109	62	111	58	112	53	112	47	111	40	109	33	106	27	102	22	97	18	92	14	86	11	79	9	71	8	64	8	58	9	53	11	49	14	46	17	44	19	43	20	43	20	
54:
50	2.493	4	57	5	58	7	60	10	63	14	67	19	72	25	77	32	82	40	88	49	93	57	97	64	100	70	102	75	103	80	103	84	102	87	100	90	97	92	93	93	89	93	84	92	78	90	71	87	63	83	55	78	47	74	39	70	31	66	24	63	18	59	13	54	9	48	6	41	4	35	3	30	3	26	4	23	6	21	9	20	13	20	18	20	24	19	31	17	37	14	42	10	47	7	51	5	54	4	56	4	57	4	57	
55:
36	0.238	8	44	9	43	10	41	12	38	15	34	19	29	22	23	26	16	31	10	37	4	44	-1	52	-5	59	-8	65	-10	70	-11	74	-11	77	-10	79	-8	80	-5	80	-2	79	2	77	6	74	9	70	13	65	18	59	23	52	28	44	32	36	35	29	39	23	42	18	44	14	45	11	45	9	44	8	44	8	44	
56:
44	0.256	22	68	23	69	25	71	28	73	32	76	37	80	43	85	50	89	58	92	66	94	75	95	83	95	90	95	96	94	101	92	105	89	108	86	110	82	111	77	111	71	110	64	108	57	105	50	101	43	97	37	94	32	92	28	91	25	89	23	87	22	84	22	80	23	76	25	71	28	65	32	58	37	50	43	43	49	37	54	32	58	28	62	25	65	23	67	22	68	22	68	
57:
50	1.024	27	83	28	83	30	83	33	83	37	83	42	82	47	80	53	77	60	73	66	68	73	63	80	57	86	50	91	43	95	37	98	31	100	26	101	22	101	19	100	15	98	10	95	5	91	1	86	-2	80	-4	73	-5	65	-6	56	-6	47	-5	38	-4	30	-3	23	-1	17	2	12	5	8	8	5	11	3	15	2	20	2	26	3	33	5	41	8	49	12	56	15	62	18	68	21	73	24	77	26	80	27	82	27	83	27	83	
58:
57	0.4	11	17	10	18	10	20	11	23	11	27	10	32	9	38	9	45	10	52	12	58	15	63	19	67	24	70	30	72	37	73	44	73	51	72	57	70	62	67	66	63	69	58	71	52	72	47	72	43	72	40	73	38	75	37	78	37	82	38	87	40	92	43	96	45	99	46	101	46	102	45	103	43	103	40	103	36	102	31	100	25	97	18	93	12	88	7	82	3	75	0	67	-2	58	-3	49	-3	41	-3	34	-2	28	0	23	3	19	7	16	11	14	14	12	16	11	17	11	17	
59:
43	0.812	32	29	33	30	35	32	36	35	36	39	35	44	33	50	32	57	32	65	33	73	35	81	38	88	42	94	47	99	53	103	59	106	64	108	69	109	73	109	77	108	80	106	82	103	83	99	83	94	83	88	84	81	84	73	83	65	81	56	78	48	74	41	70	35	65	30	59	26	53	23	48	21	44	20	41	20	39	21	37	23	35	26	33	28	32	29	32	29	
60:
35	0.498	106	12	105	13	103	14	100	16	96	19	91	22	86	26	82	31	79	37	77	44	76	51	76	57	77	62	79	66	82	69	86	71	91	72	95	72	99	71	102	69	104	66	105	62	105	57	104	51	102	45	99	39	97	34	96	29	96	24	97	20	98	17	100	15	103	13	105	12	106	12	106	12	
61:
45	0.374	65	67	66	66	68	65	71	63	75	60	80	58	84	55	87	51	89	46	90	40	90	34	89	29	87	25	84	22	80	20	75	19	69	19	62	19	54	19	45	19	37	19	29	20	22	20	16	21	11	23	7	26	4	29	2	33	1	38	1	44	2	49	4	54	7	58	11	61	16	63	22	64	29	65	37	67	44	68	50	68	55	67	59	66	62	66	64	66	65	67	65	67	
62:
43	0.828	5	13	4	14	4	16	5	19	6	23	8	28	9	34	11	41	14	49	18	57	21	66	24	74	28	81	33	87	39	92	46	96	53	99	60	101	66	102	71	102	75	101	78	99	80	97	81	94	81	90	80	85	78	79	75	72	71	64	66	56	61	49	55	42	49	36	42	31	34	27	27	23	21	19	16	16	12	14	9	13	7	12	6	12	5	13	5	13	
63:
43	0.443	26	71	27	70	29	69	32	67	35	64	39	60	42	56	44	51	45	47	45	44	44	40	42	35	39	31	35	28	30	25	25	22	21	19	18	17	15	15	13	13	12	10	12	6	13	3	15	1	18	0	22	0	27	0	32	1	37	3	41	6	44	10	46	15	47	21	47	28	46	35	45	43	43	50	40	56	36	61	32	65	29	68	27	70	26	71	26	71	
64:
47	6.843	70	1	69	2	67	4	64	7	60	10	55	14	49	19	44	25	40	32	37	40	35	49	34	59	34	68	35	76	37	83	40	89	44	94	49	98	55	101	62	103	70	104	79	104	87	104	95	103	102	101	108	98	113	94	117	89	120	83	122	76	123	68	123	59	122	49	121	40	119	32	116	25	112	19	107	14	101	10	95	6	89	3	84	1	80	0	76	-1	73	-1	71	0	70	1	70	1	
65:
55	2.713	89	88	90	87	92	85	95	82	98	78	101	73	103	67	104	60	104	52	103	45	101	37	100	28	98	20	95	13	91	7	86	2	80	-2	73	-5	65	-7	56	-8	47	-8	39	-7	31	-6	24	-4	18	-1	13	3	9	6	6	8	4	9	3	9	3	8	4	6	6	4	9	3	13	3	18	2	23	2	28	3	32	5	35	8	38	12	40	17	43	22	47	28	52	35	56	43	60	52	65	60	69	67	74	73	79	78	83	82	86	85	88	87	89	88	89	88	
66:
52	0.824	31	26	30	27	28	29	25	32	21	36	17	41	13	47	10	54	7	62	5	71	4	80	4	88	5	97	7	105	10	112	14	118	19	123	25	127	32	130	40	134	49	137	59	139	68	140	76	140	83	139	89	137	94	134	98	130	101	125	103	119	104	112	104	105	103	99	101	92	98	86	94	81	89	76	83	71	76	65	70	58	64	50	59	43	55	37	52	32	50	28	48	25	45	23	41	22	37	22	34	23	32	25	31	26	31	26	
67:
35	1.395	17	20	16	21	16	23	15	26	13	30	10	35	8	41	7	48	6	55	6	61	7	66	9	70	12	73	15	75	19	77	23	78	26	78	29	77	33	75	36	72	38	68	41	64	43	59	44	53	44	46	43	39	41	33	38	28	34	24	31	21	27	19	23	18	20	18	18	19	17	20	17	20	
68:
52	1.78	96	59	95	60	93	62	90	65	86	69	81	73	75	78	68	84	60	90	51	95	43	99	36	102	29	104	23	107	18	109	14	110	11	110	9	109	8	107	8	104	9	100	11	95	14	89	18	83	23	76	29	68	35	59	40	49	44	40	48	32	53	25	58	19	64	14	71	10	77	7	82	5	86	4	89	4	91	5	92	7	92	10	91	14	91	19	92	25	92	31	91	38	90	44	90	49	91	53	93	56	95	58	96	59	96	59	
69:
47	5.766	29	10	28	11	28	13	29	16	31	20	33	24	36	28	38	31	41	33	45	34	49	34	54	33	58	31	63	28	68	26	73	24	77	23	80	23	82	24	83	26	83	29	82	33	80	38	77	44	73	51	68	57	62	62	55	66	47	69	39	71	32	72	26	72	21	71	17	69	14	66	12	62	10	57	9	51	9	44	10	37	12	31	15	25	19	20	23	16	26	13	28	11	29	10	29	10	
70:
54	5.146	75	108	74	109	72	111	69	114	65	117	60	119	54	121	47	122	41	122	36	121	31	119	27	116	23	112	20	109	18	106	17	103	17	99	18	95	20	90	23	84	27	79	32	74	38	69	44	63	49	56	53	48	57	40	62	33	68	27	74	22	79	18	83	15	86	13	88	12	89	12	90	13	90	15	90	18	90	22	89	27	87	33	86	40	85	48	85	57	85	66	84	74	82	81	81	87	79	93	77	98	75	102	74	105	74	107	75	108	75	108	
71:
42	0.224	70	55	70	56	69	58	67	61	65	65	64	69	64	72	65	74	65	75	65	75	64	74	63	72	61	69	58	65	54	60	51	54	48	47	45	39	41	31	38	24	36	18	35	13	35	9	35	6	36	4	38	3	41	3	45	4	50	6	56	8	62	10	67	13	71	17	74	22	76	28	77	34	77	40	76	45	74	49	72	52	71	54	70	55	70	55	
72:
48	1.342	27	50	26	51	25	53	24	56	23	60	23	65	24	70	26	74	29	77	33	80	38	82	44	83	51	83	59	82	67	82	74	82	80	82	85	83	89	85	92	87	94	90	95	94	95	98	94	103	92	107	89	110	85	114	80	117	74	119	67	120	59	120	51	119	44	117	38	114	32	110	27	105	23	99	20	94	18	88	17	81	16	74	16	68	17	63	19	59	21	56	24	53	26	51	27	50	27	50	
73:
50	0.82	19	76	20	75	20	73	19	70	17	66	14	61	10	55	6	48	3	40	1	32	0	25	0	19	0	14	1	10	3	6	6	3	10	1	15	0	20	0	26	1	33	3	39	6	44	10	48	15	53	21	59	28	64	34	70	39	75	44	79	49	82	55	84	62	85	69	85	76	84	82	82	87	79	91	75	94	70	96	64	97	58	97	53	96	47	95	40	93	34	90	29	86	25	82	22	79	20	77	19	76	19	76	
74:
41	0.16	72	69	71	70	69	70	66	69	62	67	58	64	53	60	47	55	40	49	34	43	29	36	25	29	22	23	20	18	19	14	19	11	20	9	22	8	25	8	29	9	34	11	40	13	46	16	53	20	61	24	68	28	74	33	79	38	83	44	86	50	88	55	89	59	89	63	88	66	86	68	83	69	79	69	76	68	74	68	73	68	72	69	72	69	
75:
56	0.224	5	63	4	62	2	60	0	57	-1	53	-1	48	0	42	2	36	5	30	9	25	14	21	20	17	27	14	35	12	43	11	52	11	61	12	69	14	76	17	82	21	87	26	91	32	94	39	96	47	97	56	97	64	96	71	94	77	91	82	87	86	82	89	76	91	69	92	62	92	55	91	48	89	41	86	35	82	30	77	26	71	23	64	21	58	20	53	20	49	21	46	21	44	20	43	18	43	17	44	16	46	15	49	13	53	10	57	8	60	6	62	5	63	5	63	
76:
54	0.169	81	42	80	42	78	43	75	45	71	48	66	51	60	55	54	59	47	63	40	66	34	70	29	73	25	77	22	82	20	86	19	89	19	93	20	96	22	100	25	104	29	108	34	113	40	118	47	122	55	125	64	127	72	128	79	128	85	127	90	125	94	122	97	118	99	113	100	107	100	100	99	92	97	85	94	79	90	74	85	70	80	67	75	65	71	64	68	63	66	63	65	62	65	60	66	57	68	53	71	49	75	46	78	44	80	43	81	42	81	42	
77:
35	0.154	49	41	48	42	46	44	43	47	40	51	38	56	37	62	37	68	38	75	40	81	43	86	47	90	52	93	58	95	64	96	70	96	75	95	79	93	82	90	84	86	85	82	85	79	84	76	82	74	79	72	75	69	71	65	66	60	61	56	57	52	54	49	52	46	50	44	49	42	49	41	49	41	
78:
47	0.29	92	106	93	105	95	103	98	100	102	96	105	91	107	86	108	82	108	79	107	77	105	74	102	72	98	69	93	65	87	60	80	54	73	48	65	41	56	34	48	28	40	23	33	19	27	15	22	12	18	10	15	9	13	9	12	10	12	12	13	15	15	19	18	24	22	29	27	35	33	42	40	50	48	58	55	66	61	74	66	81	72	87	77	92	82	96	86	100	89	103	91	105	92	106	92	106	
79:
41	0.092	10	9	11	10	13	12	16	14	20	15	25	17	31	18	38	18	46	17	53	17	59	17	64	17	69	16	73	16	76	17	78	18	79	18	79	17	78	15	76	12	73	10	69	9	64	9	59	10	53	12	46	13	38	13	30	12	23	10	17	7	12	5	8	2	5	0	3	-1	2	-1	2	0	3	2	5	4	7	6	9	8	10	9	10	9	
80:
61	5.358	93	80	94	79	96	77	98	74	99	71	100	67	100	62	99	56	97	49	94	41	90	32	85	22	79	13	72	5	64	-2	55	-8	46	-13	38	-17	31	-20	25	-22	20	-23	16	-23	13	-22	11	-20	10	-17	10	-13	11	-8	13	-2	16	4	20	9	25	13	31	16	36	18	40	19	43	21	45	24	46	28	46	33	45	37	43	40	40	43	36	47	33	51	31	54	30	58	30	61	31	65	33	68	36	70	40	72	45	75	51	78	58	80	65	81	72	81	78	80	83	80	87	81	90	81	92	81	93	80	93	80	
81:
44	0.344	85	105	85	104	84	102	84	99	85	95	85	90	86	84	88	77	90	69	92	60	95	52	97	43	99	35	100	28	100	21	101	15	101	10	100	6	98	3	95	1	91	0	86	0	80	1	73	3	67	6	62	10	57	15	53	21	50	28	48	36	47	45	47	54	48	63	50	71	52	78	55	84	59	89	64	93	70	96	75	98	79	100	82	102	84	104	85	105	85	105	
82:
50	2.145	29	9	30	8	32	6	35	3	39	0	44	-2	50	-3	57	-3	65	-3	73	-2	80	0	86	3	91	7	95	12	98	18	100	25	101	33	101	42	100	52	98	61	95	69	91	76	86	82	80	87	73	92	65	96	58	99	51	101	45	102	40	102	36	101	33	99	31	96	30	92	30	87	31	81	32	74	34	68	37	61	40	53	42	45	43	37	43	30	42	24	40	19	37	15	34	12	32	10	30	9	29	9	29	9	
83:
43	2.155	1	46	2	47	4	49	7	51	11	54	16	58	22	63	29	68	37	73	46	77	55	80	63	82	70	83	76	85	81	86	85	87	88	87	90	86	91	84	91	81	90	77	88	73	85	68	81	62	76	55	70	49	65	44	61	40	58	37	55	35	52	34	49	34	45	35	40	37	34	40	27	42	21	43	16	43	11	42	7	42	4	43	2	45	1	46	1	46	
84:
51	2.912	46	10	45	11	43	13	40	16	36	20	31	25	25	31	19	37	14	43	9	48	5	52	2	55	0	57	-1	58	-1	59	0	59	2	58	5	56	9	55	14	55	20	55	27	56	35	58	43	61	52	64	60	68	68	71	75	73	82	74	88	74	93	73	97	71	100	68	102	64	103	59	103	53	102	46	100	39	97	32	94	26	90	21	85	16	79	12	72	9	66	7	61	6	56	6	52	6	49	7	47	9	46	10	46	10	
85:
44	0.687	91	61	90	62	88	64	85	67	81	69	76	71	71	74	65	76	59	77	53	77	48	76	44	75	41	73	39	70	38	66	38	61	39	55	41	49	44	42	48	35	51	29	53	23	54	17	54	12	54	8	54	5	54	3	55	2	57	2	60	3	64	5	69	8	75	12	81	17	86	23	90	28	93	34	95	40	96	46	96	51	95	55	94	58	92	60	91	61	91	61	
86:
42	2.377	90	97	89	96	87	94	84	91	80	87	76	82	71	76	65	69	58	61	50	53	43	45	37	38	31	32	26	27	22	23	19	20	17	17	16	15	16	14	17	14	19	15	22	16	26	18	31	21	37	23	44	25	51	28	58	31	65	34	71	38	76	43	80	48	83	54	85	61	86	69	87	76	88	82	89	87	89	91	89	94	89	96	90	97	90	97	
87:
50	0.228	24	82	24	81	23	79	23	76	24	72	25	67	26	61	27	54	27	46	28	39	30	31	33	24	37	18	42	13	48	9	55	6	62	4	69	3	75	3	80	4	84	6	87	9	89	13	90	18	90	24	89	31	89	39	90	48	90	57	89	67	87	76	84	84	80	91	76	97	72	102	68	106	63	109	59	111	56	112	54	112	53	111	51	109	48	106	44	102	39	97	34	92	30	88	27	85	25	83	24	82	24	82	
88:
44	0.392	69	42	68	41	66	39	63	37	59	35	54	34	48	34	41	35	33	36	26	38	20	41	15	45	11	50	8	56	6	63	5	70	5	76	6	81	8	85	11	88	15	90	20	91	26	91	33	90	40	88	47	86	55	84	62	82	68	81	73	80	77	78	81	77	84	75	86	73	87	70	87	66	86	61	84	56	81	52	77	48	74	45	72	43	70	42	69	42	69	42	
89:
43	0.19	74	1	73	2	71	4	68	7	64	11	59	16	53	20	46	25	39	31	32	38	26	46	21	54	17	61	14	68	12	74	11	79	11	83	12	86	14	88	17	89	21	90	26	91	32	91	39	90	47	88	56	85	64	81	71	76	77	70	82	63	86	55	89	47	91	38	92	30	92	23	91	17	89	12	87	8	84	5	80	3	77	2	75	2	74	1	74	1	
90:
46	9.004	23	79	24	78	26	76	29	73	32	69	36	64	41	58	46	52	50	46	54	41	59	37	65	34	72	32	79	31	86	31	92	32	97	34	101	36	104	39	106	43	107	48	107	54	106	61	104	68	101	74	97	79	93	83	89	86	86	88	84	89	81	89	79	88	78	86	76	84	73	82	69	81	64	80	58	79	51	78	44	78	38	79	33	80	29	81	26	81	24	80	23	79	23	79	
91:
43	1.148	42	56	43	57	45	58	48	60	52	63	57	67	63	72	68	78	72	83	75	88	77	92	78	95	78	97	77	98	75	98	72	97	68	97	63	96	57	96	51	96	44	96	38	97	33	99	29	102	26	105	24	107	23	109	23	110	23	110	24	109	26	107	27	104	27	100	26	95	26	89	26	82	27	76	29	71	32	66	36	62	39	59	41	57	42	56	42	56	
92:
45	1.016	91	24	92	25	94	27	96	30	97	33	97	37	96	42	94	46	92	49	89	51	85	52	82	52	79	51	76	49	72	46	69	42	65	38	60	33	54	27	47	22	40	18	34	15	29	13	25	12	22	12	20	13	19	15	19	18	20	20	22	21	25	21	29	20	34	18	40	15	47	12	54	10	62	9	69	9	75	10	80	12	84	15	87	18	89	21	90	23	91	24	91	24	
93:
45	0.404	82	88	81	89	79	91	77	94	74	98	70	103	65	107	59	110	52	112	44	113	35	113	27	112	20	112	14	111	9	109	5	107	2	106	0	105	-1	103	-1	100	0	96	2	91	4	85	7	79	11	74	16	68	22	62	29	57	37	53	45	50	54	48	62	47	69	47	75	48	80	50	84	53	87	57	89	62	90	67	90	73	89	78	87	82	85	85	83	87	82	88	82	88	
94:
46	1.927	17	46	18	47	20	49	23	52	27	54	32	56	38	57	45	58	52	58	60	57	67	55	73	53	78	51	82	50	85	50	87	51	88	53	88	56	87	60	85	65	82	70	78	76	73	82	67	87	60	91	52	94	44	98	37	101	31	103	25	104	20	104	16	103	13	101	11	98	10	94	10	89	11	83	13	76	14	70	16	65	18	61	19	56	19	52	18	49	17	47	17	46	17	46	
95:
45	0.269	29	29	28	28	26	28	23	29	19	30	16	32	13	35	11	39	10	44	10	50	11	56	13	62	16	67	19	71	23	74	28	76	34	77	41	77	49	76	57	74	65	71	72	67	78	64	83	60	87	55	90	49	92	42	93	35	93	29	92	23	90	18	88	14	85	11	81	9	76	8	70	8	63	9	57	11	50	13	44	16	39	20	35	23	32	26	30	28	29	29	29	29	
96:
50	5.194	109	7	109	8	108	10	106	13	103	17	100	21	96	26	92	32	88	39	85	46	82	54	80	63	78	71	76	79	75	86	75	92	76	97	77	101	77	104	76	106	74	107	71	107	67	106	62	104	58	101	55	97	53	92	50	86	47	79	43	72	40	65	38	57	37	48	37	39	38	31	40	23	43	16	47	10	52	5	58	1	65	-2	73	-4	81	-5	88	-5	94	-4	99	-2	103	1	106	4	108	6	109	7	109	7	
97:
44	0.566	12	57	12	56	13	54	15	51	18	47	21	42	23	36	24	31	24	26	25	22	27	18	30	15	34	13	39	12	44	12	49	13	55	15	62	18	69	22	75	26	80	30	84	34	87	37	90	39	92	40	93	40	93	41	92	41	90	40	87	38	83	37	78	37	72	38	65	39	57	41	48	44	40	47	33	49	27	52	22	54	18	56	15	57	13	57	12	57	12	57	
98:
40	0.402	68	20	67	20	65	20	62	19	58	19	53	20	47	21	40	23	33	26	27	28	22	31	18	35	15	40	13	46	12	53	12	61	13	68	15	74	18	79	22	83	27	86	33	88	39	89	44	89	48	88	51	86	55	83	59	79	62	74	64	68	65	61	67	53	70	46	72	40	73	35	73	30	72	26	71	23	69	21	68	20	68	20	
99:
43	1.378	24	100	25	99	27	97	29	94	32	90	34	85	37	80	39	74	41	67	43	61	46	56	49	52	51	49	52	47	54	46	57	46	61	47	66	49	71	52	77	56	82	61	86	67	89	73	91	79	92	86	93	92	93	97	92	101	90	104	87	106	83	107	78	107	72	106	65	104	59	103	52	101	45	100	39	100	34	99	30	98	27	98	25	99	24	100	24	100	