0:
48	1.853	32	66	31	65	29	63	26	60	23	56	21	51	20	46	20	42	21	39	23	36	26	34	30	33	35	33	40	34	46	36	52	39	59	43	66	48	72	53	77	57	82	60	86	62	89	63	91	63	92	64	92	66	91	69	89	73	86	78	82	84	77	89	71	93	64	96	57	99	50	101	44	102	39	102	35	101	32	99	30	96	28	92	27	87	26	81	26	76	27	72	29	69	31	67	32	66	32	66	
1:
46	3.969	99	39	98	40	96	42	93	44	89	47	84	51	78	56	71	60	63	63	54	66	45	68	37	70	30	71	23	71	17	72	12	74	8	77	5	81	3	86	2	92	2	97	3	101	5	104	8	106	12	107	17	107	22	106	26	104	29	101	31	97	34	92	36	86	38	79	41	71	45	63	50	56	56	50	63	45	71	41	78	38	84	36	89	35	93	35	96	36	98	38	99	39	99	39	
2:
54	7.286	106	74	107	73	109	71	112	68	116	64	121	60	125	55	128	49	130	42	131	34	131	27	130	21	129	16	127	12	124	9	120	7	115	6	109	6	103	7	96	9	89	12	81	14	72	17	63	20	55	22	48	23	41	24	35	24	30	24	26	25	23	25	21	26	20	28	20	30	21	31	23	31	26	32	30	34	35	37	40	40	46	44	53	47	61	49	70	50	78	52	85	55	91	57	96	60	100	63	103	67	105	70	106	72	106	73	106	74	106	74	
3:
57	4.64	42	73	43	72	45	70	48	67	52	63	57	58	63	52	69	45	75	38	80	31	84	25	87	18	89	12	90	7	90	3	89	0	87	-2	84	-3	80	-3	75	-3	69	-3	62	-3	55	-2	48	0	41	3	34	7	28	12	23	18	19	25	16	33	14	42	13	52	13	63	14	73	16	82	19	90	22	97	24	103	25	108	26	112	26	115	25	117	23	118	20	118	18	117	17	115	17	112	18	108	20	103	23	98	27	92	32	87	36	83	39	79	41	76	42	74	42	73	42	73	
4:
59	1.622	104	28	105	29	107	31	110	34	113	38	115	43	116	49	116	56	115	63	113	71	110	80	106	88	101	95	95	101	88	106	80	110	71	113	63	115	56	116	49	116	43	115	38	113	34	110	31	106	29	101	28	95	28	88	29	80	31	73	32	67	34	62	37	58	40	55	44	53	49	52	55	52	61	53	66	55	70	58	73	62	76	65	79	69	83	72	86	74	88	75	89	75	89	74	89	72	89	69	90	65	92	60	95	54	97	48	98	43	99	38	100	34	102	31	103	29	104	28	104	28	
5:
32	0.14	51	74	52	75	54	76	57	78	61	80	66	81	72	81	78	80	84	78	90	75	95	71	99	67	102	62	104	57	105	52	105	48	104	44	102	41	99	39	95	38	90	38	86	39	82	41	79	44	75	48	70	53	65	59	61	64	57	68	54	71	52	73	51	74	51	74	
6:
54	3.537	35	83	34	83	32	84	31	86	31	89	32	93	34	97	37	101	41	104	46	108	52	111	59	113	67	115	75	116	83	116	90	115	96	113	101	110	105	106	108	101	110	95	111	88	111	80	110	72	108	65	105	57	101	49	97	40	93	32	88	25	82	19	75	14	67	10	59	7	52	5	46	4	41	4	36	5	32	7	29	10	27	14	26	19	26	25	27	32	29	39	31	47	34	55	36	62	37	68	37	73	36	77	35	80	35	82	35	83	35	83	
7:
46	1.185	5	96	6	97	8	99	11	101	15	102	20	104	26	105	33	105	41	104	50	102	58	99	65	95	71	90	76	84	80	77	83	71	85	66	86	60	86	54	85	49	83	44	81	38	78	33	74	28	69	24	63	21	56	19	48	18	40	18	33	19	27	21	21	24	15	28	9	33	4	39	0	45	-3	52	-5	60	-6	68	-6	75	-5	81	-3	86	-1	90	2	93	4	95	5	96	5	96	
8:
49	0.404	73	16	72	15	70	13	67	12	63	12	58	13	53	15	47	17	42	20	38	24	34	29	30	35	26	42	21	50	17	59	14	68	10	76	7	84	5	91	4	97	4	102	4	106	5	109	7	111	10	112	14	112	19	111	25	109	32	106	39	102	47	97	56	91	64	84	71	76	77	67	82	57	86	48	89	40	91	33	92	27	92	22	91	18	89	15	86	13	82	12	79	12	76	13	74	15	73	16	73	16	
9:
54	2.95	71	12	70	13	68	15	65	18	61	22	56	27	50	33	43	40	36	48	29	56	23	65	17	73	12	80	8	86	5	91	3	97	2	102	2	107	3	112	5	116	8	119	12	121	17	123	23	124	30	124	38	123	46	122	55	120	65	117	75	113	84	108	92	102	99	95	105	87	110	78	114	68	117	58	119	49	120	40	120	32	120	25	119	19	117	14	114	10	110	7	105	5	99	4	92	3	86	3	81	4	77	6	74	9	72	11	71	12	71	12	
10:
63	14.206	55	111	54	112	52	114	49	116	45	118	40	119	34	119	27	118	19	116	10	113	1	109	-7	104	-14	98	-20	91	-25	83	-29	74	-32	64	-34	54	-35	45	-35	37	-35	30	-34	24	-32	19	-29	15	-25	12	-20	10	-14	9	-7	9	1	10	9	12	16	15	22	19	27	24	31	30	36	37	42	45	49	54	57	62	66	70	74	77	82	83	89	88	95	92	100	95	104	97	107	100	109	103	110	107	110	110	109	112	107	113	104	114	100	114	95	113	89	111	83	110	76	109	70	108	65	107	61	107	58	108	56	110	55	111	55	111	
11:
55	5.222	95	48	94	49	92	51	89	54	86	58	82	63	77	69	71	76	66	82	60	87	54	93	49	99	45	104	42	108	40	111	38	113	36	114	35	114	33	113	30	111	28	108	26	104	25	99	25	93	24	86	22	78	21	69	20	59	20	49	21	40	22	32	24	25	26	19	27	14	27	10	28	7	28	5	27	4	27	4	28	5	30	7	33	10	37	14	41	19	46	25	52	31	59	36	67	40	74	43	80	45	85	46	89	46	92	47	94	48	95	48	95	48	
12:
52	5.972	54	109	53	108	51	106	48	103	44	99	39	94	34	88	29	81	25	73	22	64	20	54	19	45	18	37	18	28	19	20	21	13	24	7	28	1	33	-4	39	-8	46	-11	54	-13	63	-14	73	-14	83	-13	92	-11	100	-8	107	-5	113	-1	118	4	122	10	125	17	127	25	128	34	128	44	127	53	125	62	122	70	119	77	115	83	110	88	104	94	97	99	90	103	82	107	75	110	69	112	64	113	60	113	57	112	55	110	54	109	54	109	
13:
54	15.606	99	20	100	21	102	23	105	26	108	30	111	35	113	41	114	48	114	56	113	65	111	75	108	84	104	93	99	101	93	108	86	114	78	120	69	125	59	129	50	132	42	134	35	135	29	135	24	134	20	132	17	129	15	125	14	120	14	114	15	108	17	103	20	97	24	90	28	82	33	73	37	63	40	53	42	44	43	36	44	29	45	23	47	18	50	14	54	11	59	9	65	8	72	8	78	9	84	10	89	12	93	15	96	17	98	19	99	20	99	20	
14:
55	4.742	83	104	82	105	80	106	77	108	73	111	68	115	62	118	55	120	47	121	39	121	32	120	26	118	21	115	17	113	14	111	12	108	11	105	11	102	12	100	14	99	17	97	21	94	26	90	30	85	33	79	35	72	36	64	38	56	39	48	41	41	44	35	48	30	53	26	59	23	66	21	74	20	82	20	89	21	95	23	100	26	104	30	107	35	109	40	110	46	110	53	109	61	107	68	104	76	100	83	95	89	91	94	88	98	86	101	84	103	83	104	83	104	
15:
46	0.897	113	13	112	12	110	11	107	11	103	11	98	10	92	9	85	9	77	8	69	7	61	6	54	6	48	6	43	6	39	7	36	9	34	12	32	16	31	20	31	25	32	31	34	38	37	46	41	53	46	59	52	64	59	68	66	71	74	73	82	74	89	74	95	73	100	71	104	68	107	64	110	59	113	53	115	46	116	39	116	33	115	28	113	23	112	19	112	16	112	14	113	13	113	13	
16:
48	4.839	86	114	85	113	83	112	80	111	76	111	71	111	65	111	58	111	50	110	42	110	35	111	28	111	22	110	17	110	13	109	10	109	8	110	7	110	7	110	8	110	10	109	13	107	17	104	22	100	28	97	35	93	42	88	50	84	57	80	63	77	68	74	72	71	75	69	78	68	80	68	81	69	81	71	81	74	81	78	82	82	84	87	86	93	87	99	88	104	88	108	88	111	87	113	86	114	86	114	
17:
51	2.431	106	42	106	41	105	39	103	36	100	32	98	27	95	21	91	16	86	12	82	9	78	7	73	6	67	5	60	5	53	6	46	8	39	11	33	15	28	20	23	25	19	31	16	38	14	46	13	55	13	63	14	70	16	77	18	83	21	88	23	92	24	95	24	97	24	98	25	98	27	97	29	95	32	92	36	88	41	83	47	77	54	70	62	64	70	58	78	53	85	49	91	46	96	44	100	42	103	41	105	41	106	42	106	42	
18:
66	0.608	4	115	4	114	3	112	1	109	-1	105	-3	100	-4	94	-4	87	-3	79	-1	70	0	61	0	52	1	44	2	37	4	30	6	24	9	19	13	15	18	12	24	10	31	9	39	9	48	10	58	12	68	15	77	19	85	24	92	30	98	37	103	45	107	53	110	62	112	72	113	81	113	89	112	96	110	102	107	107	103	111	98	114	92	116	86	117	79	117	71	116	63	114	56	111	50	107	45	102	40	96	36	91	33	87	31	84	30	82	30	81	29	81	27	82	24	84	20	87	16	91	13	95	11	100	9	105	7	109	6	112	5	114	4	115	4	115	
19:
47	1.551	85	12	86	11	88	10	91	10	94	11	96	13	97	16	97	20	96	25	94	31	91	38	87	45	82	53	76	60	70	66	63	72	55	77	47	81	38	84	30	86	23	87	17	87	12	86	8	84	5	81	3	77	2	72	2	66	3	59	5	51	6	42	8	34	11	27	15	21	20	16	26	12	33	8	41	5	49	3	57	2	64	2	70	3	75	4	79	6	82	9	84	11	85	12	85	12	
20:
42	0.328	89	26	90	25	90	23	89	20	88	16	86	12	83	9	79	7	74	5	68	4	61	4	54	5	48	7	41	10	34	14	28	19	22	25	16	30	11	34	7	37	4	39	2	40	1	41	1	43	2	44	4	44	7	43	11	41	16	40	22	39	29	39	36	38	44	38	53	38	61	38	68	38	74	37	79	35	83	32	86	29	88	27	89	26	89	26	
21:
51	1.437	29	33	30	32	32	31	35	31	39	30	44	30	50	31	56	31	61	30	65	28	68	25	70	23	71	21	71	20	70	20	68	21	65	23	61	26	56	30	51	35	45	41	38	48	30	56	23	65	17	74	12	82	8	89	5	95	3	100	2	104	1	107	1	109	2	110	4	110	5	109	5	107	4	104	3	100	3	95	4	89	5	82	5	74	6	66	8	59	11	53	15	48	19	43	23	39	26	36	28	34	29	33	29	33	
22:
50	0.993	94	80	93	81	91	83	88	85	84	88	79	91	73	93	66	94	59	95	51	95	42	94	34	92	27	89	21	85	16	80	12	74	9	67	7	59	6	51	6	44	7	38	9	32	12	27	16	23	21	20	27	18	34	17	42	17	50	18	59	20	69	23	78	27	86	32	93	38	99	44	104	49	108	55	111	61	113	67	114	72	114	76	114	80	113	83	111	85	108	86	104	86	100	85	97	83	95	81	94	80	94	80	
23:
47	2.227	109	69	108	68	108	67	108	65	109	62	110	58	112	53	113	47	113	40	112	32	112	25	111	19	109	14	106	10	103	7	100	5	96	4	92	4	89	5	85	7	81	10	78	14	74	19	71	25	67	31	62	37	58	43	55	50	53	56	52	61	51	65	51	69	52	72	54	74	56	75	59	75	63	74	68	72	74	70	81	68	88	67	94	67	99	67	103	67	106	67	108	68	109	69	109	69	
24:
57	5.57	58	89	57	88	55	87	52	86	48	84	43	81	37	77	30	72	24	67	19	61	15	54	11	46	7	37	4	29	2	21	1	14	1	8	2	3	4	-1	7	-4	11	-7	16	-9	22	-10	29	-10	37	-9	46	-7	55	-5	65	-2	74	2	82	6	89	9	96	11	102	12	107	12	111	12	114	13	116	14	117	16	117	19	116	22	114	24	111	25	107	26	103	28	100	31	98	35	96	40	93	46	89	53	84	61	79	68	73	74	68	79	64	83	61	86	59	88	58	89	58	89	
25:
43	0.615	67	93	68	92	70	90	73	88	77	85	82	81	86	77	90	72	93	66	95	59	96	52	96	45	95	39	93	33	90	28	86	24	81	21	76	19	70	18	63	18	56	19	49	21	43	24	38	28	34	33	31	39	29	46	28	54	28	61	27	68	27	74	28	79	30	83	33	86	37	88	42	89	47	89	52	89	57	90	61	91	64	91	66	92	67	93	67	93	
26:
54	4.035	4	64	5	65	7	67	10	70	14	74	19	79	25	85	32	91	40	98	49	104	59	109	69	113	78	117	86	120	93	122	99	123	104	123	108	122	111	120	113	117	114	113	114	108	113	102	111	95	108	87	104	79	100	70	97	60	95	50	93	41	91	33	88	26	84	20	79	15	73	11	66	8	58	6	49	5	40	5	32	6	24	8	17	11	11	15	6	20	2	25	-1	30	-3	36	-4	43	-4	49	-3	54	-1	58	1	61	3	63	4	64	4	64	
27:
53	1.586	88	89	89	88	89	86	89	83	88	79	86	74	83	68	79	61	75	53	71	45	66	37	60	30	53	24	45	19	36	15	27	11	19	8	12	5	6	3	1	2	-3	2	-6	3	-8	5	-9	8	-9	12	-8	17	-6	22	-3	28	1	35	6	43	12	51	19	58	27	64	36	69	46	73	56	77	65	82	73	88	80	94	86	99	91	103	95	106	98	108	100	109	101	109	101	108	100	106	98	103	95	99	92	95	90	92	89	90	88	89	88	89	
28:
49	0.701	12	69	13	70	15	71	18	73	22	75	27	77	33	80	40	84	48	88	56	93	65	97	73	100	80	102	86	103	91	103	96	102	100	100	103	97	105	93	106	88	106	82	105	75	103	67	102	59	102	51	103	44	105	38	107	33	108	29	108	26	107	23	105	21	102	20	98	19	93	19	87	20	80	22	72	25	63	29	54	34	46	39	39	45	33	51	27	56	22	60	18	63	15	66	13	68	12	69	12	69	
29:
51	3.232	81	101	80	100	78	98	75	95	71	92	66	88	60	83	55	78	49	74	44	71	40	69	37	68	35	68	34	69	34	69	35	70	37	70	40	69	44	67	49	64	55	60	61	55	68	50	74	44	79	37	83	31	86	26	88	21	89	17	89	14	90	12	91	11	92	11	92	12	91	14	89	17	86	21	82	26	79	32	76	39	74	47	73	56	73	65	72	73	72	80	72	86	73	91	75	95	78	98	80	100	81	101	81	101	
30:
67	6.039	33	13	34	14	36	16	39	19	41	23	44	28	47	34	49	41	50	49	50	58	49	68	49	78	48	87	48	95	49	102	51	108	54	113	58	117	63	120	69	122	76	123	84	123	92	122	99	120	105	117	110	113	114	108	118	102	122	95	125	87	127	78	128	68	128	57	127	46	125	35	122	25	118	16	113	8	107	1	100	-5	92	-10	83	-14	74	-17	65	-19	56	-20	46	-20	37	-19	29	-17	22	-14	16	-10	11	-5	7	1	4	8	2	14	1	19	1	23	2	26	4	28	6	29	9	29	13	28	18	26	23	23	27	19	30	16	32	14	33	13	33	13	
31:
60	57.978	6	28	7	28	9	27	12	27	16	26	21	26	27	27	34	29	42	32	51	36	61	39	71	42	80	46	88	51	95	57	101	63	106	68	110	72	113	76	115	81	116	87	116	94	115	102	113	111	110	121	106	130	101	138	95	145	88	151	80	156	71	160	61	163	51	165	42	166	34	166	27	165	21	163	15	160	10	157	6	154	3	150	1	145	0	139	0	133	1	126	3	118	6	110	10	102	14	93	17	83	19	73	20	64	20	56	19	49	17	43	15	38	12	34	9	31	7	29	6	28	6	28	
32:
52	28.158	14	70	15	71	17	73	20	76	24	80	29	84	35	89	42	95	50	101	58	106	67	110	77	113	86	115	94	116	101	116	107	115	112	113	117	110	121	106	124	101	126	95	127	88	127	80	126	71	124	63	121	54	117	46	112	38	106	31	100	25	93	20	85	16	78	13	71	11	64	10	56	10	49	10	43	11	38	13	34	16	31	20	29	25	28	31	28	38	28	45	27	51	25	56	22	60	20	64	17	67	15	69	14	70	14	70	
33:
50	0.762	72	106	71	107	69	107	66	107	62	107	57	106	51	104	44	101	38	97	33	93	29	88	26	82	24	76	23	71	23	67	24	64	25	62	27	61	30	61	32	62	35	64	39	67	44	70	50	74	56	77	63	79	71	80	80	80	88	79	95	77	101	74	106	72	110	71	113	71	115	72	116	74	116	77	115	80	113	84	110	89	106	94	101	98	96	101	90	103	85	105	81	106	78	107	75	107	73	107	72	106	72	106	
34:
39	0.296	7	29	8	28	10	26	13	23	17	19	22	15	27	12	31	10	36	9	41	9	45	9	48	10	50	12	51	15	51	19	50	23	48	28	45	34	42	41	39	47	35	52	31	56	28	59	26	61	24	62	22	62	21	61	20	59	18	56	15	52	11	47	8	42	6	38	4	34	3	31	3	29	4	28	6	28	7	29	7	29	
35:
49	1.547	1	100	2	101	4	102	7	104	11	105	16	105	22	106	29	108	37	110	46	111	55	112	64	112	72	111	79	109	85	106	90	102	94	97	97	91	100	85	103	78	105	70	106	61	106	53	105	46	103	40	100	34	98	29	95	25	91	22	86	20	80	19	73	19	66	20	58	22	49	25	41	29	34	34	28	40	23	47	18	55	14	64	11	72	9	79	6	85	3	90	1	94	0	97	0	99	1	100	1	100	
36:
49	0.267	89	118	88	117	86	116	83	114	79	111	74	107	68	102	61	98	53	94	44	90	36	87	29	84	23	81	18	78	13	74	9	70	6	65	4	60	3	56	3	53	4	51	6	49	9	47	13	46	18	46	24	47	31	49	38	51	46	54	54	57	63	61	71	66	78	72	85	78	91	84	96	89	100	93	103	96	105	99	106	103	106	107	105	110	103	112	100	114	97	115	95	117	92	118	90	118	89	118	89	118	
37:
43	1.499	4	77	5	76	7	74	10	71	14	67	19	62	25	56	31	50	38	45	44	41	51	38	59	36	67	34	74	33	80	33	85	34	89	36	93	39	97	43	100	48	102	54	103	60	103	67	103	74	102	80	100	85	97	89	93	92	88	94	82	95	75	95	67	94	58	92	49	89	40	86	32	84	25	83	19	83	14	82	10	80	7	78	5	77	4	77	4	77	
38:
60	3.442	30	70	31	69	32	67	33	64	33	60	33	55	32	49	30	42	28	36	25	31	21	27	17	24	14	22	12	20	11	19	11	19	12	18	14	16	17	15	21	14	26	12	32	9	39	7	47	6	55	6	63	7	71	9	79	12	86	16	92	21	97	27	101	34	104	42	106	51	107	61	107	70	106	78	104	86	101	93	97	99	92	104	86	108	79	111	71	113	63	114	56	114	49	113	42	111	36	108	31	104	27	100	24	97	22	93	21	88	21	83	22	79	24	76	27	73	29	71	30	70	30	70	
39:
55	15.557	44	16	45	17	47	19	49	22	52	26	56	31	61	37	67	44	74	51	80	58	85	66	89	74	92	82	94	89	95	95	95	100	95	104	95	107	94	109	92	110	89	110	86	109	84	107	83	104	83	100	83	95	84	89	86	82	89	74	93	65	98	56	104	47	109	39	113	32	116	26	118	21	119	17	119	13	118	10	116	6	113	3	109	1	104	0	98	-1	91	-1	83	-1	76	0	70	1	64	2	59	4	54	7	50	10	47	13	45	15	44	16	44	16	
40:
43	2.585	46	32	45	33	43	34	40	35	37	37	35	40	33	44	32	49	32	55	33	62	35	70	38	78	42	85	47	91	53	96	60	100	66	103	73	106	79	109	85	111	90	112	94	112	97	111	99	109	100	106	101	102	101	97	100	91	98	84	95	76	91	67	86	59	82	52	79	46	75	41	70	37	65	34	60	32	56	31	52	30	49	30	47	31	46	32	46	32	
41:
56	2.961	49	69	48	68	46	66	43	63	39	59	35	54	32	48	29	41	27	33	26	25	26	18	27	11	29	5	31	-1	34	-6	38	-10	43	-13	49	-15	55	-16	62	-16	70	-15	79	-13	87	-10	94	-6	100	-1	105	5	109	11	112	18	114	26	115	35	115	45	114	56	112	66	109	75	105	83	100	90	94	96	87	101	79	105	70	108	62	110	55	111	49	111	44	111	40	110	37	108	35	105	34	101	34	96	35	90	37	84	40	79	43	75	46	72	48	70	49	69	49	69	
42:
48	0.762	66	75	67	76	69	78	72	80	75	83	78	87	82	92	87	96	93	99	100	101	107	102	114	102	120	101	125	99	129	96	132	92	134	87	135	81	135	74	134	66	132	58	129	51	126	45	122	40	117	36	111	32	104	29	96	27	87	26	79	26	71	27	64	29	58	32	53	36	49	41	46	47	44	53	43	58	43	63	44	67	46	70	49	72	52	73	56	73	60	73	63	73	65	74	66	75	66	75	
43:
41	0.101	77	9	78	8	80	7	82	7	83	6	83	4	82	1	80	-1	77	-2	73	-2	69	-2	65	-1	61	1	56	4	50	8	43	13	37	19	32	26	28	34	24	41	21	47	19	52	18	56	18	59	19	61	21	62	24	62	28	61	33	59	38	56	44	52	50	47	55	41	61	36	66	30	70	24	73	19	75	15	76	12	76	10	77	9	77	9	
44:
50	1.321	42	100	42	99	42	97	41	94	39	90	36	85	34	79	32	72	31	64	31	56	32	49	34	42	37	36	41	31	46	27	52	24	59	22	66	21	74	21	83	21	91	21	100	22	108	23	115	25	121	28	126	32	130	37	133	43	135	50	136	58	136	66	135	75	133	84	130	92	126	99	121	105	115	110	108	114	102	117	95	119	87	120	78	120	70	119	63	117	57	114	52	110	48	106	45	103	43	101	42	100	42	100	
45:
68	1.089	5	22	4	23	4	25	3	28	1	32	-1	37	-3	43	-4	50	-4	58	-3	66	-1	74	2	81	6	87	11	92	17	96	24	99	32	101	41	102	51	102	61	101	71	100	80	98	89	95	97	91	104	86	110	80	115	73	119	65	122	56	124	46	125	37	125	29	124	22	122	16	119	11	115	7	110	4	104	2	99	1	94	1	90	2	85	4	79	7	74	11	70	16	67	22	65	28	64	35	62	42	59	48	56	53	54	57	53	60	52	62	51	63	50	63	48	62	45	60	41	57	36	53	30	48	24	42	19	37	15	32	11	28	8	25	6	23	5	22	5	22	
46:
51	1.427	55	61	56	61	58	61	61	62	65	64	70	66	76	67	83	67	89	66	94	64	98	62	102	59	105	55	107	51	108	46	108	42	107	39	105	37	102	35	98	32	93	28	87	23	80	17	72	12	63	8	54	5	46	3	39	2	33	2	27	3	21	5	16	8	12	12	9	16	7	21	6	27	6	34	7	42	9	49	12	55	16	60	20	64	25	67	31	69	36	70	40	70	45	69	49	67	52	64	54	62	55	61	55	61	
47:
47	2.09	92	60	93	61	95	63	97	66	100	70	102	75	104	79	105	82	105	86	104	89	102	91	99	92	95	92	90	91	84	89	77	86	69	82	60	77	51	71	43	64	36	57	30	50	25	44	21	39	18	35	16	31	15	28	15	26	16	25	18	25	20	26	23	28	27	31	31	35	36	40	42	45	49	50	55	54	62	57	69	59	75	60	80	62	84	63	87	63	89	62	91	61	92	60	92	60	
48:
43	0.611	44	1	45	2	46	4	48	7	51	11	55	16	60	22	66	29	71	37	75	45	79	53	83	60	86	67	88	75	89	82	89	88	88	93	86	97	83	101	79	104	74	106	68	107	61	107	53	106	46	104	40	101	35	97	31	92	27	86	24	79	22	71	21	62	21	52	22	43	23	35	25	28	27	22	30	16	34	11	38	7	41	4	43	2	44	1	44	1	
49:
38	0.556	26	90	27	89	29	87	32	84	36	80	41	77	47	75	54	73	62	72	70	72	77	73	83	75	88	78	92	82	95	87	97	93	98	99	98	105	97	110	95	114	92	117	88	119	83	120	78	120	74	119	70	117	67	114	65	110	62	106	58	102	53	98	47	94	41	91	36	89	32	88	29	88	27	89	26	90	26	90	
50:
61	8.652	14	26	15	25	16	23	18	20	21	16	25	11	30	5	36	0	43	-4	51	-7	60	-9	70	-10	79	-10	87	-9	94	-7	100	-4	105	0	109	5	112	10	114	16	115	23	115	31	114	40	112	50	109	60	105	70	100	79	94	87	87	94	79	100	70	105	60	109	51	112	43	114	36	115	30	115	25	114	21	112	18	109	16	105	15	100	15	94	15	87	16	79	18	70	21	61	23	53	24	45	24	38	23	32	21	27	18	23	16	20	15	18	15	17	14	17	13	18	12	20	12	23	13	25	14	26	14	26	
51:
45	5.864	43	117	43	116	42	114	41	111	40	107	39	102	39	96	40	90	42	83	44	75	47	66	49	58	52	51	55	45	59	39	64	34	70	30	77	27	85	25	92	24	98	24	103	25	107	27	110	30	112	34	114	39	115	45	115	52	114	60	112	69	109	78	105	86	100	93	95	99	90	104	84	108	77	111	70	115	64	118	58	120	53	121	49	121	46	120	44	118	43	117	43	117	
52:
47	1.867	35	74	34	73	32	72	29	70	25	67	20	64	16	60	13	55	11	49	9	43	8	37	8	31	9	26	11	22	14	19	18	17	23	16	29	16	36	17	43	19	49	22	54	26	58	31	61	37	63	44	64	52	64	60	65	68	65	75	64	81	64	87	63	92	61	96	59	99	56	101	52	102	47	102	42	101	38	99	35	96	33	92	32	87	32	83	33	80	34	77	34	75	35	74	35	74	
53:
52	2.57	27	4	28	3	30	1	33	-1	37	-2	41	-2	46	-1	52	1	59	4	67	8	75	13	82	19	88	26	93	34	97	42	100	50	102	58	104	65	106	71	109	76	111	80	112	85	112	91	111	96	109	100	106	103	102	105	97	106	91	106	84	105	76	103	68	102	59	100	50	97	42	94	35	90	29	85	24	79	20	74	16	68	13	61	11	55	10	48	10	40	11	32	12	25	14	19	17	14	21	10	24	7	26	5	27	4	27	4	
54:
42	1.502	119	114	119	113	118	111	117	108	115	104	113	99	110	93	106	86	101	78	95	69	89	61	84	53	80	46	77	40	74	35	71	31	69	27	68	24	67	22	67	21	66	21	65	22	65	24	65	27	66	31	66	36	67	42	69	49	70	57	71	66	73	75	76	83	80	90	85	96	91	101	98	105	104	109	109	112	113	114	116	115	118	115	119	114	119	114	
55:
56	11.03	109	117	108	118	106	120	103	123	99	126	94	129	88	131	81	132	73	132	64	131	55	130	46	128	38	125	31	121	25	116	20	110	16	103	13	95	11	86	10	76	10	65	11	55	13	46	16	38	20	31	24	25	29	20	35	16	42	13	48	11	53	10	57	10	60	11	62	13	63	16	63	20	63	25	62	31	60	38	59	46	59	55	60	64	62	72	65	79	69	85	74	90	80	94	87	97	93	100	98	102	102	104	105	107	107	111	108	114	108	116	109	117	109	117	
56:
61	0.302	106	113	107	112	109	110	111	107	113	103	115	98	116	92	116	85	115	77	113	68	110	60	106	53	101	47	95	42	88	38	81	35	75	33	70	32	66	31	63	31	61	32	60	34	60	35	61	35	63	36	66	37	70	39	73	41	77	44	80	48	82	53	83	59	83	66	82	73	80	79	77	84	73	88	68	91	62	95	57	99	52	102	48	104	45	107	43	109	42	111	42	113	43	114	45	114	48	114	52	114	57	113	63	113	70	112	78	110	85	109	91	108	96	108	100	109	103	110	105	112	106	113	106	113	
57:
51	0.916	116	63	115	62	113	60	110	57	106	53	101	48	95	42	88	35	80	29	72	23	63	18	53	14	44	11	36	9	28	8	21	8	15	9	10	11	6	14	3	18	1	23	-1	29	-2	36	-2	44	-1	53	1	62	4	71	8	79	13	86	19	93	25	99	30	104	36	108	43	111	51	113	59	114	67	114	74	113	81	111	87	108	92	104	96	99	99	94	101	89	103	84	105	78	107	73	110	69	113	66	115	64	116	63	116	63	
58:
61	24.624	109	116	108	115	106	113	103	110	99	106	94	101	88	96	81	91	73	86	65	82	56	79	46	76	37	74	29	72	22	71	16	71	11	72	7	74	4	77	2	79	1	80	1	80	2	81	4	81	7	80	11	78	16	75	22	71	29	66	36	60	44	53	51	46	57	39	62	32	66	26	69	21	71	17	74	14	78	12	81	11	85	11	90	12	94	14	97	17	100	21	103	26	105	32	106	39	107	47	109	56	111	66	112	75	112	83	111	90	109	96	107	101	106	106	106	110	107	113	108	115	109	116	109	116	
59:
50	0.108	49	101	48	100	46	99	43	97	39	94	34	91	28	89	23	86	19	82	15	77	12	73	10	70	9	68	9	66	10	65	12	65	15	64	19	64	23	63	28	63	34	63	41	63	49	62	57	61	66	61	75	62	83	64	90	67	96	70	101	74	105	79	108	85	110	91	111	96	111	100	110	105	108	109	105	112	101	114	96	115	90	115	83	114	76	112	70	109	64	106	59	103	55	101	52	100	50	100	49	101	49	101	
60:
62	0.456	77	78	78	77	80	75	82	72	85	68	87	63	88	58	88	52	87	45	85	38	82	32	78	25	73	19	67	14	60	10	52	7	43	5	33	4	22	4	12	5	2	7	-7	10	-15	14	-22	19	-28	25	-34	32	-39	40	-43	48	-46	57	-48	66	-49	74	-49	81	-48	87	-46	92	-43	96	-39	99	-34	101	-28	102	-22	102	-15	101	-7	99	2	96	10	92	17	87	23	81	28	74	32	68	35	63	37	59	38	56	39	54	41	53	44	53	47	54	51	56	56	59	62	63	67	68	71	72	74	75	76	77	77	78	77	78	
61:
47	1.248	76	75	77	74	79	72	82	69	84	65	85	60	85	54	84	47	82	40	79	34	75	28	70	23	64	19	58	16	51	14	45	12	40	11	36	11	32	12	29	14	27	17	26	21	26	26	27	32	29	37	32	43	36	49	39	56	41	64	42	72	43	79	45	85	47	90	49	94	52	97	56	99	61	100	66	100	70	99	73	97	75	94	76	90	76	85	76	81	76	78	76	76	76	75	76	75	
62:
51	4.861	79	108	80	107	80	105	79	102	77	98	74	93	70	87	65	80	59	72	52	63	45	53	38	44	32	35	27	27	23	20	20	14	16	9	13	5	11	2	10	-1	10	-4	11	-6	13	-7	16	-7	20	-6	25	-6	31	-5	38	-3	46	0	55	2	64	5	73	8	81	11	88	15	94	20	99	26	103	32	106	38	108	45	109	53	109	61	108	70	106	78	103	85	99	91	94	96	89	100	85	103	82	105	80	107	79	108	79	108	
63:
49	0.137	39	24	38	23	36	22	33	22	29	23	25	24	20	25	15	26	11	28	7	30	4	31	2	33	1	36	1	39	2	41	4	44	7	48	11	53	16	58	22	62	29	67	37	73	46	78	55	82	64	85	72	87	79	89	85	90	90	90	94	89	97	87	99	84	100	81	100	78	99	75	97	71	94	66	90	60	85	53	79	46	72	40	65	35	59	31	54	28	49	26	45	25	42	25	40	24	39	24	39	24	
64:
50	0.459	58	0	57	-1	55	-3	52	-5	48	-7	43	-8	37	-8	31	-7	25	-5	20	-2	16	2	13	7	11	13	10	20	10	28	11	37	13	47	16	56	19	64	23	71	28	77	34	83	41	88	49	92	57	95	65	97	72	98	78	98	83	97	88	95	93	92	97	88	101	83	104	77	106	70	107	62	107	53	106	43	104	34	101	26	97	19	92	13	86	8	79	4	73	1	68	-1	64	-2	61	-2	59	-1	58	0	58	0	
65:
50	0.584	108	96	107	95	105	94	102	94	98	95	93	97	87	100	80	102	72	103	64	105	57	106	51	106	46	106	42	107	39	107	37	108	36	108	36	107	37	105	39	102	42	98	45	93	49	89	54	84	58	78	61	71	63	63	64	56	64	50	63	45	61	41	58	38	56	36	55	35	55	35	56	36	57	38	59	41	62	45	66	50	71	56	77	63	84	70	90	76	95	81	99	86	102	90	105	93	107	95	108	96	108	96	
66:
47	1.707	116	0	117	1	119	3	121	6	123	10	124	15	124	21	123	28	121	36	118	45	116	54	113	63	109	71	104	78	98	84	91	89	83	93	76	96	69	98	63	99	58	99	52	98	46	96	41	93	37	89	34	84	32	78	31	71	31	63	32	56	34	48	37	40	41	32	46	25	52	19	58	14	65	10	73	7	80	3	88	0	95	-2	101	-3	106	-4	110	-4	113	-3	115	-1	116	0	116	0	
67:
45	0.416	7	108	8	109	10	111	13	114	17	117	22	119	27	120	33	120	40	120	48	119	56	117	64	114	72	110	79	105	85	99	90	92	94	84	97	75	99	67	100	60	100	54	99	49	97	44	94	40	91	37	87	35	82	34	76	34	69	35	63	37	58	40	53	44	48	49	43	55	39	61	36	68	34	76	31	83	27	89	22	94	17	98	13	102	10	105	8	107	7	108	7	108	
68:
61	2.098	51	98	52	99	54	101	55	104	57	106	60	109	63	111	67	112	70	112	72	111	74	109	75	106	76	102	76	97	77	91	79	84	81	76	83	67	86	57	88	48	89	40	89	32	89	25	88	19	87	14	87	10	88	7	90	5	92	4	93	4	93	5	92	7	90	10	87	14	83	19	78	24	72	28	65	31	57	33	50	34	44	34	39	33	34	31	30	30	27	30	25	31	24	33	24	36	25	40	27	45	29	51	30	58	32	66	35	73	38	79	41	84	44	88	47	92	49	95	50	97	51	98	51	98	
69:
50	3.556	55	56	55	55	56	53	58	50	61	46	65	41	70	35	76	30	83	26	91	22	98	19	104	17	109	16	115	16	120	17	124	19	127	22	129	26	130	31	130	37	129	44	127	52	124	61	121	71	118	80	114	88	109	95	103	101	96	106	88	110	79	113	71	115	63	116	56	116	50	116	45	115	41	113	38	110	36	106	35	101	35	95	35	88	36	81	38	75	41	70	45	66	49	62	52	59	54	57	55	56	55	56	
70:
54	4.576	108	118	107	119	105	119	102	118	98	117	93	116	88	115	82	113	75	111	67	108	59	106	52	103	46	99	41	94	37	88	34	81	32	74	31	66	31	57	32	48	34	40	37	33	41	27	46	21	52	16	59	12	66	9	74	7	83	6	91	6	99	5	106	5	112	6	117	8	121	11	124	15	126	20	127	25	127	31	126	38	124	45	121	51	117	58	113	65	109	73	106	82	104	90	103	97	103	103	104	108	106	112	107	115	108	117	108	118	108	118	
71:
52	0.507	78	113	77	112	75	110	72	107	68	103	63	98	58	92	54	86	51	80	49	73	47	66	45	60	43	55	40	51	37	48	33	46	28	45	22	45	17	46	12	48	8	51	5	55	3	60	2	66	2	72	3	78	5	84	8	91	11	97	15	102	20	106	26	109	33	111	40	112	48	112	57	111	65	109	72	107	78	104	83	100	87	97	90	95	92	94	93	94	93	95	92	97	90	100	87	104	84	107	81	110	79	112	78	113	78	113	
72:
48	2.223	40	119	41	118	43	116	46	113	50	109	55	104	60	98	66	91	73	83	81	74	89	64	96	54	102	45	107	37	111	30	114	24	116	18	117	12	117	6	116	1	114	-3	111	-6	107	-8	102	-9	96	-9	89	-9	81	-8	72	-6	63	-3	55	1	48	6	42	12	37	19	33	27	30	36	28	46	25	55	23	65	22	74	22	83	23	91	25	98	28	104	32	109	35	113	37	116	39	118	40	119	40	119	
73:
49	3.596	89	1	88	1	86	2	83	4	80	7	76	11	71	14	65	18	58	22	50	26	42	31	35	37	29	44	23	52	18	59	13	65	9	70	6	75	4	81	3	87	3	93	4	99	6	104	9	108	13	111	18	113	24	114	31	114	39	113	48	111	58	108	67	104	75	99	82	94	88	88	93	81	97	73	100	65	102	56	103	46	103	37	102	29	100	22	97	16	94	11	92	7	91	4	90	2	89	1	89	1	
74:
56	0.718	51	55	50	56	50	58	49	61	49	65	50	70	52	76	55	83	59	91	62	98	64	104	65	109	65	113	64	116	62	118	59	119	56	119	52	118	48	116	43	113	37	109	32	104	28	98	24	91	20	83	17	74	13	66	10	57	8	48	7	38	7	29	8	21	10	14	13	8	17	3	22	-1	28	-4	35	-6	42	-7	49	-7	55	-6	60	-4	64	-1	67	3	69	8	70	14	70	21	70	28	69	34	67	39	64	43	60	46	57	49	54	52	52	54	51	55	51	55	
75:
67	29.648	82	72	81	73	79	75	76	78	72	82	67	87	61	93	54	98	46	102	37	105	29	107	22	108	16	108	10	107	5	105	1	102	-2	98	-4	93	-5	87	-5	80	-5	72	-4	63	-2	53	1	44	5	36	10	29	16	23	23	18	30	14	38	11	47	9	57	8	68	8	79	9	89	11	98	14	106	18	113	23	119	29	124	36	128	44	131	53	133	62	134	72	134	81	133	89	131	96	128	102	124	107	119	111	115	114	111	116	106	117	100	117	95	116	91	114	87	111	84	108	82	104	81	99	81	93	80	87	79	82	79	78	80	75	81	73	82	72	82	72	
76:
43	3.709	0	86	1	85	3	84	6	82	10	79	15	76	21	74	28	73	35	71	41	68	47	66	54	63	60	59	65	56	69	54	72	53	74	52	75	50	75	47	74	44	72	42	69	41	65	41	61	41	56	41	50	41	43	40	35	38	28	37	21	37	15	38	10	40	6	43	3	47	1	52	0	58	0	65	1	71	1	76	0	80	-1	83	-1	85	0	86	0	86	
77:
47	0.142	57	112	56	111	55	109	55	106	56	102	58	97	61	91	65	84	69	78	74	72	79	66	85	61	92	57	98	53	104	50	109	48	113	47	116	47	118	47	119	48	119	50	118	53	116	57	113	60	109	62	104	63	98	63	91	62	83	61	75	61	68	62	61	62	55	63	50	65	46	68	43	72	41	76	40	81	40	86	41	90	43	94	45	98	48	102	51	106	54	109	56	111	57	112	57	112	
78:
60	9.147	63	39	64	38	66	36	69	33	72	29	76	25	81	22	87	20	94	19	100	19	105	18	109	17	112	17	114	18	115	20	115	21	114	23	112	26	109	29	105	33	100	38	96	44	93	51	91	58	90	66	89	75	89	83	89	91	88	98	86	104	83	109	79	113	74	116	68	118	61	119	53	119	44	118	36	116	29	113	23	109	18	104	14	98	11	91	9	83	8	74	8	66	9	58	11	51	14	45	18	40	23	36	29	33	35	31	42	30	48	30	53	31	57	33	60	36	62	38	63	39	63	39	
79:
58	24.618	106	60	107	59	109	57	112	54	115	50	118	45	120	39	121	33	121	28	120	23	118	19	115	16	111	14	106	13	100	13	93	14	85	16	76	19	68	23	60	28	52	34	45	41	39	49	34	58	30	66	27	73	25	79	24	84	24	88	25	91	27	93	30	94	34	94	39	93	45	93	51	92	58	92	65	93	71	95	76	98	80	102	84	105	87	107	89	108	92	108	96	107	101	105	105	102	109	98	112	93	114	87	115	81	115	75	114	70	112	66	109	63	107	61	106	60	106	60	
80:
44	0.109	78	87	77	88	75	90	73	93	71	96	69	99	66	103	62	108	59	112	56	115	54	117	53	118	53	118	52	117	51	115	51	113	50	110	50	106	51	101	53	95	55	88	56	80	56	72	55	65	53	59	50	54	46	50	43	47	41	45	40	44	39	44	39	45	40	46	42	48	45	51	49	55	53	60	58	66	63	72	68	77	72	81	75	84	77	86	78	87	78	87	
81:
56	11.141	65	111	66	112	68	113	71	114	75	114	80	113	86	111	93	108	99	104	104	99	108	93	111	86	113	78	114	71	114	64	113	58	111	53	108	49	104	46	99	44	94	43	88	43	81	44	73	46	64	49	54	53	44	58	35	64	27	70	20	76	14	81	9	85	5	88	2	90	0	91	-1	91	-1	90	0	88	2	86	5	83	9	80	14	78	20	76	27	75	35	75	42	76	48	78	53	81	57	85	60	90	62	96	63	101	63	105	63	108	64	110	65	111	65	111	
82:
47	5.351	22	18	21	19	21	21	21	24	22	28	24	33	27	39	31	46	36	54	42	62	49	69	57	75	64	80	72	84	81	87	89	89	96	90	102	90	107	89	111	87	114	84	117	80	119	75	121	69	123	62	124	54	124	46	123	39	121	32	118	26	114	21	109	17	103	14	96	12	88	11	79	11	70	12	62	14	55	17	49	19	43	20	37	20	32	19	28	18	25	17	23	17	22	18	22	18	
83:
53	0.787	65	12	64	13	62	15	61	18	61	22	62	27	64	33	66	40	69	48	73	57	78	66	84	74	91	81	97	87	102	93	106	99	109	104	111	108	112	111	112	113	111	114	109	114	106	113	102	111	97	108	91	104	84	101	76	99	67	97	59	96	51	96	44	97	37	99	31	100	26	100	22	99	19	97	17	94	16	90	16	85	17	79	19	72	22	64	26	55	31	47	37	40	44	33	50	27	55	22	59	18	62	15	64	13	65	12	65	12	
84:
50	1.655	37	11	38	12	40	14	42	17	45	21	49	26	53	32	58	39	63	47	67	55	70	64	72	73	73	81	73	88	72	94	70	100	67	105	63	109	58	112	52	114	45	115	37	115	30	114	24	112	19	109	14	107	10	104	7	100	5	95	4	89	4	82	4	74	5	65	7	56	10	47	12	38	13	30	13	23	12	17	12	12	13	8	14	5	16	3	19	2	23	2	27	3	31	5	34	8	36	10	37	11	37	11	
85:
45	0.113	3	79	2	78	2	76	3	73	5	69	7	64	10	58	14	52	19	47	25	43	32	40	40	36	49	33	57	31	66	30	74	29	81	29	87	28	92	27	96	27	99	26	102	24	104	23	105	23	105	24	104	26	102	29	99	33	95	38	90	44	84	51	77	57	71	64	64	70	56	75	47	79	39	82	31	84	24	85	18	85	13	84	9	82	6	80	4	79	3	79	3	79	
86:
44	0.412	58	48	57	49	55	49	53	50	50	51	46	53	41	55	35	58	28	62	22	67	17	72	13	78	10	83	8	87	7	92	7	96	8	99	10	102	13	104	17	105	21	105	26	105	32	105	39	105	47	105	55	104	62	103	68	102	73	100	77	97	80	93	82	88	83	83	83	77	83	72	82	68	80	64	77	61	73	57	68	54	64	51	61	49	59	48	58	48	58	48	
87:
48	0.06	50	31	49	30	47	29	44	28	40	28	35	29	29	30	24	32	20	34	17	37	15	39	14	40	14	42	15	45	17	49	20	53	24	56	28	58	33	59	39	60	46	60	54	59	63	57	72	56	80	55	87	55	93	56	98	58	102	61	105	65	107	68	108	70	108	71	107	71	105	70	102	68	98	65	93	62	87	59	80	55	73	50	67	46	62	41	58	37	55	34	53	32	51	31	50	31	50	31	
88:
54	4.8	79	0	78	1	76	2	73	4	69	7	64	11	58	16	51	21	44	25	38	28	33	30	29	31	26	31	24	30	23	29	23	29	24	30	26	32	29	33	33	35	38	38	44	42	49	47	55	53	62	60	70	68	78	75	85	81	91	86	96	90	101	94	105	97	109	99	114	100	118	100	121	99	123	97	125	94	126	90	126	85	125	79	123	72	120	64	116	55	113	45	109	36	105	28	100	21	94	15	89	10	85	6	82	3	80	1	79	0	79	0	
89:
46	0.131	59	69	58	69	56	69	53	68	49	66	44	63	38	60	32	58	27	55	23	51	20	46	17	40	15	34	14	29	14	25	15	22	17	20	20	19	24	19	29	19	35	20	42	22	50	25	58	29	65	32	71	36	78	39	84	41	89	42	93	42	96	42	98	43	99	44	99	46	98	48	96	51	93	55	89	59	84	63	78	66	73	68	69	69	65	69	62	70	60	70	59	69	59	69	
90:
52	1.174	14	73	15	72	17	71	20	69	24	66	29	63	35	61	41	60	48	60	54	61	59	63	63	65	66	68	68	72	69	77	69	83	68	90	66	96	63	101	59	105	54	108	48	110	41	111	33	111	25	110	18	109	12	107	6	104	0	101	-5	97	-9	92	-12	86	-14	79	-15	71	-15	64	-14	58	-12	53	-9	49	-5	46	0	44	6	43	11	43	15	44	18	46	20	49	21	53	21	58	20	63	18	67	16	70	15	72	14	73	14	73	
91:
45	0.908	43	110	42	109	40	107	38	104	35	100	31	95	26	89	22	82	19	74	17	65	16	55	16	45	16	36	16	27	16	19	16	12	17	6	19	1	22	-3	26	-6	31	-8	36	-9	42	-9	49	-8	55	-6	60	-3	64	1	68	5	71	10	73	16	74	23	74	31	74	40	73	50	71	60	68	69	64	77	61	84	59	90	56	95	53	100	49	104	46	107	44	109	43	110	43	110	
92:
47	1.23	15	34	16	35	18	37	21	40	24	43	27	47	31	52	36	56	42	59	49	62	55	64	60	65	64	65	67	64	70	62	72	59	73	55	75	51	78	46	80	40	82	33	83	25	83	18	82	12	80	6	77	1	73	-3	68	-7	62	-10	55	-12	47	-13	39	-13	31	-12	24	-10	18	-9	13	-7	9	-5	6	-2	4	2	3	7	3	13	4	19	6	24	9	28	12	31	14	33	15	34	15	34	
93:
53	1.045	9	9	8	10	6	12	3	15	-1	19	-4	24	-6	30	-8	37	-9	45	-9	53	-8	60	-7	67	-5	73	-2	78	2	83	6	87	11	90	17	92	24	93	32	93	41	92	50	90	60	87	69	83	77	79	84	75	90	72	95	70	99	67	102	63	104	58	105	52	105	45	104	37	102	29	99	22	95	16	90	11	84	7	77	4	69	2	62	1	56	1	49	0	41	-1	34	-1	28	0	23	1	19	3	15	4	12	6	10	8	9	9	9	9	
94:
54	21.311	24	1	25	2	27	4	29	7	32	11	35	16	37	22	38	29	38	37	39	46	40	56	42	66	45	75	48	83	51	90	53	96	54	101	54	105	53	108	51	110	48	111	46	111	43	110	39	108	36	105	34	101	33	96	33	90	33	83	32	75	32	66	33	57	35	49	38	42	42	36	47	31	52	26	56	22	59	19	61	17	62	16	62	14	61	11	59	9	56	7	52	6	48	6	44	6	39	5	34	3	30	2	27	1	25	1	24	1	24	1	
95:
44	3.288	19	117	19	116	18	114	17	111	16	107	15	102	14	96	14	89	15	81	17	72	19	63	20	54	22	46	25	39	29	33	34	27	38	22	41	18	43	15	44	13	45	12	45	12	44	13	42	15	39	18	35	21	30	25	24	30	18	36	13	43	9	51	5	59	2	68	0	77	-1	85	-1	92	0	98	2	103	5	107	9	111	13	114	16	116	18	117	19	117	19	117	
96:
56	3.444	108	49	109	50	109	52	108	55	107	59	107	64	108	70	110	77	112	85	113	92	113	98	113	104	113	109	112	113	112	116	113	118	113	119	112	119	110	118	107	116	103	113	98	109	92	104	85	98	79	91	73	83	68	74	64	64	61	55	59	47	58	40	58	32	57	25	55	19	52	14	50	10	49	7	48	5	48	4	49	4	51	5	52	7	54	10	57	14	61	19	66	25	72	31	79	36	85	40	90	43	94	45	98	46	102	46	105	47	107	48	108	49	108	49	
97:
61	0.365	54	10	53	11	51	13	48	16	44	20	40	25	35	31	29	38	22	45	16	53	11	62	7	71	4	79	2	86	1	92	1	97	2	101	4	104	7	106	11	107	16	107	22	106	29	104	36	103	44	101	51	98	57	94	62	90	66	87	69	85	71	84	72	84	72	85	71	86	70	88	69	91	69	93	70	94	72	94	75	93	79	93	83	92	87	90	91	87	94	83	96	78	97	72	97	66	96	61	94	57	91	53	87	48	82	42	76	35	71	29	66	24	62	20	59	16	57	13	55	11	54	10	54	10	
98:
62	0.905	39	92	40	91	42	89	45	86	49	83	54	81	60	80	67	78	75	77	84	77	92	78	99	80	106	82	114	83	121	83	127	82	133	80	138	77	142	73	145	68	147	62	149	55	150	49	150	42	149	34	147	27	144	21	140	16	135	12	129	9	122	7	114	6	105	6	96	7	87	9	79	12	71	16	62	20	52	25	43	31	34	38	26	46	19	55	13	65	8	74	4	82	1	89	-1	95	-2	100	-2	104	-1	107	1	109	4	110	8	110	13	109	18	107	24	104	29	100	33	97	36	95	38	93	39	92	39	92	
99:
40	0.047	109	34	108	35	106	36	103	37	100	39	96	40	91	40	85	39	78	38	70	38	61	39	52	39	44	39	37	39	31	39	26	40	22	42	19	44	17	46	16	47	16	47	17	48	19	50	22	53	26	55	30	56	35	56	41	55	48	53	56	51	64	50	73	48	81	45	88	41	94	38	99	36	103	34	106	33	108	33	109	34	109	34	