0:
55	3.224	133	86	132	87	130	89	127	91	123	93	118	96	112	99	105	101	97	102	89	102	82	101	75	99	69	96	64	92	60	87	57	81	55	74	54	66	54	59	55	52	57	46	60	41	64	37	69	32	75	27	82	23	90	18	98	14	105	11	111	9	116	8	120	7	123	7	125	8	126	10	126	13	125	15	123	18	120	22	116	27	112	32	109	38	107	44	106	49	106	55	107	61	109	67	112	72	116	76	119	79	123	82	127	84	130	85	132	85	133	86	133	86	
1:
64	11.575	83	138	82	139	80	141	77	144	74	148	70	152	65	155	59	158	52	160	44	161	36	161	29	161	23	160	18	158	14	155	11	151	9	147	8	142	8	136	9	131	11	126	14	121	18	115	23	108	29	100	36	93	43	85	49	76	54	66	58	57	61	48	63	40	64	33	64	27	65	22	67	18	70	15	74	13	79	12	85	12	92	13	100	15	107	18	113	22	118	27	122	33	125	39	128	46	130	54	131	63	131	73	130	84	128	94	125	103	121	111	116	118	110	124	104	129	98	133	93	136	89	138	86	139	84	139	83	138	83	138	
2:
43	0.905	12	112	13	113	15	115	18	116	22	117	27	117	33	116	40	114	47	112	55	110	64	108	73	105	81	101	88	96	94	90	99	83	103	77	106	72	108	68	109	64	109	61	108	59	106	58	103	58	99	59	94	61	88	62	81	62	73	63	64	63	55	64	46	66	38	69	31	73	25	78	20	84	16	91	13	97	11	102	10	106	10	109	11	111	12	112	12	112	
3:
50	2.685	73	30	72	31	70	33	67	36	63	40	58	45	52	51	46	56	39	60	33	63	28	65	24	66	21	67	19	67	18	68	18	68	19	69	21	71	24	74	28	78	32	81	37	85	43	89	50	92	58	96	65	101	71	106	76	110	80	113	83	115	86	116	90	116	95	115	99	113	102	110	105	106	107	101	108	95	108	88	107	80	105	72	102	64	98	57	93	51	88	45	83	40	79	36	76	33	74	31	73	30	73	30	
4:
61	0.678	52	33	53	32	55	31	58	29	62	26	67	23	73	20	80	18	87	16	95	15	102	15	109	15	115	16	120	18	124	21	127	24	129	28	130	33	130	38	129	42	127	47	124	53	120	60	115	68	109	76	102	83	94	89	85	94	75	99	66	105	58	112	51	118	44	124	38	129	33	133	29	136	26	138	24	139	23	139	23	138	24	137	26	135	29	132	32	128	36	123	40	117	45	110	51	102	56	93	60	83	63	74	65	66	66	59	66	53	65	48	63	43	60	39	57	36	55	34	53	33	52	33	52	33	
5:
31	0.086	43	136	44	136	46	136	49	135	53	133	58	130	64	126	71	121	77	115	82	108	86	102	89	97	91	93	92	90	92	88	91	87	89	87	86	88	82	90	77	93	71	97	65	102	60	108	56	114	52	120	49	125	46	129	44	132	43	134	43	135	43	136	43	136	
6:
57	7.313	52	33	51	34	49	36	46	39	42	43	37	48	32	53	27	59	23	66	20	72	18	77	17	81	17	84	18	86	20	87	23	87	27	86	32	84	38	83	45	83	52	84	60	86	69	88	79	91	89	95	98	100	106	105	113	109	119	113	124	116	129	118	135	119	140	119	144	118	147	116	149	113	150	109	150	104	149	98	147	91	144	83	140	74	135	65	129	57	122	50	114	44	105	39	96	35	88	32	80	30	73	28	67	27	62	27	58	28	55	30	53	32	52	33	52	33	
7:
54	1.221	10	122	11	123	13	125	16	128	20	131	25	135	31	138	38	140	45	141	52	141	58	140	63	138	67	135	70	131	72	126	73	120	73	113	72	105	71	96	70	86	70	75	69	64	69	54	70	45	72	37	73	30	74	24	75	19	75	15	74	12	73	10	71	9	68	9	64	10	61	12	57	15	52	18	46	22	39	27	33	33	28	40	24	48	20	57	15	67	11	77	8	86	6	94	5	101	4	107	4	112	5	116	7	119	9	121	10	122	10	122	
8:
64	0.537	64	132	65	131	66	129	68	126	71	122	75	117	80	111	86	104	93	96	100	87	106	77	111	67	115	58	119	50	122	43	124	37	125	32	125	27	125	23	126	20	128	18	131	17	135	17	138	18	140	20	141	23	141	27	140	32	138	38	137	45	135	53	132	60	128	66	123	71	117	75	110	78	102	80	93	81	83	81	72	80	62	78	53	75	45	71	38	68	32	66	27	64	23	63	20	63	18	64	17	66	17	69	18	73	20	78	23	83	27	89	32	96	37	104	43	111	49	117	54	122	58	126	61	129	63	131	64	132	64	132	
9:
53	4.783	25	39	26	38	28	36	31	33	35	30	40	27	46	23	53	20	61	18	70	17	79	17	87	17	95	16	102	16	108	17	113	19	117	22	120	26	122	31	123	37	123	44	122	52	120	61	117	70	113	79	108	87	103	94	97	100	92	105	88	110	85	114	83	117	82	119	82	120	83	120	84	119	85	117	85	114	84	110	82	105	79	99	75	92	70	84	64	77	57	70	50	64	44	59	39	54	35	49	31	45	28	42	26	40	25	39	25	39	
10:
64	7.956	94	23	93	22	91	20	88	17	84	13	79	9	73	5	66	1	58	-2	49	-4	41	-5	34	-5	28	-4	23	-2	19	1	16	5	14	10	13	16	13	21	14	27	16	34	19	41	23	48	28	56	32	65	37	75	41	86	44	96	46	105	49	113	53	120	58	126	64	131	71	135	79	138	88	140	97	141	105	141	114	140	122	138	129	135	135	131	140	126	144	120	147	113	149	105	151	96	152	86	152	76	151	66	149	57	146	49	143	42	139	36	134	31	128	27	122	24	115	22	109	20	104	19	100	19	97	20	95	22	94	23	94	23	
11:
61	1.88	52	108	51	107	49	107	46	108	42	110	37	113	31	116	25	120	20	125	16	129	13	132	10	134	8	135	7	135	7	134	8	132	10	129	13	125	17	120	22	114	28	107	35	99	43	90	51	80	58	69	66	59	73	50	79	42	84	34	88	27	91	21	93	16	94	12	94	9	93	7	91	6	88	6	84	7	79	9	73	10	67	10	62	11	58	13	55	16	53	20	52	25	52	31	53	38	55	46	58	53	61	61	63	69	64	76	64	83	64	89	63	94	61	98	58	102	55	105	53	107	52	108	52	108	
12:
52	2.969	138	21	137	22	135	24	132	27	128	31	123	36	117	42	110	49	102	57	93	66	83	75	72	83	61	90	51	96	42	101	34	105	27	108	21	110	16	111	12	111	9	110	6	108	4	105	3	101	3	96	4	90	4	83	4	75	5	66	7	56	10	47	14	39	19	32	25	26	32	21	40	17	49	14	57	12	65	11	73	11	82	12	90	14	98	15	106	17	113	18	119	19	124	20	128	20	132	20	135	20	137	20	138	21	138	21	
13:
63	17.268	71	130	70	131	69	133	67	135	64	138	60	141	55	144	49	146	42	147	34	147	27	146	21	144	16	142	12	139	9	135	7	130	6	125	6	119	7	113	9	107	12	100	16	92	21	85	27	77	34	68	41	60	49	53	57	46	64	39	70	33	75	28	79	24	82	21	86	19	91	18	97	18	104	19	110	21	116	24	121	28	125	33	128	39	130	46	131	54	133	63	134	73	134	83	133	92	131	101	128	109	124	116	119	122	113	127	106	131	100	134	95	136	91	137	86	137	81	136	77	134	74	132	72	131	71	130	71	130	
14:
43	0.344	55	98	54	97	52	95	49	92	47	88	46	83	46	77	47	71	49	65	52	60	56	56	61	53	66	51	71	50	77	50	84	51	91	53	97	56	103	60	108	63	113	66	117	70	120	75	122	81	123	88	124	95	124	102	123	108	121	113	118	117	114	120	109	122	103	123	96	123	88	122	81	120	75	117	70	113	65	108	61	104	58	101	56	99	55	98	55	98	
15:
55	6.446	22	6	23	5	25	4	28	4	32	5	37	7	43	8	50	9	58	11	67	13	75	16	83	20	91	25	98	31	104	36	110	42	115	49	119	57	122	66	124	76	125	86	125	95	124	103	124	111	125	118	125	124	124	129	124	133	123	136	121	138	118	139	114	139	109	138	103	137	97	135	90	132	82	128	73	123	64	117	56	110	48	102	41	93	34	83	28	72	23	61	19	51	16	42	14	34	13	27	13	21	14	16	16	12	19	9	21	7	22	6	22	6	
16:
54	11.392	109	135	108	134	106	132	103	129	99	127	94	124	88	120	81	117	73	113	64	108	55	104	46	100	38	97	31	93	25	89	20	84	15	78	11	71	8	63	6	55	5	47	5	40	6	34	8	29	11	25	15	22	20	20	26	19	33	19	40	18	48	17	55	17	61	17	66	18	70	20	73	23	75	27	77	32	79	38	82	45	86	53	91	62	97	72	102	82	106	91	109	99	112	107	114	114	115	120	115	125	114	129	112	132	110	134	109	135	109	135	
17:
57	0.205	49	46	50	47	51	49	53	52	56	56	58	61	61	66	64	72	67	79	70	87	72	95	73	104	73	112	72	119	72	125	73	130	73	134	73	137	73	139	74	140	76	140	78	139	80	137	82	134	83	130	85	125	87	119	90	112	92	105	93	97	93	88	94	78	94	67	95	57	96	48	96	40	95	32	94	25	94	19	93	14	91	10	88	7	86	5	85	4	83	4	80	5	76	7	71	10	65	14	60	19	56	25	53	31	51	36	49	40	48	43	48	45	49	46	49	46	
18:
45	0.135	90	95	90	94	91	92	91	89	90	85	90	80	90	74	91	67	92	60	92	53	91	46	89	40	86	35	82	31	79	28	75	26	72	25	70	25	69	26	68	28	66	31	64	35	63	40	63	46	64	52	64	59	64	67	65	76	67	84	69	91	70	97	70	102	69	106	68	109	68	111	69	112	71	112	73	111	76	109	79	106	83	104	86	101	88	98	89	96	90	95	90	95	
19:
64	5.937	122	19	121	18	119	16	116	13	112	9	107	5	101	2	96	0	92	-1	88	-1	85	0	83	2	82	5	82	9	83	14	85	20	87	27	89	35	90	44	90	54	90	64	89	75	88	85	86	94	83	102	79	109	74	115	68	120	61	124	53	127	44	129	36	130	28	130	21	129	15	127	10	124	6	120	3	117	1	115	0	114	0	113	1	113	3	114	6	115	10	115	15	114	21	112	28	109	35	105	41	100	48	94	55	87	63	79	72	72	81	64	89	55	96	47	102	40	107	34	112	29	116	25	119	22	121	20	122	19	122	19	
20:
57	0.722	9	90	8	89	7	87	6	84	5	80	5	75	6	69	7	62	9	54	12	45	16	36	21	28	27	21	34	15	42	10	51	6	61	3	72	1	84	0	95	0	106	1	116	3	125	6	133	10	140	15	146	21	151	28	155	36	158	45	160	55	161	66	161	76	160	86	158	95	155	103	151	111	146	118	140	124	133	129	126	133	118	136	109	138	99	139	89	139	78	138	68	136	59	133	51	129	44	124	37	118	30	111	24	105	19	100	15	96	12	93	10	91	9	90	9	90	
21:
47	0.442	11	120	11	119	12	117	14	114	17	110	19	105	22	99	26	93	31	88	37	82	44	76	52	69	61	61	70	53	80	46	89	39	97	33	104	28	110	24	115	21	119	19	122	18	124	18	125	19	125	20	124	22	122	25	119	29	115	34	110	39	104	45	97	51	89	56	80	60	72	65	64	71	56	77	47	83	39	90	32	97	26	103	21	108	17	112	14	115	12	117	11	119	11	120	11	120	
22:
45	0.125	88	44	89	45	91	47	92	50	94	52	95	54	95	57	94	60	92	63	89	66	85	69	80	71	74	72	67	72	59	71	50	69	42	68	34	66	27	63	21	59	16	54	12	48	9	41	7	33	6	26	6	20	7	15	9	11	12	8	16	5	21	3	26	2	32	2	39	3	46	5	52	8	57	12	62	17	67	23	73	29	78	34	82	38	85	41	87	43	88	44	88	44	
23:
51	1.059	15	22	16	22	18	21	21	21	25	21	30	22	36	24	43	27	50	31	58	36	67	42	77	48	86	55	94	63	101	70	107	77	113	85	118	93	122	102	125	110	127	117	128	123	128	128	127	132	125	135	122	138	118	140	113	141	107	141	100	140	92	138	84	135	76	131	67	126	57	120	48	113	40	106	33	98	27	89	22	79	18	70	15	62	13	55	11	48	10	42	9	37	9	32	10	28	12	25	14	23	15	22	15	22	
24:
62	6.107	47	12	46	13	44	15	42	18	41	22	39	27	38	33	38	40	39	48	41	56	44	64	48	72	53	79	58	85	64	90	70	94	75	97	79	99	82	100	84	100	85	101	85	102	84	102	82	101	79	99	75	96	70	92	66	87	63	82	60	78	58	74	57	71	57	69	58	67	60	65	63	62	67	58	72	55	78	53	85	52	91	52	96	51	100	49	103	46	105	44	106	42	106	39	105	35	103	31	100	27	96	24	91	22	85	20	80	19	74	18	68	18	62	17	57	15	53	14	50	13	48	13	47	12	47	12	
25:
48	0.404	22	38	21	37	21	35	22	32	24	28	27	23	31	19	36	15	42	11	49	8	55	6	62	5	70	5	79	6	87	8	94	11	100	15	105	20	109	26	112	32	115	38	117	45	118	53	118	62	117	70	115	77	112	83	108	88	103	92	97	95	90	97	82	98	73	98	64	97	55	95	47	92	40	88	34	83	29	77	25	70	22	63	20	57	19	52	18	48	18	44	19	41	21	39	22	38	22	38	
26:
55	1.791	78	111	79	110	81	109	84	108	88	107	93	105	99	102	105	98	111	95	116	91	120	86	123	80	125	75	126	71	126	68	125	65	123	63	120	61	116	59	111	57	105	55	98	52	90	48	81	43	71	37	60	31	50	26	41	22	33	19	26	17	20	16	15	16	11	17	7	18	4	20	2	23	1	27	1	32	2	38	4	45	7	53	11	61	16	70	22	78	29	85	35	91	42	96	50	100	57	103	63	105	68	106	72	107	75	108	77	110	78	111	78	111	
27:
52	0.387	128	57	127	57	125	58	122	60	118	63	113	66	107	70	100	75	92	79	83	82	73	85	62	87	52	88	43	88	35	87	28	85	22	82	17	78	13	73	10	67	8	60	6	52	5	43	5	35	6	28	8	22	11	17	15	13	20	10	26	8	33	5	41	2	50	-1	60	-3	71	-4	82	-4	92	-3	101	-1	109	2	116	6	122	11	127	17	131	22	134	28	136	34	137	40	137	45	136	49	134	52	131	54	129	56	128	57	128	57	
28:
57	6.889	1	40	2	40	4	39	7	37	11	34	16	30	22	27	29	25	37	24	46	23	56	23	66	23	75	24	83	26	90	29	96	33	101	38	105	44	108	51	110	59	111	68	111	77	110	85	108	92	106	98	103	104	99	109	94	113	88	116	81	118	73	119	65	119	58	118	51	116	45	113	40	109	36	104	33	98	31	91	30	83	29	74	29	65	30	57	30	50	31	44	31	39	31	35	30	32	28	30	25	29	21	29	16	30	11	32	7	35	4	37	2	39	1	40	1	40	
29:
46	0.385	88	118	89	117	91	115	92	112	92	108	91	103	89	97	86	90	82	82	78	73	73	63	67	54	60	45	53	36	47	28	42	21	37	15	33	10	30	6	28	3	27	1	27	-1	28	-2	30	-3	33	-3	37	-2	42	0	48	3	53	7	59	12	65	18	72	25	78	33	83	42	87	52	90	63	92	73	93	82	93	90	92	97	90	103	88	108	87	112	87	115	87	117	88	118	88	118	
30:
53	3.386	36	126	36	125	36	123	36	120	37	116	39	111	42	105	45	98	47	90	50	82	53	75	57	68	60	62	62	56	63	51	63	47	64	44	64	42	63	41	61	41	58	42	56	44	55	47	55	51	56	56	58	61	61	67	64	74	68	82	73	91	79	100	85	108	90	115	94	121	97	126	99	130	100	133	100	136	99	138	97	139	94	139	90	138	85	136	79	135	72	135	64	135	57	134	51	134	46	133	42	131	39	129	37	127	36	126	36	126	
31:
56	0.463	41	98	42	99	44	101	46	104	49	108	53	113	58	119	64	124	71	128	79	131	88	133	96	134	103	134	109	133	114	131	118	128	121	124	123	119	124	113	124	106	123	98	123	89	123	79	124	68	125	58	127	49	129	40	130	32	130	25	129	19	127	14	125	10	123	7	122	5	120	4	117	4	115	5	113	7	110	10	106	14	101	19	96	25	92	32	89	40	87	49	84	58	80	66	75	73	69	79	62	84	56	88	51	91	47	93	44	95	42	97	41	98	41	98	
32:
63	7.793	121	78	122	77	123	75	123	72	122	68	120	63	117	57	113	50	108	42	102	34	95	27	87	20	78	14	68	8	58	3	49	-1	40	-4	32	-6	25	-7	19	-7	14	-6	10	-4	7	-2	5	0	4	3	4	6	5	8	7	10	10	13	13	17	17	22	22	27	28	33	35	40	43	48	52	57	62	67	72	78	81	88	89	97	96	105	102	112	107	118	111	123	114	127	116	130	117	132	117	133	116	133	116	132	117	130	119	127	122	123	125	118	127	112	129	105	130	99	130	93	129	88	127	84	124	81	122	79	121	78	121	78	
33:
55	0.463	65	20	65	19	66	17	68	14	70	10	73	6	77	2	82	-1	88	-3	95	-4	101	-4	106	-3	110	-1	113	2	115	6	116	11	116	17	115	24	113	32	110	41	108	51	105	62	101	73	97	83	94	92	90	100	85	107	80	113	76	118	72	122	68	125	63	127	57	128	50	128	44	127	39	125	35	122	32	118	30	113	29	107	29	100	30	92	31	83	33	74	36	66	40	59	45	52	50	46	54	40	57	35	59	30	60	26	62	23	64	21	65	20	65	20	
34:
57	4.966	17	132	18	133	20	134	23	135	27	136	32	137	37	137	43	136	49	134	54	131	58	127	61	122	63	116	64	109	64	101	63	92	61	84	59	77	58	71	58	65	59	60	61	56	64	53	68	51	73	50	79	50	86	51	94	53	101	56	107	60	112	65	116	71	119	78	121	85	123	93	124	101	124	108	123	114	121	120	118	125	114	129	109	132	103	134	96	135	88	135	79	135	71	136	62	137	53	138	45	138	38	137	32	135	27	133	23	132	20	131	18	131	17	132	17	132	
35:
53	5.155	139	60	138	59	136	57	133	54	129	50	124	47	118	44	111	42	103	40	94	38	84	37	73	36	61	36	50	37	40	39	31	41	23	44	15	48	8	53	2	59	-3	66	-7	74	-10	81	-12	87	-14	92	-15	96	-15	99	-14	102	-12	104	-9	105	-5	105	-1	104	3	102	7	99	12	95	18	91	25	86	33	82	42	77	52	71	62	65	73	60	84	56	94	53	103	51	111	50	118	50	124	51	129	52	133	54	136	57	138	59	139	60	139	60	
36:
58	1.653	106	121	106	120	107	118	109	115	111	111	112	106	114	100	115	93	115	85	114	77	112	69	109	62	105	56	100	50	96	45	91	41	85	38	78	36	72	35	65	35	57	36	50	38	44	41	39	45	35	50	32	56	30	62	28	69	27	75	27	80	28	84	30	87	33	89	36	90	38	90	39	89	41	87	43	84	46	80	50	77	55	74	61	72	68	71	74	71	79	72	83	74	86	77	88	81	91	86	95	91	98	96	102	102	105	107	107	111	108	115	108	118	107	120	106	121	106	121	
37:
54	1.338	90	4	91	5	93	7	96	9	100	11	105	14	111	18	116	23	120	29	123	35	125	42	126	49	126	55	125	60	123	64	120	68	116	71	111	73	105	74	98	74	90	73	81	71	71	69	62	67	52	64	43	61	35	57	28	53	22	50	17	48	13	47	10	47	8	48	7	50	7	52	8	53	10	53	13	52	17	52	22	52	27	51	33	49	40	46	48	43	56	39	63	35	69	30	74	24	79	19	83	14	86	10	88	7	89	5	90	4	90	4	
38:
49	3.418	91	2	90	3	88	5	85	8	81	11	76	14	70	18	63	21	55	24	46	26	38	28	31	30	25	32	20	35	15	38	11	42	8	47	6	53	5	60	5	68	6	76	8	83	11	89	15	94	20	98	26	101	33	103	41	104	49	104	56	103	62	101	67	98	71	94	74	89	76	83	77	76	78	68	78	59	78	50	79	42	81	34	84	27	87	21	90	16	92	12	93	8	93	5	92	3	91	2	91	2	
39:
55	5.775	17	19	16	20	14	22	12	25	10	29	9	34	9	40	9	47	10	55	12	63	15	71	19	80	24	88	30	95	37	101	45	106	54	110	64	113	73	115	82	116	90	116	97	116	103	115	108	113	113	110	117	106	120	101	122	95	123	88	123	80	123	71	122	61	120	52	117	44	113	36	108	29	102	22	95	16	87	11	78	7	69	4	59	2	50	1	42	1	35	0	29	0	24	1	20	3	17	6	15	9	14	12	14	15	15	17	16	18	17	19	17	19	
40:
65	4.529	32	59	32	60	32	62	32	65	31	69	31	74	30	80	30	87	31	94	33	102	36	111	40	119	45	126	51	132	58	137	66	141	75	144	83	146	90	147	96	147	101	146	105	144	108	141	110	138	111	136	111	135	110	135	108	135	105	134	101	132	96	129	90	125	85	120	79	114	72	107	64	99	55	90	45	80	36	69	28	59	21	49	15	40	10	32	6	25	3	19	1	14	0	10	0	7	0	5	1	4	3	4	4	5	4	7	5	10	6	14	8	19	11	25	15	32	18	38	20	44	23	49	26	53	29	56	31	58	32	59	32	59	
41:
51	1.849	130	133	129	132	127	131	124	129	120	126	115	123	109	119	102	114	94	108	85	103	76	97	66	90	55	83	45	76	36	69	28	62	21	56	15	51	10	46	6	42	3	39	1	37	0	34	0	30	1	25	3	21	6	18	10	16	15	15	21	15	27	16	33	18	40	21	48	25	57	30	65	36	72	43	78	51	83	59	87	68	90	78	94	88	99	97	105	105	111	112	116	118	120	123	124	127	127	130	129	132	130	133	130	133	
42:
50	0.186	18	82	19	81	21	80	24	78	28	75	33	71	39	68	46	66	54	64	62	63	70	62	79	61	87	61	94	62	100	64	105	66	109	69	112	72	114	75	115	78	115	82	114	87	112	93	109	100	105	106	100	111	94	115	87	118	79	120	70	121	60	121	50	121	41	120	33	118	26	117	20	115	15	112	11	108	8	103	6	98	5	93	4	88	4	84	5	81	7	79	9	78	12	78	15	79	17	81	18	82	18	82	
43:
56	7.192	135	79	136	80	136	82	136	85	135	89	133	94	130	100	127	106	125	112	122	117	118	121	113	124	107	126	100	127	92	127	85	126	79	124	74	121	70	117	67	112	65	106	64	99	62	91	59	82	55	74	50	67	46	61	43	56	39	52	36	49	34	47	31	46	29	46	28	47	28	49	29	52	31	56	33	60	36	65	40	69	45	73	51	76	58	78	65	79	73	79	81	78	90	76	99	74	107	72	114	71	120	71	125	72	129	74	132	76	134	78	135	79	135	79	
44:
54	0.525	130	28	129	27	127	26	124	25	120	25	115	26	109	28	103	31	98	35	94	40	91	46	89	53	87	61	85	69	82	77	78	84	73	90	67	95	60	99	52	102	43	104	35	105	27	105	20	105	14	105	9	104	5	102	2	99	0	95	-1	90	-1	84	0	77	2	69	5	60	9	50	14	41	20	33	27	26	35	20	44	15	54	11	64	8	74	6	83	5	91	5	98	6	104	8	109	11	115	14	120	18	124	22	127	25	129	27	130	28	130	28	
45:
49	8.374	133	15	132	16	130	18	127	21	123	25	119	30	116	36	114	43	111	51	107	60	104	70	101	79	99	88	97	96	96	103	96	109	97	114	97	118	97	121	96	123	94	124	91	124	87	123	82	121	77	118	72	114	68	109	65	103	63	96	62	88	62	79	61	69	61	60	62	51	64	43	67	36	71	30	76	25	82	21	89	18	97	16	105	15	112	15	118	16	123	17	127	17	130	16	132	15	133	15	133	15	
46:
59	2.337	21	79	20	80	18	81	15	83	13	86	10	90	8	95	7	101	7	107	8	114	10	122	13	131	17	139	22	146	28	152	35	157	43	161	52	165	62	168	72	170	83	171	93	171	102	170	110	169	117	167	123	164	128	160	132	155	135	149	137	142	138	134	138	125	137	115	135	104	132	94	128	84	123	75	117	67	110	60	102	54	93	49	83	45	73	42	64	40	56	38	49	37	43	37	38	38	32	40	27	43	23	47	20	52	18	58	17	64	17	69	17	73	18	76	20	78	21	79	21	79	
47:
73	19.426	111	128	111	127	111	125	112	122	114	118	117	113	121	109	125	104	129	99	132	95	134	92	135	90	135	89	134	89	132	90	129	92	125	95	120	99	115	104	109	110	102	117	94	123	85	128	75	132	64	136	53	139	43	141	34	142	25	142	17	141	10	139	2	136	-6	132	-13	127	-19	121	-24	114	-28	106	-31	97	-33	87	-34	76	-34	65	-33	55	-32	46	-30	38	-27	31	-23	25	-18	20	-12	16	-5	13	3	11	10	10	18	10	25	11	31	13	36	16	40	20	43	25	47	31	52	38	57	46	63	54	70	63	76	73	83	83	89	92	94	100	99	107	103	113	106	118	108	122	109	125	110	127	111	128	111	128	
48:
52	0.153	24	47	25	48	27	50	29	52	32	55	36	59	41	64	47	70	54	77	62	85	69	94	75	103	81	111	87	118	92	124	96	129	99	133	101	136	102	138	102	139	102	139	103	138	103	136	102	133	100	129	97	124	93	118	88	111	84	103	80	95	77	87	75	78	73	68	70	59	68	51	67	44	66	38	66	33	66	29	66	26	65	24	63	23	60	23	56	24	51	26	45	29	39	33	34	37	30	41	27	44	25	46	24	47	24	47	
49:
53	1.446	115	6	114	5	112	3	109	1	105	-1	100	-2	94	-2	87	-1	79	1	70	3	62	6	55	10	49	15	43	21	38	28	34	36	31	45	29	55	28	66	28	77	29	87	31	96	33	104	36	111	40	117	44	122	48	126	51	129	54	131	56	132	57	132	57	131	56	129	55	126	55	122	55	117	55	111	56	104	58	96	61	87	65	78	70	68	76	58	81	49	87	41	94	34	100	27	105	21	109	16	112	12	114	9	115	7	115	6	115	6	
50:
48	0.198	34	3	33	3	31	2	28	2	24	3	19	5	15	8	11	12	8	17	6	23	5	30	5	37	6	44	8	50	11	55	15	59	20	62	26	64	33	65	41	65	49	64	58	62	67	59	75	55	82	52	88	50	93	49	97	48	100	46	102	43	103	39	103	34	102	28	100	21	97	15	93	10	88	6	82	3	75	1	68	0	62	0	55	1	49	2	44	2	40	1	37	1	35	2	34	3	34	3	
51:
58	1.077	44	73	45	72	47	70	50	68	54	65	59	61	65	56	72	51	80	47	89	44	98	42	106	41	113	41	119	42	124	44	128	47	131	51	133	56	134	62	134	69	134	77	133	85	131	94	128	103	124	111	119	118	113	124	108	129	102	133	95	136	87	138	78	139	68	139	58	138	49	136	41	133	34	129	28	124	23	118	18	111	14	103	11	94	9	86	7	79	6	73	6	68	7	64	9	61	11	59	14	58	18	58	23	59	29	61	34	64	38	67	41	70	43	72	44	73	44	73	
52:
56	4.456	120	122	120	121	119	119	118	116	117	112	115	107	113	101	110	94	107	86	105	77	103	67	102	56	101	46	100	37	99	29	97	22	94	16	90	11	85	7	80	4	74	2	68	1	61	1	53	2	44	4	36	7	29	11	23	16	18	22	14	29	11	37	9	44	8	50	8	56	9	61	11	65	14	68	18	70	23	71	29	71	36	72	44	72	53	73	63	74	73	76	82	79	90	83	97	88	103	94	108	101	112	107	115	112	117	116	119	119	120	121	120	122	120	122	
53:
56	7.189	107	132	108	131	110	129	112	126	115	122	119	117	122	111	124	104	125	96	125	87	124	77	122	66	119	56	115	46	110	37	104	29	97	22	89	16	80	11	72	7	63	4	53	2	44	1	36	1	29	2	23	4	18	7	14	11	11	16	8	22	6	29	5	36	5	44	6	53	8	63	11	72	15	80	20	87	26	93	33	99	40	106	47	114	53	121	59	127	64	132	68	136	71	139	75	141	80	142	86	142	92	141	97	139	101	136	104	134	106	133	107	132	107	132	
54:
51	4.008	117	139	118	138	120	136	123	133	127	129	131	124	136	118	140	112	143	105	145	97	146	88	146	79	145	70	143	62	140	55	136	49	131	44	125	40	118	37	110	35	101	34	91	34	82	35	74	37	66	40	59	44	53	47	48	49	44	52	41	56	39	61	38	67	38	73	39	80	40	88	42	95	45	102	49	110	54	117	60	123	66	128	73	132	81	135	89	137	96	138	102	138	107	137	111	137	114	137	116	138	117	139	117	139	
55:
50	3.706	57	128	58	127	60	125	63	122	67	118	72	113	78	107	85	100	91	94	98	88	106	82	113	75	119	67	124	59	128	51	131	42	133	33	134	25	134	18	133	12	131	7	128	3	124	0	119	-2	113	-3	106	-3	98	-2	89	0	79	3	70	6	62	10	55	15	49	21	44	28	40	36	37	45	35	54	34	63	34	71	35	79	36	87	38	95	41	102	44	108	47	113	50	118	52	122	54	125	56	127	57	128	57	128	
56:
53	0.386	130	54	130	55	131	57	133	60	134	64	134	69	133	75	131	82	128	89	124	95	119	100	113	104	106	108	98	111	89	113	79	114	69	114	60	113	52	111	45	109	39	106	34	102	30	97	27	91	25	84	24	76	24	67	25	59	27	52	30	44	34	37	39	31	45	26	51	21	58	16	66	12	75	9	85	7	94	6	102	6	109	7	115	9	120	12	125	16	129	21	132	27	134	33	135	39	135	44	134	48	132	51	131	53	130	54	130	54	
57:
50	0.365	62	74	61	75	59	77	56	80	52	84	49	89	47	95	46	102	45	108	45	113	46	118	48	122	51	126	55	129	60	131	66	132	73	133	81	133	90	133	99	132	107	130	114	127	120	123	125	119	129	114	132	108	134	101	135	93	135	84	134	75	132	67	129	60	125	54	120	49	114	45	107	42	101	40	95	39	90	39	86	40	82	42	77	45	72	49	68	54	65	59	63	64	62	68	61	71	61	73	62	74	62	74	
58:
42	1.048	125	114	124	113	122	112	119	111	115	109	110	107	106	106	101	105	95	103	89	100	84	96	80	91	77	87	75	83	74	79	74	74	75	68	77	63	80	58	84	53	89	49	95	46	101	44	106	43	110	43	113	44	115	46	116	49	116	53	115	56	113	60	112	65	110	71	109	78	109	86	110	93	112	99	115	104	119	108	122	111	124	113	125	114	125	114	
59:
59	2.261	103	63	102	64	102	66	101	69	100	73	98	78	96	84	93	91	89	99	84	107	78	114	71	120	63	125	54	129	45	132	37	134	30	136	24	137	18	137	12	136	6	134	1	131	-3	127	-6	122	-9	116	-11	109	-12	101	-12	92	-11	82	-9	71	-6	59	-2	48	3	38	8	29	14	21	21	14	27	8	32	3	38	-1	45	-4	53	-6	61	-7	70	-7	79	-6	87	-4	94	-1	100	3	105	8	109	14	112	20	114	27	115	35	115	42	114	48	112	53	109	57	106	60	104	62	103	63	103	63	
60:
44	0.291	14	84	15	85	17	87	20	89	24	92	29	96	35	99	41	101	48	102	56	102	64	101	71	99	78	96	84	92	89	87	93	81	96	74	98	67	99	61	99	55	98	50	96	46	93	43	89	41	84	40	79	40	73	40	66	41	58	43	49	46	41	50	34	55	28	59	23	62	18	64	14	65	11	66	9	68	8	71	8	74	9	78	11	81	13	83	14	84	14	84	
61:
55	1.057	43	139	44	138	46	136	49	133	52	129	56	124	61	118	65	111	68	103	70	95	71	87	71	78	70	68	69	57	67	47	64	38	62	30	61	23	61	17	62	12	64	8	67	5	71	3	76	2	82	2	89	2	96	3	103	5	110	8	116	11	121	15	125	20	128	26	130	33	131	41	131	49	130	56	128	62	125	67	121	71	116	74	110	78	103	81	95	85	86	90	78	96	71	103	64	111	58	118	53	124	49	129	46	133	44	136	43	138	43	139	43	139	
62:
69	0.244	52	38	51	39	49	41	46	44	42	48	37	53	31	59	24	66	18	73	12	81	7	90	3	98	0	105	-2	111	-3	116	-3	120	-2	123	0	125	3	126	7	126	12	125	18	123	25	120	32	116	40	113	49	111	59	110	70	110	82	111	93	113	103	116	112	120	120	125	127	129	133	132	139	134	144	135	148	135	151	134	153	132	154	129	154	125	153	120	152	114	151	107	149	99	146	90	142	80	137	71	131	61	125	52	118	44	110	37	101	31	92	26	84	22	77	19	71	17	66	16	62	16	59	17	57	19	56	22	56	26	56	30	55	33	53	35	52	37	52	38	52	38	
63:
59	20.307	112	81	111	80	109	78	106	76	102	73	97	69	91	64	84	58	76	51	69	43	63	36	58	30	54	25	51	21	49	18	47	16	46	15	46	15	47	16	49	18	52	21	55	25	57	30	58	36	58	43	58	51	57	60	55	70	52	79	48	87	43	94	37	100	32	106	28	112	25	117	23	123	22	129	22	134	23	138	25	141	28	143	32	144	37	145	43	145	50	144	58	142	67	139	75	135	82	130	88	124	93	117	97	109	100	102	102	96	104	91	106	87	109	84	111	82	112	81	112	81	
64:
46	0.199	10	65	11	66	13	68	16	71	20	75	25	80	31	86	38	93	46	99	54	104	62	108	71	112	81	115	90	117	98	118	106	118	113	117	119	115	124	112	128	108	131	103	133	97	134	91	134	84	133	76	131	68	128	61	124	55	119	50	113	45	106	41	98	38	89	36	81	35	72	35	62	36	53	38	45	41	38	45	31	50	25	55	20	59	16	62	13	64	11	65	10	65	10	65	
65:
51	5.181	18	122	19	122	21	121	24	119	28	116	33	112	39	108	46	103	54	97	62	90	70	82	79	74	87	67	94	61	100	56	105	52	109	49	113	47	116	44	118	40	119	35	119	29	118	24	116	20	113	17	109	15	104	14	98	14	91	15	83	17	75	20	68	24	61	29	55	35	48	42	42	50	35	59	29	69	24	79	20	88	16	96	13	103	11	109	10	114	9	118	9	121	10	123	12	124	15	124	17	123	18	122	18	122	
66:
53	1.127	61	4	62	3	64	1	67	-2	71	-4	76	-5	82	-6	89	-6	96	-5	103	-3	110	0	117	4	123	9	128	15	132	22	135	30	137	39	138	49	138	59	137	69	135	78	132	87	128	95	123	102	117	108	110	113	102	117	93	120	85	122	78	123	72	123	67	122	63	120	60	117	58	113	57	108	57	102	58	95	60	88	63	80	66	71	70	61	73	52	75	43	76	35	76	28	75	22	73	17	70	13	67	10	64	7	62	5	61	4	61	4	
67:
53	4.121	1	113	0	112	0	110	1	107	3	103	5	98	7	92	10	85	14	77	19	70	25	64	32	59	40	55	49	52	59	50	68	49	76	49	83	50	89	52	94	55	98	59	101	64	103	69	104	74	104	78	103	81	101	83	98	84	94	84	89	85	83	87	76	90	68	94	61	99	55	105	49	112	44	118	40	123	35	127	30	131	26	134	23	136	20	137	16	137	11	136	7	134	4	131	2	127	0	123	-1	119	-1	116	0	114	1	113	1	113	
68:
52	1.302	10	119	11	120	13	122	16	125	20	129	25	132	31	134	38	135	46	136	55	136	65	135	76	134	88	132	99	129	109	125	118	120	126	114	133	107	139	99	144	90	148	82	152	73	155	64	157	55	158	47	158	40	157	34	155	29	152	25	148	22	143	20	137	19	132	19	126	20	119	22	111	25	102	29	94	34	86	40	79	47	71	55	62	64	53	74	45	83	38	91	31	98	25	104	20	109	16	113	13	116	11	118	10	119	10	119	
69:
65	24.326	27	8	28	9	30	11	33	14	37	18	42	23	48	29	55	36	63	43	71	50	80	56	88	61	96	65	103	68	109	70	114	71	118	71	121	70	123	69	124	67	124	65	123	64	121	63	118	63	114	64	109	66	103	69	97	73	92	78	86	84	79	91	71	97	62	102	53	106	45	109	38	111	32	112	25	112	19	111	14	109	10	107	6	104	3	100	1	95	0	89	-2	82	-5	74	-9	65	-12	55	-14	45	-15	36	-15	28	-14	21	-12	15	-10	10	-7	6	-3	3	2	1	7	0	12	0	17	1	21	3	24	5	26	7	27	8	27	8	
70:
50	1.952	2	72	3	73	5	75	8	77	12	78	17	79	23	81	30	82	38	82	47	82	57	83	68	83	78	82	88	80	97	77	105	74	112	72	118	71	123	71	127	72	130	74	132	77	133	81	133	86	132	92	130	99	127	106	123	112	118	117	112	121	105	124	97	126	88	127	78	128	68	128	59	128	51	127	44	125	37	122	31	118	26	113	20	107	15	100	11	93	8	87	5	82	3	78	2	75	2	73	2	72	2	72	
71:
68	16.508	33	121	34	120	36	118	39	115	43	111	47	106	52	100	58	94	65	88	73	81	82	75	91	70	100	66	108	63	115	61	121	60	126	60	130	61	133	63	135	66	136	68	136	70	135	71	133	71	130	72	126	73	121	74	115	74	108	73	100	71	91	68	81	64	70	59	60	54	51	48	43	42	36	37	30	32	24	26	19	20	15	15	12	10	10	6	9	3	9	1	10	0	12	0	15	1	19	3	24	6	30	10	36	15	41	21	45	28	48	36	50	45	51	55	51	66	50	76	48	85	45	93	41	100	38	106	35	111	33	115	32	118	32	120	33	121	33	121	
72:
53	8.369	129	25	128	26	126	28	123	31	119	35	114	39	108	44	101	50	93	57	84	65	74	74	63	83	53	91	44	98	36	104	29	109	23	113	18	116	14	118	11	119	9	119	8	118	8	116	9	113	10	109	11	104	13	98	15	91	17	84	18	76	18	67	19	57	20	48	22	40	24	33	27	27	31	22	36	18	42	15	49	13	57	12	66	12	76	13	85	14	93	16	101	18	108	19	114	19	119	19	123	20	126	22	128	24	129	25	129	25	
73:
65	3.07	126	35	125	36	125	38	124	41	122	44	119	48	115	51	110	53	105	54	100	54	95	53	91	51	87	48	82	44	76	39	69	33	63	27	58	22	54	18	50	14	47	11	45	9	42	8	38	8	33	9	28	11	24	14	20	18	17	23	15	29	14	36	13	44	11	52	8	61	6	71	5	81	5	90	6	98	8	105	11	111	15	116	19	120	24	123	30	125	37	126	45	126	54	125	64	123	75	120	85	117	94	113	102	108	109	102	115	95	120	87	124	78	127	70	129	63	130	56	130	50	130	45	129	41	127	38	126	36	126	35	126	35	
74:
59	10.869	25	18	24	19	22	21	19	24	15	28	10	33	5	39	1	46	-2	54	-4	63	-5	71	-5	80	-4	88	-3	95	-1	101	2	106	6	110	11	113	15	115	18	116	22	116	25	115	29	113	34	110	39	106	45	101	52	95	60	90	69	86	79	81	88	77	96	74	103	72	109	71	114	71	118	72	121	74	123	77	124	80	124	82	123	83	121	83	118	83	114	82	109	80	103	77	96	73	88	68	79	62	70	55	61	47	53	40	46	34	40	29	35	25	31	22	28	20	26	19	25	18	25	18	
75:
61	9.855	126	8	125	9	124	11	122	14	119	18	115	23	110	29	106	36	101	44	97	53	93	62	90	72	88	83	87	93	87	102	88	111	90	119	93	126	95	132	96	139	96	146	95	152	93	159	90	165	86	170	81	174	75	177	68	179	60	180	51	180	43	181	35	181	28	180	22	178	17	175	13	171	10	167	8	162	7	156	7	149	8	141	10	132	13	122	17	111	22	99	28	88	35	78	43	69	52	61	62	53	71	44	81	36	90	29	98	23	105	18	111	14	116	11	120	9	123	8	125	8	126	8	126	8	
76:
64	33.981	76	82	76	81	77	79	79	76	81	72	84	67	87	61	89	54	90	46	90	38	89	31	87	24	84	18	80	13	75	9	69	6	62	4	56	3	49	3	43	4	37	6	32	9	27	13	23	18	20	24	18	31	17	39	17	48	18	58	20	69	23	81	27	92	31	102	36	111	42	119	49	126	57	132	65	137	74	141	82	144	89	146	96	147	102	147	107	146	111	144	114	141	116	137	117	132	117	126	116	121	114	116	111	112	107	109	102	107	96	106	91	104	86	102	82	99	79	95	77	91	76	88	75	85	75	83	76	82	76	82	
77:
61	4.845	25	16	26	17	28	19	30	22	31	26	31	31	30	37	28	44	25	52	21	60	18	69	16	78	15	87	13	95	10	102	6	108	3	114	1	119	0	124	0	130	1	135	3	139	6	143	10	146	15	148	21	149	27	149	34	148	42	146	51	143	61	139	71	134	80	128	88	121	95	113	101	104	106	96	110	89	113	82	115	76	116	71	116	65	115	59	113	54	110	50	106	47	101	45	96	43	90	42	83	41	75	39	66	36	58	32	51	29	45	27	40	24	35	21	31	19	28	17	26	16	25	16	25	16	
78:
47	1.254	116	5	117	6	119	8	120	11	120	15	119	20	117	25	115	31	112	38	108	45	103	52	97	58	90	63	82	67	73	70	64	72	56	73	49	73	43	72	38	70	34	67	31	63	29	60	28	56	28	51	29	45	31	39	34	34	38	30	43	27	49	25	56	23	64	22	73	21	81	21	88	22	95	24	101	25	106	25	110	24	113	22	115	19	116	15	116	11	115	8	115	6	116	5	116	5	
79:
50	3.814	108	12	109	13	111	15	112	18	112	22	111	27	109	33	107	40	104	48	100	57	95	67	89	78	82	88	74	97	65	105	56	112	47	118	39	123	32	128	25	132	19	135	14	137	10	138	7	138	5	137	4	135	4	133	5	131	7	129	10	126	14	123	19	119	24	114	28	108	32	101	35	93	39	84	44	74	50	65	57	57	64	48	72	40	80	33	87	27	93	22	98	18	102	15	105	13	107	12	108	12	108	12	
80:
60	5.819	31	133	30	132	28	130	26	127	23	123	19	118	16	112	12	105	9	97	7	90	6	84	6	79	7	75	9	72	11	70	13	69	16	69	20	70	24	72	29	75	35	77	42	78	50	78	59	77	68	75	77	72	86	69	94	65	101	60	107	56	112	52	116	49	121	47	126	46	131	46	135	47	138	49	140	52	141	56	141	61	140	67	138	74	135	82	131	91	126	100	120	108	113	115	105	121	96	126	86	130	76	133	67	135	59	136	52	136	46	135	41	133	37	132	34	132	32	132	31	133	31	133	
81:
44	0.399	95	102	96	101	98	99	101	96	105	93	110	89	116	84	121	78	125	71	130	64	134	58	137	53	139	49	140	46	140	44	139	43	137	43	134	44	131	46	129	49	128	53	128	58	128	64	128	71	128	79	129	88	131	96	133	103	134	109	134	114	133	118	131	121	129	123	126	124	122	124	119	123	117	121	114	119	110	116	105	112	101	108	98	105	96	103	95	102	95	102	
82:
57	4.15	10	67	9	66	8	64	6	61	5	57	5	52	6	46	8	39	11	33	15	28	20	24	26	21	32	19	39	18	46	18	53	19	61	21	70	24	80	27	89	31	97	36	104	42	110	49	115	57	119	66	122	74	126	81	129	87	131	92	132	96	132	99	131	101	129	102	126	102	122	101	117	99	111	96	104	92	96	88	89	84	81	81	73	79	64	78	54	78	45	79	37	81	30	83	24	84	19	84	15	83	12	81	10	78	9	75	8	72	8	70	9	68	10	67	10	67	
83:
53	1.051	34	40	35	41	37	43	39	46	42	50	46	55	49	61	51	68	52	75	52	82	51	90	49	98	48	105	47	111	47	117	47	122	48	126	50	129	53	131	57	132	62	132	68	131	75	129	82	126	90	122	98	117	105	111	111	104	116	96	120	89	123	83	125	78	126	74	126	71	125	69	123	67	120	66	116	66	111	66	105	67	98	69	90	70	81	70	73	69	65	67	58	64	52	60	47	55	43	50	40	46	37	43	35	41	34	40	34	40	
84:
53	27.648	5	70	6	71	8	73	11	76	15	80	20	85	26	91	33	98	41	106	50	113	60	119	71	124	82	129	92	133	101	136	109	138	116	139	122	139	127	138	131	136	134	133	136	129	137	124	137	119	136	115	134	112	131	110	127	109	122	109	116	110	111	111	105	113	98	115	90	117	81	118	71	118	60	118	50	119	41	119	33	118	26	116	20	113	15	109	11	106	8	102	6	97	5	91	5	85	6	80	6	76	6	73	6	71	5	70	5	70	
85:
48	3.185	69	43	70	44	71	46	72	49	74	53	77	58	81	64	86	71	91	79	95	87	98	96	100	104	101	111	101	117	100	122	98	126	95	129	91	131	86	132	81	132	75	131	70	129	64	126	57	122	51	118	45	115	38	112	32	110	27	109	23	107	20	104	18	100	17	95	17	89	18	82	20	74	23	67	27	61	31	55	36	50	42	46	48	43	54	41	59	40	63	40	66	41	68	42	69	43	69	43	
86:
52	0.104	121	83	120	84	119	86	117	89	114	93	110	98	105	104	99	111	92	117	84	122	75	126	67	129	60	131	54	134	49	136	45	137	42	137	40	136	39	134	39	131	40	127	42	122	45	117	49	111	54	104	60	96	65	88	69	81	72	75	74	70	76	66	77	63	77	61	76	60	74	60	72	61	71	63	71	65	72	66	74	66	77	65	81	65	86	66	92	68	99	71	105	75	110	78	114	81	117	83	119	84	120	84	121	83	121	83	
87:
51	5.607	58	15	59	16	61	18	64	21	68	25	73	30	79	36	85	43	90	51	94	59	97	68	99	78	100	89	100	99	100	108	99	116	97	124	94	131	90	137	85	142	79	146	72	149	64	151	56	153	49	154	43	154	38	153	34	151	31	148	29	144	28	139	28	133	29	126	31	120	34	115	38	110	42	104	46	97	51	89	55	80	58	70	60	60	62	51	63	43	63	36	64	30	64	25	63	21	61	18	59	16	58	15	58	15	
88:
52	4.079	62	99	61	98	61	96	61	93	61	89	62	84	64	78	67	72	71	66	75	60	80	55	84	51	88	48	93	46	97	45	101	45	104	46	106	48	107	51	107	55	106	60	104	66	101	73	97	81	92	89	86	96	79	102	71	107	62	111	53	114	45	116	38	117	32	117	27	116	23	114	20	111	18	107	17	103	17	99	18	96	20	94	23	92	27	91	32	91	36	92	41	94	47	97	52	99	56	100	59	100	61	99	62	99	62	99	
89:
52	18.572	85	34	84	35	82	37	79	40	75	44	72	49	69	55	67	62	66	70	64	79	63	88	63	97	64	105	66	112	69	118	72	124	76	129	79	133	81	136	82	138	82	139	81	139	79	138	76	136	72	133	67	129	61	124	54	119	48	115	43	112	38	110	34	108	31	106	29	103	28	101	28	99	29	96	31	93	34	91	38	88	43	84	49	79	56	73	63	68	69	62	74	55	78	49	81	44	83	40	84	37	84	35	85	34	85	34	
90:
57	0.541	64	66	65	67	66	69	68	72	71	76	75	81	79	87	84	93	90	100	96	106	103	112	109	117	114	121	118	124	121	126	123	127	124	127	125	126	125	124	125	121	124	117	124	112	123	106	121	99	119	91	116	82	114	72	113	61	113	51	114	42	116	34	117	26	119	19	121	13	122	8	122	4	121	1	119	-1	116	-2	112	-2	107	-1	101	1	94	4	86	8	79	13	73	18	68	24	64	31	61	37	59	43	58	49	58	54	59	58	61	61	63	63	64	65	64	66	64	66	
91:
44	0.702	123	50	124	51	125	53	125	56	124	59	122	63	120	68	117	74	113	81	108	89	102	98	96	106	89	113	81	119	72	124	64	128	57	131	50	133	44	134	39	134	35	133	32	132	30	130	29	127	29	123	30	118	32	112	35	105	39	97	44	90	49	82	55	75	62	68	70	62	78	57	87	53	95	50	102	48	108	47	113	46	117	46	120	47	122	49	123	50	123	50	
92:
44	2.834	0	115	0	114	-1	112	-1	110	-1	107	0	103	2	98	5	92	8	85	12	77	17	68	23	59	30	51	37	44	43	38	48	33	52	29	56	26	59	24	61	23	62	23	62	24	61	26	59	29	57	33	56	38	54	44	52	51	49	58	45	66	41	75	38	83	36	91	34	98	31	104	27	109	22	113	16	116	11	118	7	119	4	119	2	118	1	116	0	115	0	115	
93:
67	1.219	16	127	16	126	15	124	14	121	12	117	11	112	11	106	11	99	12	91	14	82	17	72	21	62	26	53	32	45	39	37	46	30	54	24	62	19	70	15	79	12	89	10	99	9	108	9	116	10	123	12	130	15	137	19	143	23	148	28	152	34	155	41	157	49	158	57	158	64	157	70	155	75	152	79	148	82	143	84	138	85	134	85	130	84	126	82	121	79	115	75	108	70	100	66	91	63	83	61	76	60	70	60	64	61	58	63	51	66	45	69	40	73	36	78	32	84	29	91	27	99	26	106	25	112	23	117	20	121	18	124	17	126	16	127	16	127	
94:
52	2.541	68	82	69	83	71	85	74	88	78	92	81	96	85	100	90	105	94	111	97	118	100	124	102	129	103	133	103	136	102	138	100	139	97	139	94	138	90	136	85	133	79	129	72	124	65	118	57	111	48	104	40	98	33	93	25	89	18	86	12	84	7	83	3	83	0	84	-2	86	-3	88	-3	90	-2	91	0	91	3	90	7	88	12	85	18	82	25	80	32	78	40	77	47	77	53	78	58	78	62	78	65	79	67	81	68	82	68	82	
95:
57	14.722	108	93	107	92	105	90	102	87	98	83	93	78	87	72	80	65	72	58	63	52	54	47	46	43	39	39	33	36	28	34	24	33	21	33	18	34	16	36	15	39	15	41	16	42	18	44	21	47	25	50	29	53	34	55	40	56	47	56	55	55	64	53	74	50	83	46	91	42	98	39	104	36	109	32	115	29	122	27	128	26	133	26	137	27	140	29	142	32	143	36	143	41	142	47	140	54	137	62	133	69	128	75	123	80	118	84	114	87	111	90	109	92	108	93	108	93	
96:
59	2.157	92	59	91	58	89	57	86	57	82	58	77	60	71	63	66	67	60	72	55	78	51	85	47	92	42	98	38	104	33	109	28	113	23	116	19	118	16	119	14	119	13	118	11	116	10	113	10	109	11	104	13	98	16	91	19	83	23	74	28	64	34	54	41	45	49	37	58	30	67	23	77	17	86	11	95	6	103	2	110	-1	116	-3	121	-4	125	-4	128	-3	130	-1	131	2	131	6	130	11	128	17	125	24	121	30	116	35	112	39	107	44	102	49	98	53	95	56	93	58	92	59	92	59	
97:
49	1.692	5	104	6	105	8	107	11	110	15	113	20	116	26	120	32	123	39	125	45	126	50	126	54	125	57	123	61	120	66	116	71	111	76	105	80	98	85	91	89	83	94	76	100	70	105	64	109	59	112	55	114	52	115	49	115	46	114	44	112	43	109	42	105	42	100	43	94	44	87	46	79	48	70	51	61	54	51	58	42	63	34	69	27	76	21	83	16	89	12	94	9	98	7	101	6	103	5	104	5	104	
98:
49	3.833	124	37	124	38	123	40	121	43	120	47	120	52	121	58	122	65	124	72	127	79	131	85	134	90	136	94	137	97	137	99	138	100	138	100	137	99	136	97	134	94	131	90	127	85	122	80	116	75	110	71	103	68	96	66	90	65	84	65	79	66	75	67	72	67	70	66	69	64	69	61	70	57	72	52	75	47	79	42	84	38	90	35	96	33	103	32	109	31	114	31	118	32	121	34	123	36	124	37	124	37	
99:
51	0.177	79	35	80	34	82	32	84	29	86	26	89	24	93	22	98	21	104	21	111	22	117	24	122	27	126	31	129	36	131	42	132	49	132	57	131	66	129	75	126	84	122	92	117	99	111	105	104	110	96	115	89	119	82	122	76	124	71	125	67	125	64	124	62	122	61	119	61	115	62	110	64	104	67	97	71	90	75	84	80	79	84	74	87	70	89	66	90	61	90	55	89	50	87	45	84	41	82	38	80	36	79	35	79	35	