0:
77	22.67	63	104	62	105	60	107	57	110	53	114	48	118	44	123	39	129	33	136	26	143	20	149	15	154	11	158	8	161	6	164	5	167	5	169	6	171	8	172	11	172	15	171	20	169	26	167	33	164	41	160	50	155	59	149	67	142	74	134	80	125	85	115	90	104	96	92	102	80	109	69	117	59	126	50	135	42	143	35	150	28	156	22	161	17	165	13	168	9	170	4	171	-2	171	-8	170	-13	168	-17	165	-20	161	-22	156	-23	150	-23	143	-22	135	-20	126	-19	116	-17	105	-14	95	-10	86	-6	78	-1	71	5	65	12	60	20	56	29	53	39	50	49	48	59	47	68	47	76	48	83	50	89	53	94	57	98	60	101	62	103	63	104	63	104	
1:
71	67.488	64	141	63	140	61	138	58	135	54	131	49	126	45	120	42	113	40	105	38	96	37	88	37	81	36	75	34	70	31	66	27	63	22	61	18	60	15	60	13	61	12	63	12	66	13	70	14	75	14	81	15	88	17	96	18	105	20	115	23	125	26	135	30	145	35	154	41	162	48	169	56	175	65	180	75	184	86	187	97	189	108	190	118	190	127	189	135	187	142	184	148	180	153	175	157	169	160	164	162	158	163	151	163	143	162	136	160	130	157	125	153	121	148	118	142	115	135	113	127	112	118	112	109	113	100	115	92	118	85	122	79	126	74	131	70	135	67	138	65	140	64	141	64	141	
2:
74	17.796	141	32	140	31	138	29	135	26	131	22	126	17	120	13	113	9	105	6	97	4	89	3	82	2	76	2	70	3	65	5	61	8	58	12	56	17	55	22	54	28	53	35	51	43	48	52	44	62	40	73	37	83	33	94	28	104	22	113	17	121	13	128	10	134	8	139	7	143	7	146	8	148	10	151	13	155	17	158	22	160	28	161	35	163	43	166	52	170	62	175	73	179	84	182	96	184	107	185	117	185	128	184	138	182	147	179	155	175	162	170	168	164	173	157	177	149	180	140	182	130	183	119	183	108	182	97	180	87	177	77	173	68	168	60	162	53	156	47	151	42	147	38	144	35	142	33	141	32	141	32	
3:
74	8.958	42	66	41	67	39	69	36	72	32	76	27	81	21	87	16	94	12	101	9	109	7	118	6	128	6	138	7	147	9	155	12	162	16	168	21	173	27	177	34	180	42	182	51	183	60	183	70	182	81	180	93	177	104	173	114	168	123	162	131	155	138	148	144	140	150	131	155	121	159	111	162	101	164	92	166	84	167	77	167	71	166	66	164	62	161	59	157	57	152	56	147	56	142	57	138	59	135	62	131	66	126	71	120	77	113	84	105	91	96	97	86	102	77	106	69	109	62	111	55	112	49	112	44	111	40	109	37	106	35	102	34	97	34	91	35	86	35	81	36	76	37	72	39	69	41	67	42	66	42	66	
4:
67	11.903	166	61	165	62	165	64	166	67	168	71	170	76	171	82	171	89	170	97	170	106	169	116	168	126	168	135	167	143	165	150	164	156	162	161	159	165	155	168	150	170	144	171	137	171	129	170	120	168	111	165	103	161	96	157	90	154	85	152	81	150	78	149	76	149	75	150	75	152	74	155	72	159	69	162	65	164	60	165	56	165	52	164	49	162	47	159	46	155	45	150	45	144	46	138	48	133	51	128	55	124	60	119	66	113	73	106	81	98	90	90	100	83	111	77	121	72	130	67	138	63	145	60	151	58	156	57	160	57	163	58	165	60	166	61	166	61	
5:
68	23.739	29	131	30	130	32	129	35	129	39	130	44	131	50	133	57	134	65	135	74	135	84	134	95	132	106	129	116	125	125	120	133	114	140	107	146	99	151	90	155	80	158	69	161	59	163	50	164	42	164	35	163	29	162	24	160	20	157	17	154	15	152	14	151	14	150	15	148	17	146	20	143	24	139	29	134	35	128	42	121	49	113	57	104	64	94	70	83	75	72	79	61	82	51	84	42	85	34	85	27	86	21	88	16	91	12	94	9	98	6	103	4	109	3	116	3	122	4	127	5	131	7	134	10	136	14	137	19	137	23	136	26	134	28	132	29	131	29	131	
6:
70	9.62	112	26	113	27	114	29	116	32	119	36	123	41	128	47	134	54	141	62	147	71	152	81	156	92	160	102	163	111	165	121	166	130	167	138	167	145	166	151	166	156	165	160	163	163	160	165	158	166	157	166	157	165	157	163	157	160	156	156	154	151	151	145	147	138	142	130	136	123	130	117	123	112	115	108	106	105	96	103	85	102	75	102	66	103	58	105	51	108	45	112	40	116	36	119	33	121	31	122	30	122	29	121	29	119	30	116	32	112	35	107	39	101	43	94	48	86	54	77	61	69	69	62	76	54	84	47	91	41	97	36	102	32	106	29	109	27	111	26	112	26	112	26	
7:
71	1.84	185	111	184	112	182	114	179	116	175	119	170	123	164	128	157	133	149	137	140	140	130	142	119	143	107	143	95	142	84	140	73	137	63	133	54	128	46	122	39	115	33	107	28	98	24	89	21	81	19	74	18	68	18	63	19	59	21	56	24	54	28	53	32	53	35	54	37	56	38	59	40	63	42	68	43	74	45	81	48	89	52	98	57	108	63	118	70	127	78	136	86	144	93	152	99	159	106	165	113	170	119	174	124	177	128	179	131	180	134	180	138	179	143	177	148	174	153	170	158	165	162	159	165	152	167	144	168	137	170	131	172	126	175	121	179	117	182	114	184	112	185	111	185	111	
8:
83	286.719	151	155	150	154	149	152	149	149	149	145	149	140	149	134	149	127	150	119	150	110	149	100	147	89	146	78	146	67	147	57	149	48	152	40	156	33	161	27	165	22	169	18	172	15	176	13	180	12	183	12	185	13	186	15	187	18	187	22	186	27	185	32	183	38	180	45	176	53	171	62	165	71	158	79	150	86	141	92	131	97	120	101	108	104	96	106	83	107	70	107	58	106	47	104	37	101	28	98	20	96	13	95	7	95	2	96	-2	98	-5	100	-7	103	-8	107	-8	112	-7	117	-5	123	-2	130	2	137	7	145	13	153	20	160	28	166	37	171	47	175	58	178	69	180	81	181	92	181	102	180	111	180	119	179	126	177	132	174	137	170	141	165	145	161	148	158	150	156	151	155	151	155	
9:
57	6.023	13	46	14	45	16	45	19	46	23	47	28	49	34	52	41	55	49	59	58	64	67	70	77	77	86	85	94	93	101	102	107	112	112	121	117	129	123	136	130	142	138	147	147	151	155	154	162	157	168	159	173	160	177	160	180	159	182	157	183	154	183	150	182	145	180	141	177	137	173	132	168	127	162	122	155	116	147	109	138	101	128	92	117	82	106	73	94	65	82	58	71	52	61	47	52	43	44	40	37	38	31	37	26	37	22	38	19	40	16	43	14	45	13	46	13	46	
10:
61	8.34	6	41	6	42	7	44	8	47	10	51	12	56	15	62	19	68	24	75	30	83	37	92	45	102	53	111	62	119	72	126	83	133	94	139	106	144	117	148	128	151	138	153	147	154	155	154	162	153	168	151	173	148	177	144	180	141	182	137	183	132	183	126	182	119	180	111	177	102	173	92	168	82	163	72	157	63	151	55	146	48	142	42	137	37	132	33	126	30	119	28	111	27	102	27	92	28	82	29	72	31	61	32	51	33	42	35	34	37	27	38	21	40	16	41	12	41	9	40	7	40	6	41	6	41	
11:
69	20.008	47	147	48	146	50	144	53	141	57	137	62	132	68	126	75	119	83	111	91	102	100	93	110	85	120	78	129	72	137	67	144	63	150	60	155	58	159	57	162	57	164	58	165	59	165	60	164	60	162	59	159	57	155	54	150	51	144	47	137	44	129	41	120	39	110	38	99	36	87	35	75	35	63	36	52	38	41	41	31	44	22	48	14	53	7	59	1	66	-4	74	-8	82	-11	91	-13	101	-14	112	-14	122	-13	131	-11	139	-9	146	-6	152	-2	157	3	161	8	164	14	166	21	167	28	167	34	166	39	164	43	161	46	158	48	154	49	151	49	149	48	148	47	147	47	147	
12:
71	20.258	41	27	42	28	44	30	47	33	51	37	56	42	62	48	69	54	77	59	86	63	96	67	106	70	115	72	123	73	130	73	136	72	141	70	145	67	148	63	152	59	155	56	157	54	158	53	160	53	163	54	166	56	168	59	169	63	169	68	169	74	168	81	166	89	163	98	159	108	154	119	148	129	143	138	139	146	136	153	134	160	133	166	133	171	132	175	130	178	128	180	125	181	121	181	116	180	110	178	103	175	95	171	88	166	80	160	71	153	63	145	55	136	48	126	42	116	37	105	33	93	30	82	28	72	27	63	27	55	28	48	30	42	33	37	36	33	38	30	40	28	41	27	41	27	
13:
64	2.159	100	154	99	155	97	157	96	160	96	164	97	169	99	175	102	180	106	184	111	187	116	189	121	191	127	192	134	192	142	191	149	189	155	186	160	182	164	177	167	172	169	166	170	159	170	151	170	142	170	132	169	121	167	109	164	97	160	86	155	75	150	65	146	56	141	48	135	41	128	35	122	30	116	26	111	23	107	21	104	20	100	20	97	21	95	23	93	26	92	30	92	35	93	41	94	48	94	56	93	65	93	75	93	86	94	97	96	107	99	116	101	124	102	131	102	137	101	142	101	146	101	149	101	151	100	153	100	154	100	154	
14:
71	14.139	94	104	94	103	93	101	92	98	92	94	92	89	93	83	93	76	92	68	90	61	89	54	88	48	88	43	89	39	91	36	94	34	98	33	103	33	109	34	115	36	121	39	126	43	130	48	135	54	139	61	142	69	144	78	145	88	145	98	144	108	142	119	139	129	135	138	130	146	124	153	117	159	109	165	101	170	92	174	82	177	72	179	62	180	53	180	45	179	38	177	32	174	27	170	23	165	20	161	18	158	17	156	17	154	18	153	20	153	23	153	27	153	32	152	38	152	45	151	53	149	60	146	66	142	71	137	76	131	81	125	85	119	88	114	91	110	93	107	94	105	94	104	94	104	
15:
75	9.17	144	25	145	26	147	28	150	31	154	35	159	40	164	46	168	52	171	59	173	67	175	75	176	84	176	94	175	103	173	111	170	118	166	124	161	129	155	133	148	136	140	138	131	139	121	139	110	138	98	136	87	133	76	129	66	124	57	118	49	111	42	103	36	96	31	89	27	81	24	72	21	63	19	55	17	48	16	41	16	35	17	30	19	26	22	23	26	21	31	20	37	19	44	19	52	20	61	22	71	25	82	29	94	33	105	38	116	42	126	45	135	47	143	48	150	48	156	47	161	45	165	44	168	44	170	44	171	45	171	45	170	44	168	43	165	41	161	38	158	35	154	33	150	31	147	28	145	26	144	25	144	25	
16:
64	3.267	142	60	143	59	145	57	148	54	152	50	157	47	163	45	168	43	173	42	177	42	180	43	182	45	183	47	183	50	182	54	180	59	177	64	173	68	168	73	162	78	155	83	147	88	138	94	128	101	117	109	107	118	98	128	89	138	81	147	74	155	68	162	63	168	59	173	56	177	54	180	51	182	47	183	44	183	42	182	40	180	39	177	37	173	36	168	36	162	37	155	39	147	42	138	46	128	51	119	57	110	64	102	71	95	79	87	88	80	97	74	106	69	114	65	121	62	127	60	132	59	136	58	139	58	141	59	142	60	142	60	
17:
78	4.05	87	45	86	44	84	42	83	40	81	37	78	33	74	28	69	23	63	19	57	16	52	14	47	13	41	13	36	14	32	16	27	19	23	23	20	28	18	34	17	41	17	49	16	58	16	67	16	76	17	84	19	91	22	97	26	102	31	107	37	111	44	114	51	116	59	117	68	117	78	116	89	114	101	111	114	107	126	104	137	102	147	101	156	101	164	102	171	104	177	107	182	111	186	116	189	122	191	128	192	135	192	141	191	146	190	150	188	153	185	155	181	156	176	156	170	155	165	153	160	150	156	146	153	141	150	135	146	128	141	120	135	111	130	101	126	92	123	83	119	75	114	68	108	62	102	57	97	53	93	50	90	48	88	46	87	45	87	45	
18:
71	12.507	12	104	13	103	15	101	18	98	22	94	27	89	33	83	40	76	48	69	57	62	67	56	77	50	87	45	96	41	104	38	111	36	117	35	122	35	126	36	129	38	132	40	134	43	135	47	136	52	136	58	135	65	133	73	130	80	126	87	122	94	119	100	117	107	116	115	116	124	117	134	119	144	121	154	124	163	126	171	127	179	127	188	126	196	124	203	121	209	117	214	112	218	106	221	99	223	91	224	82	224	72	223	61	221	51	218	42	214	33	209	25	203	18	196	12	188	7	179	3	169	0	159	-2	149	-3	140	-3	132	-2	125	0	119	3	114	6	110	9	107	11	105	12	104	12	104	
19:
76	79.619	27	51	26	52	24	54	21	57	17	61	12	66	6	72	-1	79	-7	87	-12	95	-16	104	-19	114	-21	124	-22	133	-22	141	-21	148	-20	154	-18	159	-15	164	-11	168	-6	171	0	173	7	174	15	174	24	175	34	177	45	180	57	182	69	184	81	186	92	189	102	192	111	194	119	195	126	195	132	194	137	192	141	189	144	185	146	180	147	174	147	167	146	159	144	151	141	142	137	132	132	122	126	112	119	103	111	95	103	86	96	76	90	66	85	56	81	47	76	39	70	32	65	26	61	21	58	17	54	14	51	12	49	11	48	11	48	12	47	14	46	17	45	21	43	26	42	32	40	37	37	41	33	45	30	48	28	50	27	51	27	51	
20:
87	33.462	97	44	96	43	94	41	91	38	87	34	82	29	76	24	69	20	61	17	52	15	42	14	31	14	21	15	12	17	4	20	-5	24	-13	29	-20	35	-26	42	-31	50	-35	59	-38	69	-40	79	-41	90	-41	102	-40	113	-38	123	-35	132	-31	140	-26	147	-20	153	-13	158	-5	162	4	165	14	167	24	168	33	168	41	167	48	165	54	162	59	158	63	153	66	147	68	140	70	132	72	123	74	113	77	104	81	96	86	89	91	83	96	78	102	74	109	71	117	69	126	68	136	68	145	69	153	71	160	74	166	77	172	79	177	80	181	80	184	79	186	77	187	74	187	70	186	65	185	59	183	52	180	46	176	41	171	36	165	32	158	29	150	27	142	26	133	26	125	27	118	29	112	32	107	35	103	38	100	41	98	43	97	44	97	44	
21:
69	3.592	72	80	73	81	75	83	78	86	82	88	87	89	93	90	100	91	108	93	117	96	127	98	137	101	146	103	154	106	161	110	167	115	172	120	176	126	179	133	181	140	182	148	182	156	181	163	179	169	176	174	172	178	167	181	161	183	155	184	148	184	140	183	131	181	122	178	114	174	106	169	98	163	89	156	81	148	72	139	64	129	57	118	51	107	46	95	42	84	39	74	37	65	36	57	36	50	37	44	39	39	42	35	46	32	51	30	57	29	64	29	70	30	75	32	79	35	82	39	84	44	85	50	85	57	84	63	83	68	81	72	78	75	75	77	73	79	72	80	72	80	
22:
73	41.221	132	3	133	4	135	6	138	9	142	13	147	18	152	23	158	29	165	36	171	44	176	51	180	59	183	68	185	78	186	89	186	99	185	108	183	116	180	123	176	129	171	134	165	138	158	141	150	143	141	144	131	144	120	143	108	142	95	142	82	143	70	143	59	142	49	142	40	143	32	143	25	144	19	144	14	143	10	141	7	138	5	134	4	129	4	123	5	116	6	108	6	99	5	89	4	78	2	66	1	54	1	43	2	33	4	24	7	16	11	9	16	3	22	-2	29	-6	37	-9	46	-11	56	-12	66	-12	77	-11	87	-10	96	-8	104	-5	111	-1	117	2	122	4	126	5	129	5	131	4	132	3	132	3	
23:
66	4.029	170	3	169	4	167	6	166	9	165	13	165	18	166	24	166	31	167	39	168	48	170	56	173	65	175	75	176	84	178	92	179	99	179	105	178	110	176	114	173	117	169	119	164	120	158	120	151	119	143	117	134	114	124	110	113	105	101	100	89	94	78	89	68	85	59	81	51	78	44	75	38	73	33	70	29	66	26	61	24	57	23	52	23	46	24	39	26	31	29	22	33	14	38	7	44	1	51	-4	59	-8	68	-11	78	-13	89	-15	100	-17	111	-18	121	-18	130	-17	138	-15	145	-13	151	-10	156	-7	160	-3	164	0	167	2	169	3	170	3	170	3	
24:
65	3.495	163	85	162	85	160	84	157	82	153	79	148	75	142	70	135	65	127	61	118	56	110	51	103	47	96	43	90	40	85	38	81	37	78	37	76	38	75	40	75	43	76	45	78	47	80	49	83	52	85	56	86	61	86	67	85	74	83	82	80	91	76	101	71	111	65	122	59	132	54	141	50	149	47	156	45	162	44	167	44	171	45	174	47	176	50	177	54	177	59	177	65	176	72	174	80	172	88	169	96	165	105	160	114	154	122	147	129	139	135	130	140	122	144	115	147	109	149	103	151	98	154	94	157	91	160	88	162	86	163	85	163	85	
25:
79	57.62	64	185	65	184	67	182	70	179	74	175	79	170	85	164	92	157	100	149	109	141	119	132	128	122	136	113	144	105	151	98	157	92	162	87	166	82	169	78	171	75	172	73	172	72	171	70	169	67	166	64	162	60	157	55	152	49	148	43	145	37	143	30	142	24	142	19	143	15	145	10	147	6	148	3	149	1	149	0	148	0	146	1	143	3	139	6	134	10	128	15	121	21	113	28	104	36	94	45	85	55	76	66	66	76	57	87	47	97	38	107	30	117	23	127	17	136	12	144	8	152	5	161	3	169	2	176	2	182	3	187	5	191	8	194	12	196	17	197	23	197	29	196	36	194	43	191	49	188	54	186	58	185	61	184	63	184	64	185	64	185	
26:
61	0.272	34	84	33	83	31	82	28	82	24	83	19	83	14	82	10	82	6	81	3	81	1	80	0	78	0	75	1	73	3	70	6	67	10	64	15	61	21	57	28	53	36	48	45	42	55	36	66	31	78	27	89	24	99	21	108	19	116	18	123	18	129	19	136	21	142	24	147	28	151	33	154	39	156	46	157	54	157	63	156	72	154	81	151	89	148	96	144	102	139	107	133	111	126	114	118	116	109	117	99	117	89	116	79	114	70	111	62	107	55	102	49	97	44	93	40	90	37	87	35	85	34	84	34	84	
27:
61	2.731	141	139	140	140	138	141	135	143	131	145	126	148	120	150	113	151	105	151	96	150	87	148	79	145	72	143	66	140	60	137	54	134	47	132	39	131	32	131	25	132	19	134	14	137	10	140	7	143	5	145	4	146	4	146	5	146	7	145	10	143	13	140	17	136	22	131	28	125	35	118	43	110	51	102	58	95	66	89	75	84	85	80	96	77	106	75	115	74	123	74	130	75	136	77	141	80	145	84	148	88	150	93	151	99	151	106	151	113	150	119	148	124	145	129	143	133	142	136	141	138	141	139	141	139	
28:
54	8.693	4	68	5	69	7	71	10	73	14	74	19	74	25	73	32	71	40	68	48	64	57	60	67	55	76	51	84	46	91	40	98	34	104	28	109	23	114	19	120	16	125	14	129	13	132	13	134	14	135	16	135	19	134	23	132	28	129	34	125	41	120	49	114	57	107	65	101	73	95	80	88	86	80	91	71	95	61	98	52	100	44	101	36	101	28	100	21	98	15	95	10	92	6	90	3	87	1	83	0	78	0	74	1	71	3	69	4	68	4	68	
29:
68	21.799	19	180	18	179	16	177	13	174	9	170	4	165	-2	159	-8	152	-14	144	-19	135	-23	125	-26	114	-28	102	-29	89	-29	76	-28	64	-26	53	-24	43	-21	34	-17	26	-12	19	-6	13	1	8	9	4	18	1	28	-1	39	-2	51	-2	64	-1	77	0	90	2	102	5	113	9	123	14	132	20	140	26	147	33	153	40	158	48	162	57	165	67	167	78	168	90	168	101	167	111	165	120	162	129	158	137	153	145	147	152	140	158	132	163	123	167	115	171	106	174	96	176	85	178	74	179	64	180	55	180	47	179	40	178	34	178	29	179	25	180	22	181	20	181	19	180	19	180	
30:
72	1.596	138	119	138	118	137	116	136	113	134	109	131	105	127	101	122	98	117	96	112	95	108	95	103	96	98	98	93	101	88	105	84	110	81	116	77	123	72	131	66	138	59	145	51	151	42	156	33	160	24	163	16	165	9	166	3	166	-2	165	-6	163	-9	160	-11	156	-12	151	-12	145	-11	138	-9	130	-6	121	-2	111	3	100	9	89	16	78	24	68	32	59	41	51	51	44	62	38	73	33	84	29	95	26	105	24	114	23	123	23	132	23	140	24	147	26	153	29	158	33	162	38	165	44	167	51	168	58	168	66	167	74	165	83	162	91	158	98	153	104	148	109	144	113	141	116	139	118	138	119	138	119	
31:
66	4.422	75	152	76	153	78	155	81	158	85	162	90	167	96	171	103	174	111	178	120	181	129	183	139	184	148	184	156	183	163	181	169	179	174	178	178	177	181	175	183	172	184	168	184	163	183	157	181	150	178	142	174	133	169	124	163	116	156	108	149	101	141	94	134	87	126	81	119	75	111	70	102	66	94	63	86	61	77	60	69	60	62	61	56	63	50	66	45	70	41	75	38	81	36	88	35	96	35	105	36	115	38	124	40	132	43	139	47	145	52	150	57	154	63	157	68	159	72	160	75	160	77	159	78	157	78	155	77	153	76	152	75	152	75	152	
32:
60	58.289	134	96	133	97	132	99	131	102	131	106	130	111	129	116	127	122	125	129	122	137	118	144	113	150	107	155	101	159	94	162	86	164	78	165	70	165	62	164	54	162	46	159	39	155	33	150	28	144	24	137	20	129	17	120	15	110	14	100	14	91	15	82	17	74	20	67	24	61	29	56	35	52	42	49	50	47	59	46	69	46	80	47	90	49	99	51	107	52	114	52	120	51	125	51	129	52	134	54	138	57	141	60	143	64	144	69	144	75	143	81	141	86	138	90	136	93	135	95	134	96	134	96	
33:
68	87.835	30	60	31	61	31	63	32	66	34	70	37	75	41	81	44	88	48	95	51	103	55	112	60	122	66	132	73	141	79	149	84	156	90	162	95	167	99	172	102	176	104	179	106	181	108	182	109	182	110	181	110	179	111	176	113	172	114	168	115	163	117	157	120	150	124	144	128	138	131	132	133	127	134	121	134	115	135	110	137	105	140	101	144	98	147	94	149	89	150	83	151	76	151	68	150	60	148	53	145	47	141	42	136	38	130	35	123	33	115	32	106	32	96	33	85	34	75	36	66	39	58	43	51	47	45	50	40	54	36	57	33	59	31	60	30	60	30	60	
34:
67	11.97	90	0	91	1	93	3	96	6	100	10	105	13	111	15	118	17	126	18	134	18	143	18	151	19	158	21	164	23	169	26	173	30	176	35	178	41	179	48	179	56	178	64	176	72	173	81	169	89	164	96	158	102	151	107	143	112	135	116	128	119	122	121	117	122	113	122	110	121	108	119	107	116	107	112	108	107	110	101	112	94	113	86	114	77	114	69	114	62	113	56	111	51	108	47	104	44	99	41	93	39	86	38	80	38	75	39	71	40	68	40	66	39	65	37	65	34	66	30	68	25	71	19	75	14	80	10	84	6	87	3	89	1	90	0	90	0	
35:
71	18.548	89	156	88	155	86	153	83	150	79	146	74	141	68	135	61	128	53	121	46	113	38	104	31	94	24	83	18	73	13	64	9	56	6	49	4	43	3	38	3	34	4	31	6	29	9	28	13	28	18	29	24	31	31	34	39	37	48	41	58	46	68	51	79	55	90	58	102	60	113	61	123	61	132	60	140	58	147	55	153	51	158	46	162	42	165	38	167	35	168	33	168	32	167	31	165	30	162	30	158	31	153	33	147	36	141	40	135	45	130	51	126	58	121	66	115	75	110	85	105	96	99	106	94	115	90	123	87	130	85	136	84	141	84	146	85	150	86	153	88	155	89	156	89	156	
36:
75	29.17	142	49	143	50	144	52	145	55	146	59	148	64	151	70	154	77	156	85	159	94	161	103	162	113	162	124	161	134	159	143	156	151	153	158	151	164	150	169	150	173	151	177	153	180	155	182	156	183	157	183	157	182	156	180	155	177	153	173	150	168	146	162	141	156	135	151	128	147	120	144	111	141	101	139	90	138	78	138	66	139	55	141	45	142	36	142	28	141	21	139	15	136	10	132	6	127	3	121	1	114	0	106	0	97	1	87	3	77	6	67	10	58	15	50	21	43	28	37	36	32	45	28	55	25	65	23	76	22	87	22	97	23	106	25	114	27	121	30	127	34	132	39	136	43	139	46	141	48	142	49	142	49	
37:
65	22.518	136	91	135	91	133	91	130	91	126	90	121	88	115	86	108	84	100	81	91	77	81	72	70	66	59	61	49	57	40	54	32	51	25	49	19	47	14	45	10	44	7	44	5	45	3	46	2	48	2	51	3	55	5	60	8	66	11	73	13	81	14	90	14	100	15	111	17	123	20	134	24	144	29	153	35	161	42	168	50	174	59	179	69	183	80	186	90	188	99	189	107	189	115	188	123	186	130	183	136	179	141	174	146	168	150	161	153	153	155	145	156	136	156	127	155	119	153	112	150	106	146	101	142	97	139	94	137	92	136	91	136	91	
38:
63	0.686	92	122	91	121	89	120	86	120	82	121	77	122	72	123	66	123	59	123	51	122	42	120	34	118	27	116	21	115	16	114	12	114	9	113	7	113	6	114	6	116	7	119	9	122	12	124	16	125	21	125	27	124	34	123	42	123	51	124	61	126	71	127	81	128	92	128	103	127	114	127	124	128	133	129	141	131	148	132	154	132	159	131	163	129	166	128	168	126	169	123	169	119	168	114	166	109	163	105	159	102	154	100	148	98	141	97	133	97	126	98	119	100	113	103	107	107	102	112	98	116	95	119	93	121	92	122	92	122	
39:
67	11.914	45	64	46	65	46	67	47	70	49	74	52	79	56	85	61	92	67	100	74	108	81	116	88	123	96	129	104	134	113	138	122	141	130	143	137	145	143	146	148	146	152	145	155	143	157	140	158	136	158	131	157	125	156	118	156	110	155	101	153	91	150	80	147	70	145	61	143	53	142	46	142	40	143	35	145	31	148	28	151	26	153	25	156	25	158	26	159	28	160	31	160	35	159	40	157	46	154	51	150	55	145	58	139	62	132	66	125	69	117	73	108	76	98	78	89	79	81	80	73	80	66	79	60	77	55	74	51	70	48	67	46	65	45	64	45	64	
40:
57	0.459	115	74	114	75	112	77	109	80	105	84	100	87	94	89	87	90	79	90	72	91	66	93	61	96	57	100	54	105	52	111	51	117	51	123	52	130	54	136	57	141	61	145	66	149	71	152	77	154	84	155	92	155	101	155	111	155	121	154	132	152	142	149	151	147	159	144	166	140	172	136	177	133	181	129	184	124	186	118	187	111	187	103	186	95	184	88	181	82	177	77	172	72	166	68	159	65	151	63	143	62	136	62	130	63	125	65	121	68	118	71	116	73	115	74	115	74	
41:
66	1.884	58	159	57	159	55	160	52	161	48	161	43	160	37	158	30	155	22	151	15	146	9	140	4	133	0	125	-3	116	-5	106	-6	95	-6	85	-5	75	-3	66	0	58	4	51	9	45	15	40	22	36	30	33	39	31	49	30	60	30	72	31	84	33	96	36	107	40	117	45	126	51	135	58	143	66	150	75	157	85	163	95	168	106	172	117	175	127	177	136	178	144	178	151	177	157	175	162	172	166	168	169	163	171	157	172	150	172	142	171	133	169	123	167	113	166	103	166	94	166	86	166	79	165	73	163	68	161	64	159	61	158	59	158	58	159	58	159	
42:
62	5.243	144	139	143	140	141	142	138	145	134	148	129	152	123	157	116	161	108	164	99	166	90	167	80	167	69	166	57	164	46	161	36	157	27	152	19	146	12	139	6	131	1	122	-3	112	-6	103	-8	95	-9	88	-9	82	-8	77	-6	73	-3	70	1	68	6	67	12	67	19	68	27	70	35	71	44	71	54	70	65	68	75	65	84	63	92	62	99	62	105	63	110	65	114	68	117	72	119	77	120	83	120	90	119	98	119	106	119	113	119	120	120	126	122	131	125	135	129	138	134	140	138	141	141	141	143	140	144	139	144	139	
43:
71	4.211	2	53	1	54	1	56	2	59	4	63	7	68	11	74	16	81	22	89	27	96	31	102	34	107	36	111	39	114	42	116	46	117	49	117	51	116	54	115	57	113	61	110	66	106	71	102	77	99	83	97	89	96	96	96	102	97	109	99	117	100	126	100	136	99	146	97	155	94	163	90	170	85	176	79	181	72	185	64	188	55	190	45	191	36	191	28	190	21	189	15	187	10	184	6	180	3	175	1	169	0	162	0	154	1	145	3	135	6	124	10	112	15	99	21	87	28	76	35	65	41	55	46	46	50	38	53	30	55	23	56	17	56	12	55	8	54	5	54	3	54	2	53	2	53	
44:
77	26.809	32	14	33	15	33	17	32	20	31	24	31	29	31	35	30	42	30	50	31	59	33	69	36	80	40	92	45	105	51	117	57	128	64	138	72	147	80	155	87	162	93	169	99	175	105	180	110	184	115	187	119	189	122	190	124	190	125	189	125	187	124	184	123	180	121	175	118	169	115	162	113	154	112	145	112	137	111	128	111	120	112	112	113	104	115	97	118	91	122	86	127	82	133	79	139	77	144	76	148	76	151	77	153	79	154	81	154	82	153	82	151	81	148	79	144	76	139	72	135	67	130	61	124	54	118	46	111	38	103	31	94	25	84	20	75	16	67	13	60	11	53	9	47	8	42	8	38	9	35	11	33	13	32	14	32	14	
45:
60	15.553	104	132	103	133	103	135	103	138	104	142	106	147	109	152	113	157	117	161	122	164	127	166	132	167	138	167	144	166	150	164	155	161	159	157	162	152	164	146	165	139	165	131	164	122	162	112	159	101	155	91	152	82	150	73	148	65	145	58	141	52	137	47	134	43	132	40	131	38	131	37	132	37	134	38	137	40	140	43	144	47	148	52	151	58	153	65	155	73	156	81	156	90	155	99	153	107	150	114	147	120	143	125	138	129	132	132	125	134	119	135	114	135	110	135	107	134	105	133	104	132	104	132	
46:
74	9.534	185	91	184	90	182	88	179	85	175	81	170	77	164	72	158	66	151	59	143	52	134	46	124	40	113	35	101	31	90	28	80	26	71	25	63	25	56	26	50	28	45	31	41	35	38	40	36	46	35	53	35	61	36	70	38	80	41	91	45	103	50	116	56	128	63	139	70	149	78	158	87	166	97	173	108	179	118	184	128	188	138	191	147	193	155	194	162	194	168	193	173	191	177	189	180	186	182	182	183	177	183	171	182	164	180	156	177	147	173	137	168	127	163	118	159	110	155	103	152	97	150	92	149	87	149	83	150	80	152	78	155	77	159	77	164	78	170	80	175	82	179	85	182	88	184	90	185	91	185	91	
47:
75	67.237	61	146	62	146	64	147	67	149	71	152	76	156	82	161	89	167	97	174	106	180	115	185	125	190	134	194	142	197	149	199	155	200	160	200	165	199	169	198	172	196	174	193	175	189	175	184	174	178	172	172	169	166	165	159	160	151	154	143	147	134	139	124	130	113	120	102	109	91	97	81	84	72	72	64	61	56	51	49	41	43	32	38	24	34	17	31	9	29	2	28	-4	28	-11	29	-18	31	-24	34	-29	38	-33	43	-36	49	-38	56	-39	64	-39	73	-38	83	-36	94	-33	104	-29	113	-24	121	-19	128	-13	135	-7	141	0	146	8	150	17	153	25	155	33	156	40	156	46	155	51	154	55	152	58	149	60	147	61	146	61	146	
48:
62	4.955	18	109	19	110	20	112	21	115	23	119	26	124	30	130	35	136	41	143	48	151	55	158	63	164	72	169	80	173	87	176	93	178	98	179	102	179	105	178	108	176	110	173	111	169	111	164	110	158	108	151	105	143	102	134	100	124	99	113	98	101	98	90	98	80	97	71	95	63	94	55	94	47	93	40	93	34	92	29	90	25	87	22	83	20	78	19	72	19	65	20	58	22	52	25	47	29	43	34	40	40	38	47	37	55	37	64	36	73	34	81	31	88	27	94	24	99	21	103	19	106	18	108	18	109	18	109	
49:
72	4.728	95	1	96	2	98	4	101	7	105	11	110	16	116	22	122	29	129	37	137	46	146	56	155	67	163	79	170	90	176	100	181	109	185	117	188	124	190	130	191	135	191	139	190	142	188	144	185	145	181	145	176	144	170	142	163	139	155	135	147	131	138	128	128	126	117	124	106	123	94	123	81	124	69	126	58	129	48	133	39	138	31	144	24	149	18	153	13	156	9	158	6	159	4	159	3	158	3	156	4	154	6	151	9	147	13	142	18	136	24	129	31	121	37	112	42	102	46	91	49	79	52	67	55	56	59	46	63	37	68	29	74	22	80	16	85	11	89	7	92	4	94	2	95	1	95	1	
50:
81	191.653	2	148	3	147	5	145	8	142	12	138	17	133	23	127	30	120	38	114	47	109	57	105	68	101	79	98	91	96	102	95	112	95	123	94	133	94	142	95	150	97	157	100	163	104	168	108	172	113	175	119	177	125	178	130	178	134	177	137	175	139	172	140	168	140	163	139	157	137	150	134	142	130	133	125	123	119	112	112	100	104	89	95	79	86	70	78	61	70	53	63	46	57	40	52	35	48	31	45	28	43	26	42	25	42	25	43	26	45	28	48	31	52	34	57	38	63	41	70	43	78	44	87	46	97	47	107	47	117	47	126	46	134	44	141	43	147	41	152	38	156	36	159	33	161	30	162	26	162	21	161	17	159	12	156	8	153	5	151	3	149	2	148	2	148	
51:
44	0.462	172	37	171	36	169	35	166	35	162	35	157	34	151	33	144	32	137	32	130	31	122	29	115	28	109	27	104	27	100	28	97	30	95	33	94	37	94	42	95	48	97	54	100	60	104	66	108	72	113	77	119	81	126	84	132	86	137	87	141	87	144	86	146	85	147	83	149	80	152	76	156	71	161	65	165	58	168	52	170	47	171	43	171	40	171	38	172	37	172	37	
52:
67	47.259	150	162	150	161	149	159	148	156	147	152	146	147	146	142	147	136	149	129	152	121	155	112	157	102	158	91	158	81	157	72	155	64	152	56	148	49	143	43	138	38	132	34	125	31	117	29	109	28	101	28	94	29	87	31	79	34	71	38	62	43	52	48	43	54	35	61	28	69	22	78	17	88	13	98	10	109	8	121	7	133	6	145	6	156	7	166	9	175	12	183	16	190	21	196	27	201	34	205	42	208	51	210	61	211	72	211	82	210	93	208	103	205	112	201	120	197	127	192	133	186	138	180	142	175	145	171	147	168	149	165	150	163	150	162	150	162	
53:
81	15.155	49	81	49	80	48	78	48	75	49	71	51	66	53	60	55	53	57	46	59	40	62	35	66	30	69	26	71	23	74	21	78	20	81	20	83	21	84	23	84	26	83	30	83	35	84	41	85	47	87	54	90	60	93	65	97	69	102	72	108	74	115	75	122	75	129	74	135	72	142	69	150	65	157	60	163	54	168	49	174	45	179	42	184	40	188	39	191	39	193	40	196	42	198	45	199	49	199	54	198	60	196	67	193	75	189	84	184	94	178	104	171	113	163	121	155	128	146	134	136	139	125	143	115	146	105	148	95	149	86	149	78	148	71	146	65	143	60	139	56	134	53	128	51	121	50	114	50	108	51	102	51	96	51	91	51	87	51	84	50	82	49	81	49	81	
54:
71	27.275	174	118	175	117	177	115	180	112	183	108	187	103	192	97	196	90	199	82	201	73	202	64	202	56	201	49	199	42	196	36	192	31	187	27	181	24	174	22	166	21	157	21	148	22	138	24	127	27	115	31	103	36	91	42	80	49	70	57	59	66	49	76	40	87	32	97	25	106	19	114	14	121	10	127	6	132	3	136	1	139	0	141	0	143	1	144	3	144	6	143	10	141	14	138	19	134	25	129	32	123	39	117	47	110	54	104	61	98	69	93	78	89	88	86	98	84	107	83	117	83	127	84	136	86	144	89	151	93	157	98	162	103	166	108	169	112	171	115	173	117	174	118	174	118	
55:
67	3.599	137	25	136	24	134	24	131	25	127	26	122	26	116	27	109	29	101	32	92	36	82	40	73	45	63	49	54	52	46	54	39	55	33	55	28	54	24	53	21	52	19	52	18	53	18	55	19	57	21	60	24	64	28	69	33	75	39	81	46	88	53	96	61	104	69	111	78	118	88	125	99	132	109	138	118	143	126	147	133	151	139	154	144	156	148	157	151	157	153	156	154	154	154	151	153	147	151	142	148	136	144	130	139	123	133	115	128	107	124	99	121	90	119	80	118	70	118	61	119	53	121	46	124	40	127	35	131	31	134	28	136	26	137	25	137	25	
56:
64	2.498	40	105	39	106	39	108	39	111	38	115	36	120	34	126	32	133	30	141	27	149	25	156	22	162	19	167	16	171	14	174	13	176	12	177	12	177	12	176	13	174	15	171	18	167	22	162	27	157	33	151	40	144	48	136	57	129	65	121	74	112	83	102	91	91	100	80	108	70	115	61	121	53	126	46	130	39	133	33	136	28	139	24	141	21	142	19	142	18	141	18	139	19	136	21	132	24	127	28	121	33	114	39	107	46	100	54	93	63	85	71	76	78	68	84	61	89	55	93	50	96	46	99	43	102	41	104	40	105	40	105	
57:
73	16.219	115	166	114	167	112	168	109	168	105	168	100	168	94	167	87	165	79	162	70	158	60	153	49	147	39	140	30	132	22	123	15	113	8	104	2	94	-3	84	-7	75	-10	67	-12	60	-13	54	-13	49	-12	45	-10	42	-7	40	-3	39	1	39	5	40	8	42	10	45	12	49	14	54	17	59	21	65	26	72	32	80	39	89	47	97	56	104	66	111	77	118	89	124	100	129	111	133	122	136	132	138	141	139	149	140	156	140	162	139	167	137	171	134	174	130	176	127	177	125	177	124	176	124	174	124	171	125	167	127	162	130	156	134	150	139	143	144	136	150	130	155	125	159	121	162	118	164	116	165	115	166	115	166	
58:
58	0.449	64	65	63	64	63	62	64	60	66	57	69	53	73	48	76	42	78	36	79	31	80	27	81	24	83	22	86	21	90	21	95	22	101	24	108	27	116	31	125	36	133	42	141	49	148	56	154	64	159	73	163	83	166	94	168	104	170	113	171	121	171	129	171	136	170	142	168	147	165	151	161	154	156	156	150	157	145	157	141	156	138	154	136	152	135	149	133	145	130	140	126	134	121	127	115	119	108	110	100	101	92	93	85	86	79	80	74	75	70	71	67	68	65	66	64	65	64	65	
59:
81	2.39	161	90	161	89	160	87	160	84	161	80	161	76	160	71	159	65	158	58	156	50	155	43	153	36	150	30	148	25	146	21	144	18	141	16	137	15	132	15	128	16	125	18	123	21	122	25	120	29	117	34	113	40	108	45	102	49	95	52	87	54	80	55	73	55	65	54	58	52	52	49	46	45	40	40	34	35	28	31	22	28	17	26	13	25	10	25	8	26	7	28	7	31	8	35	10	40	13	46	17	53	22	61	28	70	35	79	42	89	49	98	57	106	66	114	75	121	85	128	94	134	102	139	109	143	116	146	124	148	131	149	137	149	142	148	146	146	149	143	151	139	154	134	156	129	157	123	158	116	160	110	161	105	161	100	160	96	160	93	160	91	161	90	161	90	
60:
67	5.427	168	7	169	8	171	9	174	11	178	14	182	18	185	23	187	29	188	35	188	42	187	49	185	57	182	64	178	72	173	81	167	91	160	101	152	112	143	123	133	133	122	142	110	150	98	158	87	165	77	171	68	176	58	180	49	183	41	185	34	186	27	186	21	185	16	183	12	182	9	180	7	177	6	173	6	169	7	166	9	163	12	160	16	158	21	157	27	155	34	152	42	149	51	145	61	141	72	136	83	130	95	123	106	115	116	106	125	96	133	85	140	73	146	62	151	52	155	43	158	35	160	28	161	22	162	17	163	13	165	10	167	8	168	7	168	7	
61:
82	8.069	110	79	110	78	109	76	109	73	110	69	111	64	111	58	112	51	114	45	116	38	119	32	123	25	126	19	128	14	130	10	131	7	131	5	130	4	128	4	125	5	121	7	116	10	111	14	105	19	98	24	90	30	83	37	77	45	71	53	65	61	60	70	55	79	50	87	46	94	42	100	37	105	33	109	30	112	28	114	27	115	27	116	28	118	30	121	33	125	37	130	42	136	48	143	55	151	63	160	72	168	82	175	93	182	105	188	116	193	126	197	136	200	145	202	153	203	160	203	166	202	171	200	175	198	178	196	180	193	181	189	181	184	180	178	178	171	175	163	171	154	166	144	160	134	153	124	145	115	138	107	131	100	125	94	120	89	116	85	113	82	111	80	110	79	110	79	
62:
62	3.739	33	135	34	136	36	138	39	141	43	145	48	150	54	154	61	157	69	159	78	160	88	160	99	159	111	157	123	154	134	150	144	145	153	139	161	132	168	125	174	117	179	108	183	100	186	93	188	86	189	80	189	75	188	71	186	68	184	66	183	65	182	65	181	66	179	68	176	71	172	75	167	80	161	86	154	93	146	100	137	107	127	113	116	118	104	122	92	127	81	133	71	138	62	142	54	145	47	147	41	148	36	148	32	147	29	147	27	148	25	148	24	147	24	145	25	142	27	140	30	138	32	136	33	135	33	135	
63:
73	42.023	16	45	17	44	19	42	22	39	26	35	31	30	36	25	42	21	49	18	57	15	65	13	72	12	78	12	83	13	87	15	90	18	92	22	93	27	93	32	92	38	92	45	92	53	93	62	95	72	98	81	102	89	107	96	113	102	120	107	126	111	131	114	135	116	138	119	140	123	141	128	141	134	140	141	138	149	135	156	131	162	126	167	120	171	113	174	105	176	96	178	86	179	75	179	65	178	56	176	47	175	39	174	32	173	26	171	21	168	17	164	14	159	12	153	11	146	11	138	12	129	14	119	16	109	19	100	21	90	22	81	22	73	21	66	19	60	17	55	16	51	15	48	15	46	16	45	16	45	
64:
84	16.467	160	21	161	22	162	24	163	27	163	31	162	36	160	42	157	49	153	56	149	64	144	73	138	83	131	94	123	106	114	118	104	129	94	139	85	148	75	156	66	163	56	169	46	174	37	178	29	181	22	183	16	184	11	184	6	183	2	181	-1	178	-3	174	-4	169	-4	163	-3	156	-1	148	2	141	6	134	11	128	17	122	24	116	32	110	41	105	51	101	62	98	73	96	85	95	96	95	106	96	115	98	124	101	132	105	139	110	145	116	152	123	158	130	163	136	167	141	170	145	172	148	173	150	173	151	172	151	170	150	167	148	163	145	158	141	154	136	151	130	149	123	148	115	147	106	147	97	147	87	146	76	146	66	147	57	148	49	149	42	151	36	152	31	154	27	157	24	159	22	160	21	160	21	
65:
75	41.07	71	150	70	149	68	147	65	144	61	140	56	135	50	129	43	123	36	116	30	108	25	99	20	89	16	79	13	70	11	62	10	55	10	49	11	44	13	40	16	37	20	35	25	34	31	34	38	34	46	34	55	33	65	31	76	28	86	24	97	20	107	15	117	11	127	8	136	6	144	5	151	5	157	6	162	7	166	9	169	12	171	16	172	21	172	27	171	34	169	42	166	50	162	59	157	69	151	80	144	92	136	105	128	117	121	128	114	138	108	147	103	155	99	162	96	168	94	173	93	177	93	180	93	182	94	183	95	183	95	182	94	180	93	177	91	173	88	168	85	164	81	160	77	156	74	153	72	151	71	150	71	150	
66:
78	15.961	164	54	165	53	167	51	169	48	170	44	170	39	169	33	167	26	164	19	160	13	155	8	149	4	142	1	134	-1	125	-2	116	-2	108	-1	101	1	95	3	90	6	86	10	83	15	81	19	80	22	80	24	81	25	83	26	86	26	90	27	94	29	99	31	105	34	110	38	115	42	119	47	122	53	124	60	125	68	125	77	124	87	122	97	119	108	115	119	110	129	106	139	101	148	97	156	94	163	91	169	89	174	88	178	88	181	89	183	91	184	94	184	98	183	103	182	109	180	116	177	123	173	131	168	140	162	148	155	155	147	161	138	166	129	170	119	173	109	175	99	176	90	176	82	175	75	173	69	170	64	167	60	165	57	164	55	164	54	164	54	
67:
87	24.115	45	146	45	145	45	143	44	140	42	136	39	131	36	126	32	120	27	113	21	105	15	96	10	88	6	81	3	75	1	70	0	66	0	63	0	61	1	60	3	60	6	61	10	63	15	66	21	69	28	73	36	78	45	84	55	90	66	97	77	103	87	108	96	112	104	115	111	117	118	118	126	118	133	117	139	115	144	112	148	108	151	103	153	97	154	90	154	82	153	73	152	64	152	56	152	49	153	42	155	36	158	31	162	27	167	24	173	22	179	21	184	21	189	22	193	24	196	27	198	31	199	36	199	42	198	49	196	57	193	66	189	76	184	86	178	95	171	103	163	111	154	119	144	126	133	132	122	137	112	141	103	145	94	148	85	151	77	153	70	154	64	154	59	153	55	151	51	149	48	147	46	146	45	146	45	146	
68:
64	14.984	139	112	138	111	136	109	133	106	130	102	126	98	121	93	115	87	109	80	103	73	98	65	94	56	89	47	84	38	78	30	72	23	67	17	63	12	60	8	58	5	57	3	57	2	58	2	59	3	59	5	58	8	57	12	55	17	52	23	48	30	43	38	37	47	31	56	24	64	18	71	13	79	9	87	6	96	4	105	3	114	3	122	4	129	6	136	9	142	13	147	18	151	24	154	31	156	38	157	46	157	55	156	65	154	75	151	84	147	94	144	103	140	111	136	118	132	124	127	129	122	133	118	136	115	138	113	139	112	139	112	
69:
75	1.94	101	41	100	40	98	38	95	36	91	34	86	33	80	33	73	34	66	36	59	38	53	41	48	45	44	50	41	56	38	63	36	71	35	79	35	87	36	94	38	100	41	105	45	109	50	112	56	114	63	115	71	115	80	114	90	112	101	110	111	108	120	105	128	101	135	96	141	92	146	89	150	86	153	84	155	83	156	83	156	84	155	86	153	89	150	93	146	98	141	103	135	108	128	112	120	117	111	121	101	124	91	126	82	127	74	127	67	126	61	124	56	121	52	117	49	112	47	106	46	100	46	93	47	85	49	76	52	68	56	61	61	55	67	50	74	46	80	43	86	41	91	40	95	39	98	39	100	40	101	41	101	41	
70:
65	2.059	36	27	36	26	36	24	37	21	39	18	42	16	46	14	51	13	57	13	64	14	71	16	79	19	87	23	95	28	104	34	112	41	119	49	126	58	132	68	137	78	142	87	148	96	153	106	157	117	160	129	162	140	163	151	163	161	162	170	160	178	157	185	153	191	148	196	142	200	135	203	127	205	118	206	108	206	97	205	85	203	73	200	62	196	52	191	43	185	35	178	28	170	22	161	16	151	11	142	7	133	4	123	2	112	1	102	1	91	2	81	4	72	7	63	11	55	16	48	21	42	26	37	30	33	33	30	35	28	36	27	36	27	
71:
81	18.853	1	65	0	66	0	68	1	71	2	75	3	80	3	86	3	92	3	99	3	107	2	116	1	125	1	133	0	141	0	148	1	154	3	159	6	163	10	166	15	168	21	169	28	169	34	168	39	166	43	163	48	159	54	154	61	148	69	143	76	139	84	135	93	132	103	130	112	129	120	129	127	130	133	132	139	135	145	139	152	143	159	146	167	148	174	149	181	149	187	148	192	146	196	143	199	139	201	134	202	128	202	121	203	113	203	104	202	94	200	84	197	74	193	65	188	57	182	50	175	43	167	37	158	32	148	28	137	25	125	23	112	22	99	22	86	23	74	25	63	28	53	32	44	36	36	40	29	45	22	50	16	55	11	59	7	62	4	64	2	65	1	65	1	65	
72:
80	2.926	46	7	47	6	49	4	52	2	56	0	61	-2	67	-3	74	-3	82	-2	90	0	99	3	109	7	119	12	128	18	136	25	143	32	150	38	156	43	161	47	165	50	168	53	170	55	171	57	171	59	170	60	168	60	165	59	161	57	156	54	150	50	143	47	135	45	126	44	116	44	105	45	93	47	81	50	70	54	60	59	51	65	43	72	36	80	30	89	25	99	21	109	18	118	16	127	15	135	15	142	16	148	18	153	19	157	20	160	20	162	19	163	19	163	20	162	22	160	25	157	29	153	34	148	40	142	45	135	51	127	56	118	60	108	64	97	67	85	69	73	70	62	70	52	69	43	67	35	64	28	60	22	56	17	52	13	49	10	47	8	46	7	46	7	
73:
66	8.509	134	27	135	26	137	26	140	25	144	23	147	20	149	16	150	12	150	9	149	7	147	5	144	2	140	0	135	-1	129	-1	122	0	114	2	106	4	98	7	91	11	85	16	80	22	76	28	73	33	71	39	70	46	70	52	71	57	73	61	76	66	80	72	85	78	91	84	98	90	106	95	114	99	123	103	133	108	143	112	152	115	160	119	167	122	173	124	178	126	182	127	185	127	187	126	188	124	188	121	187	118	185	114	182	109	178	103	174	96	171	88	167	79	162	70	156	62	151	55	147	48	144	42	142	37	140	33	137	30	135	28	134	27	134	27	
74:
71	6.108	52	176	53	175	54	173	56	170	59	166	62	161	64	155	66	148	67	140	67	131	66	121	64	112	61	104	57	97	52	91	48	86	45	82	43	79	42	75	42	70	43	64	45	57	48	49	52	42	57	35	63	29	70	23	78	18	87	14	96	11	104	9	111	8	117	8	122	9	126	11	129	14	131	18	132	22	132	27	131	32	129	38	126	45	122	53	117	62	113	72	110	81	108	91	107	102	107	114	108	126	110	137	113	147	115	156	116	164	116	171	116	177	115	182	113	186	110	190	106	193	101	195	95	196	88	196	80	195	73	193	67	190	62	186	58	182	55	179	53	177	52	176	52	176	
75:
64	9.525	2	48	1	49	1	51	2	54	2	58	3	63	5	69	7	76	10	84	13	93	17	102	21	112	25	123	28	133	30	142	31	150	32	157	34	163	35	168	36	172	38	175	41	177	45	178	50	178	56	178	63	178	71	178	80	177	89	175	98	172	106	168	113	163	119	157	124	150	128	144	131	138	133	133	134	129	134	126	133	124	131	123	128	123	124	124	119	126	113	128	106	129	98	129	89	128	79	126	68	123	57	119	47	114	38	108	30	101	23	93	17	84	12	76	8	69	5	63	3	58	2	54	1	51	1	49	2	48	2	48	
76:
67	10.864	89	158	89	157	88	155	88	152	89	148	90	143	92	137	95	131	99	124	104	116	110	107	116	97	122	86	127	75	131	65	134	56	136	48	137	41	137	34	136	28	134	23	131	19	127	16	122	14	116	13	110	13	105	14	101	16	97	19	94	23	91	28	89	34	87	41	86	49	86	58	85	68	83	79	80	91	76	104	71	116	65	127	58	137	50	146	43	154	37	161	32	167	28	172	25	177	23	181	22	184	22	187	23	189	25	190	28	190	32	189	37	188	43	186	50	184	56	181	63	177	69	173	74	168	79	164	83	161	86	159	88	158	89	158	89	158	
77:
78	9.665	76	33	77	34	79	36	82	39	86	41	91	44	97	48	104	53	111	58	119	64	127	71	134	79	140	86	145	92	150	97	154	101	157	104	159	107	160	110	160	112	159	113	157	114	154	116	150	119	145	123	139	128	132	134	124	140	116	147	107	153	97	159	87	164	78	170	68	175	59	179	51	182	44	184	38	185	33	185	29	185	26	185	24	186	23	186	23	185	24	183	26	180	29	176	33	171	38	165	43	158	47	150	50	141	52	131	53	120	53	108	52	96	50	85	47	75	43	65	38	56	34	48	31	41	29	35	28	30	28	26	29	22	31	19	34	17	38	16	43	16	49	17	55	18	61	20	66	23	70	27	73	30	75	32	76	33	76	33	
78:
62	9.973	14	140	13	139	12	137	11	134	11	130	12	125	14	119	16	112	19	104	23	95	28	86	34	78	41	71	49	65	58	60	66	56	75	52	83	47	90	41	96	34	101	27	105	21	110	16	116	12	123	9	131	7	140	6	148	6	155	6	162	7	168	9	173	12	177	16	180	21	182	27	183	34	183	42	182	51	180	61	177	70	173	78	168	85	162	91	155	96	147	100	138	103	128	105	117	106	105	106	92	106	80	107	69	108	59	110	50	113	42	116	35	120	29	125	24	130	20	134	17	137	15	139	14	140	14	140	
79:
51	2.654	58	152	58	151	57	149	56	146	55	142	55	137	54	131	52	125	49	118	45	110	41	101	36	92	30	83	25	75	21	68	18	62	16	57	14	53	11	50	7	48	2	47	-3	47	-7	48	-10	50	-12	53	-13	57	-13	62	-12	68	-11	74	-9	81	-6	88	-2	95	3	101	9	106	16	110	23	113	31	115	39	116	46	116	52	116	57	117	61	119	64	122	66	126	67	131	67	137	66	142	64	146	61	149	59	151	58	152	58	152	
80:
77	17.871	169	111	170	110	172	108	173	105	174	101	175	96	175	90	174	83	172	75	170	66	167	57	165	49	164	42	164	36	165	31	167	27	168	24	168	22	167	21	165	21	162	22	159	24	155	27	150	31	144	36	137	42	129	49	120	56	110	62	99	67	87	71	76	75	64	78	53	80	43	81	34	81	26	80	19	80	13	80	8	81	4	83	1	86	-1	90	-2	93	-2	95	-1	98	1	102	4	106	8	110	13	115	19	121	26	126	34	132	43	137	53	142	63	147	74	151	86	154	99	156	111	157	122	157	132	156	141	154	149	151	156	147	162	142	167	138	171	135	174	132	176	130	177	128	177	125	176	121	174	117	172	114	170	112	169	111	169	111	
81:
53	4.833	146	19	145	20	143	22	140	25	136	29	131	34	125	40	118	47	110	53	101	58	93	63	84	69	75	75	66	82	58	88	51	95	45	101	40	108	36	115	33	123	31	130	30	136	30	141	31	145	33	148	35	150	38	151	42	151	47	150	52	148	58	145	64	141	70	136	75	130	79	123	82	115	85	106	87	96	88	85	90	74	93	64	96	55	100	47	105	40	111	34	118	29	125	25	131	22	136	20	140	19	143	18	145	18	146	19	146	19	
82:
65	10.725	105	5	106	6	108	8	111	11	115	15	120	20	124	26	127	33	129	41	130	50	130	60	130	71	129	82	127	94	124	105	120	115	115	124	109	132	102	139	96	146	91	152	87	157	83	161	80	164	78	166	77	167	77	167	78	166	80	164	83	163	87	162	92	162	98	162	105	163	113	165	122	166	131	166	140	165	148	163	155	160	162	156	168	151	173	145	177	138	180	130	182	121	183	111	183	100	182	88	180	77	177	66	173	56	168	47	162	39	155	32	147	25	139	19	132	14	126	10	120	7	115	5	111	4	108	4	106	4	105	5	105	5	
83:
55	9.018	166	114	167	113	168	111	170	108	172	104	174	99	175	93	175	86	174	78	172	69	169	60	165	51	160	43	154	36	147	30	139	25	130	21	122	18	115	16	109	15	104	15	100	16	97	17	95	19	94	22	94	26	95	31	97	37	100	44	104	52	109	61	113	71	116	81	118	91	119	100	120	108	121	115	123	121	124	127	126	132	129	136	133	139	138	141	144	142	150	142	155	141	159	139	162	136	165	132	167	128	168	124	168	120	168	117	167	115	166	114	166	114	
84:
64	4.607	68	102	69	101	71	99	74	97	78	96	83	96	89	97	96	99	104	101	111	104	117	108	122	113	126	119	129	126	131	134	132	142	134	149	135	157	136	164	136	170	135	175	133	179	130	182	126	184	121	185	115	185	108	184	102	182	96	179	89	175	81	170	72	164	63	157	53	149	43	141	34	132	26	122	19	112	13	101	8	91	4	82	1	74	-1	67	-2	61	-2	56	-1	52	1	49	4	47	8	46	12	46	16	47	20	49	25	52	31	56	38	61	45	67	51	74	56	81	60	87	63	92	65	96	67	99	68	101	68	102	68	102	
85:
63	26.953	5	32	6	33	8	35	11	38	15	41	20	44	26	48	33	52	41	56	50	61	60	67	71	74	83	82	96	91	108	99	119	108	129	118	138	129	146	139	153	148	159	156	164	163	168	169	171	175	174	180	176	184	177	187	177	191	176	195	174	198	171	200	167	201	162	201	156	200	149	198	141	195	132	191	122	186	112	182	101	179	89	175	78	172	68	168	59	163	51	157	44	151	38	144	33	136	29	128	26	119	24	109	23	98	22	87	22	77	22	68	21	60	20	53	18	47	15	42	11	38	8	35	6	33	5	32	5	32	
86:
70	2.975	49	92	48	93	46	95	43	98	39	102	35	107	32	113	30	120	28	128	27	137	27	147	28	157	30	168	33	178	37	187	42	195	48	202	55	208	63	213	72	217	82	220	92	222	103	223	113	223	122	222	130	220	137	217	143	213	148	208	152	202	155	195	157	187	158	178	158	170	157	161	155	153	152	146	148	139	144	132	141	125	139	119	138	114	138	110	139	107	141	103	143	99	146	96	148	93	149	89	149	84	148	80	146	77	144	75	141	73	137	71	132	68	126	66	119	65	111	64	102	64	93	65	85	67	77	70	70	74	64	78	59	82	55	86	52	89	50	91	49	92	49	92	
87:
58	12.074	134	146	134	145	133	143	131	140	130	136	128	131	126	125	124	118	123	111	123	103	124	94	125	85	127	76	130	67	133	58	137	49	142	41	146	34	149	28	151	23	152	19	152	16	151	14	150	13	148	13	145	14	141	16	136	18	130	21	123	25	115	30	106	36	98	43	90	51	83	59	77	68	72	78	68	88	65	97	63	107	62	117	62	126	63	134	65	141	68	147	72	152	77	156	83	159	90	161	98	162	106	162	113	161	119	159	124	156	128	152	131	149	133	147	134	146	134	146	
88:
62	0.662	53	80	54	79	56	77	59	76	63	76	68	77	74	79	81	82	88	86	96	89	105	92	114	96	122	101	129	106	136	112	142	118	147	123	151	127	154	131	156	134	157	136	157	137	156	137	154	136	151	134	147	131	142	127	138	122	135	116	133	109	132	101	132	92	133	82	133	73	133	64	132	55	130	47	127	40	123	34	118	29	112	25	105	22	97	20	88	19	80	19	72	19	65	19	59	20	53	22	48	25	44	29	41	34	39	40	38	46	38	52	39	59	41	65	44	70	47	74	50	77	52	79	53	80	53	80	
89:
64	9.185	144	6	143	7	141	8	138	10	134	13	129	17	124	22	119	28	115	35	112	43	110	52	109	62	109	72	110	82	112	92	115	101	119	109	124	116	129	122	134	127	138	131	141	134	143	136	144	137	144	137	143	136	142	134	141	131	140	127	138	122	135	116	132	109	128	101	123	92	117	84	112	76	106	68	99	61	92	55	85	50	79	46	74	43	70	41	67	40	65	40	64	41	64	43	65	45	67	46	70	46	74	45	79	43	85	40	92	36	100	32	108	27	116	22	123	18	129	15	134	12	138	9	141	7	143	6	144	6	144	6	
90:
58	16.945	14	172	15	171	17	169	19	166	22	162	26	157	31	151	37	145	44	139	52	133	61	128	70	124	80	121	90	119	101	117	111	116	120	116	128	115	135	113	141	110	146	106	150	101	153	95	155	88	156	81	156	75	155	70	153	66	150	63	146	61	141	60	135	60	128	60	120	61	111	62	101	62	90	63	78	63	67	64	56	66	46	69	37	73	29	78	22	84	16	91	11	99	7	108	4	117	2	127	1	136	1	144	2	151	4	157	7	162	9	166	11	169	13	171	14	172	14	172	
91:
65	21.249	8	92	7	93	5	95	2	98	-2	102	-5	107	-7	113	-8	119	-9	126	-9	134	-8	142	-6	149	-3	155	1	161	6	166	12	170	19	173	27	175	35	176	44	176	53	175	63	173	72	170	80	166	87	161	93	155	98	148	102	140	105	131	107	121	108	110	108	98	107	87	105	77	102	68	98	60	93	53	87	47	81	42	75	38	70	35	66	33	62	32	59	31	57	31	55	32	54	34	54	37	55	41	56	46	56	52	55	59	53	67	50	74	46	80	42	85	38	89	34	92	29	94	23	95	18	95	14	94	11	93	9	93	8	92	8	92	
92:
75	8.469	62	80	63	79	65	77	68	76	72	76	77	76	81	77	85	79	88	82	90	86	91	91	91	96	90	101	88	105	85	108	81	111	76	115	70	120	63	126	55	132	48	139	42	147	36	155	31	162	27	168	24	173	22	177	21	180	21	182	22	183	24	183	25	182	26	180	28	177	30	173	32	168	33	162	34	155	36	147	38	138	40	128	41	117	41	105	40	93	38	81	36	70	34	59	33	49	33	40	34	32	36	25	39	19	43	14	47	10	50	7	52	5	54	4	56	4	58	5	59	7	59	10	58	14	56	19	54	25	53	32	53	38	54	45	55	52	57	59	59	65	61	70	62	74	63	77	63	79	62	80	62	80	
93:
78	118.411	96	189	97	189	99	188	102	186	106	183	111	179	117	174	124	168	132	162	141	155	149	147	157	138	164	128	171	117	177	105	183	92	189	80	194	69	198	59	201	49	203	40	204	32	204	25	203	19	201	14	198	10	194	7	189	5	183	4	176	4	170	5	165	7	161	10	157	14	154	19	152	25	150	32	149	40	147	48	144	57	140	67	135	78	129	89	123	99	117	108	112	116	108	123	105	130	102	137	98	143	93	148	87	152	80	155	72	157	64	158	57	158	51	157	46	155	42	152	39	149	37	147	36	145	36	144	37	144	39	145	42	147	46	150	51	154	56	158	62	162	69	167	75	171	81	175	86	179	90	183	93	186	95	188	96	189	96	189	
94:
70	35.743	167	146	166	147	164	149	161	152	157	156	152	160	146	163	139	165	131	166	122	166	112	165	101	163	91	160	81	156	72	151	64	145	57	138	51	130	46	121	42	111	39	100	37	89	36	79	36	70	37	62	39	55	42	49	46	44	51	40	57	37	63	35	70	34	78	34	87	35	97	37	106	40	114	44	123	49	131	55	138	62	145	70	153	79	161	89	168	100	174	111	179	122	183	132	186	141	188	149	189	157	189	164	188	170	186	175	183	179	180	182	176	184	173	185	171	185	170	184	170	182	170	179	169	175	167	170	166	165	166	161	165	156	165	152	165	149	166	147	167	146	167	146	
95:
85	94.468	62	54	61	55	61	57	62	60	64	64	66	69	68	75	71	82	73	90	75	99	78	109	81	120	84	131	88	141	91	150	93	158	94	165	94	171	93	176	91	180	89	183	88	185	88	186	89	186	91	185	94	183	98	180	103	177	109	175	116	174	124	173	132	171	140	168	147	164	154	159	160	153	165	146	169	138	172	129	174	119	175	108	175	96	175	83	174	69	172	56	169	44	165	33	160	23	154	14	147	6	140	-1	132	-7	123	-12	113	-17	102	-21	90	-24	78	-26	66	-27	55	-28	45	-28	36	-27	28	-25	21	-22	15	-18	10	-15	6	-12	3	-8	1	-3	0	3	0	10	1	17	3	24	6	30	10	36	15	41	21	45	28	49	35	52	41	54	47	56	52	57	56	57	59	56	61	55	62	54	62	54	
96:
88	7.223	114	74	115	75	117	77	120	80	124	84	128	89	133	95	137	102	140	110	142	119	144	129	146	138	149	146	151	154	152	161	152	167	151	172	149	176	146	179	142	181	137	182	131	182	124	181	116	179	107	176	97	172	86	168	76	164	66	161	57	158	48	156	39	155	31	155	24	156	18	158	13	161	9	165	6	170	4	176	3	181	3	185	4	188	6	190	9	191	13	191	18	190	24	188	30	185	36	181	41	176	45	170	48	165	50	161	51	157	51	152	50	146	48	139	45	131	41	123	36	116	30	109	24	101	19	92	15	84	12	76	10	69	9	62	9	56	10	51	12	47	15	44	19	41	24	39	30	38	37	38	45	39	54	40	64	42	73	45	81	49	88	54	94	59	99	64	104	68	108	71	111	73	113	74	114	74	114	74	
97:
71	7.399	64	132	63	133	61	135	58	138	55	142	52	147	50	153	49	160	49	168	50	175	52	181	55	186	59	190	64	193	70	195	77	197	85	198	94	199	104	199	114	198	123	197	131	195	138	192	144	188	149	183	154	177	158	170	162	162	165	153	167	143	168	132	168	120	167	107	165	95	162	83	158	72	153	62	147	53	140	45	132	38	123	32	113	27	102	23	91	20	80	18	70	17	61	17	53	18	46	20	40	23	35	27	31	32	28	36	26	41	25	46	25	51	26	56	28	61	31	67	35	74	40	82	46	89	51	96	55	104	58	111	60	117	62	122	63	126	64	129	64	131	64	132	64	132	
98:
76	22.793	68	73	69	72	71	71	74	69	78	66	83	62	88	59	94	56	101	54	108	51	116	47	125	44	135	41	144	39	152	38	159	36	165	35	170	35	174	36	177	38	179	40	180	42	180	45	179	47	177	50	174	54	170	59	165	65	160	72	154	80	147	88	141	97	136	106	132	116	129	126	127	135	126	143	126	150	127	156	129	161	132	165	136	168	141	170	147	173	153	175	158	177	162	180	165	183	167	186	168	188	168	190	167	192	165	193	162	193	158	192	153	190	147	187	140	183	132	178	123	172	113	165	104	157	96	148	89	139	83	130	78	120	74	111	71	103	69	96	68	90	68	85	69	81	69	78	69	76	69	74	68	73	68	73	
99:
58	0.297	5	50	6	51	8	52	11	54	15	57	20	61	26	66	33	72	40	79	46	87	51	96	56	106	61	117	65	127	68	137	70	146	71	154	71	161	71	167	72	172	74	176	77	179	81	181	86	182	91	182	96	181	100	179	103	176	105	172	106	167	106	161	105	154	103	146	100	138	97	129	95	119	94	108	94	96	95	85	95	75	94	66	92	58	89	51	85	45	80	40	74	36	67	33	59	31	50	30	41	30	33	31	26	33	20	36	15	40	11	44	8	47	6	49	5	50	5	50	