0:
64	4.646	65	77	65	76	64	74	63	71	62	67	62	62	62	56	61	51	59	45	57	38	55	31	53	25	50	20	47	16	44	13	41	11	38	10	35	10	33	11	32	13	32	16	33	20	34	25	35	31	35	38	34	46	34	54	34	63	34	73	35	83	37	94	40	104	44	113	49	122	55	130	62	137	70	143	79	148	87	152	94	155	100	157	105	158	111	158	116	157	120	155	123	152	125	148	126	143	126	137	125	130	123	122	120	114	116	106	111	99	105	93	98	88	91	84	85	81	80	79	75	77	71	76	68	76	66	76	65	77	65	77	
1:
75	26.44	48	17	49	18	51	20	54	23	58	26	63	30	69	35	76	41	84	48	91	56	97	64	102	71	107	77	111	82	114	86	116	89	117	91	117	92	116	92	114	91	111	90	108	90	106	91	105	93	105	96	106	99	108	103	111	108	115	114	120	121	125	128	130	134	134	140	137	146	139	151	140	155	140	158	139	160	137	161	134	161	130	160	125	159	119	157	112	154	104	150	95	145	86	139	77	132	67	124	58	115	50	105	43	95	36	85	28	74	21	63	15	52	10	42	6	33	3	25	1	18	0	12	0	7	1	3	3	0	6	-2	10	-3	15	-3	21	-2	27	0	33	3	38	7	42	11	45	14	47	16	48	17	48	17	
2:
62	3.262	117	14	118	15	120	17	123	20	126	24	129	29	131	35	132	41	132	48	131	54	129	59	127	63	124	66	120	68	115	69	109	70	104	70	100	71	97	72	95	74	94	77	94	81	95	86	97	92	100	99	104	106	107	112	110	117	112	122	113	126	113	129	112	131	110	132	107	132	103	131	98	129	92	126	85	122	78	118	72	114	67	111	63	107	60	102	57	96	55	90	54	83	54	75	55	66	57	58	60	50	64	42	69	35	75	29	82	24	89	20	96	17	102	15	107	13	111	12	114	12	116	13	117	14	117	14	
3:
76	61.782	130	68	131	69	132	71	133	74	133	78	132	83	130	89	127	96	123	104	118	113	112	123	105	132	97	140	88	147	78	153	68	158	59	162	51	165	44	167	38	168	33	168	28	167	22	165	17	162	13	158	10	153	8	147	7	140	7	132	8	123	10	113	13	102	17	90	22	77	28	65	35	54	42	44	48	35	53	27	57	20	60	14	62	9	63	5	63	2	62	0	60	-1	57	-1	53	0	48	2	42	5	37	9	33	14	30	18	28	22	27	26	27	29	28	31	30	32	33	33	37	34	42	36	48	39	55	43	63	46	72	48	81	49	89	49	96	50	102	51	109	53	115	56	120	60	124	63	127	65	129	67	130	68	130	68	
4:
70	5.875	102	102	103	103	105	104	108	104	112	103	117	101	123	99	128	96	132	92	137	87	141	81	145	74	148	66	150	57	151	47	151	37	150	28	148	20	145	13	141	7	136	1	131	-4	125	-8	118	-11	110	-13	103	-14	97	-14	92	-13	87	-11	83	-8	80	-4	78	1	77	6	77	10	78	15	80	21	81	26	81	30	80	33	78	35	75	36	71	36	66	35	60	33	53	31	47	30	41	29	36	29	32	30	29	32	27	35	26	39	26	43	27	48	29	54	32	61	36	69	41	76	47	83	54	89	62	94	69	98	75	101	81	103	87	104	92	104	96	103	99	102	101	102	102	102	102	102	
5:
64	6.951	100	33	100	32	99	30	97	27	94	23	90	19	86	16	82	14	78	12	75	11	72	11	70	12	67	14	65	17	62	21	58	26	53	32	47	39	40	47	34	56	29	65	25	74	22	84	20	95	19	105	19	114	20	122	22	129	25	135	29	140	33	144	38	147	44	149	49	150	53	150	56	149	58	147	59	144	59	140	60	135	62	129	65	122	69	114	72	105	76	97	81	90	87	84	94	78	100	73	105	68	110	64	114	60	117	57	119	54	120	51	120	48	119	45	117	42	114	40	110	38	106	37	103	36	101	34	100	33	100	33	
6:
70	14.007	130	116	131	115	132	113	134	110	137	106	140	101	142	95	143	88	143	80	142	72	140	65	137	58	133	52	128	47	122	42	115	38	107	35	99	33	92	32	86	32	81	33	77	35	74	38	72	42	71	47	71	53	71	59	71	66	70	72	68	77	65	81	61	84	56	86	50	87	43	87	37	86	31	84	26	81	22	77	19	72	17	66	16	59	16	52	17	46	19	41	22	37	26	34	31	32	37	31	44	30	52	30	60	31	68	33	77	36	85	40	92	45	98	51	103	58	107	66	110	74	113	81	115	87	117	94	118	100	119	105	121	109	124	112	127	114	129	115	130	116	130	116	
7:
75	21.199	80	158	81	157	83	156	86	154	90	151	95	149	101	146	108	142	115	137	122	133	128	130	133	126	137	121	140	115	142	108	143	100	143	92	142	84	140	75	137	65	133	55	128	45	122	36	115	28	108	21	100	15	91	10	81	6	70	3	60	1	50	0	41	0	33	1	26	3	20	6	15	9	11	13	8	18	6	24	5	29	5	33	6	36	8	38	11	39	15	39	20	38	26	37	33	37	41	37	50	37	60	37	69	38	77	40	84	43	90	46	95	48	99	51	102	55	104	59	105	64	105	70	104	77	102	85	99	94	95	103	91	113	88	122	86	130	85	137	85	143	85	148	84	152	83	155	81	157	80	158	80	158	
8:
75	88.691	138	105	137	106	137	108	138	111	140	115	142	120	144	126	145	132	145	137	145	141	145	144	145	146	146	147	147	147	147	146	148	144	150	141	151	137	153	132	154	126	154	119	153	111	151	102	148	92	144	83	141	73	138	63	136	54	133	46	131	39	128	32	126	26	125	21	123	17	120	14	117	12	113	11	108	11	103	12	97	14	90	17	84	21	79	26	73	32	66	39	60	47	55	56	50	66	46	77	43	87	41	97	40	106	40	114	41	121	43	127	46	132	50	136	55	139	61	141	67	142	74	142	81	141	89	139	96	136	104	132	111	129	118	127	124	125	129	122	133	118	136	115	138	111	139	108	139	106	138	105	138	105	
9:
55	2.903	55	74	56	73	58	71	61	68	65	64	70	60	76	56	83	53	91	51	98	50	105	50	111	51	116	53	120	56	124	60	127	65	129	71	130	78	130	86	129	95	127	103	124	110	120	116	115	121	109	125	102	128	94	132	86	136	78	140	69	145	59	149	50	152	42	154	35	155	29	155	24	154	20	152	16	149	13	145	11	141	10	136	10	130	11	123	13	117	16	112	20	106	25	99	29	93	34	88	40	84	45	81	49	79	52	77	54	75	55	74	55	74	
10:
74	38.871	127	123	126	122	124	120	121	117	117	113	112	109	106	106	99	104	91	103	82	103	72	103	63	104	55	106	48	108	42	111	37	115	33	119	29	123	26	126	24	128	23	129	23	129	24	128	26	127	29	125	33	122	38	118	44	113	51	107	59	100	68	92	78	83	88	73	97	63	105	54	112	46	118	39	123	32	127	26	130	19	132	11	133	4	133	-2	132	-7	130	-12	127	-16	123	-19	118	-21	112	-22	105	-22	98	-21	92	-19	87	-16	83	-12	79	-7	76	-1	74	6	73	14	73	23	74	32	76	42	79	53	83	63	88	72	93	81	99	89	106	96	112	102	117	108	121	113	124	117	126	120	127	122	127	123	127	123	
11:
63	3.315	66	53	67	54	68	56	68	59	67	63	65	68	62	73	60	79	57	86	55	94	52	103	49	112	45	120	40	127	36	133	33	138	30	142	28	146	27	149	27	151	28	152	30	152	33	151	37	149	42	146	48	142	53	137	59	132	66	126	74	119	83	111	93	102	104	92	114	81	123	70	131	60	138	51	144	43	149	36	153	29	156	23	158	18	159	14	159	11	158	9	156	8	153	8	149	9	144	11	138	14	131	18	124	23	117	28	110	32	102	35	94	39	87	42	81	44	76	45	72	47	69	50	67	52	66	53	66	53	
12:
66	20.527	20	98	20	97	20	95	19	92	17	88	16	83	14	77	13	70	12	62	12	54	12	46	13	39	15	33	18	28	22	24	26	20	31	17	37	15	44	14	51	14	59	15	68	17	78	20	87	24	95	29	102	35	108	42	113	50	117	58	120	67	124	77	128	88	131	99	133	109	134	118	134	128	133	137	131	145	128	152	124	158	119	163	113	167	106	170	98	172	89	173	79	173	69	172	59	170	50	167	41	163	33	158	26	153	20	148	15	142	11	137	8	131	6	124	5	118	5	113	6	109	8	106	11	103	14	101	17	99	19	98	20	98	20	98	
13:
66	1.078	106	112	106	111	105	109	105	106	106	102	107	97	109	91	112	84	115	76	118	69	120	62	121	56	122	51	122	47	121	44	119	42	116	41	112	41	107	42	101	44	94	47	86	49	78	50	71	50	65	49	60	47	56	44	53	41	51	39	48	38	44	38	39	38	34	39	29	41	25	44	22	48	20	53	19	59	19	66	20	74	22	83	25	92	29	100	32	107	34	115	36	123	37	130	39	136	41	141	44	145	48	148	53	150	57	151	61	151	65	150	70	148	76	145	81	141	85	136	89	131	93	127	96	122	100	118	103	115	105	113	106	112	106	112	
14:
83	45.869	27	102	26	103	26	105	27	108	29	112	31	117	33	123	36	129	40	134	45	138	50	141	56	143	63	144	70	144	76	143	81	141	85	138	88	134	90	129	91	123	93	116	94	108	94	99	95	89	96	79	96	70	95	60	94	50	94	41	94	33	95	26	97	20	100	15	103	11	105	8	106	6	106	5	106	5	107	6	109	8	112	11	115	15	118	20	120	26	121	33	121	41	120	50	119	60	117	71	115	82	114	93	114	103	115	112	117	120	120	127	124	133	129	138	133	142	136	145	138	147	139	148	139	148	138	147	136	145	134	142	131	138	127	134	122	129	116	123	109	116	101	110	92	105	82	101	72	98	63	96	55	95	48	95	42	96	37	98	33	100	30	101	28	102	27	102	27	102	
15:
89	38.57	155	57	156	58	158	60	161	63	164	67	167	71	169	76	170	82	170	89	169	97	167	106	164	115	160	125	155	134	149	143	142	151	134	159	125	166	115	172	104	177	94	181	85	184	77	186	70	187	63	187	57	186	52	184	48	181	45	177	43	172	42	166	42	159	43	151	45	144	48	138	52	133	57	128	63	123	70	119	76	115	81	112	85	110	88	108	90	107	91	107	91	108	90	109	88	109	85	108	81	106	76	103	70	99	63	94	55	88	46	81	38	73	31	64	25	55	20	47	16	40	12	34	9	29	7	25	6	22	6	20	7	18	9	17	12	16	16	15	21	13	27	11	34	10	42	10	51	11	61	13	72	16	83	18	94	20	104	23	113	27	121	32	128	38	134	43	140	47	145	50	149	52	152	54	154	56	155	57	155	57	
16:
73	10.861	113	59	112	59	110	58	107	58	103	57	98	57	92	58	85	59	79	61	73	63	66	66	60	69	55	73	51	78	48	83	46	89	45	94	45	98	46	101	48	105	51	110	55	115	60	119	65	124	71	130	76	136	81	141	85	145	88	149	90	152	91	155	91	159	90	162	88	164	85	165	81	165	76	165	70	164	63	162	55	159	48	155	41	150	35	144	30	138	26	131	23	123	21	114	20	104	20	93	21	83	23	74	26	66	30	59	35	53	41	48	48	44	56	40	65	37	74	35	83	34	91	33	98	33	104	34	109	36	113	39	116	43	118	46	119	48	119	50	118	53	116	56	114	58	113	59	113	59	
17:
66	8.428	110	94	111	95	113	97	115	100	116	104	116	109	115	115	113	122	111	130	109	138	106	145	102	151	97	156	91	160	84	163	76	165	67	166	57	166	48	166	40	165	33	163	27	160	22	156	18	151	15	145	13	138	12	130	12	121	13	111	15	102	18	93	22	83	27	73	32	63	38	54	45	46	52	37	60	29	69	22	79	16	90	11	100	7	109	4	117	2	124	1	130	1	135	2	139	4	142	6	144	9	146	13	148	18	149	24	149	30	148	37	146	45	143	53	139	61	135	68	130	74	125	79	120	84	116	88	113	91	111	93	110	94	110	94	
18:
68	20.98	109	50	108	51	106	53	105	55	103	58	102	62	102	67	103	73	105	79	108	86	112	93	117	99	122	104	128	108	133	111	137	113	140	114	142	114	143	113	143	111	142	108	140	105	137	101	133	98	129	95	124	91	118	86	111	82	103	79	94	77	84	76	74	76	64	77	54	77	45	76	37	74	30	72	24	69	19	65	15	60	12	54	10	47	9	39	9	31	10	24	12	18	15	12	19	7	24	3	30	0	37	-2	44	-3	52	-3	61	-2	70	0	78	3	85	7	92	10	98	14	103	19	107	25	110	31	112	36	113	40	113	44	112	47	110	49	109	50	109	50	
19:
81	2.495	43	132	44	133	46	135	49	137	53	138	58	138	64	137	70	135	77	132	85	128	94	123	102	117	109	110	115	102	120	93	124	83	127	72	129	61	130	51	131	42	131	34	130	27	128	21	125	15	121	10	116	6	110	1	103	-3	95	-7	86	-10	76	-12	66	-13	56	-14	47	-14	39	-13	32	-11	26	-8	21	-4	17	1	14	6	12	12	11	19	11	27	12	35	14	42	17	48	21	53	26	57	32	60	39	62	47	65	54	67	62	70	69	72	75	74	80	77	84	79	87	80	89	80	90	79	90	78	89	78	87	79	84	81	80	84	75	87	69	91	62	96	56	102	51	109	46	115	42	120	39	125	37	129	36	132	36	134	37	135	38	135	40	134	42	133	43	132	43	132	
20:
79	7.98	78	21	77	22	77	24	77	27	77	31	78	36	80	42	83	49	87	57	92	64	98	72	105	81	113	89	120	97	126	104	131	110	135	116	138	121	140	125	141	128	141	130	140	131	138	131	135	130	131	128	126	126	120	123	113	119	105	114	96	108	86	103	76	99	67	96	58	94	50	93	43	93	37	94	31	96	26	99	22	103	19	108	17	114	16	121	16	127	17	132	19	136	21	139	22	141	22	142	21	142	19	141	16	139	12	136	9	132	7	127	6	121	6	114	6	106	7	97	9	87	11	76	14	65	16	55	18	46	21	38	25	31	30	25	36	20	42	16	49	13	55	11	60	10	64	10	67	11	69	13	72	15	75	18	77	20	78	21	78	21	
21:
66	52.743	70	12	69	11	67	10	64	9	60	8	55	8	49	8	42	9	35	11	28	14	22	18	17	23	13	29	10	36	8	44	7	53	7	62	8	72	10	81	13	89	16	96	20	102	25	107	31	111	36	114	40	116	43	117	45	117	47	116	49	114	52	111	56	109	61	108	67	108	73	109	80	111	88	113	95	115	101	116	106	116	110	115	113	113	115	110	116	106	116	101	115	95	113	88	112	80	112	71	113	62	115	54	116	45	116	37	115	30	113	24	110	19	106	15	102	12	97	10	91	9	85	9	80	10	76	12	73	13	71	13	70	12	70	12	
22:
70	1.732	9	23	10	22	12	21	15	19	19	16	24	14	30	11	37	7	45	3	54	0	64	-2	73	-3	81	-3	88	-2	94	0	99	2	103	5	106	8	109	12	112	17	114	22	115	28	115	35	114	42	112	48	109	55	105	61	101	66	98	70	96	73	95	77	95	81	96	84	98	88	101	93	105	98	110	102	116	105	122	107	129	108	135	109	140	111	144	114	147	118	149	122	150	125	150	127	149	128	147	128	144	127	140	125	135	122	129	118	122	113	114	107	105	101	95	96	85	90	74	83	64	75	54	66	45	58	37	51	30	44	24	38	19	33	15	29	12	26	10	24	9	23	9	23	
23:
72	62.733	89	154	90	154	92	154	95	154	99	154	104	154	109	155	114	155	120	154	125	154	129	155	132	157	134	158	135	158	135	157	134	155	132	152	129	148	125	144	120	139	115	133	109	126	103	118	96	109	90	99	83	89	76	78	69	67	63	57	56	48	48	40	40	33	33	27	27	22	22	18	18	15	14	13	11	12	9	12	8	13	8	15	8	18	9	22	11	27	14	33	18	40	21	48	23	57	24	67	24	78	24	89	24	100	23	111	22	121	22	130	23	138	24	145	26	151	29	156	33	160	38	163	44	165	51	166	59	166	66	165	72	164	77	162	81	160	84	158	86	156	88	155	89	154	89	154	
24:
64	1.88	56	45	55	45	53	44	50	42	46	39	41	36	35	34	29	33	23	33	18	34	14	36	11	39	9	43	8	48	7	53	7	59	6	64	5	68	4	71	4	74	5	76	7	77	10	77	14	76	19	75	25	73	32	72	40	72	48	73	57	75	67	78	78	82	90	86	101	90	111	93	120	95	128	96	135	96	141	95	146	93	150	90	153	86	155	81	156	75	156	70	155	65	153	59	150	54	146	50	141	47	135	45	128	44	120	44	111	45	101	47	92	50	84	52	77	53	71	53	66	52	62	50	59	48	57	46	56	45	56	45	
25:
80	307.196	104	122	103	123	101	125	98	128	94	132	90	137	85	142	79	147	72	151	65	154	57	156	48	157	40	157	33	156	26	154	20	151	15	147	11	142	8	136	6	129	5	121	5	112	6	104	8	97	11	91	14	86	18	82	23	79	29	77	36	76	43	76	51	77	60	77	68	76	75	74	81	71	86	67	90	62	93	56	95	50	96	45	96	41	95	38	94	36	92	35	89	35	87	36	86	38	86	41	87	45	89	50	92	56	94	63	97	71	101	79	106	88	111	96	116	103	122	109	129	114	135	118	140	121	144	123	147	124	149	124	150	123	150	121	149	118	147	115	144	113	140	112	135	112	129	113	124	115	119	116	114	116	110	117	107	119	105	121	104	122	104	122	
26:
69	12.17	39	36	40	35	42	33	45	30	49	26	53	21	58	16	64	11	70	7	75	4	80	2	84	1	87	1	89	2	90	4	91	7	92	11	94	16	97	21	101	27	106	33	112	39	119	45	125	52	130	60	134	68	137	77	139	87	140	98	140	109	139	119	137	128	134	136	130	143	125	149	119	154	112	158	104	161	95	163	85	164	74	164	63	163	53	161	44	158	36	156	29	155	23	155	18	155	14	154	11	152	9	149	8	145	8	140	9	134	11	127	14	119	17	110	21	100	26	90	31	81	35	72	38	64	40	57	41	51	41	46	41	42	41	39	40	37	39	36	39	36	
27:
62	3.043	154	72	155	71	156	69	156	66	155	62	153	57	150	51	147	46	145	40	143	35	140	31	136	27	131	24	125	22	118	21	110	21	101	21	93	20	85	18	78	15	70	12	63	9	57	7	52	6	46	6	41	7	36	9	32	12	28	16	23	21	18	27	14	34	11	42	8	50	6	58	5	67	5	75	6	82	8	90	11	97	15	103	20	108	26	112	33	115	41	117	50	118	60	118	70	117	81	115	92	112	102	108	111	103	119	97	126	91	132	86	137	81	141	77	145	74	148	72	151	71	153	71	154	72	154	72	
28:
72	9.564	130	56	129	56	127	55	124	55	120	56	115	58	109	60	102	63	94	67	85	72	75	77	65	83	54	90	44	96	35	102	27	109	20	115	14	120	9	124	5	127	2	129	-1	130	-3	130	-4	129	-5	127	-5	124	-4	120	-2	115	1	109	4	102	8	94	13	86	17	79	21	71	25	62	28	54	30	47	31	41	31	36	30	32	28	29	25	27	21	26	16	26	11	27	7	29	4	31	2	34	1	38	1	43	2	49	4	56	7	64	11	71	16	77	22	82	29	86	37	89	46	91	55	92	65	92	75	91	85	89	94	86	102	82	109	77	115	71	120	66	124	62	127	59	129	57	130	56	130	56	
29:
67	42.349	154	147	153	146	151	144	148	141	144	137	139	132	133	126	126	119	120	111	114	102	109	92	105	81	102	70	100	59	99	49	99	40	98	32	98	25	97	19	95	14	92	9	88	5	83	2	78	0	72	-1	65	-1	57	-1	49	0	40	1	32	3	25	6	19	8	14	9	10	9	7	8	5	6	4	3	4	-1	5	-4	7	-6	10	-7	14	-7	19	-7	25	-6	32	-4	39	-1	45	3	50	8	56	14	63	21	71	29	79	38	87	48	95	58	102	69	108	81	114	92	121	102	128	111	134	119	139	126	144	132	148	137	151	141	153	144	154	146	154	147	154	147	
30:
75	13.424	66	39	67	38	69	36	71	33	74	29	78	24	81	19	83	15	84	11	84	8	84	6	83	5	81	5	78	6	74	8	69	11	64	15	59	20	53	26	46	33	38	39	31	44	25	49	20	53	16	56	13	60	11	63	10	65	10	66	11	66	13	65	16	65	20	66	25	68	31	71	38	75	45	80	53	86	60	93	68	101	77	110	87	118	96	125	104	131	111	137	117	142	122	146	127	149	133	151	139	152	144	152	148	151	151	149	153	146	154	142	154	137	153	131	151	124	148	116	144	107	141	98	137	90	132	83	126	77	119	72	111	67	102	62	94	57	87	53	81	50	76	47	72	45	69	42	67	40	66	39	66	39	
31:
63	13.771	150	70	149	71	147	73	144	76	140	79	135	83	129	86	123	88	117	89	112	89	108	88	105	86	103	83	102	79	102	74	102	68	103	61	105	55	107	50	108	46	108	43	107	41	105	40	102	40	98	40	93	40	87	41	80	42	72	44	65	47	59	50	54	53	50	55	47	56	45	56	44	55	44	53	45	50	47	46	50	41	54	35	59	29	65	24	72	20	80	17	88	15	97	14	106	14	114	15	121	16	127	18	133	21	139	25	144	30	148	36	151	42	153	49	154	55	154	60	153	64	151	67	150	69	150	70	150	70	
32:
77	34.61	93	8	94	9	96	11	99	14	103	18	108	22	114	26	121	29	127	31	132	33	137	35	142	36	146	37	149	39	151	41	152	43	152	44	151	45	149	46	146	48	142	50	138	53	134	57	131	62	129	68	128	75	128	83	129	92	131	100	134	107	136	113	138	119	139	124	139	128	139	131	138	133	136	134	133	134	129	134	124	133	118	131	111	130	104	130	96	130	87	130	77	131	66	133	56	135	47	137	39	138	31	138	24	137	18	135	13	132	9	128	6	123	4	117	3	110	3	102	4	93	6	83	9	72	13	62	18	52	24	43	31	35	39	28	48	22	57	17	65	13	72	10	78	8	83	7	87	6	90	6	92	7	93	8	93	8	
33:
67	18.604	24	140	25	141	27	143	30	146	34	150	39	154	45	157	52	159	60	160	69	160	79	160	90	159	100	159	109	158	117	156	124	155	131	153	137	150	142	147	146	144	149	141	151	138	152	136	152	135	151	135	149	136	146	137	142	138	139	138	137	137	135	135	132	132	130	128	129	123	129	117	129	110	129	102	128	93	128	85	127	77	125	70	122	64	120	59	117	55	113	52	108	50	104	49	101	49	97	50	92	52	86	55	81	59	77	64	73	70	70	77	66	85	63	94	60	103	56	111	51	118	45	124	39	129	34	133	30	136	27	138	25	139	24	140	24	140	
34:
63	4.026	85	35	84	34	82	33	79	31	75	29	70	27	64	25	58	22	52	19	45	16	39	13	33	11	28	10	24	10	21	11	19	13	18	16	18	20	19	25	21	31	24	38	28	46	33	55	39	63	46	70	52	78	57	87	61	97	64	106	66	115	68	123	69	130	71	136	74	141	78	145	83	148	89	150	96	151	104	151	112	150	119	148	125	145	130	141	134	136	137	130	139	123	140	115	140	106	139	96	137	87	134	79	130	72	125	65	119	59	113	54	107	50	102	47	98	45	94	42	91	39	88	37	86	36	85	35	85	35	
35:
57	3.994	73	54	72	53	71	51	69	48	66	44	64	40	61	37	57	35	52	33	47	32	42	32	38	33	35	35	33	38	30	42	28	47	27	53	27	60	28	68	29	77	31	86	34	94	38	101	42	107	47	113	51	118	54	124	56	131	57	137	57	142	56	146	54	149	52	151	50	152	48	152	47	151	47	149	48	146	50	142	53	137	57	131	62	124	68	116	74	107	79	99	83	90	86	82	88	75	89	69	89	64	88	60	86	57	83	55	79	54	76	54	74	54	73	54	73	54	
36:
77	65.102	32	102	33	102	35	102	38	102	42	101	47	101	53	102	60	103	68	103	77	103	87	103	96	104	104	105	111	107	117	110	122	114	126	119	129	124	132	128	134	131	135	133	136	134	136	134	137	133	139	131	140	128	141	125	142	121	144	116	145	110	145	104	144	99	142	95	140	92	138	90	135	89	131	89	128	90	126	92	124	93	121	93	117	92	112	90	106	87	101	83	97	78	94	72	90	65	85	57	81	48	76	40	71	33	67	27	64	22	60	18	55	15	49	13	42	12	36	12	30	13	24	15	19	18	15	22	12	27	10	33	8	40	7	48	7	57	8	66	10	74	13	81	17	87	22	92	26	96	29	99	31	101	32	102	32	102	
37:
63	10.261	140	99	141	98	142	96	144	93	145	89	145	84	144	78	142	71	139	63	135	54	130	45	124	37	117	30	110	23	102	17	93	12	83	8	74	5	66	3	59	2	53	2	48	3	44	4	41	6	39	7	37	9	36	12	36	16	37	21	39	27	42	34	45	42	47	51	48	61	48	72	47	82	46	91	45	100	45	110	46	119	48	127	51	134	55	140	60	145	66	149	73	152	81	154	90	155	99	155	107	154	114	152	120	149	126	145	131	140	135	134	138	127	141	120	143	114	144	109	144	105	143	102	141	100	140	99	140	99	
38:
70	8.411	62	89	62	88	62	86	61	83	59	79	56	74	53	69	49	64	44	59	38	55	31	52	25	50	19	49	13	49	7	50	2	52	-2	55	-5	59	-7	64	-8	70	-8	77	-7	85	-5	93	-2	100	2	106	7	111	13	115	20	118	28	121	36	123	43	124	51	124	58	123	64	121	70	118	77	114	85	109	94	103	104	96	113	88	121	79	128	71	134	64	139	58	143	53	146	48	148	44	149	41	149	39	148	38	146	38	143	39	139	41	134	44	128	48	123	53	117	59	111	66	106	73	101	79	96	84	92	88	87	91	81	93	76	94	72	94	68	93	65	91	63	90	62	89	62	89	
39:
75	32.001	62	100	61	99	59	98	56	96	52	93	48	89	44	84	41	78	39	71	38	64	38	58	39	53	41	47	44	42	48	38	53	35	59	32	65	30	72	29	80	29	88	30	95	30	101	29	106	27	110	24	113	20	115	15	116	10	116	5	115	0	113	-4	110	-7	106	-9	101	-10	95	-10	88	-9	80	-7	71	-4	61	0	52	5	43	11	35	18	27	26	20	35	14	45	9	55	5	65	2	76	-1	87	-3	97	-5	106	-6	114	-7	121	-7	127	-6	132	-4	136	-1	139	3	141	8	142	13	142	18	141	22	139	25	136	27	132	30	127	34	121	38	115	42	110	45	106	48	103	52	101	56	100	59	100	61	100	62	100	62	100	
40:
73	5.332	32	22	33	21	35	19	37	16	40	12	44	7	49	3	55	0	62	-2	68	-3	73	-3	77	-2	80	0	82	3	83	7	83	11	82	16	80	22	77	29	73	37	68	46	62	55	56	64	51	73	47	83	44	94	42	105	41	115	41	124	42	132	44	139	47	145	50	150	54	154	59	157	65	159	72	160	80	160	89	159	99	158	109	158	118	157	126	155	133	153	139	150	144	146	148	141	151	135	153	128	154	122	154	117	153	112	151	108	148	105	144	101	139	97	133	94	126	91	118	87	109	83	99	78	90	72	81	65	72	57	64	50	57	43	51	37	46	32	42	28	38	25	35	23	33	22	32	22	32	22	
41:
67	14.044	19	65	20	65	22	64	25	62	29	60	34	58	40	55	47	51	55	46	64	41	74	36	83	32	91	27	98	23	104	20	109	18	113	17	117	17	120	18	122	20	123	23	123	27	122	32	120	38	117	45	113	53	110	61	108	70	107	80	107	89	108	97	110	104	113	110	117	115	122	119	128	122	134	124	140	125	145	125	149	124	152	122	154	119	155	116	155	113	154	110	152	106	149	101	145	97	140	94	134	92	127	91	119	89	110	86	100	83	89	80	79	78	69	76	60	75	52	75	45	74	39	72	34	69	29	67	25	65	22	64	20	64	19	65	19	65	
42:
66	2.939	125	33	124	32	122	30	119	27	115	23	110	20	105	17	99	14	92	12	84	11	75	11	65	12	54	13	44	15	34	18	24	22	14	27	5	32	-3	38	-10	45	-16	52	-21	60	-25	69	-28	79	-30	90	-31	100	-31	109	-30	117	-28	124	-25	131	-21	137	-16	142	-10	146	-3	149	5	151	13	152	22	152	32	151	41	149	49	146	57	142	64	137	70	131	75	124	79	116	82	107	84	97	85	86	87	76	90	67	93	58	96	50	98	43	99	37	100	32	100	28	100	25	101	23	103	22	106	22	110	23	115	25	119	27	122	30	124	32	125	33	125	33	
43:
71	9.697	148	132	148	131	148	129	147	126	145	123	142	119	139	114	136	108	133	101	129	93	125	84	120	75	114	66	107	57	99	48	90	39	82	31	74	24	67	18	61	13	56	9	52	6	49	4	47	3	46	3	44	4	43	6	43	9	42	13	42	18	43	24	44	31	45	39	46	48	46	58	45	69	43	80	42	91	42	101	42	110	43	118	43	125	42	131	40	136	38	140	36	143	34	145	33	146	33	146	34	145	36	143	39	140	43	136	48	131	53	125	59	120	66	116	74	113	83	110	93	108	103	107	112	107	120	108	127	110	133	113	138	117	142	122	145	126	147	129	148	131	148	132	148	132	
44:
75	71.108	152	23	153	24	155	26	157	29	160	33	162	38	163	44	163	51	163	59	162	68	160	78	157	87	153	97	148	106	142	114	135	121	127	127	118	132	108	137	97	141	85	144	74	147	64	149	53	150	43	150	34	149	26	148	19	148	13	148	8	149	4	151	1	154	-1	158	-2	161	-2	163	-1	164	1	165	4	165	8	165	13	164	19	162	26	159	34	155	41	150	47	144	52	137	56	129	59	120	61	111	62	101	62	91	61	81	60	72	58	64	57	57	57	51	58	46	60	42	63	39	67	37	72	36	78	36	85	37	93	39	102	41	111	42	119	42	126	41	132	39	137	36	142	33	146	29	149	26	151	24	152	23	152	23	
45:
77	16.247	61	121	60	120	58	118	55	115	51	111	46	106	40	100	33	93	26	85	20	77	15	70	11	64	8	58	6	53	5	49	5	46	6	44	8	43	11	43	15	44	20	46	26	48	33	49	41	49	49	48	56	46	62	44	67	41	72	37	76	32	79	26	81	19	82	13	83	8	84	4	86	1	89	-1	93	-2	98	-2	104	-1	111	1	118	4	124	8	129	13	133	19	136	26	138	33	139	41	139	50	138	60	137	71	135	83	132	94	128	105	123	115	118	124	112	132	105	139	98	145	90	150	81	154	73	157	66	159	60	160	55	160	51	159	48	157	46	154	45	151	45	147	46	142	48	136	51	131	55	127	58	124	60	122	61	121	61	121	
46:
75	12.269	52	110	53	109	55	109	58	110	62	112	66	114	70	117	75	119	79	120	82	120	84	119	85	117	85	114	84	110	82	105	79	99	75	92	70	85	64	77	58	68	53	58	49	48	46	39	44	31	43	24	43	16	44	9	46	3	49	-2	53	-6	58	-9	64	-11	71	-12	79	-12	87	-11	96	-9	106	-6	116	-2	125	3	133	9	140	16	146	24	151	31	155	39	158	48	161	58	163	69	164	81	164	93	163	104	161	114	158	123	154	131	149	138	143	144	136	149	128	153	119	156	109	158	99	159	90	159	82	158	75	156	69	153	64	149	60	144	56	140	53	136	51	131	50	125	50	120	51	116	52	113	52	111	52	110	52	110	
47:
68	10.881	91	152	90	151	88	149	85	146	81	142	76	137	70	131	63	124	57	116	52	107	48	97	45	87	43	78	42	70	42	63	43	57	45	52	48	48	52	45	57	43	63	42	70	42	76	43	82	45	88	48	93	51	97	53	100	54	102	54	103	53	103	51	102	48	101	44	101	39	102	35	104	32	107	30	111	29	116	29	122	30	129	32	135	35	140	39	146	43	151	48	155	52	158	55	160	57	161	59	161	61	160	64	158	68	155	73	151	78	146	82	140	87	133	93	126	100	120	108	114	116	108	124	103	131	99	137	96	142	94	146	92	149	91	151	91	152	91	152	
48:
72	7.116	1	97	0	98	0	100	0	103	1	107	3	112	6	118	10	125	15	132	21	140	28	149	36	158	45	166	55	173	66	179	77	184	87	188	98	191	108	193	117	194	125	194	132	193	138	191	143	188	147	184	150	179	152	173	153	166	153	159	152	152	150	145	147	137	143	129	140	121	138	113	137	106	137	100	138	94	140	87	143	81	146	74	150	68	154	63	157	59	159	56	160	54	160	53	159	53	157	54	154	56	150	59	145	63	140	68	134	74	127	79	119	83	110	86	100	88	89	89	78	91	67	93	56	94	46	96	37	97	29	99	22	100	16	100	11	101	7	101	4	100	2	98	1	97	1	97	
49:
74	10.341	139	7	138	6	136	5	133	4	129	4	124	4	118	5	111	5	103	4	94	4	84	5	75	7	67	10	60	13	53	17	47	22	42	28	38	34	35	39	33	43	32	46	32	48	33	49	35	51	38	54	42	58	47	62	53	67	58	71	62	75	65	78	67	80	69	82	70	85	70	88	69	90	67	92	64	95	60	99	57	104	54	109	52	115	51	122	51	128	52	133	54	137	57	140	61	142	66	143	72	144	79	144	87	143	96	141	104	138	111	134	117	129	124	123	131	116	138	108	144	99	149	89	153	78	156	67	158	57	159	48	159	40	158	33	156	27	153	22	149	17	145	13	142	10	140	8	139	7	139	7	
50:
72	43.627	72	141	71	140	69	138	66	135	62	131	57	126	52	122	46	118	39	115	33	113	28	112	24	112	21	113	19	115	18	116	18	117	19	118	21	119	24	120	28	121	32	121	37	120	43	118	50	115	58	111	67	106	75	100	82	93	88	85	93	76	97	66	100	57	102	49	103	42	104	36	105	31	105	27	106	24	108	22	111	21	113	21	116	22	120	24	125	27	130	31	136	36	142	42	147	49	151	57	154	66	156	76	158	86	159	95	159	103	158	110	156	116	153	121	149	125	144	128	138	130	131	133	123	136	115	140	107	143	100	145	93	146	87	146	82	145	78	143	75	142	73	141	72	141	72	141	
51:
65	7.259	118	71	119	72	120	74	120	77	121	81	121	86	120	92	118	99	115	107	111	116	106	124	100	131	95	137	91	142	87	146	84	149	82	151	80	152	77	152	75	151	73	149	70	146	67	142	65	137	63	131	62	124	61	116	59	107	57	99	56	92	54	84	51	77	47	71	42	66	37	62	31	59	25	57	20	56	16	56	13	57	11	59	10	62	10	66	11	71	13	76	15	81	17	85	20	88	24	90	29	91	35	91	41	90	48	88	56	86	64	84	73	83	82	82	90	81	97	81	103	80	108	78	112	75	115	73	117	72	118	71	118	71	
52:
66	6.234	121	133	122	132	124	130	126	127	128	123	129	118	129	112	128	105	126	97	123	88	119	78	114	69	108	61	101	54	94	48	88	43	81	39	74	36	68	34	62	33	57	33	53	34	50	36	48	39	47	43	47	48	48	52	50	55	53	57	56	58	60	59	65	61	71	64	78	68	85	71	93	73	100	74	106	74	111	73	115	71	118	68	121	64	124	61	128	59	133	58	139	58	145	59	150	61	154	64	157	68	159	73	160	79	160	86	159	94	157	102	154	109	152	115	149	120	145	124	141	127	136	130	131	132	127	133	124	134	122	134	121	133	121	133	
53:
70	33.152	49	147	50	146	52	144	55	141	59	137	63	132	68	126	73	119	77	111	80	102	82	92	83	81	83	70	82	59	80	49	79	39	77	30	76	22	76	15	77	9	79	4	82	0	86	-3	90	-5	95	-6	99	-6	102	-5	105	-3	108	0	110	4	113	9	116	15	120	22	124	30	127	39	129	49	130	59	130	70	129	81	129	91	130	100	131	108	133	115	136	121	140	126	144	131	147	135	149	138	150	140	150	143	149	147	148	152	146	158	143	163	139	167	134	171	128	174	121	176	113	177	104	177	94	176	85	174	77	171	70	167	64	162	59	157	55	153	52	150	50	148	49	147	49	147	
54:
65	3.989	93	103	92	102	90	100	87	98	83	97	78	97	72	98	65	99	57	101	49	104	42	108	35	113	28	118	22	123	17	128	13	132	10	135	8	137	7	138	7	138	8	137	10	135	13	132	17	128	22	123	28	117	35	110	42	102	50	93	57	84	63	74	68	63	72	52	75	42	78	33	82	25	87	18	92	12	98	7	105	3	113	0	120	-2	126	-4	131	-5	135	-5	138	-4	140	-2	141	1	141	5	140	10	138	16	135	23	131	31	126	39	120	48	114	58	108	67	103	75	99	82	96	88	94	93	93	97	92	100	92	102	93	103	93	103	
55:
67	3.088	57	71	56	72	54	73	51	74	47	76	44	79	41	83	39	88	38	92	38	95	39	97	41	98	44	98	48	97	53	96	59	96	66	97	74	99	82	102	90	106	99	111	108	116	117	120	125	123	132	126	139	128	145	129	150	129	154	128	157	126	159	124	160	121	160	117	159	112	157	106	154	100	150	93	145	85	139	76	132	67	125	59	117	50	108	42	98	35	89	28	81	22	74	17	68	13	63	10	59	8	55	7	52	7	50	8	49	10	48	13	48	17	47	22	45	28	44	35	44	43	45	50	46	56	48	61	51	65	54	68	56	70	57	71	57	71	
56:
71	5.663	127	17	126	18	125	20	123	23	120	27	116	32	112	38	108	45	105	53	103	62	102	72	102	83	102	94	103	104	104	113	106	121	108	128	111	134	115	140	119	145	122	149	124	152	126	154	127	155	127	155	126	154	124	152	121	149	117	145	113	141	108	138	103	135	97	133	90	132	82	132	73	133	63	135	52	137	42	139	33	142	25	145	18	148	12	150	7	151	3	151	0	150	-2	148	-3	145	-3	141	-2	136	0	130	3	123	7	115	12	106	18	96	25	87	33	77	42	67	51	58	61	50	72	43	82	36	91	30	99	25	106	21	112	18	117	16	121	15	124	15	126	16	127	17	127	17	
57:
82	25.897	84	108	83	107	81	106	78	104	74	103	69	101	63	100	56	99	48	99	39	100	31	102	24	105	18	109	13	114	9	120	6	127	4	135	3	143	3	150	4	156	6	162	9	168	13	173	18	177	24	180	31	182	39	183	47	183	56	182	66	180	75	177	83	173	90	168	96	162	102	155	107	147	111	138	114	129	116	119	117	108	119	96	122	83	124	70	125	58	125	46	124	35	122	25	119	16	115	8	110	1	104	-5	97	-10	89	-14	80	-17	70	-19	61	-20	53	-20	46	-19	40	-17	35	-14	31	-10	28	-5	26	1	25	8	24	14	24	21	25	29	27	36	30	42	34	47	39	52	45	58	52	65	59	73	65	80	70	87	74	93	78	98	81	102	83	105	84	107	84	108	84	108	
58:
69	2.38	124	27	124	28	123	30	121	33	118	35	114	36	109	36	103	35	97	33	90	30	83	27	76	25	68	24	59	24	49	25	40	27	32	30	24	34	15	39	7	45	0	52	-6	60	-11	69	-15	79	-18	90	-20	100	-21	109	-21	117	-20	124	-18	130	-15	135	-11	139	-6	142	-1	144	5	145	10	145	14	144	18	142	21	139	25	135	30	130	36	124	41	117	45	109	48	100	50	92	53	84	55	77	57	71	60	66	64	62	69	59	74	57	79	56	84	56	90	57	97	58	103	58	108	57	112	55	115	52	118	48	120	44	121	41	123	37	124	33	124	30	124	28	124	27	124	27	
59:
69	29.61	140	85	141	86	143	88	145	91	148	95	150	100	151	106	152	112	152	119	151	127	149	135	146	144	142	152	137	159	131	165	124	170	116	174	107	178	97	181	86	183	75	184	65	186	56	188	48	189	41	189	35	188	30	186	26	183	23	179	21	174	20	169	20	163	21	157	23	151	25	144	28	136	30	127	31	118	31	108	31	99	31	91	31	84	31	78	30	73	28	69	27	66	27	64	28	63	30	63	33	64	37	66	42	69	48	73	54	78	61	84	69	89	78	93	88	96	97	98	105	100	112	101	119	101	125	100	130	98	134	95	137	91	139	88	140	86	140	85	140	85	
60:
66	1.364	147	106	146	107	144	108	141	110	137	111	132	113	126	116	119	120	111	125	102	131	93	138	84	144	76	149	69	153	63	156	58	158	53	159	49	159	46	158	44	156	43	153	41	149	38	146	34	144	29	143	23	143	17	144	12	146	8	149	5	152	3	154	2	155	2	155	3	154	5	152	8	149	11	145	15	140	20	134	26	127	33	120	41	112	50	103	59	94	69	86	79	79	90	73	101	68	111	64	120	61	128	59	135	58	141	58	146	59	150	61	153	64	155	68	156	73	156	79	155	85	153	91	150	96	148	100	147	103	147	105	147	106	147	106	
61:
57	4.047	76	13	75	14	73	15	70	16	66	18	61	21	55	23	48	26	40	29	33	33	27	37	21	40	16	44	12	48	9	51	7	54	6	56	6	58	7	60	9	62	12	64	16	67	21	71	27	75	32	80	36	84	39	89	42	95	46	100	51	104	57	107	64	109	72	110	80	110	88	110	95	109	102	107	108	104	113	100	117	95	120	89	122	82	123	74	123	65	122	56	120	48	117	40	113	33	108	27	102	22	96	18	91	15	86	13	82	12	79	12	77	12	76	13	76	13	
62:
67	26.147	80	134	81	135	83	137	86	138	90	140	95	142	101	144	107	145	114	145	120	144	125	142	129	139	132	135	134	130	135	124	136	117	136	109	135	100	133	90	130	80	126	70	121	61	115	52	110	43	106	35	103	28	101	22	100	17	99	13	99	10	98	8	96	7	93	7	89	8	84	10	78	13	71	17	63	22	54	28	45	35	36	43	28	52	21	60	15	68	10	77	6	87	3	96	1	104	0	111	0	118	1	124	3	129	6	133	10	136	15	138	21	139	28	139	36	138	44	136	52	134	59	133	65	133	70	134	74	135	77	135	79	135	80	134	80	134	
63:
77	12.401	5	152	6	151	7	149	8	146	10	142	13	137	16	132	20	126	24	119	29	112	33	106	36	101	38	97	40	94	41	91	41	89	42	88	44	88	47	89	51	91	56	94	62	98	69	103	77	109	86	115	96	120	106	124	115	127	123	129	130	130	136	130	141	129	145	127	149	124	152	120	154	115	155	109	155	102	154	94	152	85	149	75	145	66	140	57	135	48	129	40	122	33	114	27	106	22	98	18	89	14	79	11	68	9	56	8	45	8	34	9	24	11	15	14	7	18	0	23	-6	29	-11	36	-15	44	-18	53	-20	63	-21	74	-21	86	-20	97	-18	107	-15	116	-11	124	-6	131	-2	137	1	142	3	146	4	149	5	151	5	152	5	152	
64:
76	137.55	25	113	26	112	28	111	31	109	35	108	40	106	46	103	53	99	61	95	69	90	78	85	86	80	93	75	99	69	104	62	109	54	113	45	116	37	118	30	119	24	119	19	118	15	116	10	113	6	109	3	104	1	98	0	92	0	87	1	83	3	80	5	78	8	77	12	77	17	78	23	80	30	83	37	87	43	92	48	98	52	103	57	107	61	110	64	112	66	113	68	113	69	112	69	110	70	107	72	103	75	98	79	92	84	85	89	77	95	68	102	60	110	53	118	47	125	42	131	38	136	35	140	33	143	32	145	30	146	28	146	27	145	27	143	28	140	30	137	31	133	31	128	31	123	30	119	28	116	26	114	25	113	25	113	
65:
70	8.073	35	28	36	29	38	31	41	34	43	38	46	43	50	49	55	56	61	62	68	67	76	71	85	74	95	76	106	77	116	77	125	77	133	78	140	80	146	83	152	87	157	92	161	98	164	105	166	113	167	120	167	126	166	131	164	135	161	138	157	140	153	141	148	141	142	140	136	138	129	135	121	131	112	127	102	124	91	122	79	120	67	119	56	119	46	120	37	122	29	124	22	125	16	125	10	124	5	122	1	119	-2	115	-4	110	-5	104	-5	97	-4	89	-4	80	-4	70	-3	61	-1	53	1	46	4	40	8	35	12	31	16	28	20	26	25	25	29	25	32	26	34	27	35	28	35	28	
66:
82	24.045	2	124	1	123	-1	121	-3	118	-4	114	-5	109	-5	103	-4	96	-2	88	-1	79	-1	70	0	61	2	53	5	46	9	40	14	35	19	31	25	28	32	26	40	25	49	25	59	26	70	27	81	28	91	28	101	28	111	28	120	27	128	25	135	22	141	20	146	19	150	19	153	20	155	22	156	25	156	27	155	28	153	29	150	29	146	30	141	32	135	35	128	39	120	43	113	48	107	54	102	61	98	69	95	78	93	87	92	96	92	106	93	115	95	123	98	130	102	136	106	141	109	145	111	149	112	152	112	155	111	157	109	158	106	158	102	157	97	155	91	152	84	150	76	147	67	143	57	138	47	134	38	130	30	127	23	125	17	124	12	124	8	125	5	125	3	124	2	124	2	124	
67:
77	12.868	112	67	111	68	111	70	112	73	112	77	113	82	115	88	117	95	120	102	124	108	128	113	131	117	135	120	138	122	142	123	146	123	149	122	151	120	152	117	152	113	151	108	149	102	146	95	142	87	137	78	133	68	128	58	122	49	116	40	109	32	101	25	93	19	84	14	74	10	65	7	55	5	46	4	38	4	31	5	25	7	20	10	15	14	11	19	8	25	5	31	3	38	2	46	2	54	3	63	5	71	8	78	12	84	17	89	23	93	28	96	32	98	35	99	37	99	38	98	38	96	39	93	41	89	43	84	46	78	50	73	55	69	61	66	68	63	76	61	84	60	91	60	97	61	102	63	106	64	109	66	111	67	112	67	112	67	
68:
69	12.502	150	31	149	32	147	34	144	37	140	40	135	42	129	44	122	45	114	45	105	44	95	42	84	39	74	35	64	31	55	28	47	25	40	22	34	18	29	13	25	9	21	6	18	4	15	3	13	3	12	4	12	6	13	9	13	13	12	18	12	24	13	31	15	39	17	47	20	56	24	66	29	77	35	88	42	98	50	107	58	115	67	122	76	128	84	133	91	137	97	140	102	142	106	143	109	143	111	142	112	140	112	137	113	133	115	128	117	122	120	115	124	107	129	100	133	93	136	85	140	76	143	67	145	59	146	52	146	46	146	41	146	37	147	34	149	32	150	31	150	31	
69:
71	8.756	18	134	19	133	21	132	24	130	28	127	33	123	39	120	46	118	54	116	63	115	72	113	82	112	92	110	102	108	111	107	119	107	126	108	132	110	137	113	141	116	144	118	146	119	147	120	147	120	146	119	144	117	141	114	137	110	132	106	126	101	119	95	111	88	102	80	93	71	84	62	76	54	67	47	59	40	52	34	45	29	38	25	31	22	25	20	20	19	15	19	11	20	8	22	6	25	5	28	5	32	6	35	8	37	11	38	15	40	20	43	25	47	30	52	34	58	37	65	39	73	40	81	40	89	39	98	37	106	34	113	30	119	26	124	23	128	21	131	19	133	18	134	18	134	
70:
64	31.669	3	109	4	108	6	107	9	105	13	104	18	104	24	105	31	106	39	106	47	105	55	104	64	104	74	105	85	107	95	108	104	108	112	107	119	106	125	104	130	101	134	99	137	96	139	94	140	91	140	87	139	82	137	76	134	69	130	61	125	54	121	48	117	43	113	37	110	32	106	28	101	25	95	23	89	22	84	22	80	23	77	25	75	28	74	32	74	37	75	43	76	50	76	58	75	66	74	75	72	83	69	90	65	96	60	101	54	105	47	108	39	110	31	111	24	111	18	110	13	108	9	107	6	107	4	108	3	109	3	109	
71:
77	10.138	137	113	137	112	136	110	136	107	137	103	138	98	139	92	141	85	143	77	145	69	148	62	150	55	153	49	155	44	156	40	156	37	155	35	153	34	150	34	146	35	142	37	138	40	133	44	127	49	120	53	114	56	107	58	99	59	90	59	80	58	70	56	61	53	53	50	45	48	38	47	30	47	23	48	17	50	12	53	8	57	5	62	3	68	2	75	2	82	3	90	5	99	8	108	12	118	17	129	23	139	30	148	38	156	47	163	57	169	67	174	78	178	90	181	101	183	111	184	120	184	128	183	135	181	141	178	146	174	150	169	153	163	155	156	156	148	156	141	155	134	153	128	150	123	146	119	143	116	140	114	138	113	137	113	137	113	
72:
67	1.42	79	74	78	75	78	77	79	80	81	84	84	89	88	94	93	100	97	107	101	114	106	122	110	129	113	135	115	140	118	144	122	147	127	149	133	150	138	150	142	149	145	148	147	146	148	143	148	139	147	134	145	128	142	121	139	113	135	104	130	94	126	83	122	72	119	62	115	53	111	45	106	38	100	32	95	27	91	23	87	20	84	18	81	17	79	17	78	18	78	20	77	23	75	27	74	32	73	38	73	45	74	53	74	60	73	66	71	72	68	77	66	81	65	84	64	86	64	87	65	87	66	86	68	84	70	81	73	78	76	76	78	75	79	74	79	74	
73:
69	9.933	73	101	74	100	76	98	79	95	83	93	88	92	94	92	101	93	108	95	114	96	119	97	123	98	126	100	128	101	129	101	129	100	128	100	126	99	123	97	119	94	114	92	108	89	101	85	93	81	84	76	76	70	67	63	59	57	52	52	46	48	41	44	37	41	34	39	32	38	31	38	31	39	32	41	32	44	32	48	31	53	29	59	26	65	23	72	19	80	14	89	9	98	5	107	2	115	0	122	-1	128	-1	133	0	137	2	140	5	142	9	143	14	143	20	142	27	140	35	137	43	133	50	128	56	124	61	119	65	115	68	111	70	107	72	104	73	102	73	101	73	101	
74:
73	16.324	65	1	64	2	62	4	59	7	55	11	50	16	44	22	38	29	32	37	25	46	19	56	14	66	10	77	7	87	5	96	4	105	4	113	5	120	7	126	9	131	12	135	16	138	21	140	27	141	34	142	42	142	50	141	59	140	67	138	74	135	80	131	85	126	89	121	93	115	96	108	98	101	99	95	99	90	98	86	96	83	93	81	89	80	84	80	78	81	71	83	63	85	54	88	46	91	38	93	31	94	25	95	20	95	16	94	13	92	11	89	10	85	10	80	11	74	13	69	16	65	20	60	25	55	29	49	33	43	36	36	40	29	45	22	50	16	55	11	59	7	62	4	64	2	65	1	65	1	
75:
56	3.526	30	7	31	8	31	10	31	13	31	17	30	22	30	28	29	35	29	43	29	52	29	60	30	69	32	79	34	88	37	98	41	108	46	117	52	125	59	132	67	138	76	143	86	147	97	151	107	154	116	156	124	157	131	157	137	156	142	154	146	151	149	147	151	142	152	136	152	129	151	121	149	112	146	102	142	93	137	84	131	76	124	69	116	62	107	56	98	50	88	45	78	39	69	32	61	26	54	21	48	16	43	12	39	9	36	7	33	6	31	6	30	7	30	7	
76:
58	7.282	80	30	79	29	77	27	74	26	70	26	65	27	59	29	52	32	45	36	39	41	34	47	30	54	27	60	25	67	24	74	24	81	25	88	27	94	30	100	33	105	37	109	42	113	47	116	53	118	58	121	64	125	71	130	78	135	84	139	90	142	97	144	103	145	108	145	112	144	115	142	117	139	118	135	118	130	117	124	115	117	113	109	110	100	108	91	106	83	105	74	105	65	104	57	104	50	104	44	103	39	101	35	98	32	94	30	90	29	86	28	83	28	81	29	80	30	80	30	
77:
72	41.698	70	59	69	58	67	56	64	53	60	49	55	44	49	38	42	31	35	25	29	20	24	15	20	11	16	8	13	6	11	5	10	5	9	6	7	8	6	11	6	15	7	20	9	26	12	33	16	41	21	50	27	60	34	71	40	83	47	94	55	104	64	113	73	121	83	128	93	134	102	139	110	143	117	146	123	148	128	149	132	149	135	148	137	147	138	145	138	142	137	140	135	139	132	139	128	139	123	139	117	139	110	140	102	142	93	143	85	143	78	142	71	140	65	137	60	134	56	130	53	125	51	119	50	112	50	104	51	95	53	87	55	80	57	74	60	69	64	65	67	62	69	60	70	59	70	59	
78:
72	60.571	79	93	78	94	76	96	73	99	69	103	64	108	58	113	51	119	44	126	37	132	31	137	26	141	22	144	19	146	17	147	16	147	16	146	17	144	19	141	22	138	26	134	31	130	37	125	42	119	46	112	49	104	51	95	52	85	52	75	51	65	51	56	52	48	54	41	57	35	61	30	66	26	72	22	79	19	86	16	94	14	103	13	112	13	120	14	127	16	133	19	138	23	142	28	145	34	147	41	148	49	148	58	149	66	151	73	152	80	152	87	151	94	150	100	148	105	145	109	141	112	136	114	130	115	123	115	115	114	107	112	100	110	94	107	89	103	85	99	82	96	80	94	79	93	79	93	
79:
75	39.697	16	117	15	116	13	114	10	111	6	107	1	102	-5	96	-10	89	-14	81	-17	72	-19	64	-20	57	-21	51	-21	46	-20	41	-18	37	-15	34	-11	32	-7	31	-2	31	3	32	7	34	12	37	18	40	25	42	33	43	42	43	51	42	61	40	72	37	84	33	95	28	105	24	114	21	122	19	130	18	137	18	143	19	148	21	152	24	155	28	157	33	158	39	158	46	157	52	155	57	152	63	148	69	143	76	137	84	131	92	124	99	116	105	107	111	99	116	92	122	86	129	80	135	75	140	71	144	68	147	64	149	59	150	53	150	46	149	39	147	33	144	28	140	24	135	21	131	18	127	16	123	15	120	15	118	16	117	16	117	
80:
69	6.737	33	101	33	100	34	98	36	96	38	93	40	89	42	84	43	80	43	77	42	75	42	74	41	74	39	75	38	77	38	80	38	84	38	89	39	93	41	96	44	98	48	100	53	101	58	101	64	100	71	98	79	95	86	91	93	86	101	80	110	73	119	67	127	62	134	57	140	53	145	50	149	48	152	47	154	47	157	48	160	50	162	53	163	57	163	62	162	68	160	74	158	81	155	89	151	97	146	105	140	112	135	118	131	123	127	127	122	130	117	132	111	133	104	133	96	132	87	130	78	127	69	124	61	120	54	115	48	111	43	107	39	104	36	102	34	101	33	101	33	101	
81:
75	17.464	155	53	154	52	152	50	149	47	147	44	144	40	140	35	135	29	129	22	122	16	114	10	105	5	95	0	84	-4	72	-7	61	-9	51	-10	42	-10	34	-9	27	-7	21	-4	16	0	12	5	9	11	7	17	6	24	6	32	7	39	9	46	12	54	16	61	21	67	26	72	30	76	33	79	35	81	36	82	36	84	35	86	33	89	30	93	26	98	22	103	18	107	15	110	13	112	12	113	12	113	13	112	15	110	18	107	22	103	27	98	33	94	40	91	48	89	57	87	67	86	78	86	90	86	101	85	111	85	120	86	128	86	135	85	141	83	146	80	150	76	153	72	155	68	156	63	156	59	155	56	155	54	155	53	155	53	
82:
90	109.771	1	92	1	91	0	89	0	86	1	82	2	77	4	71	7	64	11	56	16	49	22	41	29	34	37	28	45	23	54	19	64	16	75	14	86	13	96	13	105	14	113	15	122	17	130	20	137	24	144	29	150	35	155	42	159	50	162	59	164	68	165	78	165	87	164	95	162	102	159	108	155	113	150	117	145	120	141	122	138	123	136	123	135	122	135	120	136	117	138	113	141	108	144	103	146	97	147	90	147	82	146	74	144	67	141	61	137	56	132	52	126	49	119	47	111	46	102	46	94	47	85	49	77	52	70	56	64	61	59	67	55	73	51	80	48	88	46	97	45	105	45	112	46	118	48	123	50	127	51	130	51	132	50	133	48	133	46	132	43	130	39	127	34	123	28	118	22	113	16	107	11	102	7	98	4	95	2	93	1	92	1	92	
83:
54	1.224	82	21	81	22	79	24	76	26	72	29	67	33	61	38	54	44	48	51	42	59	37	68	33	76	30	83	28	90	27	96	27	101	27	105	28	110	30	114	33	117	37	119	42	121	47	124	52	128	57	133	63	137	69	140	76	142	84	143	92	143	100	142	107	140	113	137	118	134	122	130	125	125	127	119	128	112	130	104	131	95	131	85	130	75	128	66	125	57	121	49	116	42	110	36	103	31	97	27	92	24	88	22	85	21	83	21	82	21	82	21	
84:
77	8.003	145	96	144	96	142	97	139	97	136	96	132	94	127	92	121	89	114	87	106	86	97	84	88	81	80	78	73	76	67	75	61	75	54	76	48	78	43	81	38	85	32	90	25	96	19	103	14	111	10	118	7	124	5	130	4	135	4	139	5	142	7	144	10	145	14	145	18	144	21	142	24	139	26	135	29	130	32	124	34	117	35	109	35	100	34	90	33	79	33	67	34	56	35	46	37	37	38	29	38	22	39	16	41	11	44	7	47	4	51	1	56	-1	62	-2	69	-2	77	-1	85	1	94	4	104	8	113	13	121	19	128	26	134	34	139	42	143	51	146	60	148	68	149	75	149	81	148	86	146	90	145	93	145	95	145	96	145	96	
85:
63	4.904	43	74	42	75	40	77	38	80	35	82	31	85	26	87	22	88	19	88	16	87	14	85	13	82	13	78	12	73	11	67	10	60	10	54	11	49	13	45	16	42	20	40	25	39	31	39	38	40	46	42	54	45	63	49	73	54	83	60	92	67	101	75	109	84	116	93	122	102	127	110	131	117	134	124	137	130	140	135	142	139	143	142	143	144	142	145	140	145	137	144	135	142	132	139	128	135	123	130	117	124	110	117	102	109	93	101	84	94	76	88	69	83	63	79	58	76	53	74	49	73	46	73	44	74	43	74	43	74	
86:
60	2.196	140	23	140	24	139	26	137	29	134	33	130	38	127	44	125	51	124	59	123	68	123	78	124	88	124	97	123	106	123	114	124	121	126	127	129	132	133	136	137	139	140	141	142	142	143	142	143	141	142	140	140	139	137	138	133	138	128	139	122	139	115	138	107	136	100	133	94	129	89	124	85	118	82	111	80	103	78	94	77	84	77	73	78	62	80	52	83	43	87	35	92	28	98	22	104	17	111	13	118	10	124	8	129	7	133	7	136	8	138	10	139	13	139	17	139	20	139	22	140	23	140	23	
87:
60	19.443	135	11	136	12	138	14	139	17	140	21	140	26	139	32	137	38	134	44	130	49	125	53	119	57	112	62	106	68	99	75	91	83	84	92	77	101	70	109	63	116	57	123	50	129	44	134	37	138	31	141	26	143	21	144	16	144	12	143	9	141	7	138	6	134	6	129	7	123	9	116	12	108	16	99	21	89	27	80	34	72	42	65	51	59	61	54	70	49	78	45	85	42	91	38	96	33	100	27	103	21	106	16	108	12	111	9	115	7	120	6	125	6	129	7	132	9	134	10	135	11	135	11	
88:
75	40.674	78	75	77	74	75	73	72	73	68	73	63	72	59	70	56	67	54	63	53	58	53	53	54	48	56	44	59	40	63	36	68	33	74	31	81	29	89	28	98	28	107	29	115	29	122	28	128	26	133	23	137	19	140	15	142	11	143	8	143	6	142	5	140	5	137	6	133	7	128	7	122	7	115	6	107	4	98	3	88	3	79	4	71	6	63	9	56	13	50	18	45	24	41	31	37	39	34	48	32	58	31	69	31	79	30	88	28	96	26	103	23	109	21	114	20	118	20	121	21	123	23	124	26	124	30	123	35	121	40	118	45	114	49	109	53	103	58	96	63	90	68	85	72	81	75	78	77	76	78	75	78	75	
89:
79	145.287	44	26	45	27	47	29	50	32	53	36	57	41	61	47	65	54	68	62	70	71	71	80	71	90	70	100	68	110	65	119	61	127	56	134	51	140	45	145	39	149	34	152	30	154	27	157	25	160	24	163	24	166	25	169	27	172	30	174	34	175	39	175	45	174	52	172	59	169	67	165	75	160	82	154	88	147	93	139	97	130	100	120	102	110	103	99	103	88	103	78	102	69	102	60	103	52	105	45	108	39	112	34	117	30	123	27	129	25	134	24	138	24	141	25	143	27	144	28	144	30	143	31	141	31	138	30	134	28	129	25	123	22	116	20	108	18	99	17	89	17	80	16	72	16	65	17	59	18	54	20	50	21	47	23	45	25	44	26	44	26	
90:
80	49.205	136	126	135	126	133	127	130	127	126	128	121	130	115	133	108	135	100	136	93	136	87	135	82	133	77	130	73	126	70	121	68	115	67	108	67	100	68	91	70	81	73	71	77	61	82	52	88	44	95	37	102	31	108	26	113	22	117	19	120	17	122	16	123	16	123	17	122	19	120	22	117	26	113	31	108	37	102	44	95	52	87	61	78	69	70	76	61	82	53	87	46	91	40	94	35	96	30	97	24	97	18	96	13	96	9	97	6	99	4	102	3	106	3	111	4	117	6	124	9	131	12	137	16	142	21	146	27	149	34	151	42	152	51	152	61	151	72	149	82	147	91	144	100	140	108	136	115	133	121	131	126	130	130	130	133	129	135	127	136	126	136	126	
91:
77	15.334	103	5	104	6	106	8	108	11	110	15	112	20	115	26	119	33	124	41	129	50	133	59	136	69	138	80	139	92	139	104	139	115	138	125	136	134	134	142	131	149	127	155	122	160	117	164	111	167	104	169	96	170	88	170	81	169	73	167	65	164	56	160	48	155	41	149	35	143	30	136	26	130	23	125	21	121	20	118	20	116	21	115	23	115	26	116	30	118	35	120	41	122	48	123	56	123	65	123	73	122	80	120	86	117	91	113	95	108	98	102	100	95	101	87	101	79	100	72	98	66	96	61	93	57	89	54	85	51	82	47	80	43	79	38	79	33	80	29	82	26	85	23	89	19	93	15	97	11	100	8	102	6	103	5	103	5	
92:
74	48.462	73	158	74	157	76	155	79	152	83	148	88	143	94	137	101	130	107	122	112	113	116	103	119	92	121	80	122	68	122	57	121	47	119	38	116	30	112	23	107	17	102	12	97	8	93	5	90	3	87	2	85	0	84	-3	84	-5	85	-6	87	-6	90	-6	94	-6	99	-5	105	-3	112	0	119	3	127	7	135	12	143	18	150	25	156	33	161	42	165	52	168	63	170	74	171	84	171	93	170	101	168	108	165	114	162	119	158	123	153	126	147	129	140	131	132	132	123	132	115	133	106	133	98	134	91	134	85	134	79	135	74	136	70	138	67	141	65	145	64	148	64	151	65	154	67	156	70	157	72	158	73	158	73	158	
93:
68	34.437	6	16	7	17	9	19	10	22	12	26	15	31	19	36	24	42	30	49	37	56	45	64	54	71	64	78	75	85	86	92	96	99	105	107	113	114	120	121	126	127	131	132	135	137	138	141	140	144	141	146	141	148	140	149	138	149	135	148	131	148	126	147	120	145	113	142	105	138	96	133	88	127	80	120	73	112	67	103	62	93	58	84	55	76	53	69	52	62	52	55	53	49	55	43	57	38	60	34	63	29	65	25	66	20	66	16	65	13	63	11	60	9	56	8	51	8	45	9	38	11	32	14	26	16	21	17	16	17	12	16	9	15	7	15	6	16	6	16	
94:
59	9.963	112	29	113	30	115	32	118	35	122	39	127	44	131	50	134	57	138	65	141	74	143	84	144	94	144	103	143	111	141	118	138	124	134	129	129	133	123	136	117	138	111	140	106	141	102	141	99	140	95	138	90	137	84	137	77	137	70	136	63	134	55	131	48	127	42	122	37	116	33	110	30	103	28	95	27	86	26	76	26	66	27	57	29	48	32	40	36	33	41	27	47	22	54	18	62	15	71	13	79	12	86	12	92	13	97	15	102	18	106	22	109	25	111	27	112	28	112	29	112	29	
95:
88	38.929	89	153	88	152	86	150	83	147	79	144	74	140	68	135	61	131	54	128	48	126	42	125	37	125	33	126	30	128	28	131	27	133	27	134	28	135	30	135	32	134	35	132	39	129	44	125	50	120	57	114	64	107	70	100	75	94	79	89	82	85	84	81	85	78	85	74	84	70	82	67	79	65	75	64	70	62	64	59	57	55	49	50	40	44	32	39	25	35	19	30	14	26	10	23	6	19	3	14	1	8	0	3	0	-2	1	-6	3	-9	6	-11	10	-13	15	-14	21	-14	28	-13	36	-11	45	-9	55	-6	66	-2	77	3	87	9	96	16	104	24	111	32	117	41	122	50	126	60	129	71	131	83	132	94	132	104	131	113	130	121	128	128	125	134	121	139	116	143	110	146	104	148	99	150	95	151	92	151	90	152	89	153	89	153	
96:
66	10.756	53	40	54	41	54	43	54	46	53	50	51	55	50	61	49	68	47	76	44	85	42	94	41	102	39	109	38	115	38	120	39	125	41	129	44	132	48	134	53	135	59	135	66	134	74	132	83	129	93	127	104	126	114	125	123	125	131	126	138	127	144	127	149	126	153	124	156	121	158	117	159	112	160	106	160	99	159	91	157	82	154	72	150	61	145	51	139	42	132	34	124	26	115	19	105	13	95	8	86	4	78	1	70	-1	63	-2	57	-2	52	-1	48	1	45	4	43	8	42	13	42	19	43	25	45	30	47	34	50	37	52	39	53	40	53	40	
97:
78	22.588	144	96	143	95	141	93	140	90	140	86	139	81	137	75	134	68	130	60	126	51	121	43	115	35	108	28	100	22	91	17	81	13	71	10	62	8	54	7	47	7	41	7	36	8	32	10	29	13	27	17	26	22	26	28	27	35	29	41	32	46	36	50	41	53	47	55	53	56	58	56	63	56	67	57	70	59	72	62	73	66	73	71	72	76	70	81	67	85	63	88	58	90	52	91	45	91	39	91	34	91	30	92	27	94	25	97	24	101	24	106	25	112	27	119	30	125	34	130	39	135	45	139	51	142	58	144	66	145	75	145	85	144	95	142	104	139	112	135	119	130	125	124	130	117	134	111	137	106	139	102	141	99	143	97	144	96	144	96	
98:
74	5.861	63	121	64	120	66	118	69	115	73	111	78	106	84	100	91	93	99	85	106	76	112	66	117	55	121	43	124	32	126	22	127	13	127	5	126	-2	124	-8	121	-13	117	-18	112	-22	106	-25	99	-27	91	-28	82	-28	73	-27	65	-25	57	-22	50	-19	44	-15	39	-10	35	-4	32	3	30	11	29	18	29	24	30	31	32	37	35	42	39	46	44	49	50	53	57	57	65	62	74	68	83	75	92	81	100	87	107	94	113	100	118	105	123	109	127	112	130	114	132	117	133	120	133	124	132	129	130	134	127	138	123	141	118	143	112	144	105	144	98	143	91	141	84	138	78	134	73	130	69	127	66	124	64	122	63	121	63	121	
99:
69	3.976	56	138	55	137	53	136	50	135	46	135	41	135	35	136	29	137	23	139	18	140	14	140	10	139	7	137	5	134	4	130	4	125	5	121	7	117	10	114	14	110	19	105	25	99	32	92	40	84	49	75	59	65	68	56	77	48	85	41	92	35	98	30	104	26	111	23	117	21	123	20	128	20	132	21	135	23	137	26	138	30	138	34	137	38	135	41	132	44	128	48	123	52	117	55	110	57	102	58	93	59	83	60	74	62	66	65	59	69	53	74	48	80	44	87	41	95	39	103	38	111	38	118	39	124	41	129	44	133	48	136	51	138	53	139	55	139	56	138	56	138	