0:
35	0.544	0	36	1	36	3	35	6	35	10	36	15	37	20	37	25	37	30	37	34	36	37	35	39	33	40	30	40	26	40	21	39	17	37	14	34	11	30	7	27	4	25	2	24	1	23	1	23	2	23	4	22	7	20	11	17	16	15	21	12	26	8	30	5	33	3	35	1	36	0	36	0	36	
1:
43	0.472	1	27	2	26	4	24	7	21	11	17	15	14	19	12	22	9	24	7	27	6	31	6	34	7	36	9	37	12	38	16	38	21	37	26	35	30	34	33	34	35	34	36	35	36	36	35	36	33	35	30	34	26	32	21	29	16	25	12	21	9	17	7	13	5	8	4	4	4	1	5	-1	7	-3	10	-4	13	-4	17	-3	21	-2	24	0	26	1	27	1	27	
2:
33	0.183	9	26	8	25	7	23	5	20	4	16	4	12	5	8	7	5	9	3	12	2	16	2	21	2	26	2	30	2	33	2	35	3	36	5	36	8	35	12	33	17	30	22	26	26	22	30	18	33	15	35	11	36	8	36	6	35	5	33	5	30	6	28	8	27	9	26	9	26	
3:
29	0.192	14	35	13	34	11	32	8	29	5	25	3	20	2	16	1	12	1	9	2	7	4	6	7	6	11	7	15	9	20	12	24	14	27	17	29	20	30	22	31	23	31	25	30	27	28	30	25	32	21	34	18	35	16	35	15	35	14	35	14	35	
4:
36	0.066	33	5	32	5	30	5	27	5	24	6	20	6	16	6	12	6	9	7	7	9	6	11	6	14	7	16	8	17	10	17	12	16	14	14	17	13	19	13	20	14	22	16	24	19	27	22	31	24	34	26	36	27	38	27	40	26	41	24	41	21	40	17	38	14	36	11	34	8	33	6	33	5	33	5	
5:
35	0.376	12	34	13	35	15	37	18	38	22	38	27	38	31	39	34	39	36	38	37	36	37	34	36	31	34	27	31	24	27	22	23	19	19	15	16	12	14	10	11	9	9	9	8	10	8	12	9	15	11	19	12	23	12	28	11	32	10	35	10	37	11	38	12	38	13	37	13	35	12	34	12	34	
6:
34	0.165	24	28	25	29	26	31	26	34	26	37	25	39	23	40	20	40	16	39	12	38	9	37	7	35	6	32	5	28	5	25	6	22	8	20	11	19	15	18	20	17	24	17	27	16	29	15	30	15	30	16	29	17	27	19	24	21	22	23	21	26	21	28	22	29	23	29	24	28	24	28	
7:
42	0.146	24	22	25	21	27	19	29	18	32	18	34	19	35	20	35	22	34	23	32	25	29	27	27	29	26	32	26	35	27	37	28	38	28	38	27	37	26	35	24	32	21	28	19	24	18	21	18	19	17	18	15	18	14	19	14	21	13	24	11	28	8	32	6	35	5	37	5	38	6	38	8	37	11	35	15	32	18	28	21	25	23	23	24	22	24	22	
8:
44	0.185	11	34	12	33	14	32	17	30	21	29	25	27	29	24	33	22	36	21	38	21	39	22	39	23	38	23	36	23	33	22	30	22	26	22	21	21	17	19	14	16	12	12	11	9	11	7	12	6	14	6	17	6	19	5	21	4	22	3	22	1	21	0	19	0	16	1	12	3	8	6	5	10	3	14	2	19	2	24	3	28	5	31	8	33	10	34	11	34	11	34	
9:
34	0.24	11	33	11	32	11	30	11	27	12	23	12	18	13	13	15	9	18	6	21	4	23	3	25	3	26	4	26	6	25	9	25	12	26	16	28	20	31	23	34	26	36	28	37	29	37	29	36	28	34	28	32	29	30	31	27	34	23	36	19	37	16	37	14	36	12	34	11	33	11	33	
10:
33	0.5	35	15	34	16	33	18	33	20	32	23	30	25	27	26	23	27	18	27	14	26	10	24	7	21	4	17	2	13	1	9	0	6	0	3	1	1	3	0	5	0	7	1	9	3	11	5	14	8	17	10	21	11	25	11	29	11	32	12	34	13	35	13	35	14	35	15	35	15	
11:
39	0.631	8	9	9	10	11	11	14	11	18	12	22	13	27	13	31	12	34	10	36	8	37	6	37	5	36	5	34	6	31	8	27	11	22	15	18	20	15	24	13	28	12	31	12	35	13	38	15	40	17	41	19	41	20	40	20	38	19	37	17	35	15	33	14	31	14	28	14	24	14	19	13	15	11	12	9	10	8	9	8	9	
12:
30	0.106	32	27	31	26	30	24	30	21	31	17	33	12	36	8	38	5	39	2	39	0	38	-1	36	-1	33	-1	29	0	24	1	20	1	17	2	15	4	13	7	12	11	12	15	13	19	14	22	16	24	19	26	23	28	26	29	29	29	31	28	32	27	32	27	
13:
32	0.288	31	17	30	16	28	14	25	11	21	9	17	7	14	6	12	6	11	7	11	9	10	11	9	14	7	18	4	22	2	27	1	31	1	34	2	36	4	37	6	37	9	37	12	36	14	34	16	31	18	27	19	23	21	20	23	18	25	17	28	16	30	16	31	17	31	17	
14:
40	0.371	14	30	15	31	16	33	18	34	21	34	24	34	26	33	27	31	27	28	27	24	28	20	30	17	31	15	31	14	30	14	28	15	25	15	22	14	20	12	18	9	17	7	16	6	14	6	12	7	11	9	9	12	6	15	2	19	-1	24	-3	29	-4	33	-4	36	-3	38	-1	39	1	39	4	38	8	36	11	33	13	31	14	30	14	30	
15:
35	0.488	23	2	22	1	20	0	17	0	14	1	10	3	7	6	4	9	2	11	1	13	1	15	2	18	4	21	7	25	11	29	15	32	18	35	20	37	21	38	21	38	20	37	18	35	16	34	15	33	14	31	14	28	15	24	17	21	19	19	21	16	23	12	24	8	24	5	23	3	23	2	23	2	
16:
40	0.278	33	22	32	21	30	19	27	17	25	15	24	12	24	9	25	6	26	3	28	1	31	0	33	0	34	1	34	3	33	6	31	8	28	10	24	11	19	11	15	10	12	8	8	5	4	3	1	2	-1	2	-2	3	-3	5	-3	7	-2	10	0	14	3	18	7	21	11	23	16	24	21	24	25	24	28	23	30	23	32	23	33	22	33	22	
17:
39	0.054	32	25	31	26	29	28	26	30	22	31	17	31	13	32	10	34	8	36	7	37	7	38	8	38	10	37	13	35	17	32	20	28	22	23	23	18	23	14	22	11	20	9	18	7	17	6	17	6	18	6	20	5	23	4	27	4	31	5	34	6	36	8	37	11	37	15	36	18	34	20	32	21	31	23	31	24	32	25	32	25	
18:
31	0.253	29	30	30	29	32	28	35	26	37	23	38	19	38	14	37	10	35	7	32	5	28	4	23	4	18	4	14	4	11	4	9	3	8	2	8	0	9	-1	11	-1	13	0	14	2	14	5	14	9	15	13	17	18	20	22	23	25	26	27	28	29	29	30	29	30	
19:
40	0.243	30	12	29	13	28	15	26	18	23	20	20	23	18	26	16	29	15	31	15	32	15	32	15	31	14	29	12	26	9	22	6	18	4	15	2	13	1	12	-1	12	-3	13	-4	15	-4	18	-3	22	-1	27	1	31	4	34	8	36	13	37	18	37	23	37	27	36	30	34	32	31	33	27	33	22	32	18	31	15	30	13	30	12	30	12	
20:
33	0.261	5	15	6	14	8	13	11	12	15	12	19	11	23	11	28	11	32	10	35	8	37	7	38	7	38	8	37	10	35	12	33	15	30	19	26	23	23	28	19	32	16	35	14	37	12	38	10	38	9	37	9	35	10	32	10	28	9	24	7	21	6	18	5	16	5	15	5	15	
21:
35	0.306	18	13	19	14	21	16	24	18	28	21	31	25	33	30	35	35	36	39	36	42	35	44	33	45	30	45	26	45	21	44	16	42	12	39	9	36	5	32	2	29	0	26	-1	22	-1	17	0	13	2	10	5	8	7	7	10	6	14	6	17	6	19	7	20	8	20	10	19	12	18	13	18	13	
22:
40	0.465	4	14	4	15	3	17	1	20	-1	23	-2	27	-2	31	-1	34	0	36	2	37	5	37	9	36	14	34	18	33	21	33	25	33	28	34	30	36	31	37	31	37	30	36	28	35	26	33	25	30	24	26	24	21	24	15	23	10	21	6	18	3	14	1	11	0	8	0	6	1	4	3	3	5	2	8	2	11	3	13	4	14	4	14	
23:
36	0.274	35	26	36	27	37	29	38	32	38	35	37	37	35	38	32	38	30	37	29	35	27	33	24	30	20	28	15	27	11	27	8	26	6	24	5	21	5	17	6	12	8	8	11	5	14	2	18	0	23	-1	28	-1	32	0	35	2	37	4	38	7	38	11	39	16	39	20	38	23	36	25	35	26	35	26	
24:
43	0.472	25	25	26	26	28	28	31	31	33	33	34	35	34	37	34	38	33	38	31	37	28	35	24	32	21	28	19	23	18	18	18	14	19	11	21	9	24	8	26	7	27	6	27	5	26	5	24	4	21	4	17	5	13	7	9	10	6	14	4	18	3	21	3	24	4	26	6	27	9	27	11	26	13	24	14	22	16	21	19	21	22	22	24	24	25	25	25	25	
25:
38	0.189	11	0	12	-1	14	-1	17	0	21	1	25	3	28	5	30	7	31	10	31	14	31	19	31	23	30	27	29	30	27	32	24	33	20	33	15	32	10	31	6	29	3	26	1	23	0	20	0	18	1	17	3	16	6	16	9	15	13	14	16	14	18	14	19	13	19	11	18	8	16	5	14	3	12	1	11	0	11	0	
26:
35	0.295	21	7	20	6	18	5	15	4	12	4	9	5	7	7	6	10	6	14	7	17	9	20	11	24	12	27	12	30	11	32	10	33	10	33	11	32	13	30	16	27	19	24	22	22	26	20	29	19	31	17	32	15	32	12	31	9	29	6	26	4	23	3	21	3	20	4	20	6	21	7	21	7	
27:
38	0.195	29	35	29	34	28	32	28	29	29	25	29	20	29	15	28	11	28	8	29	6	31	5	33	4	34	4	34	5	33	7	31	10	29	14	27	18	24	23	21	27	17	30	13	32	10	33	6	33	3	32	1	30	0	28	0	26	1	25	3	24	6	24	10	25	14	26	19	28	23	30	26	32	28	34	29	35	29	35	
28:
39	0.187	8	26	7	25	5	24	3	22	2	20	2	19	3	19	5	20	8	22	12	25	17	28	22	32	27	35	31	37	34	39	36	40	37	40	37	39	36	37	34	34	31	31	27	27	24	22	21	16	18	11	16	7	14	4	11	2	9	1	6	1	4	2	3	4	3	7	4	11	5	16	5	20	6	23	7	25	8	26	8	26	
29:
32	0.252	9	28	10	29	12	30	14	30	17	29	19	27	20	24	20	20	19	16	19	12	20	9	22	7	25	6	28	6	30	7	31	8	31	10	30	11	28	12	26	13	25	15	23	18	20	22	16	25	12	27	9	28	7	28	6	28	6	27	7	27	8	27	9	28	9	28	
30:
37	0.38	25	12	26	11	27	9	29	6	31	3	32	1	32	0	31	0	29	0	26	0	22	1	17	1	13	2	9	3	5	5	2	8	0	12	-1	16	-1	20	0	23	2	25	5	26	8	27	10	28	13	30	17	32	22	33	26	33	29	32	31	30	32	27	32	23	31	20	29	17	28	15	26	13	25	12	25	12	
31:
39	1.417	26	37	25	36	23	34	20	32	17	29	15	25	14	20	14	16	14	13	15	10	17	8	20	7	24	7	28	8	31	10	33	11	34	11	34	10	33	8	31	5	28	2	24	0	20	-1	17	-1	15	0	13	2	11	5	10	9	8	13	7	18	7	24	8	29	10	33	13	36	17	38	20	39	23	39	25	38	26	37	26	37	
32:
38	0.947	11	20	12	21	14	22	17	24	21	25	26	25	30	26	33	28	35	30	36	32	36	33	35	33	33	34	31	34	28	33	24	31	19	30	14	30	10	30	7	29	5	27	4	24	3	20	3	15	4	10	6	6	8	3	9	1	9	0	10	0	10	1	9	3	8	6	7	10	7	14	8	17	10	19	11	20	11	20	
33:
36	0.157	31	4	32	5	32	7	33	9	33	12	34	16	35	21	36	26	36	30	35	33	33	35	30	36	26	36	22	35	18	33	15	31	13	30	12	30	12	29	13	28	15	27	18	27	21	28	24	28	26	28	27	27	27	26	26	24	24	23	23	21	23	18	24	14	26	10	28	7	30	5	31	4	31	4	
34:
37	0.185	19	11	18	12	16	13	14	14	11	15	9	16	6	18	4	21	3	25	3	30	3	34	4	37	5	39	7	41	10	42	14	42	18	41	22	39	25	36	27	32	28	27	28	21	28	16	29	12	30	9	32	7	33	6	33	6	32	7	30	9	27	12	24	14	21	15	19	15	18	14	18	12	19	11	19	11	
35:
32	0.184	6	11	5	12	5	14	4	16	4	19	5	23	7	27	9	30	12	32	16	33	21	33	25	32	29	30	32	28	34	25	36	21	37	16	37	11	36	7	35	4	33	2	30	1	26	1	22	2	19	4	17	6	16	9	14	11	12	12	9	12	7	12	6	11	6	11	
36:
40	0.298	16	23	15	24	13	26	10	28	7	30	5	31	4	31	4	30	5	28	7	25	8	21	9	18	9	16	8	13	8	11	7	10	7	10	8	11	10	13	13	14	17	14	21	13	24	11	26	8	27	6	27	5	26	5	25	6	23	7	20	9	18	12	17	16	17	20	18	23	19	25	20	26	20	26	19	25	17	24	16	23	16	23	
37:
42	0.482	0	17	-1	18	-1	20	-1	23	0	26	1	30	3	33	4	35	6	36	7	36	9	35	11	33	14	31	18	30	22	30	26	31	29	33	31	35	32	36	32	36	31	35	29	34	26	32	24	29	23	25	23	20	23	14	24	9	26	5	28	2	29	0	29	-2	28	-3	26	-3	23	-2	19	0	14	3	10	7	6	11	3	14	1	16	0	17	0	17	
38:
38	0.17	27	27	26	27	24	27	21	28	17	30	13	33	9	35	6	36	4	36	3	36	3	35	4	33	6	30	9	26	12	23	16	21	20	20	23	20	25	21	26	21	26	20	26	18	26	15	27	11	28	8	29	6	31	5	34	5	36	6	37	7	38	9	38	12	37	16	35	20	32	23	30	25	28	26	27	27	27	27	
39:
31	0.214	30	24	30	23	31	21	32	18	33	14	33	10	32	6	30	3	29	1	29	0	28	0	27	1	25	3	24	6	24	10	23	15	21	19	19	22	17	24	15	25	14	27	14	30	15	32	17	33	20	33	23	33	26	32	28	30	29	27	29	25	30	24	30	24	
40:
38	0.126	37	9	38	10	40	12	41	15	42	19	42	24	41	28	39	31	36	33	32	36	27	39	21	41	16	42	11	42	7	42	4	41	2	39	1	36	0	32	0	27	0	22	1	17	1	13	1	10	2	8	4	7	6	7	8	8	11	10	15	13	20	15	25	16	29	16	32	15	34	13	35	11	36	10	37	9	37	9	
41:
32	0.15	9	11	8	12	8	14	7	17	7	21	6	25	6	29	7	33	9	36	12	38	16	39	20	39	25	39	29	38	32	36	34	33	36	29	38	25	39	20	39	14	39	9	38	5	36	2	33	0	29	-1	24	-1	20	0	17	2	15	5	12	8	10	10	9	11	9	11	
42:
37	0.31	8	13	8	12	9	10	10	7	11	4	12	2	12	0	13	-1	15	-1	18	0	22	2	25	4	27	5	29	6	30	6	30	5	29	5	27	6	24	8	21	11	19	15	18	19	17	24	17	28	18	31	20	33	22	34	23	34	23	33	22	31	20	28	19	24	17	20	14	17	11	15	9	14	8	13	8	13	
43:
34	0.655	39	26	38	27	36	29	35	32	34	34	34	35	34	35	34	34	33	32	31	29	29	25	26	20	22	16	18	12	15	8	13	5	12	3	10	2	8	2	7	3	6	5	6	8	7	11	9	13	12	14	16	16	21	18	25	20	29	22	32	23	34	23	36	24	38	25	39	26	39	26	
44:
40	0.131	13	23	12	22	10	20	9	17	9	13	10	9	12	5	15	2	19	0	23	-1	26	-1	28	0	29	2	29	5	29	8	28	12	26	16	25	19	25	23	26	27	28	30	31	33	33	35	34	36	34	38	33	40	32	41	30	41	27	40	23	38	18	35	14	31	11	28	9	26	8	25	8	23	9	22	10	22	12	22	13	23	13	23	
45:
39	0.338	10	36	10	35	11	33	12	30	12	27	13	25	14	22	15	20	17	19	18	19	18	19	17	18	17	16	18	14	19	11	21	9	23	6	24	2	24	-2	23	-5	21	-7	18	-8	14	-8	10	-8	7	-7	5	-5	3	-2	2	2	2	6	3	10	5	13	8	15	11	18	13	22	14	26	14	30	13	33	11	35	10	36	10	36	
46:
33	0.193	12	4	13	5	15	7	18	10	21	13	23	17	24	20	24	23	23	26	21	30	20	33	20	35	21	36	23	36	25	35	28	33	32	30	35	27	37	25	38	24	38	22	37	20	35	19	33	19	30	19	26	19	21	18	17	16	14	13	12	10	11	7	11	5	12	4	12	4	
47:
39	0.183	27	16	28	17	30	19	31	22	32	25	33	27	33	30	32	32	30	33	27	33	24	32	20	31	15	29	11	28	8	28	6	29	5	31	3	33	1	34	0	35	0	35	1	34	2	32	4	29	7	26	10	22	14	19	17	15	19	11	20	8	20	6	19	5	18	5	18	6	19	8	21	10	24	13	26	15	27	16	27	16	
48:
39	0.338	33	25	34	24	36	22	38	19	39	15	39	10	38	6	38	3	37	1	35	0	32	0	28	1	23	2	19	4	16	7	14	11	13	16	13	21	14	25	14	28	13	30	11	31	10	32	10	32	11	31	13	31	16	32	20	34	24	37	27	39	29	40	31	40	33	39	35	37	36	34	36	31	35	28	34	26	33	25	33	25	
49:
29	0.052	20	9	19	10	17	10	14	10	10	10	7	11	5	13	4	16	4	18	4	21	5	23	7	24	10	24	14	23	19	23	24	23	28	24	31	26	33	27	34	27	34	26	33	24	31	21	28	17	26	14	25	12	23	10	21	9	20	9	20	9	
50:
30	0.161	10	13	9	14	8	15	8	17	9	20	11	22	14	25	17	27	21	28	25	28	30	27	34	26	37	24	39	21	40	17	40	13	39	10	37	8	34	7	30	7	27	6	23	4	18	3	14	3	11	4	9	5	8	7	8	10	9	12	10	13	10	13	
51:
35	0.233	35	5	34	6	32	8	29	9	25	11	22	14	19	18	16	22	14	26	12	29	11	31	11	32	12	32	13	31	15	30	18	30	22	31	26	33	30	36	34	38	37	39	39	39	41	38	42	36	42	33	41	29	39	25	36	22	34	20	32	18	31	15	31	11	32	8	34	6	35	5	35	5	
52:
37	0.312	22	18	21	19	20	20	20	22	21	25	23	29	26	32	30	34	34	35	37	35	39	34	40	32	40	29	39	25	37	22	34	20	30	19	26	17	23	14	21	10	20	7	19	4	17	2	14	1	10	1	7	2	5	4	4	7	4	10	5	12	7	13	9	13	12	14	16	15	19	16	21	17	22	18	22	18	
53:
36	0.234	18	25	18	24	19	22	21	19	24	17	26	16	27	16	27	17	28	19	28	22	27	25	25	28	22	32	20	35	19	37	19	38	20	38	20	37	20	35	19	32	17	30	14	29	10	29	6	29	3	30	1	31	0	31	0	30	1	28	3	25	5	23	8	22	12	22	15	23	17	24	18	25	18	25	
54:
37	0.302	33	0	32	1	30	3	29	6	28	10	28	15	28	20	28	25	29	29	31	32	34	35	36	37	37	38	37	38	36	37	34	35	31	32	27	28	24	23	22	19	21	16	19	14	16	13	14	13	11	14	9	15	8	16	8	16	9	16	11	15	14	13	18	10	23	8	27	6	30	3	32	1	33	0	33	0	
55:
33	0.136	28	27	29	26	30	24	31	21	31	17	30	13	28	10	25	7	23	5	22	4	22	4	22	5	22	7	23	10	23	14	22	19	20	24	17	28	14	31	12	33	10	34	9	36	9	38	10	39	12	39	15	38	19	37	23	35	26	33	28	32	29	30	29	28	28	27	28	27	
56:
42	0.129	28	38	27	37	25	36	22	34	18	31	15	29	12	26	10	23	9	19	9	14	8	10	6	7	5	5	5	4	4	4	4	5	4	7	4	10	5	14	6	17	8	19	11	20	14	20	18	19	22	18	25	16	27	13	28	10	28	8	28	7	29	7	31	8	34	10	36	12	37	15	37	19	36	24	34	28	31	32	29	35	28	37	28	38	28	38	
57:
31	0.126	10	28	9	27	7	25	5	22	4	20	4	17	5	13	6	10	8	8	10	7	13	7	17	8	22	10	27	11	31	13	34	16	36	20	37	25	37	29	36	33	34	36	31	38	27	39	23	39	20	38	18	36	17	33	15	31	13	29	11	28	10	28	10	28	
58:
33	0.127	9	6	8	7	7	9	6	12	6	16	6	21	6	26	6	30	6	33	7	35	9	36	10	37	12	37	15	36	18	34	22	31	26	27	29	22	33	16	36	11	38	7	39	4	39	1	38	-1	36	-2	33	-2	29	-1	24	1	19	4	15	6	12	7	10	7	9	6	9	6	
59:
37	0.572	36	34	37	33	39	31	40	29	40	26	39	24	37	23	35	23	33	24	32	25	31	25	31	24	32	22	32	19	31	15	29	10	26	6	22	3	19	1	17	0	16	0	16	0	17	1	19	3	21	6	23	10	24	15	25	21	25	26	24	30	24	33	25	35	27	36	30	36	33	35	35	34	36	34	36	34	
60:
36	0.419	19	3	18	2	16	1	13	0	10	0	8	1	7	3	7	5	8	7	10	8	13	10	16	13	20	16	24	18	27	21	29	25	30	28	30	30	29	31	29	31	30	30	32	28	35	25	37	22	38	19	38	17	37	16	35	16	32	16	29	15	27	13	25	10	24	8	22	6	20	4	19	3	19	3	
61:
35	1.582	4	38	3	37	1	36	0	34	-1	31	-1	27	0	22	1	16	3	11	6	7	10	4	14	2	19	1	24	1	28	2	33	3	37	4	40	4	42	5	44	7	45	10	45	14	44	19	42	24	39	28	35	31	31	33	26	34	20	34	15	34	11	34	8	35	6	36	5	37	4	38	4	38	
62:
43	0.446	27	33	27	32	26	30	24	27	21	23	17	20	14	17	12	13	11	10	11	8	12	7	14	7	15	8	15	10	14	13	12	16	9	19	5	21	1	22	-2	22	-4	21	-5	19	-5	16	-5	12	-4	8	-2	5	1	2	5	0	10	-1	14	-1	17	0	19	2	21	4	24	7	27	9	30	11	32	14	33	18	33	23	32	27	30	30	28	32	27	33	27	33	
63:
29	0.149	29	15	28	14	26	14	23	13	19	13	15	13	12	14	10	14	9	15	9	15	10	16	12	17	15	18	17	20	18	23	19	26	19	29	20	31	22	32	24	33	26	33	27	32	29	30	31	27	32	23	32	20	31	18	30	16	29	15	29	15	
64:
43	0.312	30	34	31	35	33	36	34	36	34	35	33	33	31	32	28	31	26	29	24	28	23	27	23	27	24	27	26	26	29	25	32	23	35	21	37	18	38	14	38	11	37	8	35	5	32	3	28	2	23	2	18	2	13	3	9	5	6	8	3	12	1	17	0	22	0	26	1	29	3	31	6	32	10	34	15	35	20	35	24	34	27	33	29	33	30	34	30	34	
65:
35	0.26	9	3	8	4	6	6	5	9	4	12	4	14	4	15	5	15	7	14	10	12	14	9	18	6	23	4	27	3	31	3	34	4	36	6	37	8	37	11	36	14	34	18	33	21	31	23	30	24	29	24	28	23	26	21	23	19	19	16	16	14	13	11	11	9	10	6	9	4	9	3	9	3	
66:
32	0.361	12	32	13	31	14	29	15	26	15	22	16	17	18	12	20	8	23	5	27	3	32	2	36	2	40	3	43	5	45	8	46	12	46	17	45	22	44	26	44	29	43	32	41	34	38	35	34	35	31	34	27	32	22	30	18	29	15	29	13	30	12	31	12	32	12	32	
67:
39	0.155	7	37	7	36	6	34	5	31	5	27	4	23	2	18	1	13	1	9	2	5	4	2	7	0	11	-1	14	-1	17	0	21	2	24	4	26	7	27	11	27	16	26	20	25	24	25	27	26	29	28	32	31	34	33	35	34	36	34	36	33	35	31	35	29	35	26	35	22	35	17	34	13	34	10	35	8	36	7	37	7	37	
68:
31	0.071	19	12	19	11	20	11	20	12	19	14	19	17	19	21	20	24	22	26	25	28	28	30	30	32	31	33	31	34	30	34	28	35	25	35	21	34	16	34	12	33	9	31	7	28	6	25	6	23	7	22	9	21	11	20	13	18	16	15	18	13	19	12	19	12	
69:
41	0.203	36	25	37	26	37	27	38	29	38	32	38	34	38	35	39	35	39	34	38	32	36	30	33	27	30	25	27	24	23	24	18	25	13	27	9	29	6	31	4	32	3	32	3	31	4	29	6	26	9	22	11	17	13	13	15	9	17	6	20	4	22	3	25	3	28	4	31	6	34	9	36	13	37	16	37	19	36	22	36	24	36	25	36	25	
70:
36	0.265	9	1	10	2	12	4	15	6	17	8	18	10	18	11	17	11	15	11	12	12	10	14	8	17	7	19	7	22	8	26	10	29	13	31	17	34	20	36	22	37	25	37	27	36	28	34	28	31	27	27	25	23	22	18	20	14	19	10	19	7	18	4	16	2	13	1	11	0	10	0	9	1	9	1	
71:
39	0.183	17	0	16	0	14	1	11	3	8	6	5	10	3	13	2	17	2	20	3	24	4	29	6	33	9	36	13	38	18	39	24	40	29	40	33	39	36	37	38	35	39	34	39	32	38	30	36	29	33	29	29	30	24	30	20	29	17	27	15	24	14	20	14	17	15	13	16	10	18	8	19	5	19	3	18	1	17	0	17	0	
72:
46	2.162	0	13	1	14	1	16	1	19	2	23	4	27	6	31	8	35	11	38	15	40	20	41	26	41	31	40	35	38	38	35	40	32	41	28	41	24	40	21	39	19	38	18	36	18	33	19	29	21	26	23	24	26	23	28	22	29	20	29	19	28	19	26	19	23	20	19	22	15	24	11	25	7	25	4	24	2	22	1	19	1	15	2	10	4	6	7	3	10	1	12	0	13	0	13	
73:
30	0.241	18	33	17	32	15	30	12	28	10	25	8	21	7	18	7	15	8	13	10	12	12	12	15	12	19	13	22	15	24	18	25	22	27	25	30	27	33	28	35	28	36	27	36	27	35	27	33	28	31	29	28	31	24	32	21	32	19	32	18	33	18	33	
74:
42	0.318	3	6	4	5	6	4	9	2	13	0	18	-1	23	-2	27	-2	30	-1	32	1	33	3	33	6	32	10	30	14	27	19	24	23	22	26	21	28	21	29	22	29	24	28	27	27	30	26	32	26	33	27	33	29	32	32	31	34	29	35	26	36	24	36	21	35	17	33	13	31	10	28	8	24	7	19	7	15	7	12	6	9	4	7	3	6	3	6	
75:
30	0.053	32	22	32	23	32	25	31	28	29	32	26	35	23	37	19	38	15	38	11	37	8	35	5	32	3	28	1	24	0	19	0	15	0	11	1	8	2	6	4	5	7	5	10	6	12	8	15	11	18	13	22	16	26	19	29	21	31	22	32	22	32	22	
76:
30	0.097	38	29	37	30	35	32	32	34	29	35	26	35	24	34	23	32	23	29	22	26	20	22	18	17	17	12	17	8	18	5	20	2	23	0	25	-1	26	-1	26	0	25	2	24	5	24	9	25	14	27	18	29	22	32	25	35	27	37	28	38	29	38	29	
77:
37	0.468	12	6	13	7	15	9	17	12	19	16	20	21	20	26	19	30	18	33	18	35	19	36	21	36	23	35	26	33	30	31	33	28	35	26	36	23	36	19	36	14	35	10	33	7	32	5	31	4	30	4	30	5	29	7	27	9	24	12	20	14	16	15	13	15	11	14	10	12	10	9	11	7	12	6	12	6	
78:
40	0.069	19	9	18	10	16	11	13	11	11	11	9	12	8	14	8	17	9	21	11	25	14	29	18	32	22	34	26	36	30	37	33	37	35	36	36	35	36	35	35	34	33	32	30	29	28	25	27	20	27	15	28	10	30	6	33	3	36	1	38	0	39	0	39	1	38	2	36	2	33	2	29	3	25	4	22	6	20	8	19	9	19	9	
79:
41	0.208	4	29	4	28	3	26	2	23	2	19	2	15	2	12	3	10	4	8	4	7	5	7	7	8	10	10	13	13	15	15	18	16	22	16	25	15	28	13	32	11	37	9	41	8	44	8	46	9	47	11	47	14	46	18	44	23	41	28	38	32	34	35	29	37	23	38	18	39	14	39	10	38	7	37	5	35	4	32	4	30	4	29	4	29	
80:
41	0.249	24	18	25	17	27	16	30	15	34	15	37	16	39	18	40	21	40	25	39	30	39	35	38	39	36	42	34	44	31	45	27	45	22	44	17	42	12	39	8	35	5	30	2	25	0	20	-1	16	-1	13	0	10	2	8	5	7	9	7	14	8	19	10	23	13	26	17	28	20	29	22	30	23	30	23	29	22	27	21	25	19	24	18	24	18	
81:
44	0.439	11	5	12	4	14	3	17	2	21	1	25	0	29	0	33	1	36	2	38	4	39	6	39	7	38	8	36	8	33	9	29	9	24	9	19	10	15	12	11	15	8	18	6	22	5	27	5	31	6	34	8	37	11	39	14	40	16	40	17	39	17	37	16	34	14	30	11	25	8	19	5	14	3	10	2	7	2	5	3	4	5	3	8	3	10	4	11	5	11	5	
82:
34	0.266	5	24	4	23	2	21	0	18	-1	15	-1	12	0	10	2	9	5	9	9	10	14	11	20	13	25	15	29	18	32	22	34	26	35	29	35	32	35	34	34	35	32	35	29	34	25	33	21	31	16	28	12	26	9	25	6	25	4	26	3	27	3	27	4	26	5	25	5	24	5	24	
83:
32	0.215	0	25	1	25	3	25	6	24	9	23	13	21	18	18	22	14	25	10	27	6	30	3	34	1	37	0	39	0	41	1	42	3	42	6	41	10	39	14	36	17	33	19	29	20	24	22	20	24	17	27	14	29	10	30	6	30	3	29	1	28	0	26	0	25	0	25	
84:
36	0.211	35	24	36	23	36	21	35	18	33	14	30	10	26	7	21	5	17	4	13	2	10	1	8	0	7	0	7	1	8	1	10	2	13	4	15	7	16	11	16	16	16	21	17	25	17	28	16	30	16	31	17	31	17	30	18	28	19	25	21	23	23	21	26	20	29	20	32	21	34	23	35	24	35	24	
85:
36	0.141	1	13	1	12	2	10	4	7	7	4	11	2	16	1	21	1	26	2	30	3	33	5	35	8	36	12	36	17	36	21	35	25	33	29	30	32	26	35	23	37	21	38	20	38	20	37	21	35	23	32	24	28	24	23	23	19	21	16	18	14	14	12	10	11	7	11	4	12	2	12	1	13	1	13	
86:
39	0.577	8	18	9	19	11	21	14	24	17	28	19	32	20	35	20	37	20	38	19	38	17	37	14	35	12	33	11	30	11	26	12	21	12	15	11	10	11	5	11	1	12	-2	14	-4	17	-5	21	-5	25	-4	28	-2	30	0	32	2	33	5	33	8	32	11	30	13	27	14	23	14	18	14	14	14	11	15	9	17	8	18	8	18	
87:
37	0.225	17	35	18	36	20	38	23	39	27	39	32	38	36	36	39	33	41	29	42	25	42	22	41	20	39	19	37	19	34	19	30	20	26	22	22	23	19	23	15	22	10	20	6	17	3	13	1	10	0	8	0	7	1	7	2	8	4	10	7	13	11	17	14	21	16	25	17	29	18	32	18	34	17	35	17	35	
88:
41	1.062	14	2	15	3	17	5	19	8	21	11	24	14	26	16	27	19	27	22	26	24	24	26	21	29	17	32	13	34	10	35	8	35	7	36	7	37	8	38	10	40	12	43	15	45	19	46	24	46	29	45	33	43	36	40	38	36	39	33	39	29	38	25	36	20	33	16	31	11	29	7	26	4	23	2	20	1	17	1	15	2	14	2	14	2	
89:
32	0.184	13	37	12	36	10	35	7	33	5	30	3	26	2	23	2	20	3	18	5	17	8	17	12	18	17	18	23	17	28	16	32	16	35	16	37	17	38	19	38	22	38	26	37	31	37	35	36	38	34	40	31	41	27	41	23	40	19	38	16	37	14	37	13	37	13	37	
90:
39	0.153	26	24	25	24	23	24	21	23	18	21	14	19	11	18	8	16	6	15	5	15	5	16	6	18	8	21	11	23	15	24	19	24	24	23	28	21	31	18	35	14	38	10	40	7	41	5	41	4	40	4	39	5	39	7	38	10	36	14	35	19	34	23	34	26	35	28	35	29	34	29	32	28	29	26	27	25	26	24	26	24	
91:
34	0.427	13	3	12	4	12	6	11	9	10	13	8	18	5	23	2	27	0	30	-1	32	-1	33	0	34	2	34	5	33	9	31	13	29	18	28	23	28	28	28	32	28	35	27	37	25	38	23	38	20	37	16	36	11	34	7	31	4	27	2	23	1	19	1	16	1	14	2	13	3	13	3	
92:
34	0.363	26	30	25	30	23	30	20	31	16	33	13	36	9	38	4	39	0	39	-3	38	-5	36	-6	33	-6	29	-5	24	-3	18	0	13	4	9	9	6	15	4	21	3	26	3	30	4	33	6	35	9	36	13	37	18	38	22	38	25	37	28	35	30	32	31	29	31	27	31	26	30	26	30	
93:
29	0.193	38	25	37	24	35	22	32	19	28	16	25	13	21	11	16	10	12	10	9	9	7	8	6	7	6	7	7	7	9	8	10	10	10	13	9	17	9	21	10	24	12	26	15	27	19	27	24	26	28	25	32	25	35	25	37	25	38	25	38	25	
94:
40	0.133	23	30	22	29	20	27	17	24	15	20	13	17	11	15	10	14	10	14	11	15	13	17	16	19	20	20	24	20	29	19	33	17	36	14	38	12	39	9	39	7	38	4	36	2	33	1	31	1	30	2	30	4	31	7	32	11	33	16	33	21	32	26	30	30	27	33	24	35	22	36	21	36	21	35	22	33	23	31	23	30	23	30	
95:
37	0.285	29	15	28	16	28	18	29	21	29	25	28	29	26	32	24	34	21	35	18	35	16	34	15	32	15	29	15	25	16	20	16	15	15	11	13	7	10	4	6	2	3	1	1	1	0	2	0	4	1	7	2	11	2	15	3	18	5	20	8	21	12	21	16	20	20	18	23	16	26	15	28	15	29	15	29	15	
96:
35	0.196	18	5	17	4	15	3	12	2	9	2	7	2	6	1	6	1	7	2	9	4	10	7	11	11	11	14	10	16	8	18	7	21	7	25	8	28	10	30	13	32	17	33	20	34	23	34	25	33	26	31	26	28	25	24	24	19	24	15	24	11	24	8	23	6	21	5	19	5	18	5	18	5	
97:
38	0.209	37	37	36	36	34	34	33	31	32	28	32	24	33	20	35	16	37	13	38	10	38	8	37	7	35	7	32	7	28	8	25	10	23	13	20	16	16	20	11	25	7	29	4	33	2	36	1	38	1	39	2	39	4	38	7	36	11	34	16	31	22	29	27	28	31	28	34	29	36	31	37	34	37	36	37	37	37	37	
98:
35	0.084	10	17	9	16	7	15	4	13	2	10	1	7	1	5	2	4	3	4	5	5	8	5	12	6	17	7	23	9	28	12	32	16	35	21	37	26	38	30	38	33	37	35	35	37	32	38	28	38	24	39	20	39	16	38	12	36	9	33	7	29	6	25	6	22	7	20	9	18	10	17	10	17	
99:
37	0.689	2	34	2	33	2	31	3	28	4	25	6	21	7	17	7	14	7	11	7	9	7	8	8	8	9	9	11	9	14	9	18	8	23	6	29	5	34	5	38	6	41	8	43	11	44	15	44	19	43	24	41	29	39	33	36	36	32	38	27	39	21	39	16	38	12	38	8	37	5	35	3	34	2	34	2	34	