0:
44	0.446	31	1	32	2	34	4	37	7	40	11	44	15	47	18	51	20	56	22	60	24	63	26	65	27	66	28	66	29	65	30	63	31	60	33	56	36	51	40	45	45	39	50	33	55	28	59	23	62	17	64	12	65	8	65	5	64	3	62	2	59	1	55	1	51	2	46	4	40	7	33	11	27	16	21	21	16	25	12	28	9	30	7	31	4	31	2	31	1	31	1	
1:
40	0.582	54	44	53	45	51	47	48	49	44	51	39	53	35	54	32	54	29	54	27	53	26	51	26	48	27	44	29	41	32	38	34	34	35	31	35	29	36	28	38	28	41	28	44	28	47	27	51	25	55	23	58	21	60	18	61	16	63	15	65	15	66	16	66	18	65	21	63	25	60	29	57	34	55	38	54	41	54	43	54	44	54	44	
2:
55	0.253	20	68	19	67	17	65	14	62	10	58	7	53	5	48	3	44	2	41	2	39	3	38	5	38	8	39	12	41	16	44	21	48	26	53	31	58	36	62	42	65	48	67	53	68	57	68	60	67	62	65	63	62	63	58	62	53	60	48	59	42	59	35	59	28	60	22	61	17	61	13	62	10	64	8	67	7	69	7	70	8	70	10	69	13	68	17	66	22	63	27	59	33	54	40	48	46	41	51	35	55	30	58	26	62	23	65	21	67	20	68	20	68	
3:
45	0.225	28	32	29	32	31	33	34	35	38	38	42	42	46	45	50	49	54	54	57	58	59	61	60	63	60	64	61	64	61	63	60	61	58	58	55	54	51	49	46	43	40	37	33	32	27	28	21	25	16	23	11	22	7	22	4	23	2	25	0	28	-1	32	-1	35	0	37	2	38	5	38	9	37	13	35	17	33	20	32	22	32	23	33	24	34	25	34	27	33	28	32	28	32	
4:
54	2.286	55	65	54	64	52	63	49	63	45	63	40	63	34	63	29	64	25	64	22	64	20	63	19	61	19	58	20	54	22	49	25	44	29	40	34	37	40	34	46	31	51	29	55	27	59	26	62	25	64	25	65	25	65	26	64	28	62	29	59	29	55	28	50	26	44	23	39	20	35	18	32	17	29	17	27	17	26	17	26	17	27	18	29	20	32	23	36	27	41	31	46	36	50	42	53	47	55	51	56	55	56	59	55	62	55	64	55	65	55	65	
5:
59	1.231	65	49	65	48	64	46	63	43	61	39	58	34	56	29	54	23	51	16	47	10	42	5	36	1	31	-2	26	-4	22	-5	19	-5	17	-4	16	-2	16	0	17	2	18	5	19	8	19	11	18	14	16	16	15	17	14	17	14	16	15	14	17	12	20	11	22	10	25	10	29	11	32	12	34	14	35	17	35	21	34	26	32	31	29	37	25	43	22	48	20	54	19	59	19	63	20	66	22	68	25	69	29	69	33	68	38	66	44	63	50	59	55	55	59	52	62	50	64	49	65	49	65	49	
6:
46	1.599	22	53	21	52	19	50	16	47	12	43	9	38	7	32	6	26	5	21	5	15	6	10	8	6	11	3	15	1	19	0	22	0	24	1	25	3	25	6	26	10	28	13	30	17	33	20	37	22	42	23	47	25	53	28	58	30	62	32	65	35	67	38	68	42	68	46	67	49	65	51	62	52	58	52	53	51	47	49	41	48	36	47	32	47	28	48	25	50	23	52	22	53	22	53	
7:
53	0.632	41	65	40	64	38	63	35	63	33	63	30	64	28	65	27	65	27	64	28	62	30	60	31	57	33	53	34	49	34	44	33	39	31	34	28	30	24	27	19	24	13	22	8	21	4	20	1	20	-1	19	-2	18	-2	16	-1	14	1	13	4	13	8	14	13	14	19	13	26	11	34	9	41	8	47	8	52	9	56	11	59	14	61	18	62	23	62	29	61	34	59	40	56	45	52	49	48	53	45	57	43	60	42	62	41	64	41	65	41	65	
8:
47	0.69	47	32	46	31	44	30	41	30	37	29	32	29	26	30	20	31	15	33	11	36	8	38	6	41	5	44	5	47	6	49	8	52	11	55	13	57	14	60	14	64	14	67	14	69	15	70	17	70	20	69	24	67	29	64	34	60	38	56	43	53	49	49	55	44	60	38	64	32	67	27	69	23	70	20	70	18	69	17	67	17	64	18	61	20	57	23	53	26	50	29	48	31	47	32	47	32	
9:
42	1.025	37	62	38	63	40	64	42	66	45	67	47	67	49	66	51	64	52	61	52	57	51	52	49	46	46	41	42	36	38	32	35	29	33	27	32	26	30	26	29	27	27	29	25	32	22	36	18	40	13	43	9	45	6	47	4	48	3	49	3	51	4	54	6	56	9	57	13	57	18	56	22	55	27	55	31	56	34	57	36	59	37	61	37	62	37	62	
10:
39	0.437	55	26	54	27	52	29	49	32	46	36	44	39	41	43	37	46	32	48	27	49	23	49	20	48	18	46	17	44	17	43	18	43	20	44	23	46	27	48	32	51	37	55	43	58	49	61	54	63	58	65	61	66	63	66	66	65	68	63	69	60	69	56	68	51	66	45	63	40	60	36	58	32	56	29	55	27	55	26	55	26	
11:
39	0.85	64	4	63	5	61	7	58	10	55	14	51	19	47	24	44	30	41	36	37	42	32	47	27	51	21	54	16	56	11	57	7	57	4	56	2	54	1	53	1	53	2	54	4	56	7	57	11	57	15	57	20	56	26	54	32	51	38	47	44	42	49	36	54	30	58	24	61	19	63	14	64	10	64	7	64	5	64	4	64	4	
12:
49	8.736	18	21	19	20	21	18	23	15	26	12	30	9	35	7	41	6	48	6	54	7	60	9	65	12	69	16	72	21	74	27	75	33	75	38	74	42	72	45	69	47	65	48	60	48	54	48	47	47	39	46	31	46	24	47	18	49	13	52	9	56	6	59	4	61	3	62	1	62	-2	61	-4	59	-5	56	-5	52	-4	47	-4	41	-3	36	-1	31	1	27	4	24	8	22	12	21	15	20	17	20	18	21	18	21	
13:
53	2.452	68	62	67	61	65	59	62	56	58	53	53	50	47	48	40	47	33	47	27	47	22	48	18	50	15	53	13	57	11	61	10	65	10	68	11	70	13	71	16	71	20	70	25	68	29	65	32	61	36	57	39	52	42	46	44	39	45	31	45	24	44	18	42	13	39	9	36	6	34	4	32	3	31	3	31	4	32	6	34	9	37	13	41	18	45	24	48	30	50	37	52	43	53	48	55	52	58	55	62	57	65	59	67	61	68	62	68	62	
14:
50	1.2	41	23	41	24	40	26	38	29	36	33	35	37	33	41	30	44	26	46	22	47	19	47	17	46	16	46	16	47	17	49	19	52	22	54	26	55	31	55	36	54	41	52	46	49	51	46	55	42	58	37	60	31	61	26	61	22	60	19	58	17	55	15	51	14	46	14	40	13	34	11	29	9	25	6	22	4	20	2	19	1	19	1	20	2	22	4	25	7	29	11	32	15	35	18	38	20	40	22	41	23	41	23	
15:
57	0.739	17	15	16	16	14	18	11	21	9	25	7	30	6	36	6	42	7	49	9	56	12	62	16	67	21	71	27	74	34	76	40	77	45	77	49	76	52	74	54	71	55	67	55	62	54	56	53	50	52	43	52	35	53	28	55	22	57	17	59	13	62	10	64	8	65	7	65	7	64	8	62	10	59	12	55	15	50	17	44	18	39	18	34	17	30	15	26	12	23	8	21	5	20	2	20	0	21	-1	23	-1	24	0	24	2	23	5	21	9	19	12	18	14	17	15	17	15	
16:
42	0.456	18	6	19	5	21	3	24	2	28	2	32	3	36	5	39	8	41	12	42	17	44	23	46	29	49	34	53	38	57	41	60	43	62	45	63	48	63	52	62	57	60	62	57	66	53	69	48	71	42	72	36	72	31	71	27	69	24	66	22	62	21	57	20	51	20	44	20	37	19	31	17	25	16	20	15	16	15	12	16	9	17	7	18	6	18	6	
17:
42	0.627	67	48	66	47	64	46	61	44	58	41	54	37	49	32	45	26	40	21	34	17	29	14	25	12	22	11	20	11	19	12	19	14	20	17	22	21	25	24	29	28	33	33	38	37	42	40	45	43	47	47	48	50	48	52	47	54	45	57	44	60	44	62	45	63	47	64	50	64	54	63	58	62	62	60	65	57	67	54	68	51	68	49	67	48	67	48	
18:
37	0.156	29	4	30	5	32	7	35	10	39	14	44	19	49	25	53	30	57	34	61	39	64	45	66	52	67	58	68	64	68	69	67	73	65	76	62	78	59	79	55	79	50	78	44	76	38	73	33	69	29	65	25	60	22	54	20	47	19	39	18	32	18	25	19	19	21	14	23	10	26	7	28	5	29	4	29	4	
19:
44	5.104	53	51	52	51	50	50	47	49	43	47	38	46	32	46	25	45	19	43	14	40	10	36	7	31	5	26	3	22	2	19	2	17	3	16	5	16	8	17	12	19	17	20	23	20	30	19	37	17	43	14	48	11	52	9	55	8	57	8	58	9	58	9	57	9	55	10	53	12	52	15	52	19	52	24	53	30	53	36	53	41	53	45	54	48	54	50	53	51	53	51	
20:
52	0.436	65	30	66	29	66	27	66	24	66	20	67	17	67	13	66	10	64	8	61	6	57	5	54	5	52	6	50	8	49	11	49	15	49	20	48	26	46	33	43	41	39	48	35	54	30	59	24	63	18	66	13	68	9	69	6	69	2	68	-1	66	-3	63	-5	60	-6	56	-6	51	-5	45	-3	38	0	31	4	25	9	20	14	16	20	13	27	11	35	10	42	10	48	11	53	13	57	16	60	20	62	24	64	27	65	29	65	30	65	30	
21:
45	1.877	65	46	65	47	65	49	64	52	62	55	59	58	55	61	50	63	44	65	39	67	33	68	28	68	24	68	21	67	19	65	18	62	18	60	19	59	21	57	24	54	28	50	33	45	37	39	40	32	42	25	43	19	43	14	44	10	45	7	47	5	49	4	52	4	56	4	61	5	65	7	68	10	70	14	71	19	71	25	70	31	68	36	66	40	65	43	65	45	65	46	65	46	
22:
52	0.659	26	4	27	4	29	3	32	3	36	4	41	6	47	7	52	7	56	6	59	6	61	6	62	7	62	9	61	12	59	15	56	19	53	24	50	28	48	31	47	33	47	34	48	34	50	35	52	37	53	40	53	43	52	46	50	50	47	53	43	55	38	56	32	56	27	55	22	53	17	50	13	46	8	41	4	35	1	29	-1	23	-2	18	-2	13	-1	9	1	6	4	4	8	3	13	2	17	1	20	1	23	2	25	3	26	4	26	4	
23:
38	1.795	53	58	52	57	50	56	47	56	43	57	39	57	34	57	28	56	21	55	15	53	10	52	6	52	3	52	1	51	0	49	0	46	1	42	3	39	6	37	10	36	15	36	19	35	23	35	26	34	28	32	30	30	31	29	33	29	36	30	39	32	42	35	44	39	47	44	50	48	52	52	53	55	53	57	53	58	53	58	
24:
40	0.566	50	12	49	11	47	9	46	7	44	6	41	5	37	4	32	4	26	5	20	6	15	8	11	10	8	13	6	15	5	16	5	17	6	17	8	18	11	19	13	21	14	24	15	28	17	32	19	37	22	41	24	44	27	46	31	47	36	47	40	46	44	44	47	41	49	37	50	32	50	27	49	22	48	18	48	15	49	13	50	12	50	12	
25:
50	2.25	9	18	10	17	12	15	15	12	19	10	23	7	28	5	34	4	40	4	46	5	51	7	55	10	60	12	64	15	67	18	69	22	70	27	70	31	69	34	68	36	66	37	63	37	59	36	54	36	48	36	43	37	39	39	36	42	34	46	32	49	31	52	31	54	32	55	34	55	36	54	37	52	37	49	37	46	37	42	36	37	35	31	33	26	31	22	28	19	24	17	19	16	15	16	12	16	10	17	9	18	9	18	
26:
56	1.894	22	51	21	50	19	49	18	47	18	44	18	40	17	35	17	29	17	23	16	18	16	14	17	11	19	9	22	8	24	8	25	9	26	11	28	14	31	18	35	23	39	29	44	35	48	41	51	46	55	50	59	53	62	57	64	61	65	64	65	66	64	67	62	67	59	66	56	66	52	66	47	66	41	65	34	63	27	61	20	60	14	58	9	56	5	53	2	49	0	46	-1	43	-1	41	0	40	2	39	5	39	8	40	12	42	16	45	19	48	21	50	22	51	22	51	
27:
46	0.592	51	32	52	31	54	29	57	27	59	24	60	21	62	19	64	18	65	18	67	19	68	21	68	24	67	28	65	33	62	39	58	45	54	51	50	56	46	60	41	63	35	65	30	67	26	68	23	69	21	69	20	68	20	66	21	64	23	62	25	61	28	60	32	58	36	55	39	53	41	51	42	49	42	46	41	42	40	38	40	35	41	33	43	31	45	30	48	30	50	31	51	32	51	32	
28:
53	1.093	17	31	16	32	14	34	11	37	8	41	5	45	3	49	2	52	2	54	3	56	5	57	8	58	12	58	17	57	23	56	30	54	38	52	45	49	51	45	56	40	60	35	63	31	65	28	66	26	66	25	65	25	64	26	62	28	59	30	55	32	50	33	44	34	39	34	35	33	31	31	27	28	24	24	22	19	21	15	21	12	20	9	20	7	19	6	17	6	14	7	12	9	11	12	11	16	11	21	12	25	14	28	16	30	17	31	17	31	
29:
48	1.367	61	37	60	37	58	38	55	40	51	43	46	47	41	50	37	54	34	58	32	61	31	63	31	65	31	66	31	66	31	65	30	63	28	60	25	56	23	51	20	45	16	38	11	31	7	24	4	18	2	13	1	9	1	6	2	4	2	3	3	3	5	4	6	6	8	9	11	13	15	17	20	20	26	22	32	23	39	23	45	22	50	22	54	23	57	25	59	28	60	31	61	34	61	36	61	37	61	37	
30:
52	5.48	10	51	11	52	13	54	16	57	20	61	25	65	30	69	36	72	42	74	49	75	55	75	60	75	64	74	67	73	69	71	70	70	70	68	69	66	67	63	64	59	60	55	56	50	53	44	51	38	50	33	50	29	51	25	53	22	56	20	59	19	62	19	64	20	65	22	65	25	64	29	62	33	60	38	58	42	55	45	51	47	46	48	40	48	33	47	27	45	22	43	18	42	15	42	12	43	10	45	9	48	9	50	10	51	10	51	
31:
53	0.936	47	52	48	51	50	49	53	46	57	42	61	37	65	32	69	27	72	21	74	15	75	10	75	6	74	3	72	1	69	0	65	0	60	1	54	3	47	6	40	9	32	11	24	12	17	12	10	13	4	15	-1	18	-5	22	-8	27	-10	31	-11	35	-11	40	-11	45	-10	49	-8	52	-5	54	-1	55	4	55	10	54	17	52	24	49	31	45	37	42	42	39	46	37	49	36	51	36	52	37	52	39	51	42	49	46	48	49	47	51	47	52	47	52	
32:
49	0.668	53	62	52	61	50	60	47	59	43	59	38	60	32	62	27	64	21	66	16	68	12	69	9	70	7	70	6	69	6	67	7	64	9	60	12	55	16	49	20	42	23	35	25	29	27	24	28	20	28	17	27	15	25	14	24	14	24	13	25	11	27	9	30	7	34	6	38	6	43	6	48	7	52	9	55	12	58	16	60	21	61	27	61	34	60	41	58	47	56	52	55	56	54	59	54	61	53	62	53	62	
33:
49	2.063	22	1	23	2	25	4	28	7	32	11	36	16	39	22	41	28	42	34	43	40	43	45	44	49	46	53	49	56	53	58	57	59	61	59	64	58	66	56	67	54	67	53	66	52	64	51	61	51	57	52	52	54	46	57	40	60	35	63	30	66	26	68	23	69	20	69	18	68	17	66	17	63	18	59	20	54	22	48	25	42	28	36	30	29	31	22	31	16	30	11	28	7	25	4	23	2	22	1	22	1	
34:
48	0.854	52	18	51	17	49	15	46	13	42	10	37	8	31	6	26	5	22	5	19	6	17	8	16	11	15	14	15	16	16	17	18	18	21	20	25	23	29	26	32	30	34	33	35	36	35	40	34	44	32	49	29	54	25	58	21	61	17	64	14	66	12	67	11	68	11	69	12	69	14	68	17	66	21	63	26	59	30	55	35	50	40	45	44	39	47	33	49	28	51	24	52	21	52	19	52	18	52	18	
35:
41	0.381	56	0	56	1	55	3	54	6	52	10	49	15	45	21	40	26	34	31	27	35	21	40	16	44	12	47	9	49	7	51	6	54	5	57	5	59	6	60	8	60	11	59	15	57	20	54	25	50	31	45	36	39	42	33	47	28	51	24	56	21	60	19	63	18	65	16	66	13	66	10	65	8	64	7	62	5	59	3	57	1	56	0	56	0	
36:
55	0.515	32	3	33	4	35	6	38	8	42	10	47	13	51	15	56	16	60	16	63	15	65	13	66	10	66	8	65	7	63	7	60	6	56	5	51	5	45	6	39	7	34	9	30	12	27	16	25	21	24	27	24	34	25	41	27	48	30	54	33	59	35	63	36	66	36	68	35	69	33	69	30	68	26	66	21	63	17	59	12	54	8	49	5	45	3	41	2	37	2	34	3	31	5	27	8	24	12	20	17	15	22	11	26	8	29	6	31	4	32	3	32	3	
37:
53	0.401	15	65	14	64	13	62	11	59	8	55	5	50	3	46	2	43	2	41	3	40	5	40	8	39	12	37	17	34	23	30	29	26	36	22	43	17	49	12	54	8	58	5	61	3	63	2	64	2	64	3	63	5	62	8	60	12	57	17	53	21	48	24	44	26	40	27	37	28	35	30	34	33	34	37	35	41	37	46	40	52	42	58	43	63	43	67	42	70	40	72	37	73	33	73	28	72	24	70	21	68	18	66	16	65	15	65	15	65	
38:
50	11.835	62	69	62	68	62	66	61	63	59	59	56	54	52	49	49	43	47	36	46	30	46	24	47	19	48	15	48	12	47	10	45	9	42	9	38	10	33	12	28	15	24	19	21	23	19	26	17	30	15	33	14	35	14	36	15	36	17	35	20	33	24	32	27	32	29	33	30	35	31	38	31	42	30	47	29	53	29	59	30	64	32	68	35	71	39	73	44	74	48	75	52	75	56	74	59	72	61	70	62	69	62	69	
39:
46	1.31	58	44	59	45	59	47	59	50	59	54	58	58	56	61	53	63	50	64	47	64	45	63	44	62	43	60	43	57	44	53	44	48	43	42	41	36	38	31	34	27	29	24	25	22	20	20	16	17	13	13	11	10	10	7	10	5	11	4	13	4	15	4	18	4	22	3	27	3	33	4	39	6	45	9	50	13	54	18	57	23	59	29	60	34	60	38	59	41	58	43	58	44	58	44	
40:
43	0.696	15	58	16	59	18	61	21	62	25	64	29	66	33	67	38	67	42	66	45	64	47	61	48	57	48	54	47	50	46	46	46	43	47	41	49	38	52	35	55	31	59	26	62	22	64	18	65	14	65	10	65	7	64	5	62	4	59	4	55	5	50	7	45	10	40	14	35	19	31	25	28	31	26	37	23	43	20	48	18	52	16	55	15	57	15	58	15	58	
41:
53	2.051	35	69	36	68	36	66	35	63	33	59	30	54	26	49	23	45	19	42	14	40	10	37	6	33	3	28	1	23	0	19	0	16	1	14	3	13	6	13	10	14	15	16	21	19	27	23	34	28	41	34	48	41	54	47	59	52	63	56	66	59	68	62	69	64	69	65	68	65	66	64	63	63	59	61	54	58	50	54	45	50	39	47	34	45	30	44	27	44	25	45	24	47	24	50	25	54	27	59	30	63	32	66	34	68	35	69	35	69	
42:
44	0.514	33	35	32	36	30	38	27	41	23	45	18	50	13	54	9	57	6	59	3	60	0	60	-2	59	-3	57	-3	54	-2	50	0	45	3	39	7	34	12	30	18	26	23	21	29	16	35	12	41	9	47	7	52	6	57	6	61	7	64	9	66	12	67	16	67	21	66	25	64	28	61	30	57	33	53	36	49	38	46	39	42	39	39	38	36	36	34	35	33	35	33	35	
43:
48	2.184	46	35	45	36	43	38	40	41	36	45	31	50	26	55	20	59	15	63	10	66	6	68	3	69	1	69	0	68	0	66	1	63	3	61	6	59	10	56	14	52	17	47	19	41	20	36	20	30	20	25	20	19	21	14	23	10	26	7	30	5	35	4	41	4	46	5	50	5	53	6	57	8	60	9	62	11	63	14	63	18	62	21	60	24	57	27	54	29	52	32	49	34	47	35	46	35	46	35	
44:
50	0.423	28	37	29	36	31	35	34	35	38	36	42	38	45	41	47	45	48	48	48	52	48	55	47	57	45	59	42	60	38	60	34	59	29	57	23	54	18	51	14	47	11	43	9	39	8	34	8	28	9	21	11	13	14	6	18	0	23	-5	29	-9	36	-12	43	-14	49	-15	54	-15	58	-14	61	-12	63	-9	64	-5	64	-1	63	2	61	6	58	9	54	13	49	18	43	23	38	27	34	31	31	34	29	36	28	37	28	37	
45:
52	1.243	4	58	5	57	6	55	8	52	11	48	13	43	14	37	14	31	14	26	14	22	14	18	13	15	13	13	13	12	12	12	12	13	13	15	15	18	18	22	22	27	25	31	29	35	32	38	34	40	37	41	41	41	45	40	48	38	50	35	51	31	53	27	54	24	56	22	57	21	58	21	58	22	58	24	58	27	57	31	55	36	52	42	48	47	43	51	37	54	30	57	24	59	19	60	14	60	10	59	7	58	5	58	4	58	4	58	
46:
58	0.615	40	21	39	20	37	19	34	18	30	16	26	13	22	11	19	10	16	10	14	10	13	11	13	13	14	16	16	19	19	23	22	28	25	33	27	38	28	42	28	45	27	48	25	50	22	51	20	51	19	50	19	48	20	45	22	41	24	38	27	35	31	33	36	32	41	32	45	33	49	35	54	38	59	41	63	45	66	48	68	50	69	51	69	51	68	50	67	48	67	45	66	41	64	36	63	30	61	25	60	21	59	18	57	16	54	15	50	15	46	16	43	18	41	20	40	21	40	21	
47:
41	5.968	49	47	48	46	46	44	43	41	39	37	34	32	28	26	22	20	16	15	11	10	7	6	4	3	2	1	0	0	-1	0	-1	0	0	1	2	3	4	6	6	10	7	14	7	18	6	23	6	27	7	30	9	32	12	33	16	33	21	34	26	35	32	37	38	40	43	43	47	45	50	47	52	48	53	48	53	47	52	46	50	46	49	47	49	47	
48:
54	0.584	12	30	12	29	12	27	12	24	13	20	15	15	18	11	22	7	25	4	29	2	34	1	38	1	41	2	43	4	44	7	44	11	45	15	47	20	50	26	54	31	59	37	63	42	66	46	68	49	69	53	69	56	68	58	66	61	63	65	59	68	54	70	48	71	43	71	39	72	34	72	29	71	25	69	22	66	20	63	19	59	19	54	20	48	22	42	24	37	26	33	27	30	27	27	26	25	24	24	21	24	18	25	15	27	13	29	12	30	12	30	
49:
54	1.469	34	64	35	63	37	62	40	60	44	57	49	54	54	52	59	50	63	49	66	47	68	44	69	40	69	37	68	35	67	34	65	34	63	35	60	36	56	36	51	35	47	33	44	30	42	26	41	21	41	16	41	12	42	9	42	6	41	4	39	3	36	3	32	4	27	6	21	9	16	13	12	18	9	24	7	31	6	39	5	47	5	54	4	60	4	65	4	69	5	72	7	74	10	75	14	75	19	74	24	72	28	69	31	67	33	65	34	64	34	64	
50:
47	2.576	19	54	20	53	20	51	21	48	23	44	24	39	24	33	23	26	22	20	20	15	19	11	19	8	19	5	19	3	19	2	20	2	22	3	25	5	29	8	34	11	40	13	46	14	52	14	57	14	62	15	66	17	69	20	71	22	72	25	72	29	71	34	69	40	66	46	63	52	60	57	58	61	55	64	51	66	46	67	40	67	34	66	29	64	25	61	22	58	20	56	19	55	19	54	19	54	
51:
45	2.744	41	46	42	46	44	47	47	48	51	48	56	47	60	45	63	42	65	38	66	33	66	27	65	21	63	16	60	12	56	9	51	7	46	6	42	6	39	7	35	9	30	10	25	10	20	9	15	7	10	5	6	3	3	2	1	2	0	3	-1	5	-1	8	0	12	2	16	5	21	7	27	10	32	13	37	17	41	22	44	27	46	31	47	35	47	38	46	40	46	41	46	41	46	
52:
50	0.132	64	13	63	14	63	16	63	19	63	23	62	28	60	34	57	40	53	45	48	50	44	54	41	57	39	59	38	61	38	62	39	62	41	61	44	59	48	56	52	52	55	47	57	42	58	38	58	34	57	31	55	28	52	26	48	25	43	25	37	25	31	26	26	27	22	29	19	30	17	30	16	29	16	27	17	24	19	20	22	16	26	12	31	9	37	7	43	6	49	6	54	7	58	8	61	10	63	12	64	13	64	13	
53:
45	0.471	20	45	21	46	23	47	26	49	30	50	34	52	39	55	45	59	51	62	56	64	61	65	65	65	68	64	70	62	71	59	71	55	71	50	70	44	68	37	65	31	63	26	62	21	60	17	57	14	53	12	48	11	42	11	35	12	28	14	22	17	16	21	11	25	7	28	4	32	2	37	1	41	1	44	2	46	4	47	7	47	10	46	14	45	17	44	19	44	20	45	20	45	
54:
50	5.406	60	38	61	39	63	41	64	44	64	48	64	52	63	57	61	61	58	64	55	66	51	67	46	67	40	66	33	64	27	61	21	59	15	56	10	54	6	53	3	53	1	54	0	56	0	59	1	61	3	62	6	62	10	61	15	59	20	56	26	53	31	49	35	44	38	38	42	33	45	28	47	23	48	19	50	16	53	14	55	13	56	13	57	14	58	16	58	19	57	23	56	28	56	32	57	35	59	37	60	38	60	38	
55:
41	0.382	60	0	61	1	63	3	64	6	64	10	63	15	63	21	64	28	64	36	63	43	61	49	58	54	54	58	49	61	43	63	36	64	28	64	21	63	15	61	10	58	6	56	3	55	1	55	0	56	0	56	1	55	3	53	6	50	10	46	15	41	21	35	28	28	34	22	39	16	43	11	47	7	50	4	54	2	57	1	59	0	60	0	60	0	
56:
39	0.196	18	17	17	16	15	14	13	11	12	7	12	3	12	0	13	-2	15	-3	18	-3	22	-2	25	-1	28	0	32	2	35	5	37	7	38	9	38	12	37	16	35	20	32	25	28	29	24	33	19	36	15	39	12	42	8	44	5	45	3	45	2	44	2	42	2	39	3	35	5	30	8	26	12	23	15	20	17	18	18	17	18	17	
57:
63	3.307	42	8	41	8	39	8	37	8	34	8	31	9	29	11	28	14	28	17	29	19	31	22	34	26	38	31	43	37	48	42	52	46	55	49	57	53	58	57	58	62	57	66	55	69	52	71	48	72	43	72	37	71	31	69	24	68	18	66	12	63	7	60	3	56	0	51	-2	45	-3	38	-3	30	-2	23	0	16	3	9	7	3	12	-2	18	-6	25	-9	33	-11	41	-12	48	-12	54	-11	59	-9	63	-6	66	-2	68	1	69	4	69	8	68	11	66	14	64	16	61	17	57	17	52	16	48	14	45	11	43	9	42	8	42	8	
58:
52	4.943	53	24	52	23	50	21	47	18	43	15	38	13	34	12	31	12	29	13	28	15	28	18	29	22	29	27	28	31	26	36	23	40	19	43	15	45	12	46	10	46	9	45	9	43	10	41	12	40	15	38	18	37	22	37	27	38	31	40	34	42	36	44	37	47	37	51	37	56	38	60	40	63	43	65	47	66	51	66	55	65	59	64	62	62	64	59	65	55	65	50	64	44	62	39	60	34	58	30	56	27	54	25	53	24	53	24	
59:
49	4.005	48	46	47	45	45	43	42	40	38	36	33	31	27	26	20	22	13	19	7	16	1	14	-4	13	-8	13	-11	14	-13	16	-14	19	-14	23	-14	28	-13	33	-11	39	-8	45	-4	50	1	54	7	57	14	59	22	60	30	60	37	60	43	60	48	61	53	62	57	63	60	63	62	62	63	60	63	57	62	55	60	52	58	48	57	44	57	41	57	39	56	38	54	38	51	39	49	41	48	43	48	45	48	46	48	46	
60:
45	0.3	45	18	46	19	48	21	51	24	54	28	58	32	61	37	63	42	64	46	64	49	63	51	61	53	59	54	56	54	52	53	47	51	42	48	38	44	34	41	31	39	27	38	22	37	16	37	11	37	6	38	2	40	-1	43	-3	47	-4	51	-4	54	-3	56	-1	57	2	57	6	56	11	54	17	51	24	48	30	44	35	39	39	33	42	28	44	24	45	21	45	19	45	18	45	18	
61:
36	0.408	32	63	33	62	34	60	36	57	37	53	38	48	39	42	39	36	38	30	36	24	35	19	35	15	36	12	38	9	41	7	45	5	50	4	55	4	59	5	62	7	64	10	65	14	65	19	64	23	62	26	59	30	55	35	51	41	48	47	46	52	44	56	41	59	38	61	35	62	33	63	32	63	32	63	
62:
49	0.587	6	27	5	26	4	24	3	21	3	17	4	12	6	8	9	4	12	1	15	-1	17	-2	19	-2	20	-1	20	1	19	4	17	8	15	12	14	17	14	23	15	30	17	38	19	45	22	51	26	56	31	61	37	65	44	68	50	70	55	71	59	71	62	70	64	68	65	65	65	61	64	57	62	53	59	50	56	48	52	47	47	47	41	46	34	44	27	42	21	39	16	35	12	32	9	30	7	28	6	27	6	27	
63:
50	3.014	65	5	66	6	68	8	71	11	73	15	74	20	74	25	73	29	71	32	69	34	66	35	62	36	57	37	52	39	48	42	45	45	43	48	42	50	41	51	41	51	42	50	43	48	44	45	44	41	43	37	41	34	38	32	34	31	29	31	25	32	21	34	18	35	16	35	15	34	15	32	16	29	16	25	17	20	19	14	22	9	26	5	31	2	37	0	44	-1	50	-1	55	-1	59	0	62	2	64	4	65	5	65	5	
64:
47	0.459	18	36	19	36	21	37	24	39	28	42	33	46	37	50	41	53	44	57	46	60	47	62	47	63	46	63	44	63	41	64	37	66	32	69	26	71	20	72	15	72	11	71	8	69	6	66	5	62	4	57	4	52	5	46	7	39	10	33	14	28	19	24	25	21	30	19	34	17	37	15	39	13	40	12	40	12	39	13	37	15	35	18	32	22	28	26	24	30	21	33	19	35	18	36	18	36	
65:
38	0.535	44	52	45	52	46	53	46	55	45	58	43	62	40	65	36	67	31	68	25	68	19	68	13	67	8	65	4	62	1	58	-1	53	-2	49	-2	45	-1	41	1	38	4	36	6	34	7	33	7	33	6	34	6	36	7	38	9	40	12	41	16	41	21	42	27	42	32	43	36	44	39	46	41	49	43	51	44	52	44	52	
66:
48	1.153	64	40	63	39	61	38	58	36	54	35	49	33	45	30	41	28	38	27	36	26	34	26	33	27	33	29	34	30	34	31	33	31	31	30	28	30	24	31	19	33	13	36	8	38	4	41	1	45	-1	50	-2	55	-3	59	-3	62	-2	64	0	65	1	65	1	64	2	62	4	59	6	56	9	53	13	51	18	50	23	50	29	51	36	52	43	52	49	51	54	49	58	46	61	43	63	41	64	40	64	40	
67:
50	5.551	68	69	67	68	65	67	62	66	58	66	53	66	47	65	40	64	34	62	28	60	23	59	19	59	16	58	14	56	13	55	13	53	14	50	16	46	19	41	23	36	27	32	31	28	35	25	38	22	40	20	43	19	47	17	50	14	52	10	53	6	53	3	54	1	55	0	57	0	59	1	61	3	62	6	63	10	64	15	65	21	65	28	66	34	67	41	69	48	70	54	70	59	69	63	68	66	68	68	68	69	68	69	
68:
50	2.775	68	68	67	67	65	65	62	62	58	58	53	53	48	47	43	40	39	33	36	27	34	21	33	16	33	12	34	9	36	7	39	6	42	6	44	7	45	9	45	12	44	16	42	21	39	26	37	32	34	39	30	45	25	50	19	54	14	57	10	59	7	60	5	61	4	61	4	60	5	59	7	57	10	55	14	54	19	54	25	54	32	53	38	53	43	53	48	54	53	56	58	59	62	62	65	65	67	67	68	68	68	68	
69:
51	0.41	52	19	51	18	49	17	46	17	42	16	38	14	34	13	29	13	23	14	18	15	14	17	11	20	9	24	8	28	8	33	9	38	11	42	14	45	18	48	22	52	27	55	33	58	40	62	47	65	53	67	58	68	62	68	65	67	67	67	68	67	68	68	67	68	65	67	62	65	58	62	53	58	49	53	45	47	41	40	38	34	36	28	35	23	35	19	36	16	37	14	39	13	42	13	46	14	49	16	51	18	52	19	52	19	
70:
45	1.522	15	12	16	11	18	9	21	7	25	6	29	6	34	6	39	7	45	9	50	12	54	16	57	21	59	27	60	34	60	41	59	47	59	52	59	56	59	59	60	61	62	63	65	64	69	64	73	63	76	61	78	58	79	54	79	49	79	43	78	36	76	29	73	23	70	18	66	14	61	11	55	9	48	8	41	8	35	9	30	10	25	10	21	10	18	10	16	11	15	12	15	12	
71:
51	0.274	14	35	15	36	17	38	18	41	20	45	23	49	27	52	32	55	37	58	41	61	46	63	50	66	54	68	57	69	59	69	60	68	60	67	59	66	57	65	54	64	50	63	47	61	45	59	44	56	44	52	45	47	46	41	48	34	51	26	54	19	56	13	57	7	57	2	56	-2	54	-5	51	-7	47	-8	42	-8	36	-7	29	-5	23	-2	18	2	14	7	11	13	9	19	8	24	8	28	9	31	11	33	13	34	14	35	14	35	
72:
56	3.542	1	38	1	37	1	35	2	32	3	28	5	24	7	20	10	17	14	14	19	12	24	11	29	11	35	12	42	14	49	17	55	21	60	26	64	32	67	39	69	46	70	52	72	57	73	61	73	64	72	66	70	67	67	67	64	66	60	64	55	62	49	59	44	55	38	51	32	46	27	42	22	39	18	37	15	36	11	36	7	37	4	39	2	42	0	46	-1	50	-1	53	0	55	2	56	3	56	3	55	2	53	0	50	-1	46	-1	43	-1	41	0	39	1	38	1	38	
73:
43	1.158	32	42	33	41	34	39	36	36	39	32	42	27	46	21	49	16	51	12	52	9	53	7	53	6	52	6	50	7	47	9	44	12	41	16	38	21	35	26	31	30	27	34	24	37	22	39	20	40	17	40	14	40	11	41	9	43	8	46	7	50	7	54	7	57	8	59	10	60	13	60	17	59	20	57	22	54	24	50	26	47	29	45	31	43	32	42	32	42	
74:
50	4.391	15	29	16	29	18	30	21	31	25	31	30	30	36	30	42	29	48	27	53	24	59	22	64	21	68	21	71	22	73	24	75	27	76	31	76	36	75	42	73	48	70	54	66	59	61	63	55	66	49	68	43	69	38	69	33	68	28	67	22	66	16	65	11	65	7	65	4	66	2	66	1	65	1	64	2	63	4	61	7	58	11	56	14	53	17	49	19	45	20	40	20	36	19	33	17	31	16	30	15	29	15	29	
75:
53	0.549	34	20	33	21	31	22	28	24	25	27	22	29	18	31	14	33	11	36	9	40	8	45	8	51	9	57	11	63	14	68	18	72	23	75	29	77	35	78	40	78	44	77	47	75	49	72	50	69	50	65	49	61	47	57	44	52	42	48	39	44	37	41	36	39	36	37	37	35	39	34	42	34	46	35	51	35	55	34	58	32	60	29	61	25	61	21	60	17	58	14	55	12	51	11	46	11	42	12	39	14	37	17	35	19	34	20	34	20	
76:
55	0.4	39	27	40	26	42	24	45	21	49	17	54	12	59	8	63	5	66	3	68	1	69	0	69	-2	68	-3	66	-3	63	-2	60	0	56	3	51	7	45	12	38	16	31	19	25	21	20	22	15	22	11	21	7	19	3	18	0	18	-2	19	-3	21	-3	24	-2	28	0	33	3	39	7	46	12	52	18	57	23	61	28	64	32	66	35	67	37	67	38	66	38	64	37	61	35	57	33	52	31	46	30	41	30	37	31	34	33	31	36	29	38	28	39	27	39	27	
77:
41	0.571	55	20	54	19	52	18	49	16	45	13	42	9	38	5	35	2	32	0	30	-1	28	-1	26	0	24	2	23	5	21	9	18	14	14	20	10	26	6	31	3	36	1	40	0	43	0	46	1	50	3	53	6	56	10	58	15	59	21	59	28	58	34	56	39	53	44	49	48	44	51	38	54	33	56	29	57	26	57	23	56	21	55	20	55	20	
78:
39	0.393	21	44	22	45	24	46	27	46	31	46	35	45	38	43	42	40	47	37	52	34	56	32	60	31	63	31	65	32	67	34	68	37	68	40	67	42	65	45	62	47	58	48	53	50	47	53	41	55	36	57	32	59	29	61	27	62	26	63	26	63	27	62	29	60	30	57	30	53	29	50	27	47	24	45	22	44	21	44	21	44	
79:
47	0.997	16	54	15	53	13	51	10	48	8	46	7	44	7	41	8	37	10	33	13	28	16	23	20	18	25	14	30	11	36	9	41	8	45	8	48	8	50	9	51	10	51	12	50	15	48	19	45	24	43	30	42	37	42	43	43	48	45	52	47	55	50	57	52	58	53	58	53	59	52	61	50	64	47	66	43	67	38	68	32	68	27	67	23	65	20	62	18	60	17	57	16	55	16	54	16	54	
80:
41	1.141	56	37	55	36	53	35	50	33	47	30	45	26	43	21	42	15	41	10	41	6	41	3	40	1	38	0	35	0	31	1	28	3	25	5	23	8	22	12	22	15	23	17	25	19	28	20	32	22	37	24	41	27	44	31	46	36	47	41	48	45	48	48	49	50	51	51	53	51	56	50	58	48	59	46	59	43	58	40	57	38	56	37	56	37	
81:
50	2.504	62	21	62	20	61	18	59	17	56	16	52	16	47	17	42	19	36	22	31	26	27	31	23	37	20	43	18	49	16	54	13	58	11	61	10	63	10	64	11	64	13	63	15	61	18	58	22	54	25	49	27	43	28	36	28	29	27	22	26	16	24	11	23	7	23	4	24	1	26	-1	29	-2	32	-2	36	-1	39	1	41	4	42	8	42	13	43	17	45	20	48	22	52	23	56	23	59	23	61	22	62	21	62	21	
82:
45	1.114	64	18	65	19	67	21	68	24	68	28	67	32	66	37	64	41	61	44	58	46	55	47	53	47	52	46	52	44	53	41	53	38	52	35	50	33	47	32	43	32	38	33	33	35	27	36	21	36	16	36	12	37	9	37	7	36	6	36	6	35	7	33	9	30	11	26	14	22	18	19	23	16	29	14	36	12	43	11	49	11	54	12	58	13	61	15	63	17	64	18	64	18	
83:
44	1.915	27	40	27	39	28	37	30	34	33	30	36	25	38	19	39	13	41	8	44	4	47	1	51	-1	54	-2	57	-2	60	-1	62	1	63	4	63	8	63	13	63	18	63	23	62	28	60	32	57	35	53	37	48	38	43	39	38	41	34	43	30	46	27	50	25	54	24	57	24	59	25	60	27	60	28	59	28	57	27	54	26	50	25	46	25	43	26	41	27	40	27	40	
84:
55	0.947	42	17	41	18	39	20	36	23	32	26	29	30	27	33	26	35	26	36	27	36	29	35	32	33	36	32	41	32	46	32	50	33	53	35	55	38	56	42	56	46	55	51	53	56	50	60	46	63	42	65	37	66	32	66	28	65	25	63	23	60	21	56	20	51	20	45	19	38	19	31	20	23	22	16	24	10	27	5	31	1	36	-2	42	-4	47	-5	51	-5	54	-4	56	-2	57	-1	57	1	56	3	54	6	51	10	48	13	45	15	43	16	42	17	42	17	
85:
42	0.259	55	44	54	44	52	43	49	41	47	38	44	34	42	29	41	23	41	17	41	12	40	8	38	5	35	3	31	2	26	2	22	2	19	3	17	5	16	7	16	10	17	14	19	18	21	23	22	28	22	32	21	37	19	42	17	46	16	49	16	51	17	52	19	52	22	51	26	49	31	48	35	46	40	44	45	43	49	42	52	42	54	43	55	44	55	44	
86:
36	0.173	1	31	1	30	1	28	2	25	4	23	7	22	11	22	16	23	22	24	29	24	37	23	44	21	51	20	57	20	62	21	66	23	69	26	71	30	72	34	72	38	71	41	69	43	66	44	62	44	57	43	51	41	44	40	37	40	29	41	22	41	16	40	11	39	7	37	4	34	2	32	1	31	1	31	
87:
44	0.232	20	21	21	22	22	23	24	23	27	22	31	20	35	17	39	13	42	9	44	6	45	4	45	3	46	3	46	4	45	6	44	9	44	13	44	18	44	24	45	31	47	39	50	46	53	52	55	57	56	61	56	64	55	67	53	69	50	70	46	70	41	69	36	67	32	64	28	61	25	57	22	52	19	46	17	40	16	35	16	31	16	27	17	24	19	22	20	21	20	21	
88:
50	0.39	39	9	40	10	42	12	45	15	49	19	54	23	58	28	61	34	63	40	64	46	64	51	63	55	61	58	58	61	54	65	49	68	43	70	36	72	29	73	23	73	18	72	14	70	11	67	9	63	8	58	8	54	9	50	11	46	14	43	18	41	23	39	29	37	34	34	40	31	46	27	51	22	55	17	58	13	60	9	61	6	61	4	60	3	58	3	55	3	51	3	48	4	45	6	42	7	40	8	39	9	39	9	
89:
48	0.565	55	33	56	32	58	30	60	27	62	24	63	20	64	15	64	10	63	5	61	1	58	-2	54	-4	49	-5	43	-5	38	-4	34	-4	31	-3	29	-2	28	0	27	1	27	2	28	4	30	7	33	10	37	14	40	19	42	25	43	32	43	40	43	47	42	53	40	58	39	62	39	65	40	67	42	68	45	68	49	67	53	65	56	62	58	58	60	53	61	48	61	43	60	39	58	36	56	34	55	33	55	33	
90:
44	0.567	8	44	9	43	11	41	14	38	18	34	23	30	28	27	34	25	41	24	48	24	54	24	59	25	63	27	66	30	68	34	69	39	69	45	68	50	66	54	63	57	60	59	58	60	57	60	57	59	56	57	54	55	51	52	47	48	43	44	39	39	34	35	28	32	23	30	17	29	12	29	8	29	5	29	3	30	2	32	2	35	3	38	5	41	7	43	8	44	8	44	
91:
39	0.304	0	54	0	53	1	51	1	48	2	44	3	39	5	33	8	27	11	22	15	18	20	15	26	13	33	12	41	12	48	13	54	15	59	17	63	20	66	24	68	29	69	35	69	42	68	48	67	53	65	58	62	62	58	65	53	67	47	68	40	68	32	67	25	65	19	62	14	59	10	57	6	55	3	54	1	54	0	54	0	54	
92:
49	1.161	22	12	23	11	25	10	28	10	32	10	37	10	43	9	49	7	54	6	58	6	61	7	63	9	64	11	64	14	63	18	61	22	58	25	54	27	49	29	43	30	38	32	33	35	29	39	26	44	24	50	23	56	23	61	24	65	26	68	29	70	32	71	35	71	37	71	38	70	38	68	37	66	35	63	33	59	30	54	26	48	22	42	19	37	17	31	16	26	16	22	17	18	19	15	21	13	22	12	22	12	
93:
52	1.628	40	54	39	53	37	53	34	54	30	54	26	55	22	55	18	54	14	53	11	51	9	48	8	44	8	40	9	37	11	34	14	32	17	31	21	29	24	26	26	24	27	22	29	21	30	21	32	22	35	24	39	26	43	27	47	27	50	26	52	24	53	21	54	17	55	14	57	12	60	11	64	11	67	12	70	14	72	17	73	21	73	26	72	32	70	38	67	43	63	47	58	50	53	52	49	53	46	53	43	53	41	53	40	54	40	54	
94:
45	0.828	40	52	39	53	39	55	40	58	40	62	40	65	40	67	39	68	37	68	34	67	30	65	25	63	20	60	16	56	13	51	11	45	9	38	8	30	8	23	9	17	11	12	14	8	17	5	21	3	24	2	26	2	27	3	27	5	26	8	24	12	21	17	19	23	18	29	18	36	19	42	21	47	24	51	28	54	32	56	35	57	38	57	40	56	41	54	41	53	40	52	40	52	
95:
40	0.461	69	20	68	19	66	17	63	14	60	11	58	9	56	8	53	7	49	7	46	8	43	10	41	13	40	17	39	21	39	26	40	32	42	37	45	41	49	44	54	46	58	47	61	47	63	46	64	44	64	43	63	42	61	41	58	39	55	38	53	36	52	33	52	31	53	30	55	28	58	25	62	22	65	20	67	19	68	19	69	20	69	20	
96:
54	1.511	68	26	67	27	65	29	62	32	58	36	53	39	47	41	42	42	37	42	33	41	30	39	28	37	27	34	27	30	28	25	30	19	33	14	36	9	38	5	39	2	39	0	38	-1	36	-1	33	0	29	2	24	5	18	9	13	12	8	16	4	21	1	27	-1	34	-2	41	-2	47	-1	52	1	56	4	59	8	61	13	62	19	62	25	61	32	61	40	61	47	60	53	58	58	55	62	51	65	46	67	41	68	36	69	32	69	29	69	27	68	26	68	26	
97:
58	3.727	66	61	65	60	63	59	60	58	56	58	51	57	45	57	39	56	33	56	26	56	20	57	15	59	11	61	8	64	6	66	5	67	5	68	6	69	8	69	11	68	15	66	20	63	24	59	27	54	29	48	30	42	30	36	29	30	27	25	24	21	20	17	17	14	15	12	14	11	14	11	15	12	17	14	20	17	24	21	29	24	34	26	40	27	46	29	51	30	55	30	60	29	64	29	67	30	69	32	70	35	70	39	71	44	71	48	70	51	68	55	67	58	66	60	66	61	66	61	
98:
38	0.308	17	21	17	22	16	24	16	27	15	31	15	36	14	42	12	49	10	55	9	60	9	64	10	67	12	69	15	70	19	70	24	69	30	68	36	68	41	69	45	69	48	68	50	66	52	63	54	59	55	54	55	48	54	42	52	36	50	31	47	27	43	24	38	21	32	19	27	18	23	18	20	19	18	20	17	21	17	21	
99:
52	0.378	18	38	19	37	21	36	24	36	27	36	29	36	30	35	30	33	29	31	27	28	24	25	20	22	16	18	12	13	9	9	7	6	6	4	6	3	7	1	9	-1	12	-2	16	-2	21	-1	27	0	33	1	39	3	44	5	49	8	53	11	56	15	58	20	59	26	59	33	58	40	56	46	53	51	49	55	44	58	38	60	31	61	25	61	20	60	16	58	13	55	11	51	10	47	10	44	11	42	13	40	15	39	17	38	18	38	18	38	