0:
24	0.104	1	16	0	15	0	13	1	10	3	8	6	7	10	7	13	8	15	10	16	11	17	11	17	10	18	8	20	7	21	7	21	8	20	10	18	12	15	14	11	16	7	17	4	17	2	17	1	16	1	16	
1:
23	0.025	0	15	1	16	2	18	3	19	5	19	6	18	6	16	7	13	9	9	12	6	15	4	17	3	18	1	18	0	17	0	16	1	14	3	11	6	7	8	4	10	2	12	1	14	0	15	0	15	
2:
29	0.118	9	3	10	4	12	6	14	8	15	9	15	11	14	14	12	16	11	17	11	18	12	19	12	19	11	20	9	20	8	19	8	17	8	16	7	16	5	17	3	17	1	16	0	14	0	11	0	8	1	5	3	3	6	2	8	2	9	3	9	3	
3:
33	0.637	18	10	18	9	17	7	16	4	14	1	11	-2	7	-4	4	-5	2	-5	1	-4	0	-3	0	-1	1	1	3	2	4	4	4	7	3	11	2	14	2	16	3	17	4	17	6	16	7	14	9	11	11	9	12	7	12	6	12	6	12	7	13	7	15	8	17	9	18	10	18	10	
4:
29	0.113	10	18	9	19	7	19	4	18	2	16	1	13	1	9	1	5	2	2	4	0	7	-1	11	-1	14	0	16	1	17	1	17	2	16	2	14	3	13	3	12	4	12	6	13	7	15	9	16	10	16	12	15	14	13	15	11	17	10	18	10	18	
5:
31	0.705	0	17	1	18	3	19	6	19	10	20	13	20	15	19	16	17	16	14	15	10	13	7	12	5	12	4	13	4	14	5	15	7	15	9	14	10	12	11	9	11	6	10	3	10	1	11	0	12	0	14	1	16	1	18	1	19	0	19	0	18	0	17	0	17	
6:
28	0.036	4	11	3	12	2	12	1	13	1	15	2	16	4	16	6	16	9	15	12	15	14	16	15	16	15	15	14	13	12	11	11	10	9	9	8	7	8	4	9	2	10	1	11	1	11	2	10	3	9	5	7	8	5	10	4	11	4	11	
7:
27	0.03	13	18	13	17	12	15	10	13	7	11	4	9	2	7	1	6	1	4	2	3	4	3	7	3	10	4	12	4	13	5	13	7	12	9	10	12	7	15	5	17	4	19	4	20	5	20	7	19	10	19	12	18	13	18	13	18	
8:
27	0.125	1	8	0	9	-1	11	-1	13	0	14	2	14	4	13	6	11	7	8	8	6	9	5	11	5	13	6	14	8	14	10	15	11	17	11	18	12	18	13	17	13	15	12	13	10	10	8	7	7	4	7	2	8	1	8	1	8	
9:
28	0.14	9	19	8	19	6	19	4	18	3	16	3	13	4	10	5	6	5	3	6	1	8	0	11	0	14	0	16	1	17	3	17	4	16	4	14	3	12	3	9	4	7	6	6	8	6	11	7	14	9	16	10	17	10	18	9	19	9	19	
10:
29	0.345	14	19	13	18	11	16	10	13	10	9	11	6	12	4	14	3	15	2	15	1	14	0	12	0	10	0	8	1	7	2	7	4	8	5	10	7	11	10	12	13	14	15	16	16	18	16	19	16	19	17	18	18	17	19	15	19	14	19	14	19	
11:
29	0.106	9	9	9	10	10	12	12	13	13	13	14	12	14	10	14	7	15	5	17	3	18	2	19	2	19	3	18	5	18	8	19	11	19	13	19	16	18	18	16	19	14	19	11	18	9	16	8	13	8	11	7	10	7	9	8	9	9	9	9	9	
12:
24	0.053	10	9	9	9	8	8	7	6	7	5	8	4	10	4	12	5	15	6	17	8	18	11	18	14	17	17	15	19	12	21	9	22	7	22	6	21	5	19	5	16	6	14	8	12	9	10	10	9	10	9	
13:
24	0.104	0	16	1	16	3	16	6	16	10	16	13	16	15	15	16	14	17	12	17	10	16	9	14	8	11	6	8	3	6	1	3	0	1	0	0	1	0	3	-1	6	-1	10	0	13	0	15	0	16	0	16	
14:
28	0.066	2	18	1	17	1	16	2	14	4	11	7	9	10	7	13	6	15	6	16	7	17	9	17	10	16	10	15	9	14	7	14	5	13	3	11	1	8	0	5	0	3	1	1	3	-1	5	-2	8	-2	12	-1	15	1	17	2	18	2	18	
15:
35	0.135	4	9	3	10	1	12	0	14	0	17	0	19	1	20	3	20	5	19	6	17	6	14	6	10	5	6	3	3	2	1	2	0	3	0	5	1	8	2	12	4	15	5	18	5	20	6	21	8	21	11	20	13	18	15	16	17	13	18	10	18	7	17	5	15	4	12	4	10	4	9	4	9	
16:
26	0.118	9	18	10	17	11	15	11	12	11	10	12	7	12	4	11	2	9	1	6	0	4	0	3	0	2	1	2	3	3	6	4	8	4	9	3	11	2	14	2	17	2	19	3	20	4	20	6	19	8	18	9	18	9	18	
17:
28	0.138	14	17	15	16	17	14	18	11	18	8	17	6	15	4	12	3	8	2	5	1	3	1	2	2	2	4	2	7	3	9	5	10	7	10	9	9	12	9	14	10	15	12	15	15	15	17	15	18	16	19	16	19	15	18	14	17	14	17	
18:
28	0.204	0	9	-1	10	-1	12	-1	13	0	13	2	12	5	10	8	7	12	5	15	4	17	4	18	4	18	5	17	7	15	8	12	8	9	7	7	5	5	3	4	1	4	0	5	0	5	1	4	3	3	5	1	6	0	8	0	9	0	9	
19:
31	0.094	4	11	3	10	2	8	2	5	1	3	1	1	2	-1	4	-2	7	-2	11	-2	14	-1	16	1	17	4	17	7	16	9	15	12	15	15	16	17	16	18	15	18	13	17	11	15	9	12	8	10	7	8	7	7	8	7	8	8	7	9	5	10	4	11	4	11	
20:
27	0.067	18	19	18	18	18	16	17	13	15	9	12	6	10	4	7	3	5	3	4	4	4	6	5	7	6	7	7	8	7	9	6	11	5	12	3	12	2	13	2	14	3	14	5	15	8	16	12	16	15	17	17	18	18	19	18	19	
21:
30	0.422	18	18	17	17	15	15	14	13	12	10	11	6	10	3	10	1	10	0	11	0	11	1	10	2	8	3	5	3	3	2	1	0	-1	-1	-2	-1	-2	0	-1	2	0	5	2	7	5	10	8	13	10	16	11	18	13	19	15	19	17	18	18	18	18	18	
22:
29	0.097	5	3	6	2	8	2	11	3	13	5	16	8	18	10	19	11	19	12	18	14	16	15	13	17	10	18	6	18	3	17	1	15	0	12	0	9	1	6	2	3	2	1	2	0	1	0	0	1	0	3	1	4	2	4	4	3	5	3	5	3	
23:
27	0.07	15	6	16	5	16	3	15	1	13	0	10	0	7	0	5	1	4	3	4	6	5	9	5	12	4	14	4	15	5	15	7	14	10	13	13	13	15	13	17	14	18	15	18	15	17	14	16	12	16	9	15	7	15	6	15	6	
24:
26	0.152	5	11	5	12	4	14	4	17	5	19	7	20	9	20	12	19	14	17	16	14	17	11	17	7	18	3	18	0	17	-2	15	-4	12	-5	8	-5	5	-4	3	-2	2	1	2	5	2	8	3	10	4	11	5	11	5	11	
25:
29	0.162	4	6	4	7	5	9	5	12	4	14	3	16	2	17	2	19	3	20	4	20	6	20	9	19	11	17	14	16	16	16	18	17	19	17	19	17	18	16	16	14	13	11	10	8	8	6	7	4	6	3	4	3	3	4	3	5	4	6	4	6	
26:
28	0.193	7	2	7	3	8	5	9	8	11	11	13	13	15	14	16	14	16	15	15	16	13	18	10	19	6	19	3	18	1	16	0	13	0	11	1	8	1	6	0	4	0	2	1	1	3	0	5	-1	7	-1	8	0	8	1	7	2	7	2	
27:
31	0.125	16	0	15	1	15	3	16	6	16	8	15	10	13	11	11	11	9	10	6	8	3	5	1	3	0	2	0	2	1	3	3	5	6	8	9	11	11	13	12	16	12	18	12	19	13	19	15	18	17	16	19	13	20	10	20	6	19	3	17	1	16	0	16	0	
28:
31	0.115	11	3	12	4	13	6	14	8	16	9	18	9	19	8	19	8	18	9	18	11	18	12	17	12	15	11	13	9	11	8	10	8	9	9	9	11	9	14	8	16	6	17	3	17	1	16	0	14	0	11	1	9	3	7	5	5	8	4	10	3	11	3	11	3	
29:
29	0.631	12	18	11	17	9	15	6	13	4	10	2	7	0	4	-1	2	-1	0	-1	-1	0	-1	2	0	3	2	3	5	4	7	6	8	8	8	11	9	13	10	15	10	16	11	16	11	15	10	13	10	12	11	11	13	11	15	11	17	12	18	12	18	
30:
26	0.146	16	7	17	8	18	10	19	11	19	11	18	11	16	12	14	13	12	15	11	17	11	18	11	18	11	17	10	17	8	16	5	14	3	11	2	8	2	6	3	5	5	5	8	6	11	7	13	7	15	7	16	7	16	7	
31:
28	0.08	7	13	8	12	10	10	12	7	15	4	17	2	18	0	18	-2	17	-3	15	-3	12	-3	8	-2	5	-1	3	1	1	4	0	8	0	12	1	15	3	17	4	18	6	18	8	18	10	17	11	15	11	13	10	12	8	12	7	13	7	13	
32:
25	0.066	18	3	17	3	16	2	14	0	12	-1	11	-1	11	0	12	2	12	3	11	5	9	7	6	8	3	10	1	12	0	14	0	15	1	15	3	14	6	14	10	13	13	11	15	9	17	6	18	4	18	3	18	3	
33:
22	0.026	18	9	17	10	15	12	14	14	12	16	9	17	6	17	4	16	3	15	3	13	4	10	4	7	3	4	2	2	2	1	3	1	5	2	8	4	12	6	15	8	17	9	18	9	18	9	
34:
31	0.308	18	1	17	1	15	0	12	-1	9	-1	7	0	4	2	2	5	1	8	1	10	2	11	4	11	7	10	11	10	14	11	16	13	17	16	17	19	16	21	14	22	11	22	9	21	8	19	8	17	9	16	11	14	14	11	16	7	17	4	18	2	18	1	18	1	
35:
27	0.109	8	3	7	2	6	1	4	0	3	0	3	1	3	3	3	6	3	10	3	13	4	15	6	16	9	16	13	15	17	15	20	15	22	14	23	12	24	9	24	6	23	3	21	1	18	0	14	0	11	1	9	2	8	3	8	3	
36:
26	0.088	8	14	9	13	9	11	8	8	8	4	9	1	11	-1	13	-2	15	-2	16	-1	16	1	15	4	13	7	10	9	6	10	3	10	1	11	0	13	0	16	1	18	3	19	6	19	8	18	9	17	9	15	8	14	8	14	
37:
30	0.141	18	9	18	8	18	6	18	3	18	1	17	0	16	0	15	1	13	3	11	4	9	4	6	5	4	7	3	10	3	12	4	13	5	13	7	12	10	11	12	9	14	8	15	8	16	9	17	10	18	12	18	13	17	13	17	12	17	10	18	9	18	9	
38:
27	0.057	19	14	18	13	16	11	13	8	10	6	8	3	6	1	3	0	1	0	0	1	0	3	1	4	3	5	6	7	8	9	10	11	11	12	11	14	10	15	9	15	9	16	10	16	11	17	13	17	16	16	18	15	19	14	19	14	
39:
26	0.128	3	15	4	14	6	14	9	15	12	17	15	18	17	18	18	17	18	15	18	12	17	10	16	7	14	5	12	4	11	4	10	5	9	6	8	8	6	10	4	11	2	11	1	12	1	14	1	15	2	15	3	15	3	15	
40:
31	0.274	0	12	1	13	3	15	5	17	8	18	12	18	15	17	17	15	19	13	20	12	20	11	19	11	17	12	14	14	12	15	10	16	9	16	9	15	9	13	9	10	8	6	7	3	7	1	7	0	8	0	8	1	7	3	5	6	3	9	1	11	0	12	0	12	
41:
26	0.092	8	11	7	10	5	10	3	10	2	10	2	11	3	12	5	12	7	11	8	9	8	6	8	3	8	1	9	0	11	0	14	1	17	1	19	2	20	4	20	6	19	9	17	11	14	12	11	12	9	11	8	11	8	11	
42:
27	0.186	14	2	14	3	13	5	13	8	14	11	16	13	18	14	19	15	19	17	18	18	16	18	13	18	9	18	5	18	2	17	0	15	-1	12	-1	10	-2	7	-2	4	-1	2	1	1	4	1	8	1	11	1	13	1	14	2	14	2	
43:
28	0.314	17	12	16	13	16	14	15	16	15	18	15	19	14	19	13	18	13	16	13	13	13	10	13	7	12	4	10	2	7	1	4	1	1	1	-1	2	-2	4	-2	6	-1	8	1	10	4	11	7	11	11	10	14	10	16	11	17	12	17	12	
44:
25	0.298	18	19	18	18	18	16	18	13	17	9	15	6	12	3	10	1	9	0	8	0	7	1	5	1	2	1	0	2	-1	4	-1	6	-1	9	0	11	2	12	5	14	8	16	12	17	15	17	17	18	18	19	18	19	
45:
26	0.061	1	14	1	15	2	16	4	16	7	16	9	16	12	16	14	15	15	13	15	10	14	7	13	4	11	2	8	1	6	1	5	2	5	4	6	6	6	9	5	11	4	13	2	14	1	14	1	13	1	13	1	14	1	14	
46:
30	0.061	7	2	6	3	5	5	4	7	4	10	5	14	6	17	8	19	11	20	13	20	14	19	14	17	13	16	12	15	10	15	8	14	7	12	7	10	8	7	8	4	9	2	11	1	13	1	14	2	14	4	13	5	11	5	9	4	8	3	7	2	7	2	
47:
34	0.148	4	8	5	7	6	5	7	2	9	0	12	-1	14	-1	15	0	15	2	14	5	13	9	12	13	12	16	12	18	13	19	15	19	17	18	18	16	18	14	17	12	15	11	12	11	8	10	5	8	3	6	2	4	2	3	1	3	1	4	0	6	0	8	1	9	3	9	4	8	4	8	
48:
29	0.147	10	13	11	12	13	10	16	8	18	6	19	5	19	5	18	6	16	6	13	5	11	3	9	1	8	0	7	0	7	1	6	3	4	6	2	10	1	13	0	16	0	18	1	19	3	19	6	18	8	16	10	15	11	15	11	14	10	13	10	13	
49:
32	0.196	3	8	4	9	6	11	9	12	11	13	14	13	16	12	17	10	18	8	19	7	20	7	21	8	21	10	20	13	18	15	15	16	11	16	8	16	4	16	1	15	-1	13	-2	10	-2	6	-1	3	1	1	4	0	6	0	7	1	7	3	6	5	4	7	3	8	3	8	
50:
27	0.119	14	14	15	13	17	11	18	9	18	8	17	8	15	9	12	10	8	11	5	11	2	11	0	11	-1	10	-1	8	0	7	2	6	4	6	5	7	5	9	6	11	7	14	9	16	12	17	14	17	15	16	15	15	14	14	14	14	
51:
28	0.03	18	4	17	5	16	7	14	8	12	8	11	8	11	9	12	10	12	12	12	15	11	17	9	18	6	19	3	20	1	20	0	19	0	17	1	15	3	13	6	10	9	6	12	3	15	1	17	0	18	0	19	1	19	3	18	4	18	4	
52:
24	0.105	4	11	5	12	7	14	10	15	12	15	14	14	15	12	15	10	14	8	13	7	12	5	10	4	8	4	6	5	3	5	1	5	0	6	0	8	0	10	1	12	3	13	4	13	4	12	4	11	4	11	
53:
25	0.077	16	1	17	2	17	4	16	7	16	9	17	11	17	14	16	16	14	17	11	18	8	18	5	17	3	15	2	14	2	13	3	13	4	12	6	10	9	8	11	5	12	3	12	1	13	0	15	0	16	1	16	1	
54:
27	0.064	3	6	4	7	5	8	7	10	10	11	13	11	16	11	18	10	19	10	19	11	18	12	16	14	14	15	13	15	13	14	13	13	13	11	12	8	12	5	13	3	13	1	12	0	11	0	9	1	6	3	4	5	3	6	3	6	
55:
29	0.166	14	7	13	8	11	10	9	11	7	12	6	12	6	11	6	9	6	6	7	3	7	1	8	0	8	0	7	1	5	3	3	5	1	6	0	8	0	9	1	11	1	13	2	15	4	16	7	16	10	15	12	13	13	10	13	8	14	7	14	7	
56:
30	0.429	8	4	9	5	11	5	14	5	17	5	19	5	20	4	20	2	19	1	17	1	16	2	14	4	11	6	8	9	5	11	3	13	2	16	2	18	2	19	1	19	-1	19	-2	18	-3	16	-3	13	-2	10	0	8	3	7	5	5	7	4	8	4	8	4	
57:
27	0.127	11	2	10	1	8	-1	5	-2	3	-2	2	-1	2	1	3	4	5	8	6	11	8	14	10	16	11	17	11	18	12	18	13	17	13	15	13	12	13	8	14	5	16	3	17	2	17	1	16	0	14	0	12	1	11	2	11	2	
58:
32	0.16	15	17	16	16	17	14	17	12	17	10	16	8	14	7	11	7	9	8	6	10	4	12	1	13	-1	13	-2	12	-2	10	-1	7	1	5	4	3	8	2	12	1	15	1	17	2	18	4	19	6	19	9	20	13	20	16	19	18	17	19	16	19	16	18	15	17	15	17	
59:
23	0.047	12	6	13	7	15	8	17	10	18	13	19	16	19	18	18	19	16	19	15	18	13	17	10	17	8	17	5	16	3	14	2	12	2	11	3	10	4	10	6	10	9	9	11	7	12	6	12	6	
60:
32	0.106	11	5	12	5	14	5	17	6	19	7	20	9	20	11	19	14	18	16	16	17	13	17	9	16	5	15	2	15	0	14	-1	12	-1	11	0	11	2	11	4	12	5	12	5	11	4	9	2	7	1	5	1	3	2	2	3	1	5	1	8	2	10	4	11	5	11	5	
61:
27	0.34	12	7	13	8	13	10	14	13	15	16	16	18	16	19	15	19	15	18	14	16	12	14	9	13	7	13	4	13	2	12	1	10	1	7	0	4	0	2	0	1	1	1	3	2	6	3	9	3	11	4	12	6	12	7	12	7	
62:
21	0.035	0	0	1	0	3	1	4	2	6	3	9	4	13	6	16	9	18	11	19	12	19	12	18	12	16	12	13	12	10	12	8	11	5	9	3	6	1	3	0	1	0	0	0	0	
63:
32	0.156	12	9	11	8	10	7	8	5	5	4	3	4	2	4	2	3	3	3	5	2	8	1	12	1	15	1	18	2	21	4	23	6	24	9	24	13	23	16	21	18	18	19	14	19	11	19	8	20	6	20	5	19	5	17	6	14	7	12	9	10	11	9	12	9	12	9	
64:
24	0.097	15	5	14	5	12	5	9	5	7	6	6	8	6	11	5	14	3	16	2	17	2	17	2	16	3	16	5	17	8	17	11	17	13	16	15	14	17	12	18	9	18	7	17	6	16	5	15	5	15	5	
65:
29	0.416	3	4	4	4	6	4	9	5	11	6	12	7	12	9	11	10	9	10	7	9	6	9	6	10	7	12	8	14	8	16	8	17	7	17	5	16	3	14	1	12	0	9	0	6	-1	3	-1	1	0	0	1	0	2	1	2	3	3	4	3	4	
66:
32	0.248	12	6	13	5	13	3	14	2	16	1	19	1	21	2	23	4	24	7	24	11	23	14	21	16	18	17	14	17	10	17	6	17	3	18	1	18	0	17	0	15	0	13	1	12	2	12	4	13	5	14	5	14	5	13	6	11	7	9	9	7	11	6	12	6	12	6	
67:
31	0.115	14	19	13	18	11	16	8	15	6	13	5	11	4	8	4	6	5	5	7	5	9	6	10	6	10	6	9	5	9	3	10	0	12	-2	15	-3	17	-3	18	-2	18	0	17	3	15	7	12	10	10	12	9	14	9	17	10	19	12	20	13	20	14	19	14	19	
68:
28	0.057	2	14	2	15	1	16	1	17	2	17	4	16	6	14	8	11	9	7	10	4	10	2	9	1	9	1	10	2	11	4	13	6	16	7	18	7	19	7	19	6	18	6	16	7	13	7	11	8	8	9	5	11	3	13	2	14	2	14	
69:
29	0.127	16	12	15	13	13	15	10	16	6	16	3	15	0	15	-2	14	-3	12	-3	10	-2	9	0	8	1	8	3	9	5	11	8	14	10	17	13	19	15	20	18	20	20	19	21	17	21	14	20	12	19	11	17	10	16	10	16	11	16	12	16	12	
70:
22	0.289	13	4	14	5	15	7	15	10	14	14	12	17	9	19	6	20	4	20	3	19	3	17	4	16	6	16	7	15	7	13	7	10	7	7	7	5	8	4	10	4	12	4	13	4	13	4	
71:
34	0.127	10	17	9	16	7	14	4	12	2	10	1	9	0	8	0	8	1	8	3	8	6	7	8	5	9	2	11	0	14	-1	16	-2	17	-2	18	-1	18	1	17	3	15	5	13	7	12	10	12	13	13	15	14	16	16	16	17	16	17	17	16	18	14	19	12	19	11	18	10	17	10	17	
72:
27	0.163	3	17	2	16	0	14	-2	11	-3	7	-3	4	-2	2	0	1	3	1	7	2	10	4	12	5	13	5	14	4	14	3	15	3	16	4	16	5	15	7	13	8	11	10	8	11	5	11	3	12	2	14	2	16	3	17	3	17	
73:
25	0.099	16	19	15	20	13	20	11	21	8	22	5	22	3	21	2	19	2	16	2	13	1	11	1	8	2	6	2	5	3	5	5	6	7	7	9	9	12	12	15	14	17	15	18	15	18	16	17	18	16	19	16	19	
74:
27	0.241	1	18	2	18	4	17	6	15	8	13	9	10	9	6	9	3	9	1	8	0	8	0	9	1	11	1	14	2	16	2	17	1	17	1	16	2	14	3	11	5	7	6	4	8	2	11	1	13	1	15	1	17	1	18	1	18	
75:
27	0.051	9	11	8	12	7	14	7	17	7	19	8	20	10	20	12	19	13	17	14	14	14	10	15	7	15	4	14	2	12	1	9	1	7	2	6	4	4	5	2	5	1	5	1	5	2	5	4	6	6	8	8	10	9	11	9	11	
76:
26	0.064	14	17	15	16	17	15	18	13	19	11	19	9	18	8	16	7	15	7	13	8	12	10	11	11	9	11	7	10	4	8	2	7	1	7	0	8	0	10	1	12	3	14	6	16	8	17	11	17	13	17	14	17	14	17	
77:
32	0.094	17	19	18	18	19	16	20	13	20	10	19	8	17	7	14	7	12	8	9	9	5	9	2	8	0	8	-1	9	-1	10	0	11	2	13	3	16	4	18	4	19	5	19	5	18	5	16	6	14	6	12	7	11	9	11	12	12	14	14	16	16	17	18	17	19	17	19	
78:
26	0.029	3	15	4	16	6	17	8	17	11	16	13	15	14	13	16	10	18	8	19	7	19	6	18	5	16	4	14	3	12	2	9	2	7	2	6	3	6	4	7	5	8	7	8	10	7	12	5	13	4	14	3	15	3	15	
79:
33	0.374	9	4	10	3	12	1	14	0	16	0	17	1	17	2	16	3	14	4	12	6	11	9	11	11	11	13	11	14	10	14	8	13	6	11	4	10	3	9	3	9	3	10	3	11	2	12	0	12	-1	11	-1	9	-1	7	0	6	2	6	5	6	7	6	8	5	9	4	9	4	
80:
25	0.079	7	0	8	0	9	1	11	3	14	5	16	7	17	8	17	9	16	9	14	8	12	8	11	9	11	10	11	10	10	9	8	8	5	8	3	9	2	9	2	8	3	6	4	4	5	2	6	1	7	0	7	0	
81:
27	0.2	17	18	17	17	18	16	19	14	19	11	18	7	16	4	13	2	11	1	10	1	10	2	9	4	9	5	8	5	6	4	5	3	3	3	2	4	2	6	3	9	4	12	6	14	8	15	11	15	14	16	16	17	17	18	17	18	
82:
23	0.141	3	16	2	15	1	13	1	11	2	9	4	8	6	8	9	9	13	10	16	12	18	15	19	17	19	19	18	20	16	20	14	19	12	17	11	15	9	14	8	14	6	15	4	16	3	16	3	16	
83:
26	0.133	16	8	17	9	18	9	18	10	17	11	15	11	13	10	11	9	10	7	9	4	8	2	6	0	3	-1	1	-1	0	0	-1	2	-1	5	0	7	2	8	5	8	9	7	12	6	14	6	15	6	15	7	16	8	16	8	
84:
25	0.059	10	6	10	5	9	4	9	3	8	3	6	2	3	1	1	0	0	0	0	1	1	3	3	6	6	9	9	11	12	13	14	14	15	14	17	14	18	14	18	13	17	11	15	10	13	9	11	7	10	6	10	6	
85:
31	0.192	10	16	11	16	13	16	16	17	18	17	19	16	19	16	18	16	16	15	14	14	12	12	10	9	9	6	9	3	8	1	6	0	5	0	5	1	6	3	7	6	7	9	6	11	4	12	2	14	1	16	1	17	2	17	4	16	7	16	9	16	10	16	10	16	
86:
28	0.084	6	4	5	4	3	5	2	7	1	9	1	10	2	10	4	11	6	13	7	15	7	16	6	16	6	15	7	13	9	12	12	12	15	12	17	13	18	13	18	12	17	10	17	7	16	5	14	4	12	3	9	3	7	3	6	4	6	4	
87:
29	0.193	9	13	10	12	12	10	14	8	15	6	17	5	18	5	18	6	17	6	15	5	12	4	9	4	7	3	6	1	5	0	4	0	4	1	5	3	7	5	9	8	10	12	10	15	11	17	11	18	12	18	12	17	11	16	10	14	9	13	9	13	
88:
29	0.194	15	5	16	6	17	8	18	11	18	14	17	16	15	17	13	17	11	16	10	14	10	11	11	9	12	7	12	5	11	4	9	4	7	4	4	4	2	3	1	3	1	2	2	0	4	-1	7	-1	10	-1	12	0	14	2	15	4	15	5	15	5	
89:
30	0.145	6	2	5	2	3	3	1	5	0	7	0	10	0	13	1	15	3	16	6	16	9	15	13	14	16	12	18	9	19	6	19	4	18	2	16	1	14	1	12	2	9	4	6	7	4	9	3	10	2	10	2	9	3	7	4	5	5	3	6	2	6	2	
90:
24	0.046	2	8	3	9	5	11	8	14	11	17	14	19	16	20	17	20	17	19	17	17	16	15	15	12	15	9	16	7	17	5	18	4	18	4	17	3	15	3	12	3	8	4	5	5	3	7	2	8	2	8	
91:
29	0.122	19	13	18	14	16	15	14	17	12	18	9	18	5	17	2	16	0	15	-1	13	-1	11	0	10	2	9	5	9	8	8	11	6	13	4	14	2	14	1	13	1	12	2	11	4	10	7	10	10	11	12	13	13	16	13	18	13	19	13	19	13	
92:
23	0.039	15	19	14	18	12	17	11	15	11	12	11	10	12	9	14	9	15	8	17	7	18	5	18	3	19	2	19	2	19	3	18	5	16	8	14	12	13	15	13	17	14	18	15	18	15	19	15	19	
93:
26	0.081	4	4	5	5	7	6	10	6	13	6	15	7	17	7	18	7	18	6	17	6	15	7	14	9	14	12	13	14	12	15	10	15	9	14	8	13	8	11	9	9	9	8	8	8	6	8	5	7	4	5	4	4	4	4	
94:
29	0.034	13	16	12	17	10	19	7	20	5	20	4	19	3	17	3	14	4	10	6	7	8	5	9	4	9	3	8	2	6	1	5	1	5	2	6	4	8	7	10	9	13	10	16	10	18	10	19	11	19	12	18	13	16	14	14	15	13	16	13	16	
95:
31	0.115	16	0	15	0	13	0	10	1	8	2	6	4	5	6	5	9	5	11	6	12	8	14	11	15	14	16	16	17	17	17	17	16	16	14	14	11	12	8	11	6	11	5	12	5	14	6	17	6	19	5	20	5	20	5	19	4	17	2	16	1	16	0	16	0	
96:
30	0.058	12	0	11	1	9	3	6	4	4	6	2	8	1	9	0	9	0	8	1	7	2	7	4	7	5	8	5	10	4	12	3	14	2	16	2	17	3	17	5	16	8	14	12	12	15	11	17	9	18	7	18	6	17	5	15	3	13	1	12	0	12	0	
97:
34	0.246	0	14	1	13	3	11	6	8	9	6	13	5	16	5	18	6	19	7	19	9	18	12	16	14	14	17	13	19	13	20	14	20	15	19	15	17	16	14	16	10	15	6	13	3	11	1	9	0	7	0	6	1	5	3	5	6	4	9	3	12	3	14	2	15	1	15	0	14	0	14	
98:
29	0.605	1	3	2	2	4	1	7	0	9	0	11	1	13	3	15	6	17	8	19	10	20	11	20	12	19	14	17	15	14	16	10	16	6	15	3	15	1	16	0	18	0	19	1	19	1	18	1	16	1	13	1	9	0	6	0	4	1	3	1	3	
99:
30	0.077	12	4	11	5	11	7	10	9	8	11	5	12	3	12	2	11	2	9	3	6	5	3	8	1	11	0	13	0	14	1	14	3	14	5	14	8	14	12	15	15	15	17	14	18	12	18	11	17	11	15	12	13	13	10	13	7	13	5	12	4	12	4	