0:
68	24.593	78	85	79	86	81	88	84	89	87	91	91	92	95	92	98	92	100	91	101	89	101	86	100	82	98	77	95	73	91	68	88	62	86	55	85	47	85	40	84	33	83	27	81	22	80	18	79	15	79	13	80	12	82	12	83	13	83	15	82	18	80	22	77	27	74	33	70	40	65	47	59	53	52	58	45	62	38	65	32	67	27	68	23	68	20	67	18	65	17	63	17	61	18	60	20	58	23	57	27	57	32	58	38	60	44	62	51	65	59	69	66	73	72	76	77	78	81	79	84	79	86	80	87	82	87	84	86	85	84	85	81	84	79	84	78	85	78	85	
1:
67	6.882	39	41	40	42	41	44	42	47	44	51	47	55	49	60	50	65	51	69	52	72	53	74	53	75	52	75	50	74	47	72	43	69	38	65	34	61	31	58	28	55	24	53	19	52	15	52	12	53	10	55	9	58	9	62	10	66	12	71	15	77	19	83	24	88	30	92	35	95	39	97	42	98	45	98	48	97	52	95	56	92	59	88	62	83	64	77	67	70	70	63	74	55	79	47	83	40	86	34	88	29	90	25	91	22	91	20	90	19	88	19	85	19	81	19	76	20	70	22	63	25	57	28	52	32	48	35	45	38	42	40	40	41	39	41	39	41	
2:
49	0.54	63	46	64	47	64	49	65	52	65	56	66	61	67	67	68	73	68	79	67	84	65	88	62	91	58	93	53	94	47	94	41	93	35	92	30	90	25	87	21	83	17	78	14	72	11	65	9	57	8	48	8	39	9	31	11	24	14	18	18	13	23	9	27	6	30	4	34	3	39	3	45	4	51	6	56	9	60	11	64	13	67	16	69	20	70	25	70	31	69	36	67	40	65	43	64	45	63	46	63	46	
3:
67	2.984	35	22	34	23	32	23	29	23	25	23	20	24	16	26	13	29	11	33	10	38	10	44	11	51	13	57	16	64	19	71	23	77	28	83	34	88	41	92	49	95	57	97	65	98	72	98	78	97	83	97	87	96	90	95	92	93	93	90	93	86	92	82	90	79	87	76	83	73	80	70	77	68	75	67	74	65	74	62	75	58	77	53	80	47	82	40	83	33	83	26	82	20	80	15	77	11	74	8	70	6	65	5	59	5	52	6	45	8	39	11	34	15	30	20	27	24	25	27	24	29	24	30	25	30	27	29	30	27	32	25	34	23	35	22	35	22	
4:
69	20.346	44	54	45	53	47	51	50	48	54	44	59	41	64	39	70	38	75	38	79	39	82	41	84	43	85	44	85	44	84	43	83	41	83	38	84	35	86	33	89	32	92	31	94	29	96	26	97	24	97	23	96	22	94	21	91	21	87	22	82	23	76	23	69	22	61	20	52	17	43	13	35	9	28	6	22	4	17	2	13	1	10	1	8	2	7	4	7	7	8	11	10	15	13	18	17	22	22	27	26	33	29	40	31	48	32	55	32	61	31	66	29	70	27	73	26	75	25	76	25	76	26	75	28	73	30	70	33	66	37	63	40	60	42	57	43	55	44	54	44	54	
5:
76	4.986	66	82	67	81	69	79	72	76	76	74	80	73	84	72	87	72	89	73	90	74	90	76	89	77	87	77	84	76	80	74	76	72	73	69	71	65	70	60	70	54	70	49	71	45	73	42	76	40	78	39	79	39	79	40	79	42	78	45	76	48	75	52	73	56	70	59	66	61	61	62	56	62	51	61	46	59	40	56	35	52	31	47	27	41	23	34	20	28	18	23	17	19	15	16	13	14	12	13	11	13	11	14	10	16	10	19	10	22	10	26	11	31	13	37	15	44	16	52	16	60	16	68	17	75	19	81	22	86	26	90	31	93	37	95	43	96	49	96	54	95	58	93	61	90	63	87	64	85	65	83	66	82	66	82	
6:
67	31.536	22	10	21	11	19	13	16	16	12	20	8	25	5	29	3	34	1	38	0	41	0	43	1	44	3	45	6	47	9	49	11	52	12	54	12	55	11	55	11	54	12	52	14	49	17	45	21	40	26	34	32	28	38	23	45	19	53	16	62	14	71	13	79	13	86	14	92	16	97	19	101	23	104	28	106	34	107	40	107	45	107	49	106	52	104	55	101	57	97	58	94	58	92	57	89	55	86	52	83	49	79	46	74	44	68	43	61	43	54	44	46	44	39	43	33	41	28	38	24	34	21	29	19	24	18	20	18	16	19	13	21	11	22	10	22	10	
7:
70	47.674	47	20	46	21	46	23	47	26	49	30	50	35	50	40	51	46	53	53	55	59	58	64	62	68	67	72	71	75	75	77	78	78	82	78	86	77	89	75	91	74	92	74	92	75	91	77	89	80	86	84	82	88	77	91	72	93	68	94	65	94	63	93	60	91	57	88	53	86	48	85	42	85	35	85	27	86	18	86	10	85	3	84	-3	82	-9	79	-14	75	-18	70	-21	64	-23	57	-24	49	-24	42	-23	34	-21	27	-18	20	-14	14	-9	9	-3	5	2	2	8	0	15	-1	23	-1	30	0	36	2	41	5	45	9	48	13	50	16	51	18	51	20	50	21	48	21	47	20	47	20	
8:
73	6.55	25	29	25	30	24	32	24	35	25	39	26	44	26	50	25	55	24	61	23	67	23	72	24	76	26	79	28	81	31	82	35	82	39	81	43	79	48	78	54	76	59	75	63	75	66	75	68	76	69	78	69	81	68	85	66	89	63	92	59	94	54	96	48	97	41	97	33	96	25	94	18	91	12	87	7	82	3	76	0	69	-2	61	-3	53	-3	45	-2	38	0	32	3	27	7	23	12	20	18	18	25	16	32	15	40	13	47	10	53	8	58	7	62	6	65	6	67	7	68	9	68	12	67	16	66	19	64	21	61	22	57	23	52	25	46	27	40	28	35	28	31	29	28	29	26	29	25	29	25	29	
9:
62	7.608	83	74	82	75	80	77	79	79	79	82	80	86	82	90	85	93	89	95	92	96	94	96	95	95	95	93	95	90	94	86	92	81	89	75	85	68	80	60	74	53	67	47	59	42	51	38	43	35	36	33	30	32	24	32	19	31	15	29	12	28	10	28	9	29	9	31	10	32	12	32	15	31	19	29	22	26	24	22	26	17	27	13	29	9	32	6	36	4	41	3	47	3	54	4	62	6	69	9	75	13	80	18	84	24	87	31	89	39	90	46	90	53	89	59	88	64	86	68	85	71	84	73	83	74	83	74	
10:
64	2.648	97	64	96	63	94	61	91	58	87	54	83	50	78	46	72	43	65	39	58	34	52	28	47	23	43	19	39	16	36	14	34	13	32	13	31	14	31	16	32	19	34	23	37	28	39	34	40	41	40	48	39	56	37	64	34	71	30	77	27	82	23	86	19	89	14	91	10	92	7	92	5	91	4	89	4	86	5	82	6	77	8	71	11	65	15	60	20	56	26	53	33	51	40	50	48	50	55	50	61	51	66	53	70	56	75	60	79	64	82	67	84	69	85	71	87	72	88	72	90	71	92	69	94	67	96	65	97	64	97	64	
11:
71	58.793	47	69	46	70	44	72	41	75	38	79	36	82	35	85	34	88	34	90	34	91	35	91	36	90	38	88	39	85	39	81	38	76	36	71	33	65	29	59	24	54	18	50	13	47	9	45	6	44	4	44	3	43	3	41	4	38	6	36	9	33	13	31	18	30	24	30	31	31	39	32	48	33	57	34	65	34	72	33	78	31	83	28	87	24	90	19	92	13	93	6	93	0	92	-5	90	-9	87	-12	83	-14	78	-15	72	-15	66	-15	61	-14	57	-12	54	-9	52	-5	50	0	49	6	49	13	50	21	52	30	54	38	55	45	55	51	54	56	52	60	51	63	50	66	48	68	47	69	47	69	
12:
66	7.172	35	64	36	65	38	67	41	70	45	74	50	79	56	83	63	87	70	90	76	92	81	93	85	93	88	92	91	92	93	91	94	89	94	86	93	82	91	77	88	72	84	67	79	62	73	57	66	52	58	46	49	40	40	33	32	26	25	20	19	15	14	11	10	8	7	5	5	3	4	2	4	2	5	3	7	5	10	8	14	12	19	16	25	21	31	27	38	34	44	41	49	48	53	54	56	60	58	65	59	69	59	72	58	76	57	79	56	81	55	82	54	82	54	81	54	79	53	76	51	72	48	69	44	66	41	64	38	63	36	63	35	64	35	64	
13:
70	11.346	21	9	22	10	22	12	22	15	21	19	19	24	18	30	18	37	18	43	17	49	15	56	12	64	8	71	5	77	3	82	2	86	2	89	3	91	5	92	8	92	12	91	17	89	23	88	28	88	33	89	37	90	40	90	42	89	43	87	43	84	42	80	40	75	37	69	34	64	32	60	30	57	29	55	29	54	30	54	32	55	35	57	39	60	44	64	50	68	57	71	63	73	70	74	76	74	81	73	85	71	88	68	90	64	91	59	91	53	90	46	88	38	85	30	81	23	76	17	70	12	63	8	55	5	48	3	42	2	36	2	31	3	27	4	24	6	22	8	21	9	21	9	
14:
68	16.206	9	80	10	81	12	83	15	86	19	89	24	91	30	92	36	92	41	91	45	89	48	86	50	82	51	77	53	71	56	65	59	59	63	52	68	44	74	36	80	29	85	22	89	16	92	11	94	7	95	4	95	2	94	1	92	1	89	1	85	2	82	4	78	7	73	11	68	16	62	21	55	25	49	28	44	30	40	31	37	31	35	30	34	28	34	25	35	21	36	16	36	11	35	7	33	4	30	2	26	1	22	1	18	2	15	4	12	7	8	11	5	16	3	22	2	29	2	37	3	45	4	52	6	59	7	65	7	70	7	74	7	77	8	79	9	80	9	80	
15:
67	8.794	4	28	3	29	2	31	2	34	3	38	3	43	2	49	2	56	2	63	2	70	3	77	3	83	3	88	4	92	6	95	9	97	12	98	16	98	21	97	27	95	33	92	40	88	47	83	55	77	63	70	71	62	78	53	84	45	89	38	93	32	96	26	98	21	99	17	99	14	98	12	96	11	93	11	89	12	86	13	84	13	82	12	81	10	80	8	79	7	77	6	76	6	76	7	75	9	73	12	70	16	67	21	63	27	58	33	52	38	45	42	37	45	30	47	23	48	17	48	12	47	8	45	5	42	3	38	2	34	2	31	3	29	4	28	4	28	
16:
70	5.571	87	53	88	54	89	56	89	59	88	63	86	68	83	74	79	81	75	87	72	92	68	96	63	99	57	101	50	102	44	102	38	101	33	99	29	96	26	94	24	92	23	90	23	87	24	83	26	78	29	73	33	69	38	64	43	60	47	55	50	49	52	44	53	39	53	34	52	29	50	25	47	22	43	20	38	19	32	19	27	20	23	22	20	25	18	29	15	33	11	36	7	38	4	39	2	39	1	38	1	36	2	33	4	30	7	26	11	22	16	19	22	17	29	16	37	16	45	17	52	19	58	22	64	26	69	31	74	37	78	42	81	46	84	49	86	51	87	52	87	53	87	53	
17:
73	13.777	96	28	95	27	93	25	90	22	86	20	82	19	77	18	71	18	64	18	56	17	47	16	38	16	30	16	23	15	17	14	12	14	8	15	5	17	3	20	2	23	2	27	3	32	5	38	8	43	12	49	17	54	23	58	30	62	38	66	45	71	51	77	56	83	60	88	63	92	65	95	66	97	66	100	65	102	63	103	60	103	56	102	51	100	46	97	42	93	37	88	33	82	30	75	28	67	27	60	27	53	28	47	30	42	33	38	37	35	42	33	48	32	55	32	61	33	66	35	71	38	77	42	82	45	87	47	92	48	96	48	99	47	101	45	102	42	102	38	101	34	99	31	97	29	96	28	96	28	
18:
86	32.151	29	15	28	14	27	12	26	9	24	5	21	2	17	0	12	-1	7	-1	3	0	0	2	-3	5	-5	9	-6	14	-6	20	-5	26	-4	33	-2	39	1	44	5	48	10	51	14	53	17	54	20	54	22	53	25	51	29	48	34	45	40	43	46	42	53	42	61	43	68	45	74	48	79	52	83	57	86	63	88	70	89	77	89	83	88	88	86	92	83	95	79	97	74	98	70	98	67	97	65	95	64	92	64	88	65	83	67	77	70	70	74	62	78	54	82	46	87	37	91	29	94	22	96	16	97	11	97	7	96	4	94	2	91	1	89	1	86	2	83	4	81	7	80	11	79	15	77	20	74	25	70	29	65	32	61	34	56	35	51	35	47	34	44	32	42	29	39	25	35	21	32	18	30	16	29	15	29	15	
19:
66	10.447	96	43	95	44	93	45	90	47	86	48	81	49	75	49	68	48	60	48	53	49	47	51	42	54	38	58	35	62	33	65	32	67	32	68	31	68	30	67	30	65	31	62	33	60	36	59	40	59	43	60	46	62	50	65	55	69	60	74	64	79	67	83	70	86	72	88	73	89	73	89	73	88	73	86	74	83	76	79	79	74	83	68	88	61	92	53	95	45	97	38	98	31	98	24	97	18	95	13	92	9	88	6	84	4	80	3	77	3	75	4	74	6	74	9	75	13	77	18	80	24	84	29	88	33	91	37	93	40	95	42	96	43	96	43	
20:
63	11.557	92	78	91	79	89	80	86	82	82	84	77	87	71	89	66	90	60	90	55	89	50	87	46	84	43	80	41	75	40	69	40	62	41	55	43	48	45	42	47	37	48	33	48	30	47	28	45	27	42	26	39	24	35	21	30	17	26	14	23	11	21	9	19	8	17	8	16	9	16	11	16	14	17	18	18	23	18	29	18	36	17	44	17	53	17	62	18	70	19	77	20	83	22	88	25	92	29	95	34	97	40	98	46	98	51	97	55	95	60	92	65	88	71	84	77	81	82	79	86	78	89	77	91	77	92	78	92	78	
21:
62	6.526	87	63	86	63	84	63	81	63	77	62	73	60	68	57	62	55	55	54	48	54	40	55	33	57	27	60	21	64	16	69	12	75	8	80	5	84	3	87	2	89	2	90	3	90	5	89	8	87	10	84	11	80	13	75	16	69	18	62	20	54	22	46	24	38	25	31	26	25	26	20	27	16	29	13	32	10	36	7	41	5	47	4	53	4	60	3	68	2	75	2	81	3	86	5	90	8	93	12	95	17	96	22	96	28	96	35	96	42	97	48	97	53	96	57	95	60	93	62	90	63	88	63	87	63	87	63	
22:
67	2.957	81	42	80	43	78	45	75	47	71	48	66	48	62	47	59	45	56	42	52	40	47	39	41	39	34	40	27	42	21	44	16	47	12	51	9	54	7	56	6	57	6	57	7	56	9	54	12	51	16	47	21	42	27	38	32	35	36	33	39	31	42	29	44	27	45	26	45	24	44	22	42	19	40	15	39	10	39	5	40	0	42	-4	45	-7	48	-9	52	-10	57	-10	63	-9	70	-7	77	-4	83	0	88	5	92	11	95	18	98	26	100	33	101	39	102	44	102	48	101	51	100	53	98	54	95	54	93	53	90	51	87	48	84	45	82	43	81	42	81	42	
23:
63	0.569	81	83	80	82	79	80	78	77	78	74	79	70	81	65	84	59	87	53	89	47	90	40	90	34	89	29	87	25	85	22	82	20	78	19	73	19	67	20	61	22	54	25	46	29	39	34	33	39	28	44	24	50	21	55	19	59	17	62	16	64	16	65	17	65	18	64	20	62	23	59	27	55	32	50	38	46	44	43	50	41	55	40	59	40	62	41	64	43	65	46	65	50	64	55	62	61	59	67	56	74	54	80	53	85	53	89	54	92	56	94	59	95	62	95	66	94	71	92	75	89	78	86	80	84	81	83	81	83	
24:
73	175.488	94	59	93	60	91	61	88	63	84	66	79	69	73	72	66	76	59	81	51	85	42	89	34	92	27	94	21	95	16	95	12	94	9	92	7	89	6	85	6	80	7	74	9	67	12	59	16	50	21	40	27	31	34	23	42	16	50	10	57	5	63	1	68	-2	72	-4	75	-5	77	-5	78	-4	78	-2	77	1	75	5	72	9	69	13	65	16	61	18	56	19	50	20	43	22	36	23	29	24	23	24	18	25	14	27	11	30	9	32	8	35	8	37	9	38	11	38	14	38	18	38	23	39	29	41	36	43	43	45	50	46	58	48	66	51	73	55	79	58	84	60	88	61	91	61	93	60	94	59	94	59	
25:
70	7.735	94	86	95	85	97	83	100	80	102	76	103	72	103	68	102	64	100	59	97	54	93	48	88	42	82	37	75	32	67	27	59	23	51	20	44	18	38	17	32	17	27	18	23	20	19	23	16	26	13	30	9	35	6	41	4	48	2	56	1	64	0	71	-1	77	-2	82	-2	86	-1	89	1	91	4	92	8	92	12	91	17	89	23	86	29	82	34	77	39	71	43	64	46	57	48	51	49	46	51	42	52	39	52	37	51	36	49	36	47	37	46	38	46	40	47	43	49	47	52	52	56	58	61	64	67	69	73	73	78	76	83	79	87	81	90	83	92	85	93	86	94	86	94	86	
26:
66	92.071	77	93	76	94	74	96	71	99	67	101	62	104	56	106	49	107	42	107	36	106	31	104	26	101	22	97	19	92	16	86	12	81	9	76	6	72	3	69	1	67	0	66	0	66	1	67	3	69	6	71	10	72	15	72	21	71	28	69	35	66	41	63	46	59	50	55	53	50	55	44	56	37	56	30	56	24	57	19	59	15	62	12	64	10	65	9	65	9	64	10	62	12	61	15	61	19	62	24	64	30	67	35	71	39	76	43	81	48	85	54	88	59	90	63	91	67	91	72	90	78	88	83	86	87	83	90	80	92	78	93	77	93	77	93	
27:
57	3.587	98	38	97	39	95	41	93	44	90	48	86	53	83	59	79	66	74	73	70	79	67	84	65	89	64	93	63	96	62	98	60	99	57	99	54	98	50	96	45	93	40	89	36	84	33	78	31	71	30	63	30	55	31	48	31	42	31	37	31	33	30	30	30	28	29	27	27	27	26	28	26	30	27	33	29	37	32	42	36	48	41	53	46	57	52	60	59	62	67	63	74	63	80	63	86	62	91	60	95	58	98	55	100	51	101	48	101	44	100	41	99	39	98	38	98	38	
28:
72	3.993	68	24	67	23	65	22	62	20	59	17	56	15	53	14	51	14	50	15	50	16	51	18	53	21	56	25	60	30	65	36	70	41	75	45	79	50	82	56	84	62	85	68	85	75	84	81	82	86	79	90	75	93	70	95	64	96	57	96	49	95	41	93	34	91	28	88	22	84	16	79	11	73	7	67	4	60	2	52	1	43	1	35	2	27	4	20	7	14	11	9	15	5	20	2	26	0	33	-1	40	-2	48	-2	56	-1	64	1	71	4	77	8	82	13	86	18	90	22	93	25	95	27	96	28	96	29	95	30	93	32	90	33	86	33	81	32	77	30	74	27	71	25	69	24	68	24	68	24	
29:
68	2.833	37	65	38	64	40	63	43	61	47	59	52	57	58	56	65	55	72	55	79	56	85	58	90	61	94	65	97	69	99	74	100	80	101	85	101	89	100	92	98	94	95	95	91	95	86	94	82	92	79	89	77	85	76	80	76	74	77	67	79	60	82	54	86	48	89	42	91	37	92	33	92	30	91	28	89	27	86	27	82	28	78	30	73	32	67	35	60	38	52	41	43	43	34	45	26	47	19	50	13	54	8	58	4	61	1	64	-1	67	-2	71	-2	75	-1	78	1	80	4	81	8	81	13	81	19	80	24	78	28	75	31	71	34	68	36	66	37	65	37	65	
30:
67	3.756	67	29	68	30	70	32	73	34	77	35	82	35	87	34	91	32	94	29	97	25	99	21	100	18	100	15	99	13	97	12	94	12	90	13	87	15	85	18	84	22	84	27	85	33	87	40	90	48	94	57	97	65	99	72	100	78	100	84	99	89	97	93	94	96	90	99	85	101	79	102	72	102	66	101	60	99	53	98	46	96	40	93	35	89	31	84	28	78	26	71	25	64	25	58	26	51	27	43	29	36	32	29	36	23	41	18	46	14	50	11	53	9	56	8	58	8	59	9	61	11	62	14	62	18	63	22	65	25	66	27	67	28	67	29	67	29	
31:
55	16.337	90	96	89	97	87	98	84	100	80	102	75	103	69	104	62	106	55	107	48	107	42	106	37	104	33	102	30	101	28	99	27	98	27	96	28	94	30	91	33	87	37	82	40	76	42	69	43	61	43	54	42	47	42	41	43	36	45	32	47	28	50	24	54	21	57	19	59	18	60	18	60	19	61	21	63	23	66	26	69	30	73	33	78	35	84	38	89	42	93	47	96	53	98	60	99	68	99	75	98	81	96	86	93	90	91	93	90	95	90	96	90	96	
32:
57	1.695	97	74	96	75	95	77	93	80	90	82	86	83	83	83	81	82	80	80	80	77	81	73	83	68	86	62	88	55	89	47	89	40	88	33	86	26	83	20	79	15	74	11	68	8	62	6	57	5	52	5	48	6	45	7	43	9	42	12	42	14	43	17	45	21	48	26	51	32	53	39	54	47	54	55	53	62	53	68	52	75	50	81	49	86	48	90	48	93	49	95	51	96	54	96	58	96	63	95	69	93	76	91	82	88	87	84	91	80	94	77	96	75	97	74	97	74	
33:
57	4.023	55	69	56	70	58	70	61	69	65	67	70	64	76	62	81	59	85	55	88	50	90	44	91	37	91	29	90	22	88	15	85	9	81	4	76	0	70	-3	63	-5	55	-6	46	-6	38	-5	31	-3	25	0	20	3	16	7	13	12	11	17	10	23	9	29	9	34	8	38	8	41	9	43	11	45	14	46	18	46	21	45	25	43	30	41	36	39	41	38	45	36	50	35	54	35	57	36	59	38	60	41	60	45	59	50	57	55	55	59	54	63	54	66	55	68	55	69	55	69	
34:
71	73.44	56	60	57	61	59	63	62	66	66	69	71	73	76	77	82	80	87	82	91	83	94	83	96	82	97	80	97	77	96	75	94	73	91	72	87	72	82	73	76	73	69	73	61	72	52	72	42	72	33	71	25	71	18	72	12	72	7	73	3	75	0	78	-2	82	-3	86	-3	89	-2	91	0	93	3	94	7	94	12	93	17	91	21	88	24	84	26	79	28	73	29	66	29	58	30	50	31	41	32	33	32	26	31	20	31	15	31	11	31	8	31	6	30	5	29	5	29	6	30	8	32	11	35	15	39	20	44	26	48	33	52	39	55	45	57	50	58	54	58	57	57	59	56	60	56	60	
35:
73	19.099	15	96	16	95	18	95	21	94	25	92	30	89	35	87	41	84	48	81	55	79	61	78	66	78	70	78	73	79	75	80	76	81	76	82	75	82	73	81	70	79	66	76	61	72	55	67	48	61	40	54	33	46	27	38	22	31	18	25	14	20	11	15	9	11	8	8	8	6	9	5	11	5	14	6	18	8	23	11	29	14	36	18	44	23	52	27	61	30	69	32	76	34	82	37	87	40	91	42	94	44	96	46	97	48	97	51	96	55	94	58	91	61	87	65	83	69	78	72	72	74	66	75	59	76	51	77	43	77	36	77	30	78	25	80	21	83	18	86	16	90	15	93	15	95	15	96	15	96	
36:
53	5.641	27	23	28	22	30	20	33	18	37	17	42	17	48	17	55	17	63	18	70	20	76	22	81	25	85	29	88	34	90	40	91	46	91	51	90	55	88	59	86	64	84	70	83	75	83	79	84	83	84	86	83	88	83	89	84	89	84	88	83	86	81	83	79	79	76	75	72	72	67	70	61	68	54	67	46	67	39	66	33	64	28	61	24	57	21	52	19	46	17	40	16	35	16	31	17	28	19	25	21	23	24	22	26	22	27	23	27	23	
37:
68	0.982	87	17	86	18	85	20	84	23	82	27	79	32	77	36	74	39	70	41	65	42	59	42	52	41	46	39	40	37	35	34	31	30	28	25	26	21	23	18	19	16	15	15	10	15	6	16	3	18	1	21	0	25	-1	30	-1	36	0	42	2	48	5	55	9	61	14	67	20	73	27	80	35	86	44	91	52	95	59	98	65	100	70	101	74	101	77	100	79	98	80	95	80	92	79	89	77	85	74	81	70	76	66	70	61	63	57	55	54	46	52	38	51	31	51	25	52	20	54	16	57	13	61	11	66	10	72	10	77	11	81	13	84	15	86	16	87	17	87	17	
38:
68	21.745	6	33	6	32	7	30	8	27	10	23	13	18	17	13	20	9	22	5	23	2	25	0	26	-1	28	-1	31	0	34	2	38	5	43	9	49	12	56	14	63	16	69	19	76	21	82	24	87	28	91	31	94	33	96	34	97	34	97	35	96	36	94	36	91	36	87	36	82	37	76	39	69	42	61	46	52	49	44	53	37	56	31	60	26	63	22	67	19	72	17	77	16	83	16	88	17	92	19	95	21	97	24	98	27	98	29	97	30	96	30	94	29	91	27	87	24	82	20	76	15	69	11	61	8	54	6	48	5	43	4	39	4	36	5	34	6	33	6	33	
39:
66	3.844	24	74	23	73	21	71	18	68	16	64	15	61	15	57	16	52	18	47	21	41	25	34	30	28	36	23	43	18	51	14	59	9	67	5	74	2	80	0	85	-1	89	-1	92	0	94	2	95	5	95	9	94	14	92	20	89	25	85	29	82	32	79	34	77	35	76	35	76	34	77	33	79	32	82	31	86	31	89	32	91	34	92	37	92	41	92	46	91	52	91	58	91	64	92	69	94	73	95	76	95	78	94	79	92	80	89	82	85	84	80	86	74	87	67	87	60	86	52	84	45	83	39	82	34	81	30	79	27	77	25	75	24	74	24	74	
40:
59	3.141	66	8	67	9	68	11	69	14	71	18	73	23	76	28	78	34	79	41	79	49	79	57	80	64	81	70	81	75	80	79	78	82	75	84	71	85	66	85	60	84	53	82	46	79	40	75	35	70	30	64	26	59	23	53	21	47	20	40	20	34	21	29	23	25	26	22	30	20	35	19	40	19	46	19	53	20	60	21	66	22	71	22	75	21	78	19	80	16	81	14	81	13	80	13	78	13	75	14	73	16	71	18	70	19	70	19	71	18	71	16	70	13	69	11	67	9	66	8	66	8	
41:
63	2.396	50	20	50	19	49	17	47	14	44	11	41	9	37	8	32	8	27	9	22	10	18	12	15	15	12	19	10	23	9	28	9	34	10	41	12	48	15	55	19	62	24	68	30	73	37	77	45	81	54	84	63	86	71	87	78	87	84	86	89	84	93	81	96	77	98	72	99	66	99	61	98	55	96	50	93	46	89	43	84	41	78	40	72	40	67	41	63	43	60	44	58	45	57	45	57	45	58	44	60	42	63	39	65	35	67	30	68	26	68	23	67	21	65	19	63	17	60	16	56	16	53	17	51	19	50	20	50	20	
42:
60	1.901	73	79	72	80	70	80	67	80	63	81	58	81	53	80	48	78	43	75	39	71	36	67	32	62	27	56	22	50	17	45	13	41	10	38	8	36	6	35	5	35	5	36	6	38	8	41	11	45	14	49	18	52	23	54	29	56	34	57	39	57	44	56	48	54	51	51	53	47	55	43	56	38	58	32	59	26	59	21	60	17	61	14	62	12	64	11	67	11	70	12	73	14	76	17	78	21	79	26	81	32	82	38	82	45	81	52	80	58	80	64	79	69	77	73	75	76	74	78	73	79	73	79	
43:
58	2.629	38	20	39	21	41	23	44	24	46	24	48	23	49	23	49	22	48	22	46	23	43	25	39	26	34	27	29	29	24	32	20	36	17	41	15	46	14	52	14	59	15	65	17	72	20	79	24	85	29	90	35	94	42	97	50	99	57	100	63	100	68	99	72	97	75	95	77	94	79	93	80	93	80	94	79	95	77	95	74	94	70	92	66	89	62	86	57	82	52	79	48	75	45	70	43	64	42	57	42	51	43	46	43	41	42	35	40	30	39	26	39	23	39	21	38	20	38	20	
44:
70	4.553	30	76	30	75	29	73	28	70	26	66	24	61	21	55	18	48	15	42	13	36	12	30	10	25	8	21	7	18	7	16	8	15	10	15	12	16	13	18	15	21	17	25	19	30	22	36	26	41	31	46	37	50	44	53	50	55	55	56	59	56	62	55	65	53	67	50	68	46	70	41	71	35	71	30	70	25	69	21	69	18	69	16	69	15	70	15	71	16	73	18	76	21	80	25	84	30	87	36	89	43	90	51	91	60	91	68	90	75	88	81	85	86	81	90	77	93	72	95	66	96	60	96	54	95	49	93	45	90	41	86	37	82	34	79	32	77	31	76	30	76	30	76	
45:
51	1.377	2	48	3	49	5	51	8	54	12	58	17	62	22	65	26	67	29	68	31	68	32	67	32	65	31	62	31	58	32	53	34	47	37	40	40	33	44	27	48	21	52	16	56	12	59	9	61	7	62	6	62	6	61	7	59	9	56	10	52	10	48	10	44	9	39	8	34	6	29	3	25	1	22	0	18	0	14	1	10	3	7	6	4	10	2	15	1	21	0	27	0	33	0	38	1	42	1	45	1	47	2	48	2	48	
46:
78	11.016	61	52	61	51	61	49	62	46	63	42	64	37	65	31	67	25	69	19	70	13	70	8	69	4	68	0	66	-3	63	-5	59	-6	55	-6	50	-5	44	-3	37	-1	30	2	24	6	19	11	15	17	11	24	8	32	5	41	3	49	2	56	2	62	3	67	5	71	8	74	12	76	17	77	23	77	28	76	32	74	35	71	38	67	41	62	44	56	46	51	47	47	47	44	46	41	46	39	47	38	49	38	52	39	56	41	61	43	67	46	73	48	78	49	82	49	85	48	87	46	89	43	92	41	96	39	99	38	101	38	102	39	103	41	103	44	102	48	100	52	97	55	93	58	88	60	82	61	76	61	71	60	67	58	64	55	62	53	61	52	61	52	
47:
70	6.135	54	50	53	51	51	52	48	53	44	55	39	56	34	56	29	55	23	53	18	51	14	48	11	44	9	40	8	35	8	31	9	28	11	24	14	21	18	18	22	16	25	15	27	14	28	13	28	11	27	10	25	10	22	11	18	13	13	16	8	20	4	25	1	31	-1	38	-2	45	-2	52	-1	58	1	63	4	67	7	71	11	74	15	76	20	78	26	80	31	81	37	81	44	80	52	79	61	77	69	74	76	70	82	65	87	60	91	54	94	47	96	41	97	36	97	32	96	29	94	27	91	26	87	26	82	27	76	29	70	32	65	36	61	40	58	44	56	47	55	49	54	50	54	50	
48:
74	11.551	8	43	9	44	11	46	14	49	18	53	23	58	29	63	36	67	43	70	50	73	56	75	61	76	65	76	68	75	71	73	73	70	74	66	74	61	73	55	71	49	68	42	64	36	59	31	53	26	47	22	42	19	38	17	35	16	33	15	32	13	32	10	33	6	35	3	38	1	42	0	47	0	53	1	60	3	67	6	73	10	78	15	84	21	89	28	93	35	96	41	98	46	99	51	99	56	98	62	96	69	93	76	89	82	84	87	79	91	73	94	66	97	59	99	52	100	46	100	40	99	35	97	31	95	28	92	26	88	25	83	25	77	24	70	22	64	19	58	15	53	12	49	10	46	9	44	8	43	8	43	
49:
65	4.194	36	46	36	47	36	49	37	52	39	56	42	61	46	67	51	72	55	76	59	79	62	83	64	87	65	91	65	94	64	96	62	97	59	97	55	96	50	94	44	91	38	87	33	82	27	76	21	69	16	62	12	55	9	49	7	44	6	40	6	37	7	35	9	34	12	34	16	35	21	35	27	36	34	36	42	35	50	34	58	33	65	31	71	29	76	26	80	22	83	17	85	13	86	9	86	5	85	2	83	0	80	-1	77	-1	73	0	68	2	62	5	57	9	53	14	50	19	48	25	47	31	45	36	42	40	39	43	37	45	36	46	36	46	
50:
70	1.487	61	47	62	48	64	50	67	53	69	56	72	60	75	63	77	65	78	66	78	66	77	65	75	63	72	60	68	56	63	53	57	51	50	49	44	48	39	48	34	49	30	51	27	53	23	54	19	54	14	53	10	51	7	48	5	45	4	41	4	36	5	30	6	23	8	16	11	10	15	5	20	1	26	-2	33	-4	41	-5	49	-5	56	-4	62	-2	67	1	72	4	76	8	79	11	81	13	82	14	82	14	81	13	79	11	76	9	72	8	68	8	63	9	57	11	52	14	48	18	45	23	43	29	42	34	42	38	43	41	45	43	48	46	52	48	55	49	58	49	60	48	61	47	61	47	
51:
73	15.201	37	64	36	63	34	62	31	62	27	63	22	64	16	65	11	67	6	70	2	74	-1	77	-3	80	-4	82	-4	85	-3	87	-1	88	2	88	6	88	11	87	17	85	24	82	32	78	40	73	47	67	54	60	61	52	68	45	74	37	79	29	84	22	88	16	91	11	93	7	94	4	94	2	93	1	91	1	88	2	84	4	81	7	77	11	72	15	66	19	59	24	51	28	43	31	35	33	28	34	22	34	17	33	13	31	9	28	6	25	4	21	3	17	3	14	4	12	6	11	9	11	13	12	16	14	18	17	19	21	20	26	22	32	25	38	29	44	32	49	35	54	37	58	38	61	38	63	37	64	37	64	
52:
81	4.445	0	73	1	73	3	73	6	73	10	72	14	70	18	67	23	63	29	58	34	52	40	47	45	41	50	36	54	32	58	29	62	27	67	26	73	26	78	27	82	29	85	32	87	35	88	37	88	38	89	38	90	37	90	35	89	32	87	28	84	23	80	18	75	13	69	9	62	6	54	3	45	1	37	-2	30	-4	24	-5	19	-5	14	-4	10	-2	7	0	5	1	4	1	4	2	5	3	7	4	10	6	14	8	19	9	25	9	32	10	40	12	48	15	55	18	61	22	66	27	71	32	75	38	78	45	80	53	81	62	81	70	80	77	78	83	75	88	71	92	66	95	60	97	53	98	45	98	36	97	28	95	21	92	15	88	10	83	6	79	3	76	1	74	0	73	0	73	
53:
62	10.37	26	62	27	61	29	61	31	61	34	62	37	64	40	67	43	71	46	75	50	80	55	84	61	87	66	89	70	90	73	90	75	89	77	87	79	84	80	80	80	75	79	69	77	62	74	54	70	45	65	36	59	28	54	21	50	15	47	10	45	6	44	3	42	1	41	0	41	0	42	1	43	3	43	6	42	10	40	14	37	19	33	25	28	32	22	40	17	47	13	54	9	60	6	65	4	69	3	72	3	74	2	75	1	75	1	74	2	73	4	73	7	72	11	70	16	68	20	65	23	63	25	62	26	62	26	62	
54:
64	7.994	58	8	57	9	56	11	55	14	53	18	50	23	46	29	41	34	35	38	28	42	21	46	15	51	10	55	6	60	3	64	1	68	0	71	0	73	1	75	3	76	6	78	10	79	15	79	20	78	26	76	33	73	41	69	48	64	56	60	64	57	71	55	77	54	82	54	86	55	89	57	91	60	93	64	94	69	94	74	93	80	92	85	91	89	91	92	92	94	92	95	91	95	89	94	86	92	83	89	81	85	80	80	78	74	75	67	72	59	70	52	67	44	65	36	64	29	64	23	63	18	61	14	59	11	58	9	58	8	58	8	
55:
69	22.077	98	37	99	38	100	40	100	43	100	47	100	52	99	58	97	65	94	71	90	76	85	81	79	85	72	88	64	90	56	91	49	91	43	91	38	90	34	88	31	87	28	86	25	84	23	81	21	77	18	72	14	67	9	61	5	54	2	48	0	43	-1	39	-1	36	0	34	2	33	5	33	8	34	12	36	17	39	23	43	30	46	37	50	43	53	48	55	53	56	57	56	60	55	62	53	63	50	63	46	62	41	62	35	63	30	64	26	64	23	63	21	62	20	62	20	62	21	63	23	65	25	68	28	72	32	77	35	83	37	88	38	92	38	95	37	97	37	98	37	98	37	
56:
59	7.938	65	63	66	64	66	66	65	68	63	71	62	75	61	80	59	85	56	89	54	92	53	94	53	95	54	95	56	94	58	92	59	89	59	85	58	80	56	75	53	71	49	66	44	60	40	53	37	45	35	37	34	29	34	22	35	16	37	11	40	7	44	4	48	2	52	1	56	0	59	0	61	1	62	3	62	6	61	10	61	15	62	21	63	27	65	32	68	36	72	39	76	41	79	42	82	42	84	42	85	43	85	45	84	46	82	48	79	50	75	53	71	57	68	60	66	62	65	63	65	63	
57:
62	17.719	21	73	20	72	18	70	16	67	14	63	13	58	13	53	13	47	13	40	14	33	14	27	14	22	14	18	15	15	17	13	20	12	24	12	29	13	35	14	40	14	45	13	49	11	52	8	55	4	58	1	62	-1	66	-2	71	-2	76	-1	80	1	83	4	85	8	86	13	86	19	86	24	85	28	83	31	80	34	76	36	73	39	69	43	64	48	60	54	57	61	55	69	54	76	54	82	54	87	53	91	51	94	48	96	44	97	39	97	34	96	29	94	25	91	22	87	20	83	19	79	19	76	20	74	21	73	21	73	
58:
65	20.358	72	97	71	97	69	96	66	94	62	91	57	88	51	85	44	81	37	76	31	70	25	65	19	60	13	56	8	53	4	51	0	50	-3	50	-5	51	-7	53	-8	56	-8	60	-7	65	-5	71	-2	76	2	80	7	83	13	85	20	86	26	86	31	85	35	83	38	80	40	76	41	71	41	65	40	58	38	50	36	43	35	37	35	32	36	27	38	23	41	20	45	18	50	17	56	17	62	18	67	19	71	21	74	24	78	28	81	33	83	39	84	46	84	53	83	59	81	64	78	70	75	76	73	82	71	87	70	91	70	94	71	96	72	97	72	97	
59:
70	5.382	99	19	98	18	96	17	93	16	89	14	84	13	78	13	71	12	64	10	58	7	51	5	45	3	40	2	36	2	33	3	31	5	29	8	28	12	28	17	29	22	31	28	33	35	36	43	39	52	42	60	44	67	45	73	45	79	44	84	42	88	39	91	35	93	30	94	25	94	19	93	14	91	10	88	7	84	5	79	4	73	4	66	5	59	7	53	10	46	14	40	19	35	25	31	32	28	39	26	45	25	50	25	55	26	59	28	62	31	65	35	68	39	70	42	73	44	76	45	80	45	85	44	90	43	94	41	97	38	99	34	100	29	101	25	101	22	100	20	99	19	99	19	
60:
70	10.831	3	70	4	71	6	73	9	76	12	80	16	85	21	89	27	92	33	94	38	96	42	97	45	97	47	96	50	94	54	91	59	89	65	88	70	88	76	88	81	89	85	90	88	90	90	89	91	87	91	85	90	82	88	78	85	73	81	67	76	60	70	52	65	45	59	38	52	32	45	27	39	21	34	15	30	10	27	6	25	3	24	0	24	-2	25	-3	27	-3	30	-2	34	0	39	3	45	7	50	12	55	18	59	24	62	30	64	37	65	43	65	48	64	52	62	55	59	57	55	58	50	59	44	59	37	58	30	58	24	58	18	59	13	61	9	64	6	67	4	69	3	70	3	70	
61:
73	93.82	0	82	1	81	3	80	6	78	10	76	15	74	21	73	28	73	36	74	45	76	54	79	62	83	71	86	79	88	86	89	92	89	97	89	101	88	104	86	106	83	108	79	109	74	109	68	108	63	106	58	103	54	99	51	94	49	88	48	81	48	73	49	66	49	59	49	53	48	48	46	44	43	41	39	39	35	38	32	38	29	37	27	37	26	36	26	35	27	33	29	30	31	26	33	23	34	19	35	15	35	12	35	10	36	9	38	9	40	10	41	12	41	15	42	19	44	23	47	26	51	28	54	29	58	29	62	28	67	26	72	23	76	19	79	14	81	10	82	6	82	3	81	1	81	0	82	0	82	
62:
68	13.788	88	65	87	65	85	65	82	65	78	64	73	62	67	59	60	56	53	53	45	49	36	46	28	43	21	40	15	36	10	31	6	25	3	19	1	13	0	7	0	1	1	-4	3	-8	6	-11	10	-13	15	-14	21	-14	26	-14	30	-13	34	-11	37	-8	39	-5	40	-2	40	2	39	7	37	11	34	15	30	20	26	26	23	31	21	35	20	39	20	42	21	44	23	45	26	45	30	44	35	43	41	42	46	40	51	37	57	33	63	30	69	27	74	25	78	24	81	24	83	25	84	27	84	30	84	34	84	39	85	45	87	50	88	55	88	59	87	62	87	64	88	65	88	65	
63:
66	3.984	68	11	69	12	71	14	73	17	76	20	80	24	85	29	89	35	92	40	94	44	95	47	95	49	94	50	92	50	89	49	85	47	80	44	74	40	67	36	59	33	51	31	42	30	34	30	27	31	21	33	16	35	12	38	9	42	6	47	4	53	3	60	3	66	4	71	6	76	9	81	13	86	18	90	24	93	30	95	35	96	39	96	42	95	44	93	45	90	45	86	44	81	42	75	39	68	37	60	34	51	32	43	31	36	30	30	30	25	31	20	33	16	36	13	40	10	45	8	50	6	55	5	59	5	62	6	65	8	67	10	68	11	68	11	
64:
67	14.793	24	5	24	6	25	8	25	11	26	15	28	20	31	26	35	33	38	40	41	46	44	51	48	55	53	58	59	60	65	61	72	61	78	61	83	60	87	58	90	55	92	51	93	46	93	42	92	38	90	35	87	33	83	32	79	32	74	32	69	31	65	29	62	26	60	22	59	19	59	15	60	12	62	8	65	5	68	3	72	1	75	0	77	0	78	1	78	3	77	6	75	8	72	11	69	14	65	16	60	17	54	17	47	18	40	19	33	19	27	18	22	16	18	13	15	9	13	5	12	2	12	0	13	-1	15	-1	18	0	21	2	23	4	24	5	24	5	
65:
56	7.331	11	35	12	34	14	33	17	33	21	34	26	36	31	39	37	43	42	48	46	54	51	60	55	67	58	73	60	79	61	84	61	88	62	91	64	93	66	94	67	94	68	93	69	91	70	88	70	84	70	79	70	73	71	66	71	58	70	50	70	42	69	35	68	29	68	24	68	20	67	17	67	14	66	12	65	11	65	11	64	12	62	14	59	15	55	15	50	14	44	12	38	11	33	11	29	12	25	14	22	17	18	21	15	25	13	29	12	32	11	34	11	35	11	35	
66:
73	13.189	35	18	34	17	32	16	29	15	25	14	20	14	14	15	9	17	5	20	2	24	0	29	-1	35	-1	42	0	50	1	59	3	67	5	74	8	80	11	85	15	89	20	92	25	94	31	95	36	95	42	94	47	92	52	89	56	85	60	80	63	74	65	67	67	60	68	53	68	45	69	37	71	29	74	22	77	16	79	11	80	7	80	4	79	1	77	-1	74	-2	71	-2	67	-1	62	1	56	4	49	8	42	13	36	18	31	22	27	25	24	27	22	30	21	33	21	37	22	41	24	44	27	46	31	47	36	48	40	48	43	47	45	45	46	42	46	38	45	33	43	28	41	24	38	21	36	19	35	18	35	18	
67:
73	13.724	54	11	53	12	52	14	51	17	51	20	51	24	52	29	54	34	57	39	61	44	66	48	71	51	75	53	78	56	80	59	81	61	81	62	80	62	78	61	75	61	71	61	66	62	60	64	54	67	47	69	41	70	35	70	30	69	26	68	23	68	21	69	20	71	20	73	21	74	23	74	26	73	30	71	33	68	37	64	41	59	44	53	46	46	47	38	47	31	46	25	44	20	41	15	37	11	32	8	26	6	21	5	17	5	13	6	10	8	8	11	7	13	7	14	8	14	10	13	13	12	17	10	22	7	28	5	35	3	41	1	46	0	50	0	53	1	55	3	56	5	56	8	55	10	54	11	54	11	
68:
63	7.506	67	97	66	96	64	95	61	94	57	92	52	89	46	87	39	84	33	81	27	77	21	72	16	66	12	60	9	55	7	49	6	44	6	40	7	37	9	33	12	29	16	24	21	20	25	16	28	13	30	10	31	8	31	7	30	7	28	8	27	10	27	12	28	15	30	17	33	18	37	18	42	17	48	15	54	12	60	8	65	5	71	2	76	0	80	-1	85	-1	89	0	92	2	94	5	95	9	95	14	94	20	92	27	89	35	85	43	81	52	78	61	75	69	73	76	70	82	68	87	67	91	66	94	66	96	67	97	67	97	
69:
77	66.363	49	72	50	72	52	73	55	74	59	76	64	79	70	81	76	82	82	82	87	82	91	81	94	80	96	79	98	79	99	80	99	82	98	83	96	83	93	84	89	86	84	88	78	91	71	95	63	98	56	100	50	101	45	101	40	100	36	98	33	95	31	91	30	86	30	80	31	75	33	71	36	68	40	64	45	59	51	53	58	48	65	44	71	39	76	33	80	26	83	19	85	13	86	7	86	2	85	-3	84	-9	82	-14	79	-18	75	-21	70	-23	64	-24	57	-24	50	-23	44	-21	39	-18	35	-14	32	-9	30	-3	29	4	29	12	30	21	32	29	35	36	39	42	42	47	46	51	49	55	51	59	52	63	52	66	51	69	50	71	49	72	49	72	
70:
65	5.491	77	80	76	79	74	77	71	75	67	72	63	68	58	65	52	63	45	62	37	62	28	62	20	62	13	61	7	59	2	56	-2	52	-5	47	-7	41	-8	35	-8	30	-7	26	-5	23	-2	21	2	20	7	20	13	21	19	23	25	25	31	28	36	32	40	35	43	37	45	38	46	38	46	37	46	35	47	32	49	28	52	25	56	22	61	20	67	19	73	19	79	20	84	22	88	25	91	28	93	32	94	37	95	43	95	50	94	58	94	65	93	71	91	76	88	80	84	83	80	85	77	86	75	86	74	85	74	83	75	81	76	80	77	80	77	80	
71:
66	30.436	32	96	31	97	29	98	26	98	22	97	17	95	11	92	5	88	0	83	-4	77	-7	70	-9	62	-11	53	-12	44	-12	36	-12	29	-11	23	-9	18	-6	13	-2	9	2	6	6	4	10	3	13	3	15	4	17	6	19	9	21	13	24	18	28	24	32	30	35	37	39	45	44	53	50	61	55	68	60	74	65	79	71	83	76	86	81	88	85	89	88	89	90	88	91	86	91	83	90	79	88	75	85	72	81	70	76	68	72	67	69	67	65	68	62	70	59	73	57	77	55	81	52	86	49	90	46	93	42	95	38	96	35	96	33	96	32	96	32	96	
72:
63	10.148	99	48	98	49	96	51	93	54	89	58	84	63	78	69	71	76	64	82	58	87	53	91	48	94	43	97	39	99	36	100	32	100	29	99	27	97	26	94	26	90	27	86	29	83	31	81	32	79	32	77	31	74	29	70	26	65	22	59	18	52	14	45	11	38	9	32	8	26	8	21	9	17	11	13	13	10	15	8	16	7	16	7	15	8	14	10	14	13	14	17	15	21	17	25	20	30	24	34	29	39	35	44	42	49	49	53	56	56	63	58	71	59	78	59	84	58	89	56	93	53	96	51	98	49	99	48	99	48	
73:
58	5.224	77	96	76	97	74	99	71	100	67	100	63	100	60	99	58	97	56	94	55	91	55	87	54	82	52	76	49	71	45	67	40	63	35	58	31	52	28	47	26	43	25	39	25	36	26	34	28	33	30	33	31	34	32	36	32	39	33	43	35	47	38	50	42	53	47	57	53	60	60	62	67	63	73	63	78	63	82	62	85	60	87	57	88	54	88	52	88	51	89	51	91	52	93	54	95	57	96	61	96	66	95	72	93	78	90	83	86	87	83	90	80	93	78	95	77	96	77	96	
74:
66	1.122	71	76	70	75	68	73	65	70	61	68	56	67	50	67	43	68	35	70	28	72	22	74	17	75	13	75	10	74	8	72	7	69	7	65	8	60	9	56	11	52	14	49	18	45	21	40	23	34	24	27	24	21	23	16	22	12	20	9	17	7	15	6	14	6	14	7	15	9	17	11	20	14	23	17	27	19	31	20	36	20	42	19	48	17	55	14	61	12	66	9	70	6	73	4	75	3	76	3	77	4	79	6	81	9	83	13	84	17	85	22	85	27	84	33	82	40	79	48	75	55	72	61	70	66	69	70	69	73	70	75	71	76	71	76	
75:
78	34.5	77	47	76	46	74	44	71	41	67	37	62	32	56	28	50	24	44	20	39	16	35	13	32	10	30	8	29	6	29	5	30	5	32	6	35	8	39	11	44	13	50	14	56	14	62	13	67	11	71	10	74	10	76	11	77	13	77	16	76	20	74	25	71	30	67	36	62	41	56	45	49	48	41	50	33	51	26	51	20	50	15	50	11	50	8	51	6	53	5	56	5	60	6	64	8	68	11	71	14	73	18	74	23	74	29	73	36	71	43	69	51	68	58	68	64	69	69	71	73	74	76	78	78	82	79	85	79	87	80	88	82	88	83	87	83	85	82	82	80	78	79	73	79	67	78	62	76	57	75	53	75	50	76	48	77	47	77	47	
76:
64	8.268	8	28	9	29	11	31	14	34	18	38	22	43	27	49	33	56	40	63	47	70	53	76	59	81	66	85	73	88	79	90	84	91	88	91	91	90	93	88	94	85	95	81	95	76	94	70	92	65	91	60	89	54	87	49	84	44	80	40	76	37	72	35	69	34	67	34	66	35	66	37	67	40	69	44	72	49	74	55	75	62	75	69	74	75	72	80	69	84	65	87	60	89	54	90	47	91	39	91	32	90	25	88	19	85	14	81	10	76	7	70	5	63	4	56	4	49	4	43	4	38	5	34	6	31	7	29	8	28	8	28	
77:
64	1.768	40	28	39	27	37	25	34	22	30	18	26	15	22	13	19	12	17	12	16	13	16	15	17	18	19	22	22	27	26	32	31	36	37	39	44	42	52	44	60	47	68	51	75	56	81	62	86	68	90	75	93	81	95	86	96	90	96	93	95	95	93	96	90	96	88	95	87	93	87	90	86	86	86	81	86	75	87	68	88	60	89	51	90	42	90	34	90	27	90	20	91	14	92	9	92	5	91	2	89	0	88	-1	86	-1	83	0	79	2	75	4	70	6	64	9	58	12	53	16	49	20	46	23	43	25	41	27	40	28	40	28	
78:
70	33.632	79	96	80	95	81	93	83	90	85	86	86	81	86	75	85	68	83	60	81	53	78	47	74	42	69	38	63	35	58	32	54	30	51	27	49	23	48	19	48	16	49	14	51	13	54	13	56	14	57	15	57	17	57	20	57	24	56	28	54	31	51	33	47	34	42	34	36	33	30	31	23	28	17	24	12	19	8	14	5	10	3	7	2	5	2	4	3	4	3	5	3	7	4	10	4	14	3	19	2	25	2	32	3	39	4	47	5	55	7	62	10	68	13	73	17	77	22	80	28	82	35	83	43	83	51	83	58	84	64	86	69	89	73	91	76	93	78	95	79	96	79	96	
79:
63	0.757	83	5	82	6	82	8	82	11	81	15	79	20	77	26	76	33	76	41	76	50	77	59	79	67	82	74	86	80	90	85	93	89	95	92	96	94	96	95	95	95	93	94	90	92	86	89	81	85	76	80	72	75	69	70	67	66	64	63	60	61	55	60	49	60	42	61	34	63	26	66	19	69	13	73	8	77	4	82	1	86	-1	89	-2	91	-2	92	-1	92	0	91	2	89	5	86	9	82	14	77	20	71	27	64	35	56	43	47	50	39	56	32	61	26	65	20	69	15	73	11	77	8	80	6	82	5	83	5	83	5	
80:
58	1.301	73	99	72	98	70	97	67	95	63	93	59	92	54	92	48	93	41	93	34	92	26	90	19	87	13	83	8	78	4	72	1	66	-2	59	-4	51	-5	44	-5	38	-4	33	-2	29	1	26	5	24	10	23	16	23	23	24	31	26	40	28	48	29	55	29	62	29	68	28	73	26	77	23	80	21	82	20	84	20	85	21	85	23	84	26	82	30	80	35	78	41	77	48	77	56	78	64	79	71	81	77	83	82	84	87	84	91	83	94	81	96	78	97	76	97	74	98	73	99	73	99	
81:
62	10.654	1	30	2	31	4	33	7	36	11	40	16	45	22	50	27	54	31	58	34	62	36	67	37	71	37	75	36	79	34	82	32	84	31	85	30	85	30	84	31	82	33	80	36	77	40	73	45	70	51	68	58	67	65	67	71	67	76	66	80	64	83	61	85	57	86	53	86	48	85	43	85	38	86	34	88	31	91	28	94	26	96	23	97	19	97	14	96	9	94	4	91	0	87	-3	82	-5	76	-6	69	-6	61	-5	53	-3	44	0	36	4	29	9	22	15	16	20	11	24	7	27	4	29	2	30	1	30	1	30	
82:
69	14.822	11	99	11	98	10	96	10	93	10	89	10	85	11	81	11	76	10	70	9	65	8	61	7	58	7	56	8	55	10	55	13	56	17	58	21	61	26	65	31	70	37	76	44	81	52	85	61	88	69	90	76	91	82	91	87	90	92	88	96	85	99	81	101	76	102	70	102	63	101	55	99	48	96	42	93	35	91	29	88	23	86	18	83	14	79	11	74	9	68	8	61	8	53	9	44	11	35	14	26	17	18	19	11	21	5	24	0	26	-4	29	-7	33	-9	38	-10	44	-10	51	-9	59	-8	67	-6	74	-3	80	1	85	4	89	7	93	9	96	10	98	11	99	11	99	
83:
60	6.843	65	21	64	22	62	24	59	26	55	28	50	31	44	34	38	38	32	41	27	45	23	50	20	54	18	58	17	61	17	65	18	68	19	70	19	71	18	71	16	70	13	68	9	65	6	62	4	58	2	53	1	49	1	46	2	44	4	43	7	43	11	44	16	46	21	49	27	53	33	58	38	63	42	67	47	70	53	72	58	73	62	73	67	72	71	70	74	67	76	64	77	60	77	55	77	49	77	43	78	38	80	34	81	31	81	29	80	28	78	28	75	27	71	26	68	24	66	22	65	21	65	21	
84:
69	5.388	88	62	87	61	85	59	83	56	80	52	78	47	77	41	77	34	78	28	80	23	83	19	87	16	91	14	95	13	98	13	100	14	101	14	101	15	100	17	98	20	95	22	91	24	86	26	80	29	74	33	67	38	59	43	50	48	41	52	33	55	26	57	20	58	15	58	11	57	8	55	6	52	5	48	5	44	4	41	4	39	3	38	2	38	2	39	1	41	1	44	2	47	3	51	5	56	7	62	10	69	14	76	19	82	25	87	30	91	36	94	43	96	51	97	59	97	66	96	72	94	77	91	81	87	84	82	86	77	87	72	87	68	87	65	87	63	88	62	88	62	
85:
62	2.739	90	87	91	86	92	84	93	81	93	77	92	72	90	66	88	60	85	55	81	51	76	48	72	44	69	39	67	33	65	28	62	24	59	21	55	19	51	17	48	16	46	16	45	17	45	19	46	21	48	22	50	23	51	23	51	22	50	20	48	18	45	17	41	16	36	16	30	16	25	17	21	19	17	22	14	26	12	31	11	37	11	44	12	50	14	55	17	59	21	64	26	68	31	71	37	73	44	74	50	74	55	73	61	71	66	70	70	70	73	71	77	73	80	76	84	80	87	83	89	85	90	86	90	87	90	87	
86:
61	4.695	18	51	17	52	15	53	12	55	9	58	5	61	2	63	0	65	-1	68	-1	72	0	75	2	77	5	80	9	83	13	87	18	92	24	96	30	99	37	101	44	102	52	102	59	101	65	99	71	96	76	92	80	88	83	84	85	79	86	73	86	66	85	58	83	50	81	42	80	35	79	29	79	24	80	20	82	16	84	12	85	9	85	6	84	4	82	3	79	3	75	4	70	6	65	9	61	13	57	18	54	24	50	31	47	37	43	42	40	46	36	49	31	51	27	52	24	52	21	51	19	51	18	51	18	51	
87:
61	6.966	62	43	61	42	60	40	60	37	59	33	57	28	54	24	51	21	48	19	44	18	39	18	33	19	26	21	19	24	13	26	8	29	4	32	1	36	-1	41	-2	47	-2	54	-2	61	-1	68	1	74	4	79	8	83	12	86	15	88	17	89	20	89	24	88	29	86	33	83	36	79	38	74	39	68	41	61	43	53	46	45	49	37	53	30	58	24	64	19	71	15	77	11	82	8	86	6	89	5	91	5	92	6	92	8	91	10	89	13	86	17	82	22	77	28	72	33	68	37	65	40	63	42	62	43	62	43	
88:
66	3.888	36	12	36	13	37	15	39	18	41	22	44	27	48	32	53	37	59	41	66	45	73	48	79	50	84	51	88	51	91	50	93	48	94	47	94	46	93	46	91	47	88	48	84	49	79	51	75	54	72	58	70	62	69	67	69	71	70	74	72	76	75	77	77	77	78	78	78	80	77	83	75	86	72	88	68	89	64	91	59	94	53	96	46	97	38	97	31	96	25	94	20	91	15	87	10	82	6	76	3	69	1	61	0	52	0	44	0	37	1	30	3	24	6	19	10	15	13	12	17	10	21	9	26	8	30	8	33	9	35	11	36	12	36	12	
89:
67	7.053	42	70	42	69	41	67	41	64	42	61	44	57	45	52	47	46	49	39	50	32	50	25	49	19	48	14	46	10	43	7	39	5	35	4	30	4	24	5	19	7	15	10	12	14	10	19	9	25	7	32	5	38	4	43	4	48	5	54	7	60	10	67	14	73	19	78	25	83	31	87	37	90	44	92	50	93	55	93	59	92	62	90	64	87	65	85	65	84	64	82	62	79	61	75	61	70	62	64	64	59	67	55	71	52	74	50	76	48	77	47	77	46	76	46	74	46	71	47	67	49	62	52	57	56	52	60	48	64	45	67	43	69	42	70	42	70	
90:
64	14.012	41	13	42	14	44	15	47	17	51	18	55	18	60	17	64	16	67	14	69	12	70	11	70	10	69	10	67	11	64	12	61	14	59	17	58	21	57	26	57	32	58	39	58	47	59	55	61	63	63	70	66	76	70	81	74	85	77	88	79	90	80	91	81	91	83	90	84	88	84	85	83	81	81	76	78	70	74	63	69	57	63	52	56	48	48	45	41	43	35	42	28	42	22	43	17	44	13	44	10	43	8	41	7	38	7	34	8	31	10	29	13	26	17	22	21	19	26	17	31	15	35	14	38	13	40	13	41	13	41	13	
91:
72	21.211	63	76	62	77	60	79	57	81	53	82	48	84	42	86	35	87	27	87	20	86	14	85	9	83	4	80	0	76	-3	71	-5	65	-6	58	-6	51	-5	45	-3	40	0	36	4	33	9	31	15	30	22	29	30	29	39	29	48	29	58	29	67	28	75	28	82	28	88	28	93	27	97	25	100	22	102	18	103	13	103	9	102	5	100	2	97	0	94	-1	90	-1	85	0	79	2	72	5	64	9	57	13	51	18	46	24	42	31	39	39	37	48	36	57	35	65	35	72	36	78	38	83	41	87	44	90	48	92	52	93	56	93	59	92	61	90	62	88	62	85	63	82	64	79	64	77	63	76	63	76	
92:
77	8.572	50	66	51	65	53	64	56	64	60	65	65	66	71	67	78	67	84	66	89	65	93	63	96	60	98	56	99	51	99	47	98	44	96	42	93	40	89	39	84	39	78	40	71	40	63	39	54	39	45	39	37	38	30	37	24	35	19	33	15	31	11	29	8	28	6	28	5	29	5	31	6	34	8	38	11	43	15	49	19	55	24	60	28	64	31	69	33	74	34	78	34	81	33	84	31	86	28	87	24	88	20	90	15	92	11	95	7	97	4	98	2	98	1	97	1	96	2	95	4	94	7	94	11	95	16	97	21	99	27	100	34	100	40	99	45	97	49	94	52	90	54	85	55	80	55	76	54	72	52	69	51	67	50	66	50	66	
93:
74	23.447	5	34	4	35	4	37	5	40	5	44	5	49	5	55	5	61	4	66	2	70	1	73	1	75	2	76	4	76	7	75	11	73	16	70	20	66	25	61	30	56	34	50	37	45	39	41	40	38	42	36	45	35	47	35	48	36	48	38	47	41	47	45	48	50	50	56	53	62	57	67	62	71	68	74	75	76	81	77	86	77	90	76	93	74	95	71	96	68	96	65	95	63	93	62	90	61	86	59	81	56	75	52	69	47	63	41	56	34	50	26	44	19	39	13	35	8	32	4	29	1	25	-1	20	-2	14	-2	9	-1	5	1	2	4	0	8	-1	13	-1	19	-1	24	0	28	2	31	4	33	5	34	5	34	
94:
67	4.364	38	52	37	53	35	55	32	58	29	62	27	67	26	73	26	78	26	84	27	89	29	93	32	96	36	98	41	99	46	99	51	99	55	98	58	96	60	93	61	89	62	84	62	78	61	71	59	65	56	58	52	50	48	42	43	34	38	27	34	21	31	16	29	11	28	6	28	0	29	-5	31	-9	34	-12	38	-14	43	-15	49	-15	56	-14	63	-12	70	-10	76	-7	81	-3	85	2	88	8	90	14	91	21	91	27	90	32	88	36	85	39	81	41	76	42	70	42	63	41	57	39	52	38	48	38	44	39	41	41	39	43	38	46	37	49	37	51	38	52	38	52	
95:
68	8.291	20	78	21	79	23	81	26	83	30	85	35	86	40	86	46	85	52	83	57	80	61	76	64	72	66	69	67	67	67	65	66	64	64	64	61	65	57	67	53	70	50	72	47	73	43	73	38	72	34	70	30	67	27	63	25	58	24	52	24	45	25	37	27	30	30	24	33	18	37	13	42	9	48	6	53	4	57	3	60	2	62	1	63	-1	63	-3	62	-5	60	-6	57	-6	53	-5	48	-3	42	0	35	4	27	8	20	13	14	19	9	26	5	34	2	43	0	51	-1	58	-1	64	0	69	2	73	4	76	7	78	10	79	14	79	17	78	19	78	20	78	20	78	
96:
64	7.796	67	41	67	42	66	44	64	47	61	51	57	55	53	60	48	64	42	68	35	72	29	76	23	79	17	82	12	85	8	88	5	91	3	94	2	96	2	97	3	97	5	96	8	96	12	96	17	95	23	93	30	90	37	86	44	81	52	75	59	69	66	63	72	56	77	49	81	41	84	32	86	24	87	17	87	11	86	6	84	2	81	-1	77	-3	72	-4	66	-4	59	-3	52	-1	46	2	41	5	37	9	34	14	32	20	31	27	31	33	32	38	34	42	37	45	41	47	46	48	52	48	57	47	61	45	64	43	66	42	67	41	67	41	
97:
63	1.574	37	45	36	44	34	43	31	41	27	39	22	38	16	38	11	39	6	40	2	42	-1	45	-3	49	-4	54	-4	59	-3	63	-1	66	2	70	6	74	11	78	17	82	24	85	32	87	40	88	49	89	57	89	64	88	70	86	75	83	79	79	82	75	84	71	85	66	85	60	84	55	82	50	79	44	77	39	76	33	75	27	75	22	76	18	78	14	81	11	84	8	86	6	87	4	87	3	86	3	84	3	81	4	77	6	72	7	66	9	60	12	55	15	51	19	48	24	46	30	45	35	43	39	40	42	38	44	37	45	37	45	
98:
48	5.253	89	87	88	86	86	85	83	84	79	84	74	84	68	84	62	83	56	81	51	78	47	74	44	69	42	63	39	57	37	50	34	44	31	39	29	35	26	32	22	30	17	29	12	29	8	30	5	32	3	35	2	39	2	44	1	50	0	56	0	62	1	68	3	74	6	79	10	83	15	86	21	88	28	89	36	89	44	88	53	88	61	89	68	90	74	91	79	91	83	90	86	88	88	87	89	87	89	87	
99:
63	9.262	39	63	38	64	36	66	35	69	33	73	31	78	28	83	26	88	23	92	19	95	16	97	13	98	10	98	6	97	3	95	1	92	0	88	0	83	1	77	3	70	6	62	10	54	15	47	21	41	28	35	36	30	44	26	51	23	57	20	62	17	66	15	69	14	71	14	72	15	72	17	71	20	71	24	72	29	74	35	77	42	81	50	84	58	87	65	89	71	90	77	90	82	91	86	91	89	90	91	88	92	85	92	81	91	76	89	70	86	65	82	59	77	54	72	50	68	47	65	45	63	42	62	40	62	39	63	39	63	