0:
45	0.673	57	68	56	68	54	69	51	70	47	72	42	73	36	73	29	72	23	70	18	67	13	63	9	60	6	56	4	51	3	45	3	40	4	34	6	28	8	22	11	16	14	11	18	7	23	4	28	2	33	1	38	1	42	1	45	2	47	4	49	7	50	11	50	15	49	20	48	26	46	31	45	36	45	41	45	47	45	53	46	58	48	62	51	65	54	67	56	68	57	68	57	68	
1:
57	3.861	79	55	78	54	77	52	76	50	74	48	73	45	72	43	71	42	69	42	68	43	66	45	65	48	63	52	60	57	56	62	51	66	45	69	39	71	33	72	28	72	24	72	21	71	19	69	18	66	18	62	18	57	17	51	15	44	13	36	11	29	10	22	9	16	8	11	6	7	5	4	5	1	6	-3	8	-6	11	-8	15	-9	19	-9	24	-8	30	-6	37	-3	45	1	52	6	58	12	63	19	67	25	71	32	74	38	76	43	78	47	79	50	80	52	80	54	79	55	79	55	
2:
58	8.728	53	11	52	12	50	14	47	17	43	20	39	24	36	28	34	33	33	39	33	46	34	52	36	57	39	61	43	64	48	66	54	67	60	67	65	66	69	64	72	61	74	57	75	53	75	50	74	47	72	45	69	44	65	43	60	41	54	38	47	34	39	31	32	29	26	28	20	28	15	29	11	30	8	31	5	31	3	30	2	28	2	25	3	22	5	20	8	19	12	17	17	16	23	16	29	15	35	13	40	10	44	8	48	6	51	5	53	5	54	6	54	8	54	10	53	11	53	11	
3:
65	19.433	76	37	75	38	73	40	70	43	66	46	61	48	55	49	49	49	43	48	37	46	32	45	26	43	21	42	16	42	12	43	9	45	7	48	6	52	6	56	7	61	9	66	11	70	14	73	18	76	23	78	28	79	33	79	37	78	40	76	42	73	43	69	43	64	42	58	41	51	40	43	39	36	39	30	39	25	38	21	36	18	33	16	31	15	28	15	25	14	23	12	22	10	22	7	23	5	25	4	28	2	32	1	37	1	43	2	50	4	57	5	63	7	68	10	72	13	75	17	77	22	78	27	78	31	78	34	77	36	76	37	76	37	
4:
67	24.264	5	72	4	71	2	69	1	66	1	62	2	57	4	51	6	44	9	36	11	27	13	19	16	12	20	6	25	1	29	-3	34	-6	40	-8	47	-9	54	-9	60	-8	65	-6	69	-3	72	0	74	4	75	9	75	15	74	21	72	28	69	36	65	44	61	51	57	57	54	62	52	66	51	69	51	71	52	72	54	72	57	71	61	69	66	66	70	62	73	57	75	52	76	48	76	44	75	41	73	38	70	35	66	33	61	31	55	30	48	30	40	31	32	31	25	32	19	34	14	37	10	41	7	46	5	51	3	57	2	62	2	66	3	69	4	71	5	72	5	72	
5:
54	1.41	27	8	28	9	30	10	33	11	37	12	42	14	48	16	54	18	59	21	64	24	68	28	71	33	73	39	74	46	74	53	73	59	71	64	68	68	64	71	60	73	55	74	49	74	44	73	40	72	37	70	35	67	34	63	34	59	35	54	37	48	40	43	44	39	47	36	49	34	50	32	50	31	49	29	47	26	44	24	40	23	35	22	30	21	25	19	21	16	18	13	16	10	15	8	15	7	16	6	18	6	21	6	24	7	26	8	27	8	27	8	
6:
57	8.75	9	29	10	30	12	32	15	34	19	35	23	35	28	35	34	34	41	32	47	29	54	27	60	24	65	20	69	17	72	15	74	14	75	14	75	15	74	17	72	20	69	24	65	29	60	35	54	40	48	44	43	48	39	51	36	55	34	58	33	60	33	61	34	62	36	64	39	67	41	71	42	76	42	80	41	83	39	85	36	87	32	88	27	88	22	87	18	85	15	82	13	78	12	73	12	67	12	60	11	53	9	47	7	42	6	38	6	35	7	32	8	30	9	29	9	29	
7:
61	3.286	27	2	28	3	30	5	33	8	36	12	40	17	45	23	51	29	56	36	60	42	63	49	65	56	66	62	66	67	65	71	64	74	62	76	59	77	56	77	54	76	51	74	47	71	44	67	40	63	37	60	33	58	30	56	27	55	25	55	23	56	20	58	16	61	12	65	9	69	7	73	5	76	4	78	4	79	5	79	7	78	10	76	13	73	15	69	18	64	22	59	26	55	30	51	35	48	39	45	42	42	44	38	45	33	45	27	44	22	42	18	40	14	37	10	33	7	30	5	28	3	27	2	27	2	
8:
73	5.096	63	7	62	6	60	5	57	5	53	6	48	8	42	11	37	14	33	18	30	23	27	29	23	36	19	44	15	51	10	57	6	63	3	68	1	72	0	75	0	78	1	80	3	81	6	81	10	81	15	82	21	83	28	83	35	83	42	83	48	82	54	80	59	78	63	76	66	74	68	73	69	73	69	74	68	74	66	73	65	71	65	68	66	64	68	59	69	53	69	48	68	44	66	39	63	33	59	26	54	20	48	15	42	11	36	8	30	6	25	4	21	3	18	3	16	4	15	5	15	6	16	8	18	11	21	13	25	14	30	14	36	13	42	11	48	8	53	6	57	5	60	5	62	6	63	7	63	7	
9:
56	7.598	78	20	77	19	75	18	72	17	68	15	63	12	57	9	52	6	46	4	40	3	35	3	31	4	28	6	26	9	25	13	25	17	26	22	28	28	31	34	33	40	34	45	34	49	33	52	31	54	29	55	26	55	22	55	17	55	13	56	9	57	6	59	4	62	3	65	3	67	4	69	6	71	9	72	13	72	18	71	24	69	31	66	39	62	47	59	55	55	62	51	68	47	73	44	77	42	80	39	82	37	83	34	83	30	82	26	81	23	79	21	78	20	78	20	
10:
58	1.674	68	20	67	19	65	18	62	18	58	18	53	18	49	17	44	15	40	14	37	13	35	13	34	14	34	16	35	19	37	23	40	28	44	34	49	40	54	46	59	52	63	58	66	63	68	67	69	70	69	72	68	73	66	73	63	73	59	73	54	74	48	74	42	75	35	75	29	74	23	72	18	70	14	69	11	68	9	66	8	64	8	63	9	62	11	62	14	61	18	59	23	56	27	52	30	47	33	41	37	35	42	30	47	26	53	23	58	21	62	20	65	19	67	19	68	20	68	20	
11:
57	6.478	72	16	71	17	69	19	67	22	66	26	65	31	65	37	66	44	68	50	71	55	74	59	76	62	77	65	77	68	76	70	74	71	72	72	69	72	65	71	60	69	54	66	49	62	45	59	42	55	40	50	38	46	36	43	33	40	29	38	24	37	19	37	14	38	10	40	7	42	5	43	4	45	4	46	5	46	7	45	10	43	14	40	19	36	24	31	28	25	31	19	33	14	36	10	40	7	43	5	47	4	52	4	57	5	62	7	66	10	69	13	71	15	72	16	72	16	
12:
55	2.057	68	51	67	50	65	48	62	46	58	44	53	43	47	43	40	44	34	46	29	48	25	49	22	51	20	54	19	58	19	63	20	68	22	72	25	75	29	77	34	78	40	78	46	78	52	77	58	75	64	72	69	68	73	64	76	59	78	53	79	46	79	38	79	31	78	25	76	19	75	14	73	9	71	5	70	2	70	0	69	-1	67	-1	64	0	61	2	59	5	58	8	58	12	59	17	61	23	62	30	62	36	62	41	63	45	65	48	67	50	68	51	68	51	
13:
64	3.198	65	8	66	9	66	11	65	14	63	18	60	23	56	27	53	30	51	32	50	34	50	37	51	41	53	46	56	52	60	57	63	62	65	66	66	69	66	71	65	72	63	72	60	71	56	69	52	66	47	63	41	59	35	56	29	54	24	53	20	51	17	48	15	44	14	40	14	37	15	33	17	28	20	23	23	17	26	12	30	8	33	5	35	3	36	2	36	2	35	3	33	5	31	8	30	12	30	17	31	22	32	26	34	29	37	31	41	32	46	32	50	31	53	29	55	26	56	22	57	18	59	14	62	11	64	9	65	8	65	8	
14:
56	17.846	78	9	77	8	75	6	72	3	68	0	63	-2	57	-3	50	-3	43	-2	36	0	30	3	25	7	20	12	15	18	11	25	8	32	6	40	5	47	5	53	6	58	8	62	11	65	15	67	19	68	22	68	24	67	25	65	25	62	24	58	22	54	19	51	15	49	11	48	8	48	6	47	5	45	5	43	6	41	8	40	11	39	15	37	19	35	23	33	27	32	32	32	38	33	44	33	50	32	56	30	62	27	67	23	71	19	74	15	76	12	77	10	78	9	78	9	
15:
56	5.331	9	70	9	69	8	67	7	64	5	60	3	55	2	49	2	42	1	34	-1	26	-2	19	-2	13	-1	8	1	4	4	1	8	-1	13	-2	19	-2	25	-1	31	1	38	3	44	6	49	10	53	15	56	21	58	28	60	34	61	39	61	44	60	48	58	51	56	53	55	54	55	54	56	53	57	51	57	48	56	44	54	40	51	37	47	35	42	34	37	34	33	35	29	36	26	38	24	40	23	43	23	47	22	52	20	56	17	60	14	64	12	67	10	69	9	70	9	70	
16:
59	1.675	51	43	50	44	50	46	49	49	48	51	48	52	47	52	46	51	46	49	47	46	49	42	52	37	56	31	60	24	63	18	65	13	66	9	66	6	65	3	63	1	60	0	56	0	52	1	48	3	45	6	42	10	38	14	33	19	29	23	24	26	20	28	17	30	15	32	14	34	14	37	15	40	16	44	18	47	21	50	25	53	30	56	36	59	43	61	49	62	54	62	59	62	63	63	66	64	68	65	69	65	69	64	68	62	66	59	63	55	60	51	57	48	54	46	52	44	51	43	51	43	
17:
53	1.362	27	8	28	9	30	11	32	14	33	18	33	23	32	29	30	35	28	41	27	47	26	52	24	56	21	59	17	62	13	65	10	69	8	72	7	74	6	75	6	77	7	78	9	78	12	77	16	75	20	72	25	68	31	65	38	63	46	60	53	56	59	53	64	49	68	44	71	38	73	32	74	27	74	23	73	20	71	18	68	17	64	17	59	18	53	19	46	19	40	19	35	20	31	20	28	19	26	17	25	14	25	11	26	9	27	8	27	8	
18:
55	1.258	44	60	45	59	47	57	50	54	53	50	57	45	60	39	62	34	63	30	63	26	62	23	61	21	59	20	56	20	52	19	47	18	41	17	35	15	30	14	26	14	22	15	18	17	15	20	13	24	12	29	12	35	13	40	14	45	16	49	19	52	23	54	28	55	34	55	41	54	47	52	54	50	60	49	65	49	69	50	72	52	74	55	75	59	76	63	76	66	75	68	73	69	70	69	66	68	62	66	57	63	53	61	50	60	47	59	45	59	44	60	44	60	
19:
60	6.765	9	55	9	54	8	52	6	49	3	45	1	40	0	35	0	31	1	28	3	26	6	25	10	24	15	24	19	25	23	27	27	30	30	34	34	39	39	44	45	48	51	51	58	53	64	54	69	54	73	53	76	51	78	48	79	44	79	41	78	38	76	36	73	35	69	35	64	35	59	34	55	32	52	29	50	25	49	20	48	15	48	11	47	8	47	6	48	5	49	5	49	6	48	8	46	11	43	14	39	18	34	21	30	25	25	30	20	35	16	40	13	45	11	49	10	52	10	54	9	55	9	55	
20:
56	2.704	26	3	27	2	29	0	32	-1	36	-1	41	-1	47	0	52	0	57	-1	62	-2	67	-3	71	-3	74	-2	76	0	77	3	77	7	76	12	74	16	71	19	67	21	64	24	61	28	59	33	57	39	55	44	54	49	54	55	55	60	57	64	60	67	64	70	68	72	71	73	73	73	74	72	74	71	73	71	71	72	68	73	64	73	59	72	53	70	46	67	39	63	33	58	28	52	24	45	21	37	19	30	18	24	18	18	19	13	21	9	23	6	25	4	26	3	26	3	
21:
52	4.317	54	35	53	36	51	37	48	38	44	38	39	37	33	37	28	37	23	38	19	40	15	41	12	43	9	44	6	45	4	45	3	44	3	42	4	39	6	35	9	30	13	24	18	19	24	14	31	10	38	7	45	5	51	4	56	4	60	5	63	7	65	10	66	14	66	18	67	23	67	29	66	36	64	42	63	47	62	51	62	54	62	56	61	57	59	57	56	56	53	54	51	52	50	49	50	45	51	41	53	38	54	36	54	35	54	35	
22:
56	4.667	71	57	70	57	68	57	65	56	61	54	57	51	54	47	52	42	50	36	47	30	43	24	38	19	32	14	27	10	23	7	20	5	16	4	12	4	9	5	7	7	5	10	4	14	4	18	4	23	5	28	7	34	9	40	12	46	15	51	18	55	22	58	26	60	31	61	36	61	42	60	47	58	53	55	58	52	62	48	65	43	68	39	71	35	73	32	75	30	78	29	80	29	81	30	82	32	83	35	83	39	82	44	80	48	77	51	74	54	72	56	71	57	71	57	
23:
55	2.889	50	63	49	64	47	65	44	66	40	68	35	69	29	69	23	68	18	66	14	63	11	59	9	54	8	48	8	41	9	34	11	28	13	23	15	19	16	16	16	14	16	13	17	13	19	14	21	16	24	19	28	23	33	26	39	28	45	29	52	29	58	28	63	26	67	23	70	19	72	15	73	12	73	10	74	9	75	9	77	10	80	12	82	14	83	17	83	21	82	26	80	32	77	37	73	41	68	45	63	50	59	54	56	57	53	60	51	62	50	63	50	63	
24:
58	2.457	44	78	43	77	41	76	38	74	34	73	29	73	23	74	18	75	14	76	11	76	9	75	7	73	6	70	6	67	7	65	9	63	12	62	16	60	20	57	24	54	27	50	29	46	30	41	30	36	29	31	27	25	25	20	24	16	24	13	25	11	27	10	30	10	34	10	39	11	45	11	51	10	56	8	60	6	63	5	65	5	66	6	66	8	65	11	63	15	60	20	56	26	51	31	46	35	42	39	39	44	37	50	36	57	36	63	37	68	39	72	41	75	43	77	44	78	44	78	
25:
62	7.794	0	36	-1	35	-3	33	-5	30	-6	26	-6	21	-5	16	-3	12	0	9	3	7	7	5	12	4	16	4	19	5	21	7	22	10	23	14	23	19	22	24	20	30	17	37	13	45	10	52	8	58	7	63	6	68	6	72	7	75	9	77	12	79	16	80	21	80	27	79	34	77	42	76	49	75	55	75	61	74	66	72	70	69	73	65	75	61	76	56	76	51	76	47	75	44	73	42	70	40	66	39	61	39	55	40	48	42	42	43	35	43	28	42	21	41	15	39	10	37	6	36	3	35	1	35	0	36	0	36	
26:
51	2.128	12	39	13	40	14	42	14	45	14	49	14	54	13	59	11	64	9	68	6	71	3	73	1	75	0	78	0	81	1	84	3	86	6	87	10	87	15	86	21	84	28	81	34	77	39	73	43	69	46	64	48	58	49	52	49	46	49	40	48	35	46	31	43	27	39	24	34	22	28	21	23	21	19	22	16	24	13	27	9	29	6	30	3	30	1	29	0	29	0	29	1	30	3	31	6	33	9	36	11	38	12	39	12	39	
27:
56	11.947	51	36	52	36	54	36	57	36	61	37	64	39	66	42	67	45	67	49	66	54	64	59	61	63	57	66	52	68	46	69	40	69	35	68	31	66	27	63	24	59	22	54	21	48	21	42	22	37	24	32	26	28	27	25	27	21	26	17	24	14	21	12	17	11	12	11	8	12	4	14	1	17	-1	21	-2	26	-2	31	-1	35	1	40	4	44	8	47	13	49	19	52	24	54	29	55	35	55	40	54	44	52	47	49	49	45	50	42	50	39	50	37	51	36	51	36	
28:
64	8.168	13	54	13	53	14	51	16	48	19	44	21	40	22	35	22	29	22	22	21	16	19	11	16	7	14	4	12	2	11	1	11	1	11	2	12	4	14	7	16	10	19	14	23	18	28	21	34	23	40	24	45	24	49	23	53	21	56	18	58	15	59	11	61	8	62	6	64	5	65	5	65	6	64	8	62	11	61	15	61	20	62	25	64	31	67	38	69	45	71	51	74	56	76	60	77	63	77	65	76	66	74	66	71	65	67	64	62	64	56	63	49	61	41	60	34	60	28	59	23	57	19	55	16	54	14	54	13	54	13	54	
29:
63	3.285	6	13	7	14	9	16	12	19	14	23	15	28	15	33	14	39	12	46	11	52	11	57	12	61	14	64	17	66	21	68	26	70	32	72	39	73	47	73	54	72	60	70	65	67	69	63	72	58	74	53	75	49	75	46	74	44	72	43	69	43	65	43	60	43	54	43	47	42	41	41	36	40	32	38	29	35	27	31	26	26	26	22	27	19	29	17	31	14	34	12	38	11	42	10	45	10	47	10	48	10	48	11	47	11	45	10	42	8	38	7	33	6	27	5	21	5	16	6	12	8	9	10	7	12	6	13	6	13	
30:
63	3.643	6	21	7	21	9	21	12	21	15	21	18	20	21	18	25	15	29	11	32	8	35	6	38	5	40	5	41	6	41	8	40	11	38	15	36	19	33	24	31	30	30	37	30	43	31	48	32	52	34	55	36	57	38	58	40	58	43	57	46	55	49	52	52	50	54	49	55	49	56	50	56	52	55	55	53	59	50	64	46	68	41	71	35	73	28	74	22	74	17	73	12	71	8	68	5	65	3	61	2	56	2	50	2	43	2	37	2	32	1	28	0	24	0	21	0	19	1	18	3	18	4	19	5	20	6	21	6	21	
31:
66	9.868	75	39	75	38	74	36	74	33	73	29	71	24	69	20	68	16	68	13	69	11	69	10	68	10	66	11	63	13	59	16	54	19	48	23	43	26	38	28	34	29	31	29	29	28	28	26	28	23	27	19	27	16	26	14	24	13	21	13	18	14	16	15	14	17	13	20	13	24	14	29	16	33	19	36	22	38	24	39	25	39	25	38	24	37	22	37	20	38	17	40	13	43	10	47	8	52	7	57	7	61	8	64	10	66	13	67	17	67	21	66	26	64	32	62	39	59	47	55	54	50	60	46	65	43	69	41	72	40	74	39	75	39	75	39	
32:
54	9.555	67	64	67	63	67	61	67	58	68	54	68	49	67	43	66	37	64	31	63	26	61	22	58	19	56	17	53	16	49	16	46	17	44	18	41	18	37	17	32	15	28	13	25	12	23	12	22	13	22	15	23	18	24	22	26	27	27	33	27	40	26	46	25	53	23	60	20	66	17	71	15	75	14	78	14	81	15	83	17	85	20	88	24	90	29	91	35	91	42	90	48	88	53	85	57	81	61	76	64	72	66	69	67	67	67	65	67	64	67	64	
33:
62	1.398	74	27	73	28	71	30	68	33	64	36	59	39	54	41	48	42	41	42	35	42	30	41	26	39	22	36	18	32	15	27	13	22	12	17	11	13	11	10	12	8	12	7	11	7	9	8	6	10	4	13	2	17	1	21	0	26	-1	32	-1	39	0	47	0	54	1	60	3	65	4	69	6	72	9	74	13	75	16	75	18	74	20	72	21	69	21	65	20	60	19	55	19	51	20	48	22	46	25	45	29	45	34	46	40	47	46	47	51	47	57	46	62	44	66	41	69	37	71	33	73	30	74	28	74	27	74	27	
34:
50	6.097	53	29	52	30	50	32	47	35	43	37	38	40	32	44	27	48	21	52	16	55	12	58	9	60	7	61	6	61	6	60	7	58	9	55	11	51	14	46	18	40	23	34	27	27	31	20	35	14	38	9	40	5	41	2	42	0	44	-1	47	-1	51	0	56	2	61	5	66	9	70	13	73	16	76	18	78	19	79	19	79	20	78	22	77	25	75	27	72	28	68	28	63	28	59	28	56	29	54	29	53	29	53	29	
35:
55	1.173	11	2	12	2	14	3	17	5	21	6	26	6	32	5	37	4	43	2	50	1	57	1	63	2	68	4	72	7	75	11	77	16	78	22	78	28	78	35	78	43	78	51	77	58	76	64	76	69	77	73	77	76	77	78	76	79	74	79	72	78	69	77	65	76	60	76	54	77	47	78	39	78	32	78	26	77	21	75	17	72	14	68	12	63	11	58	9	52	7	45	6	37	4	30	3	24	2	18	2	13	3	9	5	6	8	4	10	3	11	2	11	2	
36:
56	2.104	71	26	72	25	74	23	75	20	75	16	74	11	72	6	69	1	65	-3	60	-6	54	-8	48	-9	43	-9	39	-9	36	-8	33	-6	31	-3	30	1	30	6	31	12	33	17	35	21	37	24	40	26	42	27	43	29	43	31	42	34	40	38	38	43	36	49	34	56	32	62	29	68	27	73	26	77	26	80	27	82	29	83	32	83	36	82	41	82	46	81	51	79	55	76	58	72	60	67	61	61	61	54	61	47	62	41	63	36	65	32	68	29	70	27	71	26	71	26	
37:
59	14.787	14	7	15	6	17	5	20	3	24	2	29	2	35	3	42	5	49	7	55	10	60	13	64	15	67	17	69	18	70	18	70	17	69	15	68	13	66	12	63	12	59	13	54	15	50	18	47	22	43	27	40	33	38	40	37	47	35	53	32	58	28	64	23	69	19	73	16	76	14	78	13	79	13	79	14	78	16	76	19	73	21	69	23	64	24	58	24	51	23	44	21	37	18	31	14	26	10	22	7	19	5	16	4	14	4	12	5	11	7	11	9	10	11	8	13	7	14	7	14	7	
38:
56	3.497	59	67	58	66	56	65	53	64	49	63	44	63	38	64	31	65	25	65	20	66	16	68	13	70	10	71	8	71	7	70	7	68	8	66	10	63	13	59	17	55	20	50	22	44	25	37	28	30	32	24	37	19	43	15	48	12	52	9	55	7	57	6	58	4	58	1	57	-2	55	-4	53	-5	50	-5	46	-4	41	-2	37	0	33	3	30	6	28	9	27	13	27	18	28	24	30	31	32	37	35	42	39	47	44	52	49	57	53	61	56	64	58	66	59	67	59	67	
39:
61	1.211	71	25	70	24	69	22	68	19	66	15	65	11	65	8	66	6	68	5	71	5	74	6	76	7	77	9	78	12	78	16	77	21	75	25	72	30	68	34	63	37	57	40	50	43	42	46	34	49	27	51	21	52	16	52	12	53	9	54	7	56	6	59	6	61	7	62	8	63	10	63	13	64	17	65	22	67	28	70	34	74	40	77	46	79	53	80	59	80	64	79	68	78	71	77	73	75	74	72	74	68	73	63	71	59	68	54	66	48	65	42	65	37	65	33	66	30	68	28	70	26	71	25	71	25	
40:
64	8.575	49	30	48	31	46	33	44	36	42	40	39	43	35	45	30	47	24	48	18	48	13	47	9	45	6	42	4	40	3	39	3	39	4	40	6	42	9	44	13	45	16	45	20	44	23	42	26	39	28	35	31	31	35	26	38	20	40	14	41	9	42	5	43	2	45	0	48	-1	52	-1	57	0	63	2	68	5	73	9	77	14	80	20	83	27	87	35	90	43	92	50	93	56	93	61	92	65	90	68	87	70	83	71	78	71	74	70	70	68	67	65	65	61	62	56	58	51	55	45	53	40	52	36	51	33	50	31	49	30	49	30	
41:
47	5.907	55	0	54	-1	52	-3	49	-4	45	-4	40	-3	34	-1	29	2	23	6	18	11	14	17	11	23	9	29	8	34	8	38	9	41	11	43	14	44	18	44	23	45	29	45	34	46	40	47	47	47	53	46	58	45	63	43	67	40	70	36	73	31	75	25	76	20	76	16	76	13	77	11	79	9	80	6	80	4	79	3	77	3	74	3	70	3	65	2	61	2	58	1	56	0	55	0	55	0	
42:
58	0.804	73	69	72	68	70	66	67	63	63	60	59	56	55	51	51	46	48	40	44	34	41	28	39	23	37	18	36	14	36	9	37	5	39	2	42	0	46	-1	51	-1	55	0	58	2	60	5	62	9	63	14	63	20	62	27	60	35	58	43	55	50	51	56	46	61	40	65	34	68	27	70	21	71	16	71	12	70	9	68	7	66	6	65	6	65	7	66	9	68	12	70	15	73	19	75	24	76	30	76	37	76	45	76	52	75	58	73	63	71	67	70	70	69	72	69	73	69	73	69	
43:
58	7.684	69	11	68	11	66	12	63	13	59	14	54	16	48	19	41	23	34	27	28	31	23	34	19	36	16	37	14	37	13	36	13	36	14	37	16	39	19	42	23	45	27	49	31	54	34	59	36	65	37	70	37	74	36	77	34	79	32	80	29	80	26	79	22	77	19	74	15	70	12	65	9	59	5	53	2	47	0	41	-1	36	-1	32	-1	29	0	26	2	24	5	23	9	21	14	18	20	14	27	11	35	9	42	8	48	8	54	9	59	11	63	12	66	12	68	12	69	11	69	11	
44:
62	3.509	63	62	62	63	60	65	57	68	53	71	48	74	42	76	36	77	31	77	27	76	24	74	22	71	21	67	21	63	21	59	22	55	24	52	25	49	25	47	24	46	22	46	19	47	15	49	10	52	6	55	3	57	1	58	-1	58	-2	57	-2	55	-1	52	1	48	4	43	6	38	9	32	11	27	14	23	18	20	23	18	29	17	34	17	38	18	41	19	43	19	44	18	44	17	43	16	43	16	44	17	46	19	49	21	53	24	57	28	61	33	64	39	66	45	67	50	67	54	67	57	66	59	64	61	63	62	63	62	
45:
51	0.734	11	36	11	37	11	39	11	42	11	46	12	51	12	56	11	62	11	68	11	73	12	77	14	80	17	82	21	83	26	83	31	82	37	80	44	79	51	79	57	80	62	80	66	79	69	78	71	76	72	73	72	69	71	64	69	58	68	51	68	43	69	35	71	28	72	22	72	17	71	13	69	10	67	8	64	6	60	5	55	5	49	6	42	8	36	11	31	15	27	19	22	24	18	28	15	31	13	33	12	35	11	36	11	36	
46:
55	2.176	53	74	52	75	50	76	47	78	43	79	39	79	34	78	28	76	22	73	17	69	13	64	10	58	8	51	6	45	5	39	5	34	5	30	6	27	8	25	11	24	15	24	20	24	26	25	33	27	41	29	49	30	56	30	62	29	67	27	71	24	74	20	76	17	77	15	77	14	76	13	74	13	71	14	67	16	62	19	57	22	53	26	49	31	46	36	44	40	43	43	43	45	44	48	46	51	49	55	52	60	54	64	55	68	55	71	54	73	53	74	53	74	
47:
65	3.101	76	64	75	65	73	66	70	68	66	70	61	73	55	77	48	80	41	82	35	83	29	83	24	82	20	82	17	81	15	80	14	79	14	77	15	75	17	72	20	68	24	63	28	57	31	51	33	45	34	40	34	36	33	32	31	29	28	27	24	26	20	26	17	27	15	29	14	32	12	34	10	36	7	37	5	37	4	36	4	34	5	31	7	27	10	22	14	17	19	13	25	10	32	8	39	7	46	7	52	8	57	10	61	13	64	17	66	22	67	28	67	35	66	41	65	47	65	52	66	56	68	59	70	61	73	63	75	64	76	64	76	64	
48:
60	4.241	31	72	32	73	34	75	37	78	41	80	46	81	51	81	57	80	63	79	68	77	72	74	75	70	77	65	78	59	78	52	77	44	77	37	77	29	77	22	76	16	74	10	71	5	67	1	62	-2	56	-4	50	-6	43	-7	35	-7	28	-6	21	-4	15	-1	10	3	6	8	2	14	-1	21	-3	29	-4	38	-4	46	-3	53	-1	59	2	64	6	68	11	72	15	75	20	77	24	78	27	78	29	77	30	75	30	73	30	70	31	67	33	65	35	64	36	64	36	65	35	67	34	69	32	71	31	72	31	72	
49:
57	3.311	66	70	66	69	65	67	63	64	60	60	56	55	51	49	47	43	42	36	37	29	31	23	26	18	20	14	14	11	8	9	3	8	-1	8	-4	9	-6	11	-8	14	-9	18	-9	22	-8	26	-6	29	-3	31	1	32	6	32	12	31	19	30	27	28	35	25	42	21	48	18	53	15	58	13	62	12	65	12	67	13	68	15	68	18	67	22	65	27	62	33	58	40	54	47	51	53	49	58	48	62	48	65	49	67	51	68	53	69	56	69	60	68	63	68	65	69	66	70	66	70	
50:
60	3.836	7	68	8	67	9	65	10	62	11	58	13	53	16	47	19	42	22	38	26	35	30	32	33	29	35	27	36	24	36	20	35	17	35	15	36	14	38	14	41	14	45	15	49	17	54	20	59	23	64	27	68	32	71	38	73	43	74	48	74	52	73	55	71	57	68	58	66	58	64	57	61	55	58	52	56	49	53	46	50	44	47	43	45	43	43	44	42	46	41	49	40	53	40	58	41	64	41	69	40	73	38	76	35	78	31	79	26	79	21	78	17	76	13	73	10	71	8	69	7	68	7	68	
51:
61	6.32	69	74	69	73	69	71	69	68	69	64	70	59	70	53	69	46	68	39	68	32	68	26	67	20	65	15	62	11	58	8	53	6	49	5	44	5	39	6	35	8	31	11	26	14	20	17	15	19	10	20	6	20	3	21	1	21	0	21	0	22	1	24	2	27	4	31	7	36	11	42	14	47	16	51	17	54	17	56	16	58	14	61	11	65	8	68	6	71	5	74	5	76	6	77	8	77	11	77	15	76	20	75	26	75	33	76	41	76	48	75	54	73	59	72	63	72	66	72	68	73	69	74	69	74	
52:
59	2.484	48	49	47	50	45	52	43	55	41	59	40	63	40	67	41	71	43	74	46	76	50	78	55	79	61	79	66	78	70	76	73	73	76	70	78	68	79	67	79	66	78	64	76	63	73	61	70	58	66	54	63	49	61	43	59	36	57	30	54	25	50	21	46	18	41	16	35	15	28	15	22	16	16	18	11	21	7	25	4	28	2	30	1	31	1	31	2	30	3	28	5	25	8	23	12	22	17	22	22	23	27	25	32	27	37	30	41	34	44	39	46	43	47	46	47	48	48	49	48	49	
53:
59	3.544	8	22	9	21	11	19	14	17	18	16	23	15	29	15	35	16	40	18	44	21	47	25	49	30	50	35	50	40	51	44	53	47	55	49	58	50	62	50	66	49	71	47	75	45	78	42	80	38	81	34	81	30	80	27	78	25	75	24	71	24	66	25	60	27	55	30	50	34	44	38	37	43	31	49	25	56	20	62	16	67	13	71	11	74	10	76	10	77	11	77	13	76	16	74	18	71	21	67	23	62	24	56	24	49	23	43	21	37	18	32	14	28	11	25	9	23	8	22	8	22	
54:
61	20.258	70	79	69	80	67	82	64	85	60	88	55	90	49	91	42	91	34	90	27	88	21	85	16	83	12	80	8	78	5	76	3	73	2	69	2	64	3	58	5	52	7	46	9	39	10	32	10	25	10	19	10	14	9	10	7	7	5	5	4	4	4	4	5	5	7	7	10	10	14	14	19	19	25	23	32	26	38	28	43	29	47	30	50	31	52	33	53	35	53	38	52	42	50	46	47	51	45	56	44	61	44	65	45	68	47	70	50	72	54	73	59	75	63	76	66	77	68	78	69	78	70	79	70	79	
55:
57	0.644	13	5	14	4	15	3	17	3	19	4	21	6	22	9	22	13	21	18	19	24	16	30	12	35	9	39	7	42	5	44	4	45	4	45	5	44	7	42	10	39	14	35	19	30	25	26	32	23	39	20	45	18	52	17	59	16	65	16	70	17	74	19	77	22	80	26	82	31	83	37	83	42	82	46	81	49	80	51	78	52	75	52	71	51	66	49	60	46	53	42	45	37	38	32	32	28	26	25	21	22	17	19	14	16	12	14	11	11	11	8	12	6	13	5	13	5	
56:
58	2.427	20	59	21	58	23	57	26	55	30	54	35	52	41	49	48	45	55	41	61	37	67	34	72	32	76	31	79	31	81	32	82	34	82	37	81	41	79	46	76	51	72	57	67	62	61	66	54	69	46	71	39	73	32	74	26	74	21	75	17	75	14	74	12	72	11	70	11	67	12	63	13	58	15	52	18	45	20	39	22	34	25	30	29	27	33	25	37	24	40	24	42	25	43	27	43	29	42	32	40	36	37	41	34	45	32	49	29	52	26	54	23	56	21	58	20	59	20	59	
57:
65	5.249	73	14	73	15	72	17	72	20	72	24	73	28	74	33	75	37	77	40	78	43	78	45	77	46	75	46	74	45	73	43	71	40	68	36	64	31	59	26	54	20	48	14	41	9	33	5	26	2	20	0	15	-1	10	-1	6	0	3	2	1	5	0	9	0	14	1	20	2	27	4	34	7	40	9	47	11	54	12	60	12	65	12	69	12	72	13	74	15	75	17	75	18	74	18	72	18	69	19	65	20	60	20	54	21	47	23	41	26	35	30	30	35	25	41	21	47	18	52	16	58	15	63	15	67	15	70	15	72	15	73	14	73	14	
58:
62	3.368	47	33	47	34	48	36	50	39	51	43	53	48	55	52	56	55	56	57	55	58	53	58	50	57	48	55	47	52	47	48	48	43	50	37	53	31	56	24	59	18	62	13	64	8	65	4	65	1	64	-1	62	-2	59	-2	55	-1	52	1	48	4	44	8	39	13	34	19	29	25	24	30	18	34	13	37	9	39	6	40	4	40	3	39	3	37	3	34	4	30	6	25	7	20	7	15	8	11	10	8	13	6	17	5	22	5	28	6	33	8	37	11	40	14	43	18	45	23	46	27	46	30	46	32	47	33	47	33	
59:
61	28.807	33	9	34	10	36	12	39	15	42	19	46	24	51	28	55	31	58	33	60	35	61	36	61	37	60	39	58	41	55	44	51	48	48	52	45	55	43	59	42	64	42	69	43	73	43	76	42	78	40	79	37	79	33	79	30	78	27	76	25	73	24	69	24	64	25	59	27	53	30	48	32	44	33	41	33	39	32	37	30	36	27	35	23	34	18	34	13	34	8	33	4	31	1	28	-1	25	-2	23	-2	21	-1	20	1	18	4	15	8	13	13	10	18	8	23	7	27	7	30	7	32	8	33	9	33	9	
60:
69	6.223	32	64	31	63	29	61	27	58	26	54	24	49	23	43	23	38	24	34	26	31	29	29	33	28	38	28	44	29	51	31	57	34	63	38	68	42	72	45	75	47	77	48	78	48	78	47	77	46	76	44	74	41	71	37	67	32	62	26	56	20	50	15	44	11	37	8	29	6	22	5	16	5	11	6	7	8	4	11	2	15	1	20	1	25	2	30	4	34	7	37	11	39	14	40	16	40	18	39	19	39	19	40	18	42	16	45	13	48	10	51	8	55	7	60	7	65	8	69	10	72	13	74	17	75	21	75	25	74	28	72	30	70	31	67	32	65	32	64	32	64	
61:
58	1.776	51	32	52	33	54	35	57	37	60	40	64	44	67	47	69	51	70	54	70	58	69	63	67	68	64	72	60	75	55	77	49	78	43	78	37	77	32	75	28	72	25	68	23	64	22	60	22	57	23	55	23	54	22	54	21	55	20	57	18	59	15	61	11	62	6	62	0	61	-5	59	-9	56	-12	53	-14	49	-15	44	-15	38	-14	32	-12	26	-9	21	-5	17	0	14	5	12	11	11	16	11	20	12	24	14	29	17	35	20	40	24	44	27	47	29	49	31	50	32	51	32	51	32	
62:
69	12.164	47	10	48	9	50	7	52	4	55	2	59	0	64	-1	69	-1	73	0	76	2	78	4	79	7	79	9	78	10	76	10	73	9	69	8	64	8	58	9	53	10	49	12	46	15	44	19	43	24	43	29	43	34	44	40	45	46	47	53	50	59	53	64	55	68	56	71	56	73	55	74	53	74	51	73	48	71	45	68	41	64	36	59	32	54	27	50	21	47	15	45	10	44	6	44	3	45	0	47	-3	48	-6	48	-8	47	-9	45	-9	42	-9	38	-8	35	-6	31	-3	26	1	22	6	19	12	17	19	16	26	16	32	15	37	13	41	11	44	10	46	10	47	10	47	10	
63:
58	2.93	17	53	16	54	16	56	15	59	15	63	14	67	14	71	15	74	17	76	20	77	23	77	25	76	28	74	32	71	37	67	43	63	49	60	56	58	62	57	67	57	71	58	74	60	76	62	77	63	77	63	76	62	74	61	72	59	69	56	65	52	62	47	60	41	58	34	57	27	55	21	54	16	54	11	54	7	55	4	56	2	56	1	55	1	54	2	52	4	49	7	46	11	42	15	37	18	31	20	26	23	22	27	19	32	17	38	16	43	15	47	15	50	16	52	17	53	17	53	
64:
59	2.519	41	54	42	55	44	57	47	60	51	62	56	63	61	63	65	64	69	64	73	63	76	61	78	58	79	54	79	49	78	44	77	40	75	36	72	33	68	30	63	28	57	27	52	27	48	28	45	30	43	31	41	31	40	30	40	28	39	25	37	23	34	21	30	20	27	20	23	21	18	23	13	26	9	30	6	35	4	41	3	48	3	55	4	61	6	67	7	72	8	76	9	79	11	81	13	82	16	82	20	81	25	79	29	76	32	72	34	67	35	63	36	60	38	57	40	55	41	54	41	54	
65:
57	3.693	71	27	72	28	74	30	76	33	78	37	79	40	81	44	83	48	84	53	85	58	85	62	84	65	82	67	79	68	75	68	71	67	67	65	64	62	62	59	60	55	58	51	55	48	51	46	47	45	43	45	40	46	36	48	32	51	28	55	25	59	23	64	22	69	22	73	21	76	20	78	19	79	17	79	15	78	14	76	12	73	11	69	11	64	12	58	14	51	17	45	21	40	26	36	32	33	39	31	46	30	52	30	57	31	61	31	65	31	68	30	70	28	71	27	71	27	
66:
47	2.091	35	52	36	51	37	49	39	48	42	48	46	49	51	49	57	49	63	48	68	47	72	45	75	44	77	43	78	43	78	44	77	45	75	45	72	46	68	46	63	46	57	45	52	43	48	40	45	38	43	35	41	31	39	27	36	24	32	22	27	21	23	21	20	22	18	24	16	27	15	31	14	35	14	39	15	44	16	48	18	51	21	53	23	54	26	54	29	54	32	54	34	53	35	52	35	52	
67:
75	44.03	77	51	76	52	74	54	71	57	67	60	62	62	57	63	53	63	50	62	48	60	45	57	42	53	38	49	33	44	27	40	21	37	16	34	12	32	9	31	7	31	6	31	6	31	7	31	9	32	12	34	16	37	21	41	25	46	28	52	30	58	31	63	31	67	30	70	29	72	28	73	28	73	29	72	31	70	33	68	36	65	39	61	41	56	44	50	48	44	51	37	55	31	58	26	62	22	65	19	68	17	70	16	73	16	77	17	80	19	82	22	84	26	85	31	85	37	84	43	82	50	79	56	75	61	71	65	68	68	66	70	65	71	65	71	66	70	68	68	71	65	73	61	75	57	76	54	77	52	77	51	77	51	
68:
56	4.439	41	59	42	58	44	56	47	53	49	49	50	44	50	38	49	32	48	27	46	23	43	20	40	17	38	15	37	14	37	12	38	11	40	11	43	12	47	14	52	17	57	19	62	21	66	24	69	28	71	32	72	35	72	37	71	38	69	39	66	41	62	42	57	42	51	42	45	43	38	43	30	42	23	40	17	37	12	34	8	31	5	29	3	28	2	28	2	29	3	31	5	34	8	37	12	41	17	46	22	50	27	53	31	55	35	57	38	58	40	58	41	59	41	59	
69:
61	5.238	71	37	70	36	68	35	65	35	61	35	57	34	53	33	50	33	48	32	47	32	47	33	48	35	50	38	53	42	57	47	62	51	67	54	71	57	74	60	76	62	77	63	77	63	76	63	74	64	71	65	67	67	62	69	56	70	49	72	43	73	36	73	30	72	25	70	19	67	14	63	10	58	7	52	5	45	4	39	4	34	5	30	7	27	10	24	14	22	19	21	25	21	32	20	38	18	44	15	51	13	57	12	62	12	66	13	69	15	72	18	74	22	75	27	75	31	74	34	72	36	71	37	71	37	
70:
53	3.09	31	33	30	34	30	36	31	39	33	43	34	48	36	52	38	56	41	59	45	61	50	62	55	62	59	62	62	63	64	65	65	68	65	71	64	73	62	74	59	74	55	73	50	72	44	70	37	67	30	64	23	61	17	57	11	53	6	48	2	42	-1	36	-3	29	-4	22	-4	16	-3	11	-1	7	2	3	6	0	11	-2	16	-3	21	-3	25	-2	28	0	30	2	31	5	31	9	30	13	30	18	30	23	29	27	29	30	30	32	31	33	31	33	
71:
51	0.629	26	56	26	55	27	53	29	50	31	46	32	41	32	35	31	28	30	22	29	17	29	13	30	10	32	8	35	7	39	7	44	7	50	8	56	10	61	13	65	17	68	22	70	28	71	34	71	39	71	43	70	46	68	49	65	51	61	52	57	52	52	51	48	49	45	47	43	44	42	41	42	39	43	38	45	38	47	39	49	41	50	44	50	48	49	51	47	53	44	56	40	58	36	59	32	59	29	58	27	57	26	56	26	56	
72:
70	7.541	72	7	73	8	74	10	75	13	75	17	74	22	73	27	71	31	68	34	64	36	59	37	53	37	46	36	39	34	33	32	27	29	22	25	18	20	15	15	13	10	12	6	12	3	13	1	15	0	18	0	22	1	26	3	29	6	31	10	33	15	34	21	34	28	33	34	31	39	29	43	26	46	22	48	17	49	13	49	9	49	6	50	4	52	3	55	3	59	4	64	6	69	9	73	13	76	18	78	24	79	31	79	39	78	46	76	52	74	57	72	63	69	68	65	72	61	75	56	77	50	78	43	78	37	77	32	75	26	74	21	74	17	73	13	73	10	72	8	72	7	72	7	
73:
69	13.18	73	63	73	62	72	60	72	57	73	53	73	48	74	42	75	35	77	29	78	24	78	20	77	17	75	15	72	14	68	14	63	15	57	17	50	20	44	24	39	29	33	35	27	42	22	50	18	57	14	63	11	68	9	72	8	75	8	77	9	78	11	78	14	77	18	75	21	72	23	68	24	63	24	57	23	50	21	42	20	35	18	29	15	23	11	18	7	14	4	10	2	6	1	3	1	0	2	-3	4	-5	7	-6	11	-6	16	-5	22	-3	28	-1	35	2	42	6	48	11	53	17	57	24	60	32	62	39	63	45	65	50	67	54	70	57	72	60	73	62	73	63	73	63	
74:
54	5.996	67	17	66	17	64	16	61	15	57	13	52	12	46	12	39	13	32	13	26	13	21	14	17	16	12	18	8	20	5	21	3	23	2	26	2	28	3	29	3	31	2	33	1	36	1	40	1	45	2	49	4	52	7	54	11	55	16	55	22	54	28	53	33	52	37	52	41	53	44	55	47	58	49	60	50	63	52	65	55	66	58	66	62	65	66	63	69	60	71	56	72	51	72	45	72	38	72	32	71	27	69	23	68	20	67	18	67	17	67	17	
75:
56	4.233	13	66	14	65	16	65	19	64	23	62	28	60	34	59	41	59	48	59	54	60	59	60	65	59	70	57	74	54	77	50	79	45	80	39	81	32	81	25	80	19	78	14	75	10	72	7	68	5	63	4	57	4	52	4	47	5	42	7	37	9	33	12	30	15	28	17	27	18	25	18	23	17	21	15	19	12	18	10	17	9	17	9	17	10	16	12	14	15	12	19	10	23	9	28	9	34	10	41	10	47	11	52	13	56	14	60	14	63	13	65	13	66	13	66	
76:
62	3.404	50	47	50	48	51	50	53	53	55	57	58	62	62	66	67	69	72	71	76	72	79	72	81	71	82	69	82	66	81	62	80	57	78	52	75	47	71	41	67	36	64	31	62	26	61	21	61	17	62	14	64	12	67	11	69	11	70	12	70	14	69	16	67	19	64	21	60	24	55	27	49	29	42	30	34	31	26	31	19	31	13	31	8	32	4	34	1	36	-1	39	-2	43	-3	47	-3	52	-2	57	0	61	3	64	7	66	12	67	18	67	23	66	29	64	35	61	40	57	44	53	47	50	49	48	50	47	50	47	
77:
60	38.588	2	38	3	38	5	38	8	37	12	37	16	37	21	36	27	34	32	31	36	27	39	22	41	17	43	13	45	10	47	8	48	7	48	7	47	8	45	10	44	13	43	17	43	22	42	27	40	32	38	38	37	45	37	51	36	56	34	60	31	63	29	65	28	66	26	66	25	65	25	63	26	60	26	56	25	51	25	45	24	39	24	33	24	28	24	22	23	17	21	13	20	10	18	8	15	7	11	7	8	8	5	10	3	12	2	15	2	19	3	24	3	28	2	32	2	35	2	37	2	38	2	38	
78:
62	1.47	55	27	54	28	52	29	49	30	45	32	40	35	34	39	27	44	21	50	16	56	12	61	9	65	7	68	5	70	2	71	0	71	-2	70	-5	68	-7	65	-8	61	-8	56	-7	50	-5	43	-2	36	1	30	3	25	6	20	9	16	13	12	18	9	24	7	30	6	37	6	45	7	52	9	58	12	63	16	67	21	70	27	72	33	73	40	73	47	72	53	70	58	67	62	64	65	62	67	61	68	60	68	60	67	61	65	63	62	65	58	66	53	67	47	67	42	66	37	64	33	61	30	58	28	56	27	55	27	55	27	
79:
61	4.995	13	74	14	73	16	71	19	68	23	64	28	59	33	54	39	50	45	47	51	43	57	39	62	36	66	34	69	33	71	33	72	33	72	34	71	34	69	33	66	31	63	28	61	25	60	21	58	18	55	16	51	15	46	14	40	14	33	14	27	15	22	15	18	16	15	18	13	21	12	25	12	29	13	34	15	38	18	41	22	43	27	44	33	44	39	44	44	45	48	47	51	50	53	53	54	56	54	60	53	65	51	70	48	74	44	77	39	79	33	80	28	80	23	79	19	77	16	75	14	74	13	74	13	74	
80:
52	2.268	71	78	70	79	68	81	65	82	61	82	56	82	50	81	45	79	40	76	36	72	31	67	25	61	20	55	16	50	13	45	10	39	8	33	7	28	7	23	8	18	10	14	13	10	17	6	22	3	27	1	31	0	34	0	36	1	37	1	37	2	36	4	35	6	35	9	36	11	38	13	40	16	41	20	41	24	40	29	39	35	39	42	40	50	42	57	45	63	48	68	52	72	56	75	61	77	65	78	68	78	70	78	71	78	71	78	
81:
61	9.415	43	30	44	31	46	33	49	36	53	40	56	45	58	51	59	58	59	66	60	73	60	79	59	84	57	88	54	91	50	93	46	94	41	94	35	93	28	91	22	88	17	84	13	79	10	73	8	68	7	62	7	55	8	47	10	40	11	34	11	28	10	23	9	19	7	16	4	14	2	13	1	11	1	9	2	8	4	8	7	9	11	11	16	13	22	14	29	14	36	14	42	15	48	17	53	19	57	21	60	24	62	28	63	31	63	33	62	35	60	36	57	36	53	36	49	35	46	33	44	31	43	30	43	30	
82:
68	2.883	64	48	63	47	61	45	58	42	54	38	49	35	45	33	40	32	34	32	29	33	24	35	20	38	17	40	15	41	14	41	14	40	15	38	17	35	20	31	24	27	29	24	35	21	41	18	47	16	53	15	58	15	62	15	65	14	67	12	68	9	68	5	67	1	65	-3	62	-6	58	-8	53	-9	47	-9	42	-8	37	-6	33	-3	30	1	28	6	27	12	27	17	28	23	30	29	33	35	37	42	42	50	47	57	53	63	59	68	64	72	68	75	71	77	74	78	76	78	77	77	78	75	78	72	77	68	76	63	74	59	72	55	69	52	67	50	65	49	64	48	64	48	
83:
69	0.724	37	17	38	16	40	15	42	13	45	10	49	6	54	3	58	1	61	0	63	0	64	1	64	3	63	6	61	10	58	15	54	21	49	28	43	34	36	39	28	43	21	46	15	48	10	49	6	50	3	51	1	53	0	55	0	58	1	62	3	66	6	71	9	75	13	78	18	80	23	81	29	81	35	80	42	78	48	75	53	71	57	66	60	62	62	59	63	57	63	56	62	55	60	53	57	50	53	46	48	42	42	37	37	31	32	24	27	18	22	13	18	9	15	5	13	2	12	0	12	-1	13	-1	15	0	18	2	22	4	27	7	31	11	34	14	36	16	37	17	37	17	
84:
59	12.994	6	76	7	75	9	73	11	70	14	66	17	61	19	55	20	49	20	43	19	38	17	33	16	29	16	25	16	22	17	20	19	19	22	19	26	20	31	22	37	25	43	28	49	30	55	31	60	31	65	30	69	28	72	25	74	21	75	16	75	12	74	9	72	6	69	4	66	3	64	3	62	4	61	6	61	9	62	13	62	18	61	24	61	31	60	38	58	46	55	53	52	59	50	64	48	68	45	71	41	73	36	74	30	74	25	75	20	75	16	75	12	74	9	74	7	75	6	76	6	76	
85:
62	8.837	48	71	49	70	51	70	54	71	58	72	61	73	63	74	64	75	64	77	63	78	61	78	58	77	54	75	49	72	44	68	38	63	32	57	27	50	23	42	20	35	18	29	17	23	17	18	18	14	20	11	23	9	27	8	31	8	36	9	40	11	43	14	45	18	46	23	46	28	46	32	45	35	43	37	40	39	36	40	31	41	25	41	19	42	14	43	10	45	7	46	5	46	4	47	4	49	5	52	7	56	10	61	14	66	17	70	21	73	24	75	28	76	33	77	38	77	42	76	45	74	47	72	48	71	48	71	
86:
57	24.028	71	45	70	44	68	42	65	40	61	39	56	38	50	38	43	39	35	41	28	43	21	46	15	50	10	53	6	55	3	57	1	58	0	58	0	57	1	57	3	56	5	54	6	51	6	47	5	42	5	36	5	29	6	22	6	16	5	11	5	7	6	4	8	2	10	1	13	1	15	1	16	1	16	2	15	4	13	6	11	7	10	9	10	12	11	16	13	21	16	26	20	32	25	37	30	41	36	44	43	46	50	47	56	47	61	46	65	45	68	44	70	44	71	45	71	45	
87:
50	0.811	64	37	65	38	65	40	66	43	66	47	66	52	65	57	63	62	60	66	56	69	51	71	45	72	38	72	31	72	25	72	20	73	16	74	13	74	11	73	10	72	10	71	11	70	13	69	16	67	20	64	25	60	31	55	38	49	44	42	50	34	55	27	61	21	66	16	70	12	73	9	75	6	77	4	78	3	78	3	78	4	79	6	79	9	78	13	76	17	73	22	70	27	67	31	65	34	64	36	64	37	64	37	
88:
61	14.237	16	57	17	57	19	56	22	56	24	57	25	57	25	56	24	54	22	51	19	48	15	45	12	43	9	40	7	36	6	33	6	30	7	28	9	27	12	27	15	28	19	30	24	31	30	33	37	36	45	40	52	43	58	45	63	47	67	48	70	48	72	47	73	47	73	47	72	46	70	44	67	41	63	38	59	34	56	30	54	26	52	22	51	19	51	17	52	16	54	16	56	17	57	19	58	22	58	26	57	31	55	37	52	42	48	46	43	49	37	52	31	54	26	55	22	55	19	55	17	56	16	57	16	57	
89:
62	5.332	43	74	44	73	46	71	49	68	52	64	55	59	57	53	58	46	58	38	57	31	55	24	52	18	48	13	44	9	39	6	33	4	28	3	23	3	19	4	16	6	13	9	10	13	8	18	7	24	7	31	6	39	5	47	4	54	4	60	5	65	7	69	10	72	14	74	17	75	21	75	26	74	32	72	39	69	46	65	53	60	59	55	64	51	68	48	73	46	77	45	80	45	82	46	84	48	85	51	85	55	84	60	82	64	79	68	75	71	70	74	64	76	58	77	53	78	49	78	46	77	44	75	43	74	43	74	
90:
57	1.763	25	39	24	40	23	42	23	45	22	48	22	52	23	56	25	60	28	63	32	65	37	66	42	66	48	65	55	63	61	60	66	56	70	51	73	45	75	38	76	31	76	25	75	20	73	16	71	13	68	11	64	10	59	10	53	10	46	11	40	13	35	15	30	16	26	16	23	15	21	13	20	10	20	8	21	6	21	4	21	3	20	3	18	4	16	6	14	9	13	13	13	17	14	22	16	28	18	33	19	37	20	40	21	42	21	43	21	43	22	42	24	40	25	39	25	39	
91:
60	6.659	59	42	60	41	62	39	65	36	69	33	74	31	79	29	83	28	86	28	88	29	90	31	91	34	91	36	90	39	88	43	85	47	81	51	76	54	70	56	65	59	61	61	56	62	50	62	43	61	37	60	30	58	24	55	18	51	13	47	9	44	6	41	3	39	1	38	0	38	0	39	1	41	3	44	6	46	10	47	15	49	21	50	27	50	32	49	36	47	39	44	41	40	42	35	42	31	41	28	40	26	39	25	39	25	40	26	42	28	45	31	49	34	53	37	56	39	58	41	59	42	59	42	
92:
52	3.132	75	79	74	78	72	76	69	74	65	71	60	67	54	62	47	56	39	50	32	43	26	35	21	28	17	21	14	15	12	10	10	6	9	3	7	1	6	0	4	0	2	1	-1	3	-3	6	-6	10	-8	15	-9	21	-9	28	-8	36	-6	43	-4	50	-2	56	1	61	3	65	5	68	8	70	12	71	17	71	22	70	26	68	30	66	34	65	37	65	40	66	44	68	49	70	55	73	60	75	65	76	69	76	72	77	74	78	75	79	75	79	
93:
44	0.338	61	42	62	43	64	45	66	48	69	50	73	51	76	51	78	50	79	48	79	46	78	43	76	40	74	36	72	32	71	27	71	21	72	15	72	10	71	6	69	3	68	1	66	0	63	0	61	1	59	3	58	6	56	10	55	15	53	20	52	26	52	33	52	39	51	44	50	48	50	51	51	53	52	54	53	54	55	53	57	51	58	48	59	45	60	43	61	42	61	42	
94:
62	1.491	33	63	34	62	35	60	37	57	39	53	41	49	42	46	42	44	41	43	39	43	36	44	32	46	27	48	21	51	15	54	10	56	6	57	3	57	1	56	0	54	0	51	1	47	3	42	4	36	4	31	3	26	3	22	4	19	6	17	9	16	13	16	18	17	24	18	31	18	39	17	47	16	54	14	60	11	65	9	69	8	72	8	74	9	75	11	75	14	74	18	72	23	69	29	65	35	61	42	58	49	56	55	55	60	53	64	51	67	48	69	44	70	40	70	37	69	35	68	34	66	34	64	33	63	33	63	
95:
54	17.049	6	3	7	4	9	6	10	9	10	13	10	18	11	24	11	31	11	39	11	47	10	54	9	60	7	65	6	69	6	72	7	74	9	75	10	75	10	74	9	72	8	69	8	66	9	62	11	57	14	51	18	46	23	42	29	39	36	37	43	35	49	33	55	32	60	32	64	32	67	32	69	32	70	31	70	29	69	26	67	22	64	19	60	17	55	15	49	14	42	14	35	14	29	15	23	15	18	14	14	12	11	9	9	6	7	4	6	3	6	3	
96:
59	1.047	28	53	27	54	27	56	27	59	26	63	24	67	21	71	19	74	18	76	18	77	19	77	21	76	24	74	28	71	33	68	39	65	45	63	52	62	58	62	63	62	68	62	72	61	75	59	77	56	78	52	78	47	77	42	75	36	72	29	68	22	63	16	57	11	50	7	44	4	37	2	31	1	25	1	19	1	14	2	10	4	7	6	5	8	4	9	4	9	5	10	7	11	10	13	14	16	19	20	24	24	28	29	31	34	33	38	34	41	34	44	33	47	31	50	29	52	28	53	28	53	
97:
67	9.467	4	36	4	35	3	33	1	30	0	27	0	23	1	20	2	18	2	17	3	17	4	18	6	20	9	21	13	21	17	20	20	20	23	20	25	21	26	23	26	26	25	28	24	30	23	31	23	31	24	30	26	28	29	25	33	21	38	16	44	11	50	7	57	4	64	2	70	1	75	1	79	2	82	4	85	7	87	11	89	16	90	22	90	29	89	37	87	45	84	52	80	58	75	63	69	67	62	70	54	72	46	73	39	73	32	72	26	70	21	67	17	63	14	58	12	52	11	47	11	43	12	40	12	37	11	35	9	34	7	34	5	35	4	36	4	36	
98:
64	2.081	32	45	32	44	31	42	30	39	28	35	25	31	21	28	16	25	12	23	9	22	6	21	3	21	1	22	0	23	0	25	1	28	3	31	6	35	9	40	11	46	14	52	16	57	18	62	19	66	19	69	18	71	18	72	17	72	17	71	18	69	19	66	21	62	24	57	28	53	33	50	39	48	46	47	54	47	62	47	69	48	75	49	80	49	84	48	87	46	89	43	90	39	90	35	89	30	87	25	84	21	80	18	75	16	70	15	64	15	57	16	51	18	46	21	42	25	39	30	37	35	36	39	35	42	33	44	32	45	32	45	
99:
53	1.365	66	73	67	72	69	72	72	72	75	71	78	70	80	68	81	65	81	61	80	58	78	56	75	54	71	52	66	51	61	49	56	46	52	42	49	37	47	31	46	24	46	18	47	13	48	8	50	4	51	1	51	-1	50	-2	48	-2	45	-1	41	1	38	4	35	8	33	13	32	19	32	26	32	34	31	41	30	47	28	52	27	56	27	59	28	63	30	66	33	68	37	69	42	69	48	68	53	67	57	67	60	68	63	70	65	72	66	73	66	73	