0:
54	3.997	47	58	47	57	47	55	47	52	47	48	48	44	50	39	53	35	56	31	59	28	61	26	63	25	66	25	68	26	69	28	69	31	68	35	66	39	63	42	59	44	54	45	48	47	42	50	35	52	29	54	24	55	19	55	15	54	12	52	10	49	9	46	8	43	8	41	7	40	5	40	2	41	0	43	-2	46	-3	50	-3	55	-2	60	0	64	3	67	7	69	12	70	18	70	24	69	29	69	33	68	37	66	41	63	44	61	46	59	47	58	47	58	
1:
53	1.694	38	22	39	21	41	20	44	19	47	18	51	18	56	17	60	15	63	14	65	14	66	14	66	15	65	17	63	20	62	24	60	29	59	34	59	39	60	43	62	46	63	50	63	55	62	59	60	62	57	64	53	65	49	65	46	64	43	62	40	60	36	57	31	53	26	49	21	46	16	44	12	43	9	43	6	44	4	46	3	47	2	47	2	46	3	44	5	41	8	37	12	33	17	29	23	26	28	24	32	22	35	21	37	21	38	22	38	22	
2:
61	15.789	52	6	53	7	53	9	53	12	53	16	53	19	52	23	50	27	47	30	43	33	39	37	34	42	28	47	22	52	17	56	12	59	8	61	5	62	2	62	-1	61	-3	59	-4	56	-4	52	-3	49	-1	47	0	44	1	42	2	41	2	41	3	42	5	44	8	47	12	49	17	50	23	51	29	51	34	52	38	53	42	54	46	56	49	59	51	61	53	62	55	62	58	61	62	59	65	56	69	52	72	47	74	41	75	34	75	27	74	21	72	16	69	12	66	9	62	7	58	6	55	6	53	6	52	6	52	6	
3:
59	8.196	22	42	23	42	25	41	28	39	32	36	35	32	37	27	38	22	38	18	37	15	35	11	34	7	34	4	35	2	37	1	39	1	40	2	40	4	40	7	41	11	42	16	44	21	47	26	51	30	56	33	60	36	64	40	67	44	69	49	70	55	70	60	69	65	67	69	64	72	60	74	55	75	49	75	42	74	34	72	27	69	21	65	16	62	11	60	7	59	4	59	2	60	1	62	1	63	2	63	4	62	6	60	9	57	13	54	17	51	20	49	22	47	23	45	23	43	22	42	22	42	
4:
53	3.46	62	8	61	9	59	9	56	10	52	11	47	11	41	11	34	11	28	11	22	12	17	12	12	12	8	11	5	9	3	8	2	8	2	9	3	11	5	14	8	16	12	18	16	19	21	21	25	23	28	26	30	30	33	35	36	41	40	48	45	54	49	59	53	63	56	66	58	68	59	69	59	69	58	68	56	66	54	63	52	59	51	54	51	48	52	42	54	36	57	31	60	27	63	23	65	19	66	15	66	12	65	10	63	9	62	8	62	8	
5:
51	4.211	7	51	8	50	10	50	13	51	17	53	21	55	26	58	32	61	39	63	45	65	51	66	56	66	60	65	63	63	65	61	67	60	68	60	68	59	67	58	65	56	62	53	58	50	55	47	51	43	48	38	46	33	45	28	45	24	46	21	48	18	49	16	49	14	48	12	46	11	43	11	39	12	35	13	32	15	29	18	27	22	26	27	26	33	26	38	25	42	23	45	20	47	16	48	13	48	10	49	8	50	7	51	7	51	
6:
54	5.119	4	41	4	40	4	38	5	35	5	31	6	28	7	25	7	23	6	21	5	18	4	14	4	11	5	8	7	6	10	5	14	5	18	6	23	8	27	10	30	13	32	17	33	22	33	28	32	33	30	37	29	40	29	42	30	43	32	43	35	42	39	41	44	41	48	41	52	41	55	42	57	44	58	47	58	51	57	56	55	60	52	63	48	65	43	66	38	66	33	65	27	63	21	60	16	57	12	53	9	50	7	47	5	44	4	42	4	41	4	41	
7:
63	10.325	45	19	44	19	42	18	41	17	41	15	42	12	44	8	47	5	51	3	54	2	56	2	57	3	58	4	58	6	57	9	56	12	56	14	57	15	59	15	62	15	64	16	65	18	65	21	64	25	62	30	59	36	55	42	50	47	46	51	42	54	38	56	35	57	33	58	32	58	32	57	33	55	33	52	32	49	30	45	27	41	23	38	18	36	14	35	10	34	7	33	5	32	4	32	4	33	5	35	7	38	10	41	14	43	19	44	25	44	30	43	35	41	39	38	42	34	44	29	45	25	46	22	46	20	45	19	45	19	
8:
56	18.324	32	27	31	28	31	30	32	33	34	37	36	42	39	48	42	53	46	57	51	60	57	62	62	63	66	63	69	62	72	60	74	57	75	53	75	48	74	42	72	36	69	31	65	26	60	22	54	19	48	17	42	16	35	16	29	17	24	17	20	16	17	14	14	11	12	9	11	6	11	4	12	3	14	3	17	4	21	5	26	5	30	5	33	6	35	8	36	11	36	14	37	16	39	17	41	19	42	21	42	24	41	26	40	28	38	29	35	29	33	28	32	27	32	27	
9:
47	1.337	66	59	67	58	67	56	67	53	66	49	66	45	66	42	65	40	63	39	60	39	56	40	52	40	49	39	47	38	46	37	45	37	44	38	42	40	39	43	35	45	30	46	24	47	18	47	13	46	9	44	6	42	4	41	3	40	3	40	4	41	6	42	9	44	13	47	18	50	22	54	25	57	27	60	30	62	34	63	39	63	45	62	51	60	56	58	60	57	63	57	65	58	66	59	66	59	
10:
58	9.819	31	60	32	59	34	57	37	55	40	53	43	52	47	51	50	51	52	52	53	54	53	57	53	59	53	60	54	60	56	59	59	57	63	54	66	50	68	47	69	45	69	44	68	44	66	43	63	42	59	41	54	39	50	36	47	33	45	30	44	26	44	23	45	21	45	19	45	18	44	18	42	19	40	21	37	23	33	24	28	25	23	25	19	24	16	23	12	22	9	22	7	23	6	25	6	28	6	31	7	35	9	40	12	44	16	48	21	52	25	55	28	57	30	59	31	60	31	60	
11:
53	3.105	65	34	64	34	62	35	59	37	55	39	52	42	50	46	49	50	49	53	50	55	52	58	54	60	55	62	55	64	54	65	52	65	50	65	47	64	43	62	38	59	33	55	28	50	24	44	21	38	19	33	18	29	18	26	19	24	21	21	23	19	26	17	29	14	31	12	32	11	33	11	34	12	35	14	35	17	36	20	38	22	40	23	43	23	47	22	52	20	57	19	61	19	64	20	66	22	67	25	67	28	66	31	65	33	65	34	65	34	
12:
71	69.618	67	0	66	1	64	3	61	5	57	8	52	10	46	11	39	11	33	12	28	12	24	11	21	9	19	6	18	3	18	1	19	0	21	0	24	1	26	3	27	6	27	10	26	15	24	19	22	24	20	28	19	31	19	34	20	36	22	37	25	37	28	38	30	38	32	38	33	37	33	37	32	38	30	40	27	43	23	46	18	48	13	49	9	51	6	52	4	54	3	57	3	60	4	62	6	63	9	63	13	64	18	65	24	66	29	68	33	69	37	69	40	68	42	66	43	63	43	59	44	54	46	49	49	43	53	36	58	28	62	21	65	15	67	10	68	6	68	3	68	1	67	0	67	0	
13:
58	4.66	32	55	31	56	29	58	26	61	24	64	21	66	18	67	16	67	15	66	14	64	14	61	15	57	17	52	20	48	24	44	29	41	35	39	42	38	48	36	53	33	57	29	60	24	62	20	63	16	63	13	62	11	61	10	59	10	58	11	58	13	59	16	60	20	60	25	59	31	59	38	60	46	60	53	61	59	61	64	61	68	60	71	58	73	55	74	51	74	47	73	44	71	42	68	41	64	41	60	42	57	43	55	43	54	42	53	40	53	38	54	35	55	33	55	32	55	32	55	
14:
55	1.269	35	18	36	18	38	19	40	21	42	24	45	28	49	33	53	39	58	46	62	52	65	57	67	61	68	64	68	66	67	67	65	67	62	66	58	65	53	64	47	63	41	63	36	64	30	65	25	67	20	69	14	70	9	70	5	69	2	67	0	64	-1	60	-1	55	0	49	2	43	5	36	9	29	14	23	20	18	27	14	33	11	38	9	42	8	45	7	47	6	48	4	48	3	47	2	45	2	42	3	39	5	37	8	35	12	34	15	34	17	35	18	35	18	
15:
54	3.996	1	24	0	25	-1	27	-2	30	-2	34	-1	38	1	41	4	43	8	44	13	46	19	49	25	51	32	52	40	52	47	51	53	50	58	50	62	51	65	52	67	53	68	53	68	52	67	50	65	47	62	43	60	38	58	33	57	29	57	26	56	24	56	23	55	23	55	22	56	21	58	19	61	16	63	14	64	12	64	11	63	11	61	12	58	13	54	15	49	17	43	18	36	18	29	19	22	21	16	23	11	25	7	26	4	26	2	25	1	24	1	24	
16:
57	5.033	25	50	24	49	23	47	21	46	18	46	14	46	9	46	5	46	2	47	0	49	-1	51	-1	53	0	54	1	54	3	53	6	51	10	48	15	44	20	39	24	33	27	27	29	21	30	15	30	10	29	6	28	3	28	1	29	0	31	0	32	1	33	3	35	6	38	10	42	15	47	21	52	28	56	35	59	42	61	48	62	53	62	57	61	60	59	62	56	63	52	64	47	64	42	63	36	63	31	62	27	62	24	62	22	61	21	59	21	56	22	53	24	51	25	50	25	50	
17:
68	1.246	54	42	53	43	51	43	48	44	45	46	43	47	41	47	40	46	40	44	41	41	43	37	45	33	46	29	46	26	45	24	43	23	40	23	36	24	32	26	29	27	26	27	24	26	23	24	23	21	24	18	26	15	29	13	33	12	37	12	41	13	46	15	50	18	53	22	57	26	60	31	62	37	63	43	63	48	62	52	60	56	57	60	53	65	48	70	42	74	35	77	28	80	22	82	16	83	11	83	7	82	4	80	2	77	1	73	1	68	2	64	4	59	7	55	11	52	16	50	22	49	28	48	34	48	39	47	44	45	48	43	51	42	53	42	54	42	54	42	
18:
64	14.23	68	64	67	64	65	65	62	65	58	65	53	64	47	62	40	59	34	55	29	50	23	44	17	37	12	29	8	22	5	16	3	11	2	7	2	4	3	2	5	1	8	1	12	1	16	2	21	4	25	7	30	11	34	16	37	22	39	27	40	31	40	34	39	37	37	39	36	42	36	44	37	45	39	45	42	44	44	42	45	39	45	37	44	34	42	30	39	25	37	20	36	16	36	13	37	11	39	10	42	10	46	11	51	13	56	16	60	20	63	25	65	30	66	36	66	43	67	49	67	54	66	58	66	61	67	63	68	64	68	64	
19:
61	19.771	62	67	62	66	62	64	63	61	64	57	64	52	63	46	63	39	64	31	66	24	67	17	67	11	67	6	66	2	64	-1	61	-3	57	-4	52	-4	46	-3	39	-1	32	2	26	6	20	10	15	15	11	21	8	27	6	34	5	40	5	46	6	51	8	55	11	58	13	60	16	63	18	65	19	67	19	68	19	68	20	67	22	65	23	62	23	58	23	53	24	48	26	43	28	39	29	36	29	34	28	33	28	33	29	34	31	36	34	39	38	43	43	48	48	53	52	57	56	61	59	64	61	66	62	67	62	67	
20:
61	27.851	69	62	68	62	66	62	63	62	59	63	55	65	50	66	44	66	38	66	33	67	29	67	26	66	24	64	23	62	23	59	24	55	25	50	25	46	24	43	22	39	19	34	16	29	12	25	8	22	5	20	3	19	2	19	2	20	3	20	5	21	7	22	10	22	14	21	19	19	23	16	26	14	28	11	29	8	31	5	34	3	37	2	41	1	45	1	48	2	50	4	51	7	51	11	50	16	49	22	49	29	50	35	50	41	50	47	51	52	53	56	56	59	59	61	63	62	66	62	68	62	69	62	69	62	
21:
52	10.259	58	56	57	55	55	54	53	53	50	53	46	53	41	54	35	55	30	57	26	58	23	58	21	57	20	55	20	52	21	48	22	43	24	37	26	30	28	24	29	18	29	13	28	9	26	6	23	4	19	3	14	2	10	2	7	3	5	5	4	8	4	12	3	17	1	23	0	30	-2	37	-3	43	-3	48	-2	52	0	55	3	58	7	60	12	61	18	61	25	61	32	61	38	60	43	58	48	57	52	56	55	55	57	55	58	56	58	56	
22:
60	32.926	61	10	60	11	58	13	55	14	51	15	46	15	40	14	34	12	28	9	22	5	17	2	13	0	10	-1	8	-1	7	-1	7	0	8	2	10	5	13	8	16	12	18	17	20	23	21	29	21	34	20	38	20	41	21	43	23	44	26	44	30	44	35	44	39	45	44	47	49	50	53	54	56	59	58	63	60	66	61	68	61	69	60	69	58	68	55	66	51	63	48	59	46	54	45	49	45	45	46	42	48	40	51	39	54	37	56	34	58	30	59	25	59	20	59	16	59	13	60	11	61	10	61	10	
23:
48	14.407	32	6	31	7	31	9	32	12	33	16	34	21	34	27	33	33	33	40	33	47	33	53	34	58	34	62	33	65	31	67	29	68	27	68	24	67	21	67	19	68	18	68	17	67	17	65	18	62	20	58	21	53	21	47	20	41	18	36	16	32	13	29	9	27	6	26	4	26	3	26	3	25	4	25	6	25	8	26	11	26	15	25	19	23	22	20	24	16	26	12	29	9	31	7	32	6	32	6	
24:
62	44.033	43	16	42	17	42	19	41	22	39	26	37	31	34	35	30	38	26	40	21	41	15	41	10	40	6	40	3	41	1	43	0	46	0	49	1	52	3	56	6	59	10	61	15	62	21	62	28	61	34	59	39	57	44	56	48	55	52	55	55	54	57	52	58	49	59	45	59	40	58	34	58	29	59	25	61	22	64	20	67	19	69	19	70	20	70	21	69	22	67	22	64	21	60	20	56	18	52	15	49	12	47	8	46	5	46	3	47	2	49	2	50	3	50	5	49	8	48	11	46	13	44	15	43	16	43	16	
25:
57	0.684	14	38	15	37	17	35	20	34	23	34	25	35	26	37	26	40	25	44	24	49	23	54	23	59	24	63	26	66	27	68	27	69	26	69	26	68	27	66	29	63	32	59	36	56	39	54	43	53	46	53	49	54	51	56	52	57	53	57	55	56	57	54	58	51	58	47	57	42	55	36	54	31	54	25	55	18	55	12	54	7	52	3	49	0	45	-2	40	-3	35	-3	30	-2	26	0	23	3	21	7	20	12	19	18	19	23	19	28	18	32	17	35	15	37	14	38	14	38	
26:
62	8.802	65	36	64	37	62	39	59	42	55	45	51	49	46	53	40	57	35	60	31	62	28	63	26	63	25	62	25	60	24	57	24	53	23	48	21	44	18	41	15	39	13	38	12	38	12	37	13	36	15	35	18	35	22	35	27	35	31	34	36	33	40	33	43	33	45	32	46	30	46	27	45	25	43	24	40	22	37	19	33	15	30	10	28	6	27	3	27	-1	28	-4	29	-6	31	-7	34	-7	38	-6	43	-4	49	-2	55	1	60	5	64	10	67	14	69	18	70	22	70	26	69	30	67	33	66	35	65	36	65	36	
27:
60	11.26	43	34	44	34	46	35	49	37	51	40	52	44	52	47	51	49	49	50	46	50	42	49	38	47	34	44	31	40	29	35	28	29	28	22	29	16	31	11	34	7	38	4	43	2	48	1	52	1	55	2	57	3	58	5	58	8	57	12	56	16	54	19	51	22	47	24	42	25	37	25	33	24	28	22	24	20	21	19	19	17	18	15	18	14	19	14	20	15	20	17	20	20	20	24	20	29	20	34	21	38	22	41	24	43	27	44	31	44	35	43	38	42	40	40	42	37	43	35	43	34	43	34	
28:
57	3.835	51	43	52	42	53	41	54	39	54	36	53	32	51	29	48	27	44	24	41	20	39	15	38	10	38	6	39	3	40	1	40	0	39	0	37	1	34	3	31	6	29	9	28	13	26	17	25	20	23	23	22	25	22	26	23	26	25	25	26	23	26	20	25	17	23	14	20	12	16	11	12	11	8	11	4	12	1	14	-1	17	-3	21	-4	26	-4	31	-3	37	-1	42	2	46	6	49	11	52	17	54	24	55	30	55	36	54	41	52	45	49	48	46	50	44	51	43	51	43	
29:
66	29.712	37	2	38	3	38	5	37	8	36	12	34	17	31	21	27	24	24	26	22	27	19	28	15	28	12	27	10	25	9	24	9	24	10	25	12	27	14	30	15	34	15	38	14	41	12	43	9	44	5	45	2	45	0	46	-1	48	-1	51	0	54	2	58	5	61	8	63	12	64	17	64	23	63	30	61	37	58	43	55	48	53	52	51	55	48	57	46	58	43	58	40	57	38	55	37	52	36	48	36	43	37	39	39	35	41	32	42	30	42	29	41	29	39	30	36	32	32	35	28	38	23	40	17	41	12	41	8	40	5	38	3	37	2	37	2	
30:
67	5.401	30	26	29	25	27	23	24	20	20	16	17	13	14	10	12	7	11	4	11	2	12	1	14	1	17	2	21	4	26	7	32	9	38	10	44	11	50	11	56	10	61	8	67	7	72	7	76	8	79	10	81	13	83	17	84	22	84	28	84	34	83	39	81	44	78	48	74	51	69	53	64	54	58	54	51	53	44	52	36	50	28	47	21	44	15	42	10	41	6	41	3	42	1	44	-1	47	-2	51	-2	56	-1	60	1	63	4	65	8	66	12	66	15	65	17	63	19	60	22	56	26	52	29	47	31	41	32	36	32	32	31	29	30	27	30	26	30	26	
31:
59	3.619	54	37	53	38	51	39	48	39	45	40	42	40	40	39	39	37	39	34	40	30	40	25	40	20	39	16	37	12	34	9	31	7	29	6	27	6	26	7	26	9	27	12	28	16	28	21	27	26	25	32	23	37	20	41	16	44	12	47	8	49	5	51	3	54	2	56	2	57	3	57	5	56	8	54	11	52	15	51	20	50	26	50	32	51	39	53	45	56	50	60	54	63	58	65	61	66	63	66	64	65	65	63	66	60	66	56	65	51	63	47	60	43	57	40	55	38	54	37	54	37	
32:
64	14.628	5	5	4	6	2	8	0	11	-1	15	-1	19	0	22	2	24	5	25	9	25	14	24	19	22	25	19	31	16	37	13	42	11	46	10	49	10	51	11	52	13	52	16	51	19	49	23	46	28	42	33	38	39	35	44	33	50	32	55	32	59	33	62	35	64	38	65	42	65	45	64	49	62	53	60	57	59	61	59	64	59	66	58	67	56	68	53	68	50	68	46	69	41	70	36	70	30	69	23	68	17	66	12	63	8	59	5	54	3	48	2	41	1	33	1	26	2	20	4	15	6	11	7	8	7	6	6	5	5	5	5	
33:
59	1.373	12	27	13	27	15	26	18	26	20	27	21	29	21	32	21	36	22	39	24	41	27	42	31	43	36	43	42	42	48	42	54	43	59	45	63	47	66	48	68	48	69	47	69	45	68	42	66	39	63	37	59	34	56	31	53	27	51	24	49	22	48	19	48	16	49	12	51	9	53	7	55	6	56	5	56	5	55	5	53	6	50	8	46	10	41	11	35	11	28	10	22	10	16	9	11	7	7	6	4	6	2	7	1	8	1	10	2	13	4	17	6	21	9	24	11	26	12	27	12	27	
34:
58	16.019	32	32	33	33	33	35	32	38	30	41	29	45	29	50	28	54	26	57	23	59	19	60	14	60	10	59	6	57	3	54	1	50	-1	45	-2	39	-2	32	-1	26	1	20	4	15	8	11	11	8	14	6	16	5	17	5	17	6	17	8	18	11	20	13	23	14	27	14	32	13	38	13	45	13	52	14	58	16	63	19	67	23	70	28	72	32	73	36	73	39	72	41	70	42	67	42	65	41	62	39	59	37	55	34	51	31	47	29	42	28	38	28	35	29	33	31	32	32	32	32	
35:
54	5.592	44	49	43	49	41	50	38	51	34	51	29	50	25	49	21	47	18	44	16	40	15	35	15	30	16	25	17	21	17	17	16	14	14	12	11	11	9	9	8	6	8	4	9	2	11	1	14	1	18	2	23	4	27	7	30	10	34	13	39	15	45	16	51	18	56	19	60	21	63	24	65	28	66	33	66	38	65	44	64	49	64	53	65	57	67	60	68	62	68	63	67	63	65	62	62	60	58	57	54	54	50	52	47	50	45	49	44	49	44	49	
36:
65	2.488	66	62	65	63	63	65	60	66	56	66	51	66	46	65	42	63	38	61	34	60	30	60	27	61	23	62	19	62	14	61	10	59	7	57	5	56	4	56	4	57	5	58	7	59	10	59	14	58	19	56	24	53	28	49	31	45	33	42	34	40	34	38	33	37	31	37	28	37	24	37	21	36	17	34	14	32	12	29	11	25	11	20	12	14	14	9	17	5	21	2	25	0	30	-1	36	-1	42	-2	47	-2	51	-1	55	1	58	4	60	8	61	13	61	19	60	26	58	34	57	41	57	47	58	52	60	56	63	59	65	61	66	62	66	62	
37:
69	2.244	66	3	65	4	63	6	60	8	56	11	51	13	45	14	38	14	32	13	27	11	21	8	16	5	12	3	9	2	5	2	2	3	-1	5	-3	8	-4	12	-4	17	-3	23	-1	29	0	35	0	41	1	46	3	52	4	57	5	61	5	64	4	66	4	67	4	67	3	66	3	64	4	61	5	57	5	52	6	46	8	41	11	37	15	32	20	28	26	25	31	23	35	22	38	22	40	23	43	25	47	28	50	32	52	37	54	41	57	44	60	46	63	47	65	47	66	46	67	44	68	41	68	37	67	32	66	27	66	23	65	18	65	13	65	9	65	6	65	4	66	3	66	3	
38:
55	3.33	1	14	2	13	4	11	7	10	11	10	16	11	21	12	25	14	28	17	30	21	31	26	31	30	31	33	31	35	32	36	34	36	37	35	41	33	46	32	51	31	56	31	60	32	63	34	65	37	66	40	66	44	65	47	63	49	61	50	58	52	54	54	49	57	43	61	37	64	32	66	28	67	25	67	23	66	22	64	22	61	23	57	25	53	26	50	26	48	25	46	23	44	20	41	16	38	12	34	8	29	5	24	3	20	2	17	1	15	1	14	1	14	
39:
52	1.673	67	63	68	62	70	60	72	57	73	53	74	48	74	42	73	35	71	29	68	23	64	18	59	13	53	9	46	6	40	4	34	2	29	1	23	1	18	1	14	2	11	4	9	7	8	11	8	14	9	18	11	21	12	23	12	24	11	24	9	25	7	27	5	29	3	32	2	35	1	38	1	42	2	47	4	52	7	56	11	59	16	61	22	64	28	66	35	69	42	71	48	72	53	72	57	71	61	69	64	66	66	64	67	63	67	63	
40:
67	5.795	19	39	20	38	22	37	25	37	29	38	33	40	37	43	40	46	42	49	43	53	43	58	44	62	45	65	45	67	45	68	46	68	47	67	47	65	48	63	48	60	49	56	51	51	53	45	54	39	54	33	53	27	52	21	52	16	53	12	55	9	58	7	61	6	63	4	64	1	64	-2	63	-5	61	-7	58	-8	54	-8	49	-8	43	-7	37	-5	30	-2	24	2	19	7	14	13	10	20	7	27	5	33	4	38	4	42	5	45	7	47	10	48	14	48	19	47	23	45	26	42	28	39	29	37	29	35	28	34	26	34	23	35	21	36	20	38	19	39	19	39	
41:
73	3.151	4	59	5	58	7	56	10	53	14	51	17	48	20	46	22	45	24	45	25	46	26	48	27	51	29	55	32	60	36	64	41	67	46	69	50	70	53	70	55	69	57	67	58	64	58	60	57	57	55	55	52	53	48	51	43	50	37	49	30	48	23	46	17	43	11	39	6	34	2	29	-1	25	-3	21	-4	18	-4	16	-3	15	-1	14	2	14	6	15	11	17	16	20	22	22	29	23	37	23	44	22	50	20	55	17	59	13	62	9	64	5	65	2	65	0	64	-1	62	-1	59	0	55	2	50	5	44	9	37	14	31	20	25	26	20	33	16	39	12	44	9	49	7	53	5	56	4	58	4	59	4	59	
42:
66	46.165	3	5	2	6	2	8	2	11	2	15	3	20	3	24	2	29	0	35	-3	42	-5	48	-6	53	-6	57	-5	60	-3	62	0	63	2	63	5	62	8	60	12	57	17	53	23	48	30	42	36	36	41	31	46	27	50	24	53	22	55	21	56	21	56	22	55	24	53	27	50	31	47	34	44	36	42	37	40	37	39	36	38	34	38	31	39	27	40	22	40	17	40	12	39	8	37	5	34	3	30	2	27	2	24	3	22	5	21	8	21	12	21	15	21	17	20	18	18	19	15	19	12	18	8	16	5	13	3	10	2	8	2	6	3	5	3	5	
43:
60	6.279	59	62	58	62	56	61	53	61	49	61	44	62	39	64	34	66	29	67	25	69	22	70	20	70	19	69	19	67	20	66	20	64	21	62	21	59	20	55	18	50	15	44	13	38	11	32	9	27	8	23	7	20	7	18	8	17	10	17	13	18	17	20	22	22	28	24	33	25	37	25	40	24	42	22	43	20	43	19	44	19	46	20	49	22	51	25	52	28	54	30	55	33	55	35	54	36	52	36	49	36	47	37	46	39	46	42	47	46	49	51	51	55	54	58	56	60	58	61	59	62	59	62	
44:
61	7.603	17	61	18	62	20	63	23	64	25	64	28	63	30	61	33	58	37	54	40	49	42	43	43	36	43	29	43	23	42	18	40	14	37	10	35	7	33	5	31	4	30	3	30	3	31	4	33	4	36	4	40	5	44	7	48	10	53	13	58	17	62	20	65	22	67	24	68	25	68	25	67	24	65	23	62	23	58	24	54	26	51	29	47	33	42	36	36	38	29	39	22	39	16	38	11	36	7	34	4	33	2	33	1	34	1	36	1	39	2	42	4	46	7	51	11	55	14	58	16	60	17	61	17	61	
45:
52	2.269	13	11	14	10	16	9	19	9	23	8	28	6	33	4	39	3	46	2	52	1	57	1	61	1	64	1	66	2	67	4	67	6	66	9	64	13	61	17	59	21	58	26	58	31	59	35	61	38	62	41	62	44	61	46	59	47	56	47	52	46	49	44	46	42	43	40	39	39	34	39	29	40	24	41	20	43	16	45	12	46	9	46	7	45	6	43	6	40	7	36	7	31	7	26	7	21	8	17	10	14	12	12	13	11	13	11	
46:
56	4.662	61	32	60	31	60	29	61	26	63	22	65	18	67	15	68	13	68	12	67	12	65	12	62	12	58	12	53	13	47	14	40	14	33	15	27	16	22	18	18	21	13	25	9	30	6	36	4	42	3	47	3	52	4	56	4	59	4	61	3	62	1	62	0	63	0	65	1	68	3	71	6	73	9	74	13	74	18	73	24	71	30	68	35	64	39	59	42	53	44	47	45	41	46	36	46	32	47	29	48	27	50	26	52	26	55	27	58	29	60	31	61	32	61	32	
47:
61	13.708	50	25	49	26	47	28	44	29	40	29	35	28	31	26	28	25	26	25	25	26	25	28	26	31	28	34	31	37	35	40	40	44	46	48	52	53	57	58	61	64	64	69	66	73	67	77	67	80	66	84	64	87	61	89	57	90	52	90	46	89	39	87	31	84	24	80	18	75	13	70	9	64	6	57	4	51	3	46	3	40	4	35	6	29	9	23	13	17	18	12	23	8	29	5	34	3	38	1	42	0	45	0	47	1	48	3	48	5	47	8	46	11	46	15	46	19	47	22	49	24	50	25	50	25	
48:
56	4.645	46	45	45	46	43	48	42	50	40	52	39	53	38	53	38	52	37	50	35	49	32	49	28	50	23	52	18	54	13	55	9	55	6	54	4	52	3	49	3	45	3	41	4	36	5	32	7	28	10	25	14	23	19	21	25	20	32	20	39	20	45	21	50	23	54	26	57	29	59	33	60	38	61	44	61	49	60	53	59	56	57	58	55	59	52	59	48	60	45	62	43	64	41	65	39	65	38	64	37	62	37	59	38	55	40	51	43	48	45	46	46	45	46	45	
49:
59	5.643	3	67	3	66	2	65	1	63	-1	60	-2	56	-2	52	-1	49	1	47	4	46	8	46	13	47	18	47	24	46	30	44	35	41	40	37	44	32	47	27	49	22	50	18	50	15	49	13	47	12	45	12	42	13	40	15	37	18	35	22	34	27	32	32	31	36	31	39	32	41	34	42	37	42	41	41	45	39	49	38	52	37	54	37	55	38	55	40	56	43	56	47	55	50	53	52	50	54	46	55	41	55	35	54	29	54	24	55	18	56	13	58	9	61	6	64	4	66	3	67	3	67	
50:
54	12.458	65	50	64	49	62	48	59	47	55	46	50	45	44	44	39	42	34	41	29	39	25	38	22	36	20	35	19	34	19	34	20	33	22	31	25	28	29	24	34	19	39	15	43	12	46	9	48	6	49	4	51	3	53	3	54	4	54	6	53	8	52	11	50	15	47	18	43	21	40	24	38	26	37	28	37	31	38	35	40	38	41	42	42	47	43	52	44	56	46	59	48	61	51	62	55	62	59	61	62	59	64	56	65	53	65	51	65	50	65	50	
51:
48	6.972	41	57	42	58	43	60	45	63	48	65	52	66	56	66	59	65	61	63	62	60	62	56	61	51	60	45	58	39	56	32	55	26	54	21	54	17	53	14	51	12	49	11	47	11	45	12	42	14	40	17	38	21	35	25	31	30	26	34	22	39	19	44	17	48	16	51	16	55	17	58	19	60	22	62	24	63	26	63	27	62	27	60	28	59	30	59	33	59	36	59	38	59	40	58	41	57	41	57	
52:
63	7.276	24	31	25	32	25	34	24	37	23	40	21	43	18	46	15	50	12	54	10	58	9	61	9	63	10	64	12	64	15	63	19	61	24	58	28	54	31	49	33	43	34	36	34	30	33	24	31	19	28	15	26	11	25	8	25	6	26	5	28	5	30	6	33	8	37	11	42	15	48	19	55	22	61	24	66	25	70	25	73	24	75	22	76	19	76	15	75	11	73	7	70	4	66	2	61	1	55	1	48	2	41	4	35	7	30	10	26	14	23	17	21	19	19	20	18	21	18	23	19	26	21	28	23	30	24	31	24	31	
53:
59	17.744	32	5	31	6	29	8	26	9	22	11	18	14	15	18	12	23	9	29	5	35	1	42	-2	48	-4	53	-5	57	-5	60	-4	63	-2	65	1	66	5	66	10	65	15	63	21	61	28	59	34	58	39	58	43	59	46	61	48	64	49	66	50	67	52	67	54	66	56	64	57	61	57	57	56	52	55	46	53	41	50	37	47	34	43	32	39	31	36	31	32	32	28	34	25	36	23	37	21	37	20	36	20	34	21	32	23	29	25	25	26	20	26	15	27	11	29	8	31	6	32	5	32	5	
54:
59	6.91	52	3	51	2	49	1	46	0	42	0	37	1	32	3	28	6	25	9	23	13	21	16	19	18	16	20	14	21	13	21	13	20	14	18	16	17	19	15	22	14	26	14	29	15	31	17	32	20	32	24	31	29	29	35	26	42	23	49	21	55	20	60	19	64	19	67	20	69	22	70	25	70	29	69	34	68	40	67	47	67	53	67	58	67	62	67	65	66	67	64	68	61	68	57	67	53	65	48	62	42	58	35	54	29	51	23	49	18	48	13	48	9	49	6	51	4	52	3	52	3	
55:
56	8.438	33	64	32	63	32	61	33	60	35	59	38	57	42	54	47	50	52	45	56	40	59	35	61	29	62	23	62	18	62	14	61	10	59	7	56	5	52	4	47	4	42	4	38	5	35	7	33	10	32	12	32	13	33	14	33	14	32	13	30	11	27	8	23	5	18	2	14	0	10	-1	6	-1	3	0	1	2	0	5	0	9	1	14	3	18	6	23	9	29	11	36	12	42	12	48	13	53	15	57	18	60	22	63	26	65	29	66	31	66	32	65	33	64	33	64	
56:
53	8.017	8	55	7	56	7	58	7	60	8	61	10	61	13	60	16	58	20	55	24	51	27	46	29	42	30	37	30	31	31	26	33	22	34	19	36	17	39	16	43	16	47	15	51	13	55	10	60	7	65	5	70	4	74	4	77	5	79	7	80	10	80	14	79	18	77	23	75	27	72	30	68	32	63	33	58	33	52	32	47	31	41	30	34	30	27	31	21	31	16	32	12	34	9	37	7	41	6	45	6	49	6	52	7	54	8	55	8	55	
57:
52	2.596	11	63	12	62	14	62	17	61	21	59	26	56	31	52	37	49	44	47	50	46	55	46	59	47	62	49	64	52	65	56	65	60	64	63	62	65	59	66	56	66	54	65	53	63	53	60	54	57	55	53	55	48	56	42	57	35	57	29	56	24	55	20	53	17	50	15	46	14	41	14	35	15	29	17	24	20	20	24	17	27	14	29	12	32	11	34	11	37	12	40	12	44	13	48	13	53	13	57	13	60	12	62	11	63	11	63	
58:
64	6.357	50	48	49	48	47	47	44	47	40	46	36	44	32	41	29	38	27	34	26	29	26	23	27	17	28	12	29	8	29	5	28	3	26	2	23	2	19	3	14	5	9	8	5	12	2	17	0	23	-1	30	-1	37	0	43	2	49	5	54	7	58	10	61	14	63	19	64	25	64	31	63	38	61	45	58	51	54	56	49	60	43	63	36	65	28	66	21	67	15	68	10	68	6	67	3	65	1	64	0	62	-1	59	-1	56	0	53	2	51	5	50	9	49	14	49	20	50	27	52	33	53	38	53	42	52	45	51	47	50	48	50	48	
59:
48	1.459	30	23	30	22	31	20	31	17	30	14	29	12	27	11	24	11	20	12	15	13	11	15	8	18	6	22	5	26	5	30	6	34	8	39	10	45	12	51	13	56	15	60	18	63	22	65	25	66	27	68	28	69	30	69	33	68	37	67	42	65	48	62	53	58	57	53	60	47	62	41	63	35	63	30	62	26	60	22	57	19	53	17	48	16	44	16	40	17	36	19	33	20	31	22	30	23	30	23	
60:
52	1.735	17	48	18	49	18	51	19	54	20	57	22	61	23	65	24	68	24	70	23	71	23	71	24	70	26	68	29	65	33	61	38	56	43	50	47	44	52	38	57	33	61	28	64	24	66	21	67	19	67	18	66	18	64	17	62	15	59	12	55	8	52	4	48	1	44	-1	39	-2	33	-2	26	-1	20	1	15	4	11	7	8	10	6	13	5	15	5	18	6	22	8	26	11	29	13	33	14	38	15	42	16	45	17	47	17	48	17	48	
61:
63	35.703	69	29	68	28	66	26	63	23	59	19	55	16	52	14	50	12	48	11	47	11	47	12	48	14	50	17	53	21	56	25	60	30	64	35	67	40	69	45	70	49	70	52	69	54	67	55	64	55	60	54	56	52	51	49	45	45	40	41	36	37	31	34	25	32	19	31	14	31	10	32	6	34	3	37	1	41	0	46	0	52	1	57	3	61	6	64	10	66	15	67	21	67	28	67	36	66	43	66	49	67	54	67	58	66	61	64	63	62	66	59	69	55	71	50	72	44	72	39	71	35	71	32	70	30	69	29	69	29	
62:
57	23.625	45	58	46	59	46	61	45	63	43	66	40	68	36	69	31	69	27	68	23	66	20	63	18	59	17	56	17	54	18	52	20	49	23	47	25	44	26	40	28	35	29	29	29	23	28	18	26	14	23	11	21	9	19	8	18	8	18	9	19	9	21	8	24	6	28	4	31	3	35	3	38	4	41	6	43	9	45	13	46	18	46	24	47	29	47	33	48	36	50	38	52	39	55	39	57	38	58	38	58	39	57	41	55	44	52	48	49	52	47	55	46	57	45	58	45	58	
63:
56	1.708	26	67	25	66	25	64	26	61	28	57	31	54	35	52	40	51	46	51	51	52	55	52	58	52	60	51	61	49	61	47	62	45	64	42	67	38	69	33	70	27	70	22	69	18	67	15	64	13	60	12	55	11	49	9	43	7	38	6	34	6	29	6	25	7	22	9	20	12	19	16	19	19	20	21	22	23	25	25	29	27	34	30	38	34	42	39	45	44	47	49	48	53	48	56	47	58	45	61	43	63	40	64	36	64	32	64	29	65	27	66	26	67	26	67	
64:
63	9.912	41	21	40	20	38	19	35	19	31	18	28	16	26	13	25	10	25	8	26	6	27	3	29	1	32	0	36	0	41	1	45	3	50	6	54	10	58	15	61	21	63	28	64	34	64	40	63	45	61	49	58	53	54	56	49	58	43	59	36	59	28	58	21	56	15	54	10	53	6	53	3	54	1	55	0	57	0	59	1	60	3	62	6	63	10	64	15	65	21	66	28	66	34	67	39	67	44	66	49	64	53	61	56	57	58	52	59	46	59	40	58	35	56	31	53	28	50	25	47	23	44	22	42	21	41	21	41	21	
65:
56	5.471	64	69	63	69	61	68	58	66	54	63	49	59	44	54	40	48	37	42	34	37	32	33	30	30	28	28	25	27	21	27	17	28	14	30	12	33	10	37	9	42	8	47	6	51	3	54	1	56	0	57	0	58	1	60	3	61	6	63	10	64	15	65	20	65	26	64	32	62	37	59	41	55	44	50	47	46	49	43	50	41	50	40	49	40	47	41	44	43	42	46	41	50	41	55	42	60	44	64	47	67	51	69	55	70	58	71	61	71	63	70	64	69	64	69	
66:
61	4.486	1	28	0	27	-1	25	-1	22	-1	20	0	17	2	13	5	8	9	4	14	0	19	-3	25	-5	32	-6	38	-6	44	-5	49	-3	53	0	56	4	58	9	61	14	65	20	68	26	70	33	71	41	71	48	70	54	68	59	65	63	61	66	56	68	50	69	43	69	35	69	28	70	22	70	17	70	13	69	10	68	8	68	7	67	7	65	8	62	10	59	13	57	17	54	21	52	24	49	27	47	29	46	30	46	30	47	29	47	27	47	24	46	20	44	16	41	11	38	7	34	4	31	2	29	1	28	1	28	
67:
57	3.763	52	58	52	57	52	55	52	53	52	50	52	46	51	42	51	39	51	37	50	36	48	36	46	37	43	39	40	41	36	42	31	42	25	41	20	39	16	36	12	32	9	29	7	27	6	26	6	26	7	27	9	29	11	32	13	36	14	41	14	47	14	52	13	56	11	59	8	61	5	62	3	62	2	62	2	61	3	60	5	60	8	60	12	61	17	61	22	61	26	60	29	59	31	58	32	56	33	54	34	52	36	51	39	51	42	52	46	53	49	55	51	57	52	58	52	58	
68:
57	9.582	39	31	40	30	40	28	41	25	42	21	44	16	47	12	51	8	55	5	58	2	60	0	61	-1	61	-2	60	-3	58	-3	55	-2	51	0	46	3	40	5	33	7	27	9	21	11	16	12	12	12	9	13	7	14	6	14	6	15	7	17	9	19	11	21	12	24	12	28	13	33	15	39	18	45	22	50	26	54	31	57	36	59	41	60	45	60	48	59	50	57	52	54	55	51	57	48	58	44	58	40	57	37	55	35	52	33	49	32	45	31	42	31	40	31	39	31	39	31	
69:
60	2.252	4	69	3	68	1	66	0	63	0	59	1	54	3	50	6	45	10	40	13	34	15	28	16	23	16	19	15	16	13	14	12	13	10	13	7	14	5	15	4	17	4	20	5	24	7	29	9	35	11	40	14	45	18	49	23	52	29	54	35	55	40	55	44	54	48	52	52	49	57	45	61	40	64	34	66	27	67	21	68	16	68	12	67	9	66	7	64	6	61	6	59	7	58	9	56	12	53	16	49	21	44	27	38	34	31	41	25	48	19	54	14	59	10	63	7	66	5	68	4	69	4	69	
70:
61	6.383	41	24	40	25	38	27	36	30	35	34	35	39	36	43	38	46	40	49	42	51	43	54	43	56	42	58	40	59	37	59	33	59	28	58	23	57	19	55	16	52	14	49	13	46	13	44	12	43	10	43	9	44	8	46	6	48	4	49	2	49	1	48	1	46	1	43	2	39	2	34	2	30	3	26	5	23	8	21	12	19	17	18	23	18	30	19	38	19	45	18	51	16	56	13	60	11	63	9	65	8	66	8	66	9	65	11	63	14	60	17	56	19	51	20	47	22	44	23	42	23	41	24	41	24	
71:
64	6.962	40	69	39	70	37	70	34	70	30	69	25	67	21	64	18	60	16	55	15	49	15	42	16	34	16	26	16	19	17	13	18	8	20	4	23	1	27	-1	32	-2	38	-2	43	-1	47	1	50	4	53	6	55	8	56	9	56	9	55	8	53	8	50	9	46	11	41	14	35	18	30	23	26	27	23	30	21	34	20	38	20	42	21	46	23	49	26	51	30	52	35	52	41	52	48	52	54	52	59	52	63	53	66	55	68	58	69	60	69	61	68	61	66	61	63	62	59	64	55	67	50	69	46	70	43	70	41	70	40	69	40	69	
72:
70	10.325	57	67	57	66	56	64	56	61	57	57	59	53	60	48	60	42	60	37	61	32	61	28	60	25	60	23	60	22	61	22	62	23	62	25	61	28	59	32	56	37	52	43	47	49	41	55	34	60	28	64	23	67	19	69	15	70	12	70	10	69	9	67	9	64	10	60	12	55	15	51	18	48	20	46	21	44	21	43	20	42	18	40	15	39	12	37	10	34	9	30	8	25	8	19	9	13	10	8	10	4	9	1	7	-1	4	-2	2	-2	1	-1	1	1	2	4	4	8	7	13	11	19	16	26	22	34	29	41	36	47	42	52	47	57	51	61	54	64	56	66	57	67	57	67	
73:
59	2.246	62	58	61	59	59	61	56	62	54	62	53	61	53	59	54	56	54	52	53	48	51	44	48	40	44	37	39	35	33	34	27	34	21	34	16	35	12	37	8	40	5	43	3	45	2	46	2	46	3	45	5	43	8	41	12	38	17	34	21	29	24	23	26	18	27	14	27	11	26	9	24	8	22	7	21	6	21	4	22	2	24	1	27	1	31	2	34	3	36	5	38	8	40	12	43	17	47	22	52	28	56	33	59	37	62	40	64	44	65	48	65	52	64	55	63	57	62	58	62	58	
74:
60	9.849	55	68	56	67	58	65	61	62	63	58	65	53	66	47	66	40	65	34	63	29	60	24	56	19	51	14	45	9	39	5	34	2	30	0	27	-1	25	-1	24	0	24	2	25	5	27	9	30	14	34	20	37	26	40	33	42	39	44	45	45	50	45	54	44	57	42	59	39	60	35	60	30	61	24	61	18	60	12	58	7	55	3	51	0	47	-2	44	-3	42	-3	40	-2	39	0	39	3	40	7	42	12	45	18	48	25	50	31	53	37	57	42	60	46	63	49	65	52	66	54	67	55	68	55	68	
75:
57	4.511	37	68	36	67	34	65	31	63	28	60	25	56	23	53	22	50	22	48	23	47	25	45	28	43	32	42	37	42	41	43	45	45	50	48	54	51	57	53	59	54	60	54	60	53	59	51	57	48	54	45	50	41	45	36	41	30	38	25	36	21	35	18	35	16	34	15	32	15	29	16	25	18	21	21	16	25	12	30	9	36	6	41	3	47	1	54	0	60	0	65	1	69	3	72	6	74	10	75	15	75	21	74	26	72	30	70	33	68	35	67	36	67	37	68	37	68	
76:
52	4.001	65	3	64	4	62	6	59	9	55	13	50	16	45	18	39	19	34	20	30	20	26	19	23	17	21	16	20	14	20	13	19	13	17	14	14	14	10	14	7	15	5	17	3	20	2	24	2	28	3	33	5	39	8	44	12	48	17	51	22	53	28	54	34	54	41	53	47	52	52	52	56	53	59	54	62	54	65	53	67	51	69	48	70	44	70	39	69	33	67	26	64	20	62	15	61	11	61	8	62	6	64	4	65	3	65	3	
77:
55	1.133	39	42	40	41	42	39	45	36	49	32	54	29	58	26	61	24	63	23	64	23	64	24	63	26	61	29	60	33	60	37	60	42	60	48	60	53	59	57	57	60	54	62	51	64	49	65	46	65	42	64	37	62	31	59	25	55	20	50	16	44	13	37	11	31	10	25	10	20	11	16	12	12	13	9	15	7	17	6	20	6	24	7	28	9	32	12	35	16	37	20	38	23	38	25	37	26	35	27	34	29	34	32	35	36	36	39	38	41	39	42	39	42	
78:
55	2.514	68	30	68	31	69	33	71	36	74	39	77	43	79	47	80	52	80	56	79	59	77	61	74	62	70	62	65	61	60	59	54	58	47	58	41	58	36	57	31	55	27	53	23	51	20	50	18	50	17	51	17	53	18	56	18	59	17	61	15	62	12	62	8	63	5	63	3	62	1	60	0	57	0	53	1	48	2	42	3	35	5	29	8	24	11	20	15	17	20	15	26	14	33	14	40	14	47	15	53	17	58	20	62	24	65	27	67	29	68	30	68	30	
79:
52	2.093	30	69	30	68	31	66	31	63	31	59	32	54	33	48	35	42	37	37	38	33	40	29	43	26	47	24	51	23	54	22	56	20	57	17	57	13	56	9	54	6	51	4	47	3	43	3	39	4	36	6	34	9	33	13	33	18	34	23	36	27	39	30	43	32	47	33	52	33	56	34	59	36	61	39	62	43	62	48	61	54	59	59	56	63	53	66	49	68	44	69	39	69	35	69	32	68	30	67	29	67	29	68	30	69	30	69	
80:
60	4.3	4	67	3	66	1	64	0	61	0	58	1	56	3	55	6	53	9	51	13	48	16	44	18	39	19	33	21	27	24	22	28	18	32	15	37	13	43	12	50	11	56	9	61	8	65	8	68	9	70	11	71	14	71	18	70	23	68	29	65	34	61	38	56	41	51	43	45	44	40	44	36	43	33	41	31	38	30	36	30	35	31	35	33	36	36	38	40	41	43	44	45	48	46	53	46	57	45	60	43	62	40	63	36	63	31	62	25	62	19	62	14	62	10	63	7	64	5	66	4	67	4	67	
81:
60	15.9	34	18	35	18	37	17	40	15	44	13	47	10	50	6	52	2	53	-1	53	-3	52	-4	50	-4	47	-3	43	-2	38	0	33	3	29	7	26	12	24	18	23	24	23	30	24	36	25	41	27	45	30	48	34	50	39	51	43	52	46	54	48	56	49	59	49	63	48	67	46	70	43	72	39	73	35	73	30	72	26	70	23	67	20	63	16	60	11	57	7	53	4	49	2	44	1	39	1	35	2	32	4	30	7	29	11	29	16	30	21	30	25	29	28	27	30	24	31	21	33	19	34	18	34	18	
82:
55	0.981	24	58	24	59	25	61	27	64	30	67	34	70	38	72	43	73	47	73	50	72	52	71	53	69	53	66	52	62	50	57	47	51	45	46	44	42	44	39	45	37	46	36	47	36	47	36	46	35	44	34	41	34	37	33	34	31	32	28	30	25	29	21	29	16	30	12	31	8	33	5	35	3	36	2	36	2	35	3	33	4	30	6	26	9	21	13	17	18	14	23	12	29	11	36	11	42	12	47	13	51	15	54	18	56	21	57	23	57	24	58	24	58	
83:
57	3.077	25	2	26	3	28	5	31	8	33	12	35	17	36	23	36	29	35	36	33	42	31	47	29	51	27	55	24	59	20	62	16	64	12	65	9	65	7	64	6	62	6	60	7	58	9	57	12	56	16	54	21	52	26	50	30	48	35	47	41	45	46	42	50	40	53	39	57	39	60	40	63	42	65	44	66	45	67	46	69	46	70	45	70	43	70	40	69	36	67	31	65	27	63	22	60	16	56	11	51	7	46	4	40	2	35	1	31	1	28	2	26	2	25	2	25	2	
84:
65	9.208	25	41	26	42	28	44	30	47	31	49	32	50	32	50	31	49	29	47	26	44	23	40	20	35	16	29	12	22	9	16	7	10	6	5	6	1	7	-2	9	-4	12	-5	16	-5	21	-5	26	-4	32	-2	37	1	41	5	44	10	46	14	47	18	47	22	46	26	45	29	45	31	46	33	48	34	50	34	53	33	57	33	61	34	64	36	66	39	67	43	67	48	66	53	64	57	61	60	57	62	52	63	46	63	39	63	33	63	28	64	24	65	20	65	17	64	15	62	14	59	14	55	15	51	17	47	19	44	22	42	24	41	25	41	25	41	
85:
57	6.362	59	44	58	44	56	44	54	45	51	47	47	49	44	52	42	56	41	61	41	65	42	68	44	70	47	71	49	71	50	70	50	68	49	65	47	62	44	58	40	54	35	51	29	49	23	48	18	48	14	47	10	46	7	45	5	43	4	40	4	36	5	32	7	28	10	24	14	21	19	19	25	18	30	18	34	19	37	21	39	24	41	26	43	27	46	27	50	26	55	24	59	23	62	23	64	24	65	26	65	29	65	33	65	37	65	40	64	42	62	43	60	43	59	44	59	44	
86:
55	7.666	30	0	29	1	27	3	24	5	20	8	16	12	11	17	7	23	4	28	2	32	1	35	1	38	2	41	4	44	7	48	11	52	15	55	20	57	26	58	31	60	35	63	38	67	42	70	47	72	52	73	57	73	61	72	64	70	66	67	67	65	67	62	66	58	64	53	61	47	57	41	54	35	52	30	51	26	51	23	52	21	54	20	57	20	59	20	60	20	60	19	59	17	57	14	54	11	50	7	45	4	40	2	36	1	33	1	31	1	30	0	30	0	
87:
54	0.894	36	28	35	29	33	31	32	33	32	36	33	40	35	43	37	45	38	47	38	50	37	54	35	57	32	59	29	60	26	60	24	59	23	57	23	56	22	56	22	57	21	59	20	61	18	63	15	65	11	66	8	66	6	65	5	63	4	60	3	56	3	51	4	45	4	38	5	31	6	24	8	18	11	13	15	9	18	6	20	4	21	2	21	1	22	1	22	2	21	4	20	7	20	11	21	16	23	20	26	23	30	25	33	27	35	28	36	28	36	28	
88:
55	16.096	46	43	45	44	43	44	40	44	36	44	31	43	27	42	22	42	18	43	13	45	9	48	6	51	4	53	3	55	3	56	4	56	6	55	9	54	12	52	14	49	15	45	16	41	16	38	17	36	19	35	21	35	22	34	22	32	21	29	19	26	16	24	14	21	13	19	13	18	14	18	16	17	17	15	18	12	18	8	17	5	16	3	16	2	17	2	19	3	21	5	24	8	27	12	31	17	34	22	36	28	38	33	41	37	43	40	45	42	46	43	46	43	
89:
54	0.884	31	33	32	34	34	34	36	33	37	31	37	28	36	26	36	25	35	25	35	26	36	28	37	30	39	31	41	31	43	30	45	28	47	27	50	27	52	28	53	30	53	33	53	37	53	42	53	47	52	53	50	58	47	62	44	66	40	69	35	71	29	72	24	72	19	71	15	69	12	66	10	62	8	58	7	54	7	51	8	49	10	47	13	46	17	46	22	46	27	47	31	48	34	48	36	47	37	45	37	42	36	39	34	36	32	34	31	33	31	33	
90:
61	24.874	13	11	14	12	16	14	19	17	22	21	24	26	25	32	25	39	24	46	24	53	24	59	25	64	27	68	30	71	33	73	37	74	42	74	46	73	49	71	51	68	52	64	52	59	51	54	49	50	46	45	44	40	43	35	43	30	44	24	46	19	49	14	52	10	55	7	58	5	60	4	61	4	61	5	60	7	58	9	55	12	51	14	48	15	44	15	39	14	35	12	32	9	30	7	29	5	28	4	28	4	27	5	27	7	28	10	28	13	27	15	25	16	22	16	19	15	16	14	14	12	13	11	13	11	
91:
60	1.515	46	6	45	5	43	3	40	1	36	0	33	-1	31	-1	30	0	30	2	31	3	33	3	36	3	39	4	43	6	46	9	48	13	50	17	51	20	51	22	50	24	48	26	46	29	45	33	44	38	44	44	43	49	41	53	38	56	34	58	29	59	24	59	19	58	15	56	12	54	10	53	9	53	9	54	9	56	10	59	12	63	13	66	15	68	18	69	22	69	27	68	33	66	39	63	44	60	48	56	52	52	55	47	57	41	58	34	58	27	57	21	55	16	52	12	49	9	47	7	46	6	46	6	
92:
62	3.632	27	66	26	65	24	65	21	66	17	66	13	65	10	63	8	60	7	56	7	51	7	45	8	38	8	30	7	23	7	17	8	12	10	8	12	5	15	3	19	2	24	2	29	3	33	5	36	8	40	11	44	14	47	16	50	17	52	17	54	16	57	16	61	17	64	19	66	22	67	25	67	29	66	33	64	36	62	39	60	41	58	42	57	43	57	45	58	48	60	50	62	51	64	51	66	50	67	49	67	49	66	50	64	52	61	55	57	59	53	63	48	66	42	68	37	69	33	69	30	68	28	67	27	66	27	66	
93:
47	0.897	16	32	16	31	17	30	19	29	20	29	22	30	23	32	25	35	28	39	32	44	35	49	39	54	43	58	46	61	48	63	49	64	49	64	48	63	46	61	43	59	39	58	36	58	32	57	29	55	27	52	24	49	20	45	15	40	9	34	4	27	0	21	-3	16	-5	12	-6	9	-6	7	-5	6	-3	6	0	7	3	8	7	10	10	13	12	17	13	22	13	26	14	29	15	31	16	32	16	32	
94:
55	7.237	14	6	13	7	12	9	10	12	7	16	5	21	4	27	4	32	5	38	7	44	10	49	13	53	17	56	22	58	28	60	33	61	37	61	40	60	42	58	43	55	43	51	43	46	42	40	40	33	39	26	39	20	40	15	41	11	43	8	45	6	48	5	52	5	57	6	61	8	64	11	66	15	67	20	68	24	68	27	67	29	65	30	62	30	58	29	54	27	50	24	46	21	41	19	36	16	31	12	26	9	22	7	19	6	17	5	15	5	14	6	14	6	
95:
63	1.198	22	20	21	21	19	23	16	25	14	28	13	32	12	37	12	43	12	49	13	54	15	58	17	61	20	63	24	64	29	64	35	63	41	61	46	58	51	54	55	49	60	43	64	38	67	33	69	29	70	26	70	24	69	23	67	23	64	24	62	26	61	29	61	33	61	37	62	42	62	46	62	49	62	51	61	52	61	52	61	51	60	49	58	46	55	42	51	38	47	33	43	27	40	20	37	14	34	9	30	5	25	2	21	0	17	-1	14	-1	12	0	11	1	11	3	12	6	14	10	16	14	19	17	21	19	22	20	22	20	
96:
57	10.824	2	3	1	4	-1	6	-3	9	-4	13	-4	17	-4	22	-3	28	-1	34	2	39	6	43	11	46	17	49	24	51	31	52	37	52	43	52	48	51	52	50	55	49	57	47	58	44	58	41	57	38	55	34	52	29	49	25	47	20	46	16	46	11	47	7	49	4	51	2	52	1	52	1	51	2	49	3	46	4	42	6	38	7	34	9	31	12	29	16	28	20	28	23	29	25	29	26	28	26	26	25	24	23	21	20	17	17	12	13	8	9	5	6	3	4	2	3	2	3	
97:
63	2.019	51	36	50	37	49	39	47	42	44	46	40	50	35	53	31	56	28	59	26	61	25	63	24	66	24	68	25	70	27	73	30	75	34	78	39	80	45	81	51	81	56	80	60	78	63	75	65	71	66	66	66	60	65	53	65	47	66	42	67	38	67	35	66	33	64	32	61	31	59	31	58	31	58	30	59	28	61	25	63	21	66	16	68	10	69	5	69	1	68	-3	67	-6	65	-8	62	-9	58	-9	53	-8	48	-6	44	-3	41	1	39	6	38	11	38	16	39	20	41	25	43	29	45	32	48	34	50	35	51	36	51	36	
98:
62	18.493	67	48	66	48	65	49	63	49	60	48	56	46	53	43	51	39	50	34	50	28	51	21	53	15	56	10	58	6	59	3	59	1	58	0	56	0	53	1	50	3	47	6	45	10	43	14	41	18	38	22	34	25	29	27	25	28	22	28	19	27	17	27	16	28	16	30	17	33	19	35	20	37	20	40	19	42	17	44	14	47	10	49	7	52	5	54	4	56	3	58	3	61	4	63	6	64	9	64	13	63	18	63	24	63	31	63	39	62	46	62	52	61	57	59	61	57	64	54	66	51	67	49	67	48	67	48	
99:
60	9.475	28	49	28	48	28	46	27	43	27	39	28	34	30	28	33	23	36	18	39	14	42	10	44	5	45	1	45	-2	44	-4	42	-5	39	-6	35	-6	30	-5	24	-3	17	0	11	4	6	8	2	12	-1	16	-3	21	-4	27	-4	32	-3	36	-1	39	1	41	4	42	8	42	11	43	13	45	14	47	14	50	13	54	12	59	11	63	11	66	12	68	14	69	17	69	21	70	25	70	30	69	34	69	38	68	41	66	43	63	44	59	44	55	43	52	41	50	38	48	34	47	31	47	29	48	28	49	28	49	