0:
36	0.81	18	16	17	15	15	13	14	11	12	10	9	10	7	11	5	13	3	16	2	18	2	19	2	19	2	18	3	16	3	13	2	11	2	10	3	9	4	8	6	7	8	5	9	3	9	1	9	0	9	0	10	1	12	3	15	4	17	5	18	6	18	8	17	10	16	12	16	14	17	15	18	16	18	16	
1:
31	0.151	10	19	11	18	12	18	14	18	17	18	19	17	20	15	20	12	19	10	18	8	17	7	15	6	12	5	9	4	7	2	6	1	4	1	1	2	-1	4	-2	7	-2	9	-1	11	0	13	2	14	5	14	8	13	10	13	11	14	11	16	10	18	10	19	10	19	
2:
35	0.174	13	4	14	5	16	7	18	10	19	12	19	13	18	13	16	12	14	11	11	10	8	9	5	9	3	10	2	11	2	13	3	16	5	18	7	19	9	20	10	20	10	19	9	17	7	14	5	10	4	6	2	3	1	1	1	0	2	0	3	1	5	2	7	2	10	2	12	3	13	4	13	4	
3:
36	0.289	17	16	16	15	14	13	11	12	8	12	6	12	4	13	3	15	3	17	2	18	1	18	0	17	0	15	0	12	0	8	-1	5	-1	3	0	1	2	0	5	0	7	1	9	3	12	4	15	4	17	3	19	3	20	4	20	6	19	8	17	9	15	9	14	10	14	11	15	13	16	15	17	16	17	16	
4:
33	0.252	13	17	14	17	16	17	18	17	19	16	19	14	18	11	17	8	17	6	17	4	16	3	16	3	15	4	13	6	11	8	10	10	8	11	5	11	2	10	0	10	-1	11	-1	13	0	16	0	20	1	23	3	25	6	26	9	26	11	25	13	23	14	20	14	18	13	17	13	17	
5:
33	0.286	8	7	9	6	11	4	13	2	15	1	16	1	16	2	16	3	17	4	18	5	18	5	17	6	16	8	15	11	14	14	12	16	9	18	7	19	6	19	6	18	6	16	5	15	3	15	1	14	-1	12	-2	9	-2	7	-1	5	1	4	4	4	6	5	7	6	8	7	8	7	
6:
29	0.57	4	1	5	1	6	1	6	0	7	-1	9	-2	11	-2	14	-1	16	1	17	3	17	6	18	10	19	13	19	15	19	17	18	18	18	18	17	17	16	15	14	13	11	12	8	12	6	11	5	9	5	6	6	4	6	2	5	1	4	1	4	1	
7:
36	0.864	0	0	1	1	3	2	5	2	8	3	12	5	15	6	17	7	18	9	19	12	19	15	18	17	16	18	13	18	10	18	8	18	7	17	7	16	8	15	10	14	11	12	11	10	10	9	8	9	7	10	7	11	7	12	8	12	8	11	7	9	5	8	2	7	0	5	-1	3	-1	1	0	0	0	0	
8:
36	0.618	6	11	5	10	3	8	1	5	0	2	0	0	1	-1	2	-1	3	0	5	2	7	4	8	6	8	8	9	10	11	11	13	11	14	10	14	8	15	6	15	4	15	3	15	3	14	4	14	6	14	9	14	11	13	12	11	12	10	13	10	15	10	16	9	16	7	15	6	13	6	12	6	11	6	11	
9:
28	0.229	4	6	5	5	6	5	6	6	5	8	5	10	6	11	8	11	11	11	13	12	15	14	16	16	16	18	15	19	13	19	10	18	6	17	3	17	1	17	0	16	0	15	1	15	3	14	4	13	4	11	3	9	3	7	4	6	4	6	
10:
31	0.306	17	2	16	1	14	-1	11	-2	8	-2	5	-1	3	1	2	3	2	6	3	9	4	11	4	12	3	13	2	13	2	12	3	10	5	9	8	8	11	7	13	7	14	8	14	10	14	12	13	13	12	13	12	12	13	10	13	7	14	5	16	3	17	2	17	2	
11:
36	0.204	11	10	12	11	13	12	14	12	16	11	17	11	17	12	16	13	14	15	11	17	8	18	5	18	3	17	2	16	2	14	2	11	1	7	1	4	2	2	3	1	3	1	4	2	6	3	8	3	9	2	9	1	8	0	7	0	6	1	6	3	7	5	7	8	7	10	8	11	10	11	11	10	11	10	
12:
37	0.577	5	19	6	18	8	16	10	14	11	12	11	11	10	11	8	10	5	8	3	5	1	2	0	0	0	-1	0	-1	1	0	2	2	4	4	7	5	9	5	10	4	10	3	9	1	9	-1	10	-2	12	-2	15	-1	18	1	20	3	21	6	21	10	20	14	18	17	15	19	11	20	8	20	6	19	5	19	5	19	
13:
37	1.318	7	13	8	12	8	11	9	10	11	10	14	11	17	11	19	10	20	8	20	5	19	2	17	0	14	-1	11	-1	7	0	4	0	2	0	1	1	1	2	2	3	3	3	5	3	6	4	6	5	7	7	9	8	12	10	14	12	15	15	15	17	14	18	12	19	9	19	7	18	6	16	6	14	7	13	7	13	
14:
38	0.325	0	4	1	5	3	7	6	10	8	12	9	13	9	13	8	12	7	10	7	8	8	6	10	5	13	4	15	4	16	4	17	3	17	3	16	4	15	6	15	9	16	11	17	12	17	14	16	17	14	19	11	20	7	20	4	19	2	17	1	14	1	10	2	7	3	5	4	3	4	2	3	2	1	3	0	4	0	4	
15:
36	0.451	6	16	6	15	6	13	5	10	5	7	4	4	3	2	3	1	3	1	4	2	5	3	6	3	8	2	10	1	13	0	16	0	18	1	19	3	19	5	18	7	16	8	14	8	13	7	12	7	12	8	11	10	9	12	6	13	3	13	1	13	0	13	0	12	1	12	3	13	5	15	6	16	6	16	
16:
34	1.136	13	17	14	17	16	17	18	16	19	14	19	12	18	10	16	9	14	8	11	6	9	3	8	1	7	0	7	-2	8	-3	10	-3	12	-3	13	-2	13	0	12	3	10	5	7	8	5	10	2	11	0	11	-1	11	-1	12	0	14	2	15	5	15	7	15	10	16	12	17	13	17	13	17	
17:
34	0.256	11	8	12	8	14	8	16	9	17	9	17	10	16	11	16	13	15	16	13	18	10	19	7	19	5	18	4	16	4	14	5	12	7	11	10	11	12	10	13	8	13	5	12	3	10	2	7	1	4	1	2	2	1	4	1	5	2	5	4	6	6	7	8	7	10	7	11	8	11	8	
18:
36	1.824	19	12	18	13	17	14	15	14	13	13	11	11	10	9	10	7	11	6	12	6	12	7	11	8	9	10	6	13	4	15	1	16	-1	16	-2	15	-2	13	-1	10	1	6	3	3	4	1	6	0	9	0	11	1	12	2	13	4	15	5	18	5	20	5	21	6	21	8	21	10	20	11	19	12	19	12	
19:
32	0.459	12	3	12	4	12	5	13	6	15	6	16	5	16	5	17	6	18	7	19	7	19	8	18	10	16	11	13	11	9	12	6	13	4	14	3	14	3	13	4	11	6	10	7	10	7	9	6	9	4	8	3	7	3	6	4	4	6	3	9	3	11	3	12	3	12	3	
20:
34	0.312	13	17	14	16	14	15	13	13	12	12	12	10	11	8	9	6	7	5	4	5	2	6	1	8	1	11	2	13	4	15	6	16	9	16	12	15	14	13	15	10	15	7	14	5	14	3	15	2	17	2	19	3	20	5	21	8	21	11	20	14	18	16	16	17	14	17	13	17	13	17	
21:
36	0.698	11	10	11	11	11	12	11	14	10	16	9	17	7	17	6	16	6	14	6	11	6	9	7	8	9	8	12	9	15	9	18	8	20	6	21	3	21	1	20	0	18	0	15	1	12	1	9	0	7	0	6	1	6	3	5	5	3	8	2	10	2	11	3	11	5	12	8	12	10	11	11	10	11	10	
22:
27	0.326	17	3	16	3	15	4	15	6	16	7	16	8	15	8	13	9	11	10	9	11	8	12	8	14	7	17	5	19	3	20	2	20	1	19	1	17	1	14	2	11	3	8	5	6	8	5	11	5	14	5	16	4	17	3	17	3	
23:
35	0.232	8	16	9	15	11	14	12	14	12	15	12	16	13	16	15	17	16	17	16	16	15	16	13	16	11	17	9	18	7	19	6	19	6	18	6	16	7	13	8	10	10	8	11	5	11	2	10	0	8	-1	5	-2	3	-2	2	-1	2	1	3	4	3	7	4	10	5	13	7	15	8	16	8	16	
24:
32	0.145	10	14	11	13	11	11	12	9	14	6	16	3	17	1	17	0	18	0	18	1	18	2	19	2	19	3	19	5	20	7	20	8	19	8	17	7	15	5	12	3	9	1	5	0	2	0	0	1	-1	3	-1	6	0	9	2	12	4	14	7	15	9	15	10	14	10	14	
25:
33	0.685	9	19	8	18	6	17	3	15	1	12	0	10	0	9	1	8	3	7	6	7	8	6	9	4	9	3	10	2	11	2	11	3	12	5	14	7	16	9	18	11	19	14	19	16	18	17	16	17	15	16	13	15	12	15	12	16	13	17	13	19	12	20	10	20	9	19	9	19	
26:
28	0.088	13	5	14	5	15	5	17	6	19	8	20	11	20	13	19	14	18	14	16	13	15	12	15	10	14	9	12	9	10	10	8	12	6	13	5	13	4	12	4	10	3	9	3	7	4	6	5	5	7	5	10	4	12	4	13	5	13	5	
27:
34	0.285	14	13	14	12	13	10	13	8	14	6	16	5	18	5	19	6	20	8	20	11	19	14	17	17	14	20	10	22	6	23	3	23	1	22	0	20	0	17	0	14	1	11	3	9	6	8	8	8	9	7	9	5	9	4	10	4	10	5	10	7	11	9	13	11	14	12	14	13	14	13	
28:
33	0.224	11	1	10	2	10	4	10	7	10	10	11	12	11	13	10	13	8	14	5	14	2	15	0	16	-1	18	-1	19	0	20	2	20	5	20	8	19	10	18	12	18	14	19	15	19	15	18	15	17	16	15	18	12	19	8	19	5	18	3	16	2	14	2	12	2	11	1	11	1	
29:
38	0.507	19	15	18	14	16	14	13	15	10	17	6	19	3	20	1	20	0	20	0	19	1	19	3	18	6	16	9	13	11	9	12	6	12	4	11	3	9	2	6	2	4	3	3	5	3	6	4	8	6	9	8	9	10	8	12	6	14	5	16	5	17	6	17	8	17	11	17	13	17	15	17	16	18	16	19	15	19	15	
30:
28	0.445	0	2	1	3	3	5	4	8	4	11	4	15	5	18	5	20	6	21	7	21	8	20	8	18	8	15	9	12	11	8	14	5	16	3	18	2	19	2	19	1	18	1	16	2	13	4	10	5	6	5	3	4	1	3	0	2	0	2	
31:
36	0.218	4	11	4	10	3	8	3	5	4	3	4	2	5	2	7	3	10	5	12	6	13	6	13	5	14	4	15	2	16	1	18	1	19	1	19	2	18	4	17	7	16	9	15	11	15	13	16	14	18	14	19	15	19	16	18	18	16	19	13	19	9	19	6	18	4	16	3	14	3	12	4	11	4	11	
32:
32	0.259	4	17	5	17	7	17	9	17	11	17	14	16	16	14	17	11	17	9	18	8	18	6	17	4	15	2	14	1	12	1	11	2	11	4	10	5	8	7	6	8	4	8	3	7	2	6	2	5	1	5	1	6	0	7	0	9	1	12	2	14	3	16	4	17	4	17	
33:
29	0.148	16	5	16	4	15	3	13	2	11	1	8	1	6	1	5	2	4	4	4	7	5	10	6	12	6	15	7	18	9	20	11	21	14	21	16	20	17	18	17	15	16	13	14	12	12	11	11	10	11	8	12	7	13	7	15	6	16	5	16	5	
34:
36	0.323	19	18	18	18	16	17	15	15	15	13	15	10	16	6	16	3	17	1	18	0	18	-1	17	-1	15	-1	12	0	8	0	5	-1	3	-1	2	0	2	2	3	5	5	7	6	10	6	12	5	13	3	14	2	15	1	16	1	18	2	19	4	19	7	18	10	18	13	18	16	18	18	18	19	18	19	18	
35:
34	0.158	1	1	2	1	4	0	7	0	9	1	10	2	10	3	9	5	7	7	6	10	6	12	7	13	9	13	12	12	15	11	17	9	18	7	18	6	17	6	17	7	16	9	16	12	15	15	14	17	12	18	10	18	7	17	4	16	2	14	0	11	-1	7	-1	4	0	2	1	1	1	1	
36:
38	0.638	1	10	1	9	2	7	3	5	3	3	3	2	3	2	3	3	4	5	6	7	8	8	9	8	10	7	10	5	11	3	13	2	16	2	18	3	19	4	19	6	18	7	16	9	15	10	15	11	16	12	17	12	17	13	16	15	14	17	12	18	10	18	9	17	8	15	7	12	5	10	3	9	2	9	1	10	1	10	
37:
33	0.148	5	18	6	17	8	17	9	16	9	15	10	15	11	16	13	18	15	19	16	19	17	18	17	16	16	13	16	10	15	8	13	7	12	7	12	6	11	5	9	4	6	3	3	3	1	4	0	6	0	8	1	11	1	14	0	17	0	19	1	20	2	20	4	19	5	18	5	18	
38:
31	0.211	19	19	18	18	17	16	16	13	14	11	13	9	12	8	12	8	11	9	11	11	11	14	11	16	10	17	8	17	5	16	3	14	2	11	2	8	2	5	3	3	5	1	7	0	9	0	12	1	15	3	18	6	20	9	21	13	21	16	20	18	19	19	19	19	
39:
35	0.193	9	14	9	15	8	17	6	19	3	20	1	20	0	19	0	17	0	15	1	13	3	10	5	6	7	3	8	1	10	0	13	-1	15	-1	16	0	16	2	15	3	13	4	11	5	10	7	10	9	11	11	12	14	14	16	16	17	17	18	17	19	16	19	14	18	12	16	10	15	9	14	9	14	
40:
35	0.157	4	14	5	14	7	15	9	16	12	18	15	19	17	19	18	19	18	18	17	17	16	17	14	16	13	15	13	14	14	14	16	13	18	11	19	9	19	8	18	8	16	8	13	8	10	8	6	7	3	6	1	5	0	5	0	5	1	6	2	6	4	7	5	9	5	11	4	13	4	14	4	14	
41:
29	0.153	8	17	9	17	11	18	13	19	14	19	14	19	13	18	11	16	10	13	10	10	11	8	13	7	15	6	17	4	18	2	18	1	17	0	15	0	12	1	9	3	6	6	4	8	3	9	2	9	2	10	3	12	5	14	7	16	8	17	8	17	
42:
36	0.391	12	13	11	13	9	13	7	14	6	16	6	18	7	19	9	20	12	20	14	19	15	17	15	15	15	12	14	8	12	5	9	3	6	2	3	2	1	3	0	4	0	4	1	3	2	1	4	0	7	0	9	1	10	2	12	3	15	3	17	4	18	6	18	8	17	9	15	10	13	12	12	13	12	13	
43:
34	0.199	0	17	0	16	0	14	1	11	1	9	1	8	2	8	3	9	4	10	5	10	7	9	10	7	14	5	17	4	19	4	20	5	20	5	19	6	17	7	16	9	16	11	15	14	14	16	12	17	11	17	11	16	10	14	8	12	6	11	3	11	1	12	0	14	0	16	0	17	0	17	
44:
34	0.18	11	10	11	9	12	8	13	6	13	3	12	1	10	0	7	0	5	1	4	3	4	6	5	8	6	9	7	10	7	10	6	10	4	11	3	12	3	14	4	16	6	17	9	18	11	19	13	19	14	18	16	16	18	14	19	13	19	11	18	9	16	8	14	8	12	9	11	10	11	10	
45:
33	0.544	1	6	2	7	4	9	5	11	5	13	4	15	4	16	5	18	7	19	10	19	13	18	16	17	18	15	19	13	19	12	18	12	17	11	17	9	17	6	17	3	17	1	16	0	16	0	16	1	15	2	13	2	12	1	10	0	7	0	4	1	2	3	1	5	1	6	1	6	
46:
32	0.82	7	18	6	17	4	15	2	14	1	14	1	15	2	15	3	15	5	14	8	13	11	12	13	10	14	7	14	4	14	2	14	1	15	1	17	2	18	3	18	5	18	8	19	11	19	13	19	14	18	14	16	14	14	15	13	16	12	18	10	19	8	19	7	18	7	18	
47:
41	1.143	3	14	2	14	2	13	2	11	1	8	1	5	2	2	4	0	7	-1	11	-1	14	0	16	0	17	0	17	1	16	2	14	2	13	3	13	5	12	8	10	10	7	13	5	15	4	16	4	18	5	19	7	19	10	19	12	18	15	17	17	16	18	14	18	11	17	9	15	8	12	8	8	9	5	11	3	13	2	14	2	14	3	14	3	14	
48:
31	0.081	11	12	12	11	14	11	16	11	17	12	17	12	16	12	14	13	12	15	10	17	9	18	9	18	8	17	6	17	5	18	3	18	2	17	1	15	0	12	0	8	1	5	2	3	2	2	1	1	1	1	2	2	3	4	5	7	8	9	10	11	11	12	11	12	
49:
36	0.192	17	0	16	1	15	3	13	5	10	6	7	6	4	7	2	9	1	12	1	15	1	17	2	18	4	18	5	17	7	15	8	13	8	12	9	11	11	11	13	12	15	13	16	15	17	16	19	16	20	15	20	13	19	11	17	10	15	9	14	9	14	8	15	6	17	4	18	2	18	1	17	0	17	0	
50:
39	0.356	9	6	8	7	7	9	5	10	4	10	4	9	5	7	6	4	8	2	11	1	14	1	16	2	17	3	17	5	18	8	18	12	17	16	16	19	14	21	11	22	8	22	6	21	5	19	5	16	6	14	6	11	5	8	3	5	2	3	2	2	3	1	5	1	7	1	9	0	10	0	11	1	11	3	10	5	9	6	9	6	
51:
33	0.486	19	5	20	6	21	8	21	11	21	14	20	16	18	17	15	17	11	16	7	16	3	17	0	18	-2	18	-4	17	-5	15	-5	12	-4	10	-2	9	1	9	3	8	4	6	5	5	6	5	6	6	6	8	6	9	7	9	9	8	12	7	15	5	17	4	18	4	19	5	19	5	
52:
29	0.096	3	6	2	5	0	3	-1	2	-1	2	0	2	2	1	5	1	7	2	8	4	8	7	7	10	6	12	5	15	5	17	6	18	7	18	9	17	12	17	14	17	15	16	15	14	14	11	13	9	11	7	8	6	6	6	4	6	3	6	3	6	
53:
36	0.154	14	1	13	1	11	2	9	4	7	7	6	10	5	12	5	13	6	13	6	12	6	10	5	7	3	4	1	2	0	1	0	1	1	1	3	2	4	4	4	6	3	7	2	9	2	11	2	14	3	17	4	19	6	20	9	20	12	19	15	17	17	14	18	11	18	7	17	4	15	2	14	1	14	1	
54:
42	0.341	10	11	11	11	12	12	13	13	13	13	12	12	12	11	11	9	10	6	10	3	11	1	13	0	15	0	17	1	18	3	18	6	19	8	19	11	19	14	18	16	16	17	13	17	10	16	6	16	3	17	1	18	0	19	0	19	1	18	3	17	4	15	4	12	3	10	1	8	0	7	0	7	1	7	3	8	6	10	8	11	9	11	10	11	10	11	
55:
35	0.467	19	13	18	14	16	15	13	15	9	16	5	17	2	18	0	18	-1	17	-1	15	0	13	2	12	4	12	6	13	7	13	7	12	7	10	7	7	6	5	4	3	3	1	3	0	4	0	6	1	9	2	12	2	14	2	15	1	16	1	18	2	20	4	21	7	21	10	20	12	19	13	19	13	
56:
30	0.765	4	2	3	1	1	1	-1	1	-2	2	-2	3	-2	5	-1	8	1	10	4	11	8	13	11	16	13	18	15	19	16	19	16	18	17	16	17	15	18	14	19	14	19	13	18	13	16	14	13	14	10	13	8	11	7	8	6	5	5	3	4	2	4	2	
57:
29	0.133	18	1	17	0	15	0	14	0	14	1	14	3	13	4	11	5	10	7	8	8	6	8	4	8	2	8	1	7	1	5	1	2	2	0	4	-1	6	-1	7	0	8	2	8	4	9	6	11	7	14	7	16	6	17	4	18	2	18	1	18	1	
58:
33	0.295	15	13	15	12	15	10	14	7	14	4	13	2	13	1	14	1	16	1	18	1	19	2	19	3	18	3	16	2	13	1	11	0	10	0	9	1	7	3	5	4	4	6	4	8	5	9	7	11	9	14	10	16	10	18	9	19	9	19	10	18	12	16	14	14	15	13	15	13	
59:
38	0.17	9	13	8	14	6	15	4	15	2	15	1	15	1	14	2	14	3	13	3	12	2	12	1	11	0	9	0	7	0	6	1	6	3	7	6	7	10	6	13	5	15	5	16	6	16	8	15	10	14	13	14	15	14	17	15	18	17	18	18	17	19	15	19	14	18	14	16	15	13	15	11	14	10	13	9	13	9	13	
60:
34	0.965	15	7	16	8	17	9	17	11	16	14	14	16	11	17	7	17	4	18	2	18	1	19	0	19	0	18	1	18	3	17	4	15	4	12	5	10	7	9	8	9	10	9	11	8	11	6	10	4	10	3	11	2	13	0	15	-1	17	-1	18	0	18	2	17	4	16	6	15	7	15	7	
61:
31	0.241	4	8	5	7	7	5	10	3	12	1	15	0	17	0	18	0	18	1	17	2	16	4	16	7	16	10	15	12	13	14	11	16	8	17	6	18	5	18	4	17	2	15	1	12	1	9	0	7	0	6	1	6	3	7	4	7	5	7	5	8	4	8	4	8	
62:
37	0.907	1	17	2	16	4	14	5	11	5	7	4	4	2	2	1	1	0	0	0	0	1	1	3	2	5	3	8	5	12	7	15	8	17	8	18	7	18	5	19	3	19	2	18	2	18	3	17	5	17	8	16	11	15	13	13	14	12	16	12	18	12	19	11	19	9	18	6	17	4	17	2	17	1	17	1	17	
63:
34	0.244	10	6	9	5	7	4	5	4	4	5	4	7	5	10	7	13	9	15	11	17	14	18	16	18	17	17	17	17	16	18	14	19	11	19	8	19	5	18	3	16	2	14	1	11	1	8	0	5	0	3	1	1	3	0	6	0	9	0	11	0	12	1	12	3	11	5	10	6	10	6	
64:
37	0.069	11	13	11	14	10	16	8	17	6	17	3	16	1	14	0	11	-1	7	-1	4	0	2	2	1	5	1	8	2	10	4	11	5	13	5	15	4	17	2	18	1	18	0	17	0	17	1	16	3	16	6	17	10	17	13	17	15	17	16	16	16	16	15	15	14	15	12	14	11	12	11	11	12	11	13	11	13	
65:
38	0.507	6	0	7	1	9	3	11	4	14	4	16	3	18	2	20	2	22	3	23	5	23	8	22	12	20	15	19	17	19	18	18	18	18	17	17	15	15	13	12	11	8	9	5	8	3	8	2	9	2	11	3	14	4	17	6	19	8	20	10	20	12	19	13	17	13	14	12	10	10	6	8	3	7	1	6	0	6	0	
66:
39	0.473	4	5	5	6	6	8	7	11	7	14	6	16	5	18	5	19	6	19	6	18	7	16	8	15	10	15	11	16	12	18	14	19	16	20	17	20	18	19	18	17	17	15	15	14	13	12	12	10	12	9	13	9	15	9	17	8	18	6	18	3	17	1	15	0	13	-1	10	-1	7	-1	5	0	4	2	4	4	4	5	4	5	
67:
38	0.185	15	9	16	9	17	8	17	6	16	4	14	3	12	3	11	4	11	6	11	7	10	7	8	7	6	6	3	6	1	5	0	3	0	2	1	2	3	2	5	3	7	5	8	7	8	9	7	11	5	14	4	16	4	19	5	21	7	23	10	24	13	24	15	23	17	21	18	18	18	15	17	12	16	10	15	9	15	9	
68:
37	0.504	9	19	8	18	6	17	4	16	3	15	3	14	4	13	4	11	4	8	5	6	7	5	10	4	14	3	17	3	19	4	20	6	20	8	19	10	19	11	18	11	18	12	18	13	17	14	15	14	14	13	13	11	12	9	12	8	11	8	10	9	10	11	11	13	12	15	12	17	11	18	10	18	9	19	9	19	
69:
36	0.544	14	3	14	4	14	6	14	9	15	13	15	16	14	18	13	19	11	19	8	19	5	19	3	18	2	16	1	14	1	12	1	11	2	11	2	10	1	8	0	5	0	3	1	1	3	0	5	0	6	1	6	3	7	6	9	8	12	9	15	9	17	9	18	8	18	6	17	5	15	4	14	3	14	3	
70:
34	1.331	18	12	17	12	16	13	15	14	15	14	16	15	17	17	17	18	16	18	14	17	11	16	9	14	7	12	6	9	4	7	3	5	3	4	4	4	6	5	8	6	10	6	11	5	13	4	15	3	16	3	16	2	17	1	18	1	18	2	18	4	19	7	19	9	18	11	18	12	18	12	
71:
30	0.22	5	7	4	7	2	8	1	8	0	7	0	5	1	4	3	4	6	5	9	5	11	5	14	4	16	2	17	1	17	1	18	2	18	4	18	7	18	10	19	13	19	15	18	16	16	17	13	17	11	16	10	14	9	12	7	10	6	8	5	7	5	7	
72:
35	0.387	14	15	15	14	16	12	17	11	17	11	16	12	14	13	11	13	8	12	5	12	3	13	2	14	2	15	3	15	4	14	6	12	7	11	7	9	7	6	6	4	4	3	3	3	3	4	4	5	6	5	8	4	10	4	11	5	11	6	11	8	10	9	10	10	11	12	13	14	14	15	14	15	
73:
37	0.354	13	7	14	8	16	10	18	11	19	12	19	14	18	16	17	17	15	17	14	16	13	14	13	11	12	9	10	8	9	8	8	9	8	11	8	14	8	16	7	17	6	17	4	16	3	14	1	11	0	8	0	5	1	3	3	2	6	2	10	3	13	3	15	3	16	3	16	4	15	6	14	7	13	7	13	7	
74:
24	0.14	6	5	6	4	6	2	5	1	3	1	1	2	0	3	0	5	0	7	1	9	2	11	3	14	5	16	8	17	11	17	13	16	14	14	14	13	13	12	11	11	9	10	7	8	6	6	6	5	6	5	
75:
31	0.219	18	3	17	2	15	1	12	1	9	1	7	1	6	2	4	3	2	3	1	4	0	5	0	7	1	10	3	13	4	15	6	16	9	16	12	16	14	17	15	17	15	16	14	14	12	11	10	8	9	6	9	5	10	5	12	5	15	5	17	4	18	3	18	3	
76:
32	0.073	13	7	12	8	12	10	11	12	9	14	7	16	6	18	5	19	4	19	4	18	4	16	5	14	6	12	6	9	5	6	3	4	2	3	1	3	1	4	2	6	4	7	7	8	10	10	12	13	13	15	14	16	16	16	17	15	17	13	16	10	14	8	13	7	13	7	
77:
32	0.158	0	15	0	14	0	12	1	9	3	7	4	4	5	2	7	1	10	1	13	2	15	4	16	7	16	10	16	13	17	16	17	18	16	19	14	21	11	22	9	22	7	21	6	19	6	17	6	15	7	13	7	12	6	12	4	13	2	15	1	16	0	16	0	15	0	15	
78:
32	0.074	10	4	11	4	13	3	16	2	18	2	19	3	19	5	18	8	18	12	19	15	19	17	18	18	17	18	16	17	16	16	16	15	17	15	18	14	18	14	17	13	15	12	12	12	9	13	6	15	4	16	3	16	3	15	4	13	6	10	8	7	9	5	10	4	10	4	
79:
37	0.199	6	13	6	12	5	10	4	7	4	4	4	2	4	1	5	1	5	2	5	4	4	7	4	10	3	12	3	13	4	13	6	12	9	10	12	7	14	4	15	2	16	1	16	1	15	2	13	4	12	6	11	9	11	12	12	15	14	17	15	18	15	18	14	17	12	15	9	13	7	12	6	12	6	13	6	13	
80:
32	0.15	15	8	16	9	18	9	19	8	19	7	18	6	16	4	13	2	11	1	9	0	7	-1	5	-1	4	0	4	2	4	4	5	7	6	10	6	12	7	13	8	13	10	12	11	11	12	11	14	12	15	13	16	13	16	12	16	10	15	8	14	7	14	7	15	8	15	8	
81:
39	0.489	11	10	12	11	14	13	15	16	15	18	16	19	17	19	18	18	18	16	19	13	19	10	18	8	18	6	18	4	17	3	15	3	12	4	9	5	7	7	5	9	4	11	3	12	2	12	1	11	0	9	-1	6	-2	3	-2	1	-1	0	0	0	0	1	0	3	1	5	3	6	5	6	8	6	10	7	11	9	11	10	11	10	
82:
31	0.194	1	6	2	5	4	3	7	1	10	0	13	0	15	1	16	2	18	4	19	7	19	10	18	13	16	15	13	16	11	17	9	17	8	16	8	15	8	13	9	11	11	10	13	10	14	11	14	11	13	10	12	9	10	8	7	8	4	8	2	7	1	6	1	6	
83:
30	0.277	8	15	7	16	6	16	5	16	5	15	6	14	8	14	10	15	12	17	14	18	15	18	15	17	15	15	15	12	16	8	16	5	15	3	13	1	12	0	11	0	11	1	12	3	13	5	13	6	12	8	10	9	9	10	9	12	9	14	8	15	8	15	
84:
25	0.041	10	6	11	7	12	8	13	8	13	9	12	11	11	13	11	16	12	18	12	19	11	19	10	19	8	18	5	16	2	14	0	11	-1	8	-1	5	0	3	2	2	4	2	6	3	7	4	9	5	10	6	10	6	
85:
31	0.564	5	10	4	11	4	13	5	15	5	17	6	18	8	18	10	18	11	17	11	15	12	14	14	13	17	12	19	10	20	9	20	8	19	8	17	8	14	7	12	6	9	4	6	3	4	1	3	0	3	0	4	1	6	3	7	6	7	8	6	9	5	10	5	10	
86:
35	0.491	18	7	17	8	17	10	18	12	19	14	19	16	18	18	16	19	13	20	11	20	9	19	8	17	8	15	8	13	7	12	5	12	2	12	0	11	-1	9	-1	7	0	6	2	6	5	7	7	8	9	8	10	7	10	5	10	3	11	2	13	2	16	2	18	3	19	4	19	6	18	7	18	7	
87:
31	0.228	4	11	3	11	2	11	2	12	3	14	4	16	6	17	9	17	11	17	13	18	14	18	14	17	14	15	14	12	14	10	15	9	17	8	19	6	20	4	20	2	19	1	17	1	15	2	12	3	8	4	5	4	3	5	2	6	2	8	3	10	4	11	4	11	
88:
31	0.355	15	0	14	0	13	1	12	3	12	5	13	6	15	8	16	11	17	13	17	15	16	16	14	18	13	19	12	19	11	18	9	18	8	19	6	19	5	18	5	16	6	13	8	11	9	8	9	4	8	1	8	-1	9	-2	10	-2	12	-2	14	-1	15	0	15	0	
89:
34	0.126	11	17	12	16	13	14	14	12	14	9	15	7	17	5	18	4	18	4	17	3	15	3	12	2	8	2	5	2	3	2	2	3	2	5	3	7	4	9	5	11	5	12	4	12	3	11	1	11	0	12	-1	14	-1	16	0	18	2	19	4	20	7	20	9	19	10	18	11	17	11	17	
90:
29	0.184	16	2	15	3	13	5	10	8	7	10	5	11	4	12	4	13	5	15	6	16	7	18	8	19	8	20	7	20	5	19	3	17	1	14	0	10	0	6	1	3	3	1	5	0	7	0	8	1	10	3	11	4	13	4	15	3	16	2	16	2	
91:
28	0.339	19	17	18	17	16	17	14	16	13	14	13	12	14	11	14	9	13	8	11	8	8	7	5	7	3	8	2	10	2	12	2	13	3	13	3	12	4	12	5	13	5	15	6	18	8	20	10	21	13	21	16	20	18	18	19	17	19	17	
92:
36	0.287	8	11	7	10	7	9	8	9	10	9	13	8	16	7	18	5	19	3	19	1	18	0	16	0	13	1	11	1	9	1	8	0	6	0	5	1	5	3	6	5	6	8	5	11	3	13	2	14	2	14	3	15	5	17	8	18	11	18	13	17	14	17	14	16	13	15	11	13	9	12	8	11	8	11	
93:
40	0.401	17	7	17	6	18	4	19	2	19	1	18	1	16	2	13	4	9	7	6	9	4	12	2	14	0	15	-2	15	-3	14	-3	12	-3	9	-2	6	0	3	3	1	5	0	6	0	6	1	5	3	4	6	4	8	5	9	7	9	10	10	12	12	13	15	13	17	12	18	12	18	13	17	15	15	16	13	17	10	17	8	17	7	17	7	
94:
31	0.253	13	14	14	14	15	13	17	11	18	8	18	4	18	1	17	-1	15	-2	14	-2	12	-1	9	0	7	2	6	5	6	9	5	12	4	15	2	17	1	18	1	19	2	20	4	20	6	20	9	19	11	18	12	17	12	16	11	16	11	15	12	14	13	14	13	14	
95:
33	0.204	2	16	2	15	2	13	3	10	3	7	4	5	5	4	6	4	6	5	5	6	3	7	2	9	2	10	3	11	5	11	6	10	7	10	8	11	8	13	9	16	10	18	12	19	15	19	17	18	18	16	18	14	17	13	15	12	12	12	8	13	5	14	3	15	2	16	2	16	
96:
35	0.488	8	19	7	18	5	16	3	13	2	10	2	8	2	7	1	7	1	8	2	9	4	11	7	12	10	12	13	11	15	9	16	6	16	3	15	1	13	0	11	0	10	0	10	1	11	2	13	4	16	7	18	9	19	10	19	12	18	13	16	15	13	17	11	19	9	20	8	20	8	19	8	19	
97:
38	0.426	0	12	0	13	-1	15	-1	17	0	19	2	20	5	20	9	19	12	19	14	18	15	16	16	13	16	11	16	10	16	10	17	11	19	11	20	10	20	8	19	5	17	3	15	1	14	0	13	0	13	1	14	2	15	4	15	6	14	7	12	7	9	6	7	5	6	5	6	6	5	8	3	10	1	11	0	12	0	12	
98:
40	0.225	12	13	13	13	14	12	14	10	13	9	12	9	12	10	13	11	15	12	17	12	19	11	20	9	21	6	21	4	20	3	18	2	15	2	11	3	7	4	4	4	2	3	0	1	-1	0	-1	0	0	1	1	3	2	6	2	10	2	14	2	18	2	21	3	23	5	24	8	24	11	23	13	21	14	18	14	16	13	14	12	13	12	13	
99:
36	0.281	15	1	14	1	12	2	9	3	6	5	4	7	3	9	3	11	4	14	5	16	6	17	8	17	9	18	9	19	8	20	6	20	3	19	0	19	-2	18	-3	16	-3	14	-2	11	0	9	2	8	5	8	9	9	13	11	16	12	18	12	20	12	21	11	21	9	20	6	18	4	16	2	15	1	15	1	