0:
63	28.663	52	27	51	27	49	28	47	30	46	33	46	37	47	42	49	46	52	49	55	51	57	53	58	55	58	58	57	60	55	61	52	61	48	60	43	59	37	59	31	60	26	62	20	64	15	65	10	65	6	64	3	62	1	59	0	57	0	56	1	54	3	53	6	51	9	48	13	44	16	40	18	35	19	29	19	23	19	17	18	12	16	8	14	5	13	3	13	2	13	2	13	3	14	4	16	6	17	9	17	13	18	18	19	22	20	26	22	30	25	33	28	35	32	36	37	36	42	35	46	33	49	30	51	28	52	27	52	27	
1:
66	34.78	54	3	53	2	51	0	48	-2	44	-3	39	-3	33	-2	27	-1	22	1	17	4	13	8	10	13	7	19	5	25	4	32	4	39	5	45	6	50	8	54	11	57	15	59	20	60	25	60	31	60	37	59	42	57	46	54	50	52	53	50	55	47	56	43	56	38	55	32	53	27	50	23	46	20	41	18	36	16	32	15	29	15	27	15	26	16	26	18	26	21	27	25	29	29	32	32	36	34	41	35	45	35	48	34	50	32	51	29	51	25	50	20	49	15	49	11	50	8	52	6	55	5	57	5	58	5	58	4	57	4	55	3	54	3	54	3	
2:
54	5.453	18	29	17	29	16	29	14	30	11	32	7	35	4	39	2	44	1	48	1	51	2	53	4	54	7	54	11	54	15	53	19	51	23	49	27	47	30	46	32	46	33	47	35	49	38	51	42	53	45	54	49	54	53	54	56	54	58	53	59	51	60	48	61	44	61	39	60	34	58	30	55	27	53	25	51	24	49	24	48	25	48	27	49	30	49	33	48	35	47	37	45	38	42	38	38	37	33	36	28	34	24	32	21	30	19	29	18	29	18	29	
3:
57	6.679	40	20	40	19	41	17	43	14	45	10	47	6	50	3	52	1	53	0	55	0	56	1	56	3	55	6	53	10	50	14	46	19	42	25	39	30	37	34	36	37	36	39	37	41	39	43	41	46	42	50	42	53	41	55	39	56	36	57	34	57	32	56	29	54	25	52	22	49	20	45	19	40	17	36	14	33	12	30	9	28	5	27	2	27	0	28	-1	30	-1	33	0	35	2	36	5	36	9	36	14	36	20	35	25	33	30	30	34	26	37	23	39	21	40	20	40	20	
4:
64	6.541	9	18	8	18	6	19	5	21	3	24	2	28	2	33	3	39	5	44	8	48	12	51	17	53	23	55	29	56	34	56	39	55	43	53	47	52	50	52	52	53	53	55	53	56	52	56	52	55	52	53	53	50	54	46	54	41	54	35	53	29	52	24	52	19	52	14	53	10	55	7	56	5	56	4	56	4	55	5	53	7	51	10	48	13	44	17	40	20	36	22	32	24	28	26	25	27	23	27	22	26	22	24	23	21	23	17	23	14	23	12	24	11	24	11	23	12	21	14	18	16	15	18	12	19	10	19	9	18	9	18	
5:
60	10.545	23	29	24	28	26	27	29	25	33	24	38	24	44	25	49	25	53	24	56	23	58	22	59	22	59	23	58	25	56	28	54	32	52	36	51	39	51	41	52	42	52	44	51	47	49	51	46	55	42	59	37	62	31	64	26	65	22	65	19	64	17	62	16	59	16	55	15	52	13	48	10	45	8	43	6	41	5	38	5	36	6	35	8	34	10	32	13	31	16	29	18	26	19	22	19	18	20	15	22	13	24	12	27	12	29	13	30	14	30	16	29	19	27	23	25	26	24	28	23	29	23	29	
6:
57	6.845	4	52	5	51	7	49	10	47	14	45	18	42	21	38	23	33	24	28	24	22	23	17	22	13	21	10	19	8	16	7	14	7	11	8	9	10	8	13	8	16	9	19	11	23	14	26	17	28	21	29	25	29	30	28	34	26	39	25	44	24	48	23	52	21	55	20	57	20	59	21	60	23	60	26	60	30	59	34	57	39	54	43	52	46	49	48	45	49	41	51	38	54	36	58	33	61	29	63	24	64	19	64	14	63	10	61	7	58	5	55	4	53	4	52	4	52	
7:
67	17.131	56	45	55	46	53	48	50	50	46	51	42	53	37	55	31	56	25	56	20	55	16	54	13	52	10	51	8	51	7	52	7	53	8	53	10	52	13	51	16	49	18	46	19	42	21	39	24	37	28	35	33	34	39	34	44	33	48	31	51	28	54	24	56	19	57	14	57	10	56	7	54	5	51	4	48	4	45	5	42	7	39	10	36	13	32	15	27	16	21	16	16	16	12	15	9	13	7	10	6	6	6	3	7	1	8	0	10	0	12	1	15	3	19	6	23	10	28	15	32	21	36	27	41	32	46	36	50	39	53	42	55	44	56	45	56	45	
8:
58	0.585	39	15	38	14	37	12	37	11	38	9	40	7	43	4	45	2	46	1	46	-1	45	-3	43	-4	40	-4	36	-5	32	-5	29	-4	27	-2	26	0	26	2	27	5	27	8	26	10	24	13	21	16	18	18	14	21	11	25	8	29	6	32	5	36	5	41	6	46	6	50	5	53	3	55	2	56	2	56	3	55	5	54	8	54	12	55	16	56	21	58	27	59	33	59	38	58	42	56	45	54	47	51	48	47	48	42	47	36	47	30	46	25	44	21	42	18	40	16	39	15	39	15	
9:
62	8.238	28	4	29	5	29	7	30	9	31	12	31	16	30	21	28	26	25	30	21	33	18	35	14	36	10	36	7	35	5	33	3	31	2	30	2	30	3	31	5	32	8	34	12	37	16	41	21	44	27	47	33	51	38	54	42	56	46	58	49	59	51	59	52	58	52	56	51	53	51	49	52	44	53	38	53	31	54	25	55	20	55	16	54	13	52	11	49	10	47	8	46	5	45	1	43	-2	41	-4	38	-5	34	-5	29	-5	25	-4	22	-2	20	1	19	4	19	6	20	7	22	7	25	6	27	5	28	4	28	4	
10:
53	4.551	54	3	53	4	51	6	50	9	48	13	45	18	41	22	36	25	32	27	29	28	27	29	26	30	26	32	27	35	27	39	26	43	24	46	21	50	17	53	13	55	10	56	8	56	6	55	5	54	5	52	5	49	4	46	3	43	2	40	2	36	3	32	5	29	8	27	12	24	15	20	17	16	18	13	20	10	23	8	25	7	28	7	32	8	37	9	41	9	44	8	46	6	47	3	49	1	52	0	54	0	55	1	55	2	54	3	54	3	
11:
71	191.798	46	49	47	50	48	52	49	54	49	56	48	57	46	57	44	56	41	54	37	51	34	48	31	44	28	41	25	38	23	35	22	31	22	26	23	22	25	19	27	17	30	16	34	15	39	15	44	16	48	18	51	21	53	25	54	30	54	36	53	42	51	47	48	52	44	56	39	59	33	61	26	62	19	62	13	61	8	59	3	56	-1	52	-4	47	-6	41	-7	35	-7	30	-7	26	-6	23	-4	21	-1	20	3	20	8	19	12	17	15	14	17	11	18	8	19	6	19	5	19	5	18	6	18	8	19	11	21	15	24	19	28	23	33	28	37	34	40	39	43	43	45	46	46	48	46	49	46	49	
12:
67	18.575	27	31	28	32	30	34	33	36	37	39	42	41	46	43	49	45	51	48	52	52	52	55	51	57	49	58	46	58	42	57	38	55	33	52	27	48	21	45	15	41	10	38	6	36	3	35	1	34	0	33	0	31	1	30	3	30	6	30	9	29	13	27	18	25	24	24	31	24	37	24	42	24	46	24	49	23	51	22	52	20	52	18	51	17	49	17	46	16	42	14	39	11	37	7	35	4	32	2	28	1	23	0	19	0	16	1	13	3	10	6	8	10	7	14	7	18	8	21	9	23	11	24	14	24	17	25	21	26	24	28	26	30	27	31	27	31	
13:
59	24.939	47	29	46	28	44	27	43	25	43	22	44	18	46	13	49	9	52	6	54	4	55	2	55	1	55	1	56	2	56	4	55	7	54	11	52	16	49	21	45	26	42	30	39	33	36	35	33	36	30	36	26	35	21	33	15	31	10	30	6	30	3	31	1	33	0	35	0	38	1	42	3	47	6	51	10	54	13	56	16	57	18	57	19	56	19	54	18	51	16	47	14	43	13	38	13	34	14	31	16	29	19	28	23	28	28	28	33	28	37	29	41	30	44	30	46	30	47	29	47	29	
14:
54	3.684	48	22	47	21	45	19	44	18	44	17	45	16	47	15	50	15	53	15	55	15	56	16	56	18	55	21	53	24	50	26	46	27	42	27	39	27	37	26	36	24	36	21	36	17	35	13	33	10	30	7	26	5	23	4	20	4	16	5	11	5	7	5	4	5	2	6	1	8	1	11	1	15	2	19	4	24	7	28	11	32	14	36	16	39	17	41	19	42	22	42	26	42	31	41	36	39	40	36	43	32	45	28	46	25	47	23	48	22	48	22	
15:
56	5.241	8	29	7	30	7	32	6	35	5	38	5	40	5	42	5	43	6	43	8	42	10	40	13	37	17	34	20	31	22	29	23	27	24	26	26	26	28	27	30	29	33	31	36	34	40	38	44	43	48	47	51	51	54	54	56	56	58	57	61	57	64	56	66	54	67	51	67	47	67	42	66	37	64	33	61	29	57	26	52	23	46	21	39	19	31	17	24	16	18	16	13	16	9	17	6	19	4	22	3	24	3	25	4	25	6	25	7	26	7	28	8	29	8	29	
16:
57	2.977	9	45	10	46	10	48	11	49	13	49	16	48	19	46	21	44	22	43	22	43	21	44	21	46	22	49	24	53	27	56	30	58	34	59	38	59	43	58	47	56	50	54	52	52	53	51	53	50	52	48	50	45	47	41	45	36	44	31	44	27	45	23	47	20	49	16	50	12	50	9	49	7	47	6	44	6	40	7	35	9	30	12	26	16	21	19	16	21	12	22	9	22	6	21	4	21	3	22	3	24	4	27	6	31	8	35	9	39	10	42	10	44	9	45	9	45	
17:
60	8.302	2	54	1	53	-1	51	-3	48	-5	44	-6	39	-7	33	-7	26	-6	20	-4	15	-1	10	3	6	8	3	12	1	15	0	18	0	20	1	21	3	21	6	22	10	24	15	27	21	30	27	33	34	35	40	36	45	37	49	37	52	38	54	40	55	43	55	47	54	52	52	56	49	59	46	61	42	62	37	62	31	61	25	59	20	56	16	52	12	48	9	44	7	39	6	34	6	29	7	25	9	22	12	20	16	18	21	16	27	14	33	11	38	7	42	4	45	2	48	1	51	1	53	2	54	2	54	
18:
63	2.112	1	21	2	22	4	23	7	23	11	22	16	20	21	17	26	14	31	10	35	6	38	2	41	-1	45	-3	48	-4	51	-4	54	-3	56	-1	57	2	57	5	56	8	54	10	52	12	51	15	51	19	52	24	53	29	55	35	56	40	56	45	56	49	55	52	53	54	51	55	49	55	46	54	43	52	39	50	34	49	30	49	25	50	20	52	16	54	13	55	11	55	10	54	10	52	11	49	13	45	15	42	16	40	16	38	15	37	13	37	10	38	7	38	5	37	3	35	2	32	1	29	1	27	0	24	0	22	1	21	1	21	
19:
71	51.426	52	32	51	32	49	31	48	29	47	26	47	23	48	19	50	16	51	13	51	11	50	8	48	4	45	0	41	-3	36	-5	30	-6	23	-7	17	-7	12	-6	8	-5	5	-3	3	0	1	3	0	5	0	6	1	8	3	10	6	12	10	15	13	19	15	24	16	30	16	36	15	41	14	45	14	48	14	50	15	51	17	51	19	50	22	49	26	47	31	45	37	43	43	42	48	42	52	43	55	45	57	48	58	50	58	51	57	51	55	50	52	50	48	50	43	49	39	47	36	44	34	41	33	39	33	36	34	32	35	29	37	27	40	26	43	26	46	26	48	27	49	29	51	31	52	32	52	32	
20:
66	6.294	13	56	14	56	16	55	19	53	23	50	28	46	32	41	35	37	37	34	38	31	38	29	37	28	35	27	32	25	28	23	25	20	21	17	18	13	16	10	15	7	15	3	16	0	18	-2	21	-3	25	-4	30	-4	36	-3	42	-2	47	-1	51	1	54	2	56	2	58	2	59	2	59	3	58	4	56	6	54	9	53	13	53	18	54	24	56	31	58	38	59	44	59	49	58	53	56	56	53	58	49	59	44	59	38	58	31	56	25	53	20	49	16	46	13	44	10	43	8	43	7	44	6	46	6	48	7	50	9	53	10	55	12	56	13	56	13	56	
21:
51	9.422	2	53	3	53	5	52	8	50	12	49	17	48	22	47	28	47	35	48	41	48	46	49	50	51	53	54	55	56	57	57	58	57	58	56	58	54	58	51	58	47	57	42	55	36	52	29	48	22	44	16	40	11	36	7	33	4	31	2	29	1	28	1	28	2	28	4	27	7	27	11	26	15	24	18	21	20	17	21	12	21	8	22	4	24	1	27	-1	31	-2	36	-2	41	-1	45	1	48	2	50	2	52	2	53	2	53	
22:
57	2.667	46	37	45	38	43	40	40	41	36	41	32	40	27	38	21	35	16	32	12	30	9	27	6	25	4	24	3	24	3	25	4	27	6	30	7	34	8	39	8	45	9	50	11	54	14	57	18	59	22	61	27	62	33	62	39	61	44	59	48	56	51	52	53	47	55	41	56	35	56	30	55	26	53	23	50	21	46	19	42	17	38	14	34	11	31	8	27	6	24	5	22	5	21	6	21	8	22	11	24	15	27	20	31	25	36	29	40	32	43	34	45	36	46	37	46	37	
23:
57	5.813	7	26	8	25	9	23	9	20	8	17	6	13	4	10	3	8	3	6	4	3	6	1	9	0	13	0	18	0	24	0	30	1	35	3	39	6	42	10	44	13	46	17	49	20	51	24	52	29	52	33	51	36	49	38	46	39	42	41	38	43	35	46	33	50	32	55	32	59	33	62	35	64	38	65	42	65	46	65	50	64	53	62	55	59	56	55	56	50	55	46	53	43	50	41	46	39	41	37	35	36	28	36	22	35	17	34	13	32	10	29	8	27	7	26	7	26	
24:
64	9.402	10	14	9	15	8	17	8	20	9	23	11	25	14	26	16	26	19	25	23	23	27	20	31	18	34	17	36	16	37	16	37	17	36	19	34	22	33	26	33	31	33	36	32	42	30	48	27	53	24	57	20	60	15	62	11	63	8	63	6	62	5	60	5	59	6	58	8	58	11	57	15	57	20	57	26	58	32	60	37	61	41	61	44	62	46	62	48	61	49	59	49	56	48	52	48	48	49	43	50	37	51	32	51	27	50	21	48	16	45	12	41	9	36	7	31	6	25	6	20	7	16	9	13	11	11	13	10	14	10	14	
25:
67	69.535	27	25	28	26	30	28	33	30	36	32	39	35	43	39	47	44	50	49	52	53	53	56	53	58	52	59	50	59	47	58	43	56	38	54	32	52	25	49	19	47	14	45	9	44	5	44	2	45	0	47	-1	48	-1	48	0	47	2	45	5	42	9	39	14	37	20	36	27	35	35	35	42	35	48	36	53	36	57	35	60	33	62	30	63	26	63	21	63	16	62	12	60	9	58	7	55	6	52	5	50	3	48	1	46	0	45	0	45	1	46	3	48	6	49	9	49	13	48	18	46	22	43	25	39	27	35	28	32	28	30	27	28	26	27	25	27	25	
26:
53	1.318	15	17	16	18	18	19	20	21	23	22	26	22	30	21	35	19	39	17	43	16	46	15	48	15	49	16	49	18	48	21	47	25	45	29	42	34	38	40	33	45	28	49	22	52	17	54	13	55	10	55	8	54	7	52	7	49	8	46	9	43	10	41	10	39	9	36	7	33	5	31	3	29	2	27	2	26	3	25	5	23	6	20	6	17	5	15	3	13	2	11	2	9	3	8	5	8	7	9	9	11	12	14	14	16	15	17	15	17	
27:
62	6.161	56	3	57	4	57	6	57	9	57	12	56	16	56	21	56	27	55	32	55	36	56	39	56	42	55	44	53	46	50	49	46	51	43	52	39	53	36	53	34	54	33	56	31	57	28	57	24	57	21	56	18	54	16	51	15	47	15	42	16	36	18	31	19	27	19	24	18	22	16	21	13	21	9	22	5	22	1	21	-2	19	-4	17	-5	14	-5	10	-4	7	-2	5	1	4	5	4	10	5	16	7	22	9	28	12	33	15	37	17	40	18	42	18	43	17	45	15	47	12	50	9	53	6	55	4	56	3	56	3	
28:
70	6.16	14	19	14	18	13	16	11	14	10	11	8	8	5	6	3	5	2	5	2	6	3	8	5	11	8	15	11	20	15	26	20	33	26	39	32	44	37	48	42	51	46	53	49	54	51	54	52	53	53	51	54	48	55	44	55	39	55	33	54	27	53	22	52	17	52	13	53	9	55	5	57	2	58	0	58	-1	57	-2	55	-2	52	-2	48	-1	43	1	39	4	36	7	34	11	33	16	33	20	33	23	34	25	34	27	33	30	31	32	28	35	24	38	19	42	14	45	10	47	7	48	5	48	3	47	2	45	2	42	2	38	3	33	5	29	8	25	11	22	13	20	14	19	14	19	
29:
56	3.134	29	6	30	7	32	9	34	10	37	10	39	10	40	9	42	7	45	6	49	6	53	7	56	9	58	12	59	16	59	19	58	21	56	22	54	23	53	25	53	28	54	31	56	35	57	40	57	44	57	47	56	49	54	50	51	50	47	49	42	47	36	44	31	40	27	35	22	30	17	25	13	20	10	15	8	11	7	8	7	5	8	3	10	2	13	2	16	3	19	5	21	8	22	11	22	13	21	14	20	15	20	15	21	14	23	12	26	9	28	7	29	6	29	6	
30:
66	36.358	0	48	1	48	3	47	6	47	10	46	15	46	20	45	26	43	32	40	37	36	41	33	44	31	46	30	47	30	47	31	46	33	44	35	41	38	38	41	36	43	34	46	33	48	33	49	34	49	36	49	39	49	43	49	48	48	52	47	55	46	57	44	59	41	60	37	60	32	59	27	57	21	54	15	50	10	46	6	41	3	36	1	32	0	29	0	27	1	26	2	25	4	25	7	26	9	27	10	27	10	26	9	24	7	21	6	17	6	14	7	10	9	7	12	4	16	2	21	1	27	1	33	2	38	2	42	2	45	1	47	0	48	0	48	
31:
56	7.424	5	43	6	42	8	40	11	37	15	33	20	29	24	24	28	19	31	15	33	12	36	9	40	7	43	6	45	6	47	7	50	8	53	10	55	13	56	17	58	22	59	28	59	33	58	39	58	44	58	48	57	51	55	53	52	54	50	54	49	53	47	51	45	48	43	44	40	39	38	33	36	26	34	20	31	15	29	11	28	8	26	6	23	5	19	5	15	6	12	8	10	11	9	15	9	19	10	24	11	29	11	33	11	37	10	40	8	42	6	43	5	43	5	43	
32:
66	1.845	31	29	32	30	34	32	36	35	37	39	39	43	41	48	43	52	44	55	44	57	43	58	41	58	38	57	34	55	29	52	25	49	21	46	18	43	16	41	15	40	13	40	10	41	7	43	5	46	3	48	2	51	1	53	1	55	2	57	3	58	5	58	8	57	12	55	15	54	18	54	20	55	21	56	23	57	25	57	26	56	26	55	27	53	28	50	30	46	33	41	36	35	38	30	39	25	39	19	38	14	36	10	33	6	29	3	25	1	21	0	18	0	16	1	15	3	15	6	16	10	18	14	21	19	25	23	28	26	30	28	31	29	31	29	
33:
58	9.036	59	12	58	13	56	15	53	18	51	22	49	26	48	29	46	32	43	34	40	35	38	35	37	34	36	32	35	29	33	25	30	20	26	16	21	13	16	11	11	10	7	10	4	11	2	12	1	14	1	17	2	20	4	24	7	29	11	35	15	40	19	44	22	48	24	52	25	55	26	57	28	58	31	58	35	57	40	57	44	58	47	58	49	57	50	55	50	52	49	49	48	47	48	44	49	40	50	37	52	35	55	33	58	30	60	26	61	22	61	18	60	15	59	13	59	12	59	12	
34:
65	10.323	32	24	33	23	34	21	34	18	33	14	32	9	30	5	27	2	25	0	24	-1	23	-1	21	0	20	2	18	5	16	9	13	13	10	18	8	24	7	31	6	38	6	46	7	53	9	59	12	64	16	68	21	71	27	73	33	74	39	75	44	75	48	74	52	72	55	69	57	65	58	60	58	54	57	49	56	45	54	42	51	38	47	34	44	31	42	29	41	28	41	28	42	29	43	29	43	28	44	26	45	23	46	21	46	20	47	19	49	19	50	18	50	16	49	15	47	15	45	15	42	15	38	16	35	18	33	21	32	23	32	24	32	24	
35:
65	7.618	36	26	37	25	38	23	40	20	43	17	45	15	46	14	46	13	45	13	44	14	43	16	43	19	44	23	45	28	46	33	48	37	51	40	54	42	56	43	57	45	57	47	56	49	55	52	53	54	50	55	48	57	47	58	47	58	48	57	50	55	51	52	51	49	50	46	48	44	45	43	41	42	36	40	32	37	28	33	25	28	23	24	20	21	16	19	13	18	9	18	4	19	0	19	-3	18	-5	16	-6	13	-6	10	-5	7	-3	5	0	4	4	4	7	5	9	7	12	10	16	14	21	17	26	19	30	21	33	23	35	25	36	26	36	26	
36:
56	8.446	22	6	23	5	25	3	28	2	32	1	35	1	37	2	38	4	38	7	39	11	41	16	43	22	46	28	48	33	49	38	49	42	48	46	47	49	47	51	48	52	48	52	47	51	45	51	42	50	39	49	35	47	30	45	24	44	18	43	13	43	9	44	6	46	2	47	-1	47	-3	46	-4	44	-4	41	-3	37	-2	32	-2	26	-1	21	1	17	4	14	8	12	12	11	15	11	17	11	18	10	18	8	18	5	17	3	17	2	18	2	20	3	21	5	22	6	22	6	
37:
61	10.417	38	12	37	13	36	15	34	18	33	22	33	25	34	27	36	28	38	28	39	27	41	25	44	24	46	22	49	21	52	21	55	22	57	24	58	27	58	31	57	36	55	42	52	48	48	54	43	59	37	63	30	66	24	68	19	69	15	69	12	68	10	66	9	64	9	62	10	59	12	57	15	56	18	56	20	55	21	53	22	50	22	46	22	42	23	38	25	35	26	33	26	30	25	26	23	21	21	16	19	11	18	7	18	4	19	2	21	1	24	1	28	2	32	4	35	7	37	9	38	11	38	12	38	12	
38:
57	8.583	1	8	2	8	4	8	7	8	10	7	14	6	19	5	24	5	29	6	33	8	36	11	38	14	39	17	39	19	39	20	40	20	42	19	45	17	48	16	51	15	53	15	54	16	54	18	53	21	53	25	54	30	56	35	58	40	59	44	59	47	58	49	56	50	54	50	52	49	51	47	49	44	46	40	43	35	39	31	34	28	28	26	22	24	17	23	13	23	9	24	6	25	4	27	3	28	3	28	4	27	6	25	7	22	7	18	6	14	4	11	2	9	1	8	1	8	
39:
59	1.215	50	41	51	42	53	44	55	47	57	50	58	53	58	56	57	58	55	59	52	59	48	58	43	56	37	54	32	52	28	51	25	50	23	49	22	47	22	44	23	40	25	37	27	35	28	34	28	33	27	32	25	32	22	32	18	31	15	31	13	30	12	29	12	28	13	27	15	25	17	22	19	18	20	13	20	8	20	4	21	1	23	-2	26	-4	30	-5	34	-5	37	-4	39	-2	40	1	40	5	39	9	38	13	37	18	37	23	38	27	39	30	41	32	44	35	47	38	49	40	50	41	50	41	
40:
64	5.802	42	20	43	21	45	23	46	26	48	30	49	35	49	41	48	46	47	50	46	53	44	55	41	56	37	56	33	55	29	53	26	50	22	46	18	41	15	36	13	31	12	27	11	24	9	22	8	21	8	21	9	22	11	24	13	27	16	30	20	34	24	38	27	41	31	43	34	44	38	44	42	43	46	41	49	38	52	34	55	29	57	24	58	20	58	16	58	13	58	11	57	10	55	10	52	9	48	7	44	4	40	1	37	-1	33	-2	30	-2	28	-1	27	1	27	4	28	8	30	11	33	13	36	15	39	17	41	19	42	20	42	20	
41:
59	10.573	22	8	23	9	25	11	28	14	30	16	32	17	33	18	33	18	32	18	30	17	27	17	23	16	18	15	13	15	9	16	6	18	4	20	3	23	2	26	2	30	3	34	5	39	8	43	12	46	17	48	22	49	27	50	31	50	34	49	36	47	37	44	39	42	42	41	46	41	50	42	53	44	55	45	56	45	57	44	57	42	57	39	56	35	54	30	51	24	49	18	48	13	48	8	48	4	47	1	45	-1	43	-2	40	-2	37	-1	35	0	32	1	28	3	25	5	23	7	22	8	22	8	
42:
57	19.369	53	9	52	8	50	7	47	6	43	6	38	5	32	3	25	1	19	0	14	0	10	1	7	3	5	6	3	10	2	15	2	21	3	26	5	30	8	33	12	35	15	36	17	36	18	37	18	38	18	40	19	43	21	46	24	48	28	50	33	51	38	51	42	52	45	53	47	54	48	54	48	53	47	51	45	49	42	46	38	43	35	41	33	39	32	36	32	33	32	31	33	29	35	28	38	27	42	27	45	26	47	24	50	21	52	17	53	14	53	12	53	10	53	9	53	9	
43:
63	8.954	55	30	54	31	52	33	49	36	45	40	42	44	40	48	39	51	39	53	40	54	40	56	39	59	37	61	34	62	30	62	26	61	21	60	16	59	11	57	7	54	4	50	2	46	1	41	1	36	2	31	4	25	5	19	5	14	5	10	4	7	4	5	3	4	2	4	2	5	3	7	5	9	7	12	10	15	14	19	17	22	21	24	25	25	30	25	35	24	39	22	43	19	47	15	50	10	52	6	53	3	54	1	54	0	55	0	56	1	57	3	57	6	56	10	54	15	53	20	53	24	53	27	54	29	55	30	55	30	
44:
52	4.624	53	21	54	20	56	18	57	16	58	14	58	11	59	7	59	4	58	2	56	1	53	1	50	2	46	4	43	6	39	7	34	8	28	8	22	7	17	5	13	3	10	2	8	2	6	3	5	5	5	8	6	12	8	16	9	21	9	27	8	34	6	40	5	45	5	49	6	52	8	54	11	55	15	56	20	56	26	56	33	55	39	53	44	52	48	50	51	48	53	45	54	41	56	36	57	31	57	27	56	24	54	22	53	21	53	21	
45:
58	0.881	51	50	50	49	48	47	45	44	41	41	38	39	35	36	33	34	32	33	32	33	33	34	35	35	38	35	42	34	47	32	52	29	56	26	59	22	61	17	62	12	62	8	61	5	59	3	56	2	52	2	47	3	41	4	35	6	29	9	24	12	19	14	15	15	12	15	10	14	9	14	9	15	10	17	12	19	14	22	15	26	15	30	14	34	12	38	11	41	11	43	12	44	14	44	17	44	20	44	24	45	29	47	33	49	37	51	41	52	45	52	48	51	50	50	51	50	51	50	
46:
58	18.52	52	57	51	57	49	58	46	60	42	61	37	61	31	60	25	58	18	56	12	53	7	49	3	44	0	38	-2	32	-3	26	-3	20	-2	15	0	11	3	8	7	6	12	5	18	4	24	4	30	5	35	7	39	10	42	14	45	19	48	23	50	26	52	28	55	29	57	29	58	30	58	32	58	34	57	37	55	39	52	40	48	40	44	39	40	37	36	36	32	36	29	37	27	39	26	41	26	44	27	46	29	49	32	52	35	55	38	57	42	58	46	58	49	57	51	57	52	57	52	57	
47:
58	22.147	59	3	58	3	56	2	53	2	49	2	44	3	38	3	33	2	29	2	25	1	20	1	15	2	11	4	7	5	2	7	-2	10	-5	14	-7	19	-8	23	-8	26	-7	29	-5	31	-2	32	1	32	4	31	7	29	11	26	14	23	16	20	18	18	21	17	23	17	24	18	24	20	23	23	21	27	20	32	20	37	20	42	21	46	23	49	26	51	30	52	35	52	40	51	45	50	49	48	53	45	56	41	58	36	59	30	59	24	59	18	58	13	58	9	59	6	59	4	59	3	59	3	
48:
56	6.743	13	28	14	28	16	29	18	31	19	34	20	37	22	39	25	40	28	40	30	39	31	37	31	34	30	32	28	30	26	28	25	27	25	25	26	23	28	22	30	22	33	23	37	25	41	28	46	32	50	36	53	39	57	41	60	42	62	42	63	41	63	39	62	36	61	32	59	27	56	21	52	16	49	12	45	9	40	7	34	6	29	6	24	7	20	8	17	10	15	12	14	13	14	14	15	14	16	14	17	15	17	17	17	20	17	23	16	25	14	27	13	28	13	28	
49:
63	18.063	16	25	15	24	13	22	11	19	8	16	6	14	4	13	3	13	3	14	4	14	6	13	9	11	13	9	17	8	21	7	26	7	30	8	33	10	35	12	36	15	36	17	35	18	33	18	30	18	28	18	26	19	25	21	25	24	26	27	28	30	31	34	35	38	39	42	43	45	47	47	50	48	52	48	53	48	53	47	52	46	50	45	47	45	43	44	39	44	34	45	28	47	23	50	19	54	16	57	14	59	12	60	10	60	8	59	7	57	7	54	6	50	6	45	7	40	9	35	12	31	14	28	15	26	16	25	16	25	
50:
71	8.375	28	46	29	45	29	45	28	46	28	48	29	50	30	53	32	55	35	57	39	58	44	58	48	57	52	55	55	52	57	48	58	43	58	37	57	31	55	25	53	20	52	16	52	12	53	9	55	7	57	6	59	6	60	7	60	9	60	12	59	15	57	19	54	22	50	24	46	25	41	25	36	24	30	22	25	19	20	15	14	12	9	10	5	9	2	9	0	10	-1	12	-1	15	0	19	2	23	5	26	7	30	10	33	14	36	17	38	19	40	20	43	20	45	19	46	17	48	14	50	12	53	11	56	11	58	11	59	12	59	13	58	15	56	18	54	22	52	25	49	27	47	28	46	28	46	
51:
60	7.473	21	47	20	46	19	44	18	41	18	37	17	32	15	26	14	20	13	15	13	11	14	8	15	6	17	5	20	5	24	6	28	7	31	8	33	10	34	12	34	13	34	13	34	12	34	10	35	9	37	7	39	6	41	6	44	7	47	9	51	12	54	16	56	21	59	27	61	32	62	37	62	41	61	44	59	46	58	47	57	47	57	46	57	44	56	41	54	38	53	34	52	31	50	28	47	26	43	25	38	25	33	26	29	28	25	31	22	33	20	35	19	38	19	41	19	44	20	46	21	47	21	47	
52:
64	20.719	35	41	35	40	35	38	34	35	33	32	33	30	34	27	36	24	38	22	41	21	44	19	46	16	47	12	47	8	46	3	44	-1	41	-4	37	-6	32	-7	27	-7	23	-6	20	-4	18	-1	17	3	17	8	16	14	15	19	13	23	10	27	6	32	3	36	1	39	-1	43	-2	48	-2	52	-1	55	1	57	4	58	6	58	7	57	7	55	7	52	7	48	8	43	10	39	13	36	17	33	21	31	26	30	32	29	37	28	41	27	44	27	46	28	48	30	49	33	49	37	48	40	46	42	43	43	40	43	38	42	36	41	35	41	35	41	
53:
55	2.518	27	21	26	22	24	22	21	22	17	23	12	25	8	27	5	30	3	34	2	39	2	44	3	49	5	53	8	56	12	58	17	59	23	59	28	59	32	58	35	56	37	53	38	50	38	48	37	47	37	47	37	48	37	50	38	52	40	54	43	55	47	55	51	54	55	52	58	49	60	46	61	42	61	38	60	33	58	27	55	22	51	18	46	15	40	11	35	8	31	6	28	5	25	5	23	6	22	8	22	11	22	15	23	18	25	20	26	21	27	21	27	21	
54:
63	3.915	3	42	2	43	0	45	-1	48	-1	51	-1	53	0	56	2	58	5	59	9	59	13	58	17	56	21	54	24	51	28	47	31	44	33	40	34	37	34	33	33	29	31	26	28	24	26	23	25	23	25	24	26	26	28	29	31	33	35	38	39	42	43	45	46	47	48	48	49	48	49	47	48	46	47	44	47	41	48	38	50	35	52	31	54	26	55	20	55	15	54	11	52	8	49	6	45	5	41	5	36	4	30	4	23	5	17	7	12	10	8	14	5	19	3	25	2	30	2	34	3	37	4	39	4	41	3	42	3	42	
55:
59	11.38	2	26	1	27	-1	29	-2	32	-2	36	-2	41	-1	45	1	49	4	52	8	55	12	57	17	58	21	58	24	57	28	56	31	54	33	51	34	49	34	48	33	48	33	49	33	51	34	54	36	56	39	58	43	59	46	59	48	58	49	56	49	53	49	49	48	44	46	39	44	34	42	30	41	27	41	25	42	24	44	24	47	23	50	21	52	19	53	17	53	15	52	14	50	14	47	15	45	17	42	19	38	22	34	26	29	29	23	31	17	32	12	32	8	31	5	29	3	27	2	26	2	26	
56:
54	19.792	55	32	54	32	52	31	49	29	46	26	44	23	43	21	43	18	44	15	46	13	47	12	47	10	46	8	45	7	43	7	40	7	36	7	31	8	25	10	20	13	16	17	13	21	11	25	9	28	8	30	8	31	9	31	11	30	14	28	18	27	23	27	27	28	31	30	34	33	36	37	38	41	41	44	43	46	44	47	44	47	43	47	41	46	38	46	36	45	35	45	35	44	36	42	38	40	41	37	45	34	49	32	52	31	54	31	55	32	55	32	
57:
67	5.128	2	46	3	47	5	49	8	52	12	55	15	57	17	58	18	58	18	57	17	55	16	53	15	50	15	46	16	42	18	38	21	35	25	33	30	32	34	32	37	32	39	33	40	34	40	35	39	35	37	34	35	32	32	29	30	25	29	20	29	16	30	13	32	11	35	10	38	10	42	11	47	13	51	15	54	16	56	16	57	15	57	14	56	12	54	11	51	11	47	10	42	8	36	5	31	3	27	1	24	0	22	0	21	1	21	3	22	6	23	10	23	13	22	15	20	17	18	20	15	24	12	29	8	33	5	36	3	40	2	43	2	45	2	46	2	46	
58:
63	7.053	43	27	44	28	46	29	48	29	51	30	53	32	54	33	54	34	53	34	51	33	48	31	44	28	41	24	38	19	36	15	35	11	35	8	36	6	37	4	38	2	38	1	37	1	35	2	32	4	28	5	24	6	19	6	14	6	10	5	7	3	4	2	2	2	1	3	1	5	1	8	0	12	0	17	-1	22	-1	28	-1	34	0	39	2	43	5	46	9	48	12	49	16	49	19	48	21	46	22	44	23	41	24	37	26	34	29	32	33	31	37	31	41	31	44	32	46	33	47	33	47	32	46	30	44	28	43	27	43	27	
59:
65	35.535	10	1	11	1	13	0	16	-1	20	-2	25	-3	30	-3	36	-2	41	0	45	3	48	6	51	10	53	13	54	16	54	20	53	23	51	25	48	26	44	27	39	28	35	30	32	33	30	36	29	39	29	42	30	44	32	45	34	45	36	46	37	48	37	51	36	55	34	58	31	60	28	61	25	61	21	61	18	60	16	58	15	55	15	51	15	46	14	41	12	37	10	34	8	32	7	31	7	30	8	29	10	27	12	26	13	24	13	21	12	19	10	18	7	17	4	17	2	17	1	16	1	14	2	11	4	7	7	4	9	2	10	1	10	1	
60:
57	12.642	40	10	39	10	37	10	34	10	30	9	25	8	20	6	14	5	9	5	5	4	2	4	0	5	-1	7	-1	10	0	14	2	18	5	21	7	25	8	30	8	34	8	39	9	44	9	48	10	51	12	53	15	54	19	54	22	53	25	53	28	54	32	56	35	59	38	61	41	62	45	62	48	61	50	59	51	56	51	52	50	48	48	45	45	42	42	40	40	38	39	35	39	32	40	28	42	25	45	23	47	21	48	20	48	18	47	15	45	13	43	11	41	10	40	10	40	10	
61:
60	1.327	18	41	17	42	16	43	15	43	15	43	16	42	17	40	17	37	16	33	15	28	15	22	14	16	14	11	13	7	13	4	14	1	16	-2	19	-4	23	-5	28	-5	33	-4	39	-2	45	1	50	5	54	9	57	12	59	16	60	20	60	23	59	25	57	26	54	26	50	25	46	23	43	22	41	21	40	21	40	22	41	24	43	25	45	27	47	30	48	34	48	39	47	45	45	50	42	54	38	57	33	59	28	60	23	60	19	59	16	58	14	56	13	53	13	49	14	46	16	44	17	42	18	41	18	41	
62:
64	110.131	54	48	53	47	51	46	48	45	44	44	41	43	38	41	36	38	35	36	35	33	36	30	38	26	41	22	45	19	49	17	52	16	54	16	55	15	55	15	54	16	52	17	49	18	45	20	40	21	35	21	31	20	28	18	26	15	25	12	23	9	20	7	16	6	11	5	7	3	4	2	2	2	1	2	1	3	2	5	2	8	2	12	2	15	3	17	5	19	8	20	12	20	15	21	17	23	18	26	18	30	18	34	18	39	18	43	19	46	21	48	24	50	28	51	33	51	39	51	44	51	48	50	51	50	53	49	54	48	54	48	
63:
62	40.462	25	14	24	13	22	11	19	9	15	7	12	6	9	6	7	7	6	7	6	7	7	8	9	10	11	13	14	17	16	22	17	27	17	33	17	39	17	44	17	48	17	51	18	53	19	54	20	54	20	53	19	51	19	48	20	45	22	43	25	42	29	42	34	43	40	43	45	43	49	42	52	40	54	39	55	37	55	34	54	30	54	25	55	21	57	18	59	16	60	15	60	15	59	14	57	13	54	13	50	12	45	10	40	8	36	6	33	4	29	3	26	3	24	4	23	6	23	8	23	11	24	13	25	14	25	14	
64:
61	5.262	8	54	8	53	7	51	5	48	4	44	2	39	1	35	1	31	2	27	4	24	7	22	11	21	16	21	20	20	23	18	25	16	26	14	27	13	28	13	28	14	29	16	30	19	32	22	35	24	39	25	42	25	44	24	45	22	47	20	50	19	52	18	53	18	53	19	52	21	50	24	49	27	48	31	48	36	49	41	51	46	54	50	56	53	58	55	59	56	59	56	58	55	57	53	55	50	52	46	48	43	43	41	37	39	30	38	24	38	19	39	15	41	12	44	10	48	9	51	8	53	8	54	8	54	
65:
64	7.649	54	32	53	33	51	35	48	37	44	40	40	42	37	43	35	43	34	42	34	40	33	37	31	34	29	30	26	27	22	25	19	24	17	23	16	23	16	24	17	26	18	29	18	31	17	34	16	36	14	37	11	37	7	36	4	34	2	31	0	27	-2	24	-3	21	-3	17	-2	14	0	12	3	11	7	11	12	12	18	14	23	17	27	20	31	22	34	23	38	23	42	22	46	21	50	19	53	16	55	13	57	11	58	8	58	6	57	5	55	5	52	6	50	8	49	11	49	15	49	18	50	22	51	26	53	29	54	31	54	32	54	32	
66:
65	20.367	32	33	31	34	30	36	29	39	29	43	30	46	32	49	35	51	39	52	44	53	48	53	52	52	55	50	57	49	58	49	58	50	57	50	55	51	52	53	48	55	43	56	37	56	30	55	23	54	17	54	12	55	8	57	5	58	3	58	2	57	2	57	3	56	4	54	6	52	7	49	7	45	7	40	6	34	6	28	5	23	5	19	6	16	7	14	9	13	12	13	16	14	21	16	26	17	30	17	33	16	35	14	36	11	36	9	37	8	39	8	40	9	42	11	43	13	43	16	42	19	40	23	37	27	35	30	33	32	32	33	32	33	
67:
51	1.172	27	47	28	48	30	48	33	47	36	46	40	44	43	41	45	37	47	32	49	26	52	21	54	17	55	12	55	7	55	3	54	0	52	-2	49	-3	45	-4	40	-4	34	-3	27	-1	21	2	16	6	12	9	8	11	5	12	3	12	1	12	0	12	0	13	1	14	3	16	5	19	8	23	11	27	13	32	14	38	14	44	13	49	12	53	12	56	13	58	15	59	17	59	20	58	23	56	25	53	26	50	26	48	27	47	27	47	
68:
52	1.61	9	51	10	52	12	54	15	56	19	58	24	59	30	59	35	59	39	59	43	59	46	58	48	56	49	53	49	49	50	44	51	38	52	32	52	27	51	23	49	19	46	16	44	14	41	13	39	13	38	14	38	16	39	19	39	23	38	26	36	28	35	29	35	31	34	32	32	32	29	31	25	29	20	26	15	24	11	22	7	21	3	21	0	22	-2	24	-3	26	-3	29	-2	33	-1	37	1	41	3	45	6	48	8	50	9	51	9	51	
69:
56	6.108	4	17	5	16	7	14	9	11	10	8	12	6	15	5	18	4	22	4	26	5	30	7	34	10	38	14	41	18	43	23	45	28	47	32	48	35	49	37	51	38	53	38	56	37	58	35	59	33	59	32	58	32	56	33	53	35	50	38	48	41	47	43	46	44	44	44	41	43	37	43	32	43	26	44	21	46	16	49	12	53	9	56	7	58	6	59	6	59	5	58	5	56	4	53	3	49	3	44	3	38	4	32	5	27	5	23	5	20	4	18	4	17	4	17	
70:
60	3.516	35	35	34	35	32	35	29	36	25	38	21	39	16	39	11	38	7	37	4	37	2	36	1	34	1	33	2	32	3	30	5	27	8	24	12	21	15	18	17	14	19	10	20	6	20	3	21	1	21	0	22	0	22	1	21	3	21	6	22	9	24	11	27	12	31	12	34	11	36	10	37	9	37	9	36	10	34	12	33	14	32	17	32	21	33	26	35	32	37	38	40	43	44	47	48	50	51	52	53	53	54	53	54	52	53	50	51	47	48	45	45	42	41	39	38	37	36	36	35	35	35	35	
71:
65	1.622	11	22	10	23	10	25	9	28	9	32	9	37	10	43	11	48	13	52	16	55	18	57	21	58	23	58	25	57	26	55	27	52	27	50	28	49	30	49	33	50	37	52	42	55	47	57	51	58	54	58	56	58	57	57	57	55	56	52	54	48	51	43	49	38	48	32	48	25	48	19	49	14	49	10	48	7	47	5	45	4	44	4	42	5	39	7	35	10	30	14	25	17	21	19	18	20	15	20	13	19	12	17	11	15	9	12	8	9	7	7	7	6	6	6	6	7	6	9	7	12	9	16	11	19	12	21	12	22	11	22	11	22	
72:
60	15.73	52	43	51	42	49	40	47	37	46	34	46	30	46	25	47	21	49	18	52	14	56	10	59	7	61	5	62	4	62	3	61	3	59	4	56	5	52	7	47	9	41	10	34	10	27	9	21	7	16	6	12	6	9	7	7	9	6	12	4	16	1	20	-1	24	-2	29	-2	33	-1	36	1	38	4	39	8	39	12	38	15	37	17	37	18	38	18	40	18	43	19	46	21	48	24	49	28	49	33	48	38	48	43	48	47	48	50	49	52	50	53	50	53	49	52	47	51	45	51	44	52	43	52	43	
73:
53	8.446	10	31	11	30	13	28	16	25	19	22	21	18	22	14	24	9	25	5	25	2	24	0	22	-1	19	-1	15	-1	11	0	7	2	4	5	2	9	1	14	1	18	2	21	4	23	7	24	11	25	16	25	22	26	28	27	33	28	39	29	44	30	48	32	51	35	54	38	56	41	57	45	57	48	56	50	54	51	51	51	49	50	47	50	44	51	40	51	37	50	35	48	32	45	29	41	25	37	20	34	16	32	13	31	11	31	10	31	10	31	
74:
70	5.68	13	8	12	9	11	11	10	14	10	18	11	22	13	27	16	33	18	39	21	44	25	48	30	51	35	53	40	54	45	54	49	53	52	51	54	48	55	44	55	39	55	34	54	28	52	22	49	17	45	13	40	10	34	8	28	6	23	4	19	3	16	3	14	2	13	2	13	3	14	4	16	4	19	5	23	5	28	4	34	3	40	2	45	2	49	3	52	5	54	8	55	12	55	17	54	23	52	30	49	36	45	41	40	45	35	48	29	50	24	51	20	51	16	50	11	49	7	47	4	44	2	40	1	35	1	29	1	23	2	18	4	14	7	11	10	9	12	8	13	8	13	8	
75:
70	12.176	38	29	38	28	38	26	39	25	41	25	44	25	48	24	51	22	53	19	55	15	56	11	56	7	56	4	55	2	53	1	50	1	46	2	41	4	35	7	30	9	26	10	22	10	19	9	17	9	16	10	16	12	17	15	19	19	22	24	24	28	25	31	25	33	24	34	22	35	19	35	15	36	10	37	6	39	3	42	1	46	0	50	0	53	1	56	3	58	6	59	9	59	13	59	18	58	22	56	25	53	27	50	28	48	28	47	29	47	31	48	33	50	36	53	40	55	44	56	47	56	49	55	50	53	50	50	49	46	47	41	44	37	41	34	39	32	38	30	38	29	38	29	
76:
60	7.631	4	37	5	36	7	34	10	31	14	27	19	23	24	18	28	13	31	9	33	6	34	4	34	3	33	3	31	4	28	6	24	7	19	9	15	12	12	16	10	21	9	26	9	31	9	36	10	40	12	43	15	45	19	46	24	46	28	45	31	43	34	41	38	39	43	36	47	32	51	27	54	23	56	19	57	16	57	14	56	13	54	13	53	14	53	16	52	19	50	22	47	24	43	25	40	25	37	24	34	23	32	23	29	24	25	26	21	29	17	32	14	35	10	37	7	38	5	38	4	37	4	37	
77:
55	4.946	17	46	18	46	20	46	23	47	27	47	31	47	35	46	38	44	40	42	41	39	41	35	40	30	39	26	39	23	40	21	42	20	44	20	47	21	49	22	50	22	50	21	51	19	53	16	55	13	57	11	58	9	58	8	57	8	55	9	52	10	48	11	44	11	39	10	33	8	28	5	23	3	19	2	15	2	12	3	10	5	9	8	7	12	4	17	2	23	1	28	1	32	2	35	4	37	7	38	11	39	14	40	16	41	17	43	17	45	17	46	17	46	
78:
56	9.869	51	30	52	31	54	33	55	36	56	40	56	45	56	49	55	52	54	54	52	55	49	55	45	55	41	56	36	58	30	59	25	59	21	58	17	56	12	55	8	54	5	52	3	49	2	45	2	40	3	34	5	27	7	21	10	15	12	10	13	6	13	3	12	1	10	0	7	0	5	1	4	3	4	5	5	6	7	7	10	9	14	12	18	15	23	17	29	18	36	19	42	19	47	18	51	18	54	19	56	21	57	23	57	26	56	28	54	29	52	29	51	30	51	30	
79:
55	13.175	16	11	17	10	17	8	18	5	20	3	21	1	21	0	20	0	20	1	21	3	23	6	25	9	28	11	32	12	37	12	41	12	44	13	46	15	47	18	48	22	48	26	47	29	45	31	42	34	39	36	37	39	36	43	35	48	35	53	35	57	34	60	32	62	29	63	25	63	21	63	17	62	14	60	12	57	11	53	11	50	12	48	13	45	13	42	12	39	10	37	9	34	9	31	10	27	11	24	13	22	15	20	16	17	16	14	16	12	16	11	16	11	
80:
58	7.427	55	42	55	43	55	45	54	48	52	51	49	54	45	56	40	57	35	57	29	56	24	54	20	53	17	53	15	53	14	54	13	55	11	55	8	54	5	52	3	49	1	45	0	40	0	35	1	29	3	24	5	20	7	17	8	15	8	13	8	11	9	10	11	9	14	7	18	6	22	5	27	5	32	6	36	8	39	11	41	13	42	14	42	16	41	19	39	23	36	26	33	28	31	29	30	29	30	30	31	30	33	31	36	33	40	36	45	39	49	41	52	42	54	42	55	42	55	42	
81:
62	6.484	9	54	10	54	12	53	15	51	19	50	23	48	26	45	28	41	29	37	29	33	28	30	26	26	24	21	21	17	17	14	13	11	10	8	8	6	7	5	7	4	8	4	9	5	11	7	14	10	18	14	21	19	25	23	28	26	32	28	35	29	37	29	38	28	38	27	39	26	41	26	43	27	46	28	50	28	53	27	57	25	60	22	62	18	63	14	63	10	62	7	60	5	57	4	54	4	51	5	47	7	42	10	38	14	33	19	27	23	22	28	18	33	15	39	12	44	10	48	9	51	9	53	9	54	9	54	
82:
65	6.996	25	36	26	35	28	33	31	30	35	26	40	22	45	18	50	13	54	9	57	5	59	2	60	0	60	-1	59	-1	57	0	54	1	50	3	45	5	40	8	36	10	33	13	31	16	30	18	30	19	31	19	33	20	35	22	38	24	42	27	46	31	50	36	53	41	55	45	56	48	56	50	55	52	53	53	50	54	46	55	41	55	35	55	28	55	22	54	17	52	13	49	9	45	6	41	4	38	3	35	3	33	4	32	6	30	9	29	11	27	13	25	14	23	14	22	15	22	17	23	20	25	22	28	24	30	25	33	25	35	25	36	25	36	
83:
60	20.517	33	57	32	56	30	56	27	56	23	57	19	57	16	56	12	54	9	52	7	49	6	45	6	40	7	35	9	29	12	22	14	16	15	11	15	7	14	4	14	2	15	1	17	1	20	2	23	3	25	5	26	6	26	8	25	10	24	12	23	15	23	17	24	18	26	18	29	17	33	16	38	16	43	15	47	15	50	16	52	18	53	20	53	23	52	27	50	30	48	32	45	33	41	34	36	35	31	35	27	34	24	34	22	35	21	37	21	40	22	44	24	48	27	51	30	54	32	56	33	57	33	57	
84:
58	6.508	23	32	24	32	26	31	29	30	33	30	38	31	44	31	49	31	53	31	56	32	58	34	59	37	59	39	58	40	56	40	53	39	49	38	44	37	38	37	32	38	26	40	21	43	17	46	14	48	12	49	11	50	11	50	12	49	13	47	13	44	12	41	10	39	7	38	5	36	3	33	2	29	2	24	2	18	3	13	5	9	8	6	12	4	16	2	19	1	21	1	22	2	22	4	21	7	19	11	18	16	18	20	18	23	18	27	18	30	19	32	21	33	22	33	23	32	23	32	
85:
66	4.242	21	51	20	51	18	50	15	48	12	47	10	45	8	42	7	40	7	39	8	37	10	36	11	34	11	31	11	29	11	28	12	28	14	29	17	31	21	32	26	32	31	31	35	29	38	26	41	22	43	18	44	13	44	9	43	6	42	4	40	3	38	3	35	4	32	6	30	8	29	11	29	13	30	15	32	16	35	16	38	15	42	14	45	14	47	15	48	17	50	20	51	24	52	29	52	34	52	40	51	45	49	49	46	52	42	54	37	55	33	55	30	54	28	53	27	51	27	48	28	46	28	45	27	45	26	46	24	48	22	50	21	51	21	51	
86:
67	24.0	51	50	50	49	49	47	47	44	45	41	42	38	38	35	33	33	28	32	24	32	21	33	19	35	18	38	18	41	19	43	21	44	23	46	24	49	24	52	23	54	21	55	19	57	16	59	12	60	9	60	7	59	6	57	6	54	7	50	7	45	7	39	6	32	4	26	2	21	1	15	1	10	2	6	4	3	7	1	10	0	14	0	19	1	24	3	30	6	37	9	43	12	48	14	52	15	55	17	57	18	58	18	58	17	57	17	55	18	52	19	49	21	46	24	44	27	43	31	43	34	44	36	46	39	49	42	51	44	52	47	52	49	51	50	51	50	
87:
65	13.221	32	45	33	44	34	42	35	40	35	39	35	38	34	38	32	39	29	41	25	44	20	47	15	49	10	50	6	52	3	53	1	54	0	56	0	57	1	57	3	56	6	54	10	51	14	49	17	46	19	42	20	37	20	31	19	25	17	20	14	16	10	13	6	11	3	10	1	8	0	5	0	3	1	2	3	2	6	3	10	5	14	7	17	8	19	8	20	7	21	6	23	6	26	7	30	9	35	11	40	14	44	18	48	21	51	23	53	26	54	29	54	33	53	36	51	38	48	39	44	40	40	40	37	41	35	42	33	44	32	45	32	45	
88:
56	51.267	21	8	21	9	21	11	21	14	21	18	20	23	19	28	17	33	14	37	11	40	7	42	4	43	2	43	1	44	1	46	2	49	3	51	5	52	8	52	12	51	15	49	17	46	18	43	18	40	18	38	18	37	19	37	20	38	22	40	24	42	27	43	30	43	34	43	39	43	43	43	47	43	50	42	52	40	53	37	53	34	52	32	50	31	47	31	44	31	40	31	36	30	32	29	29	27	27	25	26	22	26	18	26	15	25	12	24	10	22	9	21	8	21	8	
89:
59	6.119	47	30	46	29	44	28	41	27	37	27	32	28	28	30	25	33	23	36	20	38	17	39	15	39	12	38	8	36	5	35	3	33	2	30	2	26	3	22	5	18	8	15	11	12	15	10	20	9	26	9	31	8	35	8	38	8	40	7	41	5	41	4	40	4	38	5	35	6	31	8	26	10	21	13	17	17	14	22	12	28	11	33	11	39	12	44	14	48	16	51	19	53	23	54	27	55	32	55	37	55	41	54	44	52	46	49	47	45	47	40	46	36	46	33	46	31	47	30	47	30	
90:
59	2.951	16	24	15	23	13	22	11	21	8	21	5	20	3	18	2	17	2	17	3	18	5	20	8	23	12	26	17	30	23	35	29	39	35	42	40	44	44	46	47	47	50	47	52	46	53	44	53	41	52	38	50	35	47	33	43	32	40	32	38	32	37	33	37	33	38	32	40	30	42	27	45	24	49	20	53	15	56	11	58	8	59	5	59	3	58	2	56	2	53	2	49	3	44	3	38	4	32	4	27	5	23	5	19	6	16	8	14	11	13	14	13	18	14	21	15	23	16	24	16	24	
91:
55	3.807	42	25	43	26	45	28	48	29	51	29	54	28	56	27	57	26	57	26	56	26	54	25	51	24	47	23	42	23	36	23	29	24	23	25	17	27	12	29	8	32	5	36	3	39	2	42	2	44	3	45	5	45	8	44	10	42	13	40	17	39	22	38	28	38	33	39	37	41	40	44	42	47	43	51	43	55	44	58	46	60	48	61	51	61	53	60	54	59	54	57	53	54	53	50	52	45	51	41	49	38	46	35	44	31	43	28	42	26	42	25	42	25	
92:
59	8.334	53	59	53	58	53	56	52	53	50	49	47	44	44	40	40	36	35	33	29	31	23	30	17	30	12	29	8	29	5	30	3	32	2	35	2	38	3	40	5	42	8	44	11	45	14	45	16	44	17	42	18	40	20	39	23	39	27	38	31	36	34	33	36	29	37	24	37	18	36	12	36	7	36	3	37	0	39	-2	42	-3	46	-3	49	-3	51	-2	52	0	52	2	51	5	51	9	52	14	53	19	55	23	56	28	56	33	55	38	53	44	52	49	51	53	51	56	52	58	53	59	53	59	
93:
66	55.217	17	21	16	21	14	22	11	23	8	25	5	28	3	30	2	31	2	33	3	36	5	39	7	43	9	47	10	51	10	54	10	56	11	57	13	57	16	57	20	56	23	55	25	55	26	54	26	52	27	49	27	45	28	41	30	37	33	34	37	32	41	31	46	30	50	28	53	25	55	21	56	17	56	13	55	10	53	8	50	7	46	7	41	8	37	10	32	12	28	14	24	15	21	15	19	14	17	12	16	9	14	5	11	2	7	0	3	-1	0	-1	-2	0	-3	2	-3	5	-2	9	0	13	3	16	7	18	11	20	14	21	16	21	17	21	17	21	
94:
54	4.144	29	26	29	25	29	23	28	20	26	16	25	12	23	9	20	7	16	5	12	4	9	4	7	5	6	7	5	9	4	12	4	16	4	21	5	26	7	32	10	37	14	41	19	44	24	46	29	49	33	51	36	53	38	56	40	58	43	59	46	59	49	58	51	56	52	53	54	49	55	44	56	38	57	32	57	26	57	21	56	17	54	14	51	12	47	11	44	11	41	12	39	14	38	17	38	21	38	24	37	26	35	27	32	27	30	27	29	26	29	26	
95:
62	5.648	23	23	22	24	20	24	17	23	13	22	10	20	8	17	7	14	7	11	8	9	10	8	13	7	17	7	22	7	28	7	33	7	39	8	44	10	48	13	51	17	53	22	54	28	55	33	55	38	56	42	57	45	57	47	56	49	54	50	51	50	47	49	42	48	37	48	33	49	30	51	28	54	27	56	25	57	22	57	18	56	13	54	9	53	5	53	2	52	0	51	-1	49	-1	46	0	42	2	38	5	35	9	33	14	32	18	32	22	33	25	34	27	34	28	33	28	31	27	29	26	26	24	24	23	23	23	23	
96:
65	3.326	54	56	53	57	51	59	48	60	45	60	41	59	36	58	32	56	27	53	23	49	20	44	17	39	14	33	12	27	10	20	9	14	9	9	10	5	12	2	14	0	17	-1	21	-2	26	-2	31	-1	37	1	42	4	46	7	49	11	51	15	52	18	52	20	51	23	49	25	46	26	44	26	41	26	37	25	34	23	32	21	31	20	29	20	28	21	28	23	29	26	31	30	33	35	34	40	34	44	34	47	35	49	37	50	39	50	41	49	43	47	45	45	46	43	46	42	45	42	45	43	46	45	48	48	51	51	53	53	54	55	54	56	54	56	
97:
66	3.018	4	50	4	51	3	53	2	54	2	56	3	57	5	57	8	56	12	55	16	53	21	50	27	48	32	46	36	45	39	45	43	46	46	48	48	50	49	52	49	55	50	57	51	58	52	58	52	57	52	55	51	52	50	48	50	43	51	38	52	32	53	26	53	21	52	17	50	14	47	12	43	11	38	11	32	12	26	14	20	15	15	17	11	20	7	22	4	23	2	23	1	22	-1	20	-2	17	-2	14	-1	11	1	9	4	8	7	8	9	9	11	11	14	14	16	18	17	23	17	28	16	34	15	39	13	43	10	46	7	48	5	49	4	50	4	50	
98:
53	2.324	14	41	15	41	17	42	20	44	24	47	28	50	31	52	33	53	34	54	34	54	33	53	31	51	28	48	26	44	24	39	21	33	17	27	14	22	10	18	7	15	5	13	4	12	4	11	5	11	6	12	8	14	10	17	13	20	17	22	22	23	28	23	35	23	41	23	46	22	50	20	53	17	55	14	56	11	56	9	55	7	53	6	50	6	47	7	43	9	38	12	34	16	30	21	25	26	21	31	18	35	16	38	15	40	14	41	14	41	
99:
61	4.828	23	45	22	46	21	47	19	48	16	48	12	47	9	45	7	43	6	40	6	36	7	31	9	26	12	21	14	16	15	12	16	8	17	5	18	3	20	2	22	2	23	3	23	5	24	7	25	8	27	8	30	7	34	5	38	3	42	2	45	1	47	0	48	0	48	1	47	2	45	3	42	5	38	8	35	12	33	16	32	21	32	25	33	28	35	30	37	31	38	31	38	30	37	28	35	25	32	23	28	22	24	22	21	23	18	25	16	27	15	30	15	32	16	35	18	39	20	42	22	44	23	45	23	45	