0:
54	25.555	3	4	4	4	6	3	9	3	13	4	17	4	20	3	22	3	23	4	23	6	22	7	20	7	19	7	19	7	20	8	22	9	24	11	26	14	27	16	27	17	26	17	24	17	21	17	19	17	18	16	18	15	17	15	17	16	16	18	16	21	17	24	18	27	18	29	17	30	15	30	14	29	13	27	13	25	12	24	11	24	9	25	6	26	3	26	1	25	0	23	0	20	1	16	2	12	2	9	1	6	1	4	1	3	2	3	3	4	3	4	
1:
50	3.642	4	19	4	20	5	22	7	24	9	25	10	25	10	24	9	23	8	22	8	20	9	17	11	15	14	13	17	10	20	8	22	7	23	7	24	8	24	10	23	13	21	16	19	18	18	21	18	24	18	26	18	27	17	27	16	26	15	24	15	21	16	18	17	15	17	13	16	11	15	10	14	10	14	9	14	7	13	4	11	2	9	1	8	1	7	2	7	4	8	6	8	9	7	13	5	16	4	18	4	19	4	19	
2:
48	1.571	24	25	23	24	21	22	18	20	15	19	12	19	10	19	9	18	9	16	10	14	10	11	9	8	7	6	4	4	2	2	1	1	1	1	2	2	4	4	6	5	9	5	12	4	14	4	15	4	15	5	14	6	13	6	13	5	14	5	16	6	19	6	21	7	22	8	22	9	21	9	19	9	17	10	16	12	14	15	13	19	13	23	13	26	14	28	16	29	19	29	21	28	23	26	24	25	24	25	
3:
52	40.254	0	9	1	10	2	12	4	14	5	15	6	15	6	14	6	12	7	9	9	7	10	6	10	5	10	3	11	2	13	2	15	2	18	3	20	5	21	8	21	10	20	11	18	11	17	11	15	10	14	9	14	9	15	10	17	11	20	11	22	12	23	13	23	15	22	16	20	16	17	16	15	16	14	16	14	17	14	18	14	20	13	23	11	25	8	26	5	26	3	25	2	24	2	22	2	19	1	15	0	12	0	10	0	9	0	9	
4:
54	2.957	7	25	6	26	6	28	7	29	9	29	12	28	15	26	19	24	23	22	26	19	28	16	29	13	29	11	28	10	26	10	23	11	19	11	15	12	10	12	6	11	3	11	1	10	0	8	0	5	1	3	2	1	4	0	7	0	9	1	10	3	12	4	14	4	17	3	20	2	23	0	25	-1	26	-1	27	-1	27	0	26	2	25	5	23	7	21	9	18	11	16	13	15	16	15	18	16	19	16	21	15	23	13	25	10	26	8	26	7	25	7	25	
5:
62	6.52	22	22	23	23	23	25	22	27	20	29	17	30	14	30	12	29	10	29	9	28	9	27	10	26	12	24	14	21	15	18	15	15	14	12	12	10	9	7	7	4	4	2	2	1	0	1	-2	2	-3	4	-4	7	-4	10	-3	13	-2	15	0	16	3	16	6	15	8	13	11	11	13	10	14	10	16	11	17	11	19	10	20	8	20	5	19	3	17	2	15	0	14	-1	14	-2	15	-3	16	-3	18	-2	21	0	24	3	26	7	27	11	27	16	27	20	28	23	28	25	27	26	25	26	23	25	22	23	22	22	22	22	
6:
53	6.21	2	24	1	23	1	22	2	22	3	23	3	23	4	22	6	20	8	17	9	13	9	10	8	8	8	7	9	7	10	8	12	9	14	9	15	8	16	6	17	3	19	1	21	0	24	0	26	1	27	3	27	5	26	7	24	9	22	10	20	11	18	13	17	16	17	18	18	19	20	19	21	20	23	22	24	25	24	27	23	28	21	28	18	27	15	26	11	25	8	25	6	26	5	28	5	29	4	29	3	28	2	26	2	25	2	24	2	24	
7:
51	8.414	22	27	21	26	20	24	19	21	19	18	20	16	21	15	23	15	26	15	28	15	29	15	29	14	28	13	27	11	27	9	26	7	26	6	25	6	24	7	22	7	20	6	18	4	15	3	11	2	8	1	6	1	4	2	3	4	3	7	4	9	6	10	9	10	13	9	16	7	18	6	20	6	21	7	21	8	20	10	18	11	16	13	13	15	11	17	10	20	10	23	11	25	13	27	16	28	19	28	21	27	22	27	22	27	
8:
53	1.745	21	26	20	26	18	25	15	25	11	24	7	24	4	23	2	23	1	24	1	25	2	25	2	24	1	22	1	19	0	17	0	15	1	12	3	10	4	7	4	5	3	3	1	2	-1	2	-2	3	-2	5	-1	7	1	9	4	11	7	12	11	12	14	11	16	9	18	6	20	4	21	3	22	2	23	2	23	3	22	5	20	8	19	12	19	17	19	21	20	24	22	26	24	27	26	28	27	29	27	30	26	30	24	29	22	27	21	26	21	26	
9:
49	14.193	0	1	-1	2	-2	4	-2	7	-2	11	-1	16	1	20	4	23	6	25	7	26	7	27	6	29	4	30	2	30	1	29	1	27	2	24	4	22	7	20	10	19	13	19	15	18	17	18	20	19	24	19	28	18	31	17	33	15	34	12	34	9	33	7	31	6	28	6	26	7	24	9	23	10	23	10	22	9	20	8	17	8	15	8	14	7	13	5	11	3	8	2	5	1	3	0	1	0	0	1	0	1	
10:
53	1.807	9	1	10	2	12	4	14	5	16	5	18	6	19	8	19	11	20	13	22	14	25	14	27	15	28	15	28	14	27	12	25	9	22	7	18	6	13	5	9	5	6	5	3	6	1	8	0	11	0	15	1	19	3	22	6	24	8	25	9	25	9	26	8	26	6	26	5	25	5	23	6	20	7	18	9	17	12	17	14	18	17	20	19	22	20	23	20	23	19	22	17	20	16	18	14	15	12	11	10	7	9	4	9	2	9	1	9	1	
11:
54	30.722	9	7	9	6	10	4	10	1	10	-1	11	-2	13	-2	16	-1	19	1	22	4	24	8	25	13	26	17	28	20	30	23	31	26	31	28	30	29	28	29	25	28	21	26	17	23	14	19	12	16	11	14	11	13	11	13	10	14	10	16	10	18	9	20	7	21	4	21	2	20	1	20	1	19	2	17	4	15	5	14	5	13	4	13	2	13	1	12	0	10	-1	7	-1	5	0	3	2	2	4	2	6	3	7	4	7	6	8	7	9	7	9	7	
12:
52	5.127	0	19	1	19	3	19	6	19	10	19	13	19	15	18	16	16	16	14	16	13	15	13	15	14	15	16	15	19	16	23	18	26	20	28	23	29	26	29	28	28	29	26	29	25	28	25	26	24	24	23	23	21	23	18	22	14	20	11	18	9	17	8	16	8	16	7	17	6	18	4	18	3	17	3	15	3	12	4	8	4	5	3	3	2	2	1	1	1	1	2	2	4	2	7	3	11	3	14	2	16	1	18	0	19	0	19	
13:
49	1.159	3	3	2	4	2	5	3	7	5	9	6	10	6	11	5	11	3	12	2	12	2	13	3	14	5	15	6	17	6	18	5	20	5	23	6	25	8	26	11	26	14	25	16	23	19	20	23	16	26	11	28	7	29	4	29	2	29	1	28	1	26	1	23	2	20	4	18	7	16	9	13	10	11	10	10	10	10	9	11	8	13	8	14	7	14	5	13	4	11	2	8	1	6	1	4	2	3	3	3	3	
14:
49	2.614	0	2	-1	3	-1	5	0	8	2	12	5	15	7	17	10	19	12	20	13	22	13	23	12	23	10	24	8	26	7	28	7	29	8	29	10	28	13	26	16	23	18	19	19	16	19	14	18	13	16	12	14	10	12	8	11	6	11	5	12	4	14	4	16	5	19	6	22	8	24	10	25	12	26	13	27	13	27	12	26	10	24	7	21	5	17	3	14	1	10	0	6	0	3	0	1	1	0	2	0	2	
15:
52	5.158	0	16	1	16	3	17	6	18	9	20	13	23	17	25	20	26	22	26	23	25	23	24	22	24	20	25	17	25	15	26	12	27	8	28	5	28	3	27	2	25	2	23	2	22	3	22	5	22	8	21	11	19	14	16	16	12	19	9	22	6	24	4	26	3	28	1	29	0	29	0	28	0	26	1	23	3	20	4	17	4	14	4	12	3	11	1	10	0	8	0	5	1	3	3	2	6	0	10	-1	13	-1	15	0	16	0	16	
16:
46	1.194	23	19	24	18	25	16	26	14	26	13	25	13	24	12	24	10	25	8	25	7	24	5	22	4	19	4	15	4	10	4	6	4	3	5	1	7	0	9	0	11	1	12	3	12	5	12	6	13	6	15	5	17	4	18	4	20	5	22	6	23	6	24	5	25	5	25	6	24	8	24	11	24	14	24	17	25	21	27	24	28	26	28	27	27	27	25	26	22	24	20	23	19	23	19	
17:
55	3.957	27	11	26	12	24	13	22	15	21	17	21	19	21	22	20	24	18	25	15	26	13	26	12	27	12	29	11	30	9	30	6	29	3	27	1	26	0	24	0	23	1	23	3	22	5	20	6	17	6	13	5	8	5	4	4	1	4	-1	5	-2	7	-2	9	-1	12	1	15	2	17	4	18	6	18	8	17	9	15	9	13	9	12	10	12	12	12	15	12	17	13	20	15	22	18	23	22	23	25	23	27	22	28	20	29	17	29	14	28	12	27	11	27	11	
18:
52	3.867	17	16	16	15	15	13	14	10	14	8	15	7	17	7	19	8	21	10	22	12	23	15	25	18	27	20	28	21	28	21	27	20	26	18	25	15	25	11	25	7	26	4	27	2	27	0	26	-1	24	-2	21	-2	17	-2	14	-2	12	-1	11	1	11	4	10	7	8	9	5	10	3	10	2	11	2	12	3	14	4	17	5	20	5	22	4	23	3	23	3	22	4	21	6	21	8	22	11	22	14	21	16	19	17	17	17	16	17	16	
19:
48	1.73	1	2	2	1	4	1	6	1	7	2	7	4	7	6	7	8	8	11	10	13	12	14	14	14	15	15	15	16	15	17	15	17	16	16	16	14	16	12	17	11	18	11	20	12	21	14	22	17	23	21	23	24	22	26	21	27	19	27	17	26	15	24	12	22	10	21	9	21	9	22	8	24	6	25	3	25	1	24	0	22	0	20	1	18	3	15	4	12	4	8	3	5	2	3	1	2	1	2	
20:
50	2.237	17	29	18	30	20	31	22	31	25	30	27	28	28	25	28	21	27	17	27	13	28	10	29	7	29	5	28	4	27	4	25	4	22	3	20	2	17	2	14	3	10	5	7	8	4	11	2	14	1	16	0	17	0	17	0	16	1	14	1	11	0	7	0	4	1	2	3	1	6	0	9	0	12	1	14	3	15	6	15	10	14	15	12	19	10	22	9	25	9	27	10	28	12	28	14	28	16	28	17	29	17	29	
21:
51	1.725	8	26	7	27	5	27	2	27	0	26	-1	24	-1	21	0	18	0	14	-1	10	-1	7	-1	5	0	4	1	4	2	5	3	7	5	9	6	10	7	10	9	9	11	7	14	6	16	6	19	5	21	3	22	1	23	0	24	0	24	1	23	3	22	5	22	7	23	8	25	10	26	13	28	17	29	20	29	22	28	23	27	23	25	22	22	20	19	18	16	17	14	17	13	18	13	20	12	23	10	25	9	26	8	26	8	26	
22:
53	7.387	17	21	16	22	16	24	17	26	18	27	20	27	23	26	26	25	28	25	29	24	29	22	28	20	26	19	25	17	25	14	25	11	24	9	22	8	20	8	18	8	17	7	15	5	13	2	10	0	6	-1	3	-2	1	-2	0	-1	0	1	1	4	3	7	6	9	9	12	11	15	12	18	13	21	13	23	12	24	10	24	7	23	4	21	2	19	1	16	1	13	2	11	4	10	7	10	10	11	13	13	15	16	16	18	17	20	17	21	17	21	
23:
56	1.866	8	22	9	21	11	19	12	16	12	12	11	9	10	5	10	2	9	0	7	-1	5	-1	3	0	2	2	2	5	3	7	5	8	8	9	11	9	13	8	14	6	14	5	15	4	17	4	20	5	24	5	27	5	29	5	30	6	30	8	29	9	27	10	24	10	21	11	19	13	18	16	18	19	19	21	21	22	24	23	26	25	28	26	29	26	29	27	28	29	26	30	23	30	19	29	14	28	10	28	7	27	5	26	4	24	4	22	5	21	7	21	8	22	8	22	
24:
58	8.525	7	20	8	20	10	20	12	21	15	21	18	20	20	18	21	16	21	15	20	15	19	14	18	13	18	11	18	8	17	4	15	1	14	-1	14	-2	15	-3	17	-4	20	-4	24	-3	27	-1	29	1	30	4	30	7	29	10	28	12	26	13	25	14	25	16	26	19	28	22	29	24	29	25	28	26	26	26	24	26	23	25	21	24	20	24	18	25	15	27	13	29	10	30	6	30	3	29	1	28	0	26	0	23	0	20	1	18	3	17	5	16	7	16	8	17	8	19	7	20	7	20	
25:
62	18.583	9	2	10	1	12	0	15	0	17	1	19	3	22	6	26	10	29	15	31	19	32	22	32	24	31	25	29	25	28	24	28	23	29	21	31	18	32	14	32	11	31	9	29	8	26	8	22	9	17	9	13	10	10	11	8	13	6	15	5	18	4	21	4	23	5	24	7	24	10	23	12	22	13	22	13	23	12	25	10	27	9	28	9	28	9	27	8	25	6	24	4	23	3	22	3	20	3	17	4	13	5	9	5	6	5	4	4	2	2	1	1	0	1	0	2	0	4	0	6	0	8	1	9	2	9	2	
26:
54	5.32	16	28	17	27	17	25	17	22	17	19	17	17	17	16	18	16	20	17	23	18	25	18	27	19	29	20	30	22	30	25	29	27	28	28	26	28	24	27	23	25	22	22	22	18	22	13	22	8	21	4	19	1	16	-1	14	-2	13	-2	13	-1	14	1	16	4	18	7	19	9	19	12	19	14	18	15	16	15	13	14	11	12	10	10	8	8	6	7	4	7	2	8	1	10	1	13	2	17	4	21	7	24	10	26	13	27	15	28	16	28	16	28	
27:
56	8.525	12	13	11	13	9	14	6	15	3	16	1	18	0	20	0	23	1	25	3	26	5	26	7	25	10	23	14	21	17	18	19	16	20	15	20	15	21	16	21	18	20	21	19	23	19	24	20	25	22	25	24	24	25	22	25	20	25	17	24	15	22	13	20	11	19	10	19	10	20	11	22	13	25	15	27	16	29	16	30	15	30	13	29	10	27	7	25	5	22	4	18	3	15	3	13	2	12	1	11	1	11	2	12	4	13	7	13	10	12	12	12	13	12	13	
28:
57	25.28	4	27	3	27	2	27	2	28	3	28	5	29	8	29	10	28	11	26	13	24	16	21	19	18	21	16	22	15	22	15	23	16	25	18	26	20	28	21	29	21	29	20	29	18	28	16	26	14	25	11	25	9	26	8	27	8	28	7	28	5	27	4	25	4	22	5	18	7	15	10	11	13	8	15	5	16	3	16	2	15	2	13	3	10	5	7	8	5	11	4	13	4	14	5	14	7	14	10	13	14	11	18	10	22	9	25	7	27	5	28	4	28	4	27	4	27	
29:
54	1.537	28	1	27	1	25	1	22	2	20	4	19	6	17	8	14	10	12	13	11	15	11	16	12	16	14	15	15	13	15	10	14	8	12	7	11	7	10	8	8	8	5	7	3	6	1	6	0	5	0	4	1	4	3	5	5	7	6	10	6	12	5	15	4	18	4	21	5	24	7	26	9	27	12	27	14	26	15	25	16	25	16	26	17	28	19	29	22	29	25	28	27	26	28	23	28	20	28	16	28	11	28	7	27	4	27	2	28	1	28	1	
30:
57	4.14	7	3	6	4	4	6	3	8	3	10	4	11	6	11	7	12	7	14	7	17	6	20	4	23	2	25	1	26	0	26	0	26	1	26	2	27	4	29	7	30	9	30	10	29	10	27	10	25	9	24	9	23	10	23	12	24	14	26	16	28	19	29	23	29	26	28	28	26	29	23	29	21	28	20	26	20	24	19	23	17	22	14	22	10	23	7	25	4	27	2	28	1	28	1	27	2	25	4	22	6	19	8	15	9	12	9	10	8	9	6	8	4	7	3	7	3	
31:
54	3.621	17	12	16	11	15	9	13	6	12	3	11	1	9	0	6	0	4	1	3	3	1	6	0	10	0	14	1	17	2	19	2	22	2	25	2	27	2	28	3	28	5	27	8	26	12	26	16	27	19	28	21	29	22	29	23	28	23	27	22	25	20	24	18	22	17	20	17	19	18	19	20	18	22	17	23	15	23	12	22	10	21	9	19	9	16	10	12	12	9	15	7	17	6	18	6	19	7	19	9	18	11	16	14	14	16	13	17	12	17	12	
32:
46	1.821	17	11	17	12	16	14	14	16	12	17	11	17	10	16	10	14	10	11	10	9	9	7	7	6	6	6	4	7	2	9	1	12	0	16	0	20	1	23	3	25	6	26	9	26	13	26	16	25	18	25	19	24	19	22	20	21	22	21	25	22	27	23	28	24	28	24	28	23	27	21	27	18	27	16	26	15	24	15	21	16	18	17	16	17	15	16	15	14	16	12	17	11	17	11	
33:
46	1.722	3	22	4	21	6	20	9	18	12	15	16	13	20	12	23	11	25	9	26	7	26	5	25	3	23	1	20	0	16	0	13	1	11	3	9	5	6	8	3	10	1	11	0	11	0	11	1	11	3	11	5	12	6	14	7	17	9	21	10	24	12	26	14	27	17	27	19	26	20	25	21	25	21	26	20	27	18	28	15	29	12	29	10	28	8	26	6	25	4	23	3	22	3	22	
34:
55	2.071	4	17	5	18	6	19	7	20	7	22	6	23	4	24	2	24	1	23	1	23	2	24	4	25	6	27	9	28	13	28	18	27	22	27	25	27	27	28	28	29	28	29	27	28	26	26	26	24	27	23	28	22	29	20	29	17	28	14	27	12	25	11	22	11	19	11	17	11	16	10	16	10	17	9	19	7	20	4	20	2	19	1	17	0	14	0	10	1	7	3	5	6	3	8	2	9	2	10	3	11	5	11	6	12	6	14	5	16	4	17	4	17	
35:
49	1.148	21	15	20	15	19	15	17	14	16	12	16	9	17	7	18	5	18	4	17	4	16	3	16	2	17	1	19	1	21	2	22	4	24	7	25	10	25	14	25	17	24	20	22	22	19	23	16	23	12	22	8	20	5	18	3	17	2	17	2	18	2	20	3	22	5	24	8	25	11	27	13	28	14	28	14	27	13	25	13	22	12	20	12	18	13	17	14	17	15	18	17	18	18	17	20	16	21	15	21	15	
36:
50	2.403	9	28	10	28	12	29	15	30	18	30	21	29	23	28	24	26	24	23	23	19	23	14	24	10	24	7	25	5	27	4	28	4	28	5	27	7	25	10	22	12	20	13	18	13	17	12	15	10	12	7	10	5	9	4	9	3	9	3	9	4	9	6	8	9	6	11	5	12	5	13	6	14	8	15	10	16	11	17	11	17	10	16	8	15	6	15	5	16	5	18	5	21	6	24	8	26	9	27	9	28	9	28	
37:
54	2.66	13	7	12	6	12	5	13	3	15	1	18	0	20	0	21	1	21	3	22	6	22	10	22	14	22	17	23	19	25	20	27	20	28	19	29	19	29	20	29	22	28	25	26	27	24	29	21	30	19	30	18	29	18	27	19	24	19	21	18	19	17	18	15	18	12	19	9	21	7	24	6	26	6	27	5	27	5	26	4	24	2	21	1	17	1	12	1	8	2	5	4	3	6	2	9	2	11	3	12	5	12	7	12	8	13	8	13	7	13	7	
38:
56	27.832	18	7	19	7	21	6	22	4	24	3	25	3	25	4	24	6	22	9	19	12	15	14	10	15	6	15	3	14	1	12	0	11	-1	11	-1	12	0	14	2	17	3	20	5	22	6	25	6	27	7	28	8	28	9	27	9	25	9	23	9	22	10	21	11	21	12	22	14	24	17	26	20	28	23	29	25	29	27	28	28	26	29	24	29	22	28	21	27	21	26	22	24	22	23	21	22	19	20	18	17	17	15	15	14	12	14	10	15	8	17	7	18	7	18	7	
39:
51	5.002	11	25	12	26	14	27	17	28	19	28	21	27	22	26	22	24	23	22	24	21	26	20	27	19	27	17	27	14	26	10	25	6	23	3	20	1	18	0	17	0	17	1	18	2	19	4	19	5	18	5	16	4	13	3	11	3	10	3	10	4	11	6	13	7	14	9	14	12	14	15	15	17	16	18	17	19	17	20	16	21	14	22	11	23	8	23	6	22	5	20	5	19	6	19	7	20	9	22	10	24	11	25	11	25	
40:
55	10.126	11	6	10	5	8	4	6	3	3	3	1	2	0	2	0	3	1	4	3	4	6	4	10	3	14	2	19	2	23	3	26	5	28	8	29	12	29	16	29	20	28	23	26	25	25	26	23	28	20	29	18	29	17	28	16	26	15	25	13	24	10	24	7	24	5	23	4	21	4	20	3	18	1	17	0	16	0	15	1	14	3	13	6	13	9	14	12	16	16	17	19	17	21	16	22	14	22	13	21	12	19	12	16	11	14	9	12	7	11	6	11	6	
41:
50	5.684	17	0	18	1	20	2	23	4	25	6	26	7	26	7	25	6	23	4	22	2	20	1	18	1	15	2	11	2	8	2	6	3	5	5	5	7	6	9	8	11	10	13	11	14	11	15	10	16	8	16	7	16	6	17	5	19	5	21	6	22	8	22	11	23	14	25	16	26	19	27	21	27	23	26	24	25	24	23	23	20	23	17	23	14	22	12	20	10	18	9	16	8	15	6	15	3	16	1	17	0	17	0	
42:
46	11.572	9	24	8	25	6	27	3	28	1	28	0	27	0	25	1	22	2	19	4	15	5	11	5	8	4	6	4	4	5	3	7	3	8	4	10	6	12	7	13	7	13	6	12	6	10	7	9	9	9	10	10	11	12	13	14	14	17	14	19	15	22	17	24	19	26	22	27	25	27	27	27	28	28	28	28	27	27	25	25	24	22	24	18	24	15	24	12	24	10	24	9	24	9	24	
43:
53	3.167	6	18	7	18	9	18	12	17	14	15	17	12	21	10	24	9	26	9	27	10	27	11	26	11	25	10	23	8	22	5	22	2	23	0	25	-1	26	-1	26	0	25	1	23	1	20	1	17	1	14	1	12	1	11	1	11	2	12	4	14	7	15	10	15	13	15	16	16	18	18	21	19	23	19	24	18	24	16	24	13	23	11	21	10	19	8	17	5	16	2	16	0	17	-1	18	-1	20	0	21	2	21	4	20	5	19	6	18	6	18	
44:
52	14.452	20	26	21	27	23	29	25	30	27	30	28	29	28	27	27	26	25	24	22	21	18	19	15	17	13	15	12	14	12	12	13	9	15	7	18	6	20	5	23	5	25	6	26	6	26	5	25	3	23	1	20	0	18	-1	15	-1	12	0	8	2	5	5	3	9	2	14	0	18	-1	21	-1	23	0	24	2	24	3	23	3	22	4	20	6	19	7	18	7	17	7	17	8	18	10	20	13	22	16	24	18	25	19	26	20	26	20	26	
45:
58	5.237	14	4	13	3	11	1	9	0	6	0	4	1	3	3	3	5	4	8	6	12	8	15	11	17	14	18	17	18	19	17	20	15	20	13	19	12	17	12	16	13	15	15	13	18	10	21	8	23	6	24	4	24	3	23	3	22	4	21	5	21	5	22	5	24	5	26	6	27	7	27	9	27	12	26	16	24	19	23	21	21	22	20	23	20	23	21	23	23	24	25	26	26	28	26	29	25	29	23	28	20	28	16	27	12	25	9	22	6	20	4	17	3	15	3	14	4	14	4	
46:
54	0.319	12	4	13	4	15	4	18	3	22	2	25	1	27	1	28	1	28	0	27	0	25	-1	22	-1	18	-1	14	0	11	2	9	5	8	8	8	12	9	16	9	19	8	22	6	25	4	27	2	29	1	30	1	30	2	29	4	29	7	28	11	28	15	28	19	29	22	31	25	32	27	32	28	31	28	29	27	27	25	24	22	21	18	17	13	12	9	8	6	5	3	3	1	2	0	2	0	1	1	1	3	2	6	4	9	5	11	5	12	4	12	4	
47:
52	2.544	9	3	10	4	12	6	15	9	18	12	20	14	22	15	24	15	25	14	25	12	25	9	25	6	24	4	23	3	21	3	20	4	20	6	20	9	21	12	22	16	24	19	26	21	28	22	29	22	29	23	28	23	26	23	23	23	20	23	16	23	11	24	7	24	4	24	2	24	1	23	1	21	2	19	3	18	5	18	6	17	6	15	5	12	4	8	2	5	1	3	0	1	0	0	1	0	3	1	6	2	8	2	9	3	9	3	
48:
48	2.107	23	23	23	22	23	20	23	17	24	14	25	12	27	11	28	10	29	10	29	9	28	9	26	8	23	7	21	5	20	3	19	1	18	0	18	0	19	1	19	3	18	6	16	9	13	11	11	13	8	14	6	15	5	16	4	18	4	20	5	21	6	23	6	25	7	26	7	26	8	25	8	23	9	21	11	20	14	20	17	21	20	22	23	24	25	26	26	27	26	27	25	26	24	24	23	23	23	23	
49:
56	11.823	10	16	9	16	8	15	7	13	6	10	6	7	6	5	7	4	9	4	12	4	14	5	16	7	17	10	17	13	18	15	18	16	17	16	16	15	14	13	13	11	13	8	14	5	16	3	19	2	23	2	26	3	28	4	29	6	29	9	28	13	28	18	28	22	27	25	25	27	22	28	20	28	19	27	19	25	19	22	19	20	18	19	16	19	13	20	10	22	8	25	6	27	3	28	1	28	0	27	0	25	1	23	3	21	5	19	7	18	9	17	10	16	10	16	
50:
54	9.742	23	12	22	12	20	13	18	14	17	15	16	15	16	14	17	12	19	10	21	8	23	5	25	3	26	2	26	0	25	-1	23	-1	20	0	18	2	17	5	16	7	14	8	11	8	7	7	4	7	2	8	1	10	1	13	1	16	2	20	3	23	3	25	4	27	6	28	8	28	9	29	11	29	13	28	16	26	20	24	23	23	25	23	26	24	26	26	25	28	23	29	22	29	21	28	21	26	20	23	20	19	20	16	21	14	22	13	23	12	23	12	
51:
55	5.065	8	17	7	16	7	14	8	12	10	11	12	10	13	10	13	11	12	12	10	12	8	11	7	9	7	6	8	3	10	1	11	0	11	0	11	1	11	2	12	4	14	5	17	5	20	5	22	6	23	6	23	7	22	7	22	8	23	8	25	9	27	11	28	14	28	18	28	21	28	23	28	24	27	24	26	23	24	23	22	24	20	25	17	25	15	24	13	22	10	21	6	21	3	22	1	24	0	25	0	25	1	24	3	22	5	20	7	18	8	17	8	17	
52:
50	5.735	1	26	1	25	1	23	0	20	0	17	1	15	3	13	6	12	9	12	11	11	12	10	12	9	11	9	9	9	8	8	8	6	9	5	11	5	13	6	14	7	15	7	16	6	17	4	18	3	19	2	20	2	22	3	25	3	27	2	28	2	28	3	28	5	28	8	28	11	27	13	26	14	26	15	27	16	28	17	28	19	27	21	25	23	23	26	20	28	16	29	11	29	7	28	4	27	2	26	1	26	1	26	
53:
57	17.545	5	11	5	10	4	8	4	6	3	5	3	5	2	6	2	8	3	11	4	15	5	18	6	20	8	21	11	22	13	22	14	21	14	20	13	19	13	17	14	14	16	11	18	7	19	3	21	0	24	-2	26	-3	28	-3	29	-2	29	0	28	1	26	1	24	1	23	2	23	4	24	6	26	7	27	9	27	12	27	16	27	20	28	23	29	25	29	27	28	29	26	30	23	30	19	29	14	28	10	26	7	23	4	21	2	20	1	19	1	17	2	14	4	12	5	11	5	11	
54:
53	5.631	23	8	24	9	25	10	26	12	26	15	25	17	23	18	21	18	20	17	18	17	15	16	13	16	12	17	12	19	13	21	13	24	14	26	15	27	17	28	20	28	23	29	25	29	27	28	28	26	28	23	27	20	25	18	24	15	24	12	25	8	27	4	28	1	28	-1	27	-2	25	-2	22	-2	18	-1	13	1	9	3	6	4	4	4	2	5	1	6	1	7	2	8	4	8	7	7	10	6	14	6	17	7	20	7	22	7	23	8	23	8	
55:
52	1.043	11	19	12	19	12	19	11	20	10	21	10	23	11	25	13	27	15	28	17	28	18	27	19	25	19	22	19	20	20	18	22	16	25	13	27	9	28	6	28	4	27	3	26	2	24	2	21	3	17	5	13	8	9	12	6	15	3	17	1	18	0	18	0	17	1	16	2	14	2	11	1	7	1	4	2	1	4	-1	7	-2	9	-2	10	-1	10	0	9	2	8	4	6	6	5	8	5	11	6	14	8	16	10	18	11	19	11	19	
56:
54	6.376	9	6	8	6	6	5	4	5	3	6	3	8	4	9	6	10	8	12	10	15	11	18	11	21	10	24	8	26	5	27	3	27	2	26	1	24	1	22	2	21	4	21	7	22	10	22	13	21	16	20	19	19	21	18	24	17	26	16	27	16	27	17	26	19	25	22	24	26	24	29	25	31	27	32	28	32	29	31	29	29	28	26	26	22	23	18	21	14	20	11	20	9	19	8	18	8	18	9	17	10	15	10	12	9	10	7	9	6	9	6	
57:
51	4.357	24	14	25	14	26	15	27	16	27	18	26	20	26	22	27	24	27	26	26	28	24	29	22	29	21	28	20	26	18	24	17	23	15	23	14	24	13	26	11	29	9	31	6	32	4	32	3	31	3	29	3	26	4	23	6	21	8	20	10	19	11	17	11	14	10	12	8	11	6	9	5	8	5	8	6	8	7	7	9	5	10	3	12	1	14	0	16	0	19	1	21	3	22	5	22	8	22	11	23	13	24	14	24	14	
58:
50	6.893	8	27	7	27	5	27	2	26	0	24	-1	21	-1	18	0	16	1	15	3	15	6	15	9	14	11	12	12	9	12	6	11	4	10	2	10	1	11	1	13	2	15	3	17	4	19	5	20	7	21	9	21	10	22	11	22	11	21	10	20	9	18	9	17	9	17	10	18	12	20	14	22	16	25	19	27	23	29	26	30	28	30	29	29	29	27	28	25	28	22	29	18	30	14	30	11	29	9	28	8	27	8	27	
59:
53	3.505	25	7	24	8	23	9	21	9	18	8	16	7	15	6	15	6	14	7	14	9	14	11	14	13	13	14	11	16	8	19	5	22	3	24	2	25	2	27	3	30	5	32	8	33	11	33	13	32	14	30	14	27	13	25	11	22	8	18	6	15	4	11	2	7	1	4	1	2	2	1	4	1	5	2	5	4	6	7	8	10	9	12	11	13	14	13	18	13	22	14	25	15	27	15	28	14	28	12	28	10	27	8	26	7	25	7	25	7	
60:
48	4.674	4	12	3	11	1	9	0	7	0	5	1	4	3	4	5	5	7	6	10	6	14	5	18	3	22	1	25	0	27	0	28	1	28	2	27	3	25	5	23	7	21	10	19	12	18	15	17	18	15	20	12	22	10	23	9	24	8	25	8	27	9	28	11	30	13	31	15	31	16	30	16	29	15	27	14	24	14	21	15	18	15	16	14	15	12	15	10	16	7	16	5	15	4	13	4	12	4	12	
61:
52	10.575	5	6	6	7	8	9	11	10	14	11	17	11	19	10	20	8	20	6	19	5	17	5	16	6	16	8	17	11	17	15	18	19	19	23	21	26	24	28	26	29	27	29	27	28	26	27	24	27	21	28	19	28	18	27	17	25	15	23	12	21	10	20	8	19	6	19	5	20	5	22	5	25	5	27	5	28	4	28	2	27	1	26	1	24	1	21	2	17	2	14	1	12	0	10	0	9	1	9	3	8	4	7	5	6	5	6	
62:
51	3.42	7	7	7	6	6	4	4	2	3	1	1	1	0	2	0	4	1	7	3	11	5	15	7	19	9	22	12	24	14	26	15	27	16	27	16	26	15	25	15	23	16	21	18	19	19	17	19	16	18	15	18	15	19	16	21	17	24	17	27	16	29	14	30	11	30	7	29	4	27	2	25	1	24	1	23	2	23	4	22	7	22	9	21	10	20	10	20	9	19	7	17	5	14	4	11	4	9	5	8	6	7	7	7	7	
63:
54	1.973	2	2	3	3	3	4	3	6	3	9	2	11	1	13	1	14	2	14	4	15	5	17	5	19	4	21	3	23	3	24	4	24	5	23	7	21	10	18	13	14	16	10	19	7	23	5	26	4	29	4	31	5	32	7	32	10	31	14	29	18	28	22	27	25	26	27	25	28	24	28	23	27	23	25	22	22	21	18	20	14	19	11	19	8	18	6	16	5	13	5	11	5	10	6	9	7	9	8	8	8	7	7	5	5	3	3	2	2	2	2	
64:
52	4.113	24	23	25	22	25	20	25	18	24	17	23	17	21	18	20	20	20	22	19	24	17	26	14	28	12	29	11	29	11	28	12	26	13	23	13	21	12	20	10	19	8	17	5	15	2	13	0	11	-1	10	-1	8	0	7	2	7	4	8	6	10	8	11	11	11	15	10	18	9	21	8	23	6	25	4	26	3	26	3	26	4	26	6	26	9	27	13	28	17	28	21	27	24	27	26	26	27	24	27	23	26	23	24	24	23	24	23	
65:
55	2.221	10	28	11	27	11	25	10	23	8	21	6	20	4	18	2	17	1	17	1	18	2	19	3	20	5	22	8	23	12	23	16	22	19	22	21	21	22	19	22	17	21	16	21	15	22	14	23	13	23	12	23	11	22	11	21	11	21	10	22	8	22	6	22	3	21	0	19	-2	16	-3	13	-4	11	-4	10	-3	9	-1	9	2	10	6	11	11	11	16	10	20	8	24	5	27	3	29	2	30	1	30	1	29	2	28	4	28	7	28	9	28	10	28	10	28	
66:
57	22.199	2	21	3	21	5	20	7	20	10	21	12	22	14	24	17	26	20	27	22	28	23	28	23	29	22	29	20	28	17	27	14	25	12	22	11	19	11	17	12	16	14	16	17	15	20	15	22	16	24	16	25	15	25	13	24	10	24	6	24	3	24	0	23	-2	21	-3	19	-3	17	-2	16	0	16	3	16	5	15	6	13	6	10	5	7	3	5	2	3	1	2	1	2	2	3	4	4	5	5	6	5	8	4	11	2	13	1	16	0	18	0	20	1	21	2	21	2	21	
67:
54	13.01	12	4	12	5	13	6	14	8	14	9	13	11	12	13	12	16	11	19	9	23	7	26	5	28	3	29	1	29	0	28	-1	27	-2	25	-2	22	-1	19	1	17	4	16	6	16	7	17	8	19	10	21	13	24	15	26	17	27	19	27	20	26	21	24	21	22	22	21	24	21	25	21	25	20	24	19	22	19	19	19	17	18	16	16	16	13	17	11	19	9	21	8	23	6	24	4	24	2	23	1	21	1	18	2	15	2	13	3	12	4	12	4	
68:
57	3.932	29	10	28	10	26	11	23	11	19	10	16	10	14	11	12	12	11	14	11	17	11	19	10	20	9	20	7	19	4	18	2	17	1	17	1	18	2	19	4	19	7	20	11	22	14	24	16	27	18	29	21	30	23	30	24	29	24	27	23	25	21	22	18	19	14	17	10	16	6	14	3	11	1	8	0	6	0	3	1	1	3	0	5	0	7	1	10	3	13	5	15	6	16	6	16	5	16	3	17	2	19	1	22	1	24	2	25	4	26	7	28	9	29	10	29	10	
69:
49	4.881	24	21	23	21	22	20	22	18	23	15	24	12	24	10	23	8	21	7	18	7	16	6	14	6	13	7	13	9	13	10	12	10	10	9	7	9	5	9	3	10	2	10	2	10	3	10	5	11	8	12	10	14	11	16	13	18	15	19	16	21	16	24	15	26	13	27	10	27	8	26	7	24	5	22	4	19	4	17	5	16	7	16	8	17	9	19	11	21	14	22	18	22	21	21	23	21	24	21	24	21	
70:
56	2.73	14	25	14	24	13	22	13	19	13	16	14	14	15	13	17	13	18	14	18	16	17	19	15	23	13	26	12	28	12	29	12	29	13	28	15	27	16	25	18	24	21	24	23	25	25	26	27	28	29	29	30	29	30	28	29	26	29	23	29	20	30	17	30	13	29	9	27	5	24	1	20	-2	15	-4	11	-5	8	-6	5	-6	3	-5	2	-3	2	0	3	2	3	4	2	7	1	11	0	15	0	19	1	22	3	24	5	25	8	26	11	26	13	25	14	25	14	25	
71:
56	8.85	16	8	17	9	19	11	22	12	24	13	25	15	25	16	24	16	22	17	20	18	17	19	13	19	9	20	6	21	4	23	3	25	3	27	4	28	6	28	9	27	12	26	16	26	19	27	21	27	22	26	22	24	21	21	19	19	16	17	13	14	11	10	10	7	8	4	6	2	5	1	3	1	1	2	-2	4	-4	7	-5	10	-5	12	-4	13	-2	13	1	12	5	10	8	9	10	7	11	5	13	4	16	4	18	4	19	5	19	7	18	8	17	8	16	8	16	8	
72:
53	8.369	26	2	27	3	29	5	30	7	30	10	29	13	27	15	25	16	22	16	19	16	17	15	16	13	16	10	17	7	19	5	20	4	20	2	19	1	17	1	14	1	10	0	7	0	4	1	2	3	1	6	1	10	0	14	-1	17	-1	19	0	20	2	20	3	19	5	18	6	17	8	17	9	18	10	20	12	22	14	24	16	27	19	29	21	30	23	30	24	29	24	27	25	24	26	20	26	16	26	12	27	8	27	5	26	3	26	2	26	2	
73:
52	1.91	12	3	11	2	9	1	6	0	3	0	1	1	-1	3	-2	6	-2	10	-1	13	1	15	2	17	4	18	6	19	9	19	13	18	16	16	18	13	19	9	19	6	18	4	18	3	19	3	21	4	23	6	24	9	26	13	28	18	29	22	29	25	29	27	28	28	26	29	23	29	20	28	17	26	13	25	10	25	8	26	7	28	7	29	8	29	10	28	12	27	13	25	14	22	14	18	14	13	14	9	14	6	13	4	12	3	12	3	
74:
51	20.195	13	4	12	5	10	7	8	9	5	12	3	14	1	16	0	17	0	17	1	16	3	14	6	12	8	10	11	9	13	9	14	10	14	12	14	15	13	18	13	21	14	23	16	24	19	24	22	25	24	26	25	28	25	30	24	31	22	31	19	30	15	28	12	25	10	23	9	20	9	18	10	16	11	15	13	14	14	12	15	9	17	5	19	2	21	0	22	-1	22	-1	22	0	21	2	19	4	16	5	14	5	13	4	13	4	
75:
56	4.711	5	15	4	16	3	18	3	19	4	19	6	18	9	18	12	19	14	21	15	24	17	26	19	27	20	28	20	29	19	29	17	29	14	28	12	26	11	23	11	20	12	18	13	17	15	17	17	18	19	18	22	17	25	15	27	12	28	9	28	6	27	3	25	1	23	0	20	0	18	1	17	2	17	4	18	5	18	5	17	4	15	2	12	1	8	1	5	1	3	1	2	2	2	4	3	5	4	5	6	5	8	6	9	7	9	9	8	12	6	14	5	15	5	15	
76:
49	1.714	12	16	13	15	13	13	12	12	10	12	7	12	5	11	4	11	4	12	5	13	7	15	8	18	8	22	7	25	7	27	8	28	9	28	11	27	13	25	14	22	14	19	15	17	17	16	20	16	23	17	25	19	27	20	29	20	30	19	30	17	29	14	28	12	28	9	27	7	27	5	28	4	29	3	29	1	28	0	26	0	23	0	20	1	18	3	17	6	16	8	16	10	15	13	13	15	12	16	12	16	
77:
51	2.597	5	26	6	27	8	27	10	28	13	28	16	27	18	25	19	22	20	19	20	15	19	12	17	10	14	8	10	7	7	5	4	4	2	3	1	2	1	1	2	0	4	0	7	0	10	0	14	1	17	2	19	4	20	5	21	5	21	4	22	2	24	1	25	1	25	2	25	4	25	7	26	9	28	12	29	14	29	15	29	15	28	14	27	12	25	11	22	11	19	12	17	14	14	17	11	20	8	23	6	25	5	26	5	26	
78:
43	5.482	24	22	23	22	21	22	20	21	20	19	21	16	23	12	25	9	26	6	26	4	25	3	23	3	20	4	18	4	15	3	12	1	9	0	5	0	2	1	0	3	-1	4	-1	5	0	5	2	5	5	5	7	4	8	4	8	5	8	7	9	8	11	9	12	11	14	14	15	18	16	22	17	25	19	27	21	28	22	28	23	27	24	25	24	23	24	22	24	22	
79:
54	14.549	12	0	11	-1	9	-2	6	-2	3	-1	1	1	0	4	0	7	1	11	3	15	4	19	4	23	3	26	2	28	2	29	3	29	5	28	8	27	10	25	13	23	15	20	16	18	17	17	17	15	16	12	14	10	11	9	8	9	6	10	5	12	5	13	6	13	8	12	11	10	14	9	18	9	21	10	23	12	24	15	25	17	25	19	26	20	28	20	29	19	29	18	28	16	26	13	24	9	22	5	19	2	17	0	15	-1	13	-1	12	0	12	0	
80:
51	3.885	0	17	1	18	3	20	5	21	8	21	12	20	17	18	21	15	24	12	26	9	28	7	30	6	31	6	31	7	30	9	28	11	25	14	22	18	20	22	17	25	15	27	14	28	13	28	13	27	13	25	13	22	14	18	16	15	19	11	21	8	22	6	22	4	21	2	19	1	18	1	18	1	19	2	19	4	18	5	16	5	15	4	13	2	11	1	8	1	6	2	4	4	2	7	1	11	1	14	0	16	0	17	0	17	
81:
46	1.684	3	9	2	9	1	9	1	8	2	7	4	5	5	2	7	0	8	-1	8	-1	9	0	11	2	14	5	17	8	21	10	24	13	26	16	27	19	27	22	27	24	26	25	24	25	22	24	20	22	19	19	19	15	20	12	22	9	23	6	25	4	26	3	26	3	25	2	23	2	21	3	18	5	14	6	11	8	9	11	7	13	6	14	5	14	3	13	2	11	2	10	3	9	3	9	
82:
56	4.674	13	12	14	11	14	9	15	6	17	4	19	2	20	1	22	1	23	2	23	4	22	7	21	9	21	10	22	10	24	9	25	9	27	10	28	12	28	14	27	17	25	19	22	20	19	20	17	19	15	17	13	16	10	16	7	17	5	19	4	22	3	24	3	25	4	25	4	24	3	22	3	19	2	17	2	16	3	15	5	15	6	16	6	16	5	15	4	13	4	10	4	7	3	5	2	4	1	4	1	5	2	7	4	9	7	11	10	12	12	12	13	12	13	12	
83:
57	6.249	0	27	1	26	3	26	6	26	10	26	13	25	15	24	16	24	18	25	20	27	23	28	25	29	26	29	26	28	25	26	23	24	20	22	18	20	15	19	13	19	12	20	12	21	12	21	13	20	14	18	16	15	19	12	21	8	22	5	22	3	21	2	20	2	18	1	16	0	15	0	15	1	16	3	17	6	17	8	16	9	15	9	14	8	13	6	12	3	10	1	7	0	4	0	2	1	1	3	1	6	2	10	2	15	3	19	3	22	2	24	1	26	0	27	0	27	
84:
56	30.103	3	26	3	25	2	23	1	21	1	18	2	14	3	10	5	6	7	3	8	1	9	0	9	0	8	1	8	3	9	6	10	10	10	15	11	19	13	23	16	26	20	28	23	29	26	29	28	28	29	27	29	25	28	24	26	24	23	24	21	24	19	24	17	23	16	21	16	19	17	17	19	15	22	14	25	13	27	13	28	12	28	11	27	10	25	8	24	7	22	6	20	6	17	6	14	7	12	9	11	12	11	15	10	18	8	20	6	23	4	25	3	26	3	26	
85:
50	1.437	27	10	26	11	25	13	25	14	26	16	26	17	25	17	23	16	20	14	18	13	16	13	15	14	15	16	16	19	16	21	15	24	13	26	10	27	6	27	3	26	1	24	0	21	0	17	1	14	3	12	4	10	4	8	3	7	2	7	2	8	3	8	3	7	2	5	2	3	2	2	3	1	4	1	6	2	9	3	13	4	17	4	20	4	22	3	24	2	26	2	28	3	29	5	29	7	28	9	27	10	27	10	
86:
49	8.141	21	0	22	1	24	3	25	5	27	8	28	12	29	17	29	21	28	25	26	28	23	30	19	31	16	32	14	32	13	31	13	29	14	26	16	24	19	23	21	21	23	18	24	14	24	11	23	9	21	8	20	8	18	9	17	10	17	12	18	15	18	17	18	18	17	18	15	17	14	16	13	14	11	12	9	11	7	11	6	12	5	12	5	11	6	9	8	7	11	4	15	2	18	1	20	0	21	0	21	0	
87:
56	10.52	18	5	18	6	17	8	15	9	12	9	8	9	5	9	3	10	2	11	2	12	3	14	4	15	6	15	8	14	9	12	9	11	10	11	12	12	13	14	13	16	12	19	10	21	8	22	6	22	5	23	5	25	6	27	7	28	9	28	12	27	16	26	19	25	21	23	22	22	24	22	26	23	27	25	27	26	26	26	25	25	25	23	25	20	25	17	24	13	23	10	23	8	23	7	22	7	21	6	20	4	20	2	21	1	21	1	20	2	19	4	18	5	18	5	
88:
46	0.819	24	8	25	9	25	11	25	13	26	14	28	15	29	16	29	17	28	18	26	18	23	18	19	18	16	17	14	15	11	14	9	14	7	15	6	17	6	20	6	24	6	27	5	29	5	30	4	30	3	29	3	27	2	24	2	20	3	17	4	14	6	10	8	6	11	3	13	1	14	0	16	0	19	1	23	3	26	6	28	8	29	9	29	9	28	8	26	7	25	7	24	8	24	8	
89:
55	10.054	23	21	22	20	21	18	21	16	22	15	24	15	26	16	28	16	30	15	31	13	31	10	30	8	28	7	25	7	21	8	18	9	15	10	11	11	8	11	6	10	3	8	1	5	0	3	0	2	1	2	3	3	4	5	4	8	4	12	4	15	4	17	5	18	7	18	10	18	12	19	13	21	13	23	13	25	12	26	10	26	7	25	4	25	2	26	1	27	1	29	2	30	4	30	7	29	10	29	13	29	17	28	20	26	22	24	23	22	23	21	23	21	
90:
57	18.974	26	13	27	12	29	12	30	12	30	13	29	15	27	17	26	20	26	23	25	26	25	28	24	29	22	29	19	28	16	28	12	27	9	26	6	24	4	22	3	19	3	17	4	16	6	16	9	17	12	17	16	17	19	16	21	14	22	11	23	8	24	6	26	5	28	5	29	5	29	4	28	2	26	0	23	-1	19	-1	16	0	12	2	8	4	4	5	1	5	-1	4	-2	2	-2	1	-1	0	1	0	4	0	8	1	12	3	16	5	20	7	23	10	25	12	26	13	26	13	
91:
50	0.727	14	8	13	9	11	9	8	8	6	6	4	5	2	5	1	5	1	6	2	8	4	9	6	11	8	12	9	13	9	15	8	17	6	20	3	22	1	24	0	25	0	27	1	28	3	28	6	28	9	29	13	29	17	29	20	29	22	29	23	28	23	26	22	23	20	19	19	16	19	14	20	13	22	13	24	13	27	13	29	12	30	10	30	8	29	6	27	5	24	5	21	6	19	7	17	7	15	8	14	8	14	8	
92:
49	4.806	4	10	4	9	3	7	2	5	2	2	3	0	3	-1	4	-1	5	0	7	2	10	4	12	5	14	5	15	5	15	6	14	7	14	8	15	9	16	11	17	14	18	18	18	22	19	25	21	27	23	28	24	28	25	27	25	25	25	22	26	19	27	17	28	16	28	16	27	17	25	19	22	21	18	22	15	22	13	21	12	20	11	18	10	16	8	15	5	14	3	14	2	13	2	11	3	10	4	10	4	10	
93:
48	5.086	16	23	15	23	13	23	10	22	8	21	6	21	5	20	5	18	6	15	7	11	9	7	10	4	10	2	10	1	11	1	13	2	16	4	19	6	23	7	26	7	28	7	29	8	29	9	28	10	26	11	23	11	20	12	16	14	13	16	10	17	6	17	3	17	1	18	0	20	0	23	0	25	1	26	3	26	6	26	10	26	14	25	17	25	19	24	20	23	20	22	19	22	17	23	16	23	16	23	
94:
57	3.165	23	26	24	25	25	23	27	20	28	16	28	12	29	8	30	5	30	3	29	2	27	2	26	3	24	3	23	3	23	4	23	6	22	9	20	11	17	12	14	13	11	13	9	14	8	15	8	16	9	16	11	16	13	15	14	13	14	10	14	7	13	5	11	4	10	4	9	5	7	6	4	7	2	9	1	11	0	13	0	16	1	20	3	24	6	27	10	29	15	30	19	30	22	29	24	28	25	26	25	23	24	21	22	20	21	20	21	21	21	23	22	25	23	26	23	26	
95:
50	1.847	17	15	17	16	18	17	19	18	21	18	23	17	24	16	24	14	24	11	23	8	23	6	24	5	26	5	27	5	28	6	28	8	27	10	26	11	24	11	21	10	18	8	14	5	11	3	8	1	6	0	5	0	4	1	4	3	5	5	7	6	8	7	8	8	7	8	5	9	4	11	2	14	1	18	1	22	0	25	0	27	1	28	3	28	6	27	9	25	11	23	13	21	15	20	16	18	17	16	17	15	17	15	
96:
51	2.667	12	17	13	16	14	14	14	11	13	9	11	7	9	6	6	6	3	6	1	7	0	9	0	11	1	12	2	13	4	14	6	15	7	16	7	18	6	20	5	21	5	21	6	20	8	20	9	21	11	22	14	24	18	26	21	27	23	27	24	26	24	24	23	23	21	21	19	18	18	16	18	14	19	12	19	9	20	7	22	6	24	6	25	7	25	8	24	10	22	11	20	11	17	11	15	12	14	14	13	16	12	17	12	17	
97:
64	17.779	15	13	14	12	12	10	9	8	7	6	6	5	6	3	7	2	9	2	11	3	13	5	14	7	16	8	17	8	17	7	16	5	14	2	13	0	13	-1	14	-1	15	0	17	2	20	3	23	3	26	4	28	5	29	7	29	10	28	14	28	18	28	22	28	25	28	27	27	28	25	28	22	27	20	25	19	23	19	20	20	18	22	17	23	16	23	16	22	16	20	16	18	16	15	16	13	17	12	19	12	21	11	23	9	25	7	27	4	28	2	28	1	27	1	25	2	24	4	22	6	19	9	17	12	16	14	14	15	13	15	13	
98:
47	3.309	2	20	3	20	5	21	8	23	11	24	13	25	15	25	16	24	16	22	15	21	13	21	10	22	8	24	7	25	7	27	8	28	10	28	13	29	17	29	20	28	22	26	23	23	23	21	22	19	22	16	22	12	23	9	25	7	27	5	28	4	28	2	28	1	27	1	25	1	22	2	18	4	13	5	9	5	6	6	3	6	1	7	0	9	0	12	1	15	1	17	2	19	2	20	2	20	
99:
61	60.633	25	9	24	10	22	10	19	9	15	7	11	6	8	6	6	7	5	7	3	6	2	4	2	2	3	0	5	-1	8	-1	12	-1	16	-1	19	0	21	0	22	1	22	3	21	4	20	5	20	6	21	6	23	5	26	5	28	6	29	8	31	11	32	15	34	20	35	24	35	27	34	29	32	30	30	30	28	29	26	27	24	25	23	24	21	24	20	24	20	25	20	27	19	28	17	28	14	27	11	27	9	27	8	28	8	28	9	28	11	27	14	25	18	22	21	18	23	15	24	12	24	10	25	9	25	9	