0:
70	175.69	6	28	5	27	3	26	0	24	-2	21	-3	17	-3	12	-2	8	0	5	3	2	7	0	12	-1	17	-1	21	0	24	1	26	1	27	0	27	0	26	0	25	1	23	3	22	6	20	10	17	15	15	20	14	25	14	29	15	32	17	34	18	35	20	35	21	34	21	32	20	29	20	25	20	22	21	20	22	19	24	19	27	20	29	22	31	25	33	29	35	32	38	36	41	39	43	41	44	42	44	42	43	41	42	41	40	40	37	39	33	39	28	40	22	41	16	41	11	41	7	41	4	42	2	42	1	41	1	39	2	38	4	36	5	34	6	33	6	31	6	29	6	28	6	28	
1:
62	72.347	39	7	38	8	36	8	33	9	29	11	26	12	22	12	19	11	16	9	14	6	13	4	13	3	14	3	14	4	15	6	15	9	14	12	12	14	9	15	6	17	4	19	2	22	1	26	1	29	2	31	4	32	7	32	10	32	12	33	13	34	13	36	12	39	11	41	11	42	12	42	14	43	17	43	20	42	24	42	29	43	33	44	36	46	38	48	40	49	41	49	41	48	40	46	40	43	39	39	37	36	36	32	36	27	37	22	39	18	40	15	41	13	42	12	43	12	43	11	42	10	40	8	39	7	39	7	
2:
67	6.838	35	21	34	20	32	18	29	16	25	14	22	13	19	12	17	12	16	13	15	15	15	18	15	22	14	25	12	27	9	28	7	28	5	27	4	25	4	22	4	18	3	13	3	9	4	6	5	4	5	2	6	1	8	1	11	2	15	4	20	5	26	5	32	4	37	2	41	1	44	0	46	0	47	1	47	3	46	6	45	10	43	15	42	21	40	27	39	32	37	36	34	39	30	41	27	42	24	42	22	42	21	43	21	45	22	47	24	48	27	48	31	47	35	45	38	42	41	38	43	34	44	31	44	29	43	27	41	24	38	22	36	21	35	21	35	21	
3:
67	39.815	9	21	10	22	11	24	12	26	14	27	16	27	18	26	19	24	19	21	18	17	16	14	15	10	15	7	16	5	17	3	19	2	22	2	24	3	26	5	29	8	32	10	36	11	40	11	43	10	45	9	46	9	46	10	45	12	43	14	40	17	38	19	37	20	37	22	38	23	40	25	43	28	46	30	48	32	49	33	49	35	48	36	46	36	44	36	41	36	37	35	32	33	28	32	25	32	23	32	22	33	22	35	21	37	19	38	17	39	15	39	12	38	10	36	9	34	8	33	7	33	5	33	4	32	4	30	5	27	7	24	8	22	9	21	9	21	
4:
73	47.44	9	33	10	32	11	31	12	30	12	28	11	26	9	23	7	21	5	20	4	20	4	20	5	21	7	22	10	22	13	21	15	20	16	18	16	15	16	11	17	8	19	6	22	4	26	2	31	1	36	0	40	-1	43	-2	46	-2	48	-1	49	1	49	3	48	4	47	5	47	7	48	10	49	14	50	17	50	20	49	22	47	23	44	23	40	23	35	23	31	23	27	23	24	23	22	24	21	26	21	27	22	28	24	28	27	28	30	27	34	27	38	28	41	30	43	32	44	34	44	37	43	41	41	44	38	46	34	47	29	48	23	49	18	49	14	48	11	46	9	43	8	39	8	36	8	34	9	33	9	33	
5:
77	48.575	18	31	18	32	17	34	16	36	14	38	11	40	7	41	4	41	2	40	1	38	1	35	1	31	1	27	2	24	2	22	3	21	5	21	7	21	8	20	10	20	13	20	17	19	22	17	27	14	31	10	34	6	36	3	37	1	38	0	38	0	37	1	37	3	37	6	38	10	39	14	41	18	42	21	42	23	42	24	43	24	43	23	42	21	40	18	37	14	34	11	30	9	26	7	21	6	15	5	10	4	6	2	3	1	1	1	0	1	0	2	1	3	3	5	6	8	10	12	14	17	17	23	21	28	24	32	27	36	30	39	32	41	33	43	33	45	32	46	30	46	27	45	25	43	24	40	23	37	21	34	19	32	18	31	18	31	
6:
62	88.558	4	32	5	33	5	35	5	38	5	41	5	44	6	46	7	47	7	47	7	46	6	44	4	41	2	37	1	32	1	28	2	24	3	21	5	19	8	18	10	18	11	19	11	21	12	23	14	26	16	30	18	34	21	37	23	39	25	40	28	40	32	40	35	39	39	39	43	39	46	39	48	38	49	36	49	35	48	34	46	32	43	29	39	25	36	20	34	16	33	13	31	10	30	8	30	7	29	7	28	8	28	10	28	13	28	16	27	19	25	22	22	25	18	28	14	30	10	31	7	31	5	31	4	32	4	32	
7:
72	16.166	38	44	37	43	35	41	33	38	31	34	30	29	30	23	31	18	32	14	32	11	31	7	29	4	26	2	22	1	17	0	12	0	8	1	4	3	1	6	-1	10	-2	14	-2	18	-1	21	1	23	4	24	7	24	11	23	15	21	20	19	25	18	30	18	34	19	38	21	41	22	43	22	45	21	47	19	48	16	48	14	47	11	45	7	42	3	39	0	35	-2	30	-3	26	-3	23	-2	21	0	20	3	20	7	21	10	22	14	22	19	21	24	19	29	16	33	13	36	11	38	10	40	10	43	11	46	13	48	16	49	18	49	20	48	22	46	25	45	29	44	32	44	35	45	37	45	38	44	38	44	
8:
65	11.097	28	21	27	21	25	22	22	22	18	22	15	22	13	21	11	20	10	19	10	18	11	18	13	19	15	21	17	24	19	28	22	31	24	34	26	36	27	37	27	37	26	36	24	34	21	31	17	29	14	28	11	28	7	29	4	29	2	28	1	26	1	23	1	19	2	16	4	12	7	9	11	7	16	6	20	5	23	4	25	4	26	5	26	7	26	10	27	14	29	17	32	19	35	20	39	21	43	21	46	20	48	18	49	15	49	11	48	8	47	6	47	5	46	5	45	6	43	8	40	11	36	15	33	18	31	20	29	21	28	21	28	21	
9:
66	41.753	43	3	44	4	45	6	45	9	45	13	46	18	46	23	45	27	43	30	40	34	36	37	32	39	29	40	27	40	26	40	26	39	27	37	29	34	32	30	34	26	35	22	36	19	37	17	38	16	38	16	37	17	35	18	32	20	28	22	24	23	21	23	19	22	17	21	16	21	16	22	16	24	17	27	17	31	17	35	17	38	17	40	16	41	14	41	11	40	8	38	5	35	3	31	2	27	2	23	1	18	0	14	-1	10	-1	6	0	3	2	1	5	0	9	0	13	1	18	3	24	5	29	6	33	6	37	5	40	4	42	3	43	3	43	3	
10:
72	125.955	36	48	35	49	33	50	30	50	26	50	23	49	21	47	19	44	18	40	16	37	13	34	9	32	5	31	2	30	0	28	-1	25	-1	21	0	16	2	11	5	7	9	4	12	2	14	1	15	1	15	2	14	4	14	7	13	11	11	15	10	18	10	20	11	21	13	21	16	20	20	18	23	17	25	17	26	16	27	14	28	11	30	7	33	4	35	2	36	1	36	0	35	0	33	1	31	3	30	6	30	10	31	13	33	16	36	19	40	21	44	24	47	27	49	31	50	35	50	38	49	40	49	41	48	41	47	40	46	38	44	37	43	37	41	38	38	40	36	43	35	45	35	47	36	48	36	48	
11:
54	9.127	30	46	29	45	27	43	26	41	25	38	25	36	26	34	28	33	31	32	34	32	37	33	39	33	40	33	40	33	39	32	37	30	34	28	32	26	29	25	25	25	20	26	15	26	11	25	8	23	6	21	5	20	5	18	6	17	8	16	11	16	15	16	20	16	24	15	28	15	31	15	34	15	36	14	39	12	43	11	47	11	50	12	52	14	53	17	53	21	52	26	50	31	47	36	43	40	39	43	36	45	34	46	33	47	31	47	30	46	30	46	
12:
54	9.94	10	17	10	16	9	14	7	13	4	13	2	14	1	16	1	19	2	22	4	24	5	27	7	31	10	35	13	38	17	40	21	41	24	41	26	40	28	38	29	35	31	32	33	28	34	25	35	23	35	21	34	19	34	16	35	13	37	11	38	10	38	10	37	10	35	10	34	11	32	13	30	14	28	14	25	13	23	12	21	12	20	13	20	15	20	18	19	22	18	25	18	27	19	28	19	28	18	27	17	25	15	22	13	20	11	18	10	17	10	17	
13:
71	72.699	43	20	44	19	45	17	47	16	48	15	48	14	47	13	45	13	44	12	44	10	44	7	43	5	41	4	38	3	35	3	33	4	32	6	32	9	32	11	31	12	29	12	27	11	25	9	24	8	24	8	25	9	25	11	24	13	22	14	19	14	15	13	10	11	6	9	3	8	1	6	0	5	0	5	1	6	2	8	4	11	7	14	9	18	10	23	10	28	9	33	7	37	5	41	4	44	4	46	5	47	7	47	10	46	12	44	13	41	15	39	16	38	18	38	19	39	20	41	22	42	25	42	29	41	32	40	35	38	39	36	42	33	44	29	45	26	45	23	44	21	43	20	43	20	
14:
65	22.175	38	25	37	25	35	25	32	24	29	22	26	20	24	18	23	15	23	11	23	7	22	4	20	2	17	1	13	1	10	2	8	4	7	5	7	7	8	10	10	12	13	13	17	14	20	16	23	19	26	22	28	26	31	29	34	31	38	32	41	34	43	37	44	41	44	44	43	46	41	47	38	47	35	47	33	46	30	44	26	41	21	37	16	34	12	32	9	31	7	31	6	32	6	34	5	37	5	40	6	44	7	47	9	49	12	50	15	50	18	49	20	47	22	44	24	40	27	35	29	31	30	28	32	26	35	25	37	25	38	25	38	25	
15:
69	28.837	34	32	35	32	37	32	38	33	40	35	41	37	43	39	45	40	48	40	50	39	52	37	53	34	53	31	52	28	50	26	49	25	48	25	47	26	47	27	46	29	44	30	41	30	37	29	34	28	31	26	29	23	27	19	24	14	20	10	16	6	12	3	9	1	5	0	2	0	0	1	-1	3	-1	6	-1	9	0	11	2	12	4	13	7	13	10	12	14	12	17	13	19	14	20	16	20	17	19	17	17	18	14	20	10	22	7	25	5	29	4	34	4	38	4	42	5	45	7	47	9	48	12	48	15	47	17	45	20	42	24	38	28	35	31	33	33	32	34	32	34	32	
16:
73	13.216	30	38	29	39	27	39	24	38	22	36	19	33	17	29	16	26	16	22	17	19	17	17	16	15	14	14	11	14	8	15	6	17	4	20	3	24	3	27	3	29	4	30	6	30	9	29	12	27	16	24	19	21	21	19	23	18	26	18	28	18	30	19	31	21	31	24	32	27	32	29	31	30	30	30	30	29	31	27	33	24	35	20	36	16	38	13	41	11	44	10	47	10	51	11	55	13	58	16	60	20	62	25	63	31	63	36	62	40	60	43	57	46	53	48	48	49	43	49	37	48	32	46	28	45	24	45	21	46	19	48	18	49	18	49	19	48	21	46	24	43	27	41	29	39	30	38	30	38	
17:
66	16.979	3	27	4	28	4	30	4	33	4	36	4	39	5	42	7	45	10	47	14	48	19	48	25	48	30	47	34	47	37	46	40	44	42	41	43	37	43	32	42	26	40	19	37	13	33	8	30	4	28	0	27	-3	27	-6	28	-8	30	-9	33	-9	37	-8	41	-6	44	-3	46	1	47	6	47	10	46	13	44	16	41	18	37	19	32	19	27	19	23	18	19	16	16	13	14	9	12	5	9	2	7	0	6	-1	5	-1	5	0	6	2	8	4	11	7	14	10	16	13	17	17	17	20	16	23	14	25	11	27	9	28	6	28	4	28	3	27	3	27	
18:
65	4.716	12	14	12	13	11	12	10	11	8	10	5	10	2	11	0	12	-1	14	-1	17	0	20	2	22	5	24	7	26	8	29	8	33	7	36	6	39	5	41	5	42	6	42	8	41	10	40	13	40	16	41	18	43	21	46	24	48	27	49	30	49	34	48	37	46	39	43	40	39	40	36	40	34	41	33	43	33	44	34	46	36	47	39	48	41	49	42	50	42	51	41	51	39	50	36	49	33	48	29	48	26	48	24	47	23	47	23	47	24	46	25	44	26	41	26	37	25	32	25	27	24	22	22	18	19	15	17	13	15	12	14	12	14	
19:
70	8.221	31	11	30	12	28	12	25	11	22	11	20	11	18	12	17	14	17	15	16	15	14	15	12	15	10	16	9	18	9	20	10	23	12	27	15	30	18	32	21	33	23	33	24	32	24	30	24	27	24	24	23	22	21	21	19	21	17	22	14	24	11	26	8	29	5	31	3	33	2	34	2	34	3	33	5	32	8	30	12	28	17	27	21	27	24	27	26	28	27	30	27	33	26	36	24	39	23	42	23	46	24	49	26	51	29	52	32	52	36	51	39	49	41	46	42	42	42	37	41	32	40	26	40	21	41	17	41	14	40	12	39	11	37	11	34	10	32	10	31	11	31	11	
20:
64	17.436	19	45	20	44	21	42	22	39	22	37	21	35	20	34	18	34	15	35	13	37	10	40	7	42	5	43	4	43	3	42	3	40	2	37	0	33	-1	28	-1	22	0	16	1	11	1	7	1	4	2	2	4	1	7	1	10	1	14	2	18	4	21	7	23	10	24	14	24	17	24	19	25	20	27	20	28	19	29	17	30	15	32	12	35	9	38	7	41	6	43	6	44	7	44	9	43	12	43	16	43	20	44	25	44	31	45	36	45	40	44	43	42	45	39	47	36	48	32	48	28	49	25	49	22	48	20	46	19	45	19	45	
21:
67	23.543	46	11	45	12	45	14	44	17	44	21	43	24	41	26	38	27	34	27	31	26	27	24	22	21	17	17	13	14	9	10	6	7	4	5	3	4	3	4	4	5	6	7	9	10	12	14	16	18	20	23	23	29	25	34	26	38	26	41	25	43	23	44	20	44	17	43	15	43	14	44	13	45	12	45	12	44	13	42	14	39	14	37	13	36	11	36	8	37	6	39	4	40	2	40	1	39	1	37	2	35	4	33	6	31	9	28	12	26	16	25	20	24	23	22	25	19	28	17	30	16	33	16	35	17	38	17	41	16	43	14	45	12	46	11	46	11	
22:
63	51.97	23	9	24	10	24	12	23	15	22	17	20	18	17	18	15	17	14	15	13	12	11	10	8	9	4	9	1	10	-1	12	-2	15	-2	19	-2	23	-1	28	1	33	4	37	7	40	9	42	10	43	10	43	11	42	11	40	10	39	10	38	11	38	13	39	15	41	18	43	22	44	27	44	31	43	34	42	36	40	37	39	37	37	36	34	36	30	37	27	39	24	42	21	44	18	45	16	45	14	44	13	42	12	40	10	39	8	39	6	40	5	40	3	39	1	37	0	34	0	30	1	27	3	25	6	24	8	23	9	23	9	
23:
72	21.726	40	22	40	21	41	19	41	16	41	12	40	8	38	5	36	3	33	2	29	1	24	1	20	2	16	3	12	5	9	8	7	12	6	17	6	21	7	24	9	26	12	27	15	27	18	28	22	28	26	27	29	27	31	28	32	30	32	33	31	36	29	38	26	39	22	40	17	40	12	41	8	43	5	45	3	47	2	48	2	48	3	47	5	45	8	43	12	41	17	40	22	40	28	41	33	43	37	45	40	47	42	48	43	48	43	47	43	45	44	43	45	42	46	42	46	41	45	39	43	36	41	32	40	28	40	25	41	22	43	19	45	17	46	16	46	16	45	17	43	19	41	21	40	22	40	22	
24:
67	31.571	36	37	37	37	39	37	42	36	45	34	47	31	48	29	48	26	47	23	45	20	42	17	39	15	36	14	34	14	32	15	31	17	31	19	30	20	28	20	25	20	22	19	20	17	18	14	17	10	17	5	17	1	16	-2	14	-4	11	-5	7	-5	4	-4	2	-2	1	0	1	2	2	3	4	4	6	6	8	7	10	9	11	12	11	16	10	20	8	23	5	25	3	27	1	29	0	31	0	34	1	38	3	42	6	45	10	48	15	50	21	51	26	51	31	50	35	48	39	46	42	45	44	45	45	44	45	42	44	41	42	41	39	40	37	38	36	37	36	37	
25:
66	3.612	5	44	6	43	7	41	9	38	12	35	16	33	21	31	25	29	29	27	32	25	34	23	35	20	35	18	34	17	32	15	29	14	25	14	22	14	19	15	17	16	16	18	16	19	17	20	19	20	21	19	22	17	22	14	21	12	19	11	16	10	13	10	9	10	6	9	4	7	3	4	3	2	4	0	6	-1	9	-1	13	-1	18	0	24	2	31	5	37	8	42	12	46	17	49	23	51	29	52	34	52	38	51	42	50	45	49	47	48	48	46	48	43	47	40	45	36	43	31	42	25	41	20	41	15	42	11	44	8	45	6	45	5	44	5	44	
26:
66	20.792	29	39	30	38	32	36	34	33	35	29	35	24	35	20	36	17	38	15	41	14	43	14	44	15	45	17	46	20	47	23	48	25	48	27	47	28	45	28	42	28	38	29	35	29	32	30	30	30	28	29	27	27	27	24	28	20	30	16	33	12	36	9	38	6	39	4	39	2	38	1	36	0	33	0	29	1	24	3	19	6	15	10	12	13	10	15	9	16	9	16	10	17	12	17	13	18	13	20	12	22	10	25	9	28	7	31	6	33	6	34	7	34	9	33	11	32	13	32	14	33	16	35	19	37	23	39	26	40	28	40	29	39	29	39	
27:
62	7.048	15	45	14	44	14	42	15	40	17	38	20	35	22	32	23	29	23	25	22	20	21	16	19	12	18	9	18	7	19	5	21	3	24	2	28	2	32	2	35	3	37	3	38	2	38	0	37	-1	35	-1	32	0	28	1	23	2	19	4	15	6	12	9	10	13	9	16	9	18	10	21	12	23	14	24	16	24	18	23	19	21	19	20	20	20	22	21	24	23	27	26	29	30	32	33	34	35	37	36	39	38	40	39	40	41	39	42	38	42	36	43	33	45	29	47	25	48	21	48	18	47	16	46	15	45	15	45	
28:
68	86.089	48	44	47	43	45	42	43	40	41	39	38	39	34	40	30	41	26	42	23	44	21	46	19	47	17	47	16	46	15	44	14	41	14	37	15	33	17	29	18	26	18	24	17	23	15	23	12	24	8	26	5	29	3	32	1	34	0	35	0	35	1	34	2	32	4	29	7	26	10	22	12	17	13	12	13	7	12	3	10	0	7	-2	4	-3	2	-3	1	-2	1	0	2	1	4	1	7	0	11	0	16	0	20	0	23	0	25	1	26	3	27	6	27	10	26	15	26	19	27	22	29	24	32	25	35	27	38	30	42	34	45	38	47	41	48	43	48	44	48	44	
29:
59	4.945	1	32	0	31	0	29	1	26	3	22	6	19	10	15	14	12	19	9	23	7	27	6	32	6	36	5	39	4	42	3	45	3	47	4	48	6	48	9	47	12	45	14	42	15	38	15	33	14	29	12	26	9	23	6	21	3	20	1	20	0	21	0	23	1	26	3	29	6	31	8	32	11	32	15	31	20	29	26	27	31	26	35	26	38	25	40	24	41	22	41	19	40	15	39	10	39	6	40	3	41	1	42	0	42	0	41	1	39	2	36	3	34	3	33	2	32	1	32	1	32	
30:
67	4.031	11	11	12	11	14	12	17	14	20	16	23	19	25	21	26	24	26	27	26	31	25	35	23	39	21	42	19	45	18	47	18	48	19	49	21	49	23	49	26	48	30	46	34	43	38	40	41	38	43	37	44	37	46	38	47	38	48	37	48	35	49	32	51	28	54	23	56	17	57	12	57	8	56	5	54	3	51	2	49	2	47	3	45	4	42	6	38	7	34	8	30	10	26	12	22	15	18	19	15	23	13	26	12	28	12	29	12	29	13	28	13	26	13	23	12	19	11	15	11	12	11	10	11	8	10	7	9	7	9	8	10	10	11	11	11	11	
31:
63	15.615	4	35	5	36	7	38	10	40	12	41	13	41	14	42	14	42	14	41	13	39	13	37	14	36	16	36	19	36	21	36	22	35	22	34	21	34	20	35	18	36	17	38	17	41	18	44	20	46	23	47	27	47	32	46	36	45	41	45	45	44	48	42	50	39	51	35	52	30	52	24	51	19	49	15	47	12	44	10	40	9	35	8	29	8	23	7	18	7	14	6	11	4	9	3	8	3	8	4	9	5	11	7	14	10	16	14	17	18	18	21	18	24	17	27	15	30	13	32	10	33	7	33	5	34	4	35	4	35	
32:
68	5.818	2	30	1	31	1	33	1	36	1	38	1	39	2	39	3	38	5	36	8	34	12	32	15	31	18	31	21	32	25	34	28	37	31	39	33	41	34	42	34	42	33	41	33	39	34	37	36	36	39	35	41	35	43	36	44	37	46	37	48	36	49	34	49	33	48	33	46	33	43	32	40	30	38	27	36	23	34	19	33	16	32	14	31	13	31	12	32	12	32	13	31	15	31	18	30	22	29	25	27	27	25	28	23	28	22	27	22	25	21	22	19	18	16	15	14	13	12	12	10	12	8	13	7	15	6	17	4	20	2	24	1	27	1	29	2	30	2	30	
33:
68	57.104	22	8	22	7	22	5	21	3	19	2	16	2	13	3	9	5	6	8	3	12	1	16	0	19	0	23	0	26	1	28	3	29	6	29	9	28	11	26	14	23	16	20	18	18	20	17	23	17	26	18	29	20	31	23	32	25	32	26	31	27	29	27	28	28	27	30	27	33	28	36	30	40	33	43	36	46	39	48	41	49	42	49	42	48	42	46	41	43	40	40	40	36	40	32	40	29	41	27	43	26	45	24	47	23	48	22	48	20	47	17	45	14	42	12	40	11	39	11	39	12	38	13	36	14	33	14	30	13	27	12	25	10	23	9	22	8	22	8	
34:
78	111.639	43	14	42	14	40	14	37	15	33	17	29	19	25	21	22	22	18	22	15	21	13	19	12	16	12	12	11	8	9	5	7	3	5	2	3	2	1	3	0	5	0	8	1	12	3	16	5	19	8	23	12	28	15	32	17	36	18	41	18	45	17	48	15	50	12	51	10	51	8	50	6	48	5	46	5	43	6	41	8	39	10	38	13	38	17	39	22	40	28	40	34	41	39	42	43	42	46	42	48	42	49	41	49	40	48	40	46	40	44	39	43	37	43	34	42	31	42	29	41	27	39	26	36	26	34	25	33	23	33	20	34	17	36	13	39	9	43	6	46	4	48	3	49	3	49	4	49	6	48	8	46	11	44	13	43	14	43	14	
35:
65	28.627	36	28	35	27	34	25	34	22	34	18	35	15	36	13	36	12	35	12	33	13	30	14	27	16	24	17	22	17	21	16	21	14	21	11	20	7	19	4	18	2	16	0	14	-1	11	-1	8	0	6	2	5	3	3	3	2	2	2	2	3	3	3	5	2	6	2	8	3	10	5	13	8	17	12	22	15	26	17	29	19	31	20	33	20	35	19	37	17	40	16	42	16	43	17	43	19	42	22	41	26	41	31	42	37	44	42	46	46	47	49	47	51	46	52	44	52	41	51	37	49	33	46	30	42	28	39	27	37	27	36	28	36	28	
36:
64	9.019	9	30	8	31	6	31	4	32	3	34	3	37	4	40	6	43	9	45	13	46	18	46	23	45	27	43	32	41	37	38	41	34	44	29	46	23	47	17	47	12	46	8	45	5	44	2	42	0	40	-1	37	-1	33	0	30	2	26	5	23	9	20	13	18	18	17	22	17	25	18	27	20	28	23	28	26	27	29	27	31	26	32	26	32	27	32	29	32	32	31	34	30	35	29	35	28	34	27	32	25	29	22	27	18	25	13	24	9	24	6	23	3	21	1	20	0	20	0	21	1	22	3	24	6	27	8	29	9	30	9	30	
37:
67	5.752	43	28	42	29	40	29	38	28	36	26	34	23	33	20	32	17	32	15	33	14	35	14	37	15	40	17	42	19	43	20	44	21	45	21	45	20	44	18	43	15	41	13	40	11	38	8	35	6	31	5	26	5	20	6	15	7	10	7	6	6	3	5	1	4	0	3	0	3	1	3	3	3	6	4	10	6	15	9	19	11	22	13	24	15	25	16	25	16	24	16	22	15	19	15	17	16	15	18	14	21	14	25	15	30	17	34	20	37	22	39	23	40	24	40	25	39	25	37	26	35	28	33	30	30	33	28	37	27	40	27	42	27	43	28	43	28	
38:
72	19.386	22	6	23	7	25	8	27	9	29	11	30	14	30	17	30	19	30	20	31	20	31	19	32	17	34	16	37	16	41	15	44	13	46	10	47	7	47	5	46	4	44	4	41	5	39	7	38	10	38	14	38	19	39	24	40	29	40	34	39	38	37	42	34	45	30	47	25	48	21	48	17	48	13	49	10	49	7	48	5	46	4	43	4	39	5	34	6	28	6	22	5	17	3	13	2	9	2	6	1	4	0	3	-1	3	-3	4	-4	6	-4	9	-3	13	-1	16	2	18	6	19	11	20	15	20	18	19	20	18	21	16	21	14	20	13	19	11	18	10	18	9	19	8	21	7	22	6	22	6	
39:
64	8.466	45	23	44	24	44	26	45	29	47	31	48	34	48	37	47	39	45	40	43	40	40	39	38	39	37	40	35	42	32	45	28	47	23	48	19	48	15	47	12	45	10	42	9	39	9	35	10	32	12	30	13	28	13	27	12	27	11	28	10	30	8	32	6	33	3	33	1	32	0	30	0	27	1	23	2	18	2	14	3	11	5	9	8	8	11	7	14	7	17	8	20	10	23	13	26	16	28	18	30	19	33	19	35	18	38	16	41	13	44	11	46	10	47	10	48	11	48	12	47	14	47	17	46	20	45	22	45	23	45	23	
40:
65	8.296	10	45	10	44	10	42	10	39	10	37	11	34	13	30	15	27	16	23	16	20	17	18	19	17	21	17	22	18	24	18	27	19	31	19	34	20	36	22	38	25	39	28	39	32	38	35	36	38	33	40	30	41	28	41	25	40	23	38	22	35	22	32	23	28	24	23	26	19	29	16	31	14	32	13	32	12	31	10	30	7	28	3	25	0	21	-2	18	-3	16	-3	15	-2	15	0	16	2	18	4	19	7	19	11	18	14	17	17	15	19	12	22	8	24	5	26	3	29	2	31	2	34	3	36	5	39	7	42	9	44	10	45	10	45	
41:
71	17.38	12	14	12	15	13	17	15	19	18	21	20	22	21	22	22	21	23	19	24	16	26	13	29	11	31	9	34	8	38	8	41	9	43	11	44	14	44	18	43	23	41	27	40	30	40	32	41	33	43	34	45	35	46	37	46	38	45	38	43	38	40	38	37	37	33	35	28	34	23	34	19	35	16	37	13	39	11	40	10	40	10	39	11	38	13	36	14	33	14	30	13	28	12	27	10	26	7	26	4	27	2	29	1	30	1	30	1	29	2	27	3	24	5	20	8	16	10	11	11	7	11	4	12	2	12	1	11	1	11	2	12	4	13	7	14	10	14	12	13	13	12	14	12	14	
42:
64	52.996	2	8	1	9	1	11	1	14	0	18	0	22	0	27	1	33	3	38	6	42	9	45	13	47	18	48	22	48	25	47	27	45	28	43	28	41	27	39	25	38	22	38	19	37	17	35	16	32	16	29	17	26	19	24	22	23	25	23	28	24	30	26	32	28	33	30	35	32	36	33	37	33	39	32	42	30	46	28	49	25	51	22	52	20	52	19	51	18	49	18	46	18	42	18	38	17	34	15	31	12	29	9	27	6	26	4	24	3	22	3	19	4	15	4	12	3	10	2	9	2	7	3	5	5	3	7	2	8	2	8	
43:
58	2.303	45	41	44	40	42	38	40	35	37	31	34	27	30	24	26	20	23	17	21	13	20	9	18	6	15	4	11	3	8	2	6	2	5	3	4	5	4	8	5	12	7	17	8	21	8	24	7	26	5	27	3	27	2	26	1	24	1	22	2	20	4	19	7	19	10	20	14	22	17	25	19	27	20	28	20	29	20	29	21	28	23	26	26	23	29	19	32	16	34	14	35	13	37	13	38	14	40	16	41	19	41	23	41	28	42	32	43	35	44	37	45	39	45	40	45	41	45	41	
44:
72	13.002	16	46	16	45	16	43	17	42	19	41	22	41	26	42	31	44	36	46	40	47	43	48	45	48	47	47	48	45	48	42	47	38	45	33	42	27	40	21	38	16	37	11	37	7	38	4	40	2	42	1	45	1	48	2	50	4	51	6	51	8	50	9	48	9	46	8	43	6	39	4	34	2	29	1	25	1	22	2	20	4	18	6	17	9	17	13	18	17	20	20	22	22	23	23	23	23	22	22	20	20	17	17	14	15	10	14	6	14	3	14	1	15	0	17	-1	20	-1	24	0	29	2	34	3	38	3	41	2	43	2	45	3	46	5	47	8	48	11	48	13	48	15	47	16	46	16	46	
45:
67	73.783	18	7	19	7	21	8	24	10	27	13	29	15	30	17	32	18	35	18	38	17	42	15	45	12	47	8	48	5	48	3	47	2	45	2	42	3	38	5	34	8	31	11	29	15	27	19	26	23	26	26	27	28	29	30	32	31	35	32	38	34	41	37	44	41	46	44	47	46	47	47	46	47	44	46	41	44	37	42	34	39	30	37	25	36	20	36	16	37	13	38	9	39	6	39	4	38	3	37	3	35	3	32	4	28	4	25	3	23	1	22	0	20	-1	17	-1	14	0	11	1	9	3	8	6	8	10	9	13	9	15	9	17	8	18	7	18	7	
46:
58	4.578	0	10	-1	11	-1	13	0	16	2	19	3	23	5	28	8	33	10	37	11	41	11	44	10	46	9	47	8	47	8	46	9	44	10	41	12	38	15	36	18	35	22	35	26	36	29	37	31	39	32	42	34	44	37	45	40	45	42	44	44	44	45	43	45	42	44	40	42	38	40	35	39	31	39	28	40	25	40	23	39	22	37	22	34	23	31	23	28	23	25	22	23	22	22	23	22	25	21	26	20	26	18	25	16	23	13	20	9	17	6	14	3	12	1	11	0	10	0	10	
47:
72	35.035	11	11	10	12	8	14	5	17	3	20	2	22	2	23	3	24	5	24	8	23	12	21	15	20	17	20	18	21	19	23	19	26	18	28	16	30	14	33	13	36	13	40	13	43	14	45	16	47	19	48	23	48	28	48	33	48	37	48	40	47	43	46	45	44	46	41	46	38	45	36	43	34	40	33	38	33	36	34	33	36	30	37	28	37	27	36	27	34	28	31	30	27	31	23	31	20	30	18	28	16	27	15	27	15	28	16	29	16	31	16	34	15	36	14	37	12	37	9	36	7	34	5	32	4	30	4	29	5	28	7	26	9	23	10	19	10	16	9	14	9	12	10	11	11	11	11	
48:
67	35.219	24	12	23	13	22	15	22	17	22	19	23	22	25	25	27	28	28	30	28	32	27	33	26	33	26	32	27	30	29	29	32	29	36	29	39	28	41	26	43	24	46	23	48	23	49	24	49	26	48	27	46	28	43	30	39	33	35	36	30	39	25	41	21	44	18	46	16	48	14	49	11	49	9	48	6	46	4	43	3	39	2	35	0	32	-1	28	-1	23	0	19	1	16	3	14	6	13	9	13	11	14	12	14	12	13	12	11	13	10	15	8	18	6	22	5	26	5	29	6	31	8	32	11	32	13	31	14	29	14	27	14	25	13	24	12	24	12	
49:
67	31.654	22	48	22	47	22	45	22	43	21	41	19	39	17	37	16	34	16	31	17	28	19	26	20	24	20	23	19	21	17	19	14	17	11	16	9	15	7	15	6	15	6	15	7	15	9	14	11	12	12	9	12	6	13	3	15	1	17	0	19	0	21	1	22	3	24	5	26	7	29	8	33	8	38	8	42	9	45	10	47	12	48	15	48	19	47	24	46	29	46	33	46	36	46	38	45	39	43	39	41	38	38	36	35	33	31	30	28	28	26	27	25	26	25	25	26	25	28	26	30	28	31	31	31	34	30	38	28	42	25	45	23	47	22	48	22	48	
50:
63	13.234	48	5	47	6	45	7	42	8	38	10	33	13	28	16	22	19	17	21	13	22	9	22	6	22	4	22	3	23	3	24	4	25	6	27	7	30	8	34	8	37	8	40	8	42	8	43	7	43	7	42	8	40	10	38	13	37	17	37	21	38	26	40	32	43	37	45	41	46	44	46	46	45	47	43	47	41	46	40	44	39	43	37	43	34	44	31	44	27	44	24	43	22	41	20	38	19	34	19	30	18	27	16	25	13	24	9	24	6	25	4	27	3	30	3	34	4	38	4	42	5	45	5	47	5	48	5	48	5	
51:
67	59.212	46	19	45	19	43	20	40	22	36	23	31	25	25	28	20	30	14	32	8	33	3	33	-1	33	-4	32	-6	30	-7	27	-8	23	-8	18	-7	12	-5	7	-2	3	1	0	3	-2	4	-3	6	-3	9	-2	11	0	12	3	12	7	11	12	10	18	10	23	11	29	13	34	16	38	19	41	21	43	22	44	23	44	23	43	22	43	20	43	17	42	15	40	14	37	13	33	13	29	14	25	16	22	19	20	23	18	27	17	32	16	36	14	39	11	41	7	44	4	46	2	47	1	47	1	47	2	46	4	46	7	47	11	48	14	48	16	47	18	46	19	46	19	
52:
67	69.653	47	24	46	25	44	27	42	30	39	33	36	35	32	36	27	36	23	36	20	37	18	39	17	41	17	42	18	42	18	41	18	39	19	36	21	32	22	27	24	23	27	19	30	16	32	14	33	13	33	12	32	11	30	10	27	9	25	7	24	5	24	3	25	2	25	2	24	3	22	5	21	8	19	11	18	13	16	14	14	14	13	13	11	11	10	8	8	6	6	4	4	3	3	3	3	4	4	4	6	3	8	2	11	2	15	1	19	1	24	2	28	4	31	6	35	8	40	9	44	9	47	10	49	12	50	15	50	18	49	21	48	23	47	24	47	24	
53:
74	14.89	35	42	35	41	35	39	34	36	34	34	35	33	37	32	40	32	42	33	43	33	43	32	42	30	40	28	38	26	37	24	37	23	38	23	40	24	42	24	45	23	47	22	48	21	48	19	47	16	47	12	47	9	48	6	48	4	47	3	45	3	42	4	38	6	33	8	29	11	26	15	24	20	22	26	19	31	15	35	10	38	6	40	3	41	1	41	0	40	0	38	1	35	3	32	5	30	7	27	9	23	10	19	10	15	9	11	7	8	5	5	4	3	4	2	5	2	7	3	9	5	12	8	16	12	20	17	24	22	27	28	29	33	30	37	30	40	29	42	29	43	30	44	32	44	34	43	35	42	35	42	
54:
65	29.18	49	41	48	40	46	38	45	36	43	33	42	30	40	28	39	25	39	23	40	22	41	22	43	21	45	19	46	16	46	12	46	8	45	5	43	3	40	2	36	2	32	2	29	1	27	1	26	2	24	4	21	5	17	5	12	4	8	2	5	1	3	1	2	1	2	2	3	4	5	7	8	11	11	16	13	22	14	29	14	35	14	40	14	44	13	47	11	49	8	50	5	50	2	49	0	47	-1	44	-1	40	0	36	2	32	5	29	9	27	14	26	20	26	26	27	32	29	37	32	41	36	44	39	46	41	48	42	49	42	49	41	49	41	
55:
64	14.84	17	2	16	2	14	2	12	2	10	3	9	5	9	8	10	11	12	13	15	14	19	16	23	19	27	23	31	26	36	29	40	31	43	32	45	32	46	31	46	29	46	27	45	24	43	20	41	17	39	14	38	12	38	11	39	11	41	12	44	14	46	17	47	21	47	26	46	32	46	37	45	41	45	44	46	46	47	47	47	47	47	46	46	44	44	43	41	42	37	42	32	43	26	43	21	42	17	40	14	37	12	33	11	30	11	28	12	27	14	27	17	26	19	24	21	21	22	17	22	12	21	8	20	5	18	3	17	2	17	2	
56:
75	44.805	38	21	39	20	39	19	39	18	40	18	40	19	39	21	37	24	34	27	31	30	29	32	28	33	28	33	29	33	31	32	34	32	36	33	37	35	38	38	39	42	41	45	44	48	47	50	49	51	50	51	50	50	49	49	47	49	44	48	40	48	35	47	29	46	22	44	16	41	11	37	7	32	4	26	2	20	0	15	-2	11	-3	7	-3	4	-2	2	0	1	2	1	3	2	3	4	3	7	4	10	5	12	7	13	10	13	12	12	14	10	17	7	21	4	26	2	30	1	34	1	38	2	41	4	43	7	45	9	46	12	46	14	45	15	43	16	42	17	42	19	43	21	43	22	42	23	41	23	39	22	38	21	38	21	
57:
68	40.984	39	36	38	36	36	35	33	35	29	36	24	36	19	35	15	34	11	34	8	35	6	35	5	36	5	38	6	41	8	43	10	44	13	44	16	43	18	41	19	38	19	35	18	33	16	31	13	28	10	24	8	21	7	19	7	18	8	17	10	17	13	18	16	18	19	17	21	15	22	12	22	9	23	7	24	5	26	4	29	4	32	5	35	7	37	8	38	9	38	9	37	10	35	10	33	11	30	13	27	16	25	18	24	21	24	23	25	24	27	24	29	23	31	21	33	19	34	18	36	18	39	19	41	21	42	24	43	28	43	31	42	33	40	35	39	36	39	36	
58:
71	14.344	17	13	17	12	16	10	15	8	14	6	14	5	14	5	15	6	17	8	19	11	22	13	26	14	30	14	34	14	37	14	39	15	40	16	42	16	43	15	43	14	42	14	40	15	39	17	39	19	40	22	42	26	45	31	47	36	48	40	48	43	47	45	45	47	42	48	38	48	33	47	28	45	24	42	20	40	17	37	15	34	14	30	14	27	15	24	17	22	19	21	21	21	23	22	24	24	24	27	24	31	23	35	21	39	18	42	15	44	12	45	8	45	5	44	3	42	2	39	2	35	3	30	3	24	3	19	4	15	6	12	8	10	11	9	14	9	16	10	17	12	17	13	17	13	
59:
76	34.166	32	48	33	47	35	46	38	45	41	45	43	46	44	47	44	49	43	50	41	50	38	49	34	47	29	44	25	40	22	35	20	29	19	23	18	17	16	12	13	8	11	5	10	3	10	2	11	2	13	3	16	5	20	7	25	9	31	12	36	14	40	15	43	15	45	14	46	12	46	9	45	6	43	4	42	3	42	3	41	4	39	5	36	5	33	4	29	2	24	1	18	-1	13	-2	9	-2	6	-1	4	1	3	2	3	4	4	5	5	6	5	8	4	11	4	15	5	20	6	26	6	32	5	37	3	42	1	46	0	49	0	51	1	52	3	52	6	51	10	50	15	48	19	46	22	45	26	45	29	46	31	47	32	48	32	48	
60:
64	6.791	26	30	25	30	23	30	20	31	16	33	12	36	9	39	6	41	4	42	3	42	3	41	4	39	6	37	9	35	13	33	18	30	23	26	27	22	30	19	32	16	34	14	36	13	37	13	37	14	36	16	35	19	35	23	36	28	37	33	38	38	38	42	37	45	35	47	34	48	34	49	35	50	37	50	40	49	42	47	43	44	43	41	42	39	41	38	39	38	36	39	33	40	29	40	26	40	24	39	23	38	23	38	24	39	24	41	23	42	22	43	20	43	18	42	17	40	17	37	18	34	20	32	23	31	25	31	26	30	26	30	
61:
78	64.371	14	25	14	26	15	28	16	30	18	33	21	37	24	40	26	42	27	43	27	44	26	45	24	46	21	48	17	49	12	49	8	48	4	46	1	44	-1	42	-2	40	-2	37	-1	35	1	33	4	30	6	26	7	22	7	19	6	16	4	14	1	13	-1	11	-2	8	-2	6	-1	4	1	3	4	1	8	0	13	0	19	0	26	0	32	1	37	2	41	4	44	7	46	11	47	14	47	16	46	17	44	17	41	18	37	20	34	23	32	27	31	32	31	36	32	39	34	41	37	42	40	42	44	43	47	43	49	43	50	42	50	41	49	40	47	40	44	39	41	37	37	36	32	36	28	36	25	35	23	33	20	31	18	28	16	26	15	25	14	25	14	25	
62:
66	26.824	43	9	42	10	42	12	42	14	43	16	45	18	48	21	50	24	51	28	51	32	50	36	49	39	49	41	48	42	47	42	45	41	42	39	38	36	33	33	28	31	24	30	21	30	19	31	18	33	17	36	15	39	12	41	9	42	7	42	6	41	6	39	7	36	9	32	10	27	11	21	11	16	10	12	8	9	5	7	3	6	1	6	0	5	0	3	1	2	2	2	4	2	7	2	11	3	15	5	18	6	20	6	22	5	23	3	24	0	26	-2	29	-3	33	-3	37	-2	41	-1	44	1	46	4	47	7	47	9	46	10	44	10	43	9	43	9	
63:
75	47.527	11	32	10	32	8	32	5	32	2	31	0	29	-1	26	-1	22	0	17	2	12	4	8	5	5	5	3	4	2	2	2	1	3	1	5	2	6	4	6	7	5	11	4	16	4	20	4	23	5	25	7	26	10	27	14	28	19	28	23	29	26	31	28	34	30	37	31	40	31	44	30	47	28	49	25	50	21	50	18	49	16	47	14	46	11	46	7	46	4	45	2	43	1	40	1	38	2	36	4	35	7	35	10	36	12	38	14	41	17	44	20	46	24	47	27	47	31	48	36	48	42	48	47	47	51	45	54	43	56	40	57	36	57	31	56	25	54	20	51	16	47	13	42	11	38	10	35	10	33	11	32	11	32	
64:
62	9.898	28	24	27	24	26	25	25	26	25	28	26	30	28	33	31	37	33	40	34	43	34	45	33	46	31	46	29	45	28	43	26	41	25	39	23	38	20	38	16	39	12	40	8	42	5	43	3	43	2	42	2	41	3	39	5	37	6	34	6	31	5	27	4	24	3	22	3	20	4	19	6	19	9	19	12	20	14	21	15	23	16	24	17	24	19	23	21	21	22	19	24	16	27	14	31	12	36	11	40	10	43	10	45	11	46	12	46	14	45	17	43	19	40	20	36	20	33	20	31	21	29	23	28	24	28	24	
65:
79	173.872	25	44	26	43	27	41	27	39	26	38	24	36	21	35	17	35	12	35	8	36	5	38	3	41	2	43	2	45	3	46	4	46	4	45	3	43	3	40	3	36	4	31	6	27	9	24	12	21	16	19	21	18	27	17	33	17	38	18	42	18	45	17	47	15	48	12	48	8	47	5	45	3	42	2	38	1	33	1	29	2	25	4	22	5	18	5	13	4	9	3	5	1	2	0	0	0	-1	1	-1	3	0	6	2	10	3	13	3	15	2	16	2	17	3	17	3	16	4	14	5	13	7	13	9	14	11	16	12	19	14	23	16	26	17	29	19	31	22	32	26	32	29	32	31	33	32	35	32	38	31	41	30	43	28	44	26	44	25	44	25	44	
66:
61	10.087	33	8	34	8	36	8	38	9	41	11	43	14	44	18	44	23	44	28	44	32	43	35	41	37	38	39	34	40	31	40	29	41	27	43	26	46	26	48	27	49	27	49	26	48	24	46	21	43	19	39	17	34	15	28	12	23	8	19	5	15	3	11	2	8	2	6	3	5	5	5	8	6	11	7	13	9	14	12	14	16	14	19	15	21	17	22	20	23	23	24	27	25	30	25	32	24	33	22	33	19	32	15	31	12	29	10	27	8	26	7	26	6	27	5	29	5	31	6	32	7	33	8	33	8	
67:
72	46.82	7	19	7	18	6	16	5	13	5	9	6	6	8	3	11	1	15	0	20	0	25	1	30	2	34	4	37	7	40	11	43	16	45	22	47	28	48	34	48	39	47	43	45	46	44	48	44	49	43	49	41	48	39	46	38	43	38	39	38	34	38	28	37	23	36	19	36	16	35	14	35	13	34	13	34	14	33	15	32	17	30	19	27	21	23	22	20	22	18	22	17	23	17	25	18	28	19	32	20	37	20	41	19	45	17	48	14	50	11	51	7	51	4	50	2	48	1	45	0	41	0	38	1	36	3	35	4	34	4	32	3	30	2	27	2	24	3	22	5	21	6	20	7	19	7	19	
68:
70	78.64	37	10	38	11	40	13	42	16	45	20	47	23	48	27	48	30	47	33	45	37	44	42	44	46	43	49	41	51	38	52	34	52	29	51	24	50	19	50	15	49	12	49	10	49	9	48	9	46	9	43	9	39	10	34	10	28	11	23	13	17	14	11	14	6	13	2	11	-1	8	-3	5	-4	3	-4	2	-3	2	-1	3	1	5	2	8	4	12	5	17	5	22	4	26	2	30	0	33	-1	35	-1	36	0	36	2	35	5	33	9	30	13	26	17	23	20	21	23	19	25	18	26	18	26	19	27	21	27	24	26	27	25	31	23	34	20	36	16	37	13	37	11	37	10	37	10	
69:
74	72.944	36	10	37	11	38	13	39	16	39	19	38	22	36	24	33	25	30	26	28	26	27	27	27	29	28	30	30	32	32	33	34	33	35	32	35	30	34	27	32	23	29	19	27	15	24	12	20	10	15	9	11	9	8	10	6	12	5	15	5	19	6	24	6	28	5	32	3	35	2	37	2	39	3	40	5	42	8	44	12	45	17	45	23	44	29	44	35	44	40	43	44	42	47	42	49	42	50	41	50	39	49	36	47	33	44	31	42	29	41	27	41	26	42	26	44	25	46	23	48	20	49	16	50	11	50	7	49	4	47	2	44	1	40	0	37	0	35	1	34	3	34	6	35	8	36	9	36	10	36	10	
70:
63	17.056	24	24	23	25	21	27	19	30	18	33	18	35	18	36	19	36	21	36	22	37	22	38	21	40	19	43	16	46	13	48	11	49	10	49	10	50	11	52	13	54	16	55	20	55	25	54	29	52	32	49	34	45	35	41	36	37	38	33	40	30	42	28	43	27	43	27	42	28	40	29	38	29	36	28	35	26	34	23	33	19	31	15	29	11	26	8	23	6	19	4	16	3	13	3	11	4	10	6	10	8	11	11	11	15	10	19	9	22	8	24	8	25	9	25	11	25	14	24	18	23	21	23	23	23	24	24	24	24	
71:
71	4.463	4	8	4	9	4	11	5	13	7	14	10	14	12	13	15	12	19	12	24	11	29	9	33	7	38	5	42	3	45	1	47	0	48	0	48	1	47	3	45	6	42	10	39	14	36	18	34	23	32	29	31	34	31	38	32	41	34	44	37	46	39	47	40	47	40	46	39	45	37	43	34	41	30	39	26	37	21	35	17	34	14	34	12	34	11	35	11	37	12	40	13	44	14	47	14	49	13	50	11	50	8	49	5	47	3	44	2	40	2	36	2	32	3	29	5	27	8	24	11	21	13	17	14	12	14	8	13	5	11	3	10	2	10	2	9	3	7	5	5	7	4	8	4	8	
72:
76	11.927	44	27	43	27	41	28	40	30	38	33	35	36	31	38	26	39	21	40	17	41	14	42	12	44	11	45	9	45	8	44	8	42	9	39	10	37	10	36	9	36	7	37	6	39	5	42	3	44	1	46	0	47	0	47	1	46	3	44	4	41	4	37	3	32	2	26	1	21	1	15	2	10	4	6	7	3	11	1	14	0	16	0	17	1	17	3	16	6	16	8	17	9	19	9	22	8	25	6	29	4	33	2	36	1	38	1	39	2	39	4	38	7	36	11	34	15	32	20	30	26	29	31	29	36	30	40	32	43	35	45	39	46	43	46	46	45	48	43	49	41	49	38	48	35	47	32	45	30	44	28	44	27	44	27	
73:
72	64.909	39	25	39	24	38	22	38	19	39	16	39	13	40	11	42	10	44	10	45	11	45	13	45	16	46	20	46	25	46	31	45	36	45	40	46	43	47	45	48	46	48	47	49	47	49	46	48	44	46	42	43	40	40	39	37	39	34	40	30	42	27	44	25	46	24	47	23	47	22	46	22	44	22	42	23	41	23	40	22	40	20	41	17	42	13	43	10	43	8	42	7	40	7	37	7	33	6	28	4	22	2	16	1	11	0	7	0	4	1	2	3	1	6	1	8	1	9	2	9	4	9	7	10	11	12	15	15	18	19	20	24	21	29	21	33	21	36	21	38	22	39	24	39	25	39	25	
74:
72	56.257	20	46	21	45	23	43	26	41	29	40	33	40	36	41	38	43	39	44	39	44	40	43	41	42	42	40	42	38	41	35	39	31	38	27	38	23	39	18	41	13	43	9	44	6	44	3	43	-1	41	-4	38	-6	34	-7	30	-7	26	-6	23	-4	21	-2	20	-1	20	1	21	3	23	6	25	10	26	15	26	20	25	24	24	27	22	29	20	30	17	30	14	29	12	27	11	24	11	21	12	19	14	16	15	13	15	11	14	9	12	8	9	8	5	9	1	11	-2	14	-4	18	-5	23	-5	27	-4	30	-2	32	1	33	5	33	8	34	10	36	11	38	12	41	14	43	17	44	19	45	20	46	20	46	
75:
66	28.896	18	23	17	22	15	20	12	17	9	13	6	10	4	7	3	4	3	2	4	1	6	1	9	2	13	4	18	7	22	9	27	10	31	10	34	9	37	9	39	9	40	10	40	12	39	15	39	17	40	18	42	18	45	19	47	21	48	24	48	28	47	31	46	34	45	37	43	40	40	42	37	43	33	43	30	42	28	40	26	38	25	36	24	35	24	35	23	36	21	38	19	41	17	44	14	46	10	47	5	47	1	46	-2	44	-4	41	-5	37	-6	33	-6	30	-5	27	-3	25	-1	24	2	24	5	25	8	26	12	26	15	25	17	24	18	23	18	23	
76:
61	19.857	18	46	19	45	21	43	23	40	24	37	24	33	23	28	22	23	20	19	17	16	15	14	12	12	10	11	9	9	9	7	10	5	12	3	15	2	18	2	20	3	22	5	25	8	27	10	30	11	34	11	38	10	41	8	43	7	44	7	44	8	44	9	44	11	43	14	42	16	42	17	41	17	41	18	42	20	42	22	41	25	39	27	36	28	32	28	27	28	21	28	15	27	10	27	6	27	3	27	1	26	0	26	0	27	1	29	3	32	6	35	8	37	11	38	14	40	16	43	17	45	18	46	18	46	
77:
65	39.636	41	15	40	14	39	12	37	10	34	8	30	6	27	5	24	5	22	5	20	6	19	7	19	9	20	12	20	16	20	21	19	25	17	28	14	30	10	31	6	31	3	31	1	30	0	29	-1	29	-1	30	0	32	0	35	1	39	3	42	4	45	5	47	7	48	9	48	10	47	11	45	13	43	16	41	20	38	24	34	28	30	32	26	37	23	42	21	46	20	49	20	51	21	52	23	52	26	52	29	51	33	49	36	46	38	42	39	38	39	35	38	33	36	32	33	31	29	31	25	32	21	33	18	35	16	38	15	40	15	41	15	41	15	
78:
65	6.975	4	40	5	39	7	37	8	34	8	31	8	29	7	28	5	28	2	28	0	27	-2	25	-3	22	-3	18	-2	15	-1	12	0	9	2	7	5	6	9	5	14	4	19	2	24	1	28	1	33	2	37	4	40	5	42	5	43	4	43	3	42	3	42	4	41	6	41	9	42	12	43	15	45	19	46	24	46	30	45	35	44	39	43	42	43	44	42	45	40	45	37	44	33	42	28	40	24	39	21	39	19	40	18	42	18	44	19	47	19	49	18	50	17	50	15	49	12	47	8	46	5	46	3	46	2	45	2	43	3	41	4	40	4	40	
79:
67	27.675	40	15	39	16	37	18	36	19	36	19	37	18	39	16	42	13	44	9	46	5	47	2	47	0	46	-1	44	-1	41	0	37	2	32	4	27	6	22	7	17	7	13	8	10	8	8	8	7	7	7	5	6	3	4	2	1	2	-1	3	-4	5	-6	8	-7	12	-7	17	-6	23	-4	28	-1	33	3	37	6	41	8	44	11	46	14	47	16	47	17	46	17	44	17	41	18	38	20	35	23	32	26	30	30	29	33	29	35	30	36	32	36	34	37	37	38	39	40	40	43	40	46	39	48	37	49	34	49	30	48	25	46	21	43	18	41	16	40	15	40	15	
80:
72	42.521	26	2	25	1	23	0	20	0	16	0	12	-1	9	-1	7	0	6	0	6	0	7	1	9	2	12	3	15	5	18	8	20	11	21	14	21	16	20	17	18	18	15	19	11	21	7	23	4	24	2	24	1	23	1	23	2	24	4	26	5	29	5	32	4	35	2	39	1	42	1	44	2	45	4	45	7	44	10	44	14	43	18	41	22	39	25	36	28	33	30	31	31	29	32	28	32	28	33	29	34	31	35	34	37	38	40	41	44	43	47	44	50	44	52	43	53	41	53	38	52	34	50	29	47	25	43	21	39	18	36	15	33	13	31	10	30	7	30	5	29	4	27	3	26	2	26	2	
81:
57	12.915	23	29	24	28	26	26	28	23	30	19	31	15	31	11	31	8	31	6	31	5	30	5	28	6	25	7	23	7	20	6	16	4	11	1	7	-1	4	-2	1	-2	-1	-1	-2	1	-2	4	-1	7	1	9	4	11	8	13	13	14	19	14	26	14	32	14	37	15	41	17	44	20	46	24	47	28	48	33	48	37	47	40	45	42	42	43	38	44	34	44	31	43	27	41	24	39	22	37	21	36	21	36	22	36	23	35	24	35	24	35	23	34	23	32	23	30	23	29	23	29	
82:
70	3.298	36	43	35	42	33	42	32	42	31	41	31	39	31	37	32	36	34	36	36	37	37	38	39	40	41	41	43	41	44	40	44	38	43	35	41	31	40	26	38	21	35	17	33	13	32	9	32	6	33	3	34	1	35	0	35	0	34	1	33	2	31	4	28	5	24	5	20	4	16	2	12	0	9	-1	7	-1	6	-1	6	0	7	2	9	5	12	9	16	14	19	18	21	22	22	25	22	27	21	28	19	28	16	27	12	25	9	24	6	23	3	23	1	24	0	26	0	29	1	33	3	38	6	42	9	45	12	47	16	48	21	48	26	47	30	45	33	44	35	43	36	43	36	43	
83:
77	59.741	7	6	6	5	4	5	2	5	1	6	0	8	0	11	1	15	3	20	6	26	10	31	13	35	16	39	18	42	19	44	21	45	24	45	28	44	32	42	36	40	39	39	41	38	42	36	43	33	43	29	44	24	46	18	47	11	47	5	46	0	44	-4	41	-7	37	-9	32	-10	27	-10	23	-9	20	-7	18	-4	17	-1	17	3	18	6	20	10	23	13	27	17	32	21	36	25	40	29	44	32	47	35	49	37	50	38	50	38	49	38	47	37	44	37	40	38	35	38	30	38	26	37	23	35	21	32	20	28	20	25	20	23	19	22	17	22	14	23	11	24	7	24	4	23	2	21	1	19	1	16	2	12	4	9	6	7	7	6	7	6	
84:
66	5.335	15	4	14	4	12	4	9	5	6	7	3	10	1	14	0	19	-1	25	-1	30	0	34	0	39	0	43	1	46	3	48	4	49	4	49	4	48	5	46	7	43	10	41	14	40	19	40	23	41	26	43	28	44	29	44	31	43	34	41	37	39	40	38	42	37	43	37	43	36	42	34	42	31	43	27	45	23	47	20	49	16	50	13	50	11	49	9	47	8	44	8	40	9	35	11	31	14	28	17	26	20	24	22	21	23	19	23	18	22	18	20	19	17	21	13	23	9	24	6	24	3	23	1	21	0	18	0	16	1	15	3	15	4	15	4	
85:
62	23.123	34	27	33	26	31	24	28	21	24	19	19	18	14	18	10	18	7	18	5	18	4	19	4	21	5	22	7	23	8	24	8	26	9	29	11	31	14	33	18	35	21	38	24	40	26	43	28	46	30	48	32	49	34	49	35	48	35	47	35	45	35	42	36	39	38	37	40	35	43	34	45	32	47	29	48	25	48	20	48	16	48	12	47	9	45	6	42	3	38	1	34	-1	29	-2	24	-2	20	-2	17	-2	15	-1	14	1	14	4	15	6	17	8	20	10	22	13	25	17	28	21	31	24	33	26	34	27	34	27	
86:
66	10.904	9	6	10	7	12	7	14	8	16	10	18	13	20	15	23	16	27	16	31	16	34	15	36	13	37	12	37	10	36	7	34	5	33	3	32	2	32	0	33	-1	35	-1	38	0	41	2	44	5	46	9	47	14	47	19	46	25	46	30	45	34	43	38	40	41	37	43	33	44	30	44	28	43	26	41	25	39	25	37	26	34	28	30	30	27	31	25	31	24	30	24	28	25	25	25	21	25	17	26	14	28	11	29	8	30	6	30	5	29	5	28	6	28	8	27	9	25	9	22	8	19	6	17	5	14	5	11	6	9	8	7	9	6	9	6	
87:
68	25.932	32	25	31	26	31	28	32	31	33	35	33	38	32	42	32	45	32	47	33	48	35	48	37	47	38	45	38	42	37	38	35	35	32	33	28	31	25	28	21	24	17	19	12	14	8	10	5	7	3	5	1	4	0	4	0	5	1	6	3	8	5	11	8	15	10	20	11	26	13	31	14	35	14	38	13	40	12	41	10	41	8	40	6	38	4	35	3	31	2	26	0	21	-1	17	-1	13	0	10	2	7	4	3	7	0	11	-2	16	-3	21	-3	26	-2	31	0	35	2	38	5	40	9	41	12	41	15	41	19	40	22	38	24	35	25	33	25	32	25	32	25	
88:
66	113.998	34	23	33	24	31	25	28	25	25	24	23	22	22	19	22	16	23	13	25	11	28	8	32	6	35	5	37	4	38	4	38	5	37	6	37	8	38	11	40	13	43	15	45	17	46	20	46	24	47	29	48	34	48	38	47	41	45	43	42	45	38	46	34	46	31	45	28	43	26	40	25	37	25	35	26	34	28	34	30	35	31	37	31	40	30	44	28	47	25	49	22	50	19	50	17	49	16	48	15	46	15	43	16	39	18	35	21	32	25	30	28	29	31	29	34	30	36	31	37	31	37	30	36	28	35	26	34	25	34	24	34	23	34	23	
89:
62	6.053	6	37	5	38	4	39	4	39	5	39	7	38	10	37	14	37	19	38	25	40	31	43	36	46	40	48	43	49	45	49	46	48	46	46	45	45	43	44	40	44	36	43	33	42	31	40	30	37	29	33	29	28	28	22	28	16	29	11	31	7	32	4	32	2	31	1	29	1	27	1	26	2	26	4	25	6	25	7	24	7	22	7	19	6	15	6	10	5	6	4	3	4	1	5	0	6	0	8	1	9	3	9	6	9	8	10	10	12	12	15	13	18	13	22	12	27	10	31	8	34	7	36	6	37	6	37	
90:
63	19.571	39	44	38	43	38	41	39	38	41	36	44	33	46	29	47	25	47	20	46	15	45	11	45	8	46	5	47	3	47	2	46	2	44	3	41	5	37	7	32	8	26	8	21	8	17	7	14	7	11	8	9	10	8	13	8	17	8	20	9	22	11	23	13	23	16	22	20	22	24	22	27	21	29	20	30	19	30	19	29	20	27	22	24	25	20	29	17	34	15	38	14	42	14	45	15	47	16	48	17	48	17	47	16	45	15	42	15	40	16	39	18	39	21	40	25	41	29	43	33	44	36	45	38	45	39	44	39	44	
91:
64	12.04	24	15	25	14	27	12	29	9	32	6	36	4	40	3	44	3	47	4	49	4	50	5	50	7	49	10	47	13	44	17	40	21	36	24	33	27	30	29	27	30	23	30	20	29	18	27	15	26	11	26	7	27	4	29	2	31	1	34	1	38	2	41	3	43	3	44	2	44	2	43	3	41	5	38	8	34	11	29	13	25	14	20	14	15	13	11	12	7	11	4	11	2	12	1	14	1	15	2	17	4	20	5	24	6	28	6	31	5	33	5	34	6	34	8	34	10	33	13	32	15	30	16	27	16	25	16	24	15	24	15	
92:
69	40.768	22	36	22	35	23	33	25	31	26	28	28	26	31	24	35	23	38	23	42	24	45	26	47	29	48	33	48	38	47	42	45	45	42	47	38	48	35	48	33	47	32	45	32	43	33	41	35	38	36	34	36	30	35	26	33	23	30	21	26	19	23	18	21	17	19	17	18	18	18	19	19	19	21	20	24	20	27	20	29	19	30	17	30	14	30	10	30	7	29	5	27	4	24	4	22	5	20	5	19	6	19	8	18	10	16	13	13	17	9	21	6	26	4	30	3	33	2	35	2	36	3	37	5	37	8	36	11	34	15	33	18	33	20	34	21	35	22	36	22	36	
93:
71	17.465	34	42	33	41	31	39	28	36	26	34	25	32	25	31	26	31	28	32	31	33	35	35	40	38	44	41	47	44	49	46	51	47	52	47	52	46	51	44	49	41	46	38	42	34	39	29	37	23	35	18	34	14	34	11	35	9	37	8	38	8	38	8	37	7	35	5	32	3	28	2	23	2	18	1	12	1	7	2	3	4	0	7	-3	11	-5	16	-6	22	-6	27	-5	31	-4	35	-2	38	0	40	3	41	6	41	9	41	11	40	12	38	12	35	11	33	10	32	9	32	8	33	7	35	7	38	8	42	10	45	13	47	17	48	22	48	26	48	29	47	31	45	33	43	34	42	34	42	
94:
71	27.453	33	23	34	24	36	25	39	26	41	28	43	31	45	35	46	38	46	40	45	41	43	41	40	42	38	43	37	45	36	47	34	48	31	48	27	47	23	45	20	42	16	38	13	35	11	32	10	30	10	27	11	23	13	19	16	16	20	14	25	13	31	11	36	10	41	10	45	10	48	9	50	7	51	4	51	2	50	-1	48	-5	45	-8	41	-10	36	-11	31	-11	26	-10	21	-8	17	-5	14	-2	12	2	11	7	11	12	10	17	8	21	5	26	3	32	2	37	2	41	3	44	5	46	7	47	9	47	10	46	12	44	15	41	19	38	23	36	26	33	29	29	31	26	32	24	33	23	33	23	
95:
56	14.019	18	25	19	24	21	24	24	24	28	25	31	26	33	28	34	31	34	34	34	37	35	39	37	40	40	40	42	39	45	38	47	36	48	34	48	32	47	31	45	29	42	28	40	27	37	25	35	22	34	19	34	16	33	13	31	11	29	9	26	7	22	6	17	5	12	5	8	5	5	6	3	8	2	10	2	13	3	16	5	20	6	23	6	25	6	27	6	28	5	28	4	27	4	25	4	23	5	21	7	20	9	20	10	21	12	21	15	22	17	24	18	25	18	25	
96:
79	78.42	16	25	17	26	17	28	17	30	17	32	16	33	14	33	11	32	7	31	4	30	2	30	1	31	1	33	2	36	4	39	7	41	11	42	16	42	20	41	24	39	27	36	31	34	34	32	36	31	37	31	37	32	36	34	34	37	32	41	30	44	29	46	29	47	30	47	32	46	35	44	39	43	44	43	48	43	51	42	53	40	54	37	54	33	53	29	51	25	48	22	46	20	44	19	43	19	43	18	44	16	46	13	47	11	47	10	46	10	44	11	41	13	38	16	34	18	29	19	23	19	18	19	14	18	11	16	8	13	6	9	5	6	5	4	4	3	2	3	1	4	1	6	2	9	3	13	5	17	8	20	11	22	13	24	15	25	16	25	16	25	
97:
68	29.372	0	27	1	28	3	29	4	31	4	34	5	38	7	42	10	45	14	47	19	48	25	48	31	47	36	47	40	47	43	48	45	48	47	47	48	45	48	42	47	39	45	37	42	35	39	34	37	34	36	35	36	36	37	37	39	38	42	38	45	38	47	37	48	35	48	32	47	28	45	24	42	21	39	19	36	18	34	16	33	14	33	13	34	11	36	10	37	8	37	5	36	2	34	0	31	-1	27	-1	24	0	22	2	21	5	21	9	22	14	23	18	23	21	22	23	20	24	17	24	14	23	10	23	7	22	5	22	3	23	2	24	2	26	1	27	0	27	0	27	
98:
69	17.687	23	14	22	14	20	14	17	14	14	13	11	11	7	9	4	8	1	8	-3	9	-6	11	-8	14	-9	18	-9	22	-8	25	-6	27	-3	28	1	28	4	27	6	26	9	25	11	25	12	26	12	28	12	31	12	34	11	36	11	37	12	37	14	36	17	36	20	36	22	35	23	33	23	32	24	32	25	33	26	35	26	38	27	41	29	44	32	46	36	47	40	47	43	46	46	44	48	41	49	37	49	32	49	26	49	20	49	15	49	10	48	6	47	3	47	1	48	0	48	0	48	1	47	3	46	6	44	9	41	12	37	14	33	15	29	15	26	14	24	14	23	14	23	14	
99:
64	59.301	8	49	9	48	11	47	14	47	18	47	23	46	27	44	30	41	32	38	33	35	33	33	32	32	32	31	33	31	35	32	38	33	41	34	44	35	46	37	48	38	49	38	49	37	48	35	46	33	43	31	39	29	35	27	31	25	26	22	21	18	17	15	14	13	12	11	11	9	11	6	12	4	13	2	15	1	18	1	22	2	27	4	31	7	35	11	38	16	40	21	41	25	41	28	40	30	38	31	35	31	32	30	29	28	25	26	21	25	17	25	14	26	12	28	11	31	11	35	11	39	10	43	9	46	8	48	8	49	8	49	