0:
48	4.486	85	10	86	11	88	13	90	16	92	19	95	23	97	28	98	34	98	41	97	49	95	58	92	67	89	77	85	86	81	94	76	101	70	107	63	112	56	116	49	119	43	121	38	122	33	122	29	121	26	119	24	116	23	112	23	107	24	101	26	95	27	88	27	80	28	72	29	63	30	54	32	46	35	39	39	33	44	27	50	22	57	18	64	14	70	11	75	9	79	8	82	8	84	9	85	10	85	10	
1:
52	0.386	62	23	61	24	60	26	60	29	61	33	63	38	66	44	70	51	75	58	81	66	86	73	90	79	93	85	95	90	97	94	98	97	98	99	97	100	95	101	92	101	88	100	84	98	79	97	73	96	66	96	58	97	49	98	40	98	32	97	25	95	19	92	14	88	10	83	7	77	5	70	4	63	4	57	5	51	7	45	10	40	14	36	19	33	25	31	32	30	38	29	43	28	47	28	52	27	56	25	59	24	61	23	62	23	62	23	
2:
47	5.452	3	16	4	15	6	14	9	13	13	11	18	10	23	10	29	11	34	13	38	16	41	20	43	25	44	30	46	35	49	39	53	42	58	44	63	45	69	45	75	44	80	42	84	39	87	35	89	30	90	25	90	21	89	18	87	16	84	15	80	14	75	14	69	15	62	15	54	14	45	14	37	13	29	11	22	9	16	7	11	6	7	6	4	7	2	8	1	10	1	13	2	15	3	16	3	16	
3:
54	2.504	83	14	82	13	80	11	77	9	73	7	68	6	62	5	55	5	47	6	39	7	32	9	26	12	20	14	15	17	11	21	8	26	6	32	5	39	5	46	6	52	8	58	10	63	11	68	11	73	10	77	10	81	10	84	11	86	13	87	16	87	20	86	25	84	31	82	38	79	46	75	54	70	62	64	69	57	75	49	80	41	84	33	87	26	91	20	94	15	96	11	97	8	97	6	96	5	94	5	91	6	88	8	86	11	84	13	83	14	83	14	
4:
60	13.163	14	52	13	51	11	49	10	46	8	43	5	39	1	34	-2	28	-4	22	-5	17	-5	13	-4	10	-2	8	0	7	3	7	7	8	10	10	12	13	13	17	14	22	14	28	14	35	13	43	13	51	12	58	11	65	10	71	10	76	11	80	13	84	16	87	20	89	24	91	29	92	35	94	42	95	50	95	57	94	63	92	68	89	72	85	75	80	77	76	78	73	78	71	77	70	75	68	72	65	68	61	63	57	57	54	50	52	42	51	35	51	29	51	24	51	20	52	17	52	15	52	14	52	14	52	
5:
43	0.497	89	81	89	80	88	78	86	75	85	71	84	66	83	60	82	53	82	46	82	39	81	33	80	28	78	24	75	20	71	17	66	15	60	14	53	14	47	15	41	17	36	18	31	20	27	22	24	25	22	29	21	34	21	40	22	47	24	55	27	62	31	68	36	73	41	78	47	82	54	85	61	87	68	88	74	88	79	87	83	85	86	83	88	82	89	81	89	81	
6:
50	0.952	58	76	59	75	61	73	64	70	68	66	73	61	78	55	84	48	89	40	93	31	96	23	98	16	99	10	99	5	98	1	96	-2	93	-4	89	-5	84	-5	78	-4	71	-2	63	1	56	5	50	9	45	14	41	20	37	27	33	35	29	44	26	54	24	63	23	71	23	78	24	84	26	89	28	93	31	96	35	98	39	99	44	99	49	98	53	96	56	93	59	89	61	85	62	82	62	79	61	77	59	76	58	76	58	76	
7:
40	0.693	93	78	92	79	90	79	88	79	86	78	83	76	80	73	76	69	71	65	65	61	58	58	51	55	45	52	40	49	36	45	33	40	31	34	30	29	30	25	31	21	33	18	36	16	40	15	45	15	50	16	56	18	63	21	71	25	78	28	84	32	89	37	93	43	96	50	98	57	99	63	99	68	98	72	96	75	94	77	93	78	93	78	
8:
66	10.592	38	86	39	85	41	83	43	80	46	76	50	71	53	65	55	58	56	50	56	41	55	32	53	24	50	17	46	11	41	6	35	2	28	-1	22	-3	16	-4	11	-4	7	-3	4	-2	2	0	1	3	1	6	2	8	4	10	7	13	11	15	16	16	22	16	29	16	37	15	46	14	54	12	61	9	67	5	73	2	78	0	82	-1	85	-1	87	0	88	2	88	5	87	9	85	14	82	20	78	27	73	35	68	44	64	52	61	60	59	67	58	74	58	80	59	85	59	89	58	92	57	94	55	95	52	95	48	94	44	92	41	89	39	87	38	86	38	86	
9:
49	3.03	20	12	21	13	23	15	26	18	30	21	35	25	41	30	46	35	50	41	54	47	57	52	59	56	60	59	60	62	59	64	57	66	54	67	50	67	46	66	42	64	39	61	37	57	36	52	36	48	35	45	33	43	30	42	26	42	21	43	16	44	12	46	9	49	7	52	6	54	6	55	7	55	9	54	12	53	15	51	19	48	22	44	24	39	25	33	25	27	24	22	22	18	21	15	20	13	20	12	20	12	
10:
62	5.873	13	73	12	74	10	74	7	75	4	77	2	80	1	84	1	87	2	90	4	92	7	93	11	95	16	98	22	101	29	103	37	105	46	106	54	108	63	109	71	109	78	108	84	107	89	106	93	105	96	104	98	102	99	99	99	95	98	90	96	86	93	81	89	75	84	68	78	60	72	53	65	46	57	38	48	31	40	25	33	20	27	16	22	13	17	10	13	8	9	7	5	7	2	8	0	10	-2	13	-3	17	-3	22	-2	28	0	34	3	41	7	48	10	54	12	59	14	63	15	67	15	70	14	72	13	73	13	73	
11:
57	2.565	84	88	84	87	83	85	83	82	84	78	84	73	85	67	87	60	89	52	91	44	93	36	95	29	96	23	96	17	96	12	95	8	93	5	90	3	87	2	83	2	78	3	72	5	65	8	57	12	48	17	40	22	32	26	25	29	18	31	12	32	7	32	3	31	0	29	-2	26	-3	22	-3	19	-2	16	0	14	2	13	5	13	9	14	14	16	18	19	23	23	29	27	36	32	44	38	52	45	59	52	65	60	70	67	74	73	77	78	80	82	82	85	83	87	84	88	84	88	
12:
49	1.167	16	20	17	19	19	17	22	14	26	10	31	7	37	5	43	4	50	4	57	5	63	7	68	10	72	14	75	19	78	25	80	31	81	38	81	45	80	51	78	56	75	60	71	63	66	65	60	66	54	66	48	65	43	63	38	60	34	56	31	51	29	45	28	40	28	36	29	33	29	31	28	30	26	30	24	31	23	33	23	35	22	36	20	36	19	35	18	33	18	30	17	26	16	23	16	21	16	20	16	20	
13:
42	0.629	70	13	71	14	73	16	76	19	80	22	84	26	88	31	91	37	93	44	94	51	94	57	93	62	91	66	88	69	84	71	79	72	73	72	66	72	58	71	50	69	43	66	37	62	32	57	28	51	25	44	23	36	22	29	22	23	23	18	25	14	27	10	30	7	34	4	38	2	43	1	49	1	55	2	60	4	64	7	67	10	69	12	70	13	70	13	
14:
59	0.973	5	87	6	86	8	84	10	81	13	77	16	73	18	68	19	62	21	57	22	53	24	50	26	47	27	45	27	42	26	39	24	36	21	34	17	32	14	29	12	25	11	20	11	15	12	11	14	7	17	4	21	2	26	1	32	1	39	2	46	2	53	2	60	2	67	3	74	5	80	8	85	12	89	17	92	22	94	28	95	34	95	40	94	46	92	52	89	59	85	66	80	72	74	77	67	82	59	86	50	89	41	91	33	92	26	92	20	91	15	91	11	90	8	88	6	87	5	87	5	87	
15:
59	6.044	71	25	70	24	68	22	65	20	61	17	56	13	50	8	43	3	35	-1	28	-4	21	-6	15	-7	10	-7	6	-6	3	-4	1	-1	0	3	0	8	1	13	2	19	4	26	7	34	11	43	16	52	22	60	27	68	31	75	34	81	36	86	37	90	38	93	39	95	41	96	42	96	42	95	43	93	45	90	47	86	50	81	54	75	59	70	65	64	71	57	77	49	82	42	86	36	89	31	91	27	92	24	92	22	91	21	89	21	87	21	84	22	80	23	77	24	74	24	72	25	71	25	71	25	
16:
51	0.429	68	39	67	40	65	42	62	44	58	45	53	45	48	44	44	42	41	39	38	35	36	30	34	26	33	23	32	20	30	18	27	17	23	17	19	18	16	20	14	23	13	27	13	32	14	38	16	45	19	52	23	60	28	68	34	75	41	81	48	86	55	90	61	93	66	95	70	96	73	96	75	95	76	93	76	90	75	86	73	81	70	75	66	69	63	64	61	60	60	56	60	51	61	47	63	44	65	42	67	40	68	39	68	39	
17:
50	0.938	24	1	25	0	27	-2	30	-5	34	-8	38	-10	43	-12	49	-13	56	-13	64	-12	71	-10	77	-7	82	-3	86	2	89	8	92	14	94	21	95	29	97	37	98	44	98	51	97	57	95	62	92	68	88	73	83	77	77	80	70	82	62	83	53	83	44	82	35	80	27	77	20	75	14	72	9	68	5	63	2	57	0	50	-1	42	-1	35	0	29	2	24	5	18	9	13	14	9	18	6	21	4	23	2	24	1	24	1	
18:
51	5.892	65	81	66	80	68	79	71	77	75	75	80	72	86	68	91	65	95	62	98	59	100	57	101	56	101	54	100	53	98	52	95	51	91	49	86	46	80	43	74	41	68	40	63	38	59	35	56	31	54	26	52	21	51	17	49	14	46	12	42	11	37	11	31	12	26	14	22	17	19	20	17	24	16	29	16	35	17	42	19	50	22	57	26	63	31	68	37	72	44	75	50	77	55	78	59	78	62	79	64	80	65	81	65	81	
19:
51	6.06	10	16	11	17	13	19	16	22	20	26	25	31	29	37	34	44	38	51	41	57	43	62	44	66	45	69	45	71	46	72	46	72	47	71	48	69	50	67	53	64	57	60	62	55	68	49	75	44	81	40	86	37	90	34	93	32	95	31	96	31	96	32	95	34	93	35	90	35	87	34	83	32	78	29	72	26	66	22	59	17	53	13	47	10	41	8	34	7	28	7	23	7	19	8	16	10	13	13	11	15	10	16	10	16	
20:
46	3.19	80	17	81	18	82	20	82	23	81	27	81	32	80	38	80	45	79	53	77	61	74	69	70	76	65	82	59	87	52	91	44	94	35	96	27	97	20	97	14	97	9	97	5	96	2	94	0	91	-1	89	-1	87	0	86	2	86	5	85	9	84	14	82	20	79	25	75	29	70	34	64	39	57	44	51	48	44	53	38	59	32	65	27	70	23	74	20	77	18	79	17	80	17	80	17	
21:
55	5.19	98	42	97	43	95	45	92	48	88	50	83	51	77	51	70	52	62	53	53	53	45	54	36	56	28	59	21	63	15	68	10	72	6	75	3	77	1	78	0	78	0	77	1	75	3	72	6	70	10	68	15	67	21	67	27	66	32	64	36	61	39	57	41	52	42	46	42	39	41	31	40	24	40	18	41	13	42	9	44	6	47	4	51	3	56	3	61	4	67	6	73	9	78	13	82	18	87	24	91	29	94	33	96	36	97	39	98	41	98	42	98	42	
22:
52	3.301	45	76	44	77	42	79	40	82	37	85	33	89	29	93	26	96	24	98	23	99	21	99	19	98	16	96	12	93	9	89	7	84	6	78	6	71	7	63	9	55	12	47	15	40	19	33	24	27	30	22	37	18	45	15	52	13	60	12	68	11	75	11	81	12	86	14	90	17	93	21	95	26	96	30	96	34	95	38	93	43	90	48	86	52	81	55	75	57	69	59	63	62	58	66	54	70	51	73	48	75	46	76	45	76	45	76	
23:
55	12.205	71	25	72	26	74	28	76	31	78	35	80	40	81	46	82	53	82	59	81	66	79	72	77	79	74	85	70	90	65	94	59	97	53	99	46	100	38	100	31	99	25	97	19	94	14	90	10	85	7	80	5	76	4	73	4	71	5	70	7	70	10	71	14	72	19	72	23	71	26	69	28	68	30	68	33	69	37	71	42	72	47	73	53	73	59	72	65	70	70	67	74	63	77	58	79	52	80	46	80	40	79	35	77	31	74	28	72	26	71	25	71	25	
24:
56	0.635	77	52	78	53	80	55	83	58	86	61	88	65	89	70	90	76	90	82	89	87	87	91	84	94	80	96	75	97	69	97	62	96	54	95	46	93	38	90	31	86	24	81	18	77	13	74	9	72	6	69	4	65	3	61	3	56	4	50	6	43	9	35	13	28	17	22	22	17	28	13	35	10	43	8	51	7	60	7	68	8	75	10	81	13	86	16	90	19	93	22	95	26	96	31	96	37	95	42	93	46	90	49	86	51	83	52	80	52	78	52	77	52	77	52	
25:
43	0.672	68	66	69	65	71	63	74	60	78	57	81	53	85	48	88	42	90	36	91	31	91	26	90	22	88	19	87	17	87	16	88	16	89	17	91	19	92	22	92	26	91	31	89	37	86	42	82	47	77	52	71	56	64	59	58	62	53	66	49	71	46	75	44	78	43	80	43	81	44	81	46	81	49	80	53	78	58	75	62	72	65	69	67	67	68	66	68	66	
26:
44	0.689	52	69	51	68	50	66	48	63	45	59	42	54	40	48	38	43	37	39	37	35	38	32	39	30	40	29	42	29	44	30	45	32	45	34	44	37	42	40	39	42	35	43	32	43	28	42	23	41	19	41	14	42	10	44	7	46	5	48	4	51	4	55	5	60	7	64	10	67	14	69	19	70	25	70	31	69	37	67	42	66	46	66	49	67	51	68	52	69	52	69	
27:
50	5.127	4	15	5	14	7	12	10	11	14	11	19	11	24	12	28	14	32	17	35	21	37	26	38	31	38	36	37	41	35	45	34	49	34	53	35	56	36	58	38	59	41	59	45	58	50	58	55	59	59	59	62	58	64	58	65	58	65	59	64	61	62	64	59	66	55	68	50	70	44	71	37	71	29	70	22	68	16	65	11	61	7	56	4	50	2	43	1	36	0	30	0	25	1	21	3	18	4	16	4	15	4	15	
28:
50	0.45	21	85	21	84	21	82	22	79	24	75	27	70	31	66	36	63	40	61	43	58	45	55	46	51	46	46	45	40	43	33	40	26	38	19	37	13	37	8	38	3	40	-1	43	-4	47	-6	52	-7	58	-7	64	-6	69	-4	73	-1	77	3	81	8	84	14	86	21	87	29	87	37	86	46	84	55	81	63	77	70	72	76	67	81	62	85	56	88	49	90	42	91	36	91	31	90	27	88	24	87	22	86	21	85	21	85	
29:
52	0.877	18	61	18	60	17	58	15	56	12	53	9	49	6	44	4	39	3	35	3	32	4	30	5	29	5	29	4	30	2	32	1	35	1	39	2	44	4	49	7	53	11	57	16	60	22	62	29	63	37	63	44	62	50	60	55	59	59	58	62	58	64	59	65	61	65	64	64	68	62	73	59	78	55	82	50	85	44	87	37	88	31	88	26	87	22	85	18	82	15	80	13	78	12	75	12	71	13	67	15	64	17	62	18	61	18	61	
30:
65	1.968	86	77	85	76	85	75	85	73	86	70	87	66	89	61	92	55	95	48	97	40	98	33	99	27	99	22	98	18	96	15	93	13	89	12	84	12	78	13	73	15	67	18	60	21	52	25	43	28	35	30	28	31	22	31	17	30	13	28	10	25	8	21	7	16	7	12	7	9	8	7	10	6	13	6	16	7	18	9	21	12	23	16	24	21	24	27	24	34	23	42	21	50	20	59	19	67	19	74	20	80	22	85	25	89	28	92	32	94	37	95	43	95	50	94	58	92	65	89	71	85	76	82	80	80	83	78	85	77	86	77	86	77	
31:
54	3.346	17	22	18	21	20	19	23	16	27	12	32	9	38	7	45	5	53	4	61	4	68	3	74	3	79	3	83	4	86	6	88	9	89	12	89	16	88	19	86	21	83	22	79	22	75	21	72	19	70	18	69	17	69	17	70	18	72	20	74	23	77	27	81	32	85	37	88	43	90	49	91	54	91	58	90	61	88	63	85	64	81	64	76	63	70	61	64	59	57	56	49	52	42	47	36	41	31	36	27	32	23	28	20	25	18	23	17	22	17	22	
32:
48	0.562	98	82	97	81	95	79	92	76	88	72	85	67	83	61	82	54	81	47	81	41	80	36	78	32	75	29	71	27	68	26	66	26	65	27	63	29	60	32	58	36	55	40	52	45	48	51	43	56	37	62	32	69	28	75	25	80	23	84	22	88	22	91	23	93	25	94	28	94	32	93	37	91	43	88	49	85	56	83	63	80	70	78	77	77	83	76	88	76	92	77	95	79	97	81	98	82	98	82	
33:
48	0.935	26	42	27	41	29	41	32	42	36	44	41	47	46	50	52	53	57	57	62	61	67	65	72	68	76	70	79	71	81	71	82	70	82	68	81	65	79	61	78	56	78	50	79	43	81	35	82	26	84	18	85	11	85	5	84	0	82	-4	79	-7	75	-9	70	-10	64	-11	57	-11	50	-10	43	-8	37	-5	32	-1	28	3	25	8	23	14	21	21	20	27	20	32	21	36	23	39	25	41	26	42	26	42	
34:
49	3.193	14	88	15	87	17	86	20	84	24	81	29	78	35	75	42	72	49	69	55	66	61	62	67	59	72	57	76	56	79	54	81	51	82	47	82	42	81	36	79	29	76	23	72	18	67	14	61	11	55	9	48	7	42	5	37	4	33	4	30	5	28	7	27	10	27	13	28	17	30	22	33	28	36	35	38	43	39	51	39	59	38	66	36	72	33	77	29	81	24	84	20	86	17	87	15	88	14	88	14	88	
35:
61	0.959	6	97	7	96	9	96	12	97	16	98	21	98	27	98	34	97	42	95	51	92	60	89	68	85	75	80	81	74	86	67	90	59	93	51	95	44	96	37	96	31	95	26	93	22	90	19	86	17	81	16	75	16	68	16	60	17	52	19	45	22	37	26	30	29	24	31	19	32	15	32	12	33	10	33	9	33	9	34	10	35	12	35	15	34	19	34	24	35	29	37	33	40	36	44	38	49	39	55	39	60	38	64	36	67	33	71	29	75	24	80	20	85	16	89	12	92	9	94	7	96	6	97	6	97	
36:
48	0.786	49	35	50	34	51	32	53	29	56	25	59	20	63	16	68	13	73	11	77	10	80	10	82	11	85	13	87	16	88	20	88	25	87	29	85	34	82	40	78	45	73	49	67	52	60	54	52	56	44	58	37	60	29	61	22	61	16	61	11	60	7	58	4	55	2	52	1	48	1	43	2	39	4	36	7	34	11	33	16	33	22	34	28	36	34	38	39	39	43	39	46	38	48	36	49	35	49	35	
37:
48	1.955	21	57	22	58	24	60	27	63	31	66	36	70	40	75	43	80	45	84	46	87	46	90	45	92	43	93	40	93	36	92	31	91	25	89	20	86	16	82	13	77	11	71	9	64	8	57	8	49	7	41	7	34	8	28	10	23	13	18	17	14	22	11	26	9	30	8	35	8	39	9	42	10	44	12	45	15	45	19	44	24	42	30	39	36	35	42	31	47	27	51	24	54	22	56	21	57	21	57	
38:
32	0.287	20	76	21	75	23	73	25	70	26	67	26	63	25	58	24	52	22	45	19	39	15	34	11	30	8	26	6	23	5	21	5	20	6	20	8	21	9	23	11	26	14	30	17	34	21	38	24	43	26	49	27	55	27	61	26	66	25	70	23	73	21	75	20	76	20	76	
39:
58	7.414	38	67	37	68	35	70	32	73	28	75	25	76	23	76	21	75	19	73	18	70	18	66	19	61	21	55	23	48	26	40	30	32	35	25	41	19	48	14	54	10	59	7	63	5	67	4	70	4	72	5	73	7	73	9	72	12	70	16	68	21	67	27	67	34	68	42	70	51	73	60	77	68	82	75	86	81	90	86	93	90	95	93	96	95	96	97	95	98	93	98	90	97	86	95	81	92	75	88	68	83	61	78	55	74	50	71	46	69	43	68	41	68	39	67	38	67	38	67	
40:
51	2.658	79	19	78	18	76	16	73	13	69	9	64	5	58	2	51	0	43	-1	35	-1	27	0	20	2	14	5	7	9	1	14	-4	20	-8	27	-11	35	-13	43	-14	51	-14	58	-13	65	-11	71	-8	76	-4	80	1	83	7	85	14	86	22	86	31	86	41	86	50	87	58	88	65	88	71	88	76	87	80	85	83	82	85	78	86	73	86	67	85	60	83	52	81	45	78	39	76	34	75	29	75	25	76	22	78	20	79	19	79	19	
41:
43	0.071	41	58	42	57	44	57	47	56	50	54	54	51	59	47	65	42	70	36	74	31	77	27	79	24	80	22	81	21	82	21	82	22	81	24	80	27	79	31	79	36	78	42	78	49	78	57	77	65	75	72	72	78	69	83	66	87	63	90	59	92	54	93	49	93	45	92	41	90	38	87	36	83	35	78	35	73	35	68	36	64	38	61	40	59	41	58	41	58	
42:
49	0.51	66	73	67	74	69	76	72	79	76	82	81	84	87	87	92	89	96	90	99	90	101	89	102	87	102	84	101	80	99	76	96	72	92	68	88	63	83	57	77	52	70	48	62	45	53	43	45	42	38	42	32	43	27	45	23	48	20	52	18	56	17	61	17	67	18	73	20	79	22	84	25	88	29	91	34	93	40	94	47	94	53	93	58	91	62	89	65	86	67	82	68	79	68	76	67	74	66	73	66	73	
43:
52	2.425	40	17	39	16	37	14	34	11	32	8	31	4	31	-1	32	-6	34	-10	37	-13	41	-15	46	-16	52	-16	59	-15	67	-13	74	-10	80	-6	85	-2	89	3	92	9	94	15	95	22	95	29	94	37	92	45	89	52	85	58	80	63	74	67	69	71	64	76	60	80	57	83	55	85	53	86	50	86	48	85	47	83	46	80	45	76	45	71	44	65	44	58	43	51	41	44	40	38	40	32	40	27	40	23	41	20	41	18	40	17	40	17	
44:
53	1.284	50	43	51	42	53	40	56	37	60	33	65	28	69	23	73	18	76	14	78	11	79	7	79	2	78	-2	76	-5	74	-7	71	-8	67	-8	62	-7	56	-5	50	-2	44	2	39	7	35	13	30	20	26	28	23	37	21	47	20	56	18	64	17	72	16	79	16	85	17	90	19	94	22	97	26	99	30	100	35	100	41	99	47	97	52	94	56	90	59	85	61	81	62	76	62	70	61	64	60	58	58	53	56	49	53	46	51	44	50	43	50	43	
45:
38	0.193	19	80	19	79	18	77	18	74	19	70	20	65	22	60	23	54	23	47	23	39	24	32	24	26	23	21	21	17	18	14	14	12	11	11	9	11	8	12	8	14	9	17	10	21	12	26	15	32	18	38	22	43	26	47	29	51	31	56	32	61	32	66	31	70	29	73	26	76	24	78	22	79	20	80	19	80	19	80	
46:
43	0.158	22	64	21	63	19	62	16	60	12	57	9	54	7	50	6	46	6	42	7	39	9	36	12	32	16	27	21	22	27	17	34	13	42	10	50	8	57	6	63	5	68	5	73	6	77	8	80	11	82	15	83	18	83	21	82	25	80	30	77	35	73	41	68	47	63	52	57	56	50	59	44	61	39	64	34	66	30	67	27	67	25	66	23	65	22	64	22	64	
47:
49	4.47	41	49	40	48	38	46	35	43	31	39	27	34	24	28	21	21	19	15	18	10	18	6	19	3	21	1	24	0	28	0	33	1	37	3	42	6	48	10	53	15	57	21	60	28	62	36	63	45	63	53	64	60	66	66	69	71	73	75	77	78	80	80	82	81	83	81	84	80	84	78	83	75	83	71	82	66	80	60	77	55	73	51	68	48	62	46	56	45	51	45	47	46	44	48	42	49	41	49	41	49	
48:
45	0.178	51	97	52	98	54	99	57	100	61	100	66	99	72	99	77	98	81	96	85	93	89	89	92	84	94	80	95	77	95	73	94	68	92	64	89	61	86	59	82	58	77	58	71	59	65	61	58	63	51	66	43	68	36	69	30	69	25	68	21	68	18	67	16	65	15	64	15	64	16	65	18	67	21	70	25	73	30	77	36	82	41	87	45	91	48	94	50	96	51	97	51	97	
49:
50	0.866	42	94	41	95	39	95	36	95	32	95	27	95	21	96	16	97	12	97	9	96	7	94	6	91	6	87	7	84	9	81	12	79	16	76	21	72	27	67	32	61	37	54	41	46	44	39	48	33	52	28	57	24	63	21	69	19	74	18	79	18	83	19	86	21	88	24	89	28	89	33	90	39	90	46	89	54	87	61	84	67	80	72	75	77	69	81	63	85	57	89	52	92	48	94	45	95	43	95	42	94	42	94	
50:
48	0.637	34	74	33	75	31	77	28	79	26	82	24	86	23	91	23	97	24	102	26	106	29	109	33	111	38	112	44	112	51	112	59	111	67	109	76	106	84	102	91	97	97	91	102	84	106	76	109	67	111	58	112	50	112	43	111	37	109	32	106	28	104	25	101	23	97	22	92	22	86	23	79	25	73	28	68	32	63	37	58	43	54	48	51	54	47	59	43	64	40	68	37	71	35	73	34	74	34	74	
51:
50	1.144	47	60	48	61	50	63	53	66	56	69	58	71	59	72	60	73	60	73	59	72	57	70	56	67	56	63	57	58	59	52	62	45	66	37	69	29	71	22	74	16	77	11	79	7	80	4	80	2	79	0	77	-2	74	-5	70	-8	66	-10	61	-11	55	-11	48	-11	41	-11	35	-10	30	-8	26	-5	23	-1	21	4	20	10	20	17	21	23	23	29	25	35	28	41	32	46	37	50	41	54	44	57	46	59	47	60	47	60	
52:
49	2.392	13	21	14	22	16	24	19	27	23	31	28	36	33	42	38	49	42	56	45	63	47	69	48	74	48	78	49	81	49	83	50	84	52	84	55	83	59	81	64	78	69	74	73	69	76	63	78	56	81	49	85	42	89	36	92	31	94	26	95	22	95	18	94	14	92	11	89	9	85	8	81	8	76	7	70	6	63	6	56	6	49	7	41	9	34	11	28	13	23	15	19	17	16	18	14	20	13	21	13	21	
53:
54	0.412	89	75	89	74	89	72	90	69	91	65	93	60	95	54	98	47	100	39	101	32	101	25	102	19	102	14	101	10	99	7	96	5	92	4	87	4	81	5	75	7	68	10	60	14	52	18	45	23	39	29	34	36	28	44	23	52	19	59	16	65	14	70	13	74	13	77	14	79	16	80	19	80	22	79	26	77	31	74	37	70	44	66	51	63	59	60	66	58	72	57	77	57	81	58	84	60	86	62	87	65	88	69	88	72	89	74	89	75	89	75	
54:
48	1.729	86	57	87	56	88	54	89	51	90	47	90	42	89	38	87	34	84	30	80	27	75	24	70	21	64	19	57	18	50	17	44	17	38	16	33	14	29	11	26	8	24	6	23	5	23	5	24	6	25	8	27	11	30	15	34	20	39	26	45	33	52	40	58	48	63	55	67	61	70	66	72	70	73	73	74	75	76	76	79	76	81	75	82	73	82	70	82	66	83	63	85	60	86	58	86	57	86	57	
55:
49	0.29	98	48	99	49	101	51	104	54	106	58	107	62	107	67	108	73	108	80	107	86	105	91	103	95	100	98	96	100	92	101	88	101	84	100	81	98	77	95	72	91	66	86	59	80	52	73	45	65	39	57	34	48	30	39	27	31	25	24	24	18	24	13	25	9	26	6	28	4	31	3	35	3	40	4	46	6	52	9	58	12	65	16	72	21	78	27	83	33	88	38	92	42	95	45	97	47	98	48	98	48	
56:
53	2.471	60	66	59	65	57	63	54	62	50	62	45	62	39	63	32	64	25	66	19	69	14	72	10	76	7	80	4	83	2	85	0	86	-3	86	-6	85	-8	83	-9	80	-9	76	-8	71	-6	65	-3	58	1	50	6	42	11	34	16	27	22	21	28	16	34	12	40	9	46	7	53	6	61	6	68	7	74	9	79	12	83	16	86	21	88	27	89	34	89	41	88	47	86	52	83	56	79	60	74	63	70	65	66	66	63	67	61	67	60	66	60	66	
57:
49	2.476	3	33	3	34	2	36	2	39	3	43	5	48	8	53	12	59	17	64	23	68	30	71	38	73	47	75	55	76	62	76	68	75	73	73	77	71	80	70	82	70	83	70	83	69	82	69	80	68	78	66	75	64	71	61	67	57	63	53	60	48	58	42	57	35	57	29	58	23	58	18	57	14	55	11	52	9	48	8	43	8	37	9	31	11	24	14	18	18	13	23	9	27	6	30	4	32	3	33	3	33	
58:
47	0.167	72	27	71	26	69	26	66	25	63	24	59	24	54	25	48	27	41	28	34	28	28	27	23	25	19	24	16	24	14	25	13	26	13	28	14	30	16	33	19	37	23	42	28	48	34	54	41	61	48	67	56	72	64	76	72	79	79	81	85	82	90	82	94	82	97	81	99	79	100	76	100	72	99	67	97	61	94	55	91	50	89	44	86	39	82	35	78	32	75	30	73	28	72	27	72	27	
59:
44	1.781	86	93	85	94	83	95	80	95	76	94	71	93	65	91	58	89	51	86	43	82	36	77	30	71	25	64	21	56	18	48	16	40	15	33	15	27	16	22	18	18	21	15	25	13	30	11	36	10	42	10	48	10	53	11	57	13	60	16	62	20	63	25	63	31	63	38	63	46	64	55	65	63	67	70	69	76	72	81	76	85	80	88	83	90	85	92	86	93	86	93	
60:
47	0.335	42	57	43	56	43	54	44	51	46	47	47	42	47	36	47	30	47	25	48	19	48	14	47	10	45	6	42	3	38	1	35	0	33	0	32	1	32	3	33	5	35	8	36	12	36	15	35	17	33	18	30	19	27	19	23	18	18	18	13	18	9	19	6	21	4	24	3	28	3	33	4	38	6	42	9	45	13	48	18	50	23	53	27	55	32	56	36	56	39	56	41	56	42	57	42	57	
61:
64	7.702	50	57	49	58	47	60	44	63	40	67	35	71	29	76	23	80	18	83	14	85	11	86	9	86	8	85	8	84	9	83	11	83	14	84	18	86	23	89	29	92	36	94	44	95	52	95	61	96	69	98	76	100	82	101	87	101	91	100	94	98	96	97	97	95	97	92	96	88	94	83	91	77	87	71	83	64	79	56	76	47	74	39	73	32	73	26	73	20	74	15	75	11	76	8	77	6	77	5	76	5	74	6	71	8	68	11	64	15	61	20	58	25	56	30	54	36	51	42	49	47	48	51	48	54	49	56	50	57	50	57	
62:
46	1.239	94	91	93	90	91	89	88	87	84	84	80	80	77	75	75	69	74	62	74	54	75	46	75	37	74	29	73	22	71	16	68	11	64	6	60	2	55	-1	49	-3	42	-4	36	-5	31	-5	26	-4	22	-2	19	1	17	5	16	10	16	15	17	21	19	28	22	34	26	39	31	43	37	46	44	50	51	54	58	59	66	64	73	70	79	76	84	81	88	85	91	88	93	90	94	91	94	91	
63:
58	4.435	58	95	58	94	57	92	57	89	57	85	58	81	60	77	63	72	67	68	72	65	78	62	84	58	89	53	93	49	96	45	98	41	99	37	99	34	98	30	96	26	93	23	89	21	84	20	78	20	72	21	65	23	57	26	48	30	39	35	31	41	24	47	18	52	13	56	8	59	4	61	1	62	-1	62	-2	61	-2	59	-1	56	1	53	4	51	8	50	13	49	19	49	26	50	34	52	41	55	47	59	52	64	56	69	59	74	61	80	62	85	62	89	61	92	59	94	58	95	58	95	
64:
52	8.112	88	40	87	41	85	42	82	44	78	47	73	51	67	56	60	62	52	68	43	73	35	77	28	80	22	82	16	83	11	83	7	83	4	83	2	84	1	86	1	89	2	93	4	97	7	100	11	103	16	105	22	107	29	108	36	108	44	107	53	105	63	102	72	98	80	93	87	87	93	80	98	72	102	64	105	56	107	49	108	43	108	38	107	34	105	31	102	29	98	28	94	28	91	29	89	31	88	34	87	37	87	39	88	40	88	40	
65:
45	0.247	38	40	39	39	41	37	43	36	45	35	46	35	46	36	47	38	49	41	51	45	53	50	56	56	60	63	65	71	69	78	72	84	74	89	75	93	75	96	74	98	72	99	69	99	65	98	60	96	54	93	47	89	41	85	36	82	30	79	25	77	21	76	18	76	16	76	14	76	13	75	13	73	14	70	16	66	19	61	23	55	28	50	32	46	35	43	37	41	38	40	38	40	
66:
44	1.352	81	90	80	89	78	87	75	84	71	80	66	75	60	69	53	63	45	58	38	54	31	50	24	47	18	45	13	43	9	42	6	40	4	37	3	34	3	30	4	26	6	23	9	20	13	18	18	17	24	17	31	18	39	19	48	21	56	23	63	26	69	30	74	35	78	41	81	48	83	55	86	61	88	66	89	70	89	75	88	80	86	84	84	87	82	89	81	90	81	90	
67:
48	0.15	25	37	24	36	22	36	19	37	15	39	12	42	10	46	8	50	7	54	7	59	8	63	10	66	13	68	17	69	22	69	28	68	35	66	43	63	51	59	58	54	64	48	69	41	74	34	78	28	81	23	83	19	84	16	84	14	84	13	84	13	83	14	81	16	79	19	77	23	75	28	72	34	68	39	64	43	59	46	54	48	48	49	42	49	37	48	33	46	30	43	28	40	26	38	25	37	25	37	
68:
54	12.438	8	83	8	82	7	80	6	77	6	73	7	68	9	63	12	59	15	56	19	54	24	53	30	53	35	53	39	52	42	50	44	47	45	43	45	38	44	32	43	26	43	20	44	15	46	11	49	8	53	6	58	5	64	5	71	6	77	7	83	9	88	12	92	16	95	21	97	27	98	34	98	41	97	49	95	56	92	62	88	67	83	71	77	74	70	76	62	78	53	80	44	82	36	83	29	83	23	82	18	81	14	81	11	81	9	82	8	83	8	83	
69:
47	1.433	62	84	61	85	59	86	56	87	52	87	49	86	45	84	40	81	34	77	29	72	25	66	22	59	19	51	17	42	16	34	16	27	17	21	19	16	22	11	26	7	31	4	37	2	43	1	49	1	54	2	58	4	61	7	63	11	64	16	64	21	63	27	61	33	58	38	54	42	51	47	48	51	46	54	45	58	45	61	46	64	48	67	51	71	53	74	56	78	59	81	61	83	62	84	62	84	
70:
58	11.763	71	30	72	29	73	27	73	24	72	20	70	15	67	11	63	7	59	3	54	0	48	-2	42	-4	37	-5	32	-5	28	-5	25	-4	23	-2	22	0	22	3	23	5	25	8	28	12	32	16	37	21	43	27	50	34	56	42	61	51	65	60	68	68	70	75	71	81	71	86	71	90	70	93	68	95	65	96	61	96	56	95	51	93	46	90	42	86	39	81	37	75	36	68	35	61	35	55	36	48	38	42	41	37	45	33	50	30	56	28	61	27	65	27	68	28	70	29	71	30	71	30	
71:
56	8.533	16	11	17	12	19	14	22	17	25	21	27	26	29	32	30	39	32	47	34	56	35	64	35	71	34	77	32	82	29	86	25	89	21	91	17	92	14	92	11	91	8	89	6	86	5	82	5	78	6	73	8	69	11	66	15	64	20	62	26	61	33	60	41	58	49	57	56	56	62	56	67	57	71	58	74	59	76	60	77	61	77	61	76	61	74	60	71	58	67	55	62	51	57	46	51	41	44	35	37	29	31	24	26	20	22	17	19	14	17	12	16	11	16	11	
72:
51	0.685	52	46	51	47	49	49	47	52	46	56	46	61	47	67	49	74	51	80	54	85	58	89	61	93	63	96	64	98	64	99	63	99	61	99	58	98	54	97	49	97	43	98	37	98	30	97	24	96	19	95	14	93	10	90	7	87	5	83	4	78	4	72	5	65	7	57	10	50	14	43	19	37	25	32	32	28	39	25	45	23	50	22	54	22	57	23	59	25	60	28	60	32	59	36	57	40	55	43	53	45	52	46	52	46	
73:
50	1.697	34	26	33	27	33	29	34	32	36	36	39	41	43	47	46	54	48	60	49	66	51	73	53	79	56	84	60	88	63	91	65	93	66	94	68	94	71	93	75	91	80	88	85	84	89	79	92	73	94	68	95	64	95	60	94	57	92	55	89	54	86	54	83	55	79	57	74	59	68	60	61	60	55	59	50	57	46	54	43	50	41	45	40	39	40	34	41	30	41	27	40	25	39	24	37	24	35	25	34	26	34	26	
74:
52	3.987	41	92	42	93	44	95	47	97	51	98	56	98	62	98	67	97	72	95	76	92	79	88	81	83	82	77	82	70	81	62	79	54	76	47	72	41	68	36	63	32	57	29	51	27	44	26	38	26	32	27	27	29	22	32	18	36	15	41	12	47	10	52	9	56	9	60	10	63	12	65	15	66	19	66	24	66	28	65	33	63	38	62	42	62	45	63	47	65	48	68	48	72	47	77	45	82	43	86	42	89	41	91	41	92	41	92	
75:
49	5.02	16	96	17	95	19	95	22	94	25	92	29	89	34	85	40	80	46	74	53	67	59	59	64	51	70	43	75	35	80	28	84	22	87	17	89	13	90	10	90	8	89	7	87	7	84	7	80	8	75	9	69	9	62	8	54	7	45	6	37	6	29	6	22	7	15	9	9	12	4	16	0	21	-3	27	-5	34	-6	42	-6	51	-5	60	-3	68	-1	75	2	81	6	86	10	90	13	93	15	95	16	96	16	96	
76:
53	0.278	49	16	50	15	51	14	52	12	53	9	55	7	57	6	60	6	62	7	63	9	63	12	62	16	60	21	57	27	53	34	48	41	44	47	41	52	38	56	35	59	32	61	30	62	29	63	29	65	30	67	32	70	35	74	39	79	44	85	50	90	57	94	65	97	72	99	78	100	83	100	87	99	90	97	92	94	93	90	93	85	92	79	90	72	87	64	83	57	78	50	73	44	68	37	64	31	59	26	55	22	52	19	50	17	49	16	49	16	
77:
47	9.066	97	13	96	14	94	16	91	19	87	22	82	26	78	31	74	37	70	44	67	52	65	61	64	69	64	76	65	82	67	87	69	91	71	94	72	96	72	97	71	97	69	96	66	94	62	91	59	87	57	82	56	76	55	69	55	61	56	54	58	47	61	41	65	36	69	32	73	28	76	24	78	19	79	15	79	11	79	8	80	6	82	5	85	5	89	6	92	8	94	10	96	12	97	13	97	13	
78:
58	1.252	20	47	21	46	23	44	25	41	28	38	32	34	37	29	43	24	49	19	56	15	62	12	67	10	71	9	74	9	76	10	77	12	77	15	76	19	74	24	71	30	68	37	66	45	63	54	59	63	54	71	50	78	47	84	44	89	41	93	39	96	36	98	32	99	28	99	25	98	23	96	20	93	16	89	13	84	11	78	10	71	10	64	11	57	12	51	14	45	16	40	19	36	23	33	26	31	28	30	29	30	29	31	28	33	26	36	25	40	23	43	21	45	20	46	20	47	20	47	
79:
59	19.439	16	0	15	1	14	3	12	6	9	10	5	15	0	21	-4	28	-7	35	-9	43	-10	52	-10	60	-9	67	-7	73	-4	78	0	82	5	85	11	87	18	88	26	89	35	90	43	92	50	94	56	96	61	97	65	97	68	96	70	94	71	91	71	87	70	83	70	78	70	72	71	65	73	57	76	49	80	42	84	36	87	29	89	23	90	17	90	12	89	8	87	3	84	-1	80	-4	75	-6	70	-7	64	-7	57	-6	50	-4	44	-3	37	-3	31	-3	26	-3	22	-3	19	-2	17	-1	16	0	16	0	
80:
48	1.561	76	28	75	29	73	31	70	34	66	36	61	37	56	37	50	36	43	34	36	32	30	30	25	29	21	29	17	30	14	32	12	34	11	37	11	41	12	46	14	52	17	59	21	67	26	74	32	80	37	85	42	89	47	92	53	94	60	95	68	95	75	94	81	92	86	89	91	85	95	80	98	74	100	67	101	60	101	54	100	48	98	43	95	38	91	34	86	31	82	29	79	28	77	28	76	28	76	28	
81:
46	0.287	32	0	33	1	35	3	37	6	39	10	42	15	44	21	45	28	47	36	49	45	52	53	54	61	55	70	57	78	58	85	58	91	57	96	55	100	52	103	48	105	44	106	40	106	36	105	32	103	29	100	27	96	26	91	26	85	27	78	29	70	32	63	34	57	35	52	35	48	34	45	33	42	31	38	28	33	26	27	25	21	25	15	26	10	28	6	30	3	31	1	32	0	32	0	
82:
44	1.423	59	22	60	23	61	24	62	26	62	29	61	33	59	38	56	44	52	51	48	59	43	68	39	76	36	83	34	89	33	94	33	98	34	101	36	103	39	104	43	104	48	103	53	101	59	98	65	94	70	89	74	84	77	78	79	71	80	65	82	60	85	56	87	51	88	46	88	42	87	39	85	37	82	35	78	34	73	33	69	31	65	28	62	25	60	23	59	22	59	22	
83:
46	0.172	36	25	37	26	39	27	40	29	40	32	41	36	43	41	46	47	50	54	55	61	61	68	67	74	73	79	79	84	84	89	88	93	91	96	93	98	94	99	94	99	93	98	91	96	88	93	84	89	79	84	74	78	70	71	67	63	65	54	64	45	64	37	65	30	66	24	67	19	67	15	66	12	64	10	61	9	57	9	52	10	48	12	44	15	41	19	39	22	37	24	36	25	36	25	
84:
53	1.069	47	19	48	20	50	22	53	24	55	25	56	27	56	30	55	34	53	39	50	45	47	51	45	58	44	64	44	69	45	73	47	76	50	78	54	79	59	79	65	80	70	82	74	84	77	87	79	91	80	96	80	102	79	107	77	111	74	114	70	116	65	117	59	117	52	116	45	114	39	111	34	107	30	102	27	97	25	92	24	86	24	80	25	73	27	66	30	59	34	53	37	46	41	40	44	34	46	29	47	25	47	22	47	20	47	19	47	19	
85:
57	35.303	0	68	-1	67	-2	65	-2	62	-1	58	1	53	4	48	8	42	13	35	19	27	26	20	32	14	39	9	47	5	55	2	64	0	72	-1	79	-1	85	0	90	2	94	5	97	9	99	14	100	20	100	27	99	34	97	42	94	51	91	60	88	68	86	75	85	81	85	86	85	90	86	93	87	95	88	96	89	96	89	95	88	93	86	90	83	86	79	81	74	75	68	70	61	66	53	63	45	61	36	60	28	60	21	61	15	63	10	66	6	68	3	69	1	69	0	68	0	68	
86:
44	0.724	55	13	56	13	58	14	61	15	65	17	70	19	75	22	81	26	86	31	90	37	93	44	95	52	96	60	96	67	95	73	93	78	90	82	86	85	81	87	75	88	68	88	61	89	54	91	48	93	43	94	39	94	35	93	32	91	30	88	29	84	29	79	29	73	30	66	32	58	35	51	39	45	44	39	48	33	51	28	53	23	54	19	54	16	54	14	55	13	55	13	
87:
48	2.574	10	49	11	50	13	52	16	54	20	57	25	61	30	64	36	66	41	67	47	67	52	66	56	66	59	65	61	63	62	60	64	58	67	56	71	55	76	53	80	50	83	48	85	45	86	41	86	36	85	31	83	27	80	23	76	20	71	16	65	11	58	7	51	4	45	2	39	1	32	1	25	2	19	4	14	7	10	11	7	16	5	22	4	28	4	34	4	39	5	43	7	46	9	48	10	49	10	49	
88:
47	1.455	95	87	94	86	92	86	90	86	87	85	83	83	78	82	72	80	65	77	57	73	48	68	40	63	33	57	27	51	22	46	18	41	15	37	13	32	12	26	12	19	13	13	15	8	18	3	22	-1	27	-4	33	-6	40	-7	48	-7	56	-6	65	-4	73	-1	80	3	86	7	91	12	95	18	98	25	100	33	101	42	101	51	100	59	98	66	96	72	94	77	93	81	93	84	94	86	95	87	95	87	
89:
44	0.159	67	46	68	45	70	43	73	40	77	36	81	32	86	29	90	25	93	20	95	15	96	11	96	8	95	6	93	5	90	4	86	4	82	4	77	5	72	7	67	10	61	14	56	19	52	25	47	32	41	40	36	48	32	55	29	61	27	66	26	70	26	73	27	75	28	76	30	76	33	75	37	73	41	70	46	66	52	61	57	56	61	52	64	49	66	47	67	46	67	46	
90:
44	0.39	1	31	2	32	4	34	5	37	5	41	6	46	7	52	9	59	11	67	14	74	18	80	23	85	28	89	33	93	39	96	45	98	52	99	59	99	66	98	72	96	77	93	81	90	84	88	86	85	87	81	87	76	86	70	84	63	81	56	77	50	72	45	66	40	59	36	51	32	44	29	36	27	29	26	22	25	16	25	11	26	7	27	4	29	2	30	1	31	1	31	
91:
51	3.496	36	6	37	5	39	4	42	4	46	4	51	5	57	7	64	10	71	13	77	17	82	21	86	25	89	30	91	36	92	42	92	48	91	53	89	57	86	60	82	62	77	63	71	63	64	62	56	60	47	59	38	59	30	60	23	62	17	65	12	68	8	70	5	71	3	72	2	72	2	71	3	69	5	67	8	64	12	60	17	55	23	49	28	44	32	38	35	31	37	25	38	20	38	16	37	12	36	9	36	7	36	6	36	6	
92:
54	2.489	71	52	70	53	68	55	65	58	62	62	60	67	59	71	59	74	60	76	62	77	65	77	68	76	72	74	77	71	81	67	86	62	91	56	95	49	98	41	100	33	102	26	103	20	104	15	104	11	103	8	101	6	99	5	98	5	96	6	93	8	89	11	84	15	78	18	73	20	67	22	60	24	54	25	49	25	45	24	42	23	40	23	39	24	39	26	40	29	42	33	45	36	49	39	54	43	58	46	62	48	65	50	68	51	70	51	71	52	71	52	
93:
42	0.439	94	52	93	53	91	55	88	58	84	61	79	64	74	66	68	67	63	68	59	68	56	67	53	65	49	63	44	60	38	57	31	53	25	48	20	42	16	35	13	28	11	22	10	17	10	13	11	9	13	6	16	4	20	3	25	3	31	4	38	6	46	9	54	13	61	18	67	22	73	27	79	33	84	38	88	42	91	46	93	49	94	51	94	52	94	52	
94:
50	4.049	50	67	51	66	52	64	53	61	55	57	58	52	61	46	63	39	65	31	66	24	68	18	69	13	70	8	70	4	69	0	67	-4	64	-7	60	-9	55	-10	49	-11	42	-13	35	-15	27	-17	20	-18	14	-18	9	-17	5	-15	2	-12	0	-9	-1	-5	-1	0	0	4	2	8	3	12	3	17	2	23	2	30	3	37	5	43	8	48	12	53	17	58	23	62	29	65	35	67	40	68	44	68	47	68	49	67	50	67	50	67	
95:
47	1.533	99	23	98	24	96	26	95	29	94	33	92	38	89	44	87	51	84	58	80	64	76	69	72	73	67	76	61	78	54	79	47	79	41	78	35	76	30	73	25	69	21	64	18	58	16	51	15	43	15	35	16	28	18	22	21	17	25	12	30	8	35	5	41	3	48	2	55	2	62	3	68	5	73	8	77	12	81	17	84	21	86	24	88	26	90	27	93	27	96	26	98	24	99	23	99	23	
96:
51	3.986	94	1	94	2	94	4	95	7	96	11	96	16	95	20	93	23	90	26	86	28	81	29	76	29	70	29	64	30	58	32	53	35	49	39	45	42	42	44	39	45	35	45	30	44	26	42	22	39	19	36	17	32	15	27	14	21	14	16	15	12	16	9	17	7	18	6	18	6	19	7	21	9	24	12	28	15	33	18	39	20	46	21	54	21	62	21	69	20	75	18	80	15	84	11	88	7	91	4	93	2	94	1	94	1	
97:
63	2.96	83	44	83	43	83	41	82	38	80	34	77	29	73	23	69	18	66	14	63	10	61	7	60	5	60	4	61	4	63	5	65	7	67	10	70	14	72	19	75	25	77	32	80	40	83	47	86	54	88	62	89	69	89	75	88	80	86	84	83	87	79	89	74	90	68	90	62	89	55	87	48	84	40	80	32	76	25	71	19	65	14	60	10	56	7	53	5	51	4	50	4	50	5	51	7	52	10	54	14	57	19	60	25	62	32	63	40	63	48	63	55	62	62	60	68	57	73	54	77	50	80	47	82	45	83	44	83	44	
98:
40	1.195	81	39	80	38	78	36	75	35	71	34	66	34	60	35	54	37	49	40	45	44	41	49	37	54	32	58	26	61	20	63	15	64	11	64	8	63	6	61	5	58	4	54	4	49	4	43	5	37	7	32	10	27	14	23	19	20	25	18	32	17	39	17	46	18	53	20	60	22	66	25	71	29	75	33	78	36	80	38	81	39	81	39	
99:
54	3.636	40	88	41	87	43	85	45	82	48	78	52	74	56	69	59	63	61	56	62	49	62	42	61	36	59	31	57	27	56	24	56	22	57	21	59	21	62	22	66	24	71	27	77	30	82	32	86	33	89	34	91	34	92	34	92	33	91	33	89	33	86	33	84	34	83	36	83	39	84	42	86	45	89	49	91	54	92	60	92	67	91	74	89	80	86	85	82	89	77	92	71	94	64	95	58	95	53	94	49	92	46	90	43	89	41	88	40	88	40	88	