0:
56	0.442	53	86	52	85	50	84	47	82	45	79	42	76	40	74	39	71	39	68	40	65	42	61	45	56	49	51	54	47	60	44	67	42	75	41	84	41	94	41	103	42	113	44	123	47	132	50	140	54	147	59	153	65	158	72	162	80	165	89	167	98	168	107	168	115	167	122	165	128	162	134	158	139	153	143	147	146	141	148	135	149	130	149	126	148	121	146	115	143	108	139	100	134	91	128	83	121	76	114	70	107	65	101	61	96	58	92	56	89	54	87	53	86	53	86	
1:
68	5.492	48	8	47	8	45	9	42	10	38	12	33	15	29	19	24	24	18	30	13	37	9	45	6	54	4	64	3	74	3	84	4	94	6	104	9	113	13	121	18	128	24	134	31	139	37	143	44	146	52	148	61	150	71	151	81	151	90	150	99	148	107	145	114	141	120	136	125	130	129	123	132	115	134	106	135	96	135	85	134	75	132	65	129	56	126	48	124	41	123	34	123	28	124	23	126	19	128	14	129	10	129	5	128	0	126	-4	123	-7	119	-9	114	-10	108	-10	101	-9	93	-7	84	-4	76	0	69	4	63	7	58	9	54	10	51	10	49	9	48	8	48	8	
2:
65	11.499	67	16	68	17	70	17	73	18	77	18	82	17	88	15	95	13	103	12	112	12	120	11	128	11	135	12	141	14	146	17	150	21	153	26	155	32	156	39	156	47	155	56	153	65	150	75	146	86	141	96	135	105	128	113	121	120	113	126	104	131	96	135	87	138	77	140	68	141	60	141	53	140	47	138	42	135	38	131	35	126	32	120	28	113	25	105	21	97	16	90	12	83	9	76	7	69	6	62	6	56	7	51	9	47	12	44	16	42	21	40	27	37	33	35	40	33	46	31	52	29	57	26	61	22	64	19	66	17	67	16	67	16	
3:
63	3.134	58	6	57	5	55	4	52	3	48	2	43	2	37	3	30	5	24	8	19	12	15	17	12	23	10	30	9	38	8	47	8	56	9	64	11	71	14	77	18	82	23	86	29	89	36	91	44	92	53	92	63	91	73	89	84	86	94	82	103	78	111	74	118	69	124	63	129	56	133	48	136	40	138	33	139	27	139	22	139	18	138	15	136	13	134	12	131	12	129	13	128	15	128	18	127	22	125	26	122	29	118	31	113	32	107	32	101	31	94	29	86	26	79	22	73	18	68	14	64	11	61	9	59	7	58	6	58	6	
4:
62	3.72	109	64	108	65	107	67	106	70	106	73	107	77	109	82	111	88	112	95	112	101	111	106	109	110	108	113	106	115	104	116	102	116	101	115	99	113	96	110	92	106	87	101	81	95	74	88	66	82	57	76	48	71	40	67	33	64	27	61	22	59	18	57	15	54	13	50	12	45	12	39	13	33	15	27	18	22	22	18	27	15	33	13	40	12	48	12	56	13	65	13	75	12	84	12	92	13	99	14	105	16	110	19	114	23	117	28	119	34	120	41	120	47	119	52	117	56	114	59	112	61	110	63	109	64	109	64	
5:
80	45.594	61	91	60	92	59	94	59	97	59	101	60	106	62	112	65	119	69	127	74	134	80	140	87	145	95	149	104	152	114	154	123	155	131	155	138	154	144	152	149	149	153	147	156	146	158	146	159	147	159	149	158	152	156	155	153	159	149	162	144	166	138	169	131	171	123	172	114	172	105	172	95	171	85	170	74	168	62	165	51	161	41	156	32	150	24	143	17	135	10	126	4	116	-1	105	-5	93	-8	80	-11	68	-13	57	-14	47	-14	38	-13	30	-11	23	-8	17	-4	12	-1	8	1	5	2	3	2	2	1	2	0	3	0	5	1	8	3	12	6	17	10	23	15	30	21	38	28	46	34	55	40	63	45	70	50	76	54	81	57	85	59	88	60	90	61	91	61	91	
6:
63	35.303	61	14	60	15	58	17	56	20	55	24	54	29	54	35	55	42	57	50	60	58	64	67	69	76	75	84	82	91	88	97	95	104	102	112	108	120	113	127	117	133	120	138	122	142	123	145	123	147	122	148	120	148	117	147	113	145	108	142	102	138	95	134	87	129	78	123	70	118	61	114	53	111	46	108	40	106	35	105	31	104	28	103	26	103	25	104	25	104	26	103	28	102	31	100	35	97	38	93	40	88	41	82	42	75	43	67	45	58	48	50	50	42	53	35	55	29	58	24	60	20	61	17	61	15	61	14	61	14	
7:
70	9.476	58	53	59	54	61	56	64	59	68	63	72	68	75	74	77	81	79	88	80	96	82	105	84	113	85	120	86	127	87	133	87	138	88	142	90	145	93	147	97	148	101	148	106	147	112	145	119	142	126	138	132	133	139	127	145	120	150	112	154	103	157	93	159	82	160	70	160	58	159	47	157	36	154	26	150	17	145	9	139	2	132	-4	124	-9	115	-13	105	-16	94	-18	82	-19	71	-19	61	-18	52	-16	44	-13	37	-9	31	-4	26	2	22	9	19	16	17	24	16	32	16	39	17	45	19	50	22	54	26	57	31	59	37	60	43	60	48	59	52	58	55	56	57	54	58	53	58	53	
8:
51	7.31	94	94	95	95	97	97	98	99	99	102	100	105	100	107	99	108	97	108	94	107	90	105	85	102	79	98	72	93	64	87	57	80	51	74	46	67	40	61	35	56	29	52	24	49	20	47	17	44	15	41	14	37	14	32	15	28	17	25	20	23	24	22	29	22	35	23	42	25	49	28	56	31	64	34	71	38	78	42	84	46	89	50	93	55	96	61	98	67	99	73	99	79	98	84	96	88	95	91	94	93	94	94	94	94	
9:
67	2.404	151	28	151	27	150	25	149	22	147	18	144	13	140	9	135	6	129	4	122	2	114	1	105	1	95	2	84	3	74	5	65	8	57	12	50	17	44	23	39	30	35	38	32	47	30	57	29	68	29	79	29	89	30	98	32	107	35	115	39	122	44	128	49	133	55	137	62	140	70	142	79	143	87	143	94	143	100	142	105	140	109	137	112	133	114	128	115	123	115	118	114	114	112	111	109	108	105	106	102	103	100	99	99	94	99	88	100	81	102	75	105	68	109	61	114	55	119	49	125	44	131	40	136	37	141	35	145	33	148	31	150	29	151	28	151	28	
10:
53	1.184	61	110	62	111	63	113	65	116	67	120	70	125	73	129	75	134	76	138	76	141	75	143	73	144	70	144	66	143	61	141	55	138	48	134	40	129	33	123	27	117	22	111	17	104	13	96	10	89	8	83	7	77	7	72	8	67	10	63	13	60	17	56	22	52	27	49	33	47	40	46	48	46	55	46	61	46	66	47	70	49	73	52	75	56	76	61	76	67	75	74	73	82	70	89	66	95	63	100	61	104	60	107	60	109	61	110	61	110	
11:
63	4.236	152	51	153	52	155	54	156	57	156	61	157	66	157	72	156	79	154	87	151	96	147	104	142	112	136	120	129	127	121	133	112	138	102	142	91	145	81	147	72	148	64	148	57	147	51	145	46	143	42	140	39	136	37	131	35	125	34	118	34	110	34	101	35	91	37	80	38	68	38	57	37	47	35	38	32	30	30	23	29	17	29	12	30	8	32	5	35	2	39	0	43	-1	48	-1	54	0	61	2	69	5	78	7	88	10	97	14	107	18	116	23	124	27	131	31	137	36	142	41	146	45	149	48	151	50	152	51	152	51	
12:
66	2.725	137	53	136	54	134	56	131	59	127	61	124	62	122	62	120	61	119	59	119	56	120	52	122	47	123	41	123	34	123	26	122	18	120	11	117	5	113	0	108	-4	102	-7	95	-10	87	-12	78	-13	68	-13	58	-13	49	-12	41	-10	34	-7	28	-3	23	2	19	8	16	15	14	23	13	32	13	42	14	53	16	63	19	72	23	80	28	87	34	93	41	98	48	102	55	107	63	111	72	114	81	116	91	117	101	117	110	116	118	114	125	111	131	107	136	102	140	96	143	89	145	83	146	77	146	72	145	68	143	63	141	59	139	56	138	54	137	53	137	53	
13:
59	2.951	136	55	137	54	138	52	138	49	137	45	135	40	132	34	130	27	127	21	123	16	118	11	112	7	105	4	97	2	89	1	82	1	76	2	71	4	67	7	64	11	62	16	61	22	61	29	62	37	64	46	67	55	70	65	73	76	76	87	80	97	85	106	91	114	97	121	102	127	106	132	109	136	112	139	114	141	115	142	115	142	114	141	112	139	109	136	107	132	105	127	104	121	104	114	105	106	107	98	110	91	112	85	115	80	118	75	122	70	126	65	130	61	133	58	135	56	136	55	136	55	
14:
76	2.505	19	4	20	3	22	3	25	4	29	5	34	5	40	6	47	8	55	11	63	15	72	18	82	22	93	27	104	31	114	34	123	36	131	37	138	37	144	36	149	34	153	32	156	31	158	29	159	28	159	27	158	27	156	27	153	28	149	30	144	33	138	36	133	40	127	43	122	46	118	50	115	54	113	59	112	64	112	70	113	77	115	85	118	92	122	98	127	103	133	107	138	110	142	112	145	115	147	118	148	120	148	121	147	122	145	122	142	123	138	123	133	122	127	120	120	117	113	113	106	108	100	102	93	95	85	87	76	78	66	68	57	58	49	49	42	40	36	32	31	25	27	19	24	14	22	10	20	7	19	5	19	4	19	4	
15:
75	39.243	79	125	78	124	77	122	75	119	73	115	70	110	66	106	61	103	55	101	48	100	40	100	32	101	25	102	19	102	13	101	8	99	4	96	1	92	-1	87	-2	81	-2	74	-1	66	1	57	4	48	8	39	13	31	19	24	26	18	34	13	43	9	53	6	64	4	76	3	88	3	99	4	109	6	118	9	126	13	133	18	139	24	144	31	148	39	151	48	153	58	154	69	156	81	158	93	159	104	159	114	158	123	156	131	154	138	152	144	151	149	150	153	148	156	147	158	146	159	144	159	143	158	141	156	138	153	135	149	131	144	126	138	120	133	113	129	106	126	100	124	94	123	89	123	85	123	82	124	80	125	79	125	79	125	
16:
76	133.017	15	39	16	40	18	42	21	45	25	49	30	54	36	60	42	67	48	75	53	84	57	94	60	103	62	112	63	120	64	127	64	133	63	138	61	142	58	145	56	147	55	148	53	148	52	147	52	145	53	142	55	138	58	133	61	127	65	120	70	112	76	104	83	97	91	89	100	82	108	76	115	71	121	66	126	62	130	59	133	57	135	55	136	54	136	52	135	51	133	50	130	48	126	47	121	47	115	46	108	44	101	41	93	37	84	33	75	30	67	26	59	22	52	19	46	15	41	10	37	6	34	3	32	1	31	0	31	0	31	1	32	3	33	6	33	9	32	13	30	18	27	24	23	29	20	33	18	36	16	38	15	39	15	39	
17:
64	20.838	122	55	121	54	119	52	116	49	112	46	107	43	101	41	94	40	86	40	77	41	67	43	57	46	47	50	38	55	30	61	23	68	17	76	12	84	8	92	5	99	3	105	2	110	2	114	2	117	3	120	5	122	8	123	12	123	17	122	23	120	30	117	38	113	47	108	57	102	68	95	79	87	90	79	100	72	109	66	117	61	124	57	130	54	136	52	142	49	147	45	151	40	154	34	156	29	157	25	157	22	157	20	157	19	156	19	154	20	151	22	147	25	142	29	137	34	132	40	128	45	125	49	123	52	122	54	122	55	122	55	
18:
67	51.578	146	35	145	34	143	32	140	30	136	27	131	23	125	18	118	12	110	7	101	2	92	-2	83	-5	73	-7	64	-8	55	-8	47	-7	40	-6	34	-4	29	-1	25	3	22	8	20	14	19	21	19	29	20	37	22	44	25	50	29	55	34	59	40	62	46	64	53	65	61	67	70	69	79	72	87	76	94	81	100	87	105	93	109	100	112	107	114	113	115	118	115	122	115	125	115	127	116	128	116	128	115	127	114	125	114	122	115	118	117	113	119	107	122	101	124	94	125	86	125	77	126	69	128	62	131	56	133	50	136	45	140	41	143	38	145	36	146	35	146	35	
19:
62	11.505	119	143	118	144	116	144	113	144	109	144	104	143	99	141	93	138	86	134	78	131	69	127	60	122	52	116	45	109	39	101	34	92	30	82	27	72	25	61	24	49	24	37	25	26	27	16	30	7	34	-1	39	-8	45	-14	52	-19	60	-23	69	-26	79	-28	89	-29	100	-29	110	-28	119	-26	127	-24	134	-21	141	-17	147	-12	152	-6	156	1	159	9	161	18	162	27	162	37	161	48	159	59	158	71	158	82	157	92	155	101	152	109	149	116	146	122	143	127	139	132	134	136	129	139	125	141	122	142	120	142	119	143	119	143	
20:
71	46.182	114	152	113	153	111	155	108	158	104	162	99	167	93	171	86	174	78	176	69	177	61	177	53	176	46	175	40	173	35	172	31	170	28	167	26	163	25	158	25	154	26	151	28	147	31	143	35	138	40	133	46	127	53	121	60	114	67	106	73	97	78	87	82	76	85	66	87	57	88	49	88	42	87	36	87	31	87	27	88	24	88	22	88	21	89	21	91	22	92	24	93	27	95	31	98	36	101	42	104	48	107	55	110	61	114	66	118	70	123	73	128	75	132	78	135	82	137	87	138	93	139	100	139	108	138	116	136	124	133	131	129	137	124	142	120	146	117	149	115	151	114	152	114	152	
21:
70	2.685	22	72	21	73	19	75	16	78	13	81	11	85	10	90	10	96	10	103	11	109	13	114	16	118	20	121	24	124	29	126	33	127	36	127	39	126	41	124	42	121	43	118	45	116	48	115	52	115	56	116	61	118	67	121	74	125	82	129	91	132	101	134	111	135	121	135	130	134	138	132	145	129	151	125	156	120	160	114	163	107	165	99	166	90	166	80	165	69	163	59	160	50	156	42	151	35	145	29	138	24	130	20	121	17	111	15	100	14	89	14	78	15	68	17	59	20	51	23	44	27	38	32	33	38	29	45	26	51	24	57	22	62	21	66	21	69	22	71	22	72	22	72	
22:
71	2.298	106	127	105	128	103	130	100	133	96	137	91	140	85	142	78	143	70	143	62	142	53	140	44	137	36	133	29	130	23	126	18	121	14	115	11	108	9	100	8	91	8	81	9	70	11	60	14	51	18	43	23	35	29	28	36	22	44	17	53	13	63	10	73	8	82	7	90	7	97	8	103	10	108	13	112	17	115	21	117	26	118	32	118	37	117	41	115	44	112	46	108	47	103	47	98	46	92	45	85	45	78	46	72	48	67	51	63	55	60	60	58	66	57	73	57	81	58	88	60	95	63	101	67	106	72	110	78	113	85	117	91	121	96	124	100	126	103	127	105	127	106	127	106	127	
23:
55	12.806	10	130	11	131	13	133	16	136	20	140	25	144	31	149	38	154	46	158	55	161	65	164	75	166	86	167	96	167	105	166	113	164	120	161	126	157	131	152	135	146	138	139	140	131	141	123	141	116	140	110	138	105	135	99	133	94	132	90	131	86	130	83	128	81	125	80	121	80	118	81	114	83	109	86	104	90	98	95	91	101	83	106	75	110	68	113	62	115	55	116	47	116	39	115	32	115	26	116	21	118	17	121	14	124	12	127	11	129	10	130	10	130	
24:
76	47.213	84	76	85	75	87	73	90	70	94	66	99	61	105	55	112	50	120	44	127	37	133	29	138	22	143	16	148	11	153	7	159	4	166	2	173	1	179	1	184	2	188	4	193	7	198	11	202	16	205	22	207	29	208	37	210	46	211	56	211	67	210	78	208	89	205	99	201	108	196	116	190	123	183	129	175	134	166	138	156	141	145	143	133	144	120	144	108	143	97	141	87	138	78	134	70	129	62	123	55	116	48	109	40	103	33	98	27	94	22	91	18	87	15	84	13	82	12	79	12	76	13	73	15	71	18	70	22	70	27	71	33	71	40	71	48	72	56	74	63	76	69	78	74	79	78	79	81	78	83	77	84	76	84	76	
25:
75	4.834	71	86	70	85	69	83	67	80	64	76	60	71	55	65	49	58	42	51	35	45	29	40	24	36	20	33	17	31	15	30	14	30	14	31	15	33	17	35	20	38	24	40	29	42	35	43	42	43	50	42	59	40	69	37	80	33	91	28	103	23	114	19	124	16	134	14	145	13	155	13	164	14	172	16	180	19	187	23	193	28	198	34	202	40	205	47	207	55	208	64	208	74	207	85	205	96	202	106	198	115	193	123	187	130	180	136	172	141	163	145	154	148	146	150	139	151	132	151	126	150	120	148	113	145	105	141	98	137	92	132	87	126	83	119	80	113	76	107	73	101	71	96	70	92	70	89	70	87	71	86	71	86	
26:
72	28.41	77	43	76	44	74	46	71	49	67	53	62	58	57	64	51	71	44	79	38	88	31	96	25	104	20	113	15	121	11	129	8	136	6	142	5	147	4	151	4	154	5	156	7	157	10	157	14	156	19	154	25	151	32	147	40	143	48	140	55	138	61	137	67	137	73	137	78	136	82	134	85	131	87	127	88	122	89	116	90	109	92	101	95	92	99	82	104	72	110	62	116	53	123	45	130	38	136	31	141	25	145	20	148	16	150	13	151	11	151	9	150	8	148	8	145	8	141	9	136	11	130	14	123	18	115	21	107	23	100	24	94	26	89	29	85	33	82	37	80	40	78	42	77	43	77	43	
27:
62	7.07	2	85	1	86	-1	88	-3	91	-6	94	-10	98	-13	103	-15	109	-16	116	-16	122	-15	127	-14	131	-12	134	-9	136	-5	137	0	137	6	136	13	134	21	131	30	127	40	122	51	116	63	111	75	105	86	99	96	94	105	90	113	87	120	85	126	84	131	84	135	85	138	87	140	90	141	94	141	99	140	103	139	106	137	110	134	113	130	115	126	116	121	116	117	115	112	113	106	110	99	106	91	101	82	96	72	92	63	88	54	85	46	83	38	81	30	80	23	80	17	80	12	80	8	81	5	82	3	84	2	85	2	85	
28:
64	15.53	85	5	84	6	82	8	79	11	75	15	71	20	67	26	64	33	62	41	61	50	60	59	60	69	61	80	63	91	66	102	70	112	75	121	81	129	88	136	96	142	105	147	114	151	122	154	129	156	135	157	140	157	144	156	148	154	151	151	153	147	154	142	154	136	153	129	151	121	148	112	144	103	139	93	134	83	129	74	125	66	121	59	118	53	116	48	115	44	115	40	116	37	118	35	121	32	124	28	126	23	127	19	127	14	126	9	124	5	121	2	117	0	112	-1	106	-1	100	0	95	2	91	4	88	5	86	5	85	5	85	5	
29:
74	20.86	20	43	21	42	23	40	26	37	30	35	34	34	37	34	41	34	44	35	46	37	47	40	47	43	46	47	44	52	41	58	37	65	32	73	26	81	20	90	15	100	11	111	7	122	4	132	2	141	1	149	1	156	2	162	4	167	7	171	11	174	16	176	22	177	29	178	36	178	44	177	53	175	63	172	74	168	84	163	93	157	101	150	108	142	114	133	119	123	123	112	126	100	128	88	129	77	129	66	128	56	126	47	123	39	120	31	117	24	113	18	108	13	102	9	95	6	87	4	78	2	68	1	59	1	51	2	44	4	38	7	33	11	28	16	24	22	21	28	19	33	18	37	18	40	19	42	20	43	20	43	
30:
57	3.379	45	59	44	60	42	62	41	64	41	67	41	71	42	76	44	82	47	89	51	95	56	102	62	108	68	113	75	117	83	120	90	122	97	123	104	123	110	124	115	126	119	129	123	131	126	132	128	132	129	131	129	129	128	126	126	122	123	117	120	111	117	104	115	96	112	87	108	77	105	67	102	58	100	50	99	43	99	37	99	32	99	28	98	25	96	23	93	22	89	22	84	23	80	25	75	28	70	32	65	37	60	43	56	48	53	52	50	55	48	57	46	58	45	59	45	59	
31:
60	2.338	120	96	120	95	121	93	123	90	124	86	125	81	126	75	128	70	131	66	135	63	140	61	146	60	152	60	157	61	161	63	165	66	168	70	170	75	171	81	171	88	170	95	168	103	165	112	161	122	156	131	150	139	143	146	135	153	127	159	118	164	108	168	99	171	90	173	82	174	75	174	69	173	64	171	60	168	56	164	53	159	51	153	50	147	50	142	51	137	53	133	56	130	60	128	65	127	71	126	77	125	84	123	92	121	99	118	105	114	110	109	114	105	117	102	119	99	120	97	120	96	120	96	
32:
61	1.955	56	105	57	104	59	103	62	102	66	102	70	102	75	103	80	104	86	106	93	109	101	113	108	118	114	124	119	130	123	135	128	139	134	142	139	144	143	145	146	145	148	144	150	142	151	139	151	135	150	130	148	124	145	117	141	109	136	100	130	90	123	79	115	69	106	60	96	52	87	45	78	39	69	34	60	30	52	27	45	25	39	24	34	24	30	25	27	27	25	30	24	34	24	39	25	43	27	48	30	54	34	60	38	65	43	71	47	78	51	84	54	90	56	95	57	99	57	102	57	104	56	105	56	105	
33:
74	6.044	105	84	104	83	102	81	99	78	95	74	91	69	87	63	82	56	76	50	69	45	61	40	52	36	42	33	33	31	25	30	18	30	12	31	7	33	2	36	-2	40	-5	45	-7	51	-8	58	-8	66	-7	75	-5	85	-2	95	2	104	7	112	13	119	20	125	28	130	36	134	45	137	55	139	66	140	78	141	90	142	102	142	115	141	127	139	138	136	148	132	157	127	165	121	172	114	178	106	183	97	187	87	190	77	192	68	193	60	193	53	192	47	190	42	187	38	183	35	178	33	172	32	165	32	158	33	152	35	147	38	143	42	140	47	136	53	131	60	126	66	120	71	115	75	111	78	108	81	106	83	105	84	105	84	
34:
64	15.163	28	131	29	130	31	129	34	127	38	124	43	120	49	116	56	112	64	109	73	107	83	105	94	103	104	102	113	102	122	103	130	105	137	108	144	111	150	113	155	114	160	114	164	113	167	111	169	108	170	104	170	99	169	93	167	86	164	78	160	69	155	59	150	50	144	41	137	33	129	26	121	20	114	15	108	11	103	8	99	6	94	5	88	5	82	6	76	8	71	11	67	15	64	20	62	26	61	33	61	41	62	50	62	60	61	70	59	80	57	89	54	97	51	104	47	110	43	116	38	121	34	125	31	128	29	130	28	131	28	131	
35:
71	41.117	133	65	132	64	130	63	127	61	125	59	122	56	118	54	115	51	113	47	112	43	112	39	113	34	115	29	118	25	121	21	124	16	126	10	127	3	127	-3	126	-8	124	-12	121	-15	117	-17	112	-18	106	-18	100	-17	93	-15	85	-12	76	-9	66	-5	56	0	46	6	37	12	29	19	22	25	16	30	11	34	7	39	4	44	2	48	1	52	1	57	2	61	4	65	7	70	11	76	16	82	22	87	29	93	37	98	46	103	56	107	67	110	78	112	88	113	97	113	105	112	113	112	120	111	126	109	131	106	135	102	138	97	140	91	141	85	141	80	140	75	138	71	136	68	134	66	133	65	133	65	
36:
68	16.191	62	121	61	120	59	118	56	115	52	111	48	106	45	100	42	94	40	88	39	83	39	79	40	76	42	74	45	73	49	73	54	74	60	76	67	79	75	83	84	88	94	92	105	95	115	98	124	100	132	101	139	101	145	100	150	98	154	95	157	91	159	86	160	80	160	73	159	65	157	56	154	46	150	37	145	29	139	22	132	16	124	11	115	7	105	4	96	2	88	1	81	1	75	1	70	2	66	4	63	7	61	11	59	16	58	22	58	29	59	37	61	46	63	56	64	66	64	76	63	85	62	93	60	100	59	106	59	111	59	115	60	118	61	120	62	121	62	121	
37:
67	34.376	77	92	78	91	78	89	77	86	75	82	72	77	68	71	63	64	57	57	50	50	42	44	33	38	25	33	18	29	12	26	7	24	3	23	-2	23	-7	24	-12	26	-16	29	-19	33	-21	38	-22	44	-22	51	-21	59	-19	68	-16	78	-12	87	-7	95	-1	102	6	108	14	113	23	117	33	120	44	122	56	123	69	123	81	122	92	120	102	117	111	113	119	109	126	105	132	102	137	100	141	99	144	99	146	98	147	96	147	95	146	93	144	92	141	92	137	93	132	93	126	94	120	96	113	98	105	100	98	101	92	101	87	100	83	98	80	95	78	93	77	92	77	92	
38:
71	13.163	106	117	105	118	103	120	100	123	96	127	91	131	85	134	78	136	70	137	61	137	51	136	42	134	34	131	27	127	21	122	16	116	12	109	9	102	7	94	6	85	6	76	7	67	9	59	12	52	16	44	21	37	27	31	34	26	42	22	50	19	59	17	69	16	80	16	91	17	101	17	110	18	118	20	125	23	131	27	136	32	140	38	143	44	145	50	146	55	146	59	145	62	143	65	140	67	136	68	131	68	125	67	118	65	112	62	107	60	103	59	100	59	98	60	97	62	97	65	98	69	100	74	103	80	106	87	109	94	111	100	112	105	112	109	111	112	109	114	107	116	106	117	106	117	
39:
61	28.163	35	51	36	52	38	54	41	57	45	60	50	64	56	69	62	74	69	78	77	81	86	83	95	84	103	84	110	83	116	81	121	78	125	74	128	69	130	63	132	56	133	50	134	45	136	41	139	37	141	34	142	31	142	27	141	23	140	19	138	15	135	11	131	8	126	6	120	5	113	5	105	5	96	6	86	8	75	11	64	15	54	20	45	25	37	29	30	34	24	40	19	47	15	53	12	58	10	62	9	65	9	67	10	68	12	68	15	67	19	66	23	64	27	61	30	57	32	54	34	52	35	51	35	51	
40:
68	20.838	41	122	42	121	44	119	46	116	49	112	53	107	58	101	64	96	71	91	78	85	84	80	89	75	93	71	96	67	98	63	99	59	99	56	98	54	96	53	93	53	89	54	84	56	78	59	71	63	63	68	54	74	45	81	37	88	30	94	24	99	19	103	14	106	10	108	7	109	5	109	4	108	4	106	4	103	5	99	7	94	10	88	12	81	13	74	13	68	12	62	10	57	9	53	9	50	10	48	11	47	13	47	16	48	20	50	23	53	25	56	26	60	27	65	29	71	31	78	32	86	32	94	32	101	32	107	33	112	35	116	38	119	40	121	41	122	41	122	
41:
55	1.263	140	110	139	109	137	107	134	104	130	100	127	95	125	89	123	82	121	74	118	65	114	57	109	50	103	44	96	39	90	35	83	32	77	30	72	29	67	29	62	30	58	32	55	35	53	39	52	44	52	50	53	57	55	65	58	73	62	82	67	92	73	102	79	111	86	120	93	128	101	135	110	141	118	146	125	150	131	153	138	155	144	156	149	156	153	155	156	153	158	150	159	146	159	141	158	135	156	129	153	124	149	120	146	116	143	113	141	111	140	110	140	110	
42:
58	5.341	9	101	8	102	6	104	3	107	0	111	-2	116	-3	122	-3	128	-2	135	0	141	3	146	7	150	12	153	18	155	25	156	33	158	42	159	52	159	61	158	71	156	80	153	89	149	97	144	104	138	110	131	115	123	119	114	122	106	124	98	125	91	125	85	124	80	122	76	120	73	117	71	113	70	108	70	104	71	101	73	98	76	96	80	93	85	90	90	86	96	81	101	75	106	69	110	62	113	54	115	45	116	37	116	30	115	24	113	19	110	15	107	12	104	10	102	9	101	9	101	
43:
58	1.046	44	81	43	80	41	78	38	75	35	71	31	66	27	61	23	55	20	48	18	40	17	31	17	23	18	16	20	10	23	4	27	-1	32	-5	38	-8	45	-10	53	-11	62	-12	72	-12	81	-11	89	-9	96	-6	102	-2	107	3	111	9	115	16	119	24	123	33	126	43	129	54	131	65	134	75	136	84	137	92	137	99	137	105	136	110	134	114	131	117	127	119	122	120	116	120	109	119	101	117	93	114	86	110	78	105	71	99	65	94	59	90	54	87	50	84	47	82	45	81	44	81	44	81	
44:
80	7.085	153	79	152	78	150	77	147	76	143	76	138	75	132	73	127	70	121	68	116	66	112	65	109	65	107	66	106	68	106	71	107	75	109	80	112	84	116	89	121	94	127	100	132	106	137	111	141	116	144	121	146	127	147	134	147	141	146	149	144	157	141	164	137	170	132	176	126	182	119	187	111	191	102	194	93	196	84	197	74	198	63	198	53	197	44	195	35	192	27	188	20	183	14	177	9	170	5	162	2	154	0	145	-1	135	-1	124	0	112	2	101	5	91	9	82	14	74	20	67	27	61	34	56	42	52	51	49	60	45	70	42	79	40	87	39	94	39	101	40	107	42	114	45	122	49	129	53	135	58	140	64	144	69	147	73	150	76	152	78	153	79	153	79	
45:
61	4.231	46	23	47	24	49	26	52	29	56	33	61	38	67	44	73	51	80	58	88	66	97	73	105	79	112	84	118	88	123	91	127	93	130	95	132	97	133	98	133	100	132	103	130	107	127	111	123	116	118	122	112	127	105	131	97	135	88	138	78	140	69	141	61	141	54	140	48	138	43	135	39	131	36	127	34	122	33	116	33	109	33	101	34	92	36	82	39	71	42	61	46	52	51	44	56	37	60	31	63	26	65	22	66	19	66	17	65	15	63	14	60	14	56	15	52	17	49	20	47	22	46	23	46	23	
46:
71	17.052	11	71	12	72	14	74	16	77	17	81	17	86	16	92	14	99	12	107	11	116	11	124	11	131	11	137	12	142	13	146	15	149	18	151	21	152	25	152	30	151	36	149	43	147	51	146	60	145	70	145	81	146	92	147	103	147	113	146	122	144	130	142	137	139	143	135	148	130	152	124	155	117	157	109	158	100	158	90	157	79	155	68	152	57	148	46	143	36	137	27	130	19	122	12	113	6	103	1	92	-3	80	-6	68	-8	57	-9	47	-9	38	-8	30	-6	23	-3	17	1	12	6	8	12	5	19	2	27	0	35	-1	43	-1	50	0	56	2	61	5	65	8	68	10	70	11	71	11	71	
47:
69	6.724	122	118	121	118	119	117	116	117	112	118	107	120	101	122	94	123	86	123	77	124	67	126	58	128	50	131	43	135	37	138	32	141	28	143	25	146	22	148	20	149	19	149	19	149	20	148	22	147	25	146	29	144	33	141	36	137	38	132	39	126	39	119	38	113	36	106	33	98	29	89	25	79	21	69	18	60	16	52	15	45	15	39	16	33	18	28	21	24	25	21	30	19	36	17	43	16	51	16	60	17	70	19	80	21	89	24	97	28	104	33	111	39	117	46	122	54	126	63	129	73	131	82	132	90	132	97	131	103	129	108	127	112	125	115	123	117	122	118	122	118	
48:
65	11.537	145	27	144	26	142	24	139	22	135	19	130	15	124	12	118	10	111	9	103	9	94	9	85	10	77	12	70	15	64	19	59	24	55	30	52	37	48	45	43	52	37	58	30	65	23	72	17	79	11	87	6	96	2	106	-1	116	-3	126	-4	135	-4	143	-3	150	-1	156	2	161	6	165	11	169	17	172	24	174	31	175	39	175	46	174	53	172	59	169	64	165	68	160	71	154	73	147	74	139	75	130	76	120	78	109	81	97	85	86	90	76	96	67	103	59	111	52	118	46	124	41	130	37	135	33	139	30	142	28	144	27	145	27	145	27	
49:
66	57.576	156	0	155	1	155	3	156	6	157	10	157	15	158	21	160	28	163	36	167	45	170	55	172	65	173	75	173	84	172	92	170	99	167	105	163	110	158	114	152	117	145	119	137	120	128	120	118	119	108	117	99	114	91	110	84	105	78	99	73	92	69	84	66	75	64	66	63	58	62	51	62	45	63	40	65	36	68	33	72	31	76	30	81	30	85	31	88	33	91	36	93	39	94	43	94	47	95	50	97	52	100	53	104	53	107	52	111	50	116	47	121	43	127	38	134	32	140	26	145	21	149	15	152	10	154	6	155	3	155	1	156	0	156	0	
50:
68	27.328	65	143	66	144	68	146	70	148	73	149	77	149	82	148	87	146	91	144	94	142	96	141	97	141	97	142	96	143	94	143	91	142	87	140	82	138	76	135	69	133	61	130	53	128	44	125	34	122	25	120	17	119	8	117	0	114	-7	110	-13	106	-18	101	-22	95	-25	88	-27	80	-28	71	-28	61	-27	52	-25	44	-22	37	-18	31	-13	26	-7	22	0	19	8	17	17	16	26	16	34	17	41	19	47	22	52	26	56	31	59	37	61	44	62	52	62	61	61	70	59	80	56	90	54	99	53	107	53	115	53	122	54	128	56	133	59	137	62	140	64	142	65	143	65	143	
51:
79	137.483	4	31	5	32	7	34	10	37	14	41	19	46	23	52	26	59	28	67	29	76	29	86	28	96	26	106	25	115	23	123	22	130	22	136	21	141	19	146	16	150	12	153	9	155	6	156	4	156	3	155	3	153	4	150	6	146	9	141	13	135	18	128	24	120	31	113	39	105	48	96	57	87	67	79	77	72	86	66	95	61	105	57	115	54	124	52	132	51	139	51	145	52	150	54	154	55	157	55	159	55	160	54	160	52	159	49	157	45	154	40	150	34	145	27	139	21	132	16	124	12	115	9	105	7	95	6	85	6	75	7	66	9	58	12	51	16	45	20	40	25	35	29	30	32	25	34	19	35	14	35	10	35	7	34	5	32	4	31	4	31	
52:
67	3.893	82	67	81	67	79	68	76	69	72	69	67	68	61	66	55	64	50	63	46	61	43	59	41	58	40	56	40	53	41	49	43	44	46	38	50	31	55	23	61	16	68	10	76	5	85	1	95	-2	104	-4	112	-5	119	-5	125	-4	131	-2	136	1	140	5	143	10	146	16	148	23	149	31	149	40	148	50	148	61	149	72	151	83	153	93	154	102	154	110	153	117	151	123	148	128	146	132	143	135	139	137	135	138	131	138	128	137	126	135	125	132	123	128	122	123	120	117	117	110	113	102	108	95	103	88	97	82	92	77	88	73	85	70	83	68	82	67	82	67	
53:
62	8.117	1	87	2	86	4	84	6	81	9	77	13	72	17	66	22	60	28	53	35	47	43	40	52	34	62	29	71	25	81	22	91	20	100	19	109	19	117	20	124	22	132	25	139	29	145	34	150	40	154	47	157	55	159	64	160	74	160	84	159	93	157	101	154	108	150	114	145	119	139	123	132	127	126	130	121	134	117	139	114	144	112	149	111	153	110	156	108	158	105	159	101	159	96	158	90	156	83	153	75	149	66	144	56	138	46	131	37	123	29	115	22	108	16	102	11	97	7	93	4	90	2	88	1	87	1	87	
54:
67	6.028	93	47	94	48	96	50	99	52	103	53	107	53	112	52	118	50	125	49	132	49	139	50	145	52	150	55	154	59	157	64	159	70	160	77	160	85	159	94	157	103	154	112	150	120	145	127	139	133	132	138	124	142	117	145	109	147	100	148	90	148	80	147	71	145	61	142	50	138	40	133	31	127	23	121	16	114	10	106	5	97	1	89	-2	82	-4	76	-5	71	-5	67	-4	64	-2	62	1	61	5	61	10	62	16	64	23	67	31	71	40	74	50	76	59	77	67	77	74	76	80	74	85	71	89	67	92	62	94	57	95	53	95	50	94	48	93	47	93	47	
55:
64	2.974	70	6	69	7	67	9	64	12	60	16	57	21	53	27	50	33	48	39	47	44	47	49	47	54	46	58	44	61	41	63	37	64	33	64	28	63	24	62	21	62	19	63	18	65	18	68	19	72	21	77	24	83	28	90	33	98	39	107	46	115	54	124	62	132	71	139	81	145	91	150	100	154	108	157	115	159	121	160	126	160	130	159	133	157	136	154	138	150	139	145	139	139	138	132	136	124	133	115	129	105	124	94	118	82	111	71	103	61	96	51	90	42	84	34	79	27	75	21	72	16	70	12	69	9	69	7	70	6	70	6	
56:
55	6.762	29	105	30	104	31	102	33	99	36	95	40	90	44	84	49	77	55	69	62	62	70	56	79	51	89	47	99	44	108	42	116	41	123	41	129	42	134	44	138	46	141	49	143	53	144	58	144	63	143	68	141	72	139	77	137	82	136	87	136	93	136	100	136	108	136	117	135	125	135	132	134	138	132	143	129	147	125	150	120	152	114	153	107	153	100	152	92	150	83	147	74	143	65	138	57	132	50	126	44	120	39	115	35	111	32	108	30	106	29	105	29	105	
57:
71	29.243	6	134	7	135	9	135	12	134	16	132	21	129	27	125	34	122	42	120	51	119	60	119	68	120	75	121	81	121	86	120	90	118	93	115	95	111	96	106	96	101	95	95	93	88	91	80	90	71	89	61	89	52	90	44	92	37	95	31	99	26	104	22	109	19	115	17	122	16	128	15	133	15	137	14	140	12	142	10	143	8	143	5	142	3	140	0	137	-3	133	-5	128	-7	122	-8	115	-8	107	-7	98	-5	88	-2	77	2	65	7	54	13	44	20	35	28	27	37	20	47	14	58	9	69	5	79	2	89	0	98	-2	106	-3	113	-3	119	-2	124	0	128	3	131	5	133	6	134	6	134	
58:
75	1.86	48	156	47	156	46	155	44	153	43	150	43	146	44	141	46	137	49	133	53	130	58	127	64	124	71	121	79	119	88	118	98	116	107	113	115	111	123	110	130	108	136	107	141	106	145	104	148	101	150	98	151	94	151	89	150	83	148	77	145	72	141	66	136	61	130	57	123	54	115	52	107	51	98	50	88	49	79	47	69	44	58	40	48	35	39	29	31	23	24	18	18	14	13	11	9	9	6	8	4	8	3	9	3	11	4	14	6	18	9	23	13	28	18	34	23	41	29	49	36	58	43	68	49	78	54	88	58	97	61	105	63	112	64	120	64	128	63	135	61	141	58	146	54	150	51	153	49	155	48	156	48	156	
59:
63	84.921	152	72	151	71	149	69	147	66	144	62	140	58	135	54	129	51	122	49	114	48	106	48	97	49	89	51	81	54	73	58	66	63	59	69	53	76	46	83	40	89	35	94	29	98	22	101	16	103	9	104	3	104	-2	103	-6	101	-9	98	-11	94	-12	89	-12	83	-11	76	-9	68	-6	59	-2	51	3	44	9	38	16	33	24	29	33	26	42	24	52	23	63	23	75	24	87	26	98	29	108	33	117	38	125	44	132	49	138	53	143	56	148	58	152	59	155	60	157	60	158	61	158	63	157	66	155	69	153	71	152	72	152	72	
60:
57	1.362	116	49	117	50	119	52	121	55	124	59	127	64	129	70	130	77	130	85	129	94	127	102	124	109	120	115	115	120	109	124	102	127	94	130	85	132	75	133	65	133	56	134	48	136	39	139	31	141	24	142	18	142	12	141	7	139	3	136	0	132	-2	127	-3	121	-3	114	-2	106	0	97	3	88	7	79	12	70	16	61	21	53	27	46	34	40	42	35	50	31	59	28	69	26	78	25	86	25	93	26	99	28	104	31	108	35	111	39	113	43	115	46	116	48	116	49	116	49	
61:
73	13.406	20	24	21	24	23	24	26	23	30	21	35	18	41	16	48	15	56	15	64	15	73	16	83	18	94	21	106	25	117	30	127	36	136	42	144	49	151	57	157	66	162	76	166	86	169	96	171	105	172	113	172	120	171	126	169	131	166	135	162	138	157	140	152	141	148	141	145	140	143	138	141	135	140	133	139	132	137	132	134	133	130	135	125	138	119	142	112	147	104	152	95	156	85	159	74	161	63	162	52	162	42	161	33	159	25	156	18	152	12	147	7	141	3	134	0	127	-3	119	-6	110	-8	100	-9	89	-9	79	-8	69	-6	60	-3	52	1	45	5	39	10	34	14	30	17	27	19	25	20	24	20	24	
62:
57	1.869	75	8	74	9	72	11	70	14	68	18	67	23	67	29	67	36	68	44	70	53	73	62	76	71	78	81	79	91	79	100	78	110	78	119	78	127	79	134	81	140	83	145	86	149	88	152	89	154	89	155	88	155	86	154	83	152	79	149	74	145	69	140	64	134	60	127	55	119	51	110	47	100	43	89	40	78	36	66	33	55	31	45	29	36	28	28	28	21	29	15	31	10	34	6	38	3	43	1	49	0	55	-1	60	-1	65	0	69	2	72	5	74	7	75	8	75	8	
63:
60	2.026	21	127	21	126	22	124	24	121	25	117	26	112	27	106	27	100	26	93	24	86	21	79	17	72	12	65	8	59	5	52	3	44	2	37	2	31	3	26	5	22	8	18	12	15	17	13	23	12	30	12	38	13	45	15	51	18	56	22	60	27	63	33	65	40	67	48	70	57	74	67	79	78	84	89	88	100	91	110	93	119	94	127	94	134	94	140	93	145	91	149	88	152	84	154	79	155	73	155	66	154	59	152	53	149	48	145	42	140	36	136	31	133	27	130	24	128	22	127	21	127	21	127	
64:
68	3.638	89	158	88	157	86	155	83	152	79	148	74	143	68	137	62	130	55	123	48	117	42	111	36	106	31	102	27	99	24	97	21	96	19	96	18	97	18	99	19	102	21	106	24	111	28	115	33	118	39	120	45	121	50	121	54	120	57	118	59	115	60	111	61	106	62	100	64	93	67	85	71	77	76	70	82	64	89	59	97	55	106	52	116	50	125	49	133	49	140	50	146	52	151	55	155	59	158	64	160	70	161	77	161	83	160	89	158	95	155	102	151	110	146	119	140	127	133	134	125	140	117	145	110	149	104	153	99	156	95	158	92	159	90	159	89	158	89	158	
65:
58	7.656	117	155	118	154	120	152	123	149	127	145	131	140	136	134	142	127	148	119	153	110	158	100	162	89	165	78	167	68	168	59	168	51	167	42	165	34	163	27	160	21	156	16	151	12	145	9	138	7	130	6	122	6	114	7	107	9	101	12	96	16	92	21	89	27	87	33	86	40	86	46	87	51	89	55	92	58	96	61	99	65	101	70	102	75	102	81	101	88	99	94	97	99	96	104	95	109	95	115	96	121	98	127	100	134	103	140	107	145	111	149	114	152	116	154	117	155	117	155	
66:
49	1.882	33	104	33	103	33	101	33	98	32	94	31	89	29	83	26	76	24	68	21	60	18	52	16	45	15	39	15	34	15	30	16	27	18	25	20	24	23	24	27	25	32	27	36	30	41	34	47	38	54	43	62	49	69	56	75	62	80	67	84	71	87	74	89	76	90	79	90	83	89	87	88	90	86	92	83	93	79	93	74	92	68	91	61	91	54	92	48	94	43	96	39	98	36	101	34	103	33	104	33	104	
67:
71	58.535	52	39	52	38	53	36	53	33	53	29	52	26	50	24	47	23	43	23	38	24	32	26	25	29	18	32	12	36	7	41	3	47	0	54	-2	62	-3	71	-3	81	-2	90	0	98	3	105	7	111	12	116	18	120	25	123	33	125	42	126	50	126	59	126	69	125	80	123	91	120	102	116	112	111	121	106	129	102	136	99	142	97	147	96	151	96	154	97	156	99	157	102	157	106	156	110	154	114	151	117	147	119	142	120	136	120	129	119	121	117	112	114	102	110	92	107	83	104	75	100	68	95	62	89	57	82	53	74	50	67	48	60	47	54	47	49	48	45	50	42	51	40	52	39	52	39	
68:
70	17.309	140	117	141	116	143	114	146	111	150	107	153	102	157	97	161	91	164	84	166	76	167	67	167	58	167	49	166	41	164	34	161	28	157	23	152	19	146	16	141	14	135	13	128	13	120	14	112	16	105	19	98	23	92	28	87	34	81	41	76	47	72	52	69	56	67	60	66	63	66	65	67	66	69	67	72	68	76	68	81	69	86	71	92	74	97	78	101	83	104	89	108	96	112	104	115	113	117	122	118	130	120	137	123	143	127	148	131	152	136	155	142	157	147	158	151	158	154	157	156	155	157	152	157	148	156	143	154	138	152	132	149	127	146	123	143	120	141	118	140	117	140	117	
69:
69	21.167	146	120	145	120	143	121	140	122	136	124	131	127	125	130	118	134	110	139	101	143	91	146	81	148	72	149	64	149	57	148	51	146	46	143	41	139	37	134	34	128	32	121	31	114	31	106	32	99	34	93	37	88	41	83	46	78	52	72	59	66	67	60	76	55	86	51	95	46	103	40	111	34	118	27	124	21	129	16	133	12	136	9	138	7	139	6	139	6	138	7	136	9	133	12	129	16	126	21	124	27	123	33	122	38	122	44	123	49	125	53	128	57	132	62	137	66	142	71	146	77	149	84	151	92	152	99	152	105	151	110	149	114	147	117	146	119	146	120	146	120	
70:
67	16.215	99	110	98	109	96	107	93	105	89	102	84	98	78	93	71	87	63	80	56	72	50	63	45	55	41	48	38	41	36	35	35	29	35	24	36	20	38	16	41	13	45	11	50	10	56	10	62	11	69	13	75	15	81	18	86	22	92	25	99	27	107	28	116	28	125	27	135	27	145	28	154	30	162	33	169	37	175	42	180	48	184	55	187	63	189	72	190	81	190	91	189	101	187	110	184	118	180	125	175	131	169	136	162	140	154	143	145	145	137	146	130	146	123	145	117	143	112	140	107	136	103	131	100	125	98	120	97	116	97	113	98	111	99	110	99	110	
71:
76	5.848	145	28	144	29	142	31	139	34	135	38	130	43	124	49	117	56	110	64	104	73	98	82	91	91	83	99	74	106	65	112	57	117	50	121	43	124	37	126	32	127	26	127	19	126	12	124	6	121	0	117	-5	112	-9	106	-12	99	-15	91	-17	82	-18	73	-18	65	-17	58	-16	52	-14	47	-11	43	-7	40	-2	38	4	37	11	37	18	38	25	40	33	43	42	47	50	52	58	58	67	65	76	73	85	80	93	86	100	93	106	99	111	104	115	108	120	111	124	113	128	114	132	114	135	113	137	111	138	108	138	104	137	99	136	93	136	86	136	79	135	71	134	64	133	56	133	49	134	43	136	38	139	34	142	31	144	29	145	28	145	28	
72:
60	13.031	144	88	143	89	141	91	138	94	134	97	129	101	123	106	116	112	108	119	99	126	89	132	78	137	67	141	57	144	48	146	40	147	32	147	25	146	18	144	12	141	7	137	3	132	0	126	-2	119	-3	111	-3	102	-2	92	-1	83	0	75	0	66	0	58	-1	51	-1	45	0	40	2	36	5	33	9	31	14	30	20	30	27	31	35	33	42	36	48	40	55	45	61	51	66	58	71	66	77	73	84	79	92	84	100	88	108	91	116	93	123	94	129	94	134	93	138	91	141	89	143	88	144	88	144	88	
73:
71	7.997	54	91	54	90	53	88	51	85	49	81	46	76	42	70	37	63	31	55	25	47	20	39	16	32	13	26	10	21	8	17	7	14	7	12	8	11	10	11	12	12	15	14	19	17	24	20	30	22	36	23	43	23	51	22	60	20	70	17	81	15	92	14	102	14	111	15	119	17	126	20	132	24	137	29	141	35	144	42	146	50	147	58	147	67	146	77	144	88	142	99	141	109	140	118	140	126	139	133	137	139	134	144	130	148	126	151	122	153	118	154	113	154	107	153	101	151	96	148	92	144	89	139	87	133	84	126	80	119	75	112	69	106	64	101	60	97	57	94	55	92	54	91	54	91	
74:
72	3.657	66	47	65	48	63	50	60	53	56	57	51	62	46	68	42	75	38	83	35	92	33	101	31	109	30	117	30	124	31	130	33	135	36	139	40	142	45	144	51	145	58	145	65	145	73	144	82	142	91	139	101	135	110	130	118	124	125	117	131	109	136	100	140	90	144	79	148	68	151	58	153	49	154	40	154	32	153	25	152	19	150	14	147	10	143	7	138	5	132	4	125	4	118	5	112	7	107	10	101	12	96	13	91	13	85	12	78	10	70	7	63	4	57	2	52	1	48	1	45	2	43	4	42	7	42	11	43	15	45	20	48	26	52	32	56	37	60	41	63	44	65	46	66	47	66	47	
75:
58	1.102	101	57	102	58	104	60	107	63	111	67	115	71	118	76	120	82	121	88	121	95	120	101	118	106	115	110	111	113	106	115	101	117	95	118	88	118	80	117	71	115	61	112	51	108	42	103	33	97	25	90	18	82	12	73	7	63	3	53	0	44	-2	36	-3	29	-3	23	-2	18	0	14	3	11	7	9	12	8	18	8	25	9	33	11	42	14	52	18	61	22	70	27	78	31	85	34	91	36	96	37	100	37	103	38	105	40	106	43	106	47	105	51	104	54	102	56	101	57	101	57	
76:
62	3.914	70	107	69	108	67	110	65	113	63	116	62	119	62	122	63	125	65	127	68	128	72	128	77	127	83	125	90	122	97	118	104	113	110	107	115	100	119	92	122	83	124	73	125	63	125	54	124	46	122	39	119	32	115	26	110	21	104	17	97	14	89	12	80	11	70	11	60	12	51	14	43	17	36	21	30	26	25	30	21	33	18	35	16	36	15	36	15	37	16	39	18	40	21	42	25	45	30	49	35	52	41	56	48	61	54	67	59	74	63	81	66	87	68	92	69	97	69	101	69	104	69	106	70	107	70	107	
77:
58	4.498	8	49	9	50	11	52	14	54	18	57	23	61	28	66	34	72	41	79	49	87	58	96	68	106	77	115	85	123	92	131	99	138	105	144	110	149	114	153	117	156	119	158	120	159	120	159	119	158	117	156	114	153	112	149	111	144	111	138	112	131	114	123	117	115	121	107	124	98	126	90	127	83	127	77	126	72	124	67	121	63	117	60	112	58	106	57	99	56	91	54	82	51	72	49	63	48	53	47	44	46	36	46	29	47	23	47	18	46	14	46	11	47	9	48	8	49	8	49	
78:
57	3.005	47	126	47	125	46	123	46	120	47	116	49	111	50	105	50	98	49	90	48	81	46	72	44	64	43	56	43	49	44	43	44	36	44	30	44	24	45	19	47	15	50	12	54	9	59	7	65	6	72	6	80	7	89	9	98	12	106	16	113	21	119	27	124	34	128	42	131	51	134	60	136	70	137	80	137	91	136	101	134	110	131	118	127	125	122	131	116	136	109	140	101	143	92	145	83	146	75	146	68	145	62	143	57	140	53	136	50	132	48	129	47	127	47	126	47	126	
79:
53	1.01	41	58	42	57	44	56	47	54	51	53	56	51	62	50	69	50	77	51	86	53	94	55	101	58	107	62	113	67	118	73	122	80	125	87	127	93	128	98	128	102	127	106	125	109	122	111	118	112	113	112	107	111	100	109	92	107	83	104	73	101	62	98	52	94	43	89	35	83	28	78	22	74	17	71	13	69	10	66	8	64	7	63	7	62	8	62	10	62	13	61	17	59	21	57	26	55	31	54	35	54	38	55	40	57	41	58	41	58	
80:
69	24.049	48	114	47	113	45	112	42	111	38	109	33	106	27	104	22	101	18	99	15	98	12	97	10	97	9	98	9	98	10	97	12	95	15	92	19	88	24	83	28	77	31	72	33	68	34	63	34	57	33	51	31	44	30	37	30	31	31	26	33	22	36	18	40	15	45	13	51	12	58	10	66	9	75	9	85	10	95	12	104	14	112	17	120	21	127	26	133	32	138	39	142	47	145	54	147	60	148	65	148	69	147	72	145	74	142	75	138	75	133	75	127	76	120	78	112	81	103	84	93	86	84	88	76	91	69	95	63	99	58	104	54	108	51	111	49	113	48	114	48	114	
81:
66	3.886	147	100	146	101	144	102	141	102	137	102	132	101	126	99	119	96	113	92	108	87	104	81	100	74	96	66	93	57	91	47	90	37	88	28	85	20	81	13	76	7	70	2	64	-2	57	-5	50	-7	43	-8	37	-8	32	-7	28	-5	25	-3	23	0	22	4	21	9	21	15	22	22	24	28	27	33	31	38	36	44	42	50	49	57	55	65	60	74	64	83	67	93	69	102	70	110	70	117	70	123	70	128	71	132	73	135	76	137	80	138	85	138	90	137	96	135	103	132	111	128	119	123	126	117	132	112	137	108	141	105	144	103	146	101	147	100	147	100	
82:
63	16.171	125	141	124	142	122	144	119	146	115	149	110	153	104	156	97	158	89	159	82	159	76	158	71	156	67	153	64	149	62	144	61	138	61	131	61	123	60	114	60	104	59	93	58	81	57	69	57	58	58	48	60	39	63	31	65	24	66	18	67	13	67	9	66	6	64	4	62	3	61	3	60	4	60	6	61	9	63	13	66	18	70	24	75	31	81	37	88	42	96	46	105	49	113	52	120	56	126	61	131	67	135	74	138	82	140	91	141	100	141	108	141	115	140	121	138	126	135	131	131	135	128	138	126	140	125	141	125	141	
83:
63	2.186	118	26	117	27	115	29	112	32	108	36	103	41	97	46	90	52	82	57	73	61	64	64	55	66	47	67	40	67	34	67	29	66	25	64	21	63	16	63	10	64	5	66	1	69	-2	73	-4	78	-5	84	-5	91	-4	98	-3	106	-1	115	2	124	6	132	11	139	17	145	24	150	32	154	41	157	51	159	62	160	74	160	86	159	97	157	107	155	116	152	124	148	131	143	137	137	142	130	146	122	149	115	151	107	152	99	152	90	151	81	149	71	146	62	142	54	138	47	133	41	128	36	124	32	121	29	119	27	118	26	118	26	
84:
58	1.628	46	48	45	48	43	48	40	48	36	49	32	51	29	54	26	58	24	63	23	68	23	74	24	80	26	87	29	95	33	104	38	112	44	119	50	125	55	130	60	134	64	137	67	140	69	142	70	143	70	143	69	142	67	140	64	137	62	133	61	128	61	122	62	116	64	110	67	105	71	101	76	96	81	90	87	85	92	81	96	77	99	72	101	66	102	59	102	53	101	47	99	42	96	38	92	35	87	33	81	32	74	32	67	33	61	35	56	38	52	42	49	45	47	47	46	48	46	48	
85:
60	3.825	65	128	64	129	63	130	63	132	64	133	66	133	69	133	73	133	78	134	84	136	91	139	99	141	108	144	117	146	125	148	132	149	138	149	143	148	147	146	150	145	152	143	153	140	153	136	152	133	150	130	147	127	143	124	138	120	132	115	125	109	117	103	108	96	99	89	89	81	79	74	70	68	62	63	55	59	49	56	44	54	40	52	37	51	35	51	34	52	34	54	35	57	37	61	40	66	43	71	47	77	52	84	56	92	59	100	61	107	62	113	62	118	62	122	63	125	64	127	65	128	65	128	
86:
55	3.811	60	114	59	113	57	111	54	108	52	104	51	99	49	95	48	90	48	84	49	78	51	73	54	69	58	66	63	64	69	63	76	63	84	64	92	66	100	69	107	73	115	78	123	82	132	85	140	88	147	92	153	97	158	103	162	110	165	117	167	125	168	132	168	138	167	143	165	147	162	150	158	152	153	153	147	153	142	152	138	150	135	147	131	143	126	140	120	138	113	137	105	137	96	136	88	134	81	131	75	128	70	124	66	120	63	117	61	115	60	114	60	114	
87:
64	11.382	102	116	103	115	105	113	108	110	112	106	117	101	122	95	128	88	134	81	139	73	143	64	146	56	148	47	149	39	149	32	148	26	146	21	143	17	139	14	134	12	128	11	121	11	113	12	105	14	96	17	86	21	75	24	63	26	52	27	42	27	32	27	23	27	15	28	8	30	2	33	-3	37	-7	42	-10	48	-12	55	-13	63	-13	71	-12	80	-10	90	-7	100	-3	109	1	117	6	124	11	130	17	135	24	139	32	142	41	144	51	145	60	145	68	144	75	142	81	139	86	135	90	130	93	126	96	122	99	119	101	117	102	116	102	116	
88:
66	13.123	35	136	36	135	38	133	41	130	45	127	50	124	56	122	63	120	70	119	76	119	81	120	85	122	89	125	92	129	95	134	98	140	102	145	107	149	112	152	117	154	123	155	128	155	132	154	135	152	137	150	138	147	138	143	137	138	135	132	132	127	128	123	123	119	117	114	110	108	102	101	93	93	83	84	72	76	62	69	52	63	42	58	33	53	25	49	18	46	12	44	7	43	3	43	0	44	-3	46	-5	49	-6	53	-6	58	-5	64	-3	71	0	79	4	86	8	93	13	100	17	108	20	115	22	121	25	126	29	130	32	133	34	135	35	136	35	136	
89:
58	2.639	90	16	89	15	87	13	84	11	80	9	75	8	70	8	66	9	62	11	59	14	55	18	50	23	45	29	41	36	38	44	36	53	35	63	35	74	36	86	38	98	40	110	43	121	47	131	52	140	58	148	65	155	72	161	80	166	89	170	99	173	108	175	116	176	123	176	129	175	134	173	138	170	141	166	143	161	144	155	144	148	143	140	143	131	142	121	140	110	137	99	134	89	131	79	127	70	122	61	117	52	112	44	106	37	101	31	97	26	94	22	92	19	91	17	90	16	90	16	
90:
74	2.468	63	159	64	158	66	156	67	153	69	149	71	144	74	138	76	131	79	123	81	114	82	105	82	96	81	87	81	77	80	68	78	60	76	53	75	47	75	42	76	38	78	35	81	33	85	32	90	30	96	28	103	27	111	27	119	28	126	30	132	33	137	37	141	42	144	46	146	50	147	53	147	55	146	56	144	56	141	55	137	53	132	51	126	48	119	44	111	39	103	33	94	28	84	24	73	21	62	19	52	18	43	18	35	19	28	21	22	24	17	28	13	33	10	39	8	46	7	54	7	63	8	73	10	84	13	95	17	105	22	114	28	123	35	131	42	138	48	144	53	149	57	153	60	156	62	158	63	159	63	159	
91:
58	28.926	147	5	146	4	144	3	141	2	137	2	132	2	126	3	119	5	111	8	102	12	92	17	81	21	70	24	60	26	51	29	43	31	36	32	30	32	25	32	21	33	18	34	16	36	15	38	15	40	16	43	18	47	21	52	24	57	28	61	33	66	39	72	46	78	54	84	62	89	71	93	79	96	87	98	94	99	100	99	105	98	109	96	112	93	114	89	115	84	117	78	119	71	122	63	126	54	129	46	131	38	132	31	134	25	136	20	138	15	141	11	144	8	146	6	147	5	147	5	
92:
53	1.988	47	94	48	93	49	91	51	88	54	84	57	79	59	73	62	67	65	62	69	58	74	55	80	53	87	52	95	52	102	53	108	55	113	58	117	62	121	67	126	73	130	80	133	87	135	95	137	104	138	114	139	123	139	131	138	138	136	144	133	149	129	153	124	156	118	158	111	159	105	160	100	160	96	159	93	157	91	154	90	150	89	145	88	139	86	132	83	124	79	117	74	111	68	106	62	102	57	99	53	97	50	95	48	94	47	94	47	94	
93:
64	1.961	73	0	73	1	74	3	76	6	79	10	83	15	87	21	92	28	96	36	99	45	101	55	102	66	102	78	101	89	99	99	97	108	94	116	90	123	85	129	79	134	73	139	68	143	64	146	61	148	59	149	58	149	58	148	59	146	61	143	64	139	68	134	73	128	79	121	86	114	93	107	101	99	110	91	118	82	126	73	133	65	139	57	144	50	148	44	151	39	153	35	154	32	154	30	153	29	151	28	148	27	144	25	139	22	133	18	126	13	118	9	109	6	101	3	94	1	88	0	83	0	79	0	76	1	74	1	73	0	73	0	
94:
67	6.615	54	39	55	38	57	36	60	33	64	29	68	24	73	20	79	17	86	14	94	12	103	11	111	11	120	12	128	14	136	17	143	21	149	26	154	32	159	39	163	47	166	55	168	64	169	74	169	85	168	96	166	106	163	115	159	123	154	130	148	136	141	141	133	145	124	148	114	150	103	151	91	151	79	150	68	148	58	145	49	141	41	136	34	130	28	123	23	115	19	106	16	96	14	85	13	75	13	65	12	56	12	48	12	41	12	35	13	30	15	26	18	23	22	21	27	20	33	20	38	21	43	23	47	26	50	30	52	33	53	36	53	38	54	39	54	39	
95:
82	71.742	22	7	23	8	23	10	22	13	20	17	17	22	13	27	9	32	6	37	4	41	3	44	3	46	4	47	5	47	6	46	7	44	9	41	12	38	16	36	20	35	25	35	31	36	37	38	42	41	48	45	55	50	61	56	68	63	76	71	85	79	93	88	100	98	108	107	115	115	121	122	126	128	130	133	135	137	140	140	146	142	153	143	160	143	166	142	172	140	178	137	183	133	187	128	191	122	196	115	201	108	205	100	208	91	210	81	211	70	211	60	210	50	208	41	205	33	201	26	196	20	190	15	183	11	175	8	166	6	156	5	146	5	136	6	125	8	113	11	100	13	88	14	77	15	67	16	58	16	50	17	43	17	37	16	32	14	28	11	25	9	23	8	22	7	22	7	
96:
60	0.961	86	54	86	53	86	51	87	48	88	44	89	39	90	33	91	27	93	21	95	16	97	12	100	9	102	7	103	6	105	6	108	7	111	9	115	12	119	16	124	21	130	27	137	34	143	42	150	51	157	61	163	72	168	84	172	95	175	105	178	114	180	122	181	129	181	135	180	140	178	145	175	149	171	152	167	154	163	155	158	155	152	154	145	152	137	149	130	145	124	141	119	136	115	130	112	123	110	115	108	107	105	98	101	90	96	82	92	75	89	69	87	64	86	60	85	57	85	55	86	54	86	54	
97:
66	2.398	150	92	151	91	152	89	153	86	154	82	156	77	158	73	159	70	159	68	158	67	156	67	153	68	149	70	144	73	138	77	131	82	123	86	114	89	104	91	93	92	81	92	69	91	58	89	48	87	38	84	28	81	19	79	11	78	4	78	-2	79	-7	81	-11	84	-14	88	-17	93	-19	99	-20	106	-20	114	-19	122	-17	130	-14	137	-10	143	-5	148	1	152	8	155	16	157	23	158	29	158	35	157	41	155	48	152	56	149	63	145	70	140	78	134	86	127	95	121	105	114	114	108	122	103	129	99	135	96	140	94	144	93	147	92	149	92	150	92	150	92	
98:
50	0.13	115	95	115	94	115	92	116	89	118	85	121	82	125	78	130	75	136	73	142	71	147	70	151	68	154	65	156	61	157	56	157	50	156	45	154	41	151	38	147	36	142	35	136	35	131	36	125	38	118	41	110	44	101	48	93	51	86	53	80	54	75	54	71	53	68	53	66	53	65	54	65	56	66	59	68	62	71	65	75	68	79	72	84	77	90	81	95	84	100	86	105	89	109	92	112	94	114	95	115	95	115	95	
99:
56	10.144	40	23	41	24	43	26	45	29	48	33	51	38	53	44	54	51	54	59	55	68	55	77	55	86	56	96	58	106	61	115	64	123	68	130	73	136	79	141	85	145	92	148	100	150	108	152	116	153	124	155	132	156	139	156	145	155	150	153	154	150	157	146	159	141	160	135	161	128	161	120	160	111	158	103	155	94	151	86	146	78	140	71	133	65	125	60	116	56	106	52	95	47	85	43	76	40	68	37	61	35	55	32	50	29	46	26	43	24	41	23	40	23	40	23	