0:
77	14.284	99	63	100	64	102	65	105	65	109	65	114	66	119	68	124	71	128	75	131	80	133	86	134	92	134	98	133	103	131	107	128	110	124	112	119	113	113	113	106	114	98	114	89	113	79	111	70	109	62	106	55	102	49	98	44	93	40	87	37	82	35	76	33	71	32	65	32	59	33	52	35	44	36	37	36	31	35	26	33	22	30	18	26	14	21	11	17	8	14	5	12	3	11	2	11	1	12	1	14	2	17	3	21	4	26	4	32	3	39	1	47	-1	55	-2	64	-4	74	-6	83	-7	91	-7	98	-6	104	-4	109	-1	113	3	116	8	118	14	119	20	119	27	118	35	116	42	113	48	109	53	105	57	102	60	100	62	99	63	99	63	
1:
61	2.022	6	74	5	73	4	71	4	68	5	64	7	59	10	55	13	52	17	50	21	49	26	49	32	48	38	46	45	43	52	39	60	34	69	29	78	24	86	18	93	13	99	9	104	6	108	4	111	3	113	3	116	4	120	6	123	9	127	13	130	18	132	24	133	31	133	39	133	47	134	55	136	62	137	70	138	79	138	87	137	94	135	100	132	105	128	109	123	112	117	114	110	115	102	115	93	114	83	113	72	111	61	108	51	104	42	99	34	94	27	90	21	87	16	84	12	80	9	77	7	75	6	74	6	74	
2:
77	9.717	113	58	114	57	116	55	118	52	119	48	119	43	119	37	119	31	120	24	121	16	121	9	120	3	118	-2	115	-6	111	-9	106	-11	100	-12	93	-12	85	-12	76	-11	66	-9	56	-6	47	-4	39	-1	32	3	26	7	21	12	17	18	14	25	12	33	11	41	11	48	12	54	13	59	15	63	18	66	22	68	27	69	33	69	40	68	46	66	51	63	55	59	60	54	65	50	71	46	78	43	86	41	95	40	103	40	110	41	116	43	121	46	125	50	128	55	130	61	132	68	133	74	133	79	132	83	130	86	128	89	125	91	121	92	116	92	111	91	107	89	104	87	102	84	101	80	101	75	102	71	104	68	107	64	110	61	112	59	113	58	113	58	
3:
76	5.101	82	29	82	28	82	26	83	24	84	21	85	17	85	14	84	11	82	9	79	8	75	8	71	9	66	11	60	14	53	18	46	23	40	29	35	36	31	43	27	50	24	56	22	61	20	65	17	68	13	70	9	71	4	71	0	70	-4	68	-7	65	-9	61	-10	56	-10	50	-10	45	-9	41	-7	37	-4	34	-2	32	-1	31	0	31	1	32	3	34	6	37	10	41	15	46	21	52	26	59	30	67	33	76	35	84	36	91	36	97	35	102	33	106	32	109	32	111	32	112	33	112	34	111	36	109	39	106	43	103	48	99	53	94	57	88	60	81	62	73	63	65	64	57	66	50	69	44	72	39	76	35	79	32	81	30	82	29	82	29	
4:
68	31.718	113	29	114	28	116	26	118	23	121	19	125	14	128	8	130	1	131	-6	131	-12	130	-17	128	-21	125	-24	121	-26	116	-27	110	-27	103	-28	95	-28	88	-27	82	-25	76	-22	71	-18	67	-13	64	-7	62	-2	61	3	61	9	62	16	64	23	67	31	69	39	70	48	70	57	69	67	67	76	64	84	60	91	57	97	55	102	54	106	54	109	55	111	57	112	60	112	64	112	69	111	75	109	81	107	88	106	95	106	102	106	109	105	115	103	120	100	124	96	127	91	130	86	132	80	133	73	133	65	132	57	130	50	127	44	123	39	119	35	116	32	114	30	113	29	113	29	
5:
83	33.851	98	76	97	75	95	75	92	74	88	72	84	69	81	66	79	64	78	61	78	57	79	52	81	46	84	40	88	34	93	29	99	25	105	22	110	20	114	19	117	19	119	20	120	20	120	19	119	18	117	16	114	13	110	11	105	10	99	8	93	5	86	3	79	2	71	0	63	-1	56	-1	50	0	45	2	41	5	38	9	36	14	35	19	35	25	35	32	34	40	32	49	31	58	29	68	26	77	22	85	19	92	17	98	16	103	16	107	17	110	19	112	22	113	26	113	31	114	37	115	44	117	51	119	59	120	68	121	78	121	87	120	95	118	102	115	108	111	113	106	117	100	120	95	122	90	123	86	123	83	122	81	120	78	117	75	113	73	108	72	104	72	101	73	99	75	98	76	98	76	
6:
70	23.653	42	86	41	85	39	83	36	80	32	76	29	71	25	65	22	59	19	52	17	46	16	41	16	37	17	34	19	32	22	31	26	31	31	32	37	32	44	33	50	33	55	32	59	30	62	27	64	23	65	18	65	14	64	10	62	7	60	5	58	4	57	4	57	5	58	7	60	10	63	14	66	19	69	25	71	32	72	40	72	49	71	58	69	67	66	75	62	82	57	88	51	94	44	101	38	109	31	116	25	122	20	127	16	131	13	134	11	136	10	137	10	137	11	136	13	134	16	131	20	128	25	124	29	119	32	113	36	107	39	101	41	96	42	92	43	89	43	87	42	86	42	86	
7:
51	6.959	30	116	31	117	33	118	36	118	40	119	45	119	51	118	57	117	64	115	72	113	81	112	89	110	98	109	106	108	113	106	119	104	124	101	128	97	131	93	133	90	134	88	134	87	133	87	131	87	129	86	126	84	123	81	120	77	116	73	112	68	107	63	101	59	95	56	88	54	80	53	71	53	63	54	56	56	49	59	43	63	38	68	34	74	30	81	27	88	25	95	24	101	24	106	25	110	27	113	29	115	30	116	30	116	
8:
72	3.364	81	78	82	77	84	75	86	72	89	68	93	63	98	57	103	52	109	48	115	45	120	43	124	42	127	42	129	43	130	45	130	48	130	52	130	57	129	63	127	70	124	78	121	86	117	94	112	101	107	107	102	112	96	116	89	119	81	121	73	122	66	122	59	121	53	120	48	118	44	115	39	111	35	106	32	100	30	93	29	85	29	76	29	66	29	56	28	47	27	39	27	32	27	26	28	21	30	17	33	14	37	12	40	11	42	11	43	12	43	14	42	17	42	21	43	26	45	32	48	39	50	46	52	53	55	59	57	64	59	69	62	73	66	76	71	78	75	79	78	79	80	78	81	78	81	78	
9:
66	11.227	41	73	42	73	44	74	47	76	51	79	56	83	60	88	63	94	65	101	66	108	66	115	65	121	63	126	60	130	56	133	51	135	45	136	39	136	33	135	28	133	24	130	21	126	19	121	18	115	18	108	19	100	21	91	23	81	24	70	24	59	23	49	21	39	18	30	14	22	11	15	9	9	8	4	8	0	9	-3	11	-6	14	-10	18	-13	23	-15	29	-16	36	-17	43	-17	50	-16	56	-14	61	-11	65	-7	68	-2	70	4	71	10	71	16	70	23	68	30	66	37	65	43	63	49	60	55	56	60	51	64	47	67	44	70	42	72	41	73	41	73	
10:
68	6.926	42	57	41	56	39	54	37	51	34	47	30	42	27	37	25	33	24	30	24	28	25	27	27	27	30	28	34	30	38	33	43	37	49	42	56	48	63	54	71	61	79	69	88	78	96	87	103	96	109	104	114	111	118	117	121	122	123	126	124	129	124	131	123	132	121	132	118	131	114	129	109	126	103	122	96	117	89	112	81	108	72	105	63	102	53	98	44	95	36	93	29	92	23	92	18	93	14	94	11	96	9	99	8	102	8	104	9	105	10	105	12	104	14	102	17	99	21	95	26	90	31	84	35	78	38	72	40	67	42	63	43	60	43	58	42	57	42	57	
11:
71	4.792	116	19	116	20	117	22	117	25	116	29	114	34	112	40	111	46	111	53	112	61	114	68	117	76	120	84	124	92	129	99	133	105	136	110	138	114	139	117	139	120	138	122	136	123	133	123	129	122	124	121	118	119	111	116	103	112	94	107	84	101	73	94	63	86	54	77	46	68	39	60	33	52	28	43	24	34	21	26	19	19	18	13	17	8	17	4	18	1	20	-1	23	-2	26	-2	30	-1	35	1	40	4	46	8	53	13	61	19	69	26	76	32	82	37	89	41	95	44	100	46	104	47	108	47	111	46	113	44	116	41	118	38	119	34	120	29	120	25	119	22	117	20	116	19	116	19	
12:
70	3.954	80	11	79	12	78	14	77	17	77	21	78	26	79	32	81	39	84	47	88	56	93	65	99	73	106	80	112	86	117	91	121	95	124	99	126	104	127	109	127	113	126	116	124	118	121	120	117	121	112	121	107	120	101	118	95	115	88	111	81	107	74	104	68	102	63	101	59	101	56	102	52	104	48	107	43	110	37	112	30	113	22	113	15	112	9	110	4	107	0	103	-4	98	-7	92	-9	85	-10	77	-10	68	-9	58	-9	49	-8	40	-6	32	-3	25	1	19	6	14	12	10	19	7	27	5	35	4	44	4	52	5	59	7	65	10	70	12	74	13	77	13	79	12	80	11	80	11	
13:
68	5.671	42	102	42	103	41	105	39	108	37	112	36	116	36	120	37	123	39	125	42	126	46	127	51	127	57	127	64	126	72	124	81	121	89	117	98	112	106	106	113	99	119	92	124	86	129	81	133	77	136	74	138	72	139	71	139	71	138	72	136	74	133	77	129	81	124	85	118	89	112	92	107	95	103	97	100	98	98	98	97	97	97	95	96	93	94	90	91	86	87	81	82	75	76	69	70	63	65	58	61	54	58	51	56	49	55	48	54	48	54	49	55	51	57	54	59	58	60	63	60	68	59	74	57	81	55	87	52	92	48	96	45	99	43	101	42	102	42	102	
14:
81	27.831	119	124	120	123	122	123	125	124	129	126	132	127	134	128	135	130	136	133	136	135	135	136	133	136	130	135	127	134	123	134	118	133	112	131	105	128	97	124	88	121	78	119	67	118	57	118	48	117	40	115	33	114	27	114	22	114	18	115	15	117	13	120	12	124	12	127	13	129	15	130	18	130	22	129	26	127	30	124	33	120	35	115	36	109	36	102	35	94	33	85	30	75	26	64	21	54	17	45	14	37	11	30	8	23	6	17	5	12	5	8	6	5	7	3	9	2	12	2	16	3	21	4	27	6	34	9	42	13	51	18	59	24	66	31	72	39	77	48	81	58	84	69	86	79	89	88	93	96	98	103	104	109	109	114	113	118	116	121	118	123	119	124	119	124	
15:
71	41.067	80	106	81	107	83	109	86	112	90	116	95	119	100	121	105	124	111	126	116	127	121	127	125	126	128	124	130	121	131	117	131	113	131	109	130	106	128	104	125	103	121	102	116	101	110	99	103	96	95	94	87	93	78	91	68	88	59	84	50	79	42	73	35	67	29	60	24	53	20	47	17	42	15	38	14	35	13	33	11	32	8	32	4	33	-1	35	-7	38	-12	42	-16	47	-19	53	-21	60	-22	67	-22	73	-21	78	-19	83	-16	88	-12	92	-7	95	-1	97	5	98	10	98	16	97	22	95	29	94	37	93	45	92	52	92	59	93	65	95	70	97	74	100	77	103	79	105	80	106	80	106	
16:
59	5.833	100	79	99	80	97	82	94	85	90	89	85	94	79	100	72	107	64	114	55	120	47	125	39	129	32	132	26	134	21	135	17	135	13	134	10	132	8	129	7	125	7	120	8	115	10	109	13	102	17	96	22	90	28	85	35	79	43	74	51	69	60	65	70	62	79	60	87	59	94	59	100	60	106	62	111	65	115	68	118	70	120	71	121	71	121	70	120	68	118	65	115	61	112	58	109	56	107	55	105	55	104	56	104	58	104	61	105	65	105	69	104	73	102	76	101	78	100	79	100	79	
17:
73	10.224	25	87	25	86	26	84	28	81	31	77	35	72	39	66	42	59	44	52	45	44	45	37	46	31	48	26	49	22	51	19	54	17	58	16	63	16	69	17	76	19	84	21	92	23	99	26	105	30	110	35	114	41	118	48	121	56	123	65	124	75	124	84	123	92	121	99	118	105	114	110	109	114	103	117	96	119	88	120	79	120	71	119	64	117	58	114	53	110	49	105	46	99	44	92	43	85	41	77	38	68	36	60	35	53	35	47	36	42	37	38	39	35	42	33	46	32	49	32	51	33	53	35	54	38	54	42	53	47	51	53	48	59	44	66	39	72	35	77	31	81	28	84	26	86	25	87	25	87	
18:
83	43.733	55	82	56	81	58	80	60	80	63	80	67	81	71	83	76	86	82	90	87	95	91	100	95	106	98	111	100	116	102	120	103	123	103	125	102	126	100	126	97	125	93	123	89	120	86	116	84	111	83	105	82	98	82	90	83	81	85	71	88	62	92	53	97	45	103	37	109	30	116	24	122	19	127	15	131	11	134	8	136	6	137	5	137	5	136	6	134	8	131	11	127	15	122	19	116	24	109	28	101	31	92	33	82	34	73	35	64	36	56	36	49	37	42	37	36	36	31	34	27	31	24	27	21	22	17	18	13	15	10	13	8	12	7	12	7	13	8	15	10	18	12	22	15	27	18	33	22	40	27	48	31	55	35	61	40	67	45	72	49	76	52	79	54	81	55	82	55	82	
19:
86	35.749	74	0	75	-1	77	-1	80	-1	83	0	87	2	92	5	97	9	102	14	108	20	113	27	117	35	120	44	122	54	123	65	123	75	122	84	120	93	117	101	113	108	108	114	102	119	95	124	87	128	78	131	68	133	57	134	47	134	38	133	30	131	23	128	17	124	12	119	8	113	5	106	3	98	2	89	2	79	2	68	2	57	3	46	3	36	3	27	4	19	4	12	5	6	5	1	5	-3	5	-6	6	-8	8	-9	11	-9	15	-8	20	-6	26	-3	33	1	40	6	48	12	57	19	65	27	72	36	78	44	83	51	87	57	90	62	93	66	96	69	98	71	99	72	99	72	98	71	96	69	93	66	89	62	84	57	79	51	75	44	72	36	70	28	69	21	68	15	68	10	69	6	71	3	73	1	74	0	74	0	
20:
50	7.512	135	59	134	60	132	62	129	65	125	69	120	73	114	77	107	81	99	84	90	86	82	87	74	87	65	87	57	86	49	85	42	84	36	83	31	83	27	84	24	86	22	89	21	93	21	98	22	104	24	109	27	113	31	116	36	118	42	119	49	119	57	120	66	122	75	123	84	123	92	122	99	120	105	117	110	113	114	108	118	103	121	97	123	90	124	84	125	78	126	73	128	69	131	65	133	62	134	60	135	59	135	59	
21:
75	44.427	74	31	75	30	77	28	80	25	84	21	89	16	95	12	102	9	109	6	115	4	120	3	125	2	129	2	132	3	134	5	135	8	135	12	134	17	133	23	131	29	130	36	130	43	131	49	133	55	134	60	134	64	133	67	131	70	128	72	124	73	119	73	113	74	106	76	98	79	89	83	79	88	70	93	61	98	51	103	42	108	34	112	27	115	21	117	16	118	12	118	9	117	7	117	6	116	6	114	7	111	9	109	12	108	16	108	21	109	27	111	34	112	42	112	51	111	59	109	66	106	72	102	77	97	81	91	84	84	87	77	89	69	90	62	90	56	89	51	87	46	84	41	80	37	77	34	75	32	74	31	74	31	
22:
59	7.083	77	136	76	136	74	136	71	135	67	134	62	132	56	129	49	125	41	120	34	114	28	108	23	101	19	93	15	84	12	75	10	67	9	58	9	50	10	42	12	34	15	27	19	21	24	16	30	12	37	9	45	7	54	6	63	6	73	5	82	5	90	5	97	6	103	8	108	11	112	15	115	20	117	26	119	33	120	40	120	46	119	52	117	58	114	63	110	69	105	75	99	80	94	84	90	88	86	92	83	97	81	102	80	108	80	115	79	121	77	126	76	130	76	133	76	135	77	136	77	136	
23:
76	107.008	50	54	51	55	52	57	52	60	51	64	49	69	46	75	42	81	39	87	35	92	30	96	24	99	18	101	13	102	9	102	6	101	4	100	3	100	3	101	4	103	6	106	9	110	13	115	18	121	24	126	31	130	37	133	42	135	47	136	51	136	54	135	56	133	57	130	57	126	56	121	55	115	53	108	52	100	52	91	53	81	55	71	58	62	62	53	67	45	71	38	74	32	76	27	77	23	77	19	76	14	74	9	73	5	73	2	74	0	76	-1	79	-1	83	0	88	2	92	5	95	9	97	14	98	20	98	27	97	33	95	39	92	44	88	49	83	53	77	56	71	58	65	59	60	59	56	58	53	57	51	55	50	54	50	54	
24:
60	5.431	16	107	16	106	16	104	17	101	19	97	22	92	26	88	31	85	37	83	44	82	52	82	61	82	69	82	76	81	82	79	87	76	91	72	94	67	96	61	97	55	97	49	96	44	96	40	95	37	93	35	92	34	91	34	91	35	92	37	94	40	95	44	96	49	96	55	97	62	99	70	100	78	100	86	99	93	99	99	98	104	97	108	96	112	95	115	94	117	92	118	89	118	85	117	80	115	74	112	67	108	60	105	52	102	44	100	37	99	31	99	26	100	22	102	19	104	17	106	16	107	16	107	
25:
68	15.259	118	78	119	79	120	81	121	83	122	86	122	90	123	94	123	97	122	99	120	100	117	100	114	99	111	97	107	95	103	92	100	88	96	84	92	81	87	79	83	78	79	78	76	79	72	81	67	83	61	84	54	84	47	83	39	81	32	78	26	74	21	69	17	63	14	56	12	48	11	40	11	31	12	23	14	15	17	8	21	1	26	-6	32	-12	39	-17	47	-21	55	-24	64	-26	74	-27	84	-27	93	-26	101	-24	108	-21	114	-17	119	-12	123	-7	126	-1	128	6	129	14	129	23	129	33	129	42	128	50	126	57	123	63	120	68	118	72	117	75	117	77	118	78	118	78	
26:
64	1.425	97	46	98	47	98	49	98	52	97	55	95	58	92	60	88	61	83	61	78	60	73	58	69	56	66	55	63	55	60	56	58	58	56	61	55	65	54	70	54	76	54	82	55	89	55	96	56	102	58	107	61	111	64	114	68	116	73	117	78	117	83	116	89	114	95	112	101	109	106	105	110	100	114	94	117	87	119	79	121	70	122	60	122	51	123	42	124	34	125	27	127	21	130	16	132	12	133	9	133	7	132	6	130	6	127	7	123	9	119	12	115	16	111	21	108	27	104	32	101	36	99	40	98	43	97	45	97	46	97	46	
27:
76	39.005	125	19	124	20	122	22	119	25	116	29	112	34	108	40	105	47	103	55	102	64	102	72	103	79	105	85	108	90	112	94	116	97	119	99	121	100	122	102	122	103	121	103	119	102	116	100	112	97	107	93	101	89	94	86	87	84	79	83	70	83	60	83	51	83	43	83	36	84	30	86	25	88	21	91	18	94	16	98	15	101	15	103	16	104	18	104	19	103	19	101	18	98	16	94	13	89	9	83	6	76	3	68	1	59	0	50	0	42	1	35	3	29	6	24	10	20	14	17	19	15	25	14	32	14	40	15	49	17	59	19	70	20	80	20	89	19	97	17	104	15	110	14	115	14	119	15	122	16	124	18	125	19	125	19	
28:
61	22.972	103	11	102	11	100	11	97	11	93	12	88	14	82	16	75	19	67	23	59	27	52	32	46	36	40	39	35	42	30	44	26	47	23	51	21	55	19	60	18	65	18	69	19	72	21	74	24	75	28	75	33	74	39	72	46	71	53	71	61	72	70	73	78	75	85	78	91	82	96	86	100	90	103	93	105	95	106	96	107	96	108	95	110	93	113	90	117	86	122	81	126	75	129	68	131	60	132	52	132	45	131	37	129	30	126	24	122	19	119	15	116	12	112	10	109	9	106	9	104	10	103	11	103	11	
29:
62	1.397	75	82	76	83	78	85	81	86	85	86	88	85	92	83	97	80	101	76	104	71	106	66	107	62	107	59	106	57	104	56	101	56	97	56	92	56	86	55	81	53	75	50	70	47	66	43	63	38	59	32	55	26	52	21	50	17	49	14	49	12	49	11	50	11	50	12	51	14	53	17	56	21	58	26	59	32	59	38	59	45	58	53	56	61	53	68	49	74	45	79	42	83	40	86	39	88	39	89	40	89	42	88	45	86	48	83	51	81	55	79	60	77	65	76	69	76	72	77	74	79	75	81	75	82	75	82	
30:
56	0.972	87	3	86	4	84	6	81	9	77	13	72	17	67	21	61	24	54	27	46	31	39	34	33	38	28	43	24	49	21	54	19	59	18	64	18	70	19	77	21	85	24	93	28	101	33	108	39	114	45	119	50	123	54	126	57	128	59	129	61	129	62	128	62	126	61	123	60	119	60	115	59	110	57	104	56	97	56	91	57	84	59	77	61	70	64	62	68	54	73	47	78	40	83	34	87	29	90	24	92	20	93	16	93	12	92	9	90	6	88	4	87	3	87	3	
31:
74	99.984	41	73	41	72	41	70	42	67	44	63	46	58	49	53	51	47	52	40	52	32	51	25	49	19	46	14	42	9	38	5	34	2	31	0	29	-1	28	-1	28	0	29	2	31	5	34	9	37	14	41	19	46	24	52	28	58	31	65	33	73	34	82	35	90	35	98	36	105	38	111	40	116	43	120	46	123	48	125	49	126	49	126	48	125	46	123	43	120	40	116	37	112	35	107	33	101	32	94	32	88	33	82	35	77	38	73	42	69	47	66	53	62	60	58	68	55	75	52	81	50	86	49	90	49	93	50	95	52	96	53	96	53	95	52	93	50	90	47	86	45	83	43	79	42	76	41	74	41	73	41	73	
32:
69	3.859	124	98	123	99	121	101	118	103	114	104	109	104	104	103	98	101	93	98	88	94	84	89	81	85	79	81	78	76	78	70	79	63	81	56	83	50	86	45	90	41	95	38	99	36	103	35	106	35	108	36	109	38	109	41	108	44	106	48	103	53	99	57	94	60	89	62	83	63	76	63	68	62	59	60	50	57	41	54	33	52	26	51	20	51	15	52	11	54	8	57	6	61	5	66	5	70	6	75	8	81	11	86	15	91	20	95	26	98	33	100	41	102	50	105	60	108	70	111	79	113	88	114	96	114	103	113	109	111	114	108	118	104	121	101	123	99	124	98	124	98	
33:
69	17.764	119	29	120	30	120	32	119	35	118	39	117	44	116	50	116	57	117	65	119	74	120	84	120	94	119	103	118	111	116	118	113	124	109	129	104	133	98	136	91	138	83	139	74	139	64	138	55	136	46	133	38	131	30	128	23	125	17	122	12	118	8	113	5	107	3	100	2	93	2	87	3	82	5	78	8	75	11	73	15	72	20	70	26	67	31	63	35	58	39	52	43	45	48	37	54	30	61	23	69	17	78	12	88	8	97	4	105	1	112	-1	118	-2	123	-2	127	-1	130	0	132	2	133	5	133	9	132	14	130	19	127	23	125	26	122	28	120	29	119	29	119	29	
34:
55	3.276	35	100	36	99	38	97	40	94	43	90	46	85	49	79	52	73	56	68	61	64	67	61	74	59	81	58	87	58	92	57	96	55	99	52	101	48	102	43	102	38	102	34	101	30	101	26	102	23	104	21	107	20	111	20	116	21	122	23	127	26	131	30	134	35	136	41	137	48	137	56	136	63	134	69	131	74	127	80	123	85	118	89	112	92	105	94	97	95	89	95	80	94	71	94	63	94	56	95	50	96	45	96	41	96	38	97	36	99	35	100	35	100	
35:
66	52.114	80	85	79	84	77	83	74	82	70	82	65	83	60	85	55	88	51	92	48	95	46	99	45	104	45	109	46	114	48	118	50	121	53	123	57	124	62	124	68	123	75	121	83	118	92	114	101	109	109	104	116	98	122	92	127	85	131	77	134	70	136	64	137	59	137	55	136	52	134	50	131	49	127	49	122	48	116	48	110	47	103	45	97	42	92	38	88	34	85	29	83	25	82	22	81	20	80	19	78	19	77	20	77	22	77	25	76	28	74	32	72	37	70	43	69	50	68	57	68	64	69	70	71	75	74	79	77	82	79	84	80	85	80	85	
36:
67	15.302	127	28	128	29	130	31	133	34	137	38	141	43	145	49	148	56	150	64	151	73	151	83	150	92	148	100	147	108	145	115	143	121	140	126	136	130	131	133	125	135	118	136	110	136	101	135	91	133	81	130	71	126	62	123	54	121	47	120	40	120	34	121	29	123	24	124	20	124	17	123	15	121	14	118	14	114	15	109	17	103	20	97	24	92	29	88	35	84	42	81	50	79	58	76	67	73	76	69	86	64	95	58	103	51	110	44	116	37	121	31	125	26	128	22	130	19	131	17	132	16	133	16	133	17	133	19	132	22	130	25	128	27	127	28	127	28	
37:
73	2.915	9	107	9	108	9	110	10	113	12	117	15	122	19	126	24	129	30	131	37	132	45	133	53	133	62	132	71	130	79	127	86	123	92	118	97	112	101	105	104	97	106	90	107	84	107	79	106	75	104	72	101	70	97	69	92	69	86	70	80	72	75	75	71	78	68	80	66	81	63	81	61	80	60	79	60	77	61	74	63	70	66	65	70	59	75	53	81	48	86	44	92	41	97	39	101	37	104	36	106	34	107	31	107	29	106	28	104	28	101	27	97	27	92	28	86	30	79	33	71	37	62	42	53	48	44	55	36	63	29	71	23	79	18	86	14	92	11	97	9	101	8	104	8	106	9	107	9	107	
38:
74	4.207	93	20	92	19	90	17	87	14	83	10	78	6	72	3	65	1	57	0	49	0	42	0	36	1	31	3	27	6	24	10	22	14	21	19	21	25	22	32	24	38	27	43	31	47	36	50	41	53	46	55	50	56	53	56	55	55	56	53	56	50	55	48	53	47	50	47	46	48	41	50	35	53	30	57	26	62	23	68	21	75	20	81	20	88	21	95	23	103	25	110	26	116	28	121	31	125	35	129	40	132	46	134	52	135	59	135	65	134	70	132	74	129	79	125	85	120	92	115	98	109	103	102	107	94	110	85	112	75	113	65	113	56	112	48	110	41	107	35	103	30	99	26	96	23	94	21	93	20	93	20	
39:
50	1.202	57	130	58	129	60	127	63	124	67	120	72	115	78	109	85	102	93	96	102	91	110	86	117	82	123	78	128	73	132	68	135	62	137	56	138	51	138	47	137	44	135	42	132	41	128	41	123	42	117	42	110	43	102	45	93	48	84	52	76	56	68	60	61	65	55	71	50	76	46	80	42	83	39	86	37	90	36	95	36	101	37	107	37	113	38	118	40	122	43	125	47	127	51	128	54	128	56	129	57	130	57	130	
40:
64	5.394	96	59	97	60	99	62	102	65	106	69	109	74	113	80	116	87	120	93	124	100	128	106	131	111	133	115	134	118	134	120	133	121	131	121	128	120	124	119	119	119	113	120	106	121	98	123	89	126	81	130	73	133	65	135	58	137	52	138	47	138	43	137	40	135	38	132	37	128	36	123	36	117	37	110	39	102	42	93	46	84	50	74	53	64	55	55	56	47	56	40	56	34	56	29	57	25	59	22	62	20	64	19	66	19	69	20	73	22	76	25	78	29	79	33	81	38	83	44	86	49	90	53	93	56	95	58	96	59	96	59	
41:
78	73.642	108	65	109	66	111	68	113	71	116	75	120	80	125	86	129	93	132	101	134	109	135	116	135	122	134	129	132	135	129	141	125	146	120	150	114	153	107	155	100	157	92	158	84	158	75	157	67	155	60	152	54	148	49	144	45	139	42	133	40	127	37	121	33	114	28	106	23	99	19	93	16	87	14	82	13	78	13	75	14	73	16	72	19	72	23	72	27	72	32	71	38	69	44	67	50	64	55	60	59	55	62	49	64	42	65	34	65	26	64	19	63	13	63	8	64	4	66	1	69	-1	73	-2	78	-2	83	-1	89	1	94	4	98	8	101	13	103	19	105	25	107	32	108	39	108	45	107	50	106	55	106	59	107	62	107	64	108	65	108	65	
42:
71	13.2	129	20	129	21	129	23	129	26	129	30	129	35	130	40	130	46	129	51	127	55	124	58	120	60	115	61	109	61	103	60	98	59	94	58	91	58	89	59	88	61	88	64	89	68	91	73	94	79	98	86	101	93	103	99	104	104	104	108	103	111	101	114	98	116	94	117	89	117	83	116	76	114	68	111	59	107	50	103	41	98	33	92	26	85	20	77	15	69	11	60	8	51	6	43	5	36	5	30	6	25	8	21	11	18	15	16	20	15	26	15	32	16	39	17	47	19	55	22	64	25	74	27	84	29	93	31	101	32	108	32	114	31	119	29	123	26	126	23	128	21	129	20	129	20	
43:
62	6.624	64	26	63	25	61	25	58	24	55	22	51	20	46	19	40	19	33	20	26	22	20	25	15	29	10	34	6	40	3	47	1	53	0	58	0	62	1	65	3	67	6	68	10	68	15	68	21	69	28	71	36	73	45	76	55	80	64	85	72	89	79	92	85	94	90	95	94	95	97	95	99	94	100	92	100	89	99	86	97	82	95	78	94	75	94	72	95	68	97	64	100	61	102	58	104	54	105	49	105	43	104	38	102	34	99	31	95	29	90	28	84	28	79	29	74	29	70	28	67	28	65	27	64	26	64	26	
44:
67	4.008	56	25	57	26	59	28	62	31	66	35	71	39	75	42	80	44	85	45	90	45	95	44	100	42	105	39	110	35	114	30	117	26	120	22	123	19	127	17	131	16	134	16	136	17	137	19	137	22	136	24	134	26	131	29	127	33	122	38	116	44	111	51	107	59	104	68	102	78	101	88	101	97	101	105	101	112	100	118	99	123	97	127	94	130	90	133	85	135	79	136	72	136	66	135	61	133	56	130	51	126	45	121	40	115	36	108	33	100	31	91	30	82	30	74	31	66	33	59	36	53	39	46	42	40	46	35	50	31	53	28	55	26	56	25	56	25	
45:
66	16.923	26	15	25	16	23	17	21	19	19	22	18	25	18	27	19	29	21	31	24	32	28	32	33	32	38	32	42	33	45	35	47	38	48	42	48	47	47	53	45	60	42	68	38	77	33	86	28	94	24	101	21	107	19	112	18	116	18	119	19	121	21	122	24	122	28	122	33	122	39	122	46	122	54	121	61	120	67	118	73	115	78	111	82	106	85	100	87	93	88	85	88	76	87	66	85	57	82	49	80	42	79	35	79	29	78	24	76	20	73	16	69	12	64	9	58	7	52	6	46	6	41	7	36	8	32	10	29	12	27	14	26	15	26	15	
46:
59	14.279	12	52	13	53	15	55	18	58	22	62	27	67	33	73	40	80	48	86	55	91	63	95	71	98	80	101	89	103	97	104	104	104	110	103	116	101	121	98	125	96	128	94	130	93	131	93	131	94	130	96	128	99	125	103	121	108	116	112	111	116	106	121	102	125	97	128	91	130	84	131	76	131	68	130	60	128	53	125	46	121	38	116	31	112	24	109	17	107	11	105	6	103	2	101	-1	98	-3	95	-4	91	-4	86	-3	80	-1	73	2	67	6	62	9	58	11	55	12	53	12	52	12	52	
47:
68	34.398	61	61	61	60	60	59	60	57	59	54	58	50	57	45	56	39	56	32	57	25	59	19	62	14	66	10	71	7	77	5	84	4	92	4	100	5	107	6	113	8	118	10	122	13	125	17	127	22	128	27	128	33	127	38	125	43	122	48	118	54	113	61	107	69	100	78	92	86	83	93	73	99	63	104	54	109	46	113	39	117	33	121	28	124	23	126	17	127	10	127	4	126	-1	124	-5	121	-8	117	-10	112	-11	106	-11	99	-10	91	-8	84	-5	78	-1	73	4	69	10	66	17	64	25	63	33	63	40	63	46	64	51	65	55	65	58	64	60	62	61	61	61	61	
48:
59	3.465	9	86	9	85	8	83	7	80	5	76	4	71	4	65	5	58	7	50	10	42	14	34	19	26	25	19	32	13	40	8	48	4	57	1	65	-1	73	-2	80	-2	86	-1	91	1	95	4	98	8	100	13	101	19	101	26	100	33	98	41	95	50	91	59	86	68	80	78	75	87	71	95	66	102	60	108	54	113	49	117	45	120	42	122	40	123	38	123	36	122	35	120	35	117	36	113	36	108	36	103	35	98	33	93	30	89	26	86	21	84	17	83	14	83	12	84	10	85	9	86	9	86	
49:
73	10.524	55	81	55	80	55	78	56	76	57	73	58	69	59	64	59	58	58	51	57	44	57	36	58	28	60	21	63	15	66	10	70	6	74	3	79	1	85	0	92	0	100	1	107	3	113	6	118	10	122	15	126	21	129	28	132	35	136	43	139	52	141	62	142	73	142	83	141	92	139	100	136	107	132	113	127	118	121	122	114	125	107	127	100	128	94	128	89	127	84	125	79	122	74	120	69	119	63	119	56	120	49	122	42	124	36	127	30	131	25	134	21	136	18	137	16	137	15	136	15	134	16	131	18	128	20	124	22	119	25	113	29	106	34	100	40	95	45	91	49	87	52	84	54	82	55	81	55	81	
50:
59	0.87	41	15	42	16	43	18	43	21	43	25	42	30	40	35	38	41	35	48	31	54	26	60	21	66	17	72	14	79	12	87	11	94	11	102	12	109	13	115	15	120	18	125	22	129	26	132	30	134	33	135	35	135	36	134	36	132	35	129	35	125	36	120	38	114	39	108	41	102	44	95	48	87	53	78	59	68	66	59	72	50	77	42	81	35	84	29	86	24	87	19	87	14	86	10	84	7	81	4	77	2	72	1	66	1	60	2	55	4	51	6	47	9	44	12	42	14	41	15	41	15	
51:
69	23.175	128	101	127	100	125	98	122	95	120	91	118	86	116	80	115	73	115	67	116	61	118	56	121	52	125	49	128	47	130	46	131	46	131	47	130	49	128	52	125	55	121	57	116	58	110	58	103	57	95	55	87	52	80	49	73	45	67	41	62	36	58	30	55	24	53	19	51	15	49	12	46	10	42	9	37	9	32	10	26	12	21	14	17	17	14	21	12	26	11	32	11	39	12	47	13	56	14	66	16	76	19	85	23	93	28	100	34	106	41	111	49	115	58	118	68	120	78	121	87	121	95	121	102	120	108	118	113	115	118	111	122	107	125	104	127	102	128	101	128	101	
52:
62	22.202	13	127	14	126	16	125	19	123	21	120	24	116	28	111	33	106	39	102	46	99	53	97	61	96	70	96	78	97	86	99	94	102	101	106	107	111	114	116	120	120	125	123	129	125	132	126	135	126	137	127	138	129	138	132	137	134	135	135	132	135	128	134	123	132	117	129	111	125	104	120	96	115	88	109	81	102	74	95	68	88	62	82	55	77	47	73	40	70	34	68	29	67	24	67	20	68	17	70	15	73	14	77	14	82	15	87	15	93	14	100	14	106	13	112	12	117	11	121	11	124	12	126	13	127	13	127	
53:
72	6.871	133	98	132	97	130	95	127	93	123	90	119	88	114	85	108	83	101	82	93	82	84	83	76	85	69	88	63	91	58	95	54	100	51	106	49	113	47	119	46	124	44	128	41	131	37	133	33	134	29	134	25	133	22	131	20	128	19	124	19	119	20	113	22	106	25	98	29	90	34	82	39	73	43	65	46	56	48	47	49	39	49	32	48	26	46	20	43	15	39	11	35	8	32	6	30	5	29	4	29	3	30	1	32	0	35	0	39	1	44	3	50	6	57	10	65	15	73	21	82	28	91	36	99	45	106	54	113	62	119	70	124	77	128	83	131	88	133	92	134	95	134	97	133	98	133	98	
54:
76	18.904	35	102	36	101	38	99	39	96	41	92	43	87	45	81	48	76	52	72	57	69	63	67	70	66	78	66	87	67	96	69	105	71	113	74	120	78	126	83	131	89	135	94	138	98	140	101	141	103	141	104	140	104	138	103	135	101	131	98	126	94	120	89	115	83	111	76	108	68	106	59	105	50	105	42	106	34	108	27	111	21	115	16	119	11	122	6	124	2	125	-2	125	-6	124	-9	122	-11	119	-12	115	-12	110	-11	105	-9	99	-6	92	-2	86	3	79	9	72	16	66	24	61	33	55	42	48	50	41	58	35	66	30	73	26	80	23	86	21	91	20	96	20	100	21	103	23	105	26	106	29	106	32	105	34	103	35	102	35	102	
55:
64	17.08	5	20	6	21	7	23	9	25	12	26	16	27	21	27	27	26	32	24	36	22	39	21	41	21	42	22	43	24	45	27	48	31	52	36	57	42	63	49	70	56	77	64	84	73	92	82	99	90	105	97	110	103	114	108	117	113	119	117	120	120	120	122	119	124	117	126	114	129	110	131	105	132	99	132	92	131	84	129	76	126	69	122	63	118	58	113	53	108	49	103	46	97	44	90	43	83	43	75	44	68	45	60	45	52	44	44	42	37	39	31	35	26	31	22	26	19	20	17	15	16	11	16	8	17	6	19	5	20	5	20	
56:
73	77.29	99	96	98	95	96	94	94	93	91	93	87	93	82	94	76	96	69	99	61	103	54	108	48	113	42	117	37	120	33	122	29	123	25	123	22	122	20	120	17	117	13	113	8	108	4	102	1	95	-2	87	-4	78	-5	68	-5	59	-4	51	-2	44	1	37	5	31	10	26	15	22	19	19	22	17	24	16	25	16	26	17	26	19	27	22	29	26	32	31	35	37	39	44	44	52	50	60	56	67	63	73	70	78	78	82	86	85	95	87	103	88	110	88	116	87	121	85	125	83	128	82	130	82	131	83	131	84	130	86	128	88	125	91	122	94	118	96	113	97	109	97	105	97	102	97	100	96	99	96	99	96	
57:
67	12.558	33	26	32	27	32	29	33	32	33	36	34	41	36	47	38	53	39	58	41	62	43	65	46	67	50	68	55	68	60	67	66	65	73	62	80	58	86	54	91	49	96	45	100	42	103	40	106	39	108	39	109	40	109	42	108	45	106	49	103	54	99	59	94	65	88	72	81	79	73	86	66	94	59	102	52	110	46	117	41	123	37	128	34	132	31	135	29	137	28	138	27	138	26	137	26	135	27	132	27	128	27	123	27	117	27	110	26	102	24	93	21	83	19	73	18	64	18	56	18	49	19	43	21	38	24	34	27	31	30	29	32	27	33	26	33	26	
58:
61	16.743	8	97	9	98	11	100	14	103	18	105	23	106	29	106	36	105	43	103	51	100	58	96	64	91	70	85	75	80	80	76	85	73	91	71	98	70	106	70	114	70	121	70	128	69	134	67	139	64	143	60	146	55	149	49	151	42	152	34	152	27	151	20	149	14	146	9	142	5	137	0	131	-4	124	-7	116	-9	107	-11	97	-12	86	-12	76	-11	66	-9	57	-6	49	-2	42	3	36	9	31	16	26	24	22	33	19	42	17	52	16	61	16	69	17	76	17	82	16	87	14	91	11	94	9	96	8	97	8	97	
59:
85	223.833	65	10	66	9	68	8	71	8	75	8	80	9	86	11	93	14	101	18	110	23	118	29	125	36	131	44	136	53	140	63	143	74	145	85	146	95	146	104	145	112	143	119	140	125	136	130	131	134	125	137	118	139	110	140	103	140	97	139	91	137	86	134	82	130	79	125	76	119	74	112	71	104	68	95	64	87	61	80	58	74	54	69	50	65	46	62	43	60	41	59	39	59	37	60	36	62	36	65	37	69	37	74	38	80	38	86	37	91	35	95	33	98	30	100	26	101	21	101	15	100	9	98	4	95	0	91	-3	86	-5	80	-6	75	-6	71	-5	68	-3	65	0	63	4	62	9	61	15	59	22	56	30	53	38	49	45	44	51	38	56	31	60	25	63	20	65	16	66	13	66	11	65	10	65	10	
60:
72	9.72	3	89	4	88	6	86	9	83	13	81	18	80	24	80	31	81	38	83	46	86	54	90	61	93	67	97	73	101	79	104	84	106	88	107	91	108	93	110	94	111	94	112	93	113	91	115	89	117	87	119	86	122	86	126	87	129	89	131	92	132	96	132	101	131	107	129	114	126	120	122	125	117	129	111	132	104	134	96	137	87	141	77	144	66	146	56	147	46	147	37	146	29	144	22	141	16	137	11	132	7	128	4	124	2	119	1	113	1	106	2	98	4	89	7	79	11	69	16	60	22	52	29	44	37	36	45	29	53	23	61	18	68	13	74	9	79	6	83	4	86	3	88	3	89	3	89	
61:
63	11.499	80	43	79	44	77	46	75	48	72	49	68	49	65	48	63	46	62	43	62	39	63	34	64	30	64	27	63	25	61	24	58	24	54	23	49	21	43	20	36	20	29	21	23	23	18	26	13	30	9	35	6	41	4	48	3	56	3	64	4	73	6	82	9	90	13	97	18	103	24	108	31	112	39	115	48	117	57	118	65	118	72	117	78	115	84	112	89	108	93	103	96	97	98	90	101	82	103	75	106	69	108	64	109	60	109	57	108	55	106	54	103	54	99	54	95	53	90	51	86	49	83	46	81	44	80	43	80	43	
62:
71	22.563	131	75	130	75	128	75	125	76	121	78	116	81	112	85	109	90	107	94	104	97	100	99	95	100	89	100	82	99	75	97	67	94	60	91	52	89	44	88	36	88	29	89	23	91	18	94	14	98	11	103	9	108	8	113	8	117	9	120	11	122	14	123	18	123	23	122	29	120	36	117	44	113	53	108	61	102	68	95	74	87	80	78	85	68	89	58	92	49	94	40	95	32	95	25	94	19	92	14	91	10	90	7	90	5	91	4	93	4	96	4	100	5	105	7	111	10	117	14	122	19	127	25	131	32	134	40	136	47	137	54	137	60	137	65	136	69	134	72	132	74	131	75	131	75	
63:
85	36.01	38	100	37	99	35	98	32	96	28	93	24	89	21	84	19	79	18	75	18	70	19	64	21	59	24	55	28	52	33	50	39	49	46	49	53	50	61	52	70	55	78	59	85	64	91	70	96	76	100	82	104	87	107	91	109	94	111	96	113	97	116	97	118	96	119	94	119	91	118	87	117	82	115	76	112	69	108	61	103	54	97	48	90	43	84	38	78	34	73	31	69	29	66	28	64	28	63	29	63	31	64	34	66	36	69	39	73	41	78	42	84	42	91	41	98	39	105	36	111	32	116	27	120	22	123	18	125	15	126	13	126	12	125	12	123	13	120	15	116	18	111	22	105	27	98	33	91	40	84	48	78	56	71	64	64	72	58	79	53	85	48	90	44	94	41	97	39	99	38	100	38	100	
64:
74	20.377	97	133	97	132	96	130	95	127	93	123	92	118	90	113	87	109	83	106	78	104	72	103	65	103	57	104	49	106	42	109	35	113	29	118	24	124	19	129	15	133	11	136	8	138	6	139	5	139	5	138	4	136	2	133	1	129	1	124	2	118	4	111	6	103	9	96	13	90	18	85	23	80	29	76	34	73	38	71	41	70	43	70	44	71	45	73	47	74	50	74	54	73	59	72	65	70	72	68	80	67	88	66	95	66	103	67	111	69	118	72	124	76	129	80	133	85	136	91	138	96	139	101	139	105	138	109	136	112	133	114	129	117	124	119	118	120	112	122	107	124	103	127	100	130	98	132	97	133	97	133	
65:
70	9.03	32	115	31	115	29	115	26	116	22	118	17	119	12	119	8	118	4	116	1	113	-1	109	-2	104	-2	100	-1	97	1	95	4	94	8	94	13	95	19	97	26	100	34	104	43	108	53	112	64	115	76	118	87	120	98	121	108	121	117	120	125	119	132	117	138	114	143	110	147	105	150	99	152	92	153	84	153	75	152	66	150	58	147	51	143	45	138	40	132	36	127	33	123	31	119	30	116	30	114	31	113	33	113	36	113	40	112	45	110	51	107	58	103	66	98	73	92	79	86	84	79	89	71	93	63	96	56	100	50	104	45	107	41	109	38	110	35	112	33	114	32	115	32	115	
66:
81	64.063	84	61	83	62	81	64	78	67	74	71	69	76	65	82	60	87	55	92	51	96	48	101	46	107	45	114	45	122	46	129	48	135	51	140	55	144	60	147	66	149	72	150	79	150	85	149	90	147	94	144	97	141	99	138	100	136	100	134	99	132	97	130	94	127	90	123	85	118	79	112	72	105	64	97	55	88	47	80	40	71	34	62	29	54	25	46	22	39	20	33	19	28	19	24	20	21	21	19	23	18	26	18	30	19	33	21	37	24	42	28	48	33	55	39	62	45	69	50	76	54	84	57	92	59	99	60	105	60	110	59	114	57	117	55	119	54	120	53	120	53	119	54	117	56	114	59	110	62	105	64	99	65	94	65	90	65	87	64	85	62	84	61	84	61	
67:
72	106.383	6	78	6	77	5	75	5	72	6	68	6	63	6	57	5	50	5	42	5	33	6	25	8	18	10	12	13	7	17	3	20	0	24	-2	29	-4	35	-5	41	-5	48	-4	54	-2	59	1	63	5	66	10	68	16	69	23	71	31	74	39	78	46	83	54	88	61	93	67	97	72	100	76	102	79	104	81	105	82	105	83	104	83	102	82	99	82	96	83	93	85	91	88	90	92	90	97	90	103	91	110	93	117	94	123	94	128	93	132	91	135	88	137	84	138	79	138	73	137	66	135	58	132	49	128	41	123	34	117	27	110	21	103	16	97	12	92	9	88	7	84	6	81	6	79	6	78	6	78	
68:
78	4.648	109	92	109	91	110	89	112	86	114	82	116	77	119	71	122	64	124	56	125	47	125	38	126	30	126	23	125	17	123	12	120	8	116	5	111	3	105	2	99	2	92	2	84	3	75	4	65	4	56	5	48	7	41	10	35	13	30	17	26	22	23	28	21	35	20	43	20	52	21	60	23	67	26	73	29	78	33	82	38	85	44	87	51	88	58	88	64	87	69	87	73	86	76	84	78	82	79	81	79	81	78	81	76	82	73	84	69	87	64	91	60	96	56	101	53	107	51	113	50	118	50	122	51	125	53	127	56	128	60	128	65	128	71	127	78	126	85	124	91	121	96	117	100	112	103	107	105	102	106	98	107	95	108	93	109	92	109	92	
69:
65	5.247	115	102	115	101	114	99	112	96	109	92	105	89	101	87	96	86	92	85	89	83	87	80	85	76	84	71	84	65	85	58	87	51	89	44	91	38	92	33	92	29	91	26	89	24	86	23	82	23	79	24	75	26	70	29	64	33	57	38	50	43	44	49	39	56	35	64	32	73	30	83	29	93	29	102	30	110	32	117	35	123	39	128	43	132	48	135	54	137	61	138	69	138	77	137	86	135	94	132	102	128	109	123	115	119	120	115	124	111	127	108	129	106	130	104	130	102	129	100	127	99	124	99	121	99	118	100	116	101	115	102	115	102	
70:
56	15.39	80	90	81	89	83	87	86	84	90	80	95	75	99	69	102	62	104	54	105	47	105	39	104	32	102	26	99	21	95	17	91	13	88	10	85	8	81	7	76	7	72	8	68	10	65	13	63	17	61	22	59	28	56	35	53	42	49	50	44	59	38	67	33	74	29	80	26	85	24	91	23	96	23	101	24	105	26	108	29	110	33	111	36	111	38	110	39	108	41	105	43	101	46	96	50	92	54	89	59	87	65	86	70	86	74	86	77	87	79	89	80	90	80	90	
71:
65	5.183	64	67	65	68	67	70	70	73	74	77	79	81	85	85	92	88	100	90	107	91	113	91	118	90	122	88	125	85	127	81	129	76	130	70	130	65	129	59	127	54	124	50	120	46	115	43	109	41	102	40	94	40	85	41	75	43	64	45	53	48	42	50	32	52	23	55	15	59	8	64	1	69	-5	75	-10	82	-14	90	-17	99	-19	107	-20	114	-20	120	-20	125	-19	129	-17	132	-14	134	-10	135	-5	135	1	134	8	132	14	129	19	125	25	120	31	114	36	107	41	99	47	92	52	86	56	81	59	77	61	73	62	70	63	68	64	67	64	67	
72:
82	44.119	107	112	108	113	109	115	109	118	108	122	106	126	103	130	99	133	94	135	88	136	81	136	73	135	64	133	54	130	44	126	35	122	27	119	20	115	14	110	9	104	5	98	2	91	0	83	-1	74	-1	66	-1	58	0	51	2	45	5	40	9	36	14	33	20	31	27	30	34	30	40	31	45	33	49	36	53	39	56	43	58	46	59	48	59	49	58	49	56	48	55	46	55	43	55	39	56	34	58	28	61	21	65	15	70	10	76	6	83	3	90	1	96	0	101	0	105	1	108	3	110	6	111	10	111	15	110	21	108	28	105	36	101	44	98	53	94	62	90	70	87	78	85	85	84	91	84	97	85	102	87	106	90	109	94	111	98	113	101	114	104	114	106	113	107	112	107	112	
73:
75	28.482	128	61	127	60	125	58	122	55	118	51	113	47	107	43	100	38	92	32	83	27	74	22	64	18	54	15	45	13	37	12	30	12	24	12	19	13	15	15	12	18	10	22	9	27	9	33	10	39	12	44	15	49	19	53	23	58	26	63	28	69	29	75	29	82	28	90	26	97	23	104	20	110	16	115	13	119	10	122	8	125	7	128	7	130	8	132	10	133	13	133	17	133	22	134	28	135	35	137	43	138	51	138	59	137	66	135	72	132	77	129	81	125	84	120	86	114	87	108	87	101	86	93	86	85	86	78	87	72	89	67	92	63	96	60	101	58	107	56	113	55	118	55	122	56	125	58	127	60	128	61	128	61	
74:
65	25.394	133	108	133	107	133	105	133	102	133	98	132	93	132	87	133	80	133	72	132	63	130	54	127	46	125	39	124	33	122	28	119	24	116	21	113	19	109	18	104	18	98	19	91	21	84	22	76	23	67	23	59	22	52	21	46	20	41	19	37	19	34	20	32	22	31	25	31	29	32	34	34	38	37	41	41	43	46	44	52	45	57	45	62	45	67	44	71	43	74	43	76	44	77	46	79	49	82	53	86	58	91	63	96	69	100	76	103	84	107	91	110	97	112	102	114	106	116	109	119	111	123	112	127	112	130	111	132	109	133	108	133	108	
75:
70	69.718	35	120	34	119	32	117	29	114	25	110	22	105	19	99	17	92	15	84	13	75	12	65	12	55	13	46	15	38	17	31	19	25	21	20	22	16	24	13	27	11	31	10	36	10	42	10	49	11	57	13	66	15	76	16	85	16	93	15	100	13	106	10	111	8	115	7	119	7	122	8	124	10	125	13	125	17	124	22	122	28	119	35	115	41	110	46	104	50	97	53	90	55	84	56	79	57	75	58	72	60	69	63	67	67	66	72	66	78	67	85	68	93	70	100	71	106	71	111	70	115	68	118	65	120	61	121	56	121	50	121	45	121	41	121	38	120	36	120	35	120	35	120	
76:
71	27.54	136	126	135	125	133	125	130	125	126	125	121	126	115	128	108	129	102	131	95	132	87	133	79	133	72	132	66	130	61	127	56	124	52	120	49	115	47	109	46	102	46	94	47	85	48	76	49	68	50	61	50	55	49	50	47	46	44	43	40	41	35	40	29	40	23	40	18	41	14	43	11	46	8	50	6	55	5	61	5	68	5	76	6	85	8	93	9	100	9	106	8	111	8	115	9	118	11	120	14	121	17	121	21	120	25	118	29	115	34	112	40	109	47	107	54	106	62	105	71	104	81	104	91	105	100	107	108	108	115	110	121	113	126	117	130	120	133	123	135	125	136	126	136	126	
77:
73	17.17	15	116	14	117	12	119	10	122	9	125	9	127	10	128	12	128	15	127	19	125	24	122	30	118	37	115	45	113	54	112	63	112	72	113	80	115	87	118	94	122	100	125	105	127	109	128	112	128	114	127	115	125	115	122	114	119	113	115	113	110	112	104	111	97	109	89	108	80	107	70	105	61	102	53	99	46	95	40	90	35	86	31	83	28	79	26	74	25	68	25	63	26	59	28	56	31	54	35	53	40	53	46	54	53	56	61	59	70	62	80	64	89	65	97	65	104	65	111	64	117	63	122	61	126	58	129	54	131	49	132	43	132	36	131	30	129	25	126	21	122	18	119	16	117	15	116	15	116	
78:
95	83.405	56	44	55	45	55	47	55	50	56	54	58	59	61	64	65	70	69	76	74	82	79	87	84	91	90	94	97	96	103	97	108	97	112	96	116	94	120	91	124	87	127	83	130	78	134	72	137	65	139	57	140	49	140	42	139	36	137	31	134	27	130	24	127	22	124	21	120	21	115	22	109	24	102	27	94	31	85	36	77	42	70	49	64	56	58	64	53	73	49	83	46	93	43	102	41	110	40	117	38	123	37	128	36	132	34	135	31	137	27	138	22	138	16	137	9	135	2	132	-5	128	-11	123	-16	117	-21	110	-25	103	-28	95	-30	86	-31	76	-31	65	-30	54	-28	44	-25	35	-21	27	-17	20	-12	14	-6	9	1	5	9	2	16	0	24	-1	32	-1	40	-1	47	0	53	2	58	3	62	5	65	8	67	12	68	17	68	23	67	29	65	34	62	38	59	41	57	43	56	44	56	44	
79:
68	2.645	10	53	11	54	13	56	16	59	20	63	25	68	30	74	36	81	43	89	50	97	58	105	67	112	76	118	84	123	91	127	97	130	102	132	106	133	109	133	112	132	114	130	115	127	115	123	114	118	112	112	109	105	105	97	102	88	100	79	99	71	98	64	98	58	99	53	101	49	104	45	107	41	109	36	110	31	110	27	110	24	109	22	107	20	104	19	100	19	96	20	91	22	85	25	78	29	71	32	63	34	54	35	44	36	35	36	27	35	20	33	14	31	9	29	5	28	2	28	0	29	-1	31	-1	34	0	38	2	43	5	47	7	50	9	52	10	53	10	53	
80:
69	15.912	94	117	93	118	91	120	88	122	84	123	79	123	74	122	70	120	67	117	65	113	63	108	62	102	62	97	61	93	59	89	56	86	52	84	48	83	44	83	41	83	39	84	38	84	38	83	39	81	41	78	44	74	46	69	47	63	47	56	46	50	44	44	41	38	37	33	32	28	26	24	20	21	15	18	11	16	8	13	6	9	5	4	5	-1	6	-5	8	-8	11	-10	15	-11	20	-11	26	-10	33	-8	41	-5	49	-1	56	4	62	10	67	17	71	24	74	32	76	41	77	51	77	62	77	72	77	81	78	89	79	96	81	102	84	107	88	111	91	114	93	116	94	117	94	117	
81:
79	55.383	100	35	101	36	103	38	106	41	110	45	115	50	119	56	123	62	126	68	128	75	129	83	129	91	129	100	128	108	126	115	123	121	119	126	114	130	108	133	101	135	93	136	84	136	75	135	66	133	58	130	51	126	45	121	40	115	36	110	33	106	31	103	30	101	30	100	31	100	33	101	36	103	38	105	39	108	39	110	38	111	36	112	33	112	30	111	26	109	23	106	21	102	20	97	20	91	21	84	23	76	26	68	30	59	35	49	41	40	48	31	56	23	65	16	75	10	85	5	94	1	102	-3	109	-6	115	-8	120	-9	124	-9	127	-8	129	-6	130	-3	130	1	129	6	127	10	124	15	120	20	115	25	110	29	106	32	103	34	101	35	100	35	100	35	
82:
73	50.749	18	109	19	110	21	112	24	115	28	118	33	122	39	127	45	131	52	134	59	136	65	137	70	137	74	136	77	134	80	131	84	127	88	122	92	117	97	113	103	110	110	108	117	107	123	107	128	107	132	106	135	104	137	101	138	98	138	94	137	90	135	85	132	79	129	72	126	66	124	61	123	56	123	51	123	46	122	42	120	39	117	37	113	36	109	36	104	37	98	38	91	38	83	37	74	35	64	32	55	28	45	25	36	22	28	20	21	19	15	19	10	20	6	22	2	25	-2	29	-5	34	-7	40	-8	47	-8	55	-7	64	-6	73	-4	81	-1	88	3	94	8	99	12	103	15	106	17	108	18	109	18	109	
83:
84	10.076	78	21	77	22	75	24	72	26	68	29	63	33	57	38	50	43	42	47	35	50	28	52	22	53	17	53	13	52	10	50	8	47	7	43	7	38	8	32	10	27	13	23	17	20	22	18	28	17	35	17	43	18	52	20	62	23	73	25	84	26	94	26	103	25	111	24	118	22	124	19	129	15	133	11	136	7	138	4	139	2	139	1	138	1	137	2	137	4	138	7	139	11	139	16	139	22	138	29	137	37	135	46	134	56	134	66	134	76	133	85	131	93	128	100	124	106	119	111	113	115	107	118	100	120	92	121	83	121	75	120	68	118	62	115	57	111	53	106	50	100	48	93	47	85	47	76	48	68	50	61	53	55	56	48	59	42	63	36	68	31	72	27	75	24	77	22	78	21	78	21	
84:
70	40.011	131	91	132	90	134	89	135	89	136	88	136	86	135	85	133	83	130	82	126	81	121	79	117	76	112	72	106	68	100	65	95	62	91	58	88	53	86	47	85	40	85	33	86	27	87	22	87	18	86	15	84	13	81	12	77	12	72	13	66	15	59	18	52	22	45	27	39	33	34	40	30	48	25	57	21	67	18	76	16	84	15	91	14	98	13	104	13	109	13	113	14	116	16	118	17	119	19	119	20	118	22	116	25	113	29	109	34	105	40	102	47	100	54	99	62	97	70	94	79	91	88	89	96	88	103	88	110	89	116	89	121	89	125	90	128	90	130	91	131	91	131	91	
85:
75	4.897	111	121	110	122	108	123	105	125	101	128	96	132	90	136	83	139	75	141	68	142	61	142	54	141	48	139	43	136	39	132	36	127	34	121	33	114	33	106	34	99	36	93	39	88	43	84	48	81	54	79	61	77	69	75	78	73	86	70	93	66	99	61	104	56	108	50	111	43	113	35	114	28	114	22	113	17	111	13	108	10	104	8	99	7	93	7	86	8	78	10	71	12	65	15	58	17	51	18	44	18	38	18	33	19	29	20	26	22	24	25	23	28	23	32	24	37	26	43	29	50	33	58	38	67	44	77	51	86	59	94	67	101	75	107	83	112	90	116	96	119	101	121	105	122	108	122	110	121	111	121	111	121	
86:
64	9.468	110	89	110	90	109	92	107	95	104	99	100	104	95	108	89	111	82	113	74	115	65	118	56	121	48	124	40	127	33	129	27	132	20	134	14	135	9	135	5	134	2	132	0	129	-1	125	-1	121	0	116	2	111	5	105	8	98	10	90	12	81	14	71	15	60	16	50	16	41	15	33	15	26	16	20	18	15	21	11	24	7	28	4	33	2	37	1	42	1	47	2	52	4	56	7	59	11	61	16	62	22	62	28	63	35	65	42	68	49	72	57	77	64	83	70	89	75	95	79	100	82	104	84	107	86	109	88	110	89	110	89	
87:
68	2.988	40	37	39	36	37	34	34	31	30	28	25	25	21	23	16	22	12	21	9	21	7	22	6	24	6	27	7	31	9	36	12	42	14	49	15	57	15	64	14	72	14	79	15	85	17	90	19	94	22	97	24	99	25	102	25	106	24	110	22	115	19	119	15	122	11	124	8	126	6	127	5	127	5	126	6	124	8	121	11	117	15	114	20	111	26	109	33	108	41	108	48	109	54	111	59	114	63	116	67	117	71	117	74	116	76	114	77	111	77	107	76	102	74	96	71	89	67	81	62	73	56	65	51	58	47	52	44	47	42	43	41	40	40	38	40	37	40	37	
88:
78	49.643	70	29	69	29	68	30	66	32	65	35	65	37	66	38	68	39	71	40	75	42	80	45	86	49	91	54	95	60	98	67	100	74	101	80	101	86	100	92	98	99	95	106	91	114	86	121	80	127	75	132	71	136	68	139	64	141	59	142	53	142	46	141	38	139	31	136	25	132	20	127	16	121	13	114	11	106	10	97	10	87	10	78	11	70	13	63	16	57	20	52	25	48	31	45	38	43	46	42	55	42	65	43	76	43	86	43	95	43	103	43	110	44	116	44	121	44	125	43	128	41	130	38	131	35	131	33	130	32	128	32	125	32	121	31	116	30	111	30	105	31	98	32	91	34	85	35	80	35	76	34	73	32	71	30	70	29	70	29	
89:
71	10.649	28	38	29	39	30	41	32	44	33	47	34	51	36	56	38	62	40	68	41	74	41	79	41	83	40	86	38	88	37	89	36	89	36	88	37	86	39	83	42	79	46	76	50	74	55	73	61	73	68	74	75	76	81	79	86	83	90	88	94	92	97	95	99	97	100	98	100	98	100	97	100	95	101	92	103	88	104	83	106	77	109	71	113	65	118	60	124	56	129	53	133	49	136	44	138	38	139	31	139	25	138	20	136	16	133	13	129	11	124	9	118	8	111	8	103	9	94	11	84	12	75	14	67	17	60	19	54	21	49	24	43	26	38	29	34	32	31	35	29	37	28	38	28	38	
90:
66	9.7	84	124	85	123	87	121	90	118	94	114	99	109	105	103	112	96	119	89	125	81	130	72	134	63	137	55	139	47	140	40	140	33	139	27	137	22	134	18	131	15	127	13	122	12	117	12	111	13	106	15	100	18	95	22	89	27	82	33	74	40	66	46	57	51	49	55	42	58	36	60	31	61	27	63	24	65	22	68	21	72	21	77	22	83	24	89	26	94	29	98	32	103	34	109	35	116	35	123	34	129	33	134	33	138	34	141	36	143	38	144	41	144	45	143	50	141	56	138	63	134	69	131	74	128	78	126	81	125	83	124	84	124	84	124	
91:
73	2.902	128	85	129	84	130	82	132	79	133	75	133	71	132	66	130	60	127	53	123	45	118	36	114	28	109	21	103	15	96	10	89	6	81	3	72	1	62	0	51	0	40	1	29	3	19	5	10	8	2	12	-5	17	-11	23	-16	30	-20	38	-23	47	-25	56	-26	66	-26	75	-25	83	-23	90	-20	96	-16	101	-11	105	-5	108	1	110	8	111	15	111	22	110	30	108	37	105	43	101	48	98	52	95	55	93	57	92	58	92	58	93	57	95	55	98	54	102	54	107	55	111	57	114	60	116	64	117	69	117	74	116	79	114	85	113	92	111	100	108	107	104	113	99	118	95	122	91	125	88	127	86	128	85	128	85	
92:
68	8.33	123	10	122	10	121	11	119	13	116	16	112	19	107	21	101	22	94	23	86	25	77	28	67	32	56	37	46	42	37	48	29	55	22	63	16	71	11	78	7	84	4	89	2	93	1	97	1	102	2	107	4	113	7	119	11	124	16	128	22	131	29	133	36	134	44	134	53	134	63	133	74	131	85	128	95	124	104	119	112	113	119	107	125	101	130	96	134	91	137	86	139	82	140	78	140	75	139	72	137	70	134	69	130	69	125	69	119	68	114	66	110	63	107	60	105	56	104	51	104	45	105	38	107	31	110	25	114	20	117	16	120	13	122	11	123	10	123	10	
93:
68	2.46	92	36	91	37	89	38	86	39	82	41	77	44	71	48	64	53	56	58	47	63	39	69	32	76	26	84	21	92	17	99	14	105	12	110	11	114	10	118	10	121	11	123	13	124	15	124	17	123	20	121	24	120	29	120	35	121	42	123	50	126	58	130	67	133	77	135	87	136	96	136	104	135	111	134	117	132	122	129	127	126	131	122	134	117	136	111	137	104	137	96	136	87	134	77	133	66	133	56	133	47	134	39	136	32	138	26	139	21	139	17	138	14	136	12	133	11	129	11	124	12	118	14	112	17	107	21	102	26	98	30	95	33	93	35	92	36	92	36	
94:
77	8.604	104	75	104	76	105	78	107	81	110	85	113	90	116	96	118	103	119	110	119	116	118	121	116	125	113	128	109	130	104	132	98	133	91	133	83	134	74	135	64	135	53	134	41	132	30	129	20	125	11	120	3	114	-4	107	-10	99	-15	90	-19	80	-22	69	-24	59	-25	50	-25	42	-24	35	-22	29	-19	24	-15	20	-10	17	-5	15	1	14	8	14	15	15	21	17	28	20	34	24	39	29	43	35	46	42	48	50	49	58	50	65	51	71	53	76	54	80	54	83	53	85	53	86	54	86	54	85	54	83	55	82	56	82	57	83	58	85	60	88	63	90	67	91	72	91	77	90	83	88	89	85	94	81	98	78	101	76	103	75	104	75	104	75	
95:
79	32.52	135	60	134	61	134	63	134	66	133	70	131	75	128	81	124	88	119	96	113	104	106	111	99	117	91	122	82	126	72	129	62	131	52	132	43	132	35	131	28	129	22	126	17	122	13	117	10	111	8	104	7	96	7	87	6	77	4	68	3	60	3	53	4	47	4	42	5	38	7	35	10	33	14	32	19	32	25	33	32	35	39	38	47	42	56	47	64	51	71	54	77	56	82	57	86	58	89	58	91	57	92	55	92	52	91	48	89	43	86	37	82	30	79	24	77	19	76	14	76	10	77	7	79	5	82	4	86	4	91	4	96	5	102	7	109	10	115	14	120	19	124	25	127	32	129	39	130	45	130	50	131	54	132	57	134	59	135	60	135	60	
96:
89	19.624	70	39	71	38	73	36	74	33	74	29	73	24	71	18	68	12	64	7	59	3	53	0	46	-2	40	-3	35	-3	31	-3	28	-2	26	0	25	1	24	1	24	2	25	2	27	2	30	3	34	5	39	8	44	12	50	17	57	23	64	30	70	38	75	47	79	57	82	67	84	78	85	88	85	97	85	106	86	114	88	121	91	127	95	132	100	136	106	139	113	141	119	142	124	143	129	143	133	142	136	140	138	137	139	133	139	128	138	122	136	116	133	109	129	102	124	95	118	89	111	84	103	80	96	77	88	75	80	74	71	74	61	75	52	77	44	79	37	82	31	86	26	90	22	93	19	95	17	96	16	96	16	95	17	94	19	92	22	89	26	85	31	80	37	74	44	67	50	60	55	54	60	49	64	45	67	42	69	40	70	39	70	39	
97:
82	49.029	37	137	38	136	40	136	43	137	47	139	52	141	58	142	65	142	73	141	81	139	90	136	99	133	107	130	114	128	120	125	125	121	130	116	134	110	137	105	139	101	140	98	140	96	139	95	137	95	134	95	130	96	125	98	119	101	114	103	108	104	103	105	99	105	96	104	94	102	93	99	93	96	94	93	96	90	99	86	102	81	104	75	106	69	107	62	107	56	106	51	104	47	101	44	97	41	92	39	86	38	79	37	71	35	64	32	58	28	53	24	49	20	46	17	44	15	43	14	43	14	44	15	46	17	49	19	53	22	58	26	63	31	67	37	70	44	72	52	73	61	73	71	72	82	70	92	67	101	63	109	58	116	52	122	47	127	43	131	40	134	38	136	37	137	37	137	
98:
77	17.591	46	66	47	67	49	69	51	72	53	76	54	81	54	86	53	92	51	98	48	103	44	107	39	110	33	112	28	114	24	116	21	118	19	121	18	124	18	128	19	131	21	133	24	136	28	140	33	144	39	147	46	149	54	150	62	151	71	151	79	150	88	148	97	145	105	141	112	137	118	133	123	129	127	126	130	124	132	123	133	121	133	118	132	114	130	109	127	103	123	96	118	88	112	81	105	75	97	70	88	66	78	62	67	59	57	57	47	56	38	54	30	51	23	48	17	46	12	45	8	45	5	45	3	46	2	48	2	51	3	55	5	59	8	64	11	68	15	71	20	73	25	74	31	74	36	73	40	71	43	69	45	67	46	66	46	66	
99:
77	16.547	48	11	49	12	51	14	54	16	58	17	63	19	69	22	75	25	82	28	90	31	98	33	105	36	111	39	116	43	120	48	123	54	125	60	126	65	126	71	125	78	123	85	120	93	116	102	111	111	105	119	98	126	90	132	81	137	72	141	63	144	55	146	47	147	40	147	34	146	29	144	25	141	22	137	20	132	19	126	19	120	20	115	22	109	25	102	29	94	34	86	39	77	43	67	47	58	50	49	52	41	54	33	55	26	55	20	54	15	52	11	49	8	45	6	40	5	34	5	28	6	23	8	19	11	16	14	14	16	13	17	13	19	14	22	16	24	19	25	23	25	28	24	33	22	38	19	42	16	45	14	47	12	48	11	48	11	