0:
68	1.45	55	52	54	53	52	55	49	58	46	62	44	67	43	73	43	80	44	88	46	97	47	105	49	112	51	118	53	123	54	127	54	130	53	132	51	133	48	133	44	132	39	130	34	127	30	125	27	123	25	120	24	116	24	112	25	109	27	107	30	106	34	106	39	107	45	109	51	111	58	112	66	112	75	111	85	109	94	106	102	102	109	97	115	91	120	84	124	76	127	67	129	58	130	49	130	41	129	34	127	28	124	23	121	19	117	16	112	14	106	13	99	13	91	14	83	16	76	19	70	23	65	28	61	34	58	39	56	43	55	46	55	49	55	51	55	52	55	52	
1:
71	2.187	117	31	116	30	114	28	111	25	107	21	102	16	98	12	93	9	87	7	80	6	72	6	65	7	58	9	52	12	47	16	43	21	40	27	37	34	34	42	32	51	31	61	29	72	26	82	22	91	17	99	12	106	8	112	5	118	3	123	2	127	2	130	3	132	5	133	8	133	12	132	17	130	22	128	28	126	35	125	43	125	52	126	60	128	67	131	73	133	78	134	82	134	85	133	87	131	88	128	88	125	87	123	85	122	82	120	78	117	75	113	73	108	72	103	72	97	73	90	75	82	78	75	82	69	87	64	93	58	99	52	104	46	108	41	111	37	114	34	116	32	117	31	117	31	
2:
74	17.451	96	129	95	128	95	126	95	123	96	119	98	114	100	108	103	103	107	98	112	93	116	89	119	86	121	84	122	83	122	83	121	83	119	82	116	80	112	77	107	73	101	68	94	62	86	55	79	48	73	41	67	35	61	30	55	26	50	23	46	21	43	20	41	20	40	21	40	23	41	26	41	30	41	35	41	41	42	48	43	55	44	63	46	71	47	79	47	86	46	92	44	97	43	101	43	104	43	106	44	107	45	107	47	106	50	104	54	101	59	97	65	92	71	88	76	85	82	83	89	82	95	82	100	83	104	85	107	88	109	92	110	97	110	102	109	108	107	114	104	119	101	123	99	126	97	128	96	129	96	129	
3:
77	15.429	38	89	37	88	35	86	32	83	29	80	27	76	26	71	26	65	27	58	29	52	32	47	36	42	41	38	47	33	54	27	62	22	70	18	79	15	89	13	98	12	106	12	113	12	119	13	124	15	128	18	131	22	133	27	134	33	134	40	133	47	131	54	128	61	126	69	125	76	125	83	126	89	128	95	131	100	135	104	138	107	142	109	145	110	147	110	148	110	148	111	147	112	145	114	142	117	138	120	133	123	127	125	120	126	112	126	103	126	93	127	82	127	71	126	61	126	52	125	44	123	37	120	31	116	26	111	22	105	19	99	17	94	16	90	16	87	17	85	19	84	22	84	26	83	29	83	32	84	35	86	37	88	38	89	38	89	
4:
69	18.523	21	70	20	71	20	73	19	76	19	80	19	85	18	91	17	98	15	105	14	111	12	116	10	120	9	123	9	125	9	126	10	126	12	125	14	123	17	120	21	116	26	111	32	105	39	98	46	90	54	82	61	73	67	63	73	54	80	45	88	37	95	30	101	24	106	19	110	15	113	12	117	10	121	9	124	9	126	10	127	12	127	15	126	19	124	24	123	29	121	34	118	38	114	41	109	43	103	44	96	44	88	43	80	41	72	38	65	35	58	33	52	32	47	32	43	33	39	35	36	38	34	42	32	47	29	53	27	58	26	62	25	65	23	67	22	69	21	70	21	70	
5:
78	13.211	119	105	120	104	120	102	121	99	122	95	124	90	127	84	131	79	135	75	139	72	142	70	144	68	145	67	145	67	144	68	142	70	139	73	135	77	130	82	125	87	119	91	113	94	108	96	103	97	99	97	96	96	94	94	92	91	90	87	87	82	83	76	78	69	72	62	65	56	57	51	50	47	44	44	39	42	35	41	32	41	30	42	29	43	29	44	30	44	32	43	35	41	39	38	44	35	50	32	57	28	65	23	74	17	82	12	90	8	98	5	105	3	111	2	116	2	120	3	123	5	125	8	126	12	126	17	125	23	123	30	120	38	117	47	113	57	110	66	108	74	107	81	107	87	108	92	110	96	113	99	116	102	118	104	119	105	119	105	
6:
76	60.04	102	55	103	54	105	52	106	49	107	45	107	40	106	35	104	30	101	26	97	23	92	21	87	20	81	20	74	21	66	23	57	26	48	30	40	35	33	41	26	48	20	56	15	65	11	75	8	85	6	94	5	102	5	109	6	116	8	122	11	127	15	131	20	134	26	136	33	137	41	137	50	136	60	134	69	131	77	128	84	126	90	125	95	125	99	125	102	126	104	128	105	131	105	135	105	139	105	143	106	147	108	151	111	154	115	156	120	157	125	157	131	156	136	154	141	151	145	147	148	142	150	136	151	129	151	121	150	113	148	105	145	96	141	88	136	81	130	75	123	70	117	65	112	61	108	58	105	56	103	55	102	55	102	55	
7:
82	373.833	37	109	38	110	40	112	42	115	45	119	49	124	54	130	60	135	67	139	75	144	84	148	92	151	101	153	110	154	118	154	125	153	131	151	136	148	140	144	143	139	145	133	146	126	146	118	145	109	143	99	140	88	138	77	137	66	137	56	136	47	134	39	131	32	127	26	122	21	118	17	114	14	111	12	109	11	108	11	108	12	109	14	109	17	108	21	106	26	103	32	99	38	94	45	88	51	81	56	73	61	66	65	60	68	54	70	49	71	45	71	42	70	40	68	39	65	39	61	39	56	38	52	36	48	33	45	29	43	24	42	19	42	15	43	12	45	10	48	8	52	7	56	7	61	8	67	10	74	13	81	17	88	22	94	27	99	31	103	34	106	36	108	37	109	37	109	
8:
59	4.136	98	96	97	95	96	93	94	90	91	86	89	81	88	75	88	69	89	64	91	59	94	55	98	50	103	46	108	43	113	40	117	38	120	35	122	31	123	26	123	20	122	15	121	10	119	6	116	3	112	1	107	-1	101	-2	94	-2	86	-1	77	1	68	4	60	8	53	13	47	19	42	26	38	34	35	43	33	53	32	63	32	72	33	80	35	87	38	94	42	100	47	105	52	109	58	112	65	114	72	115	79	116	85	116	90	115	94	113	97	110	99	106	100	102	100	99	99	97	98	96	98	96	
9:
85	19.117	139	123	138	124	136	125	133	127	129	130	125	134	122	138	120	141	118	143	117	144	116	144	116	143	117	141	118	138	120	134	121	129	121	123	122	116	123	108	123	99	122	89	120	78	119	68	119	59	119	50	118	42	116	35	113	29	109	24	104	20	98	17	91	15	85	14	79	14	74	15	70	17	67	20	64	24	62	29	61	35	59	42	56	50	54	59	53	69	51	79	48	90	45	100	42	109	39	117	35	124	30	130	24	135	18	139	13	142	9	144	6	145	4	145	3	144	3	142	4	139	6	135	8	130	11	124	15	117	20	110	26	103	33	97	41	92	50	88	60	85	69	83	77	82	85	82	93	83	100	85	106	88	113	92	119	97	124	102	128	108	132	113	135	117	137	120	138	122	139	123	139	123	
10:
76	17.469	59	57	59	56	58	54	57	51	55	49	54	48	53	48	52	49	51	51	49	54	48	58	46	63	44	69	41	76	37	84	32	91	28	97	25	102	23	107	21	111	20	114	20	116	21	117	23	117	26	116	28	114	31	111	35	107	40	102	46	96	52	90	59	84	67	79	76	75	85	72	95	70	104	69	112	68	119	68	125	67	130	66	134	64	137	61	139	57	140	52	140	46	139	39	137	31	134	22	130	14	125	7	119	1	112	-4	104	-8	95	-12	85	-15	76	-17	68	-18	61	-18	55	-17	50	-15	45	-12	41	-8	38	-3	36	3	35	10	35	17	36	23	38	29	41	36	45	42	49	47	53	51	56	54	58	56	59	57	59	57	
11:
88	68.179	80	135	79	134	77	132	74	129	71	125	67	121	62	118	56	116	49	115	42	115	34	114	27	114	21	115	16	115	12	116	9	118	7	119	6	120	6	121	7	121	9	120	12	118	16	115	20	111	24	106	28	100	31	93	35	85	38	76	40	66	41	57	41	48	40	40	40	33	39	27	37	21	34	16	30	12	26	9	23	7	21	6	20	6	20	7	20	9	21	12	23	16	26	21	30	26	35	30	41	33	48	35	56	36	65	36	74	35	83	33	92	30	100	28	108	25	115	23	121	22	126	22	132	23	137	25	141	28	144	32	146	36	148	41	150	47	151	54	151	62	152	71	152	79	151	88	149	97	146	105	142	112	137	118	131	123	124	127	116	130	108	132	101	133	95	135	90	136	86	136	83	136	81	136	80	135	80	135	
12:
83	13.533	148	72	147	71	145	69	142	67	138	66	133	66	127	67	121	68	115	68	108	68	101	67	95	65	89	62	84	58	80	53	77	47	75	40	74	33	74	27	75	21	76	16	76	12	77	9	77	7	76	6	74	6	73	7	72	9	70	12	67	16	63	21	58	26	52	31	45	37	37	44	30	52	24	61	19	71	15	81	12	92	10	104	9	116	9	127	10	137	12	146	15	154	19	161	24	167	30	172	37	178	45	184	53	189	61	193	70	196	80	198	90	199	100	199	109	198	117	196	124	193	130	189	135	184	139	178	142	171	144	163	145	154	145	145	144	136	142	127	139	119	136	111	133	104	131	98	130	93	130	89	131	85	133	82	136	80	140	78	143	75	145	73	147	72	148	72	148	72	
13:
62	22.721	93	19	94	20	96	22	99	24	103	27	108	31	114	36	121	42	128	49	134	57	139	66	143	76	146	85	148	94	149	102	149	109	148	115	146	120	143	124	139	128	134	131	129	133	123	134	117	134	112	133	108	131	105	128	103	124	102	119	102	114	101	110	99	107	96	104	92	102	87	100	81	98	76	95	72	91	68	86	64	80	61	73	59	65	58	56	58	47	59	38	61	30	63	23	66	17	70	12	74	8	78	5	81	3	83	2	84	2	84	3	84	5	85	8	87	12	88	15	90	17	92	18	93	19	93	19	
14:
61	3.119	106	132	107	131	108	129	110	126	113	122	117	117	121	111	126	104	130	96	133	87	135	78	136	69	137	61	137	54	136	48	134	43	131	39	128	36	124	34	119	33	113	33	106	34	98	36	89	38	81	41	74	45	68	50	62	56	57	61	52	66	47	70	43	73	40	77	38	82	37	88	37	95	38	102	40	110	43	117	47	123	52	128	58	132	64	135	71	137	79	138	86	138	92	137	97	135	101	132	104	128	106	125	107	123	107	121	108	120	110	120	111	121	111	123	110	126	108	129	107	131	106	132	106	132	
15:
69	14.336	75	54	76	53	78	51	81	48	85	46	90	44	96	43	103	43	111	44	119	46	127	48	134	51	140	55	145	60	149	66	152	73	154	81	155	90	155	98	155	105	154	112	152	118	149	123	145	127	141	131	136	134	130	136	124	137	117	137	109	136	100	135	90	134	81	133	72	131	62	128	53	125	45	122	38	120	32	119	27	119	23	118	20	116	18	113	17	109	17	106	18	102	20	97	23	91	27	85	32	80	38	76	45	73	53	70	61	68	68	67	74	67	79	68	83	70	86	72	88	73	89	73	89	72	88	70	86	67	84	64	81	60	78	57	76	55	75	54	75	54	
16:
79	25.479	63	139	64	140	66	142	69	145	73	149	78	154	83	158	89	161	96	163	103	164	109	164	114	163	118	161	121	158	123	155	124	151	124	146	123	140	122	134	120	128	117	122	113	115	109	107	106	99	104	91	103	84	103	77	104	71	106	64	109	56	112	48	114	40	115	31	115	22	114	14	112	6	109	-1	105	-7	100	-12	94	-16	87	-19	79	-21	70	-22	60	-22	49	-21	39	-19	30	-16	22	-12	15	-7	9	-1	4	6	0	14	-3	23	-5	33	-6	44	-6	56	-5	68	-3	80	-1	91	2	101	4	110	5	118	6	126	6	133	7	139	8	144	10	148	13	151	17	153	22	154	28	155	35	155	42	154	48	152	53	149	57	145	60	142	62	140	63	139	63	139	
17:
85	10.174	93	56	94	55	96	53	99	50	102	46	106	41	111	35	115	29	118	23	120	18	122	14	124	11	126	9	128	8	129	8	129	9	130	11	132	14	134	18	135	23	135	29	136	36	136	44	135	52	135	61	135	71	136	81	138	90	140	98	141	105	141	111	141	116	141	120	141	123	140	125	138	126	136	126	133	125	129	123	125	120	120	116	114	113	107	110	100	108	93	107	85	107	76	108	68	110	61	113	55	117	49	120	43	124	38	127	34	129	31	130	27	130	23	129	20	127	18	124	17	120	17	115	17	109	18	102	20	94	23	85	25	76	26	67	26	59	26	52	27	46	29	41	32	37	36	34	41	32	47	31	53	31	59	32	65	34	72	37	78	41	83	46	87	50	90	53	92	55	93	56	93	56	
18:
76	22.683	26	123	27	122	29	121	32	120	36	118	41	117	47	116	54	116	62	117	71	119	81	121	91	124	100	127	108	130	115	133	122	135	128	136	133	136	137	135	140	134	142	132	143	129	143	126	142	124	140	123	138	123	135	124	131	125	126	125	120	124	113	122	107	119	102	115	98	110	95	105	93	99	92	92	92	84	93	75	95	65	98	55	102	46	106	38	111	30	116	23	120	17	123	12	125	8	126	5	126	3	125	2	123	2	120	3	116	5	111	8	105	12	98	17	90	23	81	29	72	36	64	44	56	51	49	57	43	62	37	67	32	73	28	80	25	87	23	95	21	102	20	108	20	113	21	117	23	120	25	122	26	123	26	123	
19:
68	8.095	87	39	87	40	86	42	84	45	83	48	83	52	84	57	86	61	89	64	93	66	98	67	104	67	111	66	119	66	126	67	132	69	137	72	141	75	144	79	146	84	147	90	147	95	146	99	144	102	141	104	137	105	132	105	126	104	119	102	111	100	102	99	92	99	82	100	72	102	63	105	55	109	48	113	42	116	37	118	33	119	30	119	28	118	27	116	26	113	26	109	27	104	27	99	26	93	25	86	23	78	22	69	22	60	23	52	25	45	27	39	30	34	34	30	39	27	45	25	52	24	59	24	66	25	72	27	77	30	81	33	84	36	86	38	87	39	87	39	
20:
65	14.376	45	18	46	17	46	15	47	12	49	10	52	9	56	9	59	10	61	12	62	15	62	19	61	24	61	30	61	37	62	45	64	54	65	64	65	73	66	81	68	88	71	94	74	99	78	103	83	106	89	108	96	109	104	109	111	108	117	106	122	103	126	99	129	94	131	89	132	85	132	81	131	78	129	74	126	70	122	66	117	61	113	55	110	48	108	41	107	33	107	24	107	16	106	9	104	3	101	-2	97	-6	92	-9	86	-11	79	-12	72	-12	66	-11	61	-10	57	-8	53	-5	50	-1	48	3	46	8	45	12	44	15	44	17	45	18	45	18	
21:
80	14.48	46	59	47	60	49	60	52	61	55	63	57	66	58	70	58	75	57	81	55	88	54	96	54	105	55	113	56	120	58	127	61	133	65	138	70	142	76	145	83	148	91	151	98	153	105	154	113	154	120	153	126	151	131	148	135	144	138	139	140	133	141	126	141	118	140	109	138	100	135	90	133	79	132	69	132	60	133	52	135	45	136	39	136	33	135	28	133	24	130	21	126	19	122	18	117	18	111	19	105	21	98	24	90	28	81	32	71	37	62	41	53	44	44	46	35	47	27	47	20	46	14	44	9	41	5	37	2	34	0	32	-1	30	-1	29	0	29	2	30	5	31	9	33	14	36	20	40	26	45	31	49	36	52	40	55	43	57	45	58	46	59	46	59	
22:
66	9.909	135	46	134	47	132	49	131	52	129	56	126	61	123	67	120	74	116	82	111	89	105	95	100	100	94	104	88	107	83	109	79	110	75	110	70	109	66	107	63	104	61	100	60	95	60	89	60	83	61	76	63	68	66	61	70	55	74	50	77	46	79	43	80	41	80	39	80	38	79	38	77	39	74	41	70	44	65	46	59	47	54	47	50	46	47	44	45	41	43	37	42	32	42	27	43	23	45	20	48	18	52	17	57	17	63	18	69	18	76	19	84	21	92	23	100	26	107	30	114	35	120	39	125	42	129	44	132	45	134	45	135	46	135	46	
23:
88	111.097	130	75	131	74	133	72	136	69	138	65	139	62	139	60	138	59	136	59	133	60	129	62	124	64	120	67	115	70	109	74	102	79	94	84	85	90	75	97	64	103	52	108	41	112	31	115	22	117	13	118	5	118	-2	117	-8	115	-13	112	-17	108	-20	103	-22	97	-23	90	-23	82	-22	73	-20	63	-18	53	-15	44	-11	36	-6	29	0	23	7	18	15	14	24	11	34	9	45	8	55	8	64	9	72	11	79	14	85	18	90	23	94	29	97	36	99	44	100	53	100	63	99	74	99	85	100	96	102	106	105	115	109	123	114	130	120	136	125	141	129	145	132	148	135	150	138	151	142	151	146	150	149	148	151	145	152	141	152	136	152	130	151	124	149	118	146	111	142	103	138	96	135	90	132	85	130	81	129	78	129	76	130	75	130	75	
24:
72	25.095	113	90	114	91	116	93	117	95	118	98	120	102	122	107	125	113	128	120	130	128	131	136	131	144	130	151	128	157	125	162	121	166	116	169	110	171	103	172	95	172	86	171	76	169	65	166	55	162	46	157	38	151	31	144	23	136	16	127	10	117	5	107	1	98	-2	89	-4	80	-5	72	-5	65	-4	59	-2	54	1	50	5	47	10	45	16	44	23	44	30	45	38	47	47	49	56	52	66	54	77	55	87	55	96	55	104	55	112	56	119	58	125	61	130	65	134	70	137	75	139	81	141	87	142	92	142	96	141	99	139	101	136	102	132	102	127	101	123	99	119	96	116	93	114	91	113	90	113	90	
25:
61	0.987	42	37	43	38	45	40	46	43	48	47	51	52	55	57	60	63	65	68	70	72	76	76	83	79	91	81	98	82	104	82	109	81	113	80	116	80	118	81	119	83	120	86	120	90	119	94	117	98	114	103	110	108	105	112	99	115	93	118	87	120	80	121	73	121	65	120	56	118	47	116	39	113	31	109	24	104	18	98	13	91	9	83	5	74	2	64	-1	55	-3	47	-4	40	-5	34	-5	29	-4	25	-2	22	1	20	5	19	10	19	15	20	21	22	27	24	32	27	36	31	39	34	41	36	42	37	42	37	
26:
72	16.08	146	48	147	49	147	51	146	54	144	58	141	63	138	69	134	76	129	83	125	91	120	98	114	105	109	111	104	116	100	120	96	123	93	125	91	126	90	126	89	125	89	123	88	120	86	117	84	113	81	108	77	104	72	99	66	93	59	86	53	80	48	75	44	71	41	68	39	66	38	65	38	65	39	66	41	66	44	65	47	63	50	60	52	56	53	51	53	45	52	38	50	32	47	25	43	19	40	14	38	10	37	7	37	5	38	4	40	3	43	3	47	4	52	6	58	9	65	13	73	17	82	22	92	28	101	34	110	39	118	43	125	46	131	48	136	49	140	50	143	50	145	49	146	48	146	48	
27:
64	7.735	84	51	83	50	81	48	78	45	74	41	69	37	63	34	56	32	48	31	41	31	34	32	28	33	23	35	19	38	16	42	14	47	13	53	13	60	14	68	16	77	18	86	21	94	24	101	28	108	32	114	37	119	43	123	48	126	52	128	55	129	58	129	60	128	61	126	61	123	62	119	64	114	65	108	66	101	68	93	71	85	75	76	80	68	86	61	93	54	100	48	106	43	111	39	115	36	118	34	120	33	121	33	121	34	120	35	119	35	117	35	114	35	110	36	105	38	99	41	94	45	90	48	87	50	85	51	84	51	84	51	
28:
75	1.638	53	66	52	67	52	69	52	71	53	74	55	78	58	83	62	87	67	91	73	96	80	102	88	108	95	113	103	117	111	121	118	126	124	132	129	137	133	141	136	144	138	146	139	148	139	149	138	149	136	148	133	146	129	143	124	139	118	134	113	128	109	121	105	113	102	104	100	94	99	85	99	76	100	68	102	61	105	55	109	49	114	44	120	38	125	33	129	29	132	26	134	23	135	20	135	16	134	12	132	9	129	7	125	5	120	4	114	4	107	5	99	5	90	5	81	6	73	6	65	6	58	7	52	9	47	12	43	16	40	21	38	27	37	33	37	40	38	46	40	51	43	56	47	60	50	63	52	65	53	66	53	66	
29:
65	10.263	89	83	88	82	86	80	83	77	79	73	76	68	74	62	72	57	70	53	69	50	69	47	69	45	70	44	72	44	75	45	79	47	84	50	90	54	97	59	104	64	111	70	118	77	124	85	129	94	133	103	136	111	138	118	139	124	140	129	141	134	141	138	140	141	139	143	139	144	140	144	140	143	139	141	137	138	134	134	130	129	125	124	120	120	116	117	111	115	105	114	98	114	90	115	83	117	77	118	72	119	68	119	65	118	63	116	62	113	62	109	63	106	65	104	68	102	72	100	77	97	81	93	84	89	86	86	88	84	89	83	89	83	
30:
73	12.294	27	96	28	95	30	95	33	95	37	95	42	95	47	96	51	98	54	101	56	105	57	110	57	116	56	123	56	131	56	138	57	144	59	149	62	153	66	156	71	158	77	159	83	159	90	158	97	156	103	153	108	149	112	144	115	138	117	131	118	123	118	114	117	104	115	93	114	83	114	73	115	64	117	56	120	49	124	43	128	38	132	34	135	31	137	29	138	27	138	26	137	26	135	27	132	29	128	32	123	36	117	41	111	47	104	54	96	61	87	67	77	72	68	76	60	79	53	81	47	82	42	82	38	81	35	79	33	78	32	78	32	79	33	81	33	84	33	88	32	91	30	93	28	95	27	96	27	96	
31:
82	200.191	63	57	62	56	60	54	58	51	55	47	53	42	52	36	52	29	53	22	55	16	58	11	62	7	67	4	73	2	80	1	88	1	96	2	104	4	113	7	121	10	128	14	134	19	139	25	143	32	146	39	148	47	149	56	149	66	148	77	146	88	143	98	139	107	134	115	128	122	121	128	114	133	107	137	101	140	96	142	91	143	86	143	82	142	79	140	75	137	71	133	68	128	66	122	65	115	64	107	64	98	63	90	61	83	58	77	54	72	49	68	44	65	39	63	33	62	27	62	20	62	14	63	9	63	5	62	2	60	0	57	-1	53	-1	49	0	44	2	40	5	37	9	35	14	34	20	34	27	35	35	37	42	40	48	44	53	48	57	51	60	54	62	56	63	57	63	57	
32:
77	18.514	65	36	64	35	62	34	59	32	55	29	50	25	44	20	37	16	31	13	25	11	20	10	16	10	13	11	11	13	10	16	10	20	11	25	13	30	16	36	20	43	23	51	27	60	32	70	38	81	45	91	53	100	62	108	70	115	79	121	88	126	97	130	105	133	112	135	119	136	125	136	130	135	134	133	137	131	139	128	140	124	140	121	139	118	137	114	134	109	130	103	125	96	121	88	117	81	114	74	112	68	111	63	111	59	112	56	114	54	116	53	117	53	117	54	116	56	114	59	111	63	109	67	106	70	102	72	99	73	95	73	90	72	84	70	78	67	73	63	69	58	66	53	64	49	63	46	63	42	64	39	64	37	65	36	65	36	
33:
52	3.245	27	18	26	19	24	21	21	24	19	28	18	32	18	35	19	37	21	38	24	38	28	39	33	41	39	44	45	48	52	53	58	59	65	66	71	74	76	83	80	92	83	100	85	107	86	113	87	118	88	122	90	125	93	127	97	128	102	128	106	127	109	125	111	122	112	118	112	113	111	107	109	100	106	94	102	87	97	80	91	74	85	68	78	61	70	54	62	48	55	43	48	37	42	32	37	28	33	24	30	21	28	19	27	18	27	18	
34:
54	0.742	103	73	104	74	104	76	103	79	101	83	100	88	100	94	101	100	101	107	102	115	102	122	101	128	99	133	96	138	92	142	87	145	81	147	75	148	69	148	64	147	60	145	57	142	55	138	54	133	54	127	55	120	57	114	60	107	64	99	69	91	75	82	81	74	88	66	96	59	103	53	110	48	116	44	121	41	125	39	128	38	130	37	131	37	131	38	130	40	128	43	125	47	123	52	120	56	117	61	113	65	109	68	106	70	104	72	103	73	103	73	
35:
76	163.612	99	141	100	142	102	143	104	143	107	144	111	144	116	143	122	141	128	138	133	134	137	129	140	123	142	116	143	108	143	99	142	90	140	82	137	73	134	64	130	55	125	47	119	40	113	34	108	29	104	25	101	21	99	18	97	16	94	15	92	15	89	16	87	18	86	21	86	25	87	30	89	36	90	43	91	51	92	58	92	64	91	69	89	73	86	76	82	78	77	79	71	79	64	79	56	80	48	81	41	83	35	86	30	90	25	94	21	99	18	105	16	112	15	119	15	125	16	130	18	134	21	137	25	140	30	144	36	147	43	149	51	151	60	153	68	154	75	154	81	153	86	151	90	148	93	145	96	143	98	142	99	141	99	141	
36:
77	19.82	124	3	125	4	127	6	130	9	134	13	138	18	142	24	146	31	149	37	152	42	154	46	155	50	155	53	154	55	152	56	149	56	145	55	140	53	134	51	127	48	119	46	112	45	104	45	95	46	85	48	76	51	68	55	61	60	54	64	48	67	43	69	39	71	36	72	33	73	31	73	30	74	30	76	31	78	33	81	36	85	40	90	43	96	45	103	46	111	47	119	49	126	52	132	56	137	60	141	65	144	71	146	78	147	86	147	95	146	105	144	114	141	122	137	130	133	137	128	143	122	148	115	152	107	155	98	157	88	158	77	158	66	157	56	155	47	152	39	148	31	143	24	138	18	134	13	130	9	127	6	125	4	124	3	124	3	
37:
90	19.411	80	132	79	132	77	133	74	133	70	133	65	132	59	132	52	133	44	135	37	138	31	141	26	143	22	144	19	145	17	145	16	144	16	142	17	139	19	135	22	130	26	124	30	117	33	109	36	100	38	90	39	80	39	71	38	62	36	54	33	46	29	39	24	33	19	28	15	24	12	21	10	17	9	12	9	8	10	5	12	3	15	2	19	1	24	1	30	2	37	4	44	7	52	11	59	16	65	20	70	25	74	31	77	36	79	40	80	43	80	45	80	46	81	46	83	45	85	43	87	40	88	36	90	31	93	26	97	22	101	18	106	15	112	13	117	12	121	12	124	13	126	15	127	18	127	22	126	27	125	33	125	40	125	48	124	57	122	67	119	77	115	87	110	96	104	104	98	111	93	117	89	122	86	126	83	129	81	131	80	132	80	132	
38:
76	5.539	120	140	119	139	117	137	115	134	112	130	109	125	106	119	104	112	103	104	103	95	103	87	102	78	101	68	99	58	96	48	92	39	87	31	81	24	74	18	68	13	62	9	57	6	53	4	50	3	48	3	47	4	47	6	48	9	50	13	53	18	57	23	62	28	66	33	69	39	71	46	72	54	72	62	71	71	69	79	66	86	62	92	57	97	51	102	44	108	37	114	31	119	26	123	22	127	19	132	16	136	14	141	13	145	13	148	14	150	16	151	19	151	23	150	28	148	34	145	40	141	47	136	55	132	63	129	70	126	76	123	81	121	86	120	92	120	99	121	105	123	110	126	114	130	117	134	119	137	120	139	120	140	120	140	
39:
62	1.848	41	46	42	45	44	43	47	41	51	39	56	38	62	38	67	39	71	41	74	44	76	48	77	53	77	59	76	65	75	72	74	80	74	89	75	98	77	106	80	113	84	119	89	124	95	128	100	131	104	133	107	134	109	135	110	136	110	138	109	139	107	139	104	138	100	136	95	135	89	133	82	131	74	130	65	130	56	131	47	132	39	133	32	133	26	132	20	130	15	127	11	124	8	121	6	117	5	112	5	106	6	99	8	91	11	82	14	74	18	67	23	61	28	56	32	52	35	49	38	47	40	46	41	46	41	46	
40:
67	11.411	62	76	63	77	65	79	66	82	68	86	71	91	75	96	80	101	85	105	91	108	98	110	105	111	112	111	119	110	126	108	133	105	139	101	144	96	148	90	151	83	153	75	154	66	154	57	153	49	151	41	148	34	144	28	139	23	133	19	126	16	118	14	110	13	101	12	93	10	86	7	80	4	75	2	71	1	66	1	62	2	58	4	53	7	47	11	40	16	33	20	27	23	22	26	18	30	15	34	13	39	11	45	10	52	10	59	11	66	13	72	16	77	20	81	24	84	29	86	35	87	41	87	47	86	52	84	56	81	59	79	61	77	62	76	62	76	
41:
61	2.263	53	36	52	37	50	38	47	38	43	37	38	35	32	32	27	30	21	29	15	28	10	28	4	29	-1	31	-5	34	-8	38	-10	43	-11	49	-11	56	-10	64	-8	73	-5	81	-1	89	4	96	10	102	17	107	25	111	34	115	44	118	55	120	67	121	78	121	88	120	98	120	107	120	115	119	122	117	128	114	133	110	137	105	140	99	142	92	143	84	143	76	142	69	140	63	137	58	133	54	128	51	122	47	115	44	107	40	98	37	89	35	81	34	74	34	68	35	63	37	59	38	56	38	54	37	53	36	53	36	
42:
69	105.754	38	57	39	58	41	60	44	63	48	66	53	70	59	75	66	79	74	83	83	86	93	88	102	89	110	89	117	88	123	88	128	88	132	88	135	89	137	91	138	94	138	98	137	103	135	109	132	114	128	118	123	121	117	123	110	124	102	124	93	123	83	121	72	118	62	114	53	109	45	103	38	96	32	88	27	80	22	73	16	67	11	61	7	55	4	48	2	42	1	36	1	31	2	27	4	24	7	22	9	21	12	21	15	21	17	22	18	24	18	27	17	31	16	36	14	42	13	48	13	53	14	57	16	60	19	62	23	63	28	63	32	62	35	60	37	58	38	57	38	57	
43:
70	9.316	121	32	122	33	123	35	125	38	128	42	130	47	131	53	131	59	130	65	128	70	125	74	121	77	117	79	112	80	107	80	101	79	96	77	92	74	89	72	87	71	86	71	86	70	87	70	89	71	91	73	92	76	92	80	91	85	89	90	86	94	82	98	77	101	71	103	64	104	57	104	49	104	41	105	33	105	26	104	20	103	15	101	11	100	8	99	6	97	5	94	5	90	6	85	8	80	11	76	15	73	20	69	26	64	32	58	39	51	47	45	54	38	60	32	65	27	69	23	74	20	80	18	86	17	93	17	100	18	106	20	111	23	115	26	118	29	120	31	121	32	121	32	
44:
69	23.132	51	21	52	21	54	20	57	20	61	21	66	23	72	26	79	29	87	33	96	38	105	44	113	51	120	59	126	67	131	74	135	80	138	85	140	89	141	92	141	94	140	95	138	97	135	98	131	99	128	101	126	104	123	108	119	112	115	117	112	123	110	128	107	133	103	137	100	140	98	142	96	143	93	143	89	142	86	140	82	138	77	137	71	137	64	137	56	136	47	134	39	132	32	129	25	125	19	120	14	114	10	107	7	99	5	90	4	81	4	72	5	62	7	53	9	45	12	38	16	32	21	27	27	23	33	20	38	18	42	17	45	17	48	18	50	20	51	21	51	21	
45:
69	19.443	56	87	57	86	59	84	62	81	64	77	67	72	71	66	75	60	80	55	85	51	91	48	98	46	104	45	109	45	113	46	117	48	120	51	122	55	123	60	123	66	122	73	120	80	117	88	113	96	109	103	106	109	104	114	103	118	103	121	104	123	106	124	109	124	113	123	118	122	122	121	126	121	129	121	131	122	132	124	132	127	131	131	129	135	126	139	122	143	117	147	111	150	105	154	98	157	90	160	81	162	72	163	64	163	57	162	51	160	46	157	42	153	39	148	37	142	36	135	36	128	37	121	39	115	42	108	45	102	49	97	52	93	54	90	55	88	56	87	56	87	
46:
59	1.505	69	109	70	108	72	106	75	103	79	100	82	96	84	91	86	85	89	80	93	76	98	73	104	70	111	66	118	61	124	55	129	50	133	44	136	38	138	33	140	28	141	24	141	20	140	17	138	15	135	14	131	13	126	11	120	10	113	9	105	9	96	10	86	10	75	11	65	12	56	14	48	17	41	21	34	26	28	30	23	35	19	41	16	48	14	55	13	63	13	72	14	80	16	87	19	93	23	98	28	102	34	105	41	107	48	108	54	108	59	107	63	107	66	108	68	108	69	109	69	109	
47:
66	19.915	65	144	66	145	68	146	71	146	75	145	80	143	86	140	93	136	101	131	109	125	116	119	122	112	127	104	131	95	134	86	136	76	137	67	137	59	136	51	134	44	131	38	127	33	122	29	116	26	109	24	101	23	92	23	83	24	75	26	66	27	56	27	47	28	38	30	30	33	23	37	17	42	12	48	8	54	4	61	1	68	-1	76	-2	85	-2	93	-3	100	-4	106	-4	111	-3	115	-1	118	2	120	6	121	11	121	15	120	18	118	22	117	26	117	30	118	33	120	37	123	41	127	45	130	50	133	55	137	59	140	62	142	64	143	65	144	65	144	
48:
75	45.256	3	77	4	76	6	74	9	72	13	69	18	65	24	62	30	59	36	56	43	53	49	49	54	44	58	38	61	31	63	25	64	20	64	16	63	13	61	11	60	10	59	10	59	11	60	13	62	16	65	19	68	23	72	28	77	32	83	35	90	37	98	38	107	38	116	37	125	36	134	36	142	37	149	39	155	42	160	46	164	51	168	56	171	62	175	69	178	77	180	86	181	96	181	105	180	113	178	120	175	126	171	131	166	135	160	138	153	140	145	141	136	141	126	140	115	138	103	135	92	131	82	126	73	120	65	113	58	106	51	100	44	94	36	89	29	85	23	82	18	80	13	79	9	79	6	79	4	78	3	77	3	77	
49:
82	102.056	22	9	23	8	25	6	28	3	32	1	37	0	43	0	50	1	57	3	65	6	73	10	80	15	86	21	92	27	98	34	103	42	107	51	110	61	112	71	113	82	113	92	113	101	112	109	110	116	107	122	105	127	103	131	102	134	102	136	102	137	103	137	105	136	107	134	110	131	114	127	119	122	125	116	130	109	134	101	137	94	139	88	140	82	140	76	139	70	137	65	134	61	130	58	125	56	119	54	112	53	104	53	97	54	91	56	85	59	79	63	72	68	64	74	55	80	45	85	36	89	28	92	21	94	15	95	10	95	6	94	3	92	1	89	0	85	0	80	1	74	3	67	6	59	10	52	13	44	16	37	18	30	19	24	21	19	22	15	22	12	22	10	22	9	22	9	
50:
72	54.853	83	119	84	118	86	116	89	113	92	109	96	104	101	98	107	91	113	83	118	74	122	64	125	54	127	45	128	37	128	30	128	23	127	17	125	12	122	8	118	5	113	3	108	2	102	2	95	3	89	5	82	8	76	11	71	14	66	18	61	23	57	27	54	30	51	32	47	33	43	33	40	33	38	32	37	32	37	33	38	35	40	37	43	39	47	42	51	46	54	51	56	57	57	64	57	72	56	81	54	91	51	101	47	110	44	118	41	125	39	131	38	136	38	140	39	143	41	145	43	147	46	148	49	148	53	147	57	145	60	142	64	138	68	133	73	129	77	125	80	122	82	120	83	119	83	119	
51:
78	28.713	40	58	39	59	37	61	35	64	32	68	28	73	25	79	23	86	21	94	20	103	20	112	21	120	23	127	26	133	30	138	35	142	41	145	48	147	56	148	64	148	73	147	83	145	92	142	101	138	109	135	116	133	122	132	127	132	131	133	134	135	136	138	137	140	137	141	136	141	134	140	131	138	127	135	123	132	120	128	118	123	117	117	117	111	118	104	120	96	123	87	127	77	130	68	132	59	133	49	133	40	132	32	130	25	127	19	123	14	118	10	112	7	105	5	97	4	89	4	80	5	70	7	61	9	53	12	46	16	40	20	35	25	31	31	28	36	26	41	25	46	25	50	26	53	28	55	31	56	34	56	37	57	39	58	40	58	40	58	
52:
65	105.01	144	129	143	128	141	128	138	129	134	131	129	133	123	135	116	136	108	136	99	135	90	133	81	131	72	128	63	125	55	121	48	116	41	112	34	109	28	107	21	106	15	105	10	104	6	102	3	99	1	95	0	90	0	84	0	77	1	69	3	60	5	52	8	44	10	37	11	31	11	26	11	22	12	19	14	17	17	16	20	16	22	17	23	19	23	22	23	26	24	31	26	37	29	44	33	52	38	61	44	71	51	81	59	90	68	98	78	105	89	111	99	116	108	120	116	123	123	125	129	126	134	128	138	129	141	129	143	129	144	129	144	129	
53:
84	57.539	5	1	6	2	8	4	11	7	15	11	19	15	24	20	30	26	37	31	44	37	51	44	57	51	62	58	66	65	69	71	71	77	72	82	72	86	71	89	69	91	66	92	63	93	60	95	58	98	57	102	57	107	58	111	60	114	63	116	67	118	72	119	78	119	85	120	93	122	102	123	112	125	121	126	131	128	140	129	148	129	155	128	161	126	166	123	172	119	177	114	181	108	184	101	186	94	187	86	187	77	186	67	184	58	181	50	177	43	172	37	166	32	159	28	153	25	148	23	143	22	139	22	136	23	134	25	131	28	127	32	122	37	116	41	110	44	103	46	95	47	86	47	76	46	65	44	55	41	46	37	38	32	31	26	25	20	20	15	15	11	11	7	8	4	6	2	5	1	5	1	
54:
76	7.98	83	91	82	92	80	94	77	97	73	100	68	103	62	107	55	110	47	112	39	113	31	113	24	113	18	113	13	112	9	110	6	107	4	103	3	98	3	92	4	85	5	77	5	68	5	58	4	47	3	36	3	25	4	15	5	6	7	-2	10	-9	14	-15	19	-20	25	-24	32	-27	40	-29	49	-30	58	-30	68	-29	79	-27	90	-24	100	-20	109	-15	117	-9	124	-2	130	6	135	15	139	25	142	36	144	46	145	57	145	69	144	80	143	90	143	99	144	107	146	114	148	120	149	125	149	129	148	132	146	134	143	135	139	135	134	134	128	132	121	129	114	125	107	120	101	114	96	109	92	104	89	100	87	97	85	94	84	92	83	91	83	91	
55:
69	37.442	94	112	95	113	96	114	98	114	101	113	105	111	110	108	116	104	123	99	129	93	134	86	138	78	141	69	143	59	145	50	146	41	146	33	145	26	143	20	140	15	136	11	131	8	125	6	118	5	110	5	101	6	91	8	81	11	72	15	64	20	57	26	51	33	46	41	42	50	39	58	37	65	35	71	34	76	34	80	35	83	37	85	40	86	44	87	49	87	55	86	62	86	69	87	75	89	81	92	86	96	90	101	93	107	95	114	96	120	96	125	96	129	96	132	96	134	97	135	99	135	100	134	100	132	101	129	101	126	100	122	99	118	97	115	95	113	94	112	94	112	
56:
67	24.65	123	108	122	109	120	111	117	114	113	118	108	123	102	128	95	133	88	137	82	141	76	144	69	146	63	147	58	147	54	146	51	144	49	141	48	138	48	134	49	129	51	123	53	116	56	109	60	101	64	92	67	82	71	72	75	61	80	51	85	42	89	34	92	27	95	21	99	15	103	10	106	6	108	3	109	1	109	0	108	0	106	1	105	3	105	6	106	10	107	15	109	21	112	28	115	34	118	41	121	48	125	54	128	59	130	63	133	66	137	68	140	69	142	71	143	74	143	78	142	82	140	87	137	93	133	98	129	102	126	105	124	107	123	108	123	108	
57:
74	13.489	140	30	139	31	137	33	134	35	130	38	125	41	120	45	116	50	113	54	111	57	110	59	109	61	109	64	110	66	112	69	115	73	118	78	122	84	126	91	130	99	133	108	135	117	137	125	138	132	140	138	142	143	143	147	143	150	142	152	140	153	137	153	133	152	128	150	122	147	115	143	107	138	98	132	90	125	83	117	75	108	68	99	62	89	56	79	49	69	43	60	38	52	34	45	31	39	29	34	28	30	28	27	29	25	31	24	34	24	38	25	43	27	48	30	52	34	56	39	60	44	65	48	71	51	78	53	86	54	95	54	104	53	112	51	119	48	125	44	130	40	134	36	137	33	139	31	140	30	140	30	
58:
79	32.167	31	88	32	87	33	85	35	82	38	78	42	73	47	67	52	60	58	52	64	45	69	39	73	33	76	28	78	24	80	21	81	19	83	18	85	18	88	19	92	21	96	24	99	28	103	33	108	39	112	45	116	51	119	57	121	62	122	67	122	71	121	75	119	78	116	80	112	83	107	86	101	88	95	89	90	89	86	89	83	89	81	89	80	90	80	92	81	95	83	99	86	104	90	110	94	117	99	123	104	128	109	133	113	138	116	143	118	149	119	154	119	159	118	163	116	166	113	168	109	169	104	169	98	168	91	166	83	163	74	159	65	155	57	150	50	145	44	139	39	132	35	124	32	116	30	109	29	103	29	98	30	94	31	91	31	89	31	88	31	88	
59:
66	9.498	118	147	119	146	120	144	120	141	120	137	119	132	117	126	114	120	110	115	106	111	103	108	101	106	100	105	100	105	101	106	103	108	106	109	110	109	115	109	121	109	127	108	133	106	138	103	142	99	145	94	147	88	148	81	148	73	147	64	145	55	142	47	139	40	135	34	130	28	124	23	117	19	110	16	103	14	97	13	92	13	88	14	85	16	83	19	82	23	82	28	83	34	85	41	86	49	87	58	88	68	88	79	87	89	85	98	84	106	84	113	85	119	87	126	90	132	94	137	98	141	103	144	108	146	112	147	115	147	117	147	118	147	118	147	
60:
88	19.809	12	39	11	40	9	42	6	45	2	49	-2	54	-5	60	-7	67	-8	75	-9	84	-9	94	-10	104	-10	113	-9	121	-8	128	-6	134	-3	139	1	143	6	146	12	148	19	150	27	151	35	151	42	150	48	148	53	145	57	141	60	136	62	130	64	123	67	117	70	111	74	106	79	102	85	99	92	97	100	96	107	96	115	97	122	99	128	102	133	106	137	110	140	114	142	117	143	119	143	120	142	120	140	119	137	117	133	114	128	110	123	105	117	99	112	92	108	84	105	77	103	69	102	60	102	50	103	41	105	33	108	26	111	20	114	15	116	11	117	8	117	6	116	4	114	3	111	3	107	4	102	6	96	9	89	12	82	16	74	21	65	25	56	29	48	33	40	37	33	40	27	42	22	43	18	43	15	42	13	40	12	39	12	39	
61:
67	25.004	148	107	147	107	145	108	142	109	138	110	133	110	127	109	120	107	114	104	107	100	100	95	92	89	85	82	78	74	72	65	67	57	63	50	60	44	58	39	57	35	56	32	56	30	55	29	53	29	50	30	46	32	42	35	39	39	35	44	32	50	29	57	27	65	26	74	24	83	21	92	17	100	13	107	9	113	5	118	2	123	0	128	-1	132	-1	135	0	137	2	139	5	140	9	140	14	139	20	137	27	134	34	130	42	127	51	124	61	121	71	119	82	118	93	117	103	117	112	116	120	114	127	111	133	108	138	106	142	105	145	105	147	106	148	107	148	107	
62:
83	16.591	147	25	146	26	144	28	143	31	141	35	138	39	134	44	129	50	124	57	119	65	113	74	108	84	103	94	99	104	94	113	88	121	82	128	76	134	70	139	65	143	59	146	52	148	44	149	35	149	25	148	16	146	8	143	1	139	-6	134	-12	128	-17	121	-21	113	-24	104	-27	94	-30	83	-32	73	-33	64	-33	54	-33	45	-32	37	-30	30	-27	24	-23	19	-19	15	-15	12	-10	10	-4	9	3	9	11	10	18	12	24	15	29	19	33	24	38	30	42	36	45	42	48	47	51	51	54	54	57	56	59	57	62	57	65	56	68	54	70	51	71	47	72	42	74	36	77	30	81	24	86	19	92	15	99	12	107	10	114	9	120	9	126	10	132	12	137	15	141	19	144	22	146	24	147	25	147	25	
63:
69	15.003	23	0	24	1	26	3	28	6	31	10	35	13	40	15	46	16	53	16	61	15	69	13	77	10	84	6	90	3	95	0	100	-2	104	-3	107	-3	109	-2	110	0	110	3	109	7	107	12	104	17	100	23	95	30	91	38	88	47	86	57	85	68	85	78	86	88	88	98	90	107	92	115	93	122	93	128	92	133	90	137	87	140	84	142	80	143	76	143	71	142	65	140	59	137	53	133	46	128	38	122	31	117	25	113	19	108	14	102	10	96	7	89	4	81	2	73	1	64	1	55	1	45	2	36	4	28	6	21	9	15	13	10	17	6	20	3	22	1	23	0	23	0	
64:
80	17.396	7	52	8	53	10	54	13	56	17	59	22	63	28	68	35	72	43	76	52	81	62	86	71	92	80	99	88	107	95	114	101	121	106	127	110	132	113	136	115	139	116	142	116	144	115	145	113	145	111	144	109	142	108	139	107	135	107	130	108	124	109	117	111	109	114	100	118	90	122	80	125	71	127	63	128	56	128	50	127	45	125	41	122	38	118	36	113	35	107	35	101	36	96	38	92	41	89	45	87	50	86	56	84	63	81	71	77	80	72	88	66	95	59	102	52	108	44	113	36	117	27	120	19	122	12	123	5	123	-1	122	-6	120	-10	117	-13	113	-15	108	-16	102	-16	95	-15	88	-13	80	-10	73	-6	67	-2	62	1	58	4	55	6	53	7	52	7	52	
65:
76	28.086	18	115	19	116	21	118	24	121	28	123	33	125	39	128	46	131	54	133	63	135	73	136	84	136	94	135	104	133	113	132	121	130	128	127	134	123	139	118	143	112	146	105	148	98	149	91	149	85	149	80	148	76	146	73	143	71	139	70	134	70	128	71	121	73	114	76	106	78	97	79	87	80	76	80	66	79	56	77	47	74	39	70	32	65	25	59	19	52	13	44	8	35	4	27	1	20	-1	14	-2	9	-2	5	-1	2	1	0	4	-1	8	-1	13	0	17	2	20	5	22	9	23	14	23	20	23	27	23	35	23	44	22	54	21	64	20	73	20	81	20	88	21	94	22	100	22	105	22	109	21	112	19	114	18	115	18	115	
66:
84	80.742	65	145	66	144	68	142	71	139	75	135	79	130	82	125	84	119	85	112	87	105	89	99	92	94	96	90	101	87	105	85	110	84	116	84	121	85	125	87	128	90	130	92	131	93	131	93	130	92	128	90	125	87	121	83	116	78	110	72	103	65	97	59	92	54	87	50	83	47	80	45	78	44	77	44	77	45	78	47	80	48	83	49	86	49	90	48	95	46	100	43	104	39	107	34	109	28	110	21	110	14	109	8	107	2	104	-3	100	-7	95	-10	89	-13	82	-15	74	-16	65	-16	57	-15	50	-13	43	-10	37	-6	32	-1	28	5	25	12	23	20	22	29	22	39	23	49	25	60	28	72	32	83	36	93	41	102	45	110	50	117	54	124	57	130	59	135	60	139	62	142	64	144	65	145	65	145	
67:
74	146.366	66	76	67	77	69	78	72	78	76	79	81	79	87	80	94	82	102	85	111	88	119	92	126	96	132	99	137	101	141	102	144	102	146	102	147	101	147	99	146	97	144	94	141	90	137	85	132	79	126	72	120	64	114	56	109	49	105	43	102	37	100	32	99	28	99	25	100	23	102	22	104	22	105	23	105	25	104	28	102	32	99	37	95	43	90	48	84	52	77	56	69	59	62	62	54	65	46	69	39	74	33	80	28	87	24	95	21	102	19	108	18	113	18	117	19	120	21	122	24	123	28	123	33	122	37	120	42	117	48	113	53	108	58	102	62	96	65	91	67	86	68	82	68	79	67	77	66	76	66	76	
68:
85	38.079	135	14	136	13	138	11	141	8	144	5	146	3	147	1	147	0	146	0	144	1	141	3	137	6	132	10	126	15	119	21	112	28	105	35	99	41	93	46	88	50	84	53	81	55	77	56	74	56	70	55	65	53	59	50	54	46	49	41	43	35	38	30	34	26	29	23	23	21	17	20	12	20	8	21	5	23	3	26	2	30	2	35	3	41	5	48	7	56	10	65	14	75	19	86	25	96	32	105	40	113	49	120	59	126	70	131	81	135	92	138	102	140	111	141	119	141	126	140	132	138	137	135	141	131	144	126	146	120	147	114	147	109	146	105	144	102	141	100	137	97	133	93	129	88	126	82	124	75	123	67	123	59	123	50	124	42	126	35	128	29	131	24	133	20	134	17	135	15	135	14	135	14	
69:
58	2.737	6	106	7	105	9	103	12	100	15	97	17	93	18	88	18	82	17	77	16	73	15	70	15	68	16	67	18	67	19	68	21	70	24	72	28	73	33	73	39	72	46	70	54	67	63	63	73	58	82	53	91	49	99	46	106	43	112	41	117	40	121	39	124	39	127	40	129	42	130	45	130	49	129	54	127	60	124	67	121	73	117	78	112	82	106	85	99	87	91	88	82	88	72	89	61	91	51	93	42	95	34	96	27	98	21	99	16	100	12	101	9	103	7	105	6	106	6	106	
70:
67	1.442	100	4	101	5	103	7	105	9	108	12	112	16	115	20	117	25	118	31	118	38	117	44	115	50	112	56	108	62	104	67	100	71	96	74	93	76	91	77	90	77	90	78	91	80	93	83	96	87	100	92	105	97	111	103	118	110	124	118	129	125	133	131	136	136	138	140	139	143	139	145	138	146	136	147	133	147	129	146	124	146	118	145	111	143	103	140	94	137	86	133	79	129	73	124	68	118	64	111	61	105	59	98	58	90	58	81	59	72	61	63	64	55	68	48	72	42	77	36	83	29	88	23	92	18	95	14	97	10	99	7	100	5	100	4	100	4	
71:
78	32.977	9	10	10	11	12	13	15	16	19	20	24	25	30	31	36	38	43	46	49	55	54	64	58	74	61	84	64	93	66	101	67	108	67	114	66	119	64	123	61	126	57	128	52	129	46	129	39	128	33	126	28	123	23	119	19	114	16	108	14	102	13	97	13	93	14	90	16	88	19	87	23	86	28	85	34	85	41	86	49	88	58	89	67	89	76	88	84	86	93	83	101	79	109	74	116	68	122	61	127	53	131	45	135	36	138	28	140	21	141	15	141	10	140	6	138	3	135	1	131	0	126	-1	120	-1	113	0	105	2	96	3	86	3	75	3	64	4	54	5	45	7	37	10	30	12	24	13	19	13	15	12	12	11	10	10	9	10	9	10	
72:
71	2.439	30	28	31	29	33	31	36	34	40	38	45	43	51	47	58	50	66	52	75	53	85	53	95	52	105	50	114	47	122	43	129	38	135	32	140	27	144	22	147	18	149	15	150	13	150	12	149	12	148	13	146	15	143	18	140	22	136	27	132	33	127	40	121	48	115	57	109	66	102	75	94	83	86	92	77	101	67	109	57	116	47	122	38	127	30	131	23	134	17	136	12	137	8	137	5	136	3	134	2	131	2	127	3	122	5	116	8	110	12	103	17	95	23	86	29	77	34	69	38	62	41	56	43	51	44	45	44	40	43	36	41	33	39	31	36	30	33	30	31	29	30	28	30	28	
73:
68	3.113	80	99	79	100	77	100	74	100	70	100	65	101	59	103	53	106	47	110	40	113	34	115	27	116	21	116	16	115	12	113	9	110	7	106	6	101	6	95	7	88	9	80	12	71	16	62	21	53	26	45	30	37	33	30	35	24	36	19	36	15	35	12	35	10	35	9	35	9	36	10	38	12	41	15	45	19	49	24	54	30	60	37	66	45	73	52	81	60	89	69	96	79	102	89	107	98	113	106	118	113	122	119	125	124	127	128	128	131	128	133	127	134	125	134	122	133	118	131	113	128	107	124	101	119	95	114	90	109	86	105	83	102	81	100	80	99	80	99	
74:
75	1.968	34	117	33	117	31	117	28	116	24	114	19	111	13	107	6	102	0	96	-5	89	-9	81	-12	72	-14	62	-15	53	-16	45	-16	38	-15	32	-13	27	-10	23	-6	20	-1	18	5	17	12	17	20	18	29	20	39	23	48	26	58	30	68	34	77	38	86	41	94	43	101	44	107	44	112	43	116	41	119	38	123	34	126	31	128	29	129	28	129	28	128	29	126	31	123	34	119	38	116	43	114	48	113	54	113	61	114	67	115	72	117	76	120	79	122	81	123	82	123	82	122	81	120	79	117	77	113	76	108	75	102	75	95	76	87	78	79	81	70	85	62	90	55	96	49	102	44	107	40	111	37	114	35	116	34	117	34	117	
75:
72	38.454	20	114	19	113	17	111	14	108	11	104	7	99	4	93	2	87	1	82	1	77	2	73	4	70	7	68	11	67	16	66	22	65	29	63	37	60	46	56	55	52	64	48	72	44	79	39	85	35	90	32	94	30	97	29	100	29	102	30	103	32	104	35	105	39	105	44	105	50	106	57	106	65	106	74	107	84	107	93	107	101	108	108	110	114	113	119	117	123	121	126	125	128	129	129	132	129	134	128	135	126	135	124	134	123	132	123	129	124	125	125	120	127	114	130	107	132	99	133	90	133	80	132	71	131	63	129	56	126	48	124	41	121	35	119	30	117	26	116	23	116	21	115	20	114	20	114	
76:
75	32.694	34	17	34	18	35	20	37	22	40	24	44	25	48	25	53	24	59	24	66	25	74	26	81	28	87	31	92	35	97	40	101	46	104	53	106	61	108	70	109	78	111	87	113	97	116	106	119	114	123	121	128	127	132	132	135	136	137	139	138	142	138	144	137	145	135	145	132	144	128	144	123	144	118	145	113	145	109	144	106	144	104	143	103	141	103	138	104	134	106	129	109	123	113	116	118	108	124	99	129	89	133	78	136	66	138	55	139	45	139	36	138	28	136	20	133	13	129	7	124	2	118	-2	112	-5	105	-7	97	-8	88	-8	79	-7	70	-5	62	-2	55	2	49	6	44	9	40	11	37	14	35	16	34	17	34	17	
77:
64	25.665	138	109	137	108	135	106	133	103	130	99	126	94	121	88	116	81	110	73	105	64	101	55	96	46	92	38	88	30	85	23	83	17	82	12	82	8	83	5	85	3	88	2	91	2	93	3	94	5	94	8	94	12	93	17	91	23	89	30	88	37	86	45	84	53	81	62	77	71	73	80	69	88	65	95	62	101	59	106	57	110	56	113	56	117	57	122	59	127	62	132	66	136	71	139	77	141	84	142	92	142	101	141	109	140	116	139	122	137	127	134	131	130	135	126	138	122	140	119	141	117	141	114	140	112	139	110	138	109	138	109	
78:
81	18.368	109	115	108	116	106	116	103	115	99	114	94	113	90	111	87	108	85	105	84	101	83	96	83	92	84	89	86	86	89	82	92	77	95	72	97	66	98	59	98	53	97	48	95	44	92	41	88	39	83	38	77	38	70	39	62	41	53	44	44	47	36	51	29	55	23	60	18	65	13	69	9	72	6	74	4	75	3	75	3	74	4	72	6	69	9	65	13	60	18	55	24	49	31	43	39	38	48	34	58	31	69	29	81	28	92	28	103	29	113	31	122	34	130	38	137	43	143	49	148	56	152	64	155	73	158	83	160	92	161	100	161	107	160	113	158	118	155	122	151	125	148	127	144	129	140	130	135	130	130	129	124	127	119	124	115	121	112	118	110	116	109	115	109	115	
79:
81	248.858	51	125	52	126	54	128	57	131	61	134	66	138	72	141	79	145	87	148	95	150	102	151	108	151	113	150	117	148	120	145	122	141	123	136	123	130	122	123	121	115	119	106	117	96	114	86	112	77	111	69	111	62	112	56	114	51	117	47	121	44	126	42	132	41	137	41	141	41	144	41	146	40	147	38	147	35	146	31	144	26	141	20	137	15	132	11	126	8	119	6	111	5	103	5	96	6	90	8	85	11	81	15	78	20	76	26	75	33	75	41	75	49	74	57	73	64	71	70	68	75	64	79	59	82	53	84	46	86	40	87	35	87	31	86	28	86	26	86	25	87	25	89	26	92	28	96	31	101	35	106	38	110	42	115	45	119	48	122	50	124	51	125	51	125	
80:
77	8.559	129	61	128	61	126	60	123	60	119	59	114	57	108	55	101	52	93	48	85	43	77	39	70	35	64	32	59	30	55	29	52	29	50	30	49	32	48	35	48	39	49	44	51	50	53	57	54	65	55	74	55	83	55	93	54	102	52	110	49	117	45	123	40	128	35	132	31	135	28	137	26	138	25	138	25	138	26	137	28	135	31	132	35	128	40	123	46	119	52	116	59	113	67	111	76	109	86	108	96	108	105	109	113	111	120	114	126	117	131	121	135	124	138	126	140	127	141	127	141	126	140	124	138	121	135	117	131	112	126	108	122	104	119	100	117	95	116	89	116	82	117	76	118	71	120	67	123	64	126	62	128	61	129	61	129	61	
81:
90	153.336	92	124	91	123	89	122	86	121	82	120	79	118	76	117	74	117	73	118	73	120	74	122	76	123	79	124	83	125	88	125	92	124	95	122	97	119	98	115	98	111	97	108	95	105	92	101	88	98	83	95	77	92	70	89	62	87	54	85	46	84	39	84	33	84	28	83	24	83	21	84	19	85	18	85	18	84	19	82	21	79	24	75	28	70	33	64	39	57	46	49	53	40	61	32	70	25	80	19	90	14	101	10	111	7	120	5	129	4	139	4	148	5	156	7	163	10	169	14	174	19	178	25	181	32	183	40	184	48	184	57	183	66	181	76	178	85	174	93	169	100	163	106	157	111	152	115	148	118	144	120	141	121	139	121	137	120	135	118	132	115	128	113	124	112	119	112	113	113	107	115	102	117	98	119	95	121	93	123	92	124	92	124	
82:
72	7.358	129	74	128	75	126	76	123	77	119	79	114	82	108	86	101	91	93	97	85	102	76	106	67	109	59	111	52	112	46	112	40	111	35	110	31	109	28	107	26	104	25	101	25	98	26	96	28	94	31	91	35	87	39	83	42	80	44	78	45	75	45	71	44	67	42	63	39	60	35	56	31	52	26	47	21	42	17	38	14	33	12	28	11	24	11	20	12	16	14	13	17	10	21	8	26	7	32	7	39	8	47	10	56	12	65	13	74	14	84	14	94	15	103	17	111	20	118	24	124	29	129	34	133	40	136	47	138	54	139	60	139	65	138	69	136	72	133	74	131	75	130	75	129	74	129	74	
83:
69	14.588	68	66	67	67	67	69	66	72	66	75	67	79	69	84	72	90	76	96	81	101	86	105	92	108	99	110	105	112	110	113	114	113	117	112	119	110	120	109	120	107	119	106	117	104	114	101	110	97	106	92	101	88	95	85	88	83	81	82	74	82	68	83	63	85	59	88	56	92	54	97	53	102	52	108	52	113	51	117	49	120	46	122	43	123	41	123	40	122	40	120	41	117	43	113	44	108	44	103	44	97	43	90	41	82	40	74	38	67	35	61	33	56	32	52	32	49	33	47	35	46	38	46	42	47	47	49	53	52	58	56	62	60	65	63	67	65	68	66	68	66	
84:
74	38.841	15	101	16	100	18	99	21	97	25	94	29	90	34	85	38	79	41	73	43	67	44	60	44	52	43	45	41	39	38	34	34	30	31	27	29	25	28	24	28	24	29	25	31	27	34	30	38	33	43	37	49	42	56	48	63	55	71	63	80	70	90	76	100	81	109	85	117	88	124	92	130	96	135	101	139	107	142	114	144	122	145	131	145	139	144	146	142	152	139	157	135	161	130	164	124	166	117	167	109	167	102	166	95	164	89	161	83	157	78	153	74	148	71	142	69	135	68	127	68	119	67	112	65	106	62	101	58	97	53	94	47	92	40	91	34	91	29	92	25	93	21	95	18	98	16	100	15	101	15	101	
85:
74	29.128	8	145	8	144	7	142	7	139	8	135	9	130	11	124	12	117	12	109	11	100	10	90	10	79	9	69	7	59	5	50	4	42	4	35	4	29	5	24	7	20	10	17	14	15	19	14	24	14	30	15	36	17	43	20	50	24	58	29	67	35	77	42	86	49	94	57	101	64	107	70	113	75	119	79	124	82	128	84	132	85	135	85	137	84	138	82	138	79	137	75	135	70	132	64	128	58	124	53	120	49	115	46	109	44	102	43	94	43	87	44	79	46	70	49	62	53	55	58	49	64	44	71	39	78	35	86	32	95	28	103	24	111	21	118	18	124	14	130	11	135	9	139	8	142	8	144	8	145	8	145	
86:
78	27.301	94	136	93	135	91	133	88	130	84	126	79	121	73	115	68	109	64	103	61	98	59	94	58	91	58	89	59	88	61	88	64	89	66	91	67	94	67	98	66	103	64	108	61	112	57	115	52	117	46	118	40	118	33	117	26	115	20	112	15	108	11	103	8	97	6	90	5	82	5	75	6	69	8	64	11	60	15	57	20	55	26	54	33	54	41	55	50	57	60	60	70	64	81	69	91	74	100	80	108	87	115	95	121	103	126	112	130	120	133	127	135	133	136	138	136	142	135	145	134	147	132	148	129	148	125	147	120	145	114	142	109	140	104	139	100	139	97	140	95	142	94	144	94	145	95	145	96	144	96	142	95	139	94	137	94	136	94	136	
87:
73	16.674	10	118	9	119	7	121	5	124	4	128	4	133	5	138	7	142	10	146	14	149	19	151	25	152	32	153	40	153	49	152	59	150	70	149	80	148	89	148	98	147	106	145	113	142	119	138	124	134	128	131	131	129	133	127	134	126	134	125	133	125	131	125	128	124	124	122	121	119	119	115	118	110	118	104	119	97	121	90	124	82	128	74	131	66	133	58	134	51	134	45	133	40	131	36	128	33	124	31	119	30	113	30	106	31	98	31	89	32	79	34	68	37	57	40	47	44	38	49	30	54	23	58	17	63	12	69	8	76	5	84	3	91	2	97	2	103	3	108	5	112	7	115	9	117	10	118	10	118	
88:
74	33.041	77	8	78	8	80	9	83	11	87	14	91	18	95	23	98	28	102	34	105	39	107	43	108	46	108	48	107	51	105	53	102	54	100	55	97	57	95	60	94	64	94	69	95	75	95	82	96	90	96	98	95	105	93	111	90	116	86	120	81	123	75	125	68	126	60	127	52	127	44	126	37	124	31	121	26	117	22	112	19	108	17	105	16	102	16	100	17	99	19	99	22	100	26	100	31	99	37	97	44	94	50	90	55	85	59	79	62	72	64	64	65	57	65	50	65	43	64	36	62	30	59	25	56	20	54	16	53	13	53	11	54	10	56	10	59	11	63	12	67	12	71	11	74	9	76	8	77	8	77	8	
89:
90	24.93	3	45	2	46	2	48	3	51	5	55	8	60	10	65	11	71	11	76	10	82	8	88	7	93	7	97	8	100	10	102	13	103	17	103	22	102	28	100	34	97	39	93	43	88	46	82	48	75	51	67	54	59	58	51	63	44	69	37	76	31	84	26	92	22	101	19	109	17	118	16	126	16	133	17	139	19	144	22	148	26	151	31	153	37	154	44	154	52	153	61	151	71	148	81	144	92	139	102	133	111	126	119	119	126	113	132	107	137	102	141	98	144	95	146	93	148	92	149	92	149	93	148	95	147	98	145	102	142	106	138	109	133	111	127	112	120	112	112	111	103	109	93	106	83	102	74	97	65	91	57	84	50	77	44	69	39	60	35	50	32	41	30	33	29	26	29	20	30	15	32	11	35	8	39	6	42	4	44	3	45	3	45	
90:
82	74.208	15	126	16	127	18	129	21	132	25	134	30	136	35	137	41	137	48	136	54	134	59	131	63	127	66	122	68	117	69	113	69	110	68	108	68	107	69	107	71	108	74	110	77	113	81	117	84	121	88	126	93	131	99	135	105	138	111	140	116	141	121	141	125	140	129	138	132	135	135	131	138	126	140	120	141	113	143	105	144	96	144	86	143	75	142	65	142	56	143	48	143	41	142	35	140	30	137	26	133	23	130	21	126	20	121	20	115	21	108	23	102	26	97	30	93	35	90	41	87	47	83	54	78	62	72	71	65	79	58	86	52	92	47	97	41	101	34	104	27	106	21	107	16	108	12	108	9	108	7	109	6	111	6	113	7	116	9	120	12	123	14	125	15	126	15	126	
91:
87	147.954	133	67	132	68	131	70	129	73	127	77	124	82	121	88	118	95	116	103	115	111	114	118	112	124	109	129	105	134	100	138	94	141	87	143	79	144	70	144	61	143	53	141	45	138	38	134	32	129	27	123	23	116	20	108	18	99	17	89	17	78	16	68	14	59	11	51	7	44	4	38	2	32	0	27	-1	23	-1	20	0	18	2	17	5	17	9	18	14	20	19	23	25	27	32	32	39	38	45	45	50	51	54	56	57	60	59	63	60	65	60	66	59	66	59	65	60	63	62	60	65	56	68	51	70	45	71	38	71	31	70	24	70	18	69	13	69	9	70	6	72	4	75	3	79	3	84	4	90	6	96	9	103	13	110	18	116	24	121	31	125	39	128	46	131	52	133	57	134	61	134	64	133	66	133	67	133	67	
92:
67	12.88	77	106	78	107	79	109	79	112	79	116	80	120	81	125	81	129	80	133	79	136	78	138	78	139	77	139	75	138	73	136	72	133	72	129	71	124	69	118	67	111	66	103	66	94	67	85	67	76	68	67	70	59	73	52	77	46	82	41	87	37	91	34	96	32	102	31	109	31	116	32	124	34	131	37	137	41	142	46	146	52	149	58	151	64	152	70	152	76	151	81	149	85	146	88	142	90	138	91	133	91	127	90	120	88	112	87	105	85	98	84	92	83	86	82	81	82	77	83	74	85	72	88	71	92	71	96	72	100	74	103	76	105	77	106	77	106	
93:
72	3.155	67	93	66	94	64	94	61	95	57	96	52	96	47	95	41	93	36	90	31	86	26	81	20	76	14	72	9	69	4	67	0	66	-3	66	-5	67	-6	69	-6	72	-5	76	-3	81	0	87	4	94	9	101	13	109	18	116	24	122	31	127	39	131	48	134	58	136	69	138	80	139	91	139	101	138	110	136	118	133	126	129	133	124	139	119	144	113	148	106	151	98	153	89	154	79	154	70	154	62	153	55	151	49	148	44	144	40	139	36	133	33	126	31	118	30	110	30	103	31	96	33	89	36	82	40	76	45	71	51	67	58	64	65	62	72	61	78	61	83	62	87	64	90	66	92	67	93	67	93	
94:
96	107.194	16	84	15	83	13	81	10	78	6	74	3	70	1	65	0	59	0	52	0	44	1	37	3	31	6	26	10	20	15	15	21	11	28	8	36	6	45	5	55	5	66	6	78	8	90	11	101	15	111	20	120	25	128	31	135	38	141	46	147	55	152	65	156	76	159	87	161	97	162	106	162	114	161	122	159	129	156	135	152	140	147	145	141	149	134	153	126	156	118	158	111	159	105	159	100	158	96	156	93	153	91	149	90	145	90	140	91	135	93	131	96	128	100	126	105	125	111	125	117	124	122	122	127	120	131	117	134	113	136	108	137	102	137	97	136	93	134	90	131	88	127	87	122	86	116	86	109	87	101	89	92	92	82	96	71	101	61	106	52	110	44	113	36	116	29	118	23	119	18	119	14	118	11	116	9	113	8	109	8	104	9	99	11	94	13	90	15	87	16	85	16	84	16	84	
95:
70	11.05	43	40	42	39	40	38	37	37	33	37	28	37	22	37	16	38	11	38	7	39	4	39	2	38	1	36	1	33	2	29	4	26	7	24	11	23	16	23	22	24	29	26	37	27	46	27	56	27	67	27	77	26	86	26	95	27	103	27	112	28	120	30	127	32	133	35	138	38	142	40	145	41	147	41	148	40	148	39	147	37	145	36	142	36	138	36	133	37	127	39	122	42	118	46	115	51	113	57	112	63	112	68	113	72	114	75	114	77	113	78	111	78	108	77	104	75	99	72	93	68	86	63	78	58	71	54	64	50	58	47	53	45	49	44	46	42	44	41	43	40	43	40	
96:
52	9.815	9	64	10	63	12	62	15	60	19	59	24	59	29	60	35	62	42	65	48	69	53	74	57	80	60	86	62	91	64	95	66	98	69	101	73	103	77	104	82	104	87	103	93	103	98	104	102	106	105	109	107	113	108	117	108	122	107	128	105	133	102	137	98	140	93	142	87	143	80	143	72	142	65	140	58	137	52	133	45	128	39	122	34	115	29	107	25	100	22	92	20	85	19	79	17	74	14	70	12	67	10	65	9	64	9	64	
97:
62	5.472	50	21	49	20	47	18	44	16	40	13	35	10	29	8	23	7	18	7	14	8	11	10	9	13	8	17	7	22	7	28	8	35	10	43	13	50	17	56	22	61	28	67	35	74	43	82	52	90	62	97	71	103	79	108	87	112	96	115	105	117	113	118	120	118	126	117	131	115	135	112	138	108	140	103	141	97	141	90	140	82	138	73	135	64	132	56	130	49	127	43	125	36	122	30	119	25	116	21	112	18	107	16	101	15	94	14	86	14	78	15	71	15	65	16	60	16	56	17	53	19	51	20	50	21	50	21	
98:
71	129.13	148	118	147	118	145	118	142	119	138	120	133	120	127	120	120	120	112	121	103	122	93	122	82	121	70	121	57	122	45	123	34	123	24	122	15	120	7	117	0	113	-6	108	-11	102	-15	95	-18	87	-20	78	-21	68	-21	58	-21	49	-20	41	-18	33	-15	26	-11	20	-6	15	-1	11	4	8	9	6	15	5	21	5	26	6	30	8	35	11	41	15	46	20	51	25	57	29	64	32	72	34	81	35	89	36	96	36	102	35	107	35	111	36	114	38	116	41	117	45	117	50	116	56	115	62	115	69	116	77	118	85	121	92	124	98	128	103	133	107	138	110	142	112	145	115	147	117	148	118	148	118	
99:
63	12.215	33	30	34	30	36	29	39	27	43	24	47	20	52	17	56	15	59	14	61	14	62	15	62	17	61	20	59	24	57	29	56	35	56	42	56	49	57	57	59	65	62	72	66	78	71	84	76	89	82	93	89	96	95	98	100	99	104	99	107	98	109	97	110	96	110	96	109	97	107	99	104	102	100	106	95	110	89	113	82	115	74	116	65	118	57	119	50	119	44	118	39	116	35	114	32	111	30	107	28	102	27	96	27	89	28	81	28	73	28	66	29	58	30	51	31	45	31	40	31	36	32	33	33	31	33	30	33	30	