0:
88	15.25	150	147	150	146	151	144	152	141	154	137	156	132	159	128	161	125	162	123	162	122	161	122	159	123	156	125	152	128	147	132	141	137	136	141	131	144	127	146	124	147	121	147	118	146	114	144	111	141	109	138	108	134	106	129	103	124	99	120	96	115	94	109	93	102	93	95	94	87	96	80	99	74	103	69	108	65	113	60	119	56	124	52	128	49	131	47	133	44	134	40	134	35	133	29	131	24	128	20	124	17	119	15	113	14	106	14	98	15	90	17	82	19	75	22	69	26	64	31	60	37	57	44	55	52	53	61	52	70	52	80	53	91	55	103	56	114	57	124	59	133	62	141	66	148	71	154	77	159	84	163	92	166	101	168	109	169	116	169	122	168	127	166	133	164	138	161	142	157	145	153	147	150	149	148	150	147	150	147	
1:
84	65.512	53	117	52	116	50	114	47	111	43	107	38	102	32	98	26	95	21	93	17	92	14	92	12	93	11	95	11	97	12	98	14	98	17	99	21	100	26	101	32	101	39	100	47	98	55	95	63	91	72	86	82	80	93	73	103	65	112	56	120	47	127	39	133	32	138	26	142	21	145	17	148	14	152	12	156	11	161	11	167	12	172	14	176	17	179	21	182	26	184	32	185	39	185	47	184	56	184	66	184	77	183	87	181	96	178	105	174	113	169	120	163	126	156	131	148	135	139	138	129	140	120	141	112	142	105	143	99	144	94	144	90	145	87	147	85	149	84	152	84	154	84	155	85	155	85	154	84	152	82	149	80	145	77	140	73	135	68	130	63	126	59	123	56	120	54	118	53	117	53	117	
2:
97	52.316	92	119	91	118	89	118	86	118	82	119	77	119	71	119	64	120	56	120	47	120	38	120	30	119	23	118	17	117	12	116	8	114	5	111	3	108	2	104	2	99	3	93	5	86	8	78	12	69	17	60	23	52	30	45	37	39	43	33	49	28	54	24	58	21	61	19	65	18	70	18	76	19	83	21	91	24	100	28	109	32	118	35	126	37	135	38	144	38	152	37	159	35	165	34	171	34	177	35	182	37	186	40	189	44	192	49	195	55	197	62	198	70	198	79	198	88	197	98	195	108	192	119	188	131	183	142	177	152	170	161	162	169	153	176	143	182	132	187	120	192	108	196	97	199	87	201	78	202	70	202	63	201	57	199	52	196	48	192	45	187	43	181	42	174	42	166	43	158	45	151	48	145	52	140	57	136	63	133	70	131	76	129	81	127	85	125	88	123	90	121	91	120	92	119	92	119	
3:
101	414.515	106	115	105	114	103	112	100	110	96	109	91	108	87	108	83	109	80	111	77	114	75	118	74	123	74	129	75	136	77	143	80	149	84	154	89	159	95	163	102	166	110	168	118	169	127	169	136	168	144	166	151	163	157	159	162	154	166	148	169	141	171	133	172	124	172	114	171	104	169	94	166	85	162	76	157	68	151	61	144	54	136	48	127	43	118	39	109	36	101	34	94	33	88	33	83	33	78	34	74	36	71	39	69	43	68	46	68	48	68	49	68	49	69	48	69	46	68	43	66	39	63	34	61	30	58	27	54	25	49	24	43	24	36	25	28	27	21	30	15	34	10	39	6	45	3	51	1	58	0	64	0	69	1	73	3	76	6	78	10	79	15	79	21	78	28	77	36	75	44	72	53	70	63	69	72	69	80	70	87	72	93	75	98	79	102	83	105	88	107	94	108	100	108	105	107	109	107	112	106	114	106	115	106	115	
4:
80	7.901	0	47	0	46	-1	44	-1	41	0	37	1	32	2	26	4	21	7	17	10	14	14	12	18	11	21	11	23	12	26	14	30	17	34	21	39	26	45	31	52	35	58	38	65	40	73	41	82	41	91	40	101	38	111	35	120	31	128	27	135	23	141	18	147	14	152	10	156	7	159	5	162	4	164	4	165	5	165	7	165	10	164	14	162	19	160	25	157	32	153	40	149	48	146	57	143	66	141	76	140	86	138	96	137	105	137	113	136	120	134	126	131	131	127	135	122	138	116	140	109	141	101	141	93	140	84	138	75	135	66	131	58	126	51	120	45	113	40	106	34	99	27	91	20	83	14	75	9	68	5	62	2	57	0	53	-1	50	-1	48	0	47	0	47	
5:
106	198.212	2	152	3	153	5	154	8	155	12	155	17	154	23	152	28	149	32	145	35	140	37	134	38	127	38	119	37	110	35	100	32	91	28	82	23	73	18	63	14	54	11	45	9	37	8	30	8	24	9	19	11	15	14	12	18	10	23	9	29	9	36	10	44	12	53	14	63	15	74	15	84	15	93	16	101	17	108	19	114	20	119	21	123	23	126	26	128	29	129	31	129	33	128	35	126	38	123	41	119	43	114	45	108	48	101	51	93	53	86	54	80	54	75	53	71	51	68	48	66	45	65	42	65	40	66	39	68	39	71	39	75	40	80	42	85	44	91	47	98	51	106	55	114	60	121	66	127	73	132	80	136	88	139	95	141	102	142	108	142	113	141	117	139	120	136	123	132	126	127	130	121	133	114	135	106	136	97	136	88	135	78	133	67	130	57	127	47	125	38	124	30	124	23	125	17	127	12	130	8	133	5	137	3	142	2	146	1	149	1	151	2	152	2	152	
6:
99	131.188	158	136	158	135	158	133	157	130	155	126	152	122	148	118	143	115	137	113	130	112	122	112	113	113	103	115	92	118	81	122	71	126	62	131	53	137	45	144	38	150	32	155	27	159	23	162	20	164	18	165	17	165	17	164	18	163	20	161	23	159	27	156	32	152	38	148	44	144	49	140	54	136	58	131	61	125	63	118	65	110	66	102	66	93	65	85	63	77	62	69	62	60	63	50	65	41	67	33	68	26	69	20	69	15	68	11	66	8	63	6	59	5	54	5	49	6	45	8	42	11	40	14	39	18	39	22	40	25	42	27	45	28	49	28	54	27	60	25	67	22	74	18	82	14	91	10	101	7	112	5	124	4	135	4	145	5	154	7	162	10	169	14	175	19	180	25	184	32	187	40	189	49	190	59	190	70	189	81	187	91	184	100	180	108	176	115	171	121	167	126	164	130	161	133	159	135	158	136	158	136	
7:
81	153.353	17	69	16	68	14	66	11	63	8	59	6	54	4	48	3	41	3	35	4	29	5	23	7	18	10	12	14	7	19	3	25	0	32	-3	40	-5	49	-6	59	-6	70	-5	82	-3	93	0	103	4	112	9	120	15	127	22	133	30	138	39	143	49	147	60	150	72	152	84	153	96	153	107	152	117	150	126	147	134	143	141	138	147	132	152	126	156	121	159	117	161	114	162	112	162	111	161	111	159	112	156	114	152	117	147	121	141	126	134	130	126	133	119	135	113	136	107	136	102	135	98	133	94	130	90	126	87	121	85	115	82	109	78	104	73	98	67	91	62	83	58	74	55	64	53	55	52	47	52	40	53	34	54	29	56	25	59	22	63	20	66	18	68	17	69	17	69	
8:
80	29.529	10	78	11	79	13	81	15	84	18	88	22	93	25	99	27	106	29	114	31	123	34	131	38	138	43	144	48	149	53	153	59	156	66	158	74	159	82	159	90	158	97	156	103	153	108	149	114	146	121	143	129	141	137	140	144	140	150	141	155	143	159	146	162	149	164	151	165	152	166	152	166	151	165	150	163	148	160	145	156	141	151	136	147	130	144	123	142	115	141	106	139	96	136	85	134	74	133	63	133	53	133	44	133	36	132	29	130	23	127	17	123	12	118	8	112	5	105	3	97	2	88	2	78	3	67	5	56	8	46	12	37	17	29	23	22	30	16	38	11	46	7	53	4	59	2	64	1	69	1	73	2	76	4	78	7	79	9	79	10	78	10	78	
9:
92	2.378	49	76	50	77	52	79	53	81	53	83	52	84	50	84	47	83	43	81	38	79	32	76	26	72	19	69	13	67	8	66	4	66	1	67	-1	69	-2	72	-2	76	-1	81	1	87	4	94	8	102	13	111	19	121	26	131	33	140	41	148	50	155	60	161	70	166	79	170	87	173	95	175	102	176	108	176	113	175	117	173	120	170	122	166	123	161	123	156	122	150	121	144	119	137	116	129	112	121	107	114	103	108	100	103	98	99	97	95	97	91	98	88	100	86	103	85	107	83	112	80	118	76	125	71	133	65	140	58	146	50	151	42	155	34	159	27	162	21	164	16	165	12	165	8	164	5	162	3	159	2	155	2	150	3	144	5	138	8	131	12	123	17	114	23	104	30	94	38	85	46	77	53	70	59	64	64	59	68	55	71	52	73	50	75	49	76	49	76	
10:
81	23.621	32	92	31	93	29	95	26	98	22	102	18	107	15	113	13	118	12	123	12	127	13	130	15	132	18	133	22	133	27	132	33	130	39	129	45	127	52	124	58	121	63	119	67	117	70	115	72	113	73	112	73	112	72	113	70	115	68	118	66	122	64	127	62	132	61	138	61	143	62	147	63	150	65	152	68	153	72	153	77	152	83	150	90	147	97	143	105	139	113	136	122	134	131	132	140	130	148	127	155	123	161	118	166	112	170	105	173	97	175	88	176	78	176	69	175	61	173	54	170	48	166	43	161	39	155	36	148	34	141	33	133	33	124	34	114	36	103	39	92	42	82	46	73	51	65	57	58	64	52	71	47	77	42	82	38	86	35	89	33	91	32	92	32	92	
11:
79	92.592	68	11	69	12	71	14	72	17	74	21	75	26	77	32	80	39	82	46	85	52	87	58	88	63	89	67	90	70	92	72	95	73	99	73	103	72	106	70	108	67	111	63	115	60	120	58	126	57	133	57	140	58	146	60	151	63	155	67	158	72	160	78	161	85	162	92	162	100	161	108	159	117	156	125	152	132	147	138	141	143	134	147	126	150	117	152	107	153	96	153	86	153	76	153	67	153	59	154	52	154	46	153	41	151	37	148	34	144	32	139	31	134	31	128	32	121	34	113	37	106	41	98	44	89	46	79	49	70	51	60	52	51	52	43	51	36	51	30	50	24	50	19	51	15	53	12	56	10	60	9	63	9	65	10	67	11	68	11	68	11	
12:
91	263.208	24	130	25	131	26	133	28	136	31	140	35	143	40	145	46	146	53	146	61	145	70	143	80	141	90	140	99	138	107	137	114	137	120	138	125	140	129	143	132	147	134	152	137	156	141	159	145	161	150	162	156	162	163	161	169	159	174	156	178	152	181	147	183	141	185	135	186	128	186	120	185	113	183	107	180	102	176	98	171	95	165	93	158	92	150	92	141	93	132	95	122	96	111	96	101	96	91	95	82	93	74	90	67	86	61	81	56	75	52	68	49	60	47	51	46	42	46	34	46	27	47	21	49	16	50	12	50	9	49	7	47	6	44	6	40	7	35	9	30	12	26	16	23	21	21	27	19	33	18	40	18	48	17	57	17	67	16	77	14	86	13	95	13	103	12	110	12	116	13	121	15	125	16	128	18	130	21	131	23	131	24	130	24	130	
13:
87	25.136	133	108	132	109	130	111	127	114	123	118	118	123	112	129	105	136	99	142	94	149	88	155	82	160	76	164	71	167	67	169	63	170	60	170	58	169	57	167	57	164	58	160	60	156	63	151	67	145	71	139	74	132	76	124	77	115	77	105	76	96	74	88	71	81	67	75	62	70	57	66	53	63	48	61	44	60	41	60	39	61	38	63	38	66	38	69	37	73	35	76	32	78	28	79	24	79	21	78	18	76	16	73	15	69	14	66	14	62	15	57	17	51	20	46	24	42	29	39	35	36	42	34	50	33	59	33	69	34	80	36	92	37	103	37	113	38	122	40	130	43	137	47	143	52	148	58	152	64	155	71	157	79	158	86	158	92	157	97	155	101	152	104	148	106	143	107	139	107	136	107	134	108	133	108	133	108	
14:
77	52.568	150	135	150	134	149	132	147	129	146	125	146	120	147	114	148	107	150	99	153	90	157	80	161	69	164	59	166	50	167	42	168	35	168	29	167	23	165	18	163	14	160	11	156	9	151	7	145	6	138	6	130	7	121	9	111	12	100	16	89	21	78	27	68	33	58	38	48	42	39	45	31	47	24	48	17	49	11	51	6	52	2	52	-1	51	-3	49	-4	46	-4	42	-3	37	-1	31	2	26	6	21	11	17	17	14	24	12	31	11	37	11	42	12	46	14	49	17	51	21	53	26	56	32	60	39	64	47	69	56	75	64	82	73	90	83	97	92	105	100	114	107	122	113	129	118	135	122	140	125	144	129	147	132	149	134	150	135	150	135	
15:
91	42.237	64	132	63	131	63	129	64	126	66	122	69	117	73	112	77	108	82	105	88	103	95	102	102	101	108	101	113	102	117	104	122	107	126	110	129	112	131	113	132	113	134	112	136	110	137	107	137	103	136	98	134	92	131	85	127	78	122	72	116	66	109	61	101	57	92	54	84	52	77	49	71	45	66	41	62	37	59	32	57	27	56	22	56	16	57	10	59	4	62	-1	66	-6	71	-10	77	-13	84	-15	92	-16	101	-16	110	-15	120	-13	129	-10	137	-6	144	-1	150	5	155	12	159	20	162	29	164	39	165	50	165	62	164	75	162	88	159	100	156	111	153	121	150	130	148	138	147	145	146	151	144	156	141	160	138	163	134	165	131	166	127	166	123	165	118	163	113	160	107	156	100	153	92	149	85	145	79	141	74	138	70	136	67	135	65	133	64	132	64	132	
16:
92	26.395	106	30	105	31	103	33	100	36	96	39	91	41	86	43	82	44	79	44	77	43	76	41	76	38	77	34	78	29	79	24	79	18	78	13	76	9	73	6	69	3	64	1	58	0	51	-1	43	-1	36	0	30	2	25	5	21	8	18	12	16	17	15	23	15	30	16	38	18	47	21	56	25	64	30	71	36	77	43	83	51	88	60	92	70	97	80	101	89	106	98	112	106	119	113	127	119	135	124	142	128	148	131	153	133	157	135	160	136	162	136	163	135	163	133	162	131	160	130	157	130	153	130	148	131	142	132	135	133	127	135	118	138	109	142	99	145	88	147	76	150	65	154	55	159	46	163	37	166	29	168	22	169	16	169	11	168	7	166	4	163	2	159	1	154	1	148	2	141	4	134	7	127	11	121	15	116	20	112	24	109	27	107	29	106	30	106	30	
17:
74	30.607	104	30	105	29	107	29	110	30	114	31	119	31	125	31	132	32	138	33	143	35	147	38	150	41	152	45	153	49	153	54	152	60	150	67	148	75	147	84	145	93	142	102	139	110	135	117	131	123	126	128	120	132	114	135	109	137	105	138	101	138	98	137	96	137	95	138	93	140	90	143	86	147	81	151	75	154	69	156	63	157	56	157	49	156	43	154	38	151	34	147	31	142	29	137	28	131	28	124	29	117	31	109	34	102	38	95	42	87	45	78	47	68	48	59	48	50	49	42	50	35	52	29	55	24	59	20	64	17	70	15	77	14	83	14	89	15	94	17	98	20	101	24	103	27	104	29	104	30	104	30	
18:
81	69.772	122	148	121	147	120	145	118	142	117	138	115	134	112	129	108	123	103	116	97	108	90	99	82	89	74	79	67	70	61	62	56	55	52	49	49	44	47	40	46	37	46	35	47	34	49	34	52	35	56	37	60	40	65	44	71	49	78	55	85	62	91	70	96	79	100	89	103	99	105	109	106	118	106	126	106	133	105	139	103	144	100	148	96	151	91	153	86	154	82	154	77	153	71	151	66	148	60	144	55	139	50	133	46	126	42	119	38	113	33	108	28	104	24	101	21	99	19	97	18	96	18	96	19	97	21	99	24	102	28	106	33	110	39	115	46	120	54	124	62	127	71	129	80	131	88	132	95	132	101	133	107	135	112	138	116	142	119	145	121	147	122	148	122	148	
19:
81	29.286	125	86	126	87	128	89	131	92	135	94	138	97	141	101	143	105	145	108	146	110	146	111	145	111	143	110	140	109	136	109	131	110	127	112	124	115	122	119	121	124	121	130	122	137	123	143	125	148	126	152	126	155	125	157	123	158	120	158	116	157	111	156	105	154	98	151	90	147	81	142	72	136	64	129	57	121	51	112	46	102	42	91	39	79	37	68	35	58	34	49	34	41	35	34	37	28	40	23	44	19	49	16	55	14	62	13	70	13	79	14	89	16	100	17	111	18	121	19	130	19	138	19	145	20	151	22	156	25	160	29	163	33	165	38	166	43	166	48	165	52	163	57	160	63	156	69	151	74	146	78	140	81	135	84	131	86	128	87	126	87	125	86	125	86	
20:
84	69.963	86	7	87	6	89	4	91	1	94	-2	98	-4	103	-5	109	-5	116	-5	122	-4	127	-2	131	1	134	4	136	8	137	13	137	18	136	23	136	27	137	30	139	33	142	35	146	36	151	38	156	40	161	43	165	47	168	52	171	58	173	65	174	73	174	81	173	88	171	94	170	99	168	103	165	106	161	108	158	111	156	115	155	119	155	124	156	130	158	135	160	139	162	142	165	144	167	145	168	146	168	146	167	145	165	143	162	140	159	136	155	131	150	125	144	118	137	111	129	103	120	96	110	90	99	85	89	80	80	74	72	69	65	64	59	60	54	55	50	51	47	47	45	44	44	41	44	37	45	34	47	32	50	29	54	27	59	24	65	20	71	16	76	13	80	10	83	8	85	7	86	7	86	7	
21:
83	8.344	160	103	159	102	157	102	154	101	150	101	145	102	139	104	132	107	125	111	119	116	114	121	110	127	106	133	103	140	101	146	100	151	98	155	95	158	91	160	86	161	80	161	73	160	65	158	56	155	47	151	39	147	31	142	24	136	18	130	13	123	9	115	6	106	4	96	3	85	3	74	4	63	6	53	9	44	13	36	18	29	24	23	31	18	39	14	47	11	54	9	60	8	65	8	69	9	72	11	74	14	75	18	75	23	74	29	72	35	69	42	65	50	61	59	57	67	54	74	52	80	51	86	51	91	52	95	54	98	57	100	61	101	66	102	71	102	77	102	84	103	92	105	100	108	108	110	116	112	124	113	132	114	139	114	145	113	150	111	154	108	157	106	159	104	160	103	160	103	
22:
78	17.908	13	138	14	137	15	135	17	132	20	130	24	129	29	128	34	128	40	129	45	131	49	134	53	138	58	141	62	143	65	144	68	144	71	143	74	141	76	138	77	134	79	129	82	123	85	116	87	108	89	99	90	89	90	79	89	70	87	60	85	51	83	43	82	36	82	30	83	25	85	21	88	18	91	16	95	15	100	15	106	16	113	18	120	21	126	25	131	30	135	36	138	43	140	51	141	60	141	70	140	79	138	87	135	95	131	102	126	109	120	115	114	121	108	128	103	136	99	144	96	151	94	157	93	162	91	166	88	169	84	171	79	172	73	172	66	171	58	169	49	166	41	162	34	157	28	152	23	148	19	144	16	141	14	139	13	138	13	138	
23:
84	28.474	38	90	37	91	35	92	32	94	28	96	23	97	17	97	11	96	6	94	2	92	-1	89	-3	85	-4	80	-4	74	-3	67	-1	59	2	50	6	42	11	35	16	29	22	24	29	20	37	17	46	15	56	14	66	14	77	15	89	16	100	18	110	21	119	25	127	30	135	36	142	43	148	51	153	59	157	68	160	78	162	88	163	98	163	107	162	115	160	123	157	130	153	136	148	141	142	145	135	148	128	150	120	151	112	151	105	151	99	150	94	148	90	145	87	141	85	136	84	132	84	128	85	125	87	123	90	122	93	121	97	120	100	119	102	117	103	114	103	111	102	107	100	103	97	98	93	93	88	88	82	84	75	81	68	79	62	78	57	78	53	79	48	81	44	84	41	87	39	89	38	90	38	90	
24:
81	57.275	71	154	72	153	74	151	77	150	80	150	84	150	89	149	95	147	101	144	106	140	110	135	113	130	115	125	116	121	116	116	115	110	113	104	110	99	106	93	101	88	95	82	88	76	80	71	72	66	65	62	59	58	54	55	50	51	47	48	45	45	44	41	44	36	45	32	47	28	50	23	54	18	59	14	65	10	72	7	78	5	84	2	89	0	93	-1	96	-1	98	0	99	2	99	5	98	9	96	13	93	17	90	22	88	28	87	33	87	37	88	40	89	43	89	47	88	52	86	58	83	65	79	73	74	82	69	92	64	101	60	109	57	118	55	127	54	135	54	142	54	148	53	153	53	157	54	160	56	162	59	163	62	163	64	162	66	160	68	157	70	155	71	154	71	154	
25:
86	110.773	98	102	98	101	99	99	99	96	100	92	102	87	105	82	108	78	112	75	117	73	123	72	129	72	136	73	142	75	147	78	151	82	154	87	157	93	160	100	162	108	163	117	163	127	162	136	160	144	157	151	153	157	148	162	142	166	135	169	127	171	118	172	108	172	97	171	85	169	74	166	64	163	55	159	47	155	40	152	34	150	29	149	25	148	22	148	20	147	19	145	19	142	20	138	22	133	25	127	29	120	34	112	40	105	47	98	55	90	62	83	68	75	73	66	77	57	80	48	82	40	83	33	83	27	82	22	81	18	79	15	76	13	72	12	67	12	63	13	60	15	58	18	57	22	57	27	58	33	60	40	63	48	67	57	72	66	78	74	83	81	88	87	92	92	95	96	97	99	98	101	98	102	98	102	
26:
77	27.203	0	114	1	115	3	117	6	120	10	124	15	129	21	134	28	138	36	142	45	145	55	148	66	150	78	152	89	153	99	154	108	154	116	153	123	151	129	148	134	144	138	139	142	133	146	126	150	118	154	109	157	100	159	91	160	83	160	76	159	70	159	65	160	61	160	57	159	54	157	52	154	51	152	49	151	46	150	42	150	38	150	35	149	33	147	32	144	32	140	33	135	34	131	34	127	33	123	31	118	28	112	24	106	19	101	15	97	12	93	10	90	9	86	9	81	10	75	12	68	15	61	19	54	24	48	30	42	36	36	43	31	51	26	60	22	69	19	78	17	86	14	93	10	99	6	104	3	108	1	111	0	113	0	114	0	114	
27:
82	12.734	147	140	148	139	150	137	153	134	155	130	156	125	156	119	155	112	153	104	150	95	146	85	141	74	135	64	128	54	120	45	111	37	101	30	91	24	81	19	71	15	61	12	51	10	42	9	34	9	27	10	21	12	16	15	12	19	9	24	7	30	6	37	6	43	7	49	9	55	12	62	16	70	21	78	27	85	34	91	41	96	47	100	52	103	56	105	59	106	62	106	64	105	65	105	65	106	64	107	62	109	60	111	59	114	59	118	60	123	62	129	65	134	69	138	74	142	80	147	87	152	95	156	104	159	114	161	123	162	131	162	139	162	146	162	152	162	157	163	161	163	164	163	166	162	167	161	167	159	166	158	164	156	161	153	157	150	153	146	150	143	148	141	147	140	147	140	
28:
83	63.488	72	54	71	55	69	57	68	60	67	63	66	67	64	72	61	78	57	85	52	92	46	98	39	103	31	107	22	110	14	112	7	113	1	113	-4	112	-8	110	-11	107	-14	103	-16	98	-17	92	-17	85	-16	77	-14	68	-11	58	-7	49	-2	40	4	32	11	25	17	19	22	14	28	10	35	7	42	5	49	4	57	4	66	5	76	7	85	10	93	14	101	19	108	25	114	30	121	34	127	37	133	40	139	44	144	49	148	55	151	62	153	70	154	79	154	89	153	98	151	106	148	113	144	119	139	124	133	128	127	131	122	133	117	134	113	135	110	135	108	134	107	132	107	129	107	125	108	120	108	114	107	107	105	99	102	90	98	82	93	75	87	69	82	64	78	60	75	57	73	55	72	54	72	54	
29:
83	52.471	1	61	1	60	1	58	2	55	4	53	7	51	11	50	16	48	22	47	29	47	37	48	45	49	54	51	63	54	73	56	84	57	96	57	107	57	117	57	126	58	134	60	141	62	147	65	152	69	156	73	159	76	161	78	162	79	162	79	161	79	159	78	156	78	152	79	147	80	141	82	134	85	126	89	117	94	107	100	96	105	86	111	77	118	69	126	62	135	56	143	51	150	47	156	44	161	42	166	41	170	41	173	42	175	44	177	47	178	51	178	56	177	62	175	68	172	73	168	78	163	82	157	85	150	87	142	88	133	88	124	87	114	85	104	82	95	78	87	73	80	67	74	61	69	54	65	46	62	37	59	29	57	22	56	16	56	11	57	7	58	4	60	2	61	1	61	1	61	
30:
72	16.906	18	64	17	65	15	67	13	70	11	74	10	78	10	83	11	89	13	95	16	100	20	104	25	107	31	109	38	110	46	110	53	111	61	113	68	116	76	120	84	125	91	130	97	136	102	141	106	145	111	148	117	150	124	151	132	151	140	150	147	150	153	151	159	153	164	154	170	154	175	153	179	151	182	148	184	144	185	139	185	133	184	126	182	118	179	109	175	101	170	94	164	88	157	83	149	79	140	74	131	70	123	66	114	61	104	55	93	49	81	43	70	38	60	34	51	31	43	29	36	28	30	28	25	29	21	31	18	34	16	38	15	43	15	49	16	54	18	58	19	61	19	63	18	64	18	64	
31:
92	262.095	89	158	90	157	92	155	95	152	99	148	104	143	108	137	112	130	115	122	117	113	118	103	120	92	121	80	121	68	120	57	118	47	115	38	111	30	106	23	100	17	93	12	85	7	76	3	68	0	61	-2	55	-3	50	-3	46	-2	43	-1	41	0	40	2	40	3	41	5	43	6	46	8	48	11	49	15	49	20	48	26	46	33	43	40	39	48	34	56	30	63	27	69	25	74	24	78	24	81	25	83	27	84	30	85	34	85	39	84	45	82	52	79	60	76	69	73	79	71	90	69	102	68	114	68	125	68	135	69	144	71	152	74	159	77	165	81	170	86	174	91	177	96	179	102	180	109	180	117	179	125	178	133	176	140	173	146	169	151	164	155	158	159	151	162	143	164	134	165	125	165	117	165	110	165	104	164	99	163	95	161	92	159	90	158	89	158	89	158	
32:
97	39.165	13	54	13	53	14	51	14	49	15	46	17	42	19	37	22	33	26	30	31	28	37	27	44	27	52	28	61	29	71	29	81	28	90	27	98	25	105	22	111	19	117	17	122	16	126	16	129	17	131	19	132	22	132	26	131	31	130	37	128	44	127	52	127	61	128	70	130	79	133	88	137	97	142	105	147	113	151	121	154	128	156	134	157	140	157	146	156	153	154	159	151	164	147	168	142	173	136	179	129	185	122	191	114	196	105	200	95	203	84	205	74	206	65	206	57	205	49	203	42	200	36	196	31	191	27	185	24	178	22	170	21	161	21	152	22	143	24	133	27	124	31	115	36	107	42	100	49	94	56	89	62	85	67	82	71	80	74	78	76	77	77	76	77	74	76	71	74	67	71	64	67	62	62	60	56	59	49	59	41	60	34	61	28	61	23	60	19	58	16	57	14	55	13	54	13	54	
33:
78	8.987	130	10	131	11	133	13	136	15	140	18	144	21	147	24	149	28	151	32	152	37	152	42	151	47	149	51	146	56	144	61	143	65	143	68	144	71	146	73	149	74	153	76	157	78	161	81	164	85	166	88	167	92	167	97	166	103	164	109	161	116	157	122	152	127	146	131	139	134	131	136	122	137	112	137	101	138	89	139	76	141	64	143	53	144	42	144	32	143	23	141	15	138	8	134	2	129	-3	123	-7	116	-10	108	-12	99	-13	89	-13	78	-12	67	-10	57	-7	48	-3	39	2	31	8	24	15	18	23	13	31	9	40	6	50	4	61	3	71	3	80	4	88	6	96	9	103	12	109	14	115	15	120	15	124	14	127	12	129	11	130	10	130	10	
34:
94	115.352	143	23	142	23	140	24	137	26	133	28	128	31	122	35	115	40	108	45	100	49	91	52	81	54	70	56	60	58	51	60	43	61	36	61	30	60	25	58	21	55	18	51	16	46	15	40	15	35	16	30	18	26	21	23	25	21	29	20	34	20	40	21	47	23	55	26	64	30	73	35	81	41	88	48	94	56	99	65	103	74	106	84	108	94	109	103	109	111	108	118	106	124	104	129	101	133	97	136	92	138	87	139	83	139	80	138	78	136	77	133	77	130	78	128	80	127	83	127	87	128	92	130	98	133	105	136	113	139	121	143	129	147	137	150	144	152	150	153	155	153	159	152	162	150	164	147	165	143	165	138	164	133	162	127	159	121	155	116	150	110	145	103	141	95	138	86	136	77	134	68	133	59	133	51	133	44	134	38	135	33	137	29	140	26	142	24	143	23	143	23	
35:
85	33.716	63	141	64	142	66	144	68	147	69	151	69	155	69	159	70	162	72	164	75	165	79	165	84	164	90	162	95	159	99	155	102	150	104	144	105	137	106	129	107	120	109	110	112	100	115	91	119	83	124	76	130	70	136	65	141	61	145	57	149	54	152	52	154	51	155	51	155	52	154	54	152	56	149	58	145	59	140	59	134	58	129	56	124	53	120	49	115	44	111	38	106	31	100	25	94	20	87	16	79	13	70	11	60	10	51	10	43	11	36	13	30	16	25	20	21	25	18	31	16	37	15	42	15	46	16	49	18	51	21	52	25	52	30	53	36	54	43	56	51	59	58	63	64	68	69	74	73	81	76	89	78	98	79	106	79	113	78	120	76	126	73	131	69	135	66	138	64	140	63	141	63	141	
36:
79	6.878	47	98	48	97	48	95	47	92	45	88	42	83	38	77	33	70	29	64	26	59	24	55	22	52	21	50	21	49	22	49	24	50	27	52	29	55	30	59	32	64	34	70	37	77	39	85	40	93	40	102	39	110	39	117	38	123	36	128	34	132	33	135	33	137	34	138	35	138	36	137	38	135	41	134	45	134	48	135	51	137	54	140	58	144	63	147	69	150	76	154	84	157	93	159	101	160	108	160	114	159	119	157	123	154	126	150	128	145	131	139	134	132	136	124	138	116	139	108	139	101	138	95	136	90	133	86	129	83	124	81	118	80	111	80	105	81	98	83	90	86	82	90	75	94	68	97	62	99	57	100	53	100	50	99	48	98	47	98	47	98	
37:
70	12.674	8	138	7	137	7	135	8	132	10	128	13	123	16	117	18	110	20	102	22	93	25	83	28	72	30	62	31	53	33	45	36	38	39	31	43	25	48	20	54	16	61	13	69	11	78	10	87	10	95	11	102	13	108	16	113	20	117	25	120	31	122	38	123	44	125	50	126	57	126	65	125	73	124	81	122	88	119	94	116	100	114	105	113	111	113	118	114	126	116	135	118	144	119	153	120	161	120	168	119	174	117	179	114	183	110	186	105	188	99	189	92	189	84	188	75	186	65	183	55	179	46	174	38	169	31	163	25	158	20	153	16	148	13	144	11	141	9	139	8	138	8	138	
38:
86	129.069	96	2	97	3	99	5	102	7	105	10	109	12	113	13	117	14	120	14	122	13	123	13	123	14	122	14	120	14	117	15	113	17	110	20	107	23	105	27	103	32	102	38	102	45	103	53	105	60	108	68	112	77	117	87	121	97	125	106	128	115	130	123	131	131	131	138	130	145	128	151	125	156	121	160	116	163	110	165	103	167	97	168	92	168	88	167	84	165	81	162	79	158	78	153	78	147	78	141	78	136	77	130	75	123	74	116	72	108	69	99	65	89	60	79	54	70	47	62	39	55	32	49	26	43	21	38	17	34	14	31	12	29	11	28	11	28	12	28	14	29	17	29	21	28	26	27	32	25	39	24	46	22	54	21	61	19	68	16	75	12	81	8	86	5	90	3	93	2	95	2	96	2	96	2	
39:
71	7.055	51	158	50	157	48	155	45	152	43	148	42	143	42	137	43	130	45	122	48	115	52	108	57	102	62	97	68	93	75	90	83	88	91	87	98	87	106	88	114	90	121	92	127	93	132	93	136	92	139	90	141	87	142	83	142	78	141	72	141	65	142	59	142	54	142	49	141	45	139	42	136	40	132	39	127	38	123	38	118	39	112	41	105	44	97	48	88	52	78	55	67	57	57	58	47	58	38	57	30	57	23	57	17	58	12	59	8	61	5	64	3	68	2	73	2	79	3	86	5	94	8	103	12	113	17	122	23	130	30	137	36	143	41	148	45	152	48	155	50	157	51	158	51	158	
40:
84	5.081	121	51	121	50	120	48	118	45	115	41	113	36	110	31	106	27	101	24	95	22	88	21	80	21	71	22	61	24	50	25	40	25	31	24	23	22	16	19	10	17	5	16	1	16	-2	17	-4	19	-5	22	-6	26	-6	31	-5	37	-3	43	0	48	4	53	9	57	15	60	20	63	24	67	27	72	29	78	30	85	30	93	29	101	27	108	24	114	20	119	17	123	15	126	13	128	12	129	12	129	13	128	15	126	18	123	22	119	27	115	33	111	39	108	46	106	54	105	63	104	73	104	83	105	93	107	103	110	112	113	120	116	128	119	135	121	141	122	146	122	150	121	153	119	155	116	156	112	156	107	155	101	153	94	150	87	146	79	141	72	136	66	131	61	127	57	124	54	122	52	121	51	121	51	
41:
89	15.927	10	135	11	136	13	138	16	141	20	145	25	150	31	154	36	159	42	163	48	166	55	168	63	169	72	169	82	168	91	166	100	163	109	160	117	156	124	151	132	145	139	138	145	130	150	121	154	111	157	102	160	94	162	87	163	81	163	76	162	70	160	65	157	60	153	54	148	47	142	41	135	36	129	32	122	29	114	26	107	24	99	23	92	23	86	24	81	26	77	29	74	33	72	38	71	44	71	51	72	58	74	64	77	69	80	73	84	76	87	78	89	79	90	79	90	78	89	76	87	73	85	69	82	64	78	58	73	52	67	47	60	43	52	40	43	38	33	37	24	37	16	38	9	40	3	43	-2	47	-6	52	-9	58	-12	65	-14	73	-15	81	-15	90	-14	99	-12	107	-9	114	-5	120	0	125	4	129	7	132	9	134	10	135	10	135	
42:
102	164.789	117	11	116	10	114	9	111	9	107	10	102	12	96	15	89	18	81	22	72	27	64	33	57	40	49	47	41	54	34	62	28	71	23	80	19	89	16	97	14	104	13	110	13	115	14	119	16	122	19	124	23	125	28	125	34	124	41	122	49	119	58	115	68	112	78	110	89	108	99	107	108	107	116	107	123	107	129	108	134	110	138	112	141	115	143	118	144	120	144	123	143	125	141	127	138	130	134	134	129	137	123	139	116	141	110	142	105	144	101	145	98	145	95	144	92	142	90	139	89	135	89	130	89	124	88	117	86	110	83	102	79	93	74	83	68	73	61	64	53	55	45	45	36	36	28	28	21	21	15	15	10	10	6	6	3	3	1	1	0	0	0	0	1	1	3	2	6	4	10	7	15	11	21	16	28	21	36	25	45	28	55	30	65	31	74	31	82	31	89	30	96	28	102	25	107	21	111	17	114	14	116	12	117	11	117	11	
43:
65	11.312	144	124	143	125	143	127	144	130	145	134	145	137	144	139	142	140	139	140	136	139	132	137	128	134	123	131	117	129	110	128	102	128	93	129	83	131	74	134	64	138	54	143	44	148	35	153	27	157	20	160	14	162	9	163	5	163	2	162	-1	160	-3	157	-4	153	-4	148	-3	142	-1	135	2	127	5	118	9	110	14	102	19	95	25	89	32	84	39	80	45	77	50	75	54	74	58	74	61	75	65	77	70	80	74	84	79	89	85	95	92	102	100	108	107	113	113	118	118	122	123	125	129	127	134	128	138	128	141	127	143	125	144	124	144	124	
44:
83	118.545	72	67	73	66	75	64	78	61	82	58	86	55	91	53	97	52	104	52	111	53	119	54	126	56	132	59	137	61	141	62	144	63	146	63	147	62	147	60	146	57	144	54	141	51	137	49	132	46	126	42	119	37	113	31	108	25	103	20	97	16	90	13	82	11	73	10	64	10	56	11	49	13	43	16	38	20	34	25	31	31	29	38	28	46	28	55	29	63	31	72	34	82	38	93	43	103	47	113	50	123	52	132	53	140	53	147	52	153	50	158	47	162	43	165	40	167	36	168	31	168	26	167	22	165	19	162	16	158	13	154	11	149	10	143	10	136	11	128	13	120	16	111	20	102	25	94	31	87	37	81	44	76	51	72	57	69	62	67	66	66	69	66	71	67	72	67	72	67	
45:
82	42.967	33	28	34	29	35	31	37	34	40	38	44	43	49	48	55	54	62	61	70	67	79	72	87	76	94	79	100	81	105	82	109	82	112	81	114	79	115	76	115	72	114	67	112	61	109	54	107	48	106	42	106	36	107	31	109	27	112	24	116	22	121	21	127	21	132	21	136	20	140	20	144	21	148	23	153	26	158	30	162	35	165	41	167	48	168	56	168	64	169	73	171	82	172	91	172	101	171	110	169	118	166	125	162	131	157	137	151	142	144	146	136	149	127	151	117	152	107	152	98	151	90	149	83	146	76	142	70	137	65	131	61	124	58	117	56	109	55	100	55	90	56	80	56	71	55	63	53	56	51	49	49	43	46	38	42	34	39	31	36	29	34	28	33	28	33	28	
46:
84	67.384	7	77	8	78	10	80	13	82	17	83	22	84	28	84	35	83	43	82	50	82	56	83	61	84	65	85	68	85	70	85	71	86	71	87	70	89	68	92	65	96	61	100	56	105	52	111	49	117	47	124	46	132	46	140	47	147	48	153	50	158	53	162	57	165	62	167	68	168	74	168	81	167	88	165	96	162	105	158	114	153	122	147	131	140	139	132	146	123	152	113	157	102	161	90	164	78	166	66	167	54	167	43	167	33	167	24	166	16	164	9	161	3	157	-2	152	-6	146	-9	139	-11	131	-12	122	-12	112	-11	102	-10	91	-8	80	-5	69	-1	59	2	50	6	41	9	33	12	26	16	20	21	15	27	11	34	8	42	6	49	5	56	5	62	6	67	7	71	8	74	8	76	7	77	7	77	
47:
84	148.061	124	71	125	70	127	68	130	65	132	61	133	56	133	50	132	43	130	37	127	31	123	26	118	22	112	19	105	17	97	16	88	15	78	15	68	15	59	16	51	18	43	19	36	19	30	20	25	21	21	21	18	22	16	22	15	22	15	23	16	25	18	28	21	32	25	37	30	43	36	50	41	58	45	66	48	75	50	83	51	92	51	100	50	107	48	113	45	118	42	122	38	126	33	129	28	131	24	132	21	133	19	133	18	133	18	134	19	136	21	138	24	141	28	143	33	145	39	147	46	150	54	153	63	155	72	157	80	159	87	160	93	160	99	159	105	157	110	154	114	150	117	145	119	139	120	132	122	124	125	115	127	107	128	99	128	92	128	86	127	81	127	77	126	74	125	72	124	71	124	71	
48:
76	9.928	56	71	57	70	59	69	61	67	63	64	64	61	64	57	63	52	61	46	58	40	54	34	50	28	45	22	39	17	33	13	27	9	21	6	16	4	12	3	9	3	7	4	6	6	6	9	7	13	9	17	12	22	16	28	21	35	25	43	28	52	30	62	31	73	31	83	30	93	28	102	26	110	25	117	25	123	26	128	27	134	29	139	32	143	35	146	39	148	44	149	50	149	57	149	65	149	74	149	83	150	92	150	100	149	107	148	113	146	118	143	122	139	125	134	127	128	128	121	128	113	127	104	125	96	122	89	118	83	113	78	107	74	100	71	92	69	84	68	77	68	71	69	66	71	62	72	59	72	57	72	56	71	56	71	
49:
96	77.636	46	98	45	99	43	101	40	104	36	108	31	112	25	117	19	123	14	130	10	137	7	143	5	148	3	152	2	155	2	157	3	158	5	158	8	157	12	155	17	152	23	148	30	143	37	137	45	130	54	123	64	117	73	112	81	107	88	103	94	100	99	98	103	97	106	97	108	98	110	100	111	103	111	107	112	112	114	117	117	122	121	127	125	131	130	134	135	136	141	137	148	137	154	136	159	134	163	131	166	127	168	122	170	116	172	109	173	101	173	92	172	84	170	77	167	71	163	66	158	62	152	59	145	57	137	56	129	56	122	57	116	59	109	61	101	62	92	62	82	61	72	59	62	56	53	52	45	47	38	43	32	40	27	37	23	35	20	34	18	34	17	35	17	37	17	40	18	43	20	47	23	52	27	58	31	65	36	72	40	78	43	83	45	88	46	92	46	95	46	97	46	98	46	98	
50:
76	27.065	143	108	142	108	140	109	137	110	133	111	128	111	122	112	115	114	109	117	102	120	95	124	89	129	84	134	80	138	77	141	75	143	74	144	74	144	73	143	72	141	72	138	73	134	73	129	72	124	70	118	67	111	64	103	61	94	59	84	58	75	56	65	55	55	55	46	56	38	58	31	61	25	64	20	68	16	73	13	78	11	82	10	86	10	89	11	91	13	92	16	92	20	92	25	92	31	92	38	93	46	95	54	96	63	97	73	97	84	97	94	98	103	100	111	103	118	107	124	112	129	116	133	119	136	122	138	124	139	127	139	131	138	136	137	140	135	143	132	145	128	146	123	147	118	147	114	146	111	144	109	143	108	143	108	
51:
95	89.322	108	4	109	5	111	7	114	10	118	14	122	19	127	25	133	32	139	40	144	48	148	57	151	67	153	78	154	90	154	102	153	113	151	123	148	132	144	140	139	147	133	153	126	158	118	162	109	165	99	167	89	168	80	168	72	167	65	165	59	162	54	158	49	153	45	147	42	140	40	132	39	123	39	113	40	102	41	90	43	79	46	68	50	58	54	49	57	40	60	32	62	25	63	19	63	14	62	10	60	7	57	5	53	4	50	4	48	5	47	7	46	10	46	14	47	19	49	25	52	32	55	40	59	49	64	57	70	64	77	70	85	75	94	79	104	82	114	84	123	85	132	85	140	84	147	82	153	80	158	78	162	75	165	73	167	70	168	66	168	63	167	61	165	59	162	57	158	54	153	50	147	45	141	39	135	32	129	25	123	19	118	14	114	10	111	7	109	5	108	4	108	4	
52:
77	8.215	4	103	5	102	6	101	8	99	10	96	11	92	11	87	10	81	10	74	11	66	13	57	16	49	19	42	23	36	28	31	34	27	41	24	49	22	58	21	68	21	79	22	90	23	102	23	113	23	123	24	132	26	140	29	147	33	153	38	158	44	162	51	165	58	167	66	168	75	168	85	167	95	166	106	164	116	161	125	157	133	152	140	146	146	139	151	132	155	124	158	115	160	107	161	100	161	94	160	89	158	85	155	82	151	80	146	79	140	79	133	80	126	82	118	84	109	85	101	85	94	84	88	82	83	79	79	75	76	70	74	64	73	57	73	49	74	40	76	32	79	25	83	19	88	14	93	10	97	7	100	5	102	4	103	4	103	
53:
75	20.601	13	20	12	21	11	23	11	26	11	30	12	35	14	39	17	44	20	48	23	53	25	57	26	61	26	66	25	70	23	73	20	75	16	78	12	82	9	87	7	93	5	100	4	108	3	117	3	126	4	134	6	141	9	147	13	152	18	156	24	159	30	161	36	162	43	162	50	161	58	159	67	157	77	156	88	156	98	155	107	153	117	150	126	146	134	142	141	137	147	131	152	124	156	116	159	107	161	98	162	90	162	83	161	77	159	72	156	68	152	65	147	63	141	62	134	62	126	62	117	62	107	61	96	59	86	56	77	52	68	47	58	41	49	36	41	32	34	29	28	26	23	24	19	23	16	21	14	20	13	20	13	20	
54:
94	803.338	18	160	19	159	21	158	24	156	28	153	33	150	39	146	46	143	54	141	61	139	68	137	74	135	79	132	83	128	86	123	88	117	89	111	89	106	88	102	86	98	83	93	79	87	74	80	68	72	61	64	53	57	46	51	40	46	35	42	30	37	26	33	23	30	21	28	20	27	19	27	18	28	17	30	17	33	18	37	20	41	23	44	27	46	32	47	38	47	45	47	53	46	62	44	72	41	83	37	95	33	106	29	116	25	125	21	133	18	140	16	146	15	151	15	155	16	158	18	160	21	161	25	161	30	160	36	158	43	155	51	151	60	146	70	140	80	133	89	125	97	117	104	110	110	104	115	99	120	95	126	92	131	90	136	88	140	87	143	85	145	82	146	78	147	73	147	67	146	60	145	53	145	46	145	39	146	33	148	28	151	24	154	21	157	19	159	18	160	18	160	
55:
94	28.561	141	168	142	167	144	165	147	162	149	158	152	153	155	147	158	140	160	132	161	125	161	119	160	114	158	110	155	107	151	105	146	104	140	104	133	105	125	106	116	108	106	111	96	115	87	119	78	122	70	124	63	126	57	128	52	129	47	129	43	128	40	126	38	123	37	121	37	119	38	116	40	112	43	108	47	103	50	97	54	91	57	84	59	76	60	68	60	61	61	54	63	48	66	43	70	37	74	32	77	26	79	19	80	12	80	6	79	1	77	-3	74	-6	70	-9	65	-11	59	-12	52	-12	44	-12	36	-13	29	-13	23	-13	18	-12	13	-10	9	-7	6	-4	4	0	3	3	3	7	4	12	6	18	9	24	13	31	18	39	24	47	31	56	39	66	48	75	58	85	69	94	80	103	90	113	99	123	107	132	114	140	120	147	126	153	131	158	135	162	138	165	140	167	141	168	141	168	
56:
78	114.02	61	17	62	18	62	20	61	22	61	25	60	29	60	33	61	36	63	38	66	39	70	39	75	38	80	36	86	33	93	29	101	26	108	22	116	19	124	17	132	16	139	16	145	17	150	19	154	22	157	26	159	31	160	37	160	44	160	52	160	61	159	71	157	82	154	93	152	104	150	114	149	123	147	131	144	138	140	144	135	149	129	153	122	156	114	158	105	159	95	159	84	160	73	161	63	161	52	160	41	158	31	155	22	151	14	146	7	140	1	133	-4	126	-8	118	-11	109	-13	99	-14	88	-14	76	-13	65	-11	55	-8	46	-4	38	1	31	7	25	12	20	18	16	25	13	33	11	40	10	46	10	51	11	55	13	58	15	60	16	61	17	61	17	
57:
85	359.39	34	50	33	51	32	53	32	56	33	60	35	65	38	70	42	74	47	78	53	82	59	87	65	93	70	100	74	108	77	117	79	127	80	137	80	147	81	156	83	164	86	171	90	177	95	182	101	186	108	189	115	191	123	192	131	192	138	191	144	189	149	186	153	182	156	177	158	171	159	164	159	158	158	153	156	149	153	146	149	144	144	143	138	142	131	142	123	142	114	141	104	139	93	138	83	138	74	137	64	135	55	132	47	128	40	124	34	119	29	113	25	106	22	98	20	90	19	81	19	71	19	60	20	50	22	41	24	33	25	26	25	20	24	15	22	11	21	8	21	6	22	5	22	5	23	6	24	8	26	11	29	15	32	19	35	24	37	29	38	35	38	40	37	44	36	47	35	49	34	50	34	50	
58:
67	12.405	82	8	82	9	83	11	85	14	88	17	91	21	95	26	100	30	106	33	113	35	119	36	124	37	128	39	131	42	133	46	134	51	134	57	133	64	132	72	130	81	127	90	123	100	118	110	112	120	105	129	97	137	88	144	78	150	68	155	58	159	48	162	39	164	31	165	24	165	18	165	13	164	9	162	5	159	2	155	0	150	-1	144	-1	138	0	132	2	127	5	123	9	120	14	117	20	115	27	112	35	109	43	105	50	100	56	94	61	87	65	79	69	70	72	61	75	53	77	44	80	36	82	29	83	23	84	18	84	14	83	11	83	9	82	8	82	8	
59:
76	16.697	157	61	158	60	158	58	159	55	160	51	161	46	161	40	160	33	158	26	155	20	151	15	146	11	140	8	133	6	126	5	118	5	109	6	99	8	88	11	76	15	65	19	55	22	45	24	36	25	28	25	21	25	15	24	10	22	6	20	3	19	1	19	0	20	0	22	1	25	3	29	6	34	9	40	13	47	17	55	20	64	22	74	23	84	23	95	22	106	20	116	18	125	17	133	17	140	18	146	20	151	23	155	27	158	31	160	36	161	42	161	49	161	57	160	66	158	75	155	83	151	90	146	97	141	105	135	113	129	120	122	126	114	131	105	135	97	140	89	145	82	149	76	152	71	154	67	156	64	157	62	157	61	157	61	
60:
82	257.104	70	20	71	19	73	18	76	16	80	13	85	11	91	10	98	10	106	11	115	12	123	14	130	17	136	21	141	26	146	30	150	35	153	41	155	48	156	56	156	64	155	73	153	82	150	90	146	97	141	104	135	110	128	115	120	119	111	122	103	126	96	130	89	134	83	137	78	139	74	140	70	140	67	139	65	137	64	134	64	130	65	125	67	119	68	112	70	105	71	98	71	92	70	87	68	83	65	80	61	78	57	77	54	77	52	78	51	80	51	82	50	85	49	88	47	90	44	91	40	92	35	92	29	91	24	89	20	86	17	82	15	77	14	71	14	64	15	57	17	51	20	46	24	42	29	39	35	37	42	35	49	33	55	30	60	28	64	25	67	23	69	21	70	20	70	20	
61:
97	211.513	161	47	160	46	158	45	155	44	151	44	146	44	140	45	133	47	125	50	117	53	110	56	104	60	99	65	95	71	92	78	90	85	89	93	89	101	90	108	92	114	95	120	99	125	104	129	110	134	117	140	124	146	130	152	135	157	139	163	142	169	144	176	145	184	145	192	144	199	142	205	139	210	135	214	130	217	124	219	117	220	109	220	100	220	91	219	82	217	72	214	61	210	50	205	40	199	31	192	23	184	16	175	10	165	5	154	1	142	-2	129	-4	115	-5	101	-5	87	-4	74	-2	62	1	51	5	41	8	32	10	24	12	17	14	11	17	6	21	2	26	-1	32	-3	39	-4	47	-4	55	-3	62	-1	69	2	77	5	86	8	96	10	106	11	115	11	123	10	130	8	136	6	141	5	145	5	148	6	150	8	151	11	151	15	150	20	150	26	151	32	153	37	155	41	158	44	160	46	161	47	161	47	
62:
79	55.789	99	157	98	157	96	156	93	154	89	151	84	147	78	142	73	136	68	129	64	121	61	112	59	102	58	91	57	80	57	70	58	61	59	53	59	45	60	38	62	32	65	27	68	23	71	20	75	18	80	17	85	17	91	18	98	20	106	23	114	27	121	31	128	35	134	39	139	44	143	48	146	51	148	55	149	58	149	62	148	66	146	71	143	77	139	84	134	91	128	97	121	102	113	106	104	110	94	114	83	117	73	121	63	124	54	126	46	127	39	128	33	130	28	132	24	135	21	139	19	144	18	149	18	153	19	156	21	158	24	159	28	159	33	158	39	157	46	157	54	157	63	158	71	158	78	157	84	155	89	154	93	154	96	155	98	156	99	157	99	157	
63:
76	43.551	129	115	128	116	126	118	123	121	119	125	114	128	108	130	101	131	93	131	84	130	74	128	64	125	53	122	43	118	34	113	26	107	19	100	13	92	8	83	4	74	1	65	-1	57	-2	50	-2	44	-1	39	1	35	4	32	8	30	13	29	19	29	26	30	34	32	42	34	50	37	57	39	63	41	68	44	72	47	75	49	78	52	80	56	83	59	87	61	92	62	97	62	102	62	106	61	109	59	112	56	115	52	118	48	122	45	127	43	133	42	140	42	147	43	153	45	158	48	162	52	165	56	168	61	170	67	171	74	171	81	170	89	168	96	165	102	161	107	156	111	150	114	144	116	139	117	135	117	132	116	130	115	129	115	129	115	
64:
86	74.337	149	131	150	130	152	128	155	125	158	121	161	116	163	110	164	103	164	95	163	86	163	76	164	66	164	57	163	49	161	42	158	36	154	31	149	27	143	24	136	22	128	21	119	21	109	22	98	24	88	27	79	30	70	33	62	35	55	36	49	36	43	35	38	34	34	32	31	29	29	25	28	20	28	16	29	13	31	10	34	8	38	7	42	7	47	8	53	10	59	13	64	17	68	22	71	28	73	34	74	41	74	49	73	57	71	64	68	71	64	78	61	84	57	89	54	95	52	101	51	108	51	116	52	124	54	132	57	139	61	145	65	150	70	155	76	159	83	162	91	164	100	166	109	167	118	167	126	166	133	164	139	161	144	158	148	155	151	153	153	150	154	146	154	141	153	137	151	134	150	132	149	131	149	131	
65:
86	29.418	48	111	49	110	51	108	54	105	58	102	63	98	68	93	74	88	79	83	83	79	86	76	88	73	89	71	89	70	88	70	86	69	84	67	83	64	83	60	84	55	86	49	88	43	91	38	95	34	100	31	106	29	112	28	118	28	125	29	131	31	136	34	141	38	146	43	151	49	155	55	158	62	160	69	162	77	164	84	165	90	165	95	165	99	166	102	166	104	165	105	163	105	161	104	158	102	155	99	151	97	146	96	142	96	138	97	133	99	127	102	121	105	114	108	106	112	97	116	87	121	77	127	67	134	58	140	50	145	42	149	35	154	28	158	22	161	17	163	13	165	10	166	8	166	7	165	7	163	8	160	10	156	13	151	17	145	22	138	27	132	33	126	38	121	42	117	45	114	47	112	48	111	48	111	
66:
82	7.086	37	87	38	86	40	84	43	81	47	77	52	72	58	67	65	61	72	54	78	47	83	40	87	34	90	29	93	25	95	22	97	20	99	19	100	19	102	20	103	22	103	25	102	29	100	34	97	39	93	45	89	52	86	60	84	69	83	79	83	90	84	101	85	111	86	120	87	128	89	135	92	141	96	146	100	150	103	153	105	155	106	156	106	156	106	155	107	153	108	150	109	146	109	141	108	136	106	132	103	129	99	127	94	126	88	126	81	127	73	129	65	132	57	136	48	141	38	147	29	152	21	156	14	159	8	161	3	162	-1	162	-4	161	-6	159	-7	156	-7	153	-6	149	-4	144	-1	138	3	131	8	123	14	115	20	108	25	102	29	97	32	93	34	90	36	88	37	87	37	87	
67:
87	40.026	28	61	29	62	31	64	34	67	38	71	43	76	49	82	54	89	58	96	61	104	63	113	64	122	64	130	63	137	61	143	58	148	54	152	50	155	47	157	44	158	42	159	41	160	41	161	42	161	44	160	47	158	51	155	56	151	62	146	69	140	77	133	86	125	96	116	107	106	117	95	126	83	134	72	141	62	147	53	153	45	158	37	162	30	165	24	167	19	168	15	168	11	167	8	165	6	162	4	158	3	153	3	147	4	141	6	135	9	130	13	126	18	123	24	121	30	119	35	116	39	112	42	107	44	102	45	96	45	91	44	87	42	84	39	82	35	81	31	80	27	78	24	76	22	73	20	69	19	64	19	60	20	56	22	51	25	46	29	41	34	37	40	34	46	31	51	29	55	28	58	28	60	28	61	28	61	
68:
68	176.449	157	105	156	105	154	104	151	104	147	105	142	107	136	109	129	112	121	115	112	119	102	122	92	125	82	127	73	128	63	128	54	127	44	125	35	122	27	120	20	118	14	117	9	117	5	118	2	120	0	122	-1	125	-1	129	0	134	2	140	5	147	9	153	14	158	20	162	27	165	34	167	40	168	46	168	51	168	55	169	58	170	60	170	63	169	65	167	68	164	72	160	77	157	83	155	90	154	98	154	107	155	117	156	126	156	134	156	141	155	148	153	154	150	159	146	163	142	166	137	168	131	169	125	169	120	168	115	166	111	163	108	160	106	158	105	157	105	157	105	
69:
83	38.667	139	80	138	81	136	83	133	86	130	90	127	95	125	101	124	107	124	113	125	118	127	122	130	125	134	129	137	134	139	140	140	147	140	155	139	162	137	168	134	173	130	177	125	180	119	182	112	183	104	183	97	182	90	180	84	177	79	173	74	168	70	162	67	155	65	147	64	138	63	128	62	119	60	111	57	104	53	98	48	93	44	89	39	86	35	84	32	83	30	82	29	82	29	81	30	79	32	76	35	72	37	67	38	61	38	54	37	46	35	37	32	29	30	22	29	16	28	11	28	7	29	4	31	2	34	1	38	1	43	2	49	3	56	5	64	8	73	12	83	16	92	21	100	26	107	32	113	38	118	45	122	52	125	59	127	65	130	70	133	74	136	77	138	79	139	80	139	80	
70:
97	27.633	166	162	165	162	163	161	160	159	156	157	151	154	145	150	138	145	130	139	121	132	113	124	104	115	95	106	87	97	80	87	74	78	69	70	65	63	62	57	60	52	59	48	59	45	60	43	62	42	65	42	67	43	68	45	68	48	67	52	65	57	62	63	60	70	57	78	53	87	49	97	46	107	44	117	43	126	43	134	44	141	45	147	47	152	50	156	54	160	59	163	65	165	72	166	80	166	89	165	97	163	104	160	110	156	115	151	119	145	123	138	126	130	128	121	129	111	129	100	128	88	127	76	127	65	128	55	129	46	130	38	132	31	135	25	138	20	142	16	147	13	151	11	154	10	156	10	157	11	157	13	156	16	154	20	152	25	151	31	150	38	150	46	151	55	152	65	154	76	157	87	159	98	161	108	162	117	162	126	161	134	160	141	160	147	160	152	161	156	163	159	165	161	166	162	166	162	
71:
96	160.765	150	168	149	167	147	165	144	162	141	158	137	153	132	148	128	142	125	135	123	127	122	118	121	109	119	100	117	90	114	79	112	67	109	54	106	42	102	31	98	21	93	12	87	4	80	-3	72	-9	63	-14	53	-18	44	-21	36	-23	29	-24	23	-24	18	-23	14	-21	11	-18	9	-14	8	-10	8	-5	9	1	11	7	14	12	18	17	23	21	29	26	36	32	42	39	47	45	51	50	54	54	56	57	57	59	57	60	56	60	54	59	51	58	47	58	42	59	36	60	31	62	27	65	24	69	22	74	21	79	21	83	22	86	24	88	27	89	31	89	36	88	42	86	49	83	57	79	66	74	76	70	86	67	97	65	109	64	120	64	130	65	139	67	147	70	154	74	160	79	165	84	169	90	172	97	174	105	175	114	175	123	174	132	172	140	169	147	165	153	160	158	156	162	153	165	151	167	150	168	150	168	
72:
76	8.335	157	83	158	82	160	80	163	77	167	73	171	68	174	62	176	55	178	47	179	38	179	29	178	21	176	14	173	8	169	3	164	-2	158	-6	151	-9	143	-11	134	-12	124	-12	113	-11	101	-9	88	-6	76	-2	65	3	54	9	44	16	35	23	27	31	20	39	13	46	7	54	2	61	-2	69	-5	78	-7	88	-8	98	-8	107	-7	115	-5	122	-2	128	2	133	7	137	13	140	20	142	28	143	37	143	47	142	58	140	69	139	81	139	92	139	102	140	111	142	119	144	126	146	132	148	137	149	141	149	144	148	146	146	148	143	149	139	149	134	149	128	150	121	152	113	155	106	158	100	160	95	161	91	161	88	160	86	158	84	157	83	157	83	
73:
96	33.054	67	25	68	26	70	27	73	29	77	32	82	35	87	39	93	44	99	50	104	57	108	65	111	74	114	84	117	94	121	103	126	111	131	118	135	124	138	129	140	133	141	136	143	138	146	139	150	139	153	138	155	136	156	133	156	129	155	124	153	118	150	111	146	103	141	95	135	88	128	82	120	77	111	73	102	70	94	68	86	67	79	67	73	68	68	70	64	73	61	77	58	82	55	88	51	95	47	103	42	112	36	121	31	130	27	138	24	145	22	151	20	156	19	160	19	163	20	165	22	166	25	166	27	165	28	163	28	160	27	156	25	151	22	145	18	138	13	130	7	121	0	111	-6	100	-11	88	-15	76	-18	65	-20	55	-21	46	-21	37	-20	29	-18	22	-15	16	-11	11	-6	7	0	4	7	2	14	1	22	1	31	2	39	4	46	7	52	11	57	15	61	19	64	22	66	24	67	25	67	25	
74:
68	75.686	46	167	47	166	49	164	52	161	56	157	61	152	66	146	72	139	79	131	87	122	94	112	100	102	105	93	109	85	112	78	114	72	116	66	117	61	117	56	116	52	114	48	112	45	111	43	111	42	112	42	114	43	117	44	121	46	126	49	132	53	138	58	143	64	147	71	150	79	152	88	153	97	153	106	154	114	155	121	155	127	156	132	158	136	160	139	161	141	161	142	160	142	158	142	155	141	151	139	146	137	140	136	133	135	125	135	118	136	110	138	103	141	97	145	91	150	86	156	80	161	74	165	67	168	61	170	56	171	52	171	49	170	47	168	46	167	46	167	
75:
103	97.598	33	67	34	68	36	70	39	73	43	77	46	81	48	86	49	92	50	99	50	107	49	116	47	124	44	131	40	137	35	143	29	148	22	152	16	155	11	157	7	158	4	158	2	157	1	155	1	152	2	150	4	149	7	149	11	149	16	150	22	152	29	154	37	157	46	159	56	160	66	160	75	159	83	157	90	154	96	150	101	145	105	139	108	132	110	126	111	121	111	117	110	112	108	106	105	100	101	93	98	85	95	77	93	70	92	64	92	59	93	55	95	52	98	50	102	49	107	49	113	50	120	52	127	55	135	59	142	63	149	66	155	68	160	69	164	69	167	68	169	66	170	63	170	59	169	56	167	52	164	47	160	41	155	35	149	28	142	22	134	16	125	11	115	6	104	2	93	-1	83	-3	74	-4	66	-4	59	-3	52	-1	46	2	40	6	35	11	31	17	28	24	26	31	25	39	24	46	24	52	25	57	27	61	30	64	32	66	33	67	33	67	
76:
83	38.797	37	81	38	82	40	82	43	81	46	80	50	78	55	75	61	71	68	68	76	66	85	64	93	62	102	60	112	57	122	54	131	50	139	47	146	45	152	44	157	44	161	43	164	42	166	40	167	38	167	35	166	32	164	28	161	23	157	18	152	13	146	8	139	4	131	1	123	-1	116	-2	110	-2	105	-1	101	1	98	4	96	8	95	13	95	19	96	24	98	30	101	37	105	45	110	54	115	64	119	74	124	83	130	91	137	98	143	104	148	109	153	113	158	116	162	118	165	120	167	122	168	125	168	127	167	128	165	128	162	127	158	125	153	122	147	120	140	119	132	118	123	118	113	117	102	115	92	112	82	108	73	105	65	101	58	96	52	91	47	87	43	84	40	82	38	81	37	81	37	81	
77:
77	74.133	37	7	38	8	39	10	41	13	42	17	42	22	41	28	39	35	37	43	34	52	30	60	25	69	20	77	16	84	12	90	9	95	7	99	4	102	0	104	-5	105	-9	105	-13	104	-16	102	-18	99	-19	95	-19	90	-18	84	-16	78	-13	73	-9	69	-4	66	2	64	9	63	17	63	26	64	36	66	45	69	53	73	60	76	66	78	71	79	75	79	78	78	81	76	83	73	84	70	84	66	83	61	83	55	84	49	86	42	89	36	93	31	98	27	103	23	107	19	110	15	112	12	113	10	113	8	112	7	110	7	107	8	103	9	99	10	94	10	88	10	81	10	73	11	65	12	58	12	52	12	47	11	43	10	40	8	38	7	37	7	37	7	
78:
85	29.317	91	96	90	95	88	93	87	90	87	87	88	84	90	80	93	75	97	69	102	64	108	59	115	55	123	51	132	46	140	41	147	37	153	34	158	32	162	30	165	29	167	29	168	30	168	32	167	33	165	33	162	32	158	31	153	31	147	32	140	33	132	33	123	34	113	36	104	38	95	39	87	39	80	39	74	40	69	42	65	45	62	49	60	54	59	59	59	65	60	72	60	80	60	89	60	99	61	110	63	122	65	133	68	143	72	152	77	160	83	167	90	173	98	178	107	182	117	185	126	187	134	188	141	189	147	189	152	188	156	186	159	183	161	179	162	175	162	170	161	164	159	159	156	155	152	152	147	148	141	143	134	137	127	131	119	124	112	117	106	111	101	106	97	102	94	99	92	97	91	96	91	96	
79:
86	82.986	57	42	57	41	57	39	58	36	59	32	59	27	58	22	56	18	53	15	49	13	45	12	40	12	34	13	29	15	25	18	22	22	20	27	19	33	19	40	20	48	22	56	25	65	29	73	34	80	40	86	47	91	53	95	58	98	62	100	65	101	67	101	68	102	68	104	67	107	65	111	62	116	58	122	53	129	49	137	46	145	44	152	43	159	43	165	44	170	46	174	49	177	53	179	58	180	64	180	71	179	78	177	86	174	95	170	105	165	114	159	122	152	129	144	137	136	144	129	150	123	155	118	159	114	162	111	164	107	165	102	165	96	164	90	162	84	159	78	155	73	150	69	144	64	137	58	129	53	120	48	110	44	101	41	93	39	85	38	78	38	72	39	67	41	63	42	60	43	58	43	57	42	57	42	
80:
89	111.869	43	115	42	116	40	117	38	119	35	122	33	126	32	129	32	131	33	134	35	137	38	141	41	144	45	146	50	147	56	147	63	146	71	144	79	141	86	137	93	134	99	131	104	129	108	128	111	128	113	129	114	129	114	128	113	126	111	123	108	120	104	117	100	114	97	110	95	105	93	99	92	92	92	85	93	78	95	70	98	61	102	53	106	45	111	38	117	32	124	27	130	22	135	18	139	15	142	13	144	12	145	12	145	13	144	15	142	17	139	20	135	22	130	25	124	27	117	28	109	30	100	31	90	31	81	30	72	28	64	25	57	21	50	18	44	16	39	15	34	15	30	16	27	18	25	21	24	25	24	30	25	36	26	43	28	51	30	60	31	70	31	79	31	87	31	94	32	100	34	105	37	109	40	112	42	114	43	115	43	115	
81:
84	112.345	17	20	18	19	20	18	23	17	27	17	32	17	38	16	45	15	53	14	62	14	72	14	81	13	89	13	97	12	104	12	110	13	115	14	119	16	122	17	124	17	125	16	125	16	124	17	122	19	119	22	115	26	110	31	104	35	97	38	89	41	82	45	76	49	71	54	67	60	64	67	62	75	61	84	61	94	62	104	63	114	64	124	64	133	63	141	61	148	58	154	54	159	49	163	43	166	36	168	30	169	25	169	21	168	18	166	16	164	15	161	15	157	16	154	18	152	21	149	25	145	29	140	32	134	34	127	35	119	35	110	34	100	32	89	29	78	25	68	20	59	15	51	11	43	8	36	5	30	3	25	2	21	2	18	3	16	5	15	8	15	11	16	14	17	16	19	17	20	17	20	
82:
90	26.055	87	87	86	86	84	84	81	81	77	77	72	72	68	66	65	59	62	53	60	47	59	40	59	33	60	27	62	22	65	18	69	15	74	13	80	12	87	12	95	11	104	9	112	8	119	6	125	3	130	1	134	0	137	0	139	1	140	3	140	6	139	10	137	14	134	19	130	25	125	32	119	40	112	49	104	58	96	66	87	73	77	79	66	84	56	89	46	93	37	97	29	100	22	104	16	108	11	113	7	119	4	126	2	132	1	139	1	146	2	153	4	161	7	168	11	174	16	179	22	183	29	186	37	188	46	189	56	189	66	188	76	186	85	183	93	179	100	174	107	168	113	161	118	153	122	146	125	138	127	129	128	121	129	113	129	106	128	100	126	95	123	91	119	88	114	86	108	85	102	85	97	86	93	87	90	88	88	88	87	87	87	87	
83:
90	21.482	69	12	68	13	66	15	63	18	59	22	54	27	48	33	42	40	35	47	29	55	24	64	19	72	15	81	11	89	8	97	6	104	5	110	5	116	6	121	8	125	11	128	15	131	20	135	26	140	32	146	38	152	43	157	48	161	52	164	56	166	61	167	67	167	73	166	78	164	82	161	86	157	90	152	94	146	99	139	103	131	107	122	110	112	113	102	116	93	120	83	123	74	127	66	130	59	132	53	134	48	135	44	135	40	134	37	132	35	129	34	125	34	120	35	114	37	107	40	99	43	90	47	80	50	69	52	59	53	50	53	41	52	33	50	26	47	20	43	15	39	11	35	8	30	6	24	5	19	5	15	6	12	8	8	11	5	15	3	20	2	26	2	33	3	41	4	48	5	54	5	59	6	63	8	66	9	68	11	69	12	69	12	
84:
93	89.057	161	147	160	146	158	144	155	141	151	138	146	136	140	135	133	135	125	135	116	136	106	138	95	141	85	144	76	146	66	147	56	147	47	146	39	144	32	141	26	137	21	132	17	126	13	119	10	111	8	102	7	92	6	81	6	69	7	58	9	48	12	39	16	31	21	24	27	18	34	13	40	9	45	6	49	4	52	3	54	3	55	4	55	6	54	9	52	13	49	18	45	24	42	31	40	39	39	48	39	56	39	65	39	75	39	84	40	92	42	99	44	105	47	110	51	114	56	117	62	119	68	120	75	120	81	119	86	117	90	114	94	110	99	105	105	99	112	92	120	86	129	81	137	77	145	74	152	72	158	71	164	71	169	72	174	74	178	77	181	81	183	85	185	90	186	96	186	103	185	111	183	119	180	126	176	132	171	137	167	141	164	144	162	146	161	147	161	147	
85:
90	51.167	59	123	58	124	56	126	54	129	51	133	47	138	42	144	38	151	35	157	33	162	32	166	32	169	33	171	35	172	38	172	42	171	47	169	53	167	60	165	68	162	77	160	86	159	96	159	107	159	117	159	126	158	134	156	141	153	147	149	152	144	156	138	159	131	161	123	162	114	162	104	162	94	163	83	163	73	164	64	164	56	164	49	163	43	161	38	158	34	155	31	152	29	148	28	144	28	141	29	139	31	137	34	136	36	136	37	137	37	137	36	136	34	134	31	131	27	127	22	122	16	116	10	111	5	105	1	98	-2	92	-5	85	-7	77	-8	69	-8	60	-7	52	-5	45	-2	39	2	34	7	30	13	27	20	25	28	24	37	24	47	25	58	27	68	30	78	34	87	39	95	44	102	49	108	53	113	56	117	58	120	59	122	59	123	59	123	
86:
70	70.092	71	137	70	138	68	140	65	143	62	147	59	152	57	157	56	161	56	164	57	166	59	168	62	169	66	169	71	168	76	166	82	163	88	159	93	154	99	148	105	142	111	135	118	127	125	118	131	108	136	97	140	85	143	74	145	63	146	53	146	44	145	36	143	29	141	23	139	18	137	14	134	11	130	9	125	8	121	8	118	9	116	11	115	14	114	18	114	23	115	29	117	36	120	44	122	53	123	62	123	71	122	79	120	86	117	92	114	97	110	101	105	104	99	106	92	107	86	107	81	108	77	110	74	113	71	117	69	120	68	124	68	128	69	131	70	134	71	136	71	137	71	137	
87:
87	138.866	40	138	41	137	41	135	42	132	44	128	47	124	50	121	54	118	59	116	65	115	71	115	78	116	86	118	94	121	101	125	109	129	116	134	122	139	127	143	131	146	136	148	140	149	143	149	145	148	147	146	148	143	148	139	147	134	145	128	144	121	143	113	141	104	138	94	134	83	129	73	123	64	117	56	111	49	104	43	97	38	89	34	80	31	71	29	61	28	52	28	44	29	37	30	31	32	26	35	22	39	19	44	17	50	16	55	16	59	17	62	19	64	22	65	26	65	31	65	37	64	44	63	52	61	60	59	67	58	73	58	78	59	82	59	85	59	87	59	88	60	88	62	87	65	85	69	82	72	78	76	73	81	67	87	60	94	54	102	49	110	45	117	42	123	40	128	39	132	39	135	39	137	40	138	40	138	
88:
97	134.412	26	126	25	127	25	129	25	132	25	136	25	141	25	146	24	150	23	153	21	156	20	158	20	159	21	159	21	158	22	157	24	155	27	152	29	148	30	143	30	137	30	130	30	122	31	113	31	103	32	92	33	80	34	69	36	59	37	50	37	42	37	35	37	29	36	24	34	20	31	17	28	15	26	14	25	14	25	15	26	17	27	20	29	23	32	27	36	31	40	35	45	38	51	40	58	41	66	41	75	40	83	38	92	35	100	31	107	26	113	20	118	15	122	11	125	8	127	6	128	4	128	3	127	3	125	4	122	6	118	9	114	13	110	18	107	23	105	29	104	34	104	38	105	41	107	44	109	46	110	47	110	47	109	46	107	46	104	45	100	45	95	46	89	48	84	51	80	55	75	60	69	66	62	73	54	81	47	90	41	98	36	105	32	111	29	116	27	120	26	123	26	125	26	126	26	126	
89:
72	47.608	155	160	154	161	153	161	151	160	148	160	144	160	139	159	133	157	126	154	118	150	110	146	101	141	91	136	80	131	70	125	60	119	51	114	43	110	36	106	30	101	25	96	21	90	18	83	16	77	15	72	15	68	16	65	18	63	21	61	25	60	30	60	35	59	39	57	43	54	46	50	48	45	51	39	53	32	56	26	60	19	65	13	71	8	78	4	85	1	93	-1	100	-2	106	-2	111	-1	115	1	118	4	120	8	122	13	123	19	123	26	124	34	125	43	127	53	130	64	132	74	135	85	137	96	139	106	142	115	146	124	149	132	151	139	152	145	152	150	152	154	153	157	154	159	155	160	155	160	
90:
84	162.86	126	8	126	9	126	11	127	14	129	17	132	19	136	21	141	22	147	22	152	22	156	21	159	21	161	22	162	22	162	23	161	25	159	28	156	32	152	37	147	43	141	50	134	58	127	67	120	77	114	87	109	97	104	107	99	116	94	124	90	131	86	137	83	142	81	146	80	149	80	151	80	152	80	152	80	151	80	149	79	146	78	142	77	137	76	131	74	124	71	116	67	107	62	97	56	88	49	80	41	73	34	67	28	62	23	58	18	55	14	53	11	52	9	52	8	53	8	55	9	58	11	62	14	66	18	70	23	74	29	77	36	79	44	80	53	80	62	79	72	77	81	74	89	70	96	65	102	59	107	52	111	44	114	36	116	29	117	23	118	18	120	14	123	11	125	9	126	8	126	8	
91:
90	70.71	7	167	6	166	4	164	1	161	-1	157	-3	152	-4	146	-4	139	-3	131	-2	123	0	116	3	110	6	104	10	99	15	95	21	92	27	90	32	89	36	89	39	90	41	90	42	89	42	87	41	84	39	80	36	75	32	69	29	62	27	54	26	47	25	41	24	36	24	32	25	29	27	27	30	26	34	26	39	27	45	27	52	26	60	24	69	21	77	19	84	18	91	18	97	19	102	21	106	24	109	28	111	33	112	39	112	46	112	54	112	63	113	73	115	83	118	92	122	100	126	107	130	113	135	118	140	122	144	125	147	128	149	130	150	132	150	135	149	139	147	143	144	148	140	152	135	157	129	161	122	164	114	166	105	167	95	168	84	168	73	168	62	168	52	169	43	169	35	169	28	168	22	167	17	167	13	168	10	168	8	167	7	167	7	167	
92:
79	116.621	152	7	153	8	155	10	158	13	162	17	165	22	169	28	172	35	174	43	175	52	175	62	174	72	172	83	169	94	165	104	160	113	154	121	149	128	145	134	142	139	140	143	139	146	139	148	140	149	140	149	139	148	137	146	135	143	133	139	130	134	128	128	125	121	123	113	120	104	116	96	111	89	105	83	98	78	90	74	81	71	72	69	64	68	57	68	51	69	46	71	42	73	39	76	37	80	36	85	36	91	37	96	39	100	42	104	45	107	49	109	54	110	60	110	67	109	75	107	83	104	91	100	98	95	104	89	109	82	113	74	116	65	119	56	121	47	122	39	124	32	127	26	131	21	134	16	138	12	142	9	146	7	149	6	151	6	152	7	152	7	
93:
78	27.502	168	84	167	85	167	87	166	90	164	94	161	99	157	105	152	112	146	119	139	125	131	130	122	134	112	139	102	145	92	150	82	154	72	158	63	161	54	163	46	164	39	164	33	163	28	161	24	158	21	154	19	151	17	148	16	146	16	145	17	145	19	144	22	142	26	140	31	137	35	133	39	129	42	124	44	118	45	111	45	103	44	94	42	84	39	73	35	62	30	52	24	43	18	35	13	28	9	22	6	17	4	13	3	10	3	8	4	7	6	7	9	8	13	10	18	13	24	17	31	22	39	28	48	35	58	43	69	51	81	59	93	66	104	72	114	77	123	81	132	84	140	86	147	87	153	87	158	87	162	86	165	85	167	84	168	84	168	84	
94:
93	53.559	5	107	6	106	8	104	11	101	15	97	20	92	26	86	33	81	41	77	49	74	58	72	67	71	75	71	82	72	88	74	93	77	97	81	100	86	102	92	103	99	103	106	102	114	100	121	97	127	95	132	94	136	94	139	95	141	97	142	100	142	104	141	109	139	115	136	121	132	126	127	130	121	133	115	135	108	136	100	136	91	136	81	135	70	133	60	130	51	126	43	121	35	115	28	108	22	100	17	91	12	83	8	74	5	65	3	56	2	48	2	41	3	35	5	30	8	26	12	23	17	21	22	20	28	20	35	21	43	22	52	24	62	27	73	30	85	32	96	33	106	33	115	32	123	30	130	27	136	24	141	22	145	21	148	21	150	22	151	22	151	21	150	20	148	20	145	20	141	19	136	17	130	14	124	10	119	7	115	5	112	4	110	4	108	5	107	5	107	
95:
99	93.578	34	140	33	140	31	139	28	137	24	134	21	130	18	125	16	119	15	112	15	106	16	101	18	97	21	94	25	92	30	91	36	89	41	86	46	83	50	81	53	78	55	74	56	69	56	65	55	61	53	57	50	54	46	51	41	49	37	47	32	44	28	41	25	39	23	36	22	33	22	31	23	28	25	24	28	19	32	13	37	6	43	-1	50	-7	57	-12	65	-16	74	-19	84	-21	95	-22	107	-22	118	-21	128	-19	137	-16	145	-12	152	-7	158	-1	163	6	167	14	170	23	172	32	173	41	173	51	172	60	170	70	167	81	163	91	158	100	153	108	148	115	142	121	137	126	133	130	129	133	126	135	122	136	117	136	111	135	104	133	98	131	91	129	83	128	75	128	67	129	60	131	54	134	49	138	45	143	42	148	40	152	39	155	39	157	40	158	41	158	41	157	40	155	39	153	38	150	36	146	35	143	34	141	34	140	34	140	
96:
79	10.291	140	103	141	102	143	100	146	97	150	93	154	88	157	82	159	75	160	67	160	60	159	53	157	47	154	41	150	34	145	28	139	23	132	19	124	15	115	12	106	9	96	6	85	4	74	3	64	3	55	4	47	6	40	9	34	13	29	18	25	24	22	30	20	37	19	43	19	48	20	52	22	55	25	57	29	58	34	59	40	61	46	64	53	68	59	73	64	79	68	86	71	94	73	102	74	111	74	119	73	126	71	132	68	138	64	143	60	147	56	150	53	152	51	153	50	153	50	152	51	150	52	147	53	143	55	138	58	134	62	130	67	126	73	123	80	121	88	120	97	120	105	120	112	119	119	118	125	116	130	113	134	109	137	106	139	104	140	103	140	103	
97:
82	26.846	104	123	103	122	101	121	98	120	94	118	89	116	83	115	77	113	72	110	68	106	65	102	62	98	60	93	59	87	59	82	60	76	62	71	65	67	69	64	74	60	80	55	86	49	91	44	95	39	100	35	106	32	113	30	120	29	127	29	135	28	142	26	149	23	155	20	160	16	164	12	167	9	169	7	170	6	170	6	169	7	167	9	164	12	160	16	155	20	150	25	146	31	142	38	139	46	137	55	136	65	136	76	137	87	139	99	142	110	146	121	149	131	153	140	157	148	160	155	162	161	163	166	163	170	162	173	160	175	157	176	153	176	148	175	142	173	135	170	127	168	120	165	114	162	109	159	105	155	102	150	100	144	99	138	99	133	100	129	102	126	103	124	104	123	104	123	
98:
70	105.7	48	78	47	77	46	75	44	72	43	68	43	65	44	62	46	60	49	59	53	58	58	58	64	59	71	61	79	63	87	64	96	64	104	64	111	64	117	65	122	66	126	68	129	71	131	75	132	80	132	86	131	93	129	101	128	108	128	114	129	119	131	123	134	126	137	128	139	129	140	129	140	129	139	129	137	130	134	132	130	135	127	139	123	144	118	150	112	155	107	159	103	162	100	164	98	165	97	165	97	164	98	162	100	159	101	156	103	152	104	147	104	141	103	134	101	126	98	118	94	110	89	103	83	97	76	92	69	87	63	83	58	80	54	78	51	77	49	77	48	78	48	78	
99:
82	47.582	77	8	78	9	80	11	83	14	87	18	90	22	93	27	96	33	98	40	99	48	99	57	98	65	96	72	93	78	90	83	88	87	87	90	87	92	88	93	90	93	93	93	97	94	102	96	108	97	115	98	123	100	130	103	136	107	141	112	146	118	150	125	153	133	155	140	156	147	156	153	155	158	154	162	152	165	149	167	145	168	140	168	134	167	129	165	124	162	118	158	111	153	104	147	97	140	89	132	80	123	70	114	61	106	53	99	44	93	36	88	29	84	23	81	17	79	12	78	7	78	3	78	0	77	-2	75	-3	72	-3	68	-2	64	0	61	3	57	7	52	12	47	18	42	25	38	33	35	41	32	49	28	56	23	62	19	67	15	71	12	74	10	76	9	77	8	77	8	