0:
45	1.236	34	25	35	26	36	28	38	31	39	35	39	40	39	45	39	49	39	52	40	54	41	56	43	57	45	57	48	56	51	54	54	51	56	47	59	42	61	36	62	29	62	23	61	18	59	13	56	9	52	6	48	4	43	3	37	3	31	2	26	0	22	-1	19	-2	17	-2	16	-1	16	0	17	1	19	2	22	4	25	7	27	11	28	15	29	19	31	22	33	24	34	25	34	25	
1:
55	3.144	43	23	43	24	42	26	40	27	38	27	37	26	35	24	32	22	28	21	23	21	18	21	14	22	11	22	9	22	8	23	8	25	9	28	11	32	14	37	18	43	23	48	28	52	32	55	35	57	37	58	38	58	38	57	37	55	35	52	34	49	33	46	33	44	34	43	36	42	39	41	43	40	47	38	52	35	56	31	59	26	61	20	62	15	62	11	61	8	59	6	56	5	52	5	49	6	47	8	46	11	46	15	46	18	45	20	44	22	43	23	43	23	
2:
49	4.178	43	49	42	48	40	46	37	45	33	45	28	46	22	47	17	49	12	52	7	54	3	55	0	55	-2	54	-4	52	-5	49	-5	45	-5	40	-4	34	-2	27	1	21	5	15	9	10	14	6	20	3	26	1	32	0	38	0	43	1	47	3	50	6	52	10	55	15	57	19	58	24	58	28	58	31	57	33	55	34	52	34	48	33	45	33	42	33	40	34	39	36	39	39	39	43	40	46	42	48	43	49	43	49	
3:
48	1.072	34	34	33	33	31	31	29	28	28	24	28	19	28	15	29	12	31	10	34	9	36	7	37	4	37	2	36	1	34	1	31	2	27	4	22	7	18	11	15	16	11	20	8	23	6	26	5	28	5	29	6	29	8	28	10	26	12	23	15	21	19	20	24	20	29	21	34	21	39	20	43	18	46	17	48	17	49	17	49	18	48	18	47	19	45	21	42	24	39	28	37	31	35	33	34	34	34	34	
4:
48	1.148	0	59	-1	58	-1	56	0	53	1	49	3	44	6	40	10	37	15	35	20	33	26	32	33	31	39	29	44	26	48	22	51	18	53	15	55	12	56	10	56	9	55	9	53	10	51	12	49	15	48	19	47	23	46	26	46	28	47	30	49	31	52	32	54	33	55	35	55	37	54	40	52	43	49	46	45	48	40	49	34	49	27	48	21	48	15	49	10	51	6	53	3	56	1	58	0	59	0	59	
5:
34	0.199	2	49	3	50	5	52	8	53	12	53	17	53	23	52	30	52	37	51	43	49	48	46	52	42	55	37	57	33	58	29	58	25	57	22	55	20	53	19	52	19	51	20	49	21	46	21	42	22	37	24	31	27	25	31	20	35	16	39	12	43	8	46	5	48	3	49	2	49	2	49	
6:
43	1.089	22	4	23	3	25	2	27	0	30	-1	34	-1	39	0	44	2	48	4	51	7	53	11	55	16	57	22	58	29	58	35	59	40	59	44	60	47	60	49	59	50	57	50	54	49	50	47	47	44	43	42	38	41	32	41	25	42	19	42	14	42	10	41	7	39	5	37	4	34	4	30	5	26	7	22	10	17	14	13	17	10	19	7	21	5	22	4	22	4	
7:
54	15.515	48	39	49	38	50	36	52	33	53	29	53	24	52	19	50	15	47	11	43	8	38	6	32	5	27	5	23	6	20	8	18	11	17	14	17	18	18	22	18	25	17	27	15	28	12	28	8	28	5	29	3	31	2	34	2	38	3	43	3	48	4	52	4	55	3	57	3	58	4	58	6	57	9	55	13	52	18	50	24	49	30	47	36	45	42	43	47	42	51	42	54	43	56	45	57	46	57	46	56	45	54	43	51	41	49	40	48	39	48	39	
8:
47	1.568	27	37	26	36	24	36	21	35	18	35	14	36	11	38	9	41	8	44	8	47	9	49	11	51	14	52	18	54	23	55	29	55	34	54	38	52	41	49	43	47	46	46	50	46	53	47	55	49	57	50	59	50	60	49	60	47	60	44	60	40	59	35	57	29	54	24	50	20	45	17	40	15	36	14	33	14	31	15	29	17	28	20	28	23	28	27	27	31	26	34	26	36	27	37	27	37	
9:
48	0.73	50	39	49	40	47	41	45	43	43	46	42	49	42	52	42	54	41	55	39	55	36	54	32	52	27	49	23	45	20	42	18	39	17	37	17	36	18	36	20	37	23	38	27	39	31	39	36	38	40	36	43	33	45	29	46	24	46	18	46	13	45	9	43	5	42	2	42	0	41	-1	40	-1	40	0	41	2	42	5	44	9	47	13	49	18	50	24	50	29	49	33	49	36	49	38	50	39	50	39	
10:
52	0.949	15	11	16	12	17	14	19	17	22	19	26	20	31	20	36	19	40	17	43	14	45	10	46	6	48	3	50	1	53	0	55	0	56	1	56	2	55	4	53	7	50	11	46	15	43	20	41	26	40	32	39	38	38	44	37	49	37	53	37	56	38	58	40	59	41	59	41	58	40	56	38	53	35	49	31	44	28	38	25	32	23	26	21	20	18	15	15	11	13	8	12	6	12	5	12	5	13	6	13	8	14	10	15	11	15	11	
11:
47	1.024	59	15	58	16	56	18	54	20	51	23	47	27	44	32	42	38	40	43	39	47	39	50	40	52	42	53	43	53	43	52	42	50	40	47	38	43	35	40	31	38	28	36	26	34	25	33	23	33	20	34	17	36	13	37	9	37	6	36	4	34	3	32	3	29	4	26	6	22	9	17	13	13	18	9	23	6	29	4	36	3	42	3	47	4	51	6	54	9	56	12	58	14	59	15	59	15	
12:
48	0.357	24	14	25	14	26	14	28	15	31	17	35	18	40	18	45	17	49	15	54	13	58	12	62	12	67	13	71	15	74	18	76	22	77	26	77	31	76	36	74	41	71	45	67	48	62	50	56	51	49	51	42	50	35	49	29	48	24	48	20	49	17	50	13	51	10	51	8	50	7	48	6	45	6	41	7	36	9	32	11	27	12	22	12	18	13	15	15	13	18	12	21	12	23	13	24	14	24	14	
13:
53	1.7	32	52	33	53	35	55	38	56	40	56	41	55	41	53	40	50	38	46	35	42	31	39	27	35	23	31	20	26	18	20	17	15	17	10	18	6	20	3	23	1	27	0	32	0	37	0	42	1	46	1	49	0	51	0	52	1	52	3	51	4	49	6	46	9	42	11	37	12	31	14	25	17	19	21	14	26	10	31	7	37	5	42	4	46	4	49	5	53	7	56	10	58	13	59	17	59	22	58	26	56	29	54	31	53	32	52	32	52	
14:
61	11.344	30	47	29	47	27	48	24	50	20	52	15	53	10	53	5	52	1	50	-2	47	-4	43	-5	38	-5	33	-5	28	-4	24	-2	21	1	19	5	18	10	18	14	19	17	19	19	18	20	16	20	13	20	9	21	6	23	4	26	2	29	1	31	1	32	2	32	4	31	7	29	11	28	14	28	16	29	17	31	17	34	16	38	15	43	15	49	15	54	15	59	16	63	18	66	21	68	25	69	30	69	35	68	41	66	46	63	50	59	53	54	55	48	56	43	56	39	55	36	53	33	50	31	48	30	47	30	47	
15:
51	12.696	43	37	42	38	41	40	41	43	42	47	43	50	45	52	48	53	52	53	55	53	57	52	58	50	59	47	59	43	58	38	56	33	53	28	49	24	44	21	39	19	35	17	32	14	30	10	29	7	28	5	28	4	29	4	30	5	30	7	29	10	27	14	24	18	20	22	15	25	11	27	8	28	6	29	5	29	5	28	6	27	8	27	11	28	15	30	20	33	26	35	31	36	35	36	38	37	40	38	42	38	43	37	43	37	
16:
54	2.353	53	59	52	58	50	56	47	53	43	49	40	44	38	38	36	32	34	25	33	19	33	14	33	10	32	6	30	3	28	1	25	0	21	0	18	1	16	3	15	6	14	9	13	13	11	18	8	23	6	27	5	31	5	35	5	38	5	40	5	42	6	43	7	43	9	42	11	40	14	37	17	33	21	29	26	25	31	22	35	20	39	19	43	19	46	20	48	22	49	25	50	29	51	33	53	38	55	44	56	49	56	53	55	56	54	58	53	59	53	59	
17:
53	4.499	50	18	49	17	47	15	44	12	40	8	35	4	30	1	26	-1	23	-2	21	-2	19	-1	17	1	16	4	16	8	15	13	15	18	14	23	14	28	14	34	13	39	13	43	14	46	16	48	18	49	21	49	25	48	30	48	34	49	37	51	40	53	42	55	43	56	43	56	42	55	40	54	39	52	39	49	40	45	42	42	45	40	48	39	51	39	53	39	54	39	54	38	53	37	51	35	49	32	48	28	48	24	48	21	49	19	50	18	50	18	
18:
58	2.235	26	54	25	53	23	51	20	49	17	46	15	42	14	37	14	31	15	25	15	20	14	16	12	12	9	8	7	5	6	3	6	2	7	2	9	3	12	5	16	8	19	12	21	17	23	23	26	30	30	37	34	43	39	48	43	52	47	55	50	57	54	58	58	58	61	57	63	55	64	52	64	48	65	43	66	38	66	32	67	27	67	23	66	20	64	18	61	16	59	15	58	15	56	16	53	18	51	21	50	25	48	30	45	36	41	41	36	45	32	48	29	51	27	53	26	54	26	54	
19:
55	1.159	21	9	22	10	24	12	27	15	31	17	36	18	42	18	47	17	51	15	54	14	56	14	57	14	57	15	57	17	57	20	56	24	54	29	53	35	51	40	49	44	47	47	44	49	42	50	39	50	36	49	34	47	33	44	33	41	32	38	30	36	27	35	24	35	22	36	21	38	21	41	22	45	22	49	21	52	19	55	16	57	14	58	11	58	9	57	8	55	8	52	8	48	8	43	9	37	11	30	14	24	17	19	19	15	20	12	21	10	21	9	21	9	
20:
49	2.747	22	23	23	22	25	21	28	20	31	19	33	19	34	20	34	22	33	24	31	27	28	29	24	31	20	34	17	38	15	42	14	47	14	51	15	54	17	56	20	57	24	57	28	56	33	54	38	51	43	47	48	42	52	36	55	29	58	23	60	17	61	12	61	8	60	5	58	3	56	2	53	2	49	3	45	5	40	6	34	6	29	6	25	7	22	9	20	12	19	14	19	17	20	20	21	22	22	23	22	23	
21:
42	1.117	8	36	7	37	5	39	3	42	2	46	2	50	3	53	5	55	8	57	11	58	14	58	16	57	17	55	17	52	17	48	18	43	20	37	23	31	27	26	30	22	32	18	33	15	33	13	32	12	30	12	27	12	25	11	22	9	18	7	14	6	10	6	7	7	4	8	2	10	1	13	0	17	0	21	1	26	3	30	5	33	7	35	8	36	8	36	
22:
46	0.384	6	54	7	55	9	56	12	56	16	55	21	53	26	50	31	46	35	42	38	37	41	33	45	28	48	22	50	16	51	11	51	7	51	4	52	2	54	1	55	1	55	2	54	4	52	7	49	11	46	16	44	20	42	23	41	27	41	30	40	32	38	33	35	33	31	32	27	30	22	29	17	29	13	30	9	32	6	35	4	38	3	42	3	46	3	49	4	51	5	53	6	54	6	54	
23:
57	3.291	8	2	9	1	11	0	14	-1	18	-1	22	0	27	0	33	1	38	3	42	6	45	10	47	14	48	19	48	24	47	28	45	31	44	33	44	35	45	36	47	36	49	35	51	35	52	36	52	38	51	41	49	45	46	50	42	54	37	57	33	59	28	62	23	64	17	65	12	65	8	64	5	62	3	59	2	55	2	50	3	44	5	39	8	34	11	28	15	22	19	17	22	13	24	10	25	8	25	6	24	5	23	5	21	6	18	6	14	6	11	5	9	3	8	2	8	2	
24:
55	1.736	4	27	3	26	1	24	-1	21	-2	17	-2	14	-2	10	-1	7	1	5	4	4	8	4	12	5	17	7	23	8	30	8	37	7	43	7	48	8	52	10	55	13	57	17	58	22	59	28	59	34	58	39	56	43	53	46	51	49	49	51	48	52	48	52	49	51	51	49	52	46	52	44	51	43	49	43	46	43	42	44	39	46	36	49	32	52	27	54	21	55	16	55	11	54	7	52	4	49	2	45	1	40	0	36	0	33	1	30	3	28	4	27	4	27	
25:
54	3.498	35	8	34	7	32	5	29	3	25	2	21	2	18	2	16	3	15	5	15	8	14	12	13	17	11	21	8	24	5	28	2	33	0	39	-1	45	-1	50	0	54	2	57	5	59	9	60	14	60	18	59	21	58	23	56	24	53	24	49	23	44	23	40	24	37	25	35	27	34	29	34	32	35	36	36	40	36	44	35	49	33	53	30	56	28	58	26	59	25	59	23	58	20	56	16	53	12	49	9	45	7	41	6	38	6	36	7	35	8	35	8	
26:
53	1.565	14	45	13	44	12	42	10	39	8	35	7	30	7	24	8	18	10	13	12	9	15	6	19	4	24	2	30	0	37	-1	43	-1	48	0	52	1	55	3	57	6	59	9	60	13	60	18	59	24	57	30	56	37	56	43	55	48	53	52	50	55	47	57	45	58	43	58	41	57	39	55	36	52	34	48	33	44	32	40	32	36	32	32	33	29	34	27	34	26	34	26	33	27	31	29	28	32	24	35	20	39	17	42	15	44	14	45	14	45	
27:
51	0.931	35	47	34	48	32	50	29	52	26	54	24	55	22	55	21	54	21	52	22	49	24	46	27	44	30	43	33	42	36	40	38	37	39	33	39	30	38	27	36	25	33	24	29	24	25	24	22	23	20	21	19	18	19	14	20	10	22	6	25	3	28	1	30	0	33	0	37	1	42	3	46	6	50	10	53	15	55	19	56	24	56	30	55	36	53	41	51	45	48	48	45	50	41	51	38	51	36	50	35	48	35	47	35	47	
28:
41	0.679	5	33	6	34	8	36	11	39	15	42	19	46	23	49	27	53	30	56	32	58	34	59	35	59	35	59	34	58	32	56	31	53	31	49	32	45	34	42	37	40	41	39	46	39	50	39	53	39	55	38	56	36	56	33	55	31	53	30	50	30	46	30	41	31	35	33	29	34	23	34	18	33	14	32	11	32	8	32	6	33	5	33	5	33	
29:
52	3.752	0	40	1	39	3	37	5	34	8	30	11	25	15	20	20	15	26	11	32	8	37	6	41	5	44	5	47	6	51	8	54	11	56	15	57	18	57	20	56	21	54	21	51	20	47	18	44	16	40	15	36	15	33	16	31	18	30	21	30	25	31	30	33	34	36	37	38	41	39	46	39	50	38	53	36	55	33	56	29	56	24	56	20	57	17	58	13	58	8	57	4	55	1	52	-1	48	-2	45	-2	43	-1	41	0	40	0	40	
30:
51	3.499	26	9	27	9	29	9	32	10	35	12	39	14	44	17	48	21	51	24	54	26	56	27	59	27	62	28	64	30	65	33	65	37	65	42	65	46	64	49	62	51	60	52	58	52	57	51	57	49	56	46	54	43	51	40	48	37	44	35	40	34	37	34	35	35	32	37	28	39	24	42	19	44	15	45	11	45	8	44	6	42	5	39	5	35	6	30	8	25	11	21	15	17	19	14	22	12	24	11	25	10	26	9	26	9	
31:
44	0.568	1	44	2	43	2	41	3	38	4	34	4	29	4	23	3	18	1	14	0	11	0	9	0	8	1	8	3	8	6	9	10	10	15	10	20	9	25	8	31	7	37	7	42	8	46	10	49	12	51	15	52	19	54	24	55	29	55	33	54	36	52	39	49	41	45	42	40	42	34	41	29	41	24	40	18	40	13	40	9	40	6	40	4	41	2	43	1	44	1	44	
32:
50	1.845	25	54	26	53	28	51	31	48	33	44	34	39	34	34	33	30	31	26	28	23	24	21	19	20	14	20	9	20	5	19	2	17	0	14	-1	10	-1	6	0	3	2	-1	5	-4	9	-6	14	-7	19	-7	23	-6	26	-4	28	-2	29	1	29	5	28	8	26	12	23	17	20	23	17	30	15	37	14	43	14	48	13	52	11	55	10	57	9	58	9	60	10	61	12	61	15	60	19	59	22	57	24	55	25	54	25	54	
33:
58	10.059	48	22	47	23	45	25	44	28	42	31	39	35	36	39	33	42	31	44	30	45	29	45	29	44	28	42	26	39	23	35	19	30	16	24	12	18	9	13	7	9	6	6	4	3	1	1	-2	0	-5	0	-7	1	-8	3	-8	6	-7	10	-5	15	-2	20	2	25	7	30	11	34	14	38	16	41	17	45	17	50	18	54	20	57	23	59	27	60	32	60	37	59	41	57	44	54	46	50	49	45	51	39	53	34	55	30	56	26	56	23	55	21	53	20	51	20	49	21	48	22	48	22	
34:
54	1.311	31	17	30	16	28	15	25	15	22	15	19	15	17	15	15	14	14	12	14	10	15	8	16	7	16	5	17	4	19	4	22	5	26	6	31	8	37	11	42	15	47	20	51	26	54	33	56	40	57	46	57	51	56	55	54	58	51	60	47	61	43	62	38	62	32	61	25	59	19	56	14	52	10	49	7	47	5	46	4	46	4	47	5	48	7	48	10	47	14	45	19	42	23	38	27	35	30	31	32	27	33	23	33	20	32	18	31	17	31	17	
35:
51	1.034	59	51	58	52	56	53	53	53	49	52	44	50	40	47	37	44	34	41	32	37	31	32	31	27	30	23	29	20	27	18	24	17	20	17	15	18	11	20	7	21	4	21	1	20	-1	18	-2	16	-2	15	-1	15	1	16	2	18	2	21	2	25	2	30	3	36	5	41	6	45	7	48	8	50	8	52	9	53	11	53	14	52	17	50	21	47	26	45	32	44	38	44	44	45	49	45	53	46	56	48	58	50	59	51	59	51	
36:
52	10.083	26	41	27	40	28	38	30	36	33	34	37	31	42	27	46	22	50	17	53	13	55	9	56	5	56	2	55	-1	53	-3	50	-4	46	-5	41	-5	35	-4	28	-3	22	-1	17	1	12	2	8	4	5	5	3	5	2	4	2	3	3	3	5	4	8	6	12	8	15	10	17	13	19	17	20	22	20	28	19	35	17	41	14	46	12	50	11	53	11	55	11	56	12	56	14	55	17	53	20	50	23	47	25	44	26	42	26	41	26	41	
37:
50	0.831	6	37	5	36	4	34	4	31	5	28	5	25	4	23	2	22	1	22	1	23	2	24	4	24	7	23	11	21	16	18	20	14	23	10	25	6	27	3	29	1	31	0	32	0	32	1	31	3	30	6	29	10	29	15	30	20	32	25	34	30	36	34	38	38	39	41	39	43	38	44	36	45	33	47	29	50	26	53	22	55	17	56	12	56	8	55	5	53	3	50	2	46	2	43	3	40	5	38	6	37	6	37	
38:
50	11.688	40	43	39	44	39	45	40	47	42	50	44	53	46	55	48	57	49	59	49	60	48	60	46	59	43	59	39	59	34	60	29	61	24	62	19	62	15	61	12	59	9	56	7	53	6	50	6	46	7	41	9	36	10	30	10	24	11	19	13	15	16	12	20	10	25	8	31	7	37	7	42	8	46	10	49	13	51	17	52	21	52	24	51	26	49	28	46	30	43	32	41	34	40	37	39	40	39	42	40	43	40	43	
39:
56	1.875	20	37	19	36	17	34	14	33	10	33	7	32	4	32	2	33	1	35	1	38	2	40	4	42	7	45	11	48	16	51	22	53	27	54	31	54	34	54	36	55	37	56	37	56	36	57	34	57	31	56	27	54	24	51	22	47	20	43	19	38	19	32	20	25	22	18	25	12	29	7	34	3	40	0	45	-2	49	-3	52	-3	54	-2	55	0	55	3	54	7	52	12	49	18	46	24	42	29	39	33	37	36	34	38	30	39	26	39	23	38	21	38	20	37	20	37	
40:
62	6.495	12	51	13	50	15	49	18	47	22	44	27	41	32	38	38	36	43	35	47	35	50	35	52	36	53	37	53	39	52	41	50	43	47	44	43	44	39	43	34	41	28	38	22	34	17	30	13	25	8	20	4	15	1	11	-1	8	-2	5	-2	3	-1	2	1	2	4	3	8	5	13	8	19	10	26	11	33	12	40	12	46	11	51	9	55	7	58	6	60	6	61	5	61	5	60	6	58	8	55	10	51	13	46	17	40	20	33	22	27	25	22	28	18	32	15	37	13	41	12	45	12	48	12	50	12	51	12	51	
41:
56	4.537	11	23	12	24	14	26	17	27	19	27	21	28	23	28	24	28	24	29	23	31	21	34	20	37	20	41	21	45	23	48	26	50	30	51	35	51	40	50	44	48	48	45	51	41	53	36	54	31	54	27	53	24	51	21	48	19	44	18	39	18	33	19	27	20	22	22	16	25	11	29	7	34	4	40	2	45	1	49	1	52	2	54	4	55	6	55	7	54	7	52	7	49	6	45	4	41	3	36	3	32	4	28	5	25	6	23	8	22	10	22	11	23	11	23	
42:
56	0.335	34	36	35	35	37	34	40	33	44	33	49	32	53	30	56	27	58	24	59	20	59	16	58	12	56	9	53	7	49	5	44	4	38	3	31	3	24	2	18	2	13	1	9	0	6	-1	4	-1	3	0	3	2	4	5	6	9	9	14	12	19	14	25	15	31	16	38	16	44	15	49	14	53	12	56	10	58	9	59	9	60	10	60	12	61	15	62	19	62	24	61	29	61	33	60	36	58	38	55	39	51	39	48	39	44	38	41	36	39	35	37	34	36	34	36	
43:
48	0.954	52	8	51	7	49	6	46	4	42	2	38	1	34	1	31	1	28	2	26	4	25	7	25	11	26	15	28	20	31	26	33	32	34	37	34	42	33	47	31	51	28	54	25	56	23	57	22	57	21	56	21	54	22	52	24	50	27	49	31	49	35	50	38	52	41	54	44	55	48	55	52	54	55	52	57	49	58	45	58	40	57	34	55	28	54	23	53	18	52	14	51	11	51	9	52	8	52	8	
44:
42	1.777	13	47	13	46	12	44	12	41	12	37	13	33	15	29	18	24	22	20	26	16	31	12	37	9	42	6	46	4	49	3	51	3	52	4	52	6	51	8	49	11	46	15	42	20	39	26	36	32	34	37	33	41	31	44	28	47	24	49	20	50	17	50	14	49	10	49	7	50	5	50	4	50	4	49	5	47	7	46	10	46	12	47	13	47	13	47	
45:
54	2.298	1	59	2	59	4	59	7	60	11	60	15	59	20	57	24	54	27	51	29	47	31	42	34	36	38	31	42	27	46	23	49	19	51	16	52	14	52	11	51	7	49	4	46	2	42	1	37	1	31	1	26	2	20	3	14	3	9	3	5	2	2	2	0	1	-1	-1	-1	-2	0	-2	2	-2	4	-1	7	1	11	4	14	8	16	13	17	17	17	21	16	24	14	27	11	31	9	35	6	39	3	44	1	49	0	53	0	56	0	58	1	59	1	59	
46:
47	0.79	43	12	44	13	46	15	47	18	47	20	46	22	44	24	41	26	38	28	34	31	30	35	26	40	22	44	19	49	17	53	16	56	16	58	17	59	18	59	20	58	23	56	26	53	28	51	31	50	35	50	39	51	42	53	44	56	45	58	45	59	44	59	44	58	43	57	43	55	44	52	46	48	49	43	52	38	54	32	55	26	55	21	54	17	52	14	49	12	46	11	44	11	43	12	43	12	
47:
48	1.391	8	28	7	29	6	31	6	34	7	38	7	43	8	48	8	52	8	55	7	57	7	58	8	58	10	57	13	55	17	53	21	50	25	48	30	47	35	45	39	42	42	38	44	33	45	27	46	22	48	18	50	14	51	11	51	8	50	6	48	4	45	3	41	3	37	3	32	2	26	2	21	3	15	5	10	8	6	12	3	16	1	19	0	22	0	24	1	26	3	28	5	29	7	29	8	28	8	28	
48:
55	0.858	10	21	11	22	13	23	15	23	18	22	20	21	21	20	21	20	20	21	18	23	15	26	12	29	10	33	8	37	7	40	6	43	6	45	7	46	9	46	12	45	16	43	21	40	25	37	29	35	33	34	36	34	38	35	39	37	41	39	44	40	48	40	51	39	53	37	56	34	58	30	59	27	59	23	58	20	56	18	53	17	50	15	46	12	41	8	35	5	29	3	24	2	20	2	17	3	14	5	12	8	11	12	11	15	11	18	11	20	10	21	10	21	
49:
56	4.294	44	55	43	55	41	56	38	57	34	58	29	58	23	57	18	55	14	52	10	48	7	44	5	41	4	39	4	36	5	33	7	30	10	28	14	26	17	23	19	19	20	15	20	10	19	6	17	3	15	1	14	0	14	0	15	1	17	2	18	4	18	7	19	11	21	16	24	21	26	26	29	30	33	33	37	35	42	36	48	36	54	36	59	35	63	35	66	36	68	38	69	41	69	45	68	49	66	53	63	56	59	58	54	59	50	59	47	58	45	56	44	55	44	55	
50:
46	1.005	38	16	37	15	35	14	32	12	28	11	23	9	19	7	15	5	11	3	8	2	4	2	0	3	-4	5	-7	8	-9	12	-10	16	-10	21	-9	27	-7	33	-4	38	0	42	5	45	11	47	16	49	20	52	23	54	26	55	28	55	29	54	29	52	28	49	27	46	26	44	26	43	27	43	29	42	32	41	35	39	37	36	39	33	41	29	42	25	42	22	41	19	39	17	38	16	38	16	
51:
47	3.727	15	36	16	37	16	39	17	42	19	46	22	51	26	55	31	58	36	60	42	61	47	61	51	60	54	58	56	56	57	53	57	49	56	45	54	40	53	34	52	29	52	25	52	22	53	20	55	19	57	19	58	20	58	22	57	25	55	29	53	34	52	38	51	41	49	43	47	44	45	44	42	43	38	41	33	40	28	40	23	40	19	41	16	42	14	42	13	41	13	39	14	37	15	36	15	36	
52:
43	0.656	8	53	9	54	10	56	12	58	15	59	19	59	24	58	30	58	36	57	41	55	45	52	48	48	50	43	51	38	51	34	50	31	48	29	45	28	41	26	38	23	36	19	33	16	29	14	24	13	18	13	13	14	9	16	6	19	4	23	3	27	3	32	3	36	4	39	4	42	5	44	7	45	9	45	11	45	12	46	12	48	11	50	9	52	8	53	8	53	
53:
55	1.622	12	56	11	55	9	53	6	50	4	46	3	41	2	37	0	32	-1	28	-1	25	0	23	2	22	5	22	8	23	12	25	17	28	21	30	26	31	32	31	39	30	45	30	50	31	54	33	57	35	59	38	61	42	62	47	62	51	61	54	59	56	58	57	57	57	57	56	58	54	60	51	63	47	66	43	68	39	69	35	69	31	68	28	66	26	64	25	61	25	57	26	52	28	46	31	39	35	33	40	27	45	22	49	18	52	15	54	13	55	12	56	12	56	
54:
52	4.417	0	53	0	52	-1	50	-1	47	0	44	2	40	4	35	6	29	9	24	13	20	18	17	24	15	29	14	35	14	41	14	46	14	50	13	53	11	55	8	56	6	56	4	55	3	53	3	51	4	49	6	48	9	46	13	45	17	45	20	46	23	48	25	51	26	53	28	56	30	58	33	59	36	59	39	58	43	56	46	53	48	50	49	46	51	41	54	35	57	28	59	21	60	15	60	10	59	6	58	3	56	1	54	0	53	0	53	
55:
55	1.628	8	20	8	21	8	23	9	26	9	30	10	35	12	39	13	44	15	48	16	51	16	53	15	54	14	54	14	53	14	51	13	48	13	44	14	41	16	39	19	38	22	38	26	39	31	41	37	44	42	47	46	49	49	51	51	52	53	52	54	51	55	49	55	46	54	42	53	37	51	33	48	30	46	26	45	21	45	15	46	10	47	6	47	3	47	1	46	0	44	0	41	0	37	1	32	3	26	6	21	9	17	11	14	14	11	17	9	19	8	20	8	20	
56:
55	1.107	16	26	17	25	19	23	22	20	26	18	31	17	37	16	42	16	46	17	49	19	51	22	52	25	52	29	51	33	49	36	46	38	43	39	40	40	38	42	37	44	37	46	38	48	40	51	42	54	43	56	43	58	42	59	40	60	37	60	33	59	28	59	22	59	16	58	11	58	7	57	4	56	2	54	1	53	1	51	2	48	4	46	6	43	9	39	11	34	12	30	12	27	11	25	9	23	8	21	8	20	9	20	11	21	13	23	15	25	16	26	16	26	
57:
62	2.181	40	46	41	47	41	48	40	50	38	51	35	52	31	52	27	53	24	54	22	56	21	57	21	57	22	56	24	54	27	51	31	47	36	44	41	40	46	35	50	29	53	23	55	17	56	12	56	7	55	3	53	0	50	-2	46	-3	41	-3	35	-2	30	0	24	2	18	3	13	4	9	6	6	8	4	9	3	11	3	12	4	14	6	17	9	21	13	24	18	26	24	28	31	30	38	33	44	36	49	38	53	39	56	41	58	44	59	46	59	49	58	51	56	52	53	52	49	51	46	49	43	47	41	46	40	46	40	46	
58:
39	0.258	45	44	46	45	48	46	51	48	55	49	58	49	60	50	61	50	61	51	60	51	58	50	55	48	51	47	46	45	40	43	34	40	28	38	21	35	15	32	10	30	6	29	3	27	1	25	0	24	0	24	1	25	3	27	5	28	8	30	12	31	17	31	23	31	29	32	34	33	38	35	41	38	43	41	44	43	45	44	45	44	
59:
51	2.052	37	38	37	39	36	41	35	44	33	48	30	52	28	56	25	59	21	61	16	62	12	62	9	61	7	59	6	57	6	56	7	56	9	56	12	55	16	53	19	50	23	46	26	42	28	37	29	31	31	26	33	22	36	19	40	17	45	16	49	16	52	17	54	17	55	17	55	16	54	14	52	11	49	8	45	6	40	5	36	5	33	6	31	8	29	11	28	15	28	19	29	24	31	28	34	32	36	35	37	37	37	38	37	38	
60:
53	8.445	58	53	59	54	59	56	58	57	56	57	54	56	51	54	47	53	44	52	42	52	39	53	36	55	34	57	31	58	27	58	22	57	17	56	13	56	10	56	8	55	7	54	7	53	8	52	10	51	13	49	17	47	22	44	26	40	29	35	31	29	32	23	33	17	34	12	36	8	38	5	39	3	39	2	38	2	36	3	34	5	33	7	33	10	34	14	34	19	35	25	37	31	40	37	44	42	48	46	52	49	55	51	57	52	58	53	58	53	
61:
42	0.953	59	15	59	16	59	18	58	21	56	25	55	30	53	36	50	41	46	45	41	48	35	51	29	53	24	54	20	54	17	54	15	53	14	51	14	48	15	46	17	43	19	39	22	34	26	28	30	23	33	19	35	16	36	13	36	11	35	10	34	10	33	10	33	9	34	8	35	6	37	5	40	5	44	6	49	8	53	11	56	13	58	14	59	15	59	15	
62:
44	0.502	24	17	25	16	27	14	30	11	32	7	35	4	37	2	40	1	43	1	45	2	46	4	46	7	45	10	45	14	45	17	45	19	46	20	48	20	50	21	51	21	51	21	50	21	48	22	45	24	41	27	37	31	32	36	28	41	23	45	19	48	16	50	14	51	13	51	11	50	9	48	8	45	8	41	9	36	11	31	14	27	18	23	21	20	23	18	24	17	24	17	
63:
63	1.339	25	27	24	28	22	30	20	33	18	37	17	42	17	46	18	49	18	51	19	52	21	52	23	51	24	49	24	46	24	44	23	43	21	43	19	44	18	46	18	49	19	53	21	57	24	60	28	62	33	63	39	63	45	62	51	60	56	57	60	53	63	48	65	42	66	36	66	30	65	25	63	20	60	16	57	13	53	11	48	10	42	10	35	11	28	11	22	10	17	8	12	5	8	3	5	2	3	2	2	3	2	4	3	6	5	9	8	12	12	14	17	15	21	16	24	18	26	20	27	22	27	24	26	26	25	27	25	27	
64:
61	12.808	45	5	46	4	48	2	50	1	53	0	57	0	60	1	62	3	63	6	64	10	64	15	63	21	61	28	58	35	54	41	49	46	44	51	39	55	33	58	26	60	19	61	13	61	8	60	4	59	1	59	-1	58	-2	56	-2	54	-2	51	-1	47	1	42	4	36	8	30	11	25	13	21	14	18	14	16	13	15	11	15	8	16	6	18	5	21	5	25	6	30	8	34	11	37	15	39	20	40	26	41	32	41	37	40	41	38	44	35	47	31	49	26	50	20	50	15	49	11	48	8	46	6	45	5	45	5	
65:
46	4.569	27	40	26	39	24	37	21	34	18	30	14	26	11	23	9	20	8	18	8	17	9	17	11	18	14	18	18	17	22	15	27	14	31	12	35	9	40	6	46	4	51	3	55	3	58	4	60	6	61	9	61	13	60	18	58	24	55	29	52	33	50	37	49	41	49	45	50	48	50	50	50	51	49	51	47	50	44	48	40	47	36	46	33	46	30	45	28	43	27	41	27	40	27	40	
66:
54	0.918	26	18	25	17	23	15	20	12	17	9	14	7	11	6	9	6	8	7	8	9	9	10	10	12	10	15	9	19	7	24	6	29	4	33	2	36	1	39	1	41	2	42	3	42	5	41	7	39	9	36	12	33	16	31	21	30	27	29	34	29	40	30	45	31	50	33	54	36	57	39	59	43	60	46	60	49	59	51	59	52	60	52	61	51	61	49	60	46	58	42	55	39	51	35	46	30	41	26	36	23	32	21	29	19	27	18	26	18	26	18	
67:
45	3.078	6	4	7	3	9	3	12	4	15	4	17	5	19	7	20	10	20	14	21	19	22	23	24	26	27	28	31	29	36	29	40	28	43	26	45	25	47	25	48	25	48	26	47	28	45	31	42	35	38	39	33	43	27	46	21	48	16	50	12	51	8	51	5	50	3	49	2	47	2	44	3	40	5	36	7	31	8	25	8	19	8	14	8	10	7	7	6	5	6	4	6	4	
68:
43	0.764	40	13	41	14	43	15	45	17	47	19	50	21	52	24	53	27	53	29	52	30	51	30	49	29	48	27	46	24	43	22	39	20	34	19	28	19	23	20	19	22	16	25	13	29	11	33	9	36	7	38	4	39	1	39	-1	38	-2	36	-2	33	-1	29	1	25	4	22	8	20	13	19	18	17	22	16	26	15	30	13	34	12	37	12	39	12	40	13	40	13	
69:
50	2.107	20	13	19	14	19	16	20	19	21	23	21	27	20	32	18	36	15	39	12	41	10	43	9	44	9	44	10	43	12	41	15	39	19	38	24	38	28	39	31	41	34	44	37	46	39	49	40	52	41	54	41	55	40	55	40	54	41	52	43	49	45	46	48	43	52	39	55	34	57	28	58	23	58	18	57	14	56	11	55	9	53	8	50	8	46	8	41	8	35	8	30	8	26	9	23	10	21	12	20	13	20	13	
70:
50	1.393	31	19	32	20	34	22	37	23	41	23	44	22	46	21	48	20	50	20	51	21	52	23	53	26	54	30	54	34	53	38	52	41	50	43	47	44	45	45	44	45	44	46	45	48	47	50	50	51	52	53	53	55	54	58	54	62	53	65	51	67	48	68	44	69	40	70	35	70	31	69	28	67	26	64	25	60	25	55	26	50	27	45	27	39	27	33	26	28	26	24	26	21	27	19	29	18	30	18	31	19	31	19	
71:
53	0.437	8	11	9	12	11	14	14	17	16	21	17	26	18	31	20	37	23	42	26	46	30	49	35	51	41	52	46	52	50	51	53	49	56	46	58	42	59	37	59	31	58	25	56	19	53	14	49	10	44	7	39	5	35	4	32	4	29	5	27	7	26	10	26	12	27	14	29	16	32	17	34	19	35	22	35	26	34	29	32	31	29	32	25	33	20	33	16	33	13	32	11	30	10	27	10	23	11	19	11	16	10	14	9	12	8	11	8	11	
72:
47	3.237	18	11	19	12	21	14	24	16	28	18	33	20	37	23	40	25	43	26	45	26	46	25	46	25	45	26	43	27	42	28	42	30	43	32	45	34	48	37	50	40	51	44	52	47	52	51	52	54	51	56	49	57	47	57	44	56	40	54	35	51	30	47	25	43	20	40	16	36	12	33	9	31	7	30	6	30	6	30	7	29	8	27	9	24	10	20	12	17	15	14	17	12	18	11	18	11	
73:
48	0.62	5	3	6	3	8	2	11	2	15	1	19	1	24	2	28	4	32	7	36	11	39	16	41	22	44	27	46	32	47	38	47	43	46	47	44	50	41	52	37	53	33	53	30	52	28	50	27	47	26	44	25	42	25	41	26	41	26	42	25	44	23	47	21	49	19	51	16	52	12	52	9	51	7	49	5	46	4	42	4	37	5	31	5	24	4	18	4	13	3	9	3	6	4	4	5	3	5	3	
74:
48	1.464	11	41	10	40	9	38	7	35	6	31	5	26	5	21	5	17	4	14	2	12	1	9	1	5	2	2	4	0	7	-1	11	-2	16	-2	22	-1	27	1	32	4	36	8	39	13	41	19	42	25	43	32	44	38	46	43	49	47	51	50	52	52	52	53	51	53	49	52	46	52	42	53	37	55	32	58	27	60	22	61	17	61	13	60	10	58	8	55	7	51	7	47	8	44	10	42	11	41	11	41	
75:
48	6.842	55	45	55	44	55	42	55	39	54	35	53	30	53	24	52	19	52	15	53	12	54	10	54	9	53	9	51	10	48	12	44	15	39	19	35	24	32	30	28	35	24	40	20	44	15	47	11	49	8	50	6	50	4	49	3	48	3	47	4	47	6	47	9	47	13	48	17	50	21	53	25	56	29	58	32	59	34	59	35	58	37	56	39	53	42	51	46	49	49	47	52	46	54	45	55	45	55	45	
76:
47	0.714	19	10	18	11	17	11	15	10	13	8	11	5	9	3	8	2	8	2	9	3	11	4	14	5	18	5	23	5	29	5	36	6	42	8	47	11	51	14	54	18	56	23	57	29	57	36	56	43	54	49	52	54	49	58	45	61	40	63	34	64	27	64	21	63	15	61	10	58	6	54	3	49	1	44	0	39	0	33	1	27	3	22	6	18	9	15	13	13	16	11	18	10	19	10	19	10	
77:
53	0.592	55	33	56	34	57	36	57	38	56	40	54	41	51	41	47	40	42	39	38	38	34	37	31	37	29	38	28	40	27	43	26	47	24	51	21	54	17	57	13	59	10	60	8	60	7	60	7	59	8	59	10	59	13	58	15	56	16	54	16	51	15	47	13	44	10	40	8	35	6	30	5	24	5	18	6	13	8	9	11	6	15	4	20	3	26	3	31	4	35	6	38	9	40	13	42	18	45	23	49	27	52	30	54	32	55	33	55	33	
78:
58	10.477	50	20	49	19	47	17	44	14	40	10	35	7	29	4	23	1	18	-1	13	-2	9	-2	6	-1	4	1	3	4	3	8	4	12	6	17	9	21	13	25	17	28	22	30	28	31	33	31	37	30	40	30	42	31	43	33	43	36	42	40	40	45	37	49	33	52	28	54	22	55	16	55	11	54	7	54	4	53	2	52	1	52	1	53	2	53	4	52	7	50	10	47	14	43	17	38	19	32	21	27	23	23	26	20	30	18	35	17	40	17	44	18	47	18	49	19	50	20	50	20	
79:
49	1.394	8	19	8	18	8	16	8	13	7	10	6	8	6	7	7	7	9	8	12	10	16	12	20	13	25	13	30	12	35	10	39	8	43	5	46	3	50	2	53	2	55	3	56	5	56	8	56	12	56	17	55	22	53	28	50	34	46	40	42	45	38	49	35	52	33	54	30	55	26	55	23	54	21	52	20	49	18	45	15	40	13	36	10	33	7	31	5	29	4	26	4	23	5	21	7	20	8	19	8	19	
80:
53	1.047	0	53	1	52	2	50	4	48	7	45	9	41	10	36	11	30	13	25	16	21	20	18	25	16	30	15	35	14	40	13	44	11	47	8	49	6	50	5	50	5	51	6	52	8	52	11	51	15	51	20	51	26	51	33	51	39	50	44	50	48	51	51	51	53	51	54	50	54	48	53	45	51	42	48	39	44	37	39	35	35	33	32	30	30	28	29	25	29	21	30	16	32	11	35	7	39	4	43	2	47	1	50	0	52	0	53	0	53	
81:
58	3.21	15	26	14	27	12	27	9	28	6	30	4	32	3	33	2	33	2	32	3	30	5	27	8	24	12	22	17	21	23	20	29	20	35	19	41	19	46	19	50	18	53	16	55	13	56	9	56	6	55	3	53	1	50	0	46	-1	42	-1	39	0	36	1	34	1	33	2	33	4	34	7	36	11	39	15	43	20	48	24	52	29	55	35	57	41	58	46	58	50	57	53	55	55	52	56	48	56	44	55	39	53	33	50	28	46	24	41	21	36	19	32	18	29	16	27	15	26	15	26	
82:
51	1.811	16	59	15	58	13	56	10	53	7	49	5	44	4	38	4	31	3	25	2	20	1	16	1	12	2	9	4	7	7	6	11	6	16	7	21	8	25	10	28	12	31	15	34	17	36	18	37	18	38	17	40	15	42	12	44	9	47	7	50	5	52	4	55	4	58	5	60	7	61	10	61	14	60	19	58	23	55	26	51	28	46	29	41	30	35	32	30	35	25	39	21	44	18	49	16	53	15	56	15	58	16	59	16	59	
83:
49	9.979	4	4	5	4	7	5	10	7	14	10	19	13	24	16	30	20	35	24	39	28	42	31	46	33	50	34	53	34	55	33	56	31	56	29	57	28	58	28	59	29	59	31	58	34	56	38	53	42	49	45	44	47	38	48	33	49	27	51	22	52	16	54	11	56	7	58	4	59	2	59	0	58	-1	56	-1	53	0	49	2	44	4	38	5	32	5	25	4	19	4	14	4	10	5	7	5	5	4	4	4	4	
84:
53	3.138	30	12	31	13	33	15	34	18	36	22	38	27	39	32	39	37	40	42	41	47	42	52	42	56	43	59	45	61	47	62	50	62	54	61	57	59	59	56	60	52	60	47	59	41	57	34	54	27	52	21	49	15	46	10	43	6	40	3	36	1	31	0	25	0	19	1	14	3	10	6	7	10	5	15	4	21	4	26	5	30	7	33	8	35	10	36	12	36	14	35	16	33	19	30	22	26	25	22	27	18	29	15	30	13	30	12	30	12	
85:
50	2.043	52	47	52	46	51	44	51	42	52	39	53	35	54	30	54	24	53	19	51	15	48	12	44	10	39	9	34	9	30	10	27	12	25	15	24	19	24	24	25	29	25	33	25	37	24	40	22	42	20	43	18	43	15	42	13	40	12	39	11	39	11	40	11	42	10	44	8	47	6	50	5	52	5	55	6	57	8	58	11	58	15	57	20	56	26	56	32	56	37	56	42	55	46	53	49	50	51	48	52	47	52	47	
86:
65	4.331	29	0	30	-1	32	-2	35	-2	39	-2	44	-1	49	0	53	2	56	5	58	7	59	9	59	12	58	15	56	19	55	22	53	26	52	31	52	36	53	41	54	45	55	50	55	54	54	57	52	59	49	60	45	60	40	59	34	59	29	58	24	56	19	53	15	49	12	44	10	40	9	37	9	34	10	32	12	31	15	31	18	31	22	31	26	32	29	32	31	31	32	29	32	26	31	22	29	19	26	16	22	14	17	12	13	11	10	9	8	6	7	2	7	-2	8	-5	10	-7	12	-8	15	-8	19	-7	23	-5	26	-3	28	-1	29	0	29	0	
87:
62	16.18	15	2	16	3	18	5	21	7	25	10	28	14	31	18	33	21	34	25	34	29	33	33	31	38	28	44	24	49	19	53	14	56	10	58	6	59	3	59	1	59	0	58	0	56	1	53	3	49	6	44	10	40	15	36	21	33	27	30	33	28	39	26	44	25	48	25	51	26	53	28	54	31	54	35	54	40	53	44	52	47	52	49	53	50	55	51	58	51	61	50	63	48	64	45	64	41	63	36	62	30	60	23	57	17	53	12	48	8	42	5	36	3	30	1	25	0	21	0	18	0	16	1	15	2	15	2	
88:
53	3.025	7	35	8	35	10	36	12	38	15	40	18	41	20	41	21	40	21	38	22	35	24	33	27	32	31	32	36	33	42	34	47	34	51	35	54	36	56	37	57	37	57	36	56	34	54	33	53	31	52	28	52	25	53	23	55	22	57	21	58	20	58	20	57	20	55	21	52	21	48	20	43	18	37	15	31	12	26	10	22	8	17	6	12	5	8	5	4	6	1	8	-1	11	-2	15	-2	20	-1	25	1	29	4	32	6	34	7	35	7	35	
89:
43	1.243	50	35	50	36	50	38	50	41	51	44	51	48	50	52	50	55	49	57	47	58	45	58	43	57	42	56	40	54	37	53	33	53	30	52	28	50	26	47	23	43	19	39	16	34	14	28	13	22	13	16	14	11	16	7	19	4	23	2	28	1	33	1	37	1	42	2	46	4	50	7	53	11	55	16	56	21	56	25	55	29	53	32	51	34	50	35	50	35	
90:
43	0.846	9	50	8	49	8	47	9	44	11	41	14	39	18	37	22	36	26	36	31	37	35	39	38	42	41	46	44	49	48	51	51	52	53	52	54	51	54	49	53	46	51	43	48	39	45	34	42	29	39	24	36	20	33	17	29	15	24	14	20	14	15	15	10	15	6	16	3	18	1	21	0	25	0	30	0	35	1	40	3	44	6	47	8	49	9	50	9	50	
91:
46	2.266	22	18	21	17	19	15	16	12	14	9	13	7	13	6	14	5	16	5	17	6	19	8	22	11	25	15	29	20	34	26	39	32	44	37	48	41	51	44	54	46	56	47	57	47	57	46	56	44	54	43	51	43	47	44	42	45	38	47	33	50	29	53	26	55	24	56	22	56	21	55	20	53	20	50	21	46	23	41	25	37	26	32	26	28	26	24	25	21	23	19	22	18	22	18	
92:
54	4.562	59	10	58	11	57	13	57	16	56	20	55	25	55	31	54	36	52	42	49	47	45	51	40	54	34	56	27	57	21	57	16	56	12	54	9	53	7	51	6	49	6	48	7	47	9	45	11	42	14	38	17	34	19	31	20	28	20	26	19	25	17	25	14	25	10	24	6	22	3	19	1	17	0	16	0	14	1	13	3	12	6	11	9	9	13	6	18	4	24	2	30	1	37	0	43	0	48	1	52	2	55	4	57	7	58	9	59	10	59	10	
93:
53	13.896	20	4	21	5	23	7	25	10	28	14	32	19	37	23	43	27	48	30	52	32	55	34	57	37	58	39	58	40	57	40	55	39	54	37	54	34	55	30	55	26	54	23	52	21	49	20	45	20	40	21	34	23	27	26	21	30	16	35	12	40	9	45	7	49	6	53	4	56	3	58	1	59	-2	59	-4	58	-5	56	-5	53	-4	49	-2	44	0	38	3	33	7	29	11	25	15	22	18	18	20	14	21	10	21	7	21	5	20	4	20	4	
94:
51	11.0	49	1	48	2	46	4	43	6	39	7	35	7	31	7	26	6	20	4	15	1	11	-1	8	-2	6	-2	5	-1	5	1	6	2	8	4	11	7	14	11	16	15	17	19	17	24	16	28	16	31	17	33	19	34	22	34	25	33	27	31	28	28	28	25	29	21	30	17	31	14	33	12	35	11	38	11	42	12	47	13	51	15	54	17	56	18	57	18	57	17	56	15	54	13	51	10	49	7	48	4	48	2	49	1	49	1	
95:
54	6.436	5	54	6	53	8	51	10	48	13	44	17	40	22	37	28	35	33	34	37	34	40	35	42	37	43	38	43	38	42	37	40	35	38	33	36	30	35	26	35	23	36	19	38	16	41	14	45	13	48	11	51	9	53	6	54	4	54	2	53	1	51	0	48	0	44	0	39	1	33	2	27	4	22	7	17	9	13	10	9	12	6	15	4	18	3	22	3	27	4	33	6	39	8	44	10	48	11	51	11	53	10	54	8	54	6	54	5	54	5	54	
96:
52	2.523	40	25	41	26	42	27	44	28	47	28	51	27	54	25	56	22	57	19	57	15	56	12	54	10	51	8	47	7	42	7	36	8	29	10	23	13	17	16	12	20	7	23	3	27	0	31	-3	35	-5	39	-6	43	-6	46	-5	48	-3	49	0	49	4	48	9	46	13	43	16	40	18	37	20	35	22	34	23	34	23	35	22	37	21	40	21	42	21	43	22	43	24	42	27	40	30	37	32	33	34	30	37	28	39	26	40	25	40	25	
97:
46	5.791	42	52	43	51	45	49	47	46	50	42	53	37	55	31	56	26	56	22	55	19	53	17	50	16	46	16	42	17	37	19	31	20	24	20	18	19	13	17	9	14	6	11	4	9	3	8	1	8	0	9	0	11	1	14	3	18	6	23	10	27	13	30	15	34	16	39	16	43	15	46	15	50	16	53	18	55	20	56	23	56	27	55	32	53	36	52	39	51	41	51	42	52	42	52	
98:
39	0.221	43	22	42	21	40	19	37	17	33	15	28	14	22	12	17	10	12	9	8	9	5	10	3	12	2	14	2	17	3	21	5	24	8	28	11	31	15	33	20	34	25	35	30	37	35	40	39	44	43	47	48	49	52	50	55	50	57	49	58	47	59	44	59	40	58	36	56	33	53	31	49	28	46	25	44	23	43	22	43	22	
99:
53	0.514	13	26	14	27	15	28	16	28	16	27	16	25	17	22	19	19	21	16	24	14	28	13	33	13	37	13	41	12	45	10	48	9	50	8	51	6	51	5	50	3	48	2	45	2	41	1	36	1	30	1	25	2	20	4	16	6	12	9	9	13	7	18	6	24	6	31	7	37	9	42	12	47	16	51	21	54	26	56	30	57	33	57	35	57	36	56	36	54	35	51	33	47	30	44	26	40	22	36	19	32	16	29	14	27	13	26	13	26	