0:
47	1.689	57	68	56	67	54	65	51	62	48	58	46	53	45	47	45	40	45	33	46	27	48	22	49	17	50	13	50	10	49	7	47	4	45	2	43	1	40	0	36	0	31	1	25	3	20	6	15	10	11	15	8	21	6	28	5	35	5	43	5	50	6	56	8	61	10	65	13	68	17	70	21	71	26	71	30	70	33	68	36	65	40	63	44	62	48	62	51	63	54	65	56	67	57	68	57	68	
1:
50	3.08	79	55	78	54	76	52	73	49	71	45	69	42	68	38	68	33	67	27	65	22	62	17	58	12	53	7	47	3	40	0	33	-2	26	-3	20	-3	15	-4	11	-4	8	-3	6	-1	5	1	5	4	6	8	8	13	10	19	11	26	13	34	14	42	16	49	17	55	18	60	18	64	18	67	19	69	21	71	24	72	28	72	33	72	39	71	45	69	51	66	58	62	64	59	69	57	73	56	76	56	78	55	79	55	79	55	
2:
59	4.452	53	11	52	12	51	14	50	17	50	21	51	26	53	32	56	37	60	41	65	44	69	46	72	47	74	48	75	50	75	53	74	56	72	58	69	61	65	63	60	64	54	64	47	63	39	61	32	58	25	54	19	49	14	43	10	38	7	33	5	29	4	25	4	22	5	20	7	19	10	17	14	16	19	16	23	17	26	19	28	22	29	25	29	27	28	28	26	28	25	27	25	25	26	22	28	18	31	15	35	12	40	9	45	7	49	6	52	5	54	5	55	6	55	8	54	10	53	11	53	11	
3:
64	14.947	76	37	75	36	73	34	70	31	66	27	61	24	55	21	50	19	46	18	43	18	40	19	38	21	37	24	37	28	38	33	40	39	42	44	43	48	43	53	42	58	40	64	37	69	34	73	31	76	29	78	28	79	28	79	29	78	31	76	34	73	37	69	39	64	40	58	40	53	39	49	37	46	34	44	30	43	25	43	21	42	18	40	16	37	15	33	15	28	16	22	18	16	21	11	25	7	30	4	36	2	43	1	49	1	54	2	58	4	63	6	68	9	72	13	75	18	77	23	78	27	78	31	78	34	77	36	76	37	76	37	
4:
60	19.829	5	72	6	71	8	71	11	72	15	73	20	73	26	74	33	74	41	73	49	72	56	72	62	71	67	69	71	67	74	64	76	60	77	55	77	49	76	44	74	40	71	37	69	35	68	34	68	33	69	31	70	28	72	25	74	21	75	16	75	10	74	5	72	1	69	-3	65	-6	60	-8	54	-9	47	-9	41	-9	36	-8	32	-6	28	-3	25	1	23	6	22	12	22	19	22	25	21	30	19	34	16	37	13	39	9	41	6	44	3	48	1	52	0	57	0	62	1	66	2	69	4	71	5	72	5	72	
5:
54	1.339	27	8	26	7	24	6	21	6	18	6	16	6	15	7	15	9	16	11	18	13	21	16	25	19	30	21	36	23	41	25	45	26	48	28	50	31	51	35	51	39	50	44	48	50	45	55	41	59	38	62	36	64	35	65	35	67	36	69	38	72	41	74	44	75	48	75	53	74	59	72	64	69	68	65	71	60	73	55	74	49	74	43	73	37	71	32	68	28	64	24	59	21	53	18	48	16	42	14	37	11	33	9	30	8	28	8	27	8	27	8	
6:
57	3.97	9	29	10	30	12	32	13	35	14	38	14	42	13	47	12	53	12	60	12	67	12	73	13	78	15	82	18	85	22	87	27	88	32	88	36	87	39	85	41	82	42	78	42	75	41	71	39	67	37	64	35	62	34	60	34	58	35	55	37	53	40	50	44	47	49	44	54	40	59	35	63	30	66	26	68	22	69	19	69	17	68	16	68	16	67	17	65	19	62	22	58	25	53	27	48	29	43	32	37	34	30	35	24	35	19	34	15	32	12	31	10	30	9	29	9	29	
7:
58	14.414	27	2	27	3	27	5	28	8	30	12	33	17	37	23	42	30	48	36	54	41	59	45	63	49	66	53	68	57	69	62	69	67	68	71	66	74	63	76	59	77	55	77	52	76	49	74	47	71	44	67	40	63	37	60	33	58	30	56	27	55	24	55	22	56	20	58	17	61	13	65	9	69	6	73	4	76	3	78	3	79	4	79	6	78	9	76	12	73	16	69	21	64	25	58	28	52	30	45	31	37	31	30	30	23	28	17	26	12	25	8	25	5	26	3	27	2	27	2	
8:
68	13.738	63	7	64	8	66	10	69	13	71	17	72	22	73	27	73	33	72	40	70	47	67	53	65	58	64	63	64	67	65	70	67	72	68	74	68	76	67	79	65	83	62	88	59	93	55	97	50	100	44	102	37	103	29	103	22	102	16	100	11	97	7	93	4	88	2	82	1	77	1	71	2	66	4	62	7	57	11	53	16	48	20	42	23	36	27	30	30	25	32	21	33	18	33	15	32	13	30	12	28	12	25	11	22	9	20	6	19	4	19	3	20	3	22	4	25	6	29	9	34	11	39	12	45	13	50	13	54	13	57	12	60	10	62	8	63	7	63	7	
9:
55	3.676	78	20	79	21	81	22	82	24	83	27	83	31	82	35	80	39	77	42	73	44	68	45	62	45	55	45	48	46	42	47	37	49	33	52	30	56	28	61	26	65	24	69	21	72	17	74	12	75	8	75	5	74	3	72	2	70	2	67	3	65	5	64	8	62	12	59	17	55	21	50	24	44	26	37	27	30	27	24	26	19	26	14	27	10	29	6	32	3	36	1	40	0	45	0	51	1	57	3	63	6	68	10	72	14	75	17	77	19	78	20	78	20	
10:
60	6.501	68	20	67	21	65	23	62	26	60	30	59	34	59	39	59	45	60	52	62	58	65	63	67	68	68	72	68	75	67	77	65	79	62	80	58	80	53	79	47	77	40	75	33	72	27	69	22	66	17	64	13	63	10	63	8	64	7	66	7	67	8	67	10	66	13	64	17	61	22	57	27	52	31	46	34	40	36	34	38	29	39	25	39	22	38	20	36	19	35	19	35	20	36	21	38	23	41	25	45	26	48	26	52	25	55	23	57	21	59	19	60	18	62	18	65	18	67	19	68	20	68	20	
11:
66	11.706	72	16	71	17	69	19	67	22	66	26	65	31	65	37	66	44	68	50	71	55	74	59	76	62	77	65	77	67	76	69	74	70	71	70	67	69	63	68	58	66	52	63	46	59	41	54	37	48	34	42	32	37	31	33	29	30	26	28	22	27	19	27	16	28	13	30	11	33	8	37	6	40	5	42	5	43	6	43	8	42	11	40	15	38	19	37	24	37	28	38	31	40	33	41	35	41	36	40	36	38	35	35	33	31	32	26	32	20	33	15	35	11	38	8	42	6	46	5	51	5	57	6	62	8	66	10	69	13	71	15	72	16	72	16	
12:
55	6.881	68	51	67	50	65	49	62	48	58	48	53	48	47	47	40	46	34	46	29	47	25	49	22	51	20	54	19	58	19	63	20	68	22	72	25	75	29	77	34	78	40	78	47	78	53	77	58	75	64	72	69	68	73	64	76	59	78	53	79	46	79	38	79	30	78	23	76	17	73	12	71	8	70	5	70	2	70	0	69	-1	67	-1	64	0	61	2	59	5	58	8	58	12	57	17	57	23	57	30	58	36	60	41	63	45	65	48	67	50	68	51	68	51	
13:
54	1.034	65	8	64	7	62	5	59	2	55	0	50	-1	46	-1	41	0	36	2	32	5	29	9	25	14	22	19	19	25	17	30	15	34	14	37	14	40	15	44	17	47	20	49	24	52	29	54	35	57	41	59	46	62	51	66	56	69	60	71	63	72	65	72	66	71	66	69	65	66	63	62	60	57	57	51	54	46	51	41	49	37	47	34	46	32	46	31	47	29	49	28	51	28	54	27	58	25	61	22	63	18	64	14	64	11	64	9	65	8	65	8	
14:
55	6.289	78	9	77	10	75	12	72	15	68	19	63	24	58	28	53	31	47	33	40	34	34	34	28	33	23	33	19	34	15	36	12	39	10	43	9	48	8	52	7	56	7	60	8	63	10	65	13	66	16	66	18	65	19	63	19	60	20	56	20	53	19	51	17	50	14	49	11	48	9	46	7	43	6	41	6	38	7	34	9	29	12	24	15	18	19	12	24	7	30	3	36	0	43	-2	50	-3	57	-3	63	-2	68	0	72	3	75	6	77	8	78	9	78	9	
15:
56	2.711	9	70	9	69	10	67	12	64	15	60	19	56	22	52	24	47	25	42	26	38	28	35	30	33	33	32	37	32	42	33	47	35	51	37	54	40	56	44	57	48	57	51	56	53	55	54	55	54	56	53	58	51	60	48	61	44	61	39	60	33	58	26	55	19	52	13	48	8	43	4	37	1	30	-1	24	-2	18	-2	13	-2	8	-1	4	1	1	4	-1	8	-2	13	-2	19	-1	26	1	34	2	42	2	49	2	55	3	60	4	64	6	67	8	69	9	70	9	70	
16:
58	4.408	51	43	52	42	54	41	56	39	59	36	62	32	65	27	67	21	68	15	68	10	67	6	65	3	62	1	59	0	57	0	54	1	50	3	45	6	40	10	36	15	32	20	28	24	24	27	20	29	17	31	15	32	14	34	14	37	15	41	17	45	20	49	23	52	27	54	32	57	37	59	43	61	50	62	56	62	61	62	65	63	68	64	70	66	71	67	71	67	70	66	68	64	65	61	61	58	56	55	52	53	49	52	47	52	46	51	46	49	47	48	48	46	50	44	51	43	51	43	
17:
52	0.59	27	8	26	9	26	11	26	14	27	18	29	21	31	24	32	27	32	31	31	34	29	38	28	43	27	49	25	55	22	60	19	65	16	69	12	72	9	74	7	75	6	76	6	76	7	76	9	75	12	74	16	72	20	69	25	67	31	65	38	63	46	60	53	56	59	53	64	49	68	44	71	38	73	32	74	27	74	23	73	20	71	16	68	13	64	10	59	8	53	7	48	7	42	6	37	5	33	5	30	6	28	7	27	8	27	8	
18:
47	3.326	44	60	45	60	47	60	50	61	53	63	57	65	62	66	66	68	69	69	71	69	72	69	72	68	71	66	69	63	66	60	64	56	63	51	63	46	64	40	64	34	63	29	61	25	60	22	58	20	55	19	51	18	46	18	41	17	35	15	30	14	26	14	22	15	19	17	17	20	15	24	14	29	14	35	15	41	17	47	20	52	24	56	29	59	34	61	38	62	41	62	43	61	44	60	44	60	
19:
60	4.752	9	55	8	54	8	52	9	49	11	45	13	42	16	38	20	35	25	33	31	32	38	31	45	31	53	31	60	31	66	32	71	33	75	35	78	38	80	40	81	42	81	45	80	49	78	52	75	54	71	55	66	55	61	54	55	52	50	49	46	45	43	40	41	34	40	28	40	23	41	18	43	14	46	11	48	8	49	6	49	5	48	5	46	6	43	8	39	11	34	15	28	19	21	22	15	24	10	25	6	25	3	26	1	28	0	31	0	35	0	40	1	45	3	49	6	52	8	54	9	55	9	55	
20:
56	2.557	26	3	27	2	29	0	32	-1	36	-1	41	-1	47	0	52	0	57	-1	62	-2	67	-3	71	-3	74	-2	76	0	77	3	77	7	76	12	74	16	71	19	67	21	64	24	61	28	59	33	57	39	55	44	54	49	54	55	55	60	57	64	60	67	64	70	68	72	71	73	73	73	74	72	74	71	73	71	71	72	68	73	64	73	59	72	53	70	46	67	39	63	33	58	28	52	24	45	21	37	19	30	18	24	18	18	19	13	21	9	23	6	25	4	26	3	26	3	
21:
50	3.022	54	35	55	34	57	32	60	29	63	25	65	21	66	18	66	14	65	10	63	7	60	5	56	4	51	4	45	5	38	7	31	10	24	14	18	19	13	24	9	30	6	35	4	39	3	42	3	44	4	45	6	45	8	44	11	42	15	41	19	40	24	39	30	39	37	40	43	42	48	45	52	49	55	52	57	55	58	57	58	58	59	58	61	57	62	55	62	52	62	48	61	44	59	41	57	38	55	36	54	35	54	35	
22:
56	2.618	71	57	70	57	68	57	65	56	61	54	57	51	54	47	52	42	50	36	47	30	43	24	38	18	33	13	27	9	22	6	18	4	14	3	10	3	7	4	5	6	4	9	4	13	4	18	4	24	5	29	7	35	10	41	13	47	16	52	20	56	24	59	29	61	34	62	38	62	41	61	43	59	46	56	49	52	53	47	58	42	62	38	67	35	72	32	76	30	79	29	81	29	82	30	82	32	81	35	79	38	76	42	73	47	71	51	70	54	70	56	71	57	71	57	
23:
60	7.449	50	63	49	64	47	65	44	66	40	68	35	69	29	69	23	68	18	66	14	63	11	59	9	54	8	48	8	41	9	34	11	28	13	23	15	19	16	16	16	14	16	13	17	13	19	14	22	16	24	19	27	21	31	22	36	23	41	23	47	22	54	20	60	17	65	14	69	11	72	9	74	8	75	8	75	9	74	11	72	12	70	14	68	16	67	19	67	23	68	26	70	28	73	30	75	33	76	36	76	38	75	39	73	41	71	43	68	46	64	49	60	53	56	57	53	60	51	62	50	63	50	63	
24:
57	2.515	44	78	45	77	45	75	46	72	46	68	45	63	43	57	40	50	36	44	31	39	27	35	24	30	22	25	21	20	21	16	22	13	24	11	27	10	31	10	36	10	41	11	46	11	51	10	56	8	60	6	63	5	65	5	66	6	66	8	65	11	63	15	60	20	56	26	51	31	45	36	38	41	31	45	25	50	20	55	16	59	13	62	10	66	8	69	7	71	7	74	8	78	10	81	12	83	15	84	19	84	24	83	29	81	34	79	38	78	41	77	43	77	44	78	44	78	
25:
60	25.003	0	36	1	37	3	39	6	41	10	42	14	42	17	41	19	39	20	36	21	32	21	27	20	22	18	17	15	13	11	9	8	6	6	4	5	3	5	3	6	3	8	4	11	6	15	9	20	13	26	18	33	23	40	28	48	32	55	35	61	37	66	39	70	40	73	42	75	44	76	47	76	51	76	56	75	61	73	65	70	69	66	72	61	74	55	75	48	75	41	76	33	77	25	78	18	78	12	77	7	75	3	72	0	68	-3	63	-5	57	-6	51	-6	46	-5	42	-3	39	-1	37	0	36	0	36	
26:
51	2.855	12	39	13	40	14	42	14	45	14	49	14	54	13	59	11	64	9	68	6	71	3	73	1	75	0	78	0	81	1	84	3	86	6	87	10	87	15	86	21	84	28	81	34	77	39	73	43	69	46	64	48	58	49	52	49	46	49	40	48	35	46	31	43	27	39	24	34	22	28	21	23	21	19	22	16	24	13	27	9	29	6	30	3	30	1	29	0	29	0	29	1	30	3	31	6	33	9	36	11	38	12	39	12	39	
27:
61	12.001	51	36	50	37	48	37	45	36	41	34	37	32	32	29	27	25	23	21	20	17	18	14	16	12	15	11	15	11	16	12	18	14	21	17	23	21	24	26	24	31	24	35	23	39	21	42	18	44	14	45	11	46	9	47	8	47	8	46	9	46	11	47	14	49	17	52	20	55	24	59	29	63	34	66	38	68	41	69	43	69	44	68	45	66	45	63	44	60	44	56	45	51	47	46	50	42	54	39	58	37	61	36	63	36	64	37	64	39	63	41	62	42	60	42	57	41	54	39	52	37	51	36	51	36	
28:
66	7.223	13	54	14	55	16	56	19	56	23	57	28	59	34	60	41	60	49	61	56	63	62	66	67	68	71	69	74	69	76	68	77	66	77	63	76	60	74	56	71	52	67	48	63	43	59	39	55	36	51	33	48	31	46	28	45	26	45	24	46	23	48	22	51	20	55	19	59	18	62	17	64	15	65	12	65	9	64	5	62	2	59	-2	55	-5	50	-8	44	-10	37	-11	31	-11	26	-10	21	-10	17	-9	14	-7	12	-5	11	-2	11	1	12	5	14	10	17	16	20	21	22	25	23	29	23	34	22	39	20	44	17	48	15	51	14	53	13	54	13	54	
29:
56	0.771	6	13	7	12	9	10	12	8	16	6	21	5	27	5	32	6	37	8	43	10	48	11	54	13	59	16	63	20	67	24	70	29	72	34	73	38	73	41	74	43	74	44	73	44	71	43	68	43	64	44	59	45	53	47	46	50	38	54	31	58	25	61	20	63	16	64	13	64	10	63	8	61	7	58	7	54	8	49	10	44	13	40	17	36	21	33	24	31	26	30	27	30	27	31	26	31	24	30	21	28	17	25	13	21	10	18	8	16	7	14	6	13	6	13	
30:
59	3.76	6	21	6	20	5	19	3	18	2	18	1	19	0	21	0	24	1	28	2	33	2	39	1	46	1	52	1	57	2	61	2	64	3	66	5	67	8	67	12	66	17	64	23	61	29	59	34	58	38	58	41	59	43	61	45	64	46	66	46	67	46	68	45	68	45	67	46	65	48	62	50	58	53	53	56	47	58	40	59	33	59	26	58	20	56	15	53	11	49	8	45	6	40	5	35	5	31	6	28	7	26	9	24	12	22	16	19	19	15	21	12	22	9	22	7	22	6	21	6	21	
31:
57	3.318	75	39	74	40	72	40	69	41	65	43	60	46	54	50	47	55	39	59	32	62	26	64	21	66	17	67	14	67	11	66	9	65	8	64	8	62	9	59	11	55	14	50	18	45	23	40	27	36	30	32	32	29	33	27	33	26	32	26	30	27	27	29	23	31	20	32	17	32	15	31	14	29	14	27	15	24	17	20	20	17	24	13	29	10	34	8	40	6	47	5	54	5	60	6	65	8	69	11	72	15	74	19	75	24	75	29	74	33	74	36	74	38	75	39	75	39	
32:
54	3.686	67	64	67	63	67	61	67	58	68	54	68	49	67	43	66	37	64	31	63	26	61	22	58	19	56	17	53	16	49	16	46	17	44	18	41	18	37	17	32	15	28	13	25	12	23	12	22	13	22	15	23	18	24	22	26	27	27	33	27	40	26	46	25	53	23	60	20	66	17	71	15	75	14	78	14	81	15	83	17	85	20	88	24	90	29	91	35	91	42	90	48	88	53	85	57	81	61	76	64	72	66	69	67	67	67	65	67	64	67	64	
33:
61	3.135	74	27	73	28	71	30	68	33	64	37	59	40	53	44	48	49	42	53	35	57	29	61	24	66	20	70	16	73	13	75	10	76	6	76	3	75	1	73	0	70	-1	66	-1	61	-1	55	0	48	2	41	4	34	5	28	7	23	8	18	10	14	11	11	11	9	10	8	8	8	7	9	7	11	8	14	10	18	13	23	16	28	18	32	21	35	23	37	25	38	26	39	26	41	25	43	25	45	26	46	28	47	31	47	35	46	40	44	46	41	53	39	59	36	64	33	68	30	71	28	73	27	74	27	74	27	
34:
50	2.848	53	29	52	30	50	32	47	35	43	37	38	40	32	44	27	48	21	52	16	55	12	58	9	60	7	61	6	61	6	60	7	58	9	55	11	51	14	46	18	40	23	34	27	27	31	20	35	14	38	9	40	5	41	2	42	0	44	-1	47	-1	51	0	56	2	61	5	66	9	70	13	73	16	76	18	78	19	79	19	79	20	78	22	77	25	75	27	72	28	68	28	63	28	59	28	56	29	54	29	53	29	53	29	
35:
55	1.995	11	2	12	2	14	3	17	5	21	6	26	6	32	5	37	4	43	2	50	1	57	1	63	2	68	4	72	7	75	11	77	16	78	22	78	28	78	35	78	43	78	51	77	58	76	64	76	69	77	73	77	76	77	78	76	79	74	79	72	78	69	77	65	76	60	76	54	77	47	78	39	78	32	78	26	77	21	75	17	72	14	68	12	63	11	58	9	52	7	45	6	37	4	30	3	24	2	18	2	13	3	9	5	6	8	4	10	3	11	2	11	2	
36:
57	8.546	71	26	72	25	74	23	75	20	75	16	74	11	72	6	69	2	65	-2	60	-5	54	-7	49	-9	44	-10	40	-10	36	-9	33	-7	31	-4	30	0	30	5	31	11	33	17	36	23	39	30	42	38	45	46	47	54	48	61	50	68	51	74	51	79	50	83	48	86	45	88	41	89	36	89	32	88	29	86	27	83	26	80	26	76	27	71	29	67	32	62	34	56	36	49	38	43	40	38	42	33	44	29	47	26	51	24	56	23	61	22	65	22	68	23	70	25	71	26	71	26	
37:
59	4.776	14	7	15	6	17	5	20	3	24	2	29	2	35	3	42	5	49	7	55	10	60	13	64	15	67	17	69	18	70	18	70	17	69	15	68	13	66	12	63	12	59	13	54	15	50	18	47	22	43	27	40	33	38	40	37	47	35	53	32	58	28	64	23	69	19	73	16	76	14	78	13	79	13	79	14	78	16	76	18	73	21	69	23	64	24	58	24	51	23	44	21	37	18	31	14	26	10	22	7	19	5	17	4	15	4	14	5	14	7	13	10	12	12	10	13	8	14	7	14	7	
38:
59	27.484	59	67	58	66	56	65	53	64	49	63	44	61	40	59	37	56	34	52	32	47	31	41	31	34	32	28	34	23	37	19	41	14	46	10	50	7	53	5	55	4	57	4	58	4	58	3	57	1	55	-1	52	-2	48	-3	43	-3	39	-2	35	0	32	3	30	7	29	12	29	18	28	24	26	31	25	38	23	44	20	50	17	55	13	59	10	63	8	66	7	68	7	71	8	74	10	78	13	81	17	83	22	84	28	84	35	83	41	82	46	80	50	77	53	73	56	70	58	68	59	67	59	67	
39:
58	2.659	71	25	71	24	70	22	69	19	68	15	66	11	65	8	65	6	66	5	68	5	71	6	74	8	76	11	77	15	77	20	77	26	76	33	74	41	73	49	72	57	72	64	73	70	73	75	72	79	71	82	69	84	66	85	62	85	57	84	52	82	46	79	39	75	32	71	25	68	19	66	14	64	10	63	7	62	5	60	4	59	4	57	5	54	7	50	10	47	14	45	19	44	25	44	32	43	40	42	47	42	53	41	58	40	62	38	65	35	67	31	68	28	70	26	71	25	71	25	
40:
68	6.546	49	30	49	31	49	32	49	34	50	37	52	41	55	46	59	50	64	55	68	60	71	64	73	67	74	69	74	70	73	70	71	69	68	67	64	64	59	61	53	57	46	53	39	50	31	48	24	46	18	45	13	45	9	44	6	42	4	40	3	39	3	39	4	40	6	42	8	45	11	47	15	48	19	48	22	47	24	45	25	42	26	39	28	35	29	30	30	24	31	18	33	12	36	7	40	3	45	0	51	-2	58	-3	64	-3	69	-2	73	0	76	3	78	7	79	12	79	18	78	23	76	27	73	30	69	32	64	33	59	33	55	32	52	31	50	30	49	30	49	30	
41:
47	1.235	55	0	56	-1	58	-3	61	-4	65	-5	70	-5	74	-4	77	-2	79	0	80	2	80	5	79	9	77	12	76	14	76	17	76	21	75	26	73	31	70	36	67	40	63	43	58	45	52	46	45	47	38	47	32	46	27	45	22	45	18	44	14	42	11	39	9	35	8	32	8	30	9	29	11	29	14	28	18	26	23	23	29	19	34	14	40	10	45	6	49	3	52	1	54	0	55	0	55	0	
42:
60	1.941	73	69	72	68	70	66	67	63	63	60	58	58	54	57	50	57	47	58	45	60	44	63	44	67	44	72	43	76	41	79	38	81	35	82	31	82	27	81	22	79	18	76	14	72	11	69	8	67	6	65	5	62	5	59	6	55	8	50	11	44	14	37	18	30	23	24	29	19	36	14	42	10	47	7	52	5	56	4	59	4	61	5	62	7	62	10	61	14	60	19	58	23	55	26	52	29	50	33	49	38	49	42	50	45	52	48	55	51	59	55	63	59	67	63	70	66	72	68	73	69	73	69	
43:
60	4.124	69	11	68	11	66	12	63	12	59	11	54	9	48	8	42	8	35	9	27	11	20	14	14	18	9	21	5	23	2	24	0	24	-1	23	-1	23	0	24	2	26	5	29	9	33	14	37	20	42	25	48	29	55	33	61	36	66	38	70	39	73	39	76	38	78	36	79	33	79	31	78	28	76	24	73	19	69	14	64	10	60	7	57	5	54	4	51	4	47	5	44	7	42	10	39	14	35	19	30	25	25	31	20	37	16	42	13	48	11	54	10	59	9	63	9	66	9	68	10	69	11	69	11	
44:
65	17.838	63	62	64	61	65	59	66	56	67	53	67	49	66	45	64	40	61	34	57	29	53	25	49	22	46	19	44	17	43	16	43	16	44	17	44	19	43	22	41	26	38	31	34	36	30	40	27	43	25	45	23	46	21	46	20	45	19	43	19	40	19	36	20	33	20	29	19	26	17	24	14	23	10	23	5	24	1	26	-2	29	-4	33	-5	38	-5	44	-4	49	-2	53	1	56	5	58	10	59	14	60	18	62	21	65	23	68	25	72	26	75	28	77	31	78	35	78	40	78	46	77	51	75	55	72	58	68	60	65	62	63	63	62	63	62	
45:
51	1.361	11	36	11	37	11	39	11	42	11	46	12	51	12	56	11	62	11	68	11	73	12	77	14	80	17	82	21	83	26	83	31	82	37	80	44	79	51	79	57	80	62	80	66	79	69	78	71	76	72	73	72	69	71	64	69	58	68	51	68	43	69	35	71	28	72	22	72	17	71	13	69	10	67	8	64	6	60	5	55	5	49	6	42	8	36	11	31	15	27	19	22	24	18	28	15	31	13	33	12	35	11	36	11	36	
46:
54	2.704	53	74	52	74	50	75	47	77	43	78	38	78	32	77	26	75	20	72	15	69	11	65	8	61	6	56	4	50	3	44	3	39	4	34	6	30	9	27	13	24	18	22	24	21	31	21	38	20	46	19	53	18	59	17	64	16	68	16	71	15	73	14	74	13	74	13	73	14	72	16	70	19	67	23	63	28	58	33	53	37	49	40	46	42	44	43	43	44	43	46	44	48	46	51	47	55	47	59	47	64	48	68	50	71	52	73	53	74	53	74	
47:
62	16.362	76	64	75	64	73	63	70	61	68	58	67	54	65	50	62	47	58	45	53	44	47	44	40	45	34	47	28	50	23	54	19	59	15	65	12	70	10	74	9	77	9	79	10	80	12	80	14	79	15	77	15	74	14	70	12	65	9	59	7	52	6	44	6	37	7	31	9	26	11	22	13	19	14	17	14	16	13	16	13	17	13	19	13	22	14	25	16	28	19	30	23	31	28	31	34	30	41	29	49	28	56	28	62	29	67	31	71	34	74	38	76	43	77	49	77	54	76	58	75	61	75	63	76	64	76	64	
48:
57	3.113	31	72	30	72	30	73	30	75	29	77	27	78	24	78	20	77	15	75	10	72	6	68	2	64	-1	59	-3	53	-4	46	-4	38	-3	29	-1	21	2	14	6	8	10	3	15	-1	21	-4	28	-6	36	-7	44	-7	51	-6	57	-4	62	-2	67	1	71	5	74	10	76	16	77	23	77	30	77	38	78	46	80	53	81	59	82	64	82	68	81	71	79	73	76	74	72	74	68	73	64	71	59	69	53	66	47	64	42	63	38	63	35	64	33	66	32	69	32	71	31	72	31	72	
49:
56	17.119	66	70	67	69	68	67	70	64	73	60	75	55	76	49	76	42	75	34	73	27	70	20	66	14	61	9	55	5	48	2	40	0	33	-1	26	-1	20	0	15	2	11	5	8	9	6	14	4	20	3	25	3	29	4	32	6	34	9	35	12	35	16	34	20	32	23	29	25	25	26	22	28	20	30	19	32	19	35	20	39	22	42	25	44	29	46	34	47	40	47	47	47	53	47	58	47	62	48	65	50	67	53	69	57	70	60	70	63	70	65	70	66	70	66	70	
50:
65	27.54	7	68	8	67	10	67	13	66	17	66	22	66	27	66	32	65	36	63	39	60	41	56	42	51	42	45	41	39	39	34	36	29	34	25	33	21	33	18	34	16	35	15	35	15	34	16	32	18	29	21	26	25	24	29	23	33	22	38	22	42	23	45	25	47	28	48	32	48	37	47	43	45	49	42	54	39	58	36	61	33	63	30	64	28	64	27	64	27	64	28	65	30	66	33	68	37	69	42	69	48	68	55	66	61	63	66	59	70	54	73	48	75	41	77	35	78	28	78	22	77	17	75	13	72	10	70	8	69	7	68	7	68	
51:
71	19.193	69	74	69	73	68	71	68	68	69	64	70	59	70	53	69	46	68	40	68	33	68	26	68	20	67	15	65	11	62	8	58	6	53	5	47	5	42	6	37	8	33	11	30	15	28	20	27	25	26	30	25	36	25	41	24	45	22	48	21	50	19	51	16	51	14	50	12	48	11	45	11	41	12	36	14	31	17	27	19	23	20	19	20	16	19	14	17	13	14	13	11	14	7	16	2	19	-2	23	-5	28	-7	34	-9	41	-10	48	-10	55	-9	61	-7	66	-4	70	0	73	5	75	11	76	18	76	25	76	33	76	41	76	48	75	54	73	59	72	63	72	66	72	68	73	69	74	69	74	
52:
56	1.494	48	49	47	48	45	46	44	43	44	39	45	36	47	34	50	31	52	28	53	25	53	21	52	18	50	16	47	15	43	14	39	14	34	15	30	17	25	20	21	24	16	27	11	29	7	30	4	31	2	31	1	31	1	32	2	34	4	37	7	41	11	46	16	52	22	59	28	65	35	70	43	74	51	77	58	79	64	80	69	80	73	79	76	77	78	74	79	70	79	66	78	62	76	59	73	57	69	56	65	54	60	51	56	49	53	48	51	48	49	48	48	49	48	49	
53:
64	8.313	8	22	9	23	11	25	14	28	18	32	22	35	27	39	32	42	36	44	40	45	44	45	47	44	49	42	50	39	50	35	49	31	47	27	45	24	44	22	44	21	45	20	47	20	50	20	54	21	58	23	63	26	68	29	72	33	75	36	77	39	78	41	78	42	77	44	75	47	72	49	68	50	64	50	59	49	53	49	46	50	38	52	31	55	25	58	20	62	16	67	13	71	11	74	10	76	10	77	11	77	13	76	15	74	18	71	21	67	23	62	24	56	24	49	23	43	21	37	18	32	14	28	11	25	9	23	8	22	8	22	
54:
64	4.947	70	79	70	78	70	76	70	74	71	71	71	67	70	62	68	56	65	49	61	42	56	36	50	31	43	27	35	24	28	22	22	21	17	19	13	16	10	12	8	9	7	7	6	6	6	6	7	7	8	9	9	12	9	16	9	21	10	27	10	34	9	40	7	47	4	53	2	58	1	62	1	65	2	68	4	70	7	71	11	71	16	70	22	68	28	65	33	61	38	57	42	54	45	52	47	51	48	51	48	52	47	54	45	56	44	59	44	63	45	68	47	73	50	77	54	80	59	82	63	83	66	83	68	82	69	80	70	79	70	79	
55:
59	10.149	13	5	12	6	11	8	11	11	11	15	10	19	8	24	5	30	3	35	2	39	1	42	1	44	2	45	4	45	6	44	9	42	12	40	16	37	20	33	25	28	31	24	37	21	42	19	46	18	49	18	51	19	52	21	52	24	52	28	53	32	55	37	58	42	62	46	66	49	71	51	75	52	78	52	80	51	81	49	82	46	82	42	81	37	79	31	76	26	72	21	67	17	61	14	54	12	46	11	39	11	33	11	28	10	24	8	21	6	19	4	17	3	15	3	14	4	13	5	13	5	
56:
61	19.964	20	59	19	60	17	61	14	62	12	64	11	67	11	70	12	72	14	74	17	75	21	75	25	74	30	74	36	73	41	73	45	73	48	72	50	70	51	67	51	63	50	58	48	52	45	46	43	40	42	35	42	31	43	28	45	26	48	25	51	25	55	26	60	28	65	31	69	33	73	34	76	34	78	33	79	31	79	28	78	25	76	21	73	17	69	14	64	12	58	11	51	11	45	12	40	14	36	17	33	21	31	26	30	32	30	39	31	45	31	50	30	54	28	57	26	59	23	60	21	60	20	59	20	59	
57:
65	23.997	73	14	73	15	72	17	72	20	72	24	73	28	74	33	75	37	77	40	78	43	78	45	77	46	75	46	74	45	73	43	71	40	68	36	64	31	59	26	54	20	48	14	41	9	33	5	26	2	20	0	15	-1	10	-1	6	0	3	2	1	5	0	9	0	14	1	20	2	27	4	34	7	40	9	47	11	54	12	60	12	65	12	69	12	72	13	74	15	75	17	75	18	74	18	72	18	69	19	65	20	60	20	54	21	47	23	41	26	35	30	30	35	25	41	21	47	18	52	16	58	15	63	15	67	15	70	15	72	15	73	14	73	14	
58:
57	3.216	47	33	46	32	45	30	45	27	45	23	45	18	45	13	46	8	48	4	51	1	55	-1	59	-2	62	-2	64	-1	65	0	65	2	64	5	62	8	59	10	55	11	51	11	46	10	40	8	33	6	26	5	20	5	15	6	11	8	8	11	5	15	3	20	2	26	2	32	3	39	5	45	8	50	12	54	16	57	21	59	27	60	34	60	40	59	45	57	49	56	52	56	54	57	55	58	55	58	54	57	52	55	49	52	47	48	46	43	46	39	46	36	47	34	47	33	47	33	
59:
59	2.739	33	9	34	10	36	12	39	15	42	18	46	22	51	26	55	29	58	31	60	34	61	36	61	37	60	37	58	36	55	34	51	32	46	31	41	31	37	32	34	34	32	37	31	41	31	46	32	50	34	53	37	55	41	57	44	60	46	64	47	69	48	73	48	76	47	78	45	79	44	79	42	78	39	76	35	73	30	69	24	65	19	60	15	54	11	47	7	39	4	31	2	24	1	18	1	13	2	9	4	6	7	4	11	3	16	3	21	4	25	6	28	8	30	9	32	9	33	9	33	9	
60:
65	18.685	32	64	32	65	31	67	30	69	28	72	25	74	21	75	17	75	14	74	12	72	10	69	9	65	9	61	9	56	10	51	12	46	15	42	19	39	23	35	26	32	28	30	29	29	29	27	28	26	26	26	23	26	19	27	14	28	9	28	5	27	2	25	0	23	-1	20	-1	17	0	14	2	10	5	7	9	5	14	4	20	4	26	5	33	7	41	10	49	14	56	19	62	24	67	30	71	36	74	41	76	45	77	48	77	50	76	53	74	56	71	58	67	59	62	59	58	59	53	60	47	61	42	62	38	64	35	65	33	65	32	64	32	64	
61:
58	1.709	51	32	52	33	54	35	57	37	60	40	64	44	67	47	69	51	70	54	70	58	69	63	67	68	64	72	60	75	55	77	49	78	43	78	37	77	32	75	28	72	25	68	23	64	22	60	22	57	23	55	23	54	22	54	21	55	20	57	18	59	15	61	11	62	6	62	0	61	-5	59	-9	56	-12	53	-14	49	-15	44	-15	38	-14	32	-12	26	-9	21	-5	17	0	14	5	12	11	11	16	11	20	12	24	14	29	17	35	20	40	24	44	27	47	29	49	31	50	32	51	32	51	32	
62:
62	2.328	47	10	46	9	44	9	41	10	37	11	32	12	27	14	21	16	15	17	9	18	4	20	0	23	-3	27	-5	32	-6	37	-6	41	-6	44	-5	46	-3	47	0	47	2	46	5	45	9	44	12	44	14	45	17	47	21	50	26	54	31	59	37	64	42	68	46	71	49	73	51	74	54	74	57	73	61	71	65	68	70	64	74	59	77	54	79	48	80	41	80	33	79	26	78	20	78	15	79	10	79	6	78	3	76	1	73	0	69	0	64	1	59	3	55	6	52	9	50	11	49	12	48	12	47	11	47	10	47	10	
63:
64	11.45	17	53	16	54	16	56	15	59	15	63	16	67	16	71	17	74	19	76	22	77	26	77	30	76	34	74	39	71	45	67	50	63	54	60	57	57	60	55	63	54	67	54	70	55	72	57	73	59	74	61	75	62	76	62	76	61	75	59	73	56	70	52	66	47	61	42	57	36	54	29	52	22	51	16	51	11	51	7	52	4	54	2	56	1	59	1	61	2	62	4	62	7	61	10	60	14	58	18	55	21	51	23	46	24	40	24	34	25	28	27	23	29	19	32	16	36	14	40	13	43	13	47	14	50	16	52	17	53	17	53	
64:
59	1.444	41	54	42	55	44	57	47	60	51	62	56	63	61	63	65	64	69	64	73	63	76	61	78	58	79	54	79	49	78	44	77	40	75	36	72	33	68	30	63	28	57	27	52	27	48	28	45	30	43	31	41	31	40	30	40	28	39	25	37	23	34	21	30	20	27	20	23	21	18	23	13	26	9	30	6	35	4	41	3	48	3	55	4	61	6	67	7	72	8	76	9	79	11	81	13	82	16	82	20	81	25	79	29	76	32	72	34	67	35	63	36	60	38	57	40	55	41	54	41	54	
65:
58	1.373	71	27	70	27	68	28	65	29	63	31	62	34	62	38	62	42	63	47	64	51	64	54	63	56	61	57	58	57	54	56	49	54	45	51	42	48	40	46	39	43	39	39	40	36	40	33	39	31	37	30	34	30	31	31	27	33	23	36	19	40	16	45	14	51	13	57	13	64	14	70	16	75	19	79	23	82	28	84	34	85	41	85	49	85	56	84	62	82	67	79	71	75	75	70	78	64	80	59	81	54	81	49	80	44	79	40	77	36	74	33	72	30	71	28	71	27	71	27	
66:
51	6.301	35	52	34	51	34	49	35	46	37	42	39	37	42	33	46	30	51	28	57	27	63	27	68	28	72	30	75	33	77	37	78	42	78	47	77	51	75	54	72	56	68	57	63	57	58	56	53	54	49	51	45	47	42	42	40	36	39	31	39	27	38	24	36	22	33	21	29	21	24	21	20	22	17	24	15	27	14	31	13	36	13	40	14	45	16	49	19	52	23	54	26	55	28	55	30	54	32	53	34	53	35	52	35	52	
67:
72	6.831	77	51	76	51	74	52	71	53	67	54	62	56	56	58	49	61	43	65	38	68	34	70	31	72	29	73	28	73	28	72	29	70	30	67	30	63	29	58	28	53	26	48	23	44	19	40	15	37	12	35	9	33	7	32	6	31	6	29	7	27	9	25	12	23	16	20	21	16	27	13	34	11	42	8	49	6	55	5	60	5	64	6	67	7	69	9	70	12	70	16	69	19	68	22	66	24	63	26	59	29	54	32	49	36	45	40	42	45	40	51	39	56	39	61	40	65	42	68	45	70	49	71	54	71	60	71	65	71	69	70	72	68	74	65	75	61	75	57	75	54	76	52	77	51	77	51	
68:
53	1.712	41	59	40	58	38	56	37	53	37	50	38	47	39	45	41	43	44	42	48	42	53	42	58	41	63	39	67	38	70	38	72	37	73	35	73	32	72	29	70	25	68	22	65	20	61	19	56	19	52	20	49	22	47	23	45	23	44	22	42	20	40	17	37	14	33	12	28	11	23	11	19	12	15	14	11	17	8	20	6	24	5	28	5	33	6	39	8	44	11	48	15	51	20	53	26	54	31	54	35	55	38	56	40	58	41	59	41	59	
69:
61	1.203	71	37	72	36	74	34	75	31	75	27	74	22	72	18	69	15	65	13	60	12	54	12	47	11	40	10	33	9	27	9	22	10	18	12	15	15	13	18	12	21	12	23	13	24	15	24	18	23	22	21	27	20	33	20	38	21	42	22	45	24	47	27	48	31	48	35	47	39	45	43	42	46	38	50	35	55	33	61	31	66	30	70	30	73	31	75	33	76	36	76	40	75	45	74	51	73	58	71	64	68	69	66	73	65	76	63	78	60	79	56	79	51	78	47	76	43	74	40	72	38	71	37	71	37	
70:
64	6.326	31	33	32	32	33	30	33	27	32	23	30	19	27	16	23	14	18	13	13	11	9	10	6	8	3	5	1	1	0	-3	0	-6	1	-8	3	-9	6	-9	10	-8	15	-6	21	-3	27	1	32	6	36	12	39	19	43	27	47	36	50	44	52	51	55	57	59	62	62	66	64	69	65	71	65	72	64	72	62	71	60	69	57	66	53	63	48	60	44	58	41	57	39	57	38	58	36	60	33	62	30	64	26	65	21	65	17	64	14	62	12	59	11	55	11	50	12	45	14	41	17	38	21	35	25	33	28	32	30	32	31	33	31	33	
71:
49	1.276	26	56	27	57	29	58	32	59	36	59	40	58	44	57	47	55	49	52	50	48	50	44	49	41	47	39	44	38	40	38	36	37	32	36	29	34	27	31	26	27	26	22	27	17	28	13	30	10	33	8	37	7	42	7	47	8	53	9	58	11	62	14	66	18	69	22	71	27	72	33	72	39	71	44	69	48	66	51	62	53	57	55	51	58	45	60	40	61	36	61	32	60	29	59	27	57	26	56	26	56	
72:
75	12.793	72	7	71	6	69	5	66	4	62	3	57	3	51	3	45	3	38	3	32	4	27	4	23	3	19	1	16	0	14	0	13	1	13	3	14	6	16	10	19	14	23	18	27	21	30	23	32	26	33	29	33	33	32	38	30	42	27	45	23	47	18	49	13	50	9	50	6	51	4	52	3	54	3	57	4	59	6	62	9	65	13	69	17	72	22	74	28	75	35	75	42	76	50	76	57	75	63	75	68	74	72	72	75	69	77	65	78	60	78	55	77	50	75	46	72	42	69	39	66	37	64	36	63	36	63	37	64	37	66	37	69	36	72	34	75	31	77	27	78	22	78	17	77	13	75	10	73	8	72	7	72	7	
73:
72	12.296	73	63	72	62	71	60	69	57	67	53	64	48	61	42	57	37	52	33	48	30	45	27	43	25	42	24	42	24	43	25	45	27	48	29	52	31	57	32	63	32	68	31	72	30	75	28	77	25	78	23	78	22	77	20	75	18	72	16	68	15	63	14	57	12	50	9	42	6	35	4	28	3	22	2	16	1	11	-1	7	-2	4	-2	2	-1	1	1	1	4	2	6	4	9	7	13	10	17	12	22	13	28	13	35	12	43	10	51	8	59	7	66	7	72	8	77	10	81	12	84	15	86	19	87	24	87	30	86	37	84	45	81	52	77	58	73	63	69	67	66	70	64	72	63	73	63	73	63	
74:
54	3.728	67	17	68	18	68	20	69	23	71	27	72	32	72	38	72	45	72	51	71	56	69	60	66	63	63	65	60	66	57	66	53	65	49	63	46	60	44	56	41	53	37	51	32	50	26	50	20	51	15	53	10	54	6	54	3	53	1	51	0	49	-1	46	-1	42	0	38	2	34	3	31	3	29	2	28	2	26	3	23	5	21	8	20	12	20	17	19	22	17	28	15	35	14	41	12	46	11	52	11	57	11	61	12	64	14	66	16	67	17	67	17	
75:
56	10.743	13	66	12	65	10	64	9	62	9	59	9	55	10	50	10	44	9	37	9	30	9	24	10	19	12	15	14	12	16	10	17	9	17	9	18	10	20	12	22	15	24	17	27	18	31	18	35	17	39	15	42	12	45	9	49	6	54	4	59	3	63	3	66	4	70	6	74	9	77	13	79	18	81	24	82	30	82	36	81	41	79	45	77	50	74	54	70	57	65	59	59	60	52	60	44	59	37	59	31	59	26	59	22	60	19	62	16	64	14	65	13	66	13	66	
76:
60	9.956	50	47	51	48	53	50	56	53	59	57	63	62	67	66	72	69	76	71	79	72	81	72	82	71	82	69	82	66	81	62	79	57	78	52	78	47	79	41	79	34	78	28	76	23	73	19	69	16	66	14	64	13	63	13	63	14	62	15	61	17	59	20	56	24	52	28	47	31	41	33	34	34	26	34	19	34	13	33	8	33	4	34	1	36	-1	39	-2	43	-3	47	-3	52	-2	57	0	61	3	64	7	66	12	67	18	67	23	66	29	64	35	61	40	57	44	53	47	50	49	48	50	47	50	47	
77:
53	5.552	2	38	1	37	1	35	1	32	2	28	4	23	6	17	9	12	12	7	16	3	21	0	27	-2	33	-3	38	-3	42	-3	45	-2	47	0	48	3	48	7	47	11	45	16	43	20	40	23	37	25	35	26	34	27	34	29	35	31	37	33	40	36	42	40	43	45	43	51	42	56	40	60	37	63	33	65	30	66	28	66	27	65	27	63	26	60	26	56	26	51	25	47	23	43	20	40	16	38	12	37	8	36	5	36	3	37	2	38	2	38	
78:
66	6.013	55	27	56	27	58	26	61	25	65	25	68	25	70	26	71	28	71	30	70	32	68	34	66	37	65	41	65	46	65	51	64	57	62	64	59	70	55	75	50	79	44	82	37	84	29	85	22	85	16	84	11	82	7	79	4	75	2	71	0	66	-2	60	-3	53	-3	45	-2	38	0	32	3	26	7	20	10	15	14	11	19	8	24	6	29	5	33	5	36	6	38	8	39	11	39	14	38	18	36	23	33	29	29	35	26	40	24	44	23	47	23	49	24	50	26	50	28	49	31	47	35	44	40	40	45	36	49	33	52	30	54	28	55	27	55	27	
79:
57	3.504	13	74	13	73	13	71	14	68	14	64	14	59	13	53	12	46	12	40	13	34	14	28	16	23	19	19	23	16	27	14	32	13	38	12	44	12	49	13	53	15	56	16	58	18	60	21	61	25	63	28	66	30	69	32	71	33	72	34	72	36	71	39	69	42	66	45	62	47	57	48	52	49	48	49	45	48	43	48	42	49	42	51	43	54	45	57	47	60	48	63	48	67	47	72	45	76	42	79	38	81	33	82	28	82	23	81	19	79	16	77	14	75	13	74	13	74	
80:
52	3.107	71	78	70	79	68	79	65	78	61	77	56	75	52	72	48	68	45	63	43	57	42	51	42	44	43	36	43	29	42	23	41	18	39	14	37	11	36	9	35	8	35	6	36	3	37	1	37	-1	36	-2	34	-2	31	-2	27	-1	22	1	17	4	13	8	10	13	8	19	7	25	7	32	8	38	10	43	13	47	17	51	21	56	25	61	29	67	34	72	39	76	45	79	50	81	56	82	61	82	65	81	68	79	70	78	71	78	71	78	
81:
59	0.782	43	30	44	29	46	28	49	26	52	24	55	23	58	23	60	24	61	26	61	29	60	32	59	36	58	41	57	47	57	54	58	61	60	67	61	72	61	76	60	79	58	81	55	83	51	84	46	84	40	83	34	81	28	78	22	74	17	70	13	66	10	61	8	57	7	54	7	51	8	47	10	42	11	37	11	33	10	28	8	23	5	18	2	13	0	9	-1	6	-1	3	0	1	2	0	5	0	9	1	14	3	19	5	25	8	30	12	34	16	37	20	39	24	40	27	42	29	43	30	43	30	
82:
65	11.243	64	48	63	47	61	45	58	42	54	38	49	35	45	33	40	32	36	32	33	33	29	33	24	34	20	35	17	36	15	38	14	41	14	43	15	44	17	44	20	43	24	41	29	38	33	34	36	29	38	24	39	19	39	15	38	12	36	9	33	6	31	4	30	2	30	0	31	-2	33	-3	36	-3	40	-2	45	-1	51	1	57	4	62	8	66	13	69	19	71	26	72	34	72	42	72	50	72	57	71	63	70	68	69	72	69	75	70	77	72	78	75	78	77	77	78	75	78	72	77	68	75	63	72	58	69	54	67	51	65	49	64	48	64	48	
83:
69	2.846	37	17	38	16	40	15	42	13	45	10	49	6	54	3	58	1	61	0	63	0	64	1	64	3	63	6	61	10	58	15	54	21	49	28	43	34	36	39	28	43	21	46	15	48	10	49	6	50	3	51	1	53	0	55	0	58	1	62	3	66	6	71	9	75	13	78	18	80	23	81	29	81	35	80	42	78	48	75	53	71	57	66	60	62	62	59	63	57	63	56	62	55	60	53	57	50	53	46	48	42	42	37	37	31	32	24	27	18	22	13	18	9	15	5	13	2	12	0	12	-1	13	-1	15	0	18	2	22	4	27	7	31	11	34	14	36	16	37	17	37	17	
84:
55	2.103	6	76	7	76	9	76	12	75	16	75	21	75	27	74	33	72	39	69	44	67	48	66	51	66	53	65	54	63	54	60	53	57	51	53	49	48	47	42	46	35	46	29	47	24	49	20	52	17	56	15	60	14	65	14	69	14	72	14	74	14	75	13	75	11	74	8	72	6	69	5	65	5	61	6	56	6	50	7	43	9	35	12	27	15	20	19	14	24	9	30	5	37	2	45	0	52	-1	58	-1	63	0	67	1	70	3	73	5	75	6	76	6	76	
85:
61	2.243	48	71	47	72	45	74	42	75	38	75	33	76	28	76	24	75	21	73	17	70	14	66	11	61	8	56	6	52	5	49	5	47	6	46	8	46	11	47	15	49	20	52	26	56	31	61	37	66	44	70	50	73	55	75	59	76	62	76	64	75	65	73	65	70	64	66	62	61	59	55	55	49	50	42	44	36	39	30	33	25	28	21	24	18	21	16	19	15	18	14	18	14	19	15	21	17	24	20	27	24	29	29	30	35	30	42	31	49	33	55	36	60	40	64	43	67	45	69	47	70	48	71	48	71	
86:
60	2.731	71	45	70	44	68	42	65	39	61	35	56	32	50	30	44	29	38	29	33	30	29	32	26	34	23	37	21	41	20	45	18	48	15	50	11	52	7	54	4	55	2	57	0	58	-2	58	-4	57	-5	55	-5	52	-5	48	-4	43	-3	37	-1	30	1	24	4	19	7	15	9	12	10	10	10	9	10	9	9	10	7	11	5	11	4	10	3	8	3	5	4	3	6	2	9	1	12	1	16	2	20	4	25	6	31	9	37	13	43	18	50	24	56	30	61	35	65	39	68	42	70	44	71	45	71	45	
87:
50	1.282	64	37	65	38	65	40	66	43	66	47	66	52	65	57	63	62	60	66	56	69	51	71	45	72	38	72	31	72	25	72	20	73	16	74	13	74	11	73	10	72	10	71	11	70	13	69	16	67	20	64	25	60	31	55	38	49	44	42	50	34	55	27	61	21	66	16	70	12	73	9	75	6	77	4	78	3	78	3	78	4	79	6	79	9	78	13	76	17	73	22	70	27	67	31	65	34	64	36	64	37	64	37	
88:
54	0.425	16	57	17	56	19	55	22	54	26	54	31	53	37	52	42	50	46	47	49	44	53	42	58	41	63	41	67	42	70	44	72	46	73	47	73	47	72	46	70	44	67	41	63	38	59	34	56	30	54	26	53	22	53	19	53	17	52	16	50	16	48	17	47	18	46	20	44	23	42	27	39	30	35	32	30	33	24	33	19	32	15	30	12	29	9	28	7	28	6	29	6	31	6	34	7	38	9	43	10	47	11	51	13	54	15	56	16	57	16	57	
89:
54	4.189	43	74	44	75	46	76	49	76	53	76	58	76	63	76	67	75	71	74	74	73	77	71	79	68	80	64	80	59	79	55	78	51	76	48	73	46	69	45	65	44	61	42	58	39	56	35	55	30	54	24	52	19	49	14	45	10	40	7	34	5	27	4	19	4	12	5	6	7	1	10	-3	14	-6	19	-8	25	-9	32	-9	40	-8	48	-6	55	-3	61	1	66	6	70	12	73	17	75	23	77	28	78	33	78	37	78	40	77	42	75	43	74	43	74	
90:
59	6.511	25	39	26	38	28	37	31	35	34	34	38	33	43	31	49	28	54	24	58	20	61	17	63	14	64	12	64	9	63	7	61	6	58	6	54	7	49	9	43	12	37	14	32	15	28	16	25	16	23	15	21	13	20	10	20	8	21	5	21	3	21	2	20	2	18	3	16	5	14	8	13	12	13	17	14	22	16	28	18	35	21	42	25	48	29	54	32	59	34	63	35	66	35	68	35	69	35	69	36	68	37	66	37	63	36	59	34	54	31	49	28	45	26	42	25	40	25	39	25	39	
91:
60	6.547	59	42	60	41	61	40	63	38	66	35	70	32	74	30	78	29	81	29	83	30	84	32	84	35	84	39	83	43	81	47	78	50	76	53	73	55	70	56	67	58	63	60	58	61	52	61	45	61	37	60	30	58	24	55	18	51	13	47	9	44	6	41	4	39	2	38	1	38	1	39	2	41	4	44	7	46	11	47	16	49	21	50	27	50	32	49	36	47	39	44	41	40	42	35	42	31	41	28	40	26	39	25	39	25	40	26	42	28	45	31	49	35	53	38	56	40	58	41	59	42	59	42	
92:
52	0.804	75	79	74	79	72	79	69	79	65	78	60	76	55	73	49	70	44	68	40	66	37	65	33	65	29	66	26	68	22	70	17	71	12	71	8	70	5	68	3	65	1	61	-1	56	-4	50	-6	43	-7	36	-8	28	-8	21	-8	15	-7	10	-5	6	-2	3	2	1	5	0	7	0	8	1	9	3	10	6	12	10	14	15	17	21	21	27	26	34	32	42	39	50	47	57	54	63	60	68	65	72	69	75	72	77	74	78	75	79	75	79	
93:
45	2.635	61	42	60	42	58	41	55	39	52	36	50	32	48	27	47	21	47	15	48	10	50	6	53	3	56	1	60	0	64	0	67	1	69	3	70	6	70	10	70	15	70	21	71	27	72	32	74	36	76	40	78	43	79	46	79	48	78	49	76	49	73	49	70	50	66	50	61	51	57	51	54	51	52	52	51	53	51	53	52	52	53	50	55	47	58	45	60	43	61	42	61	42	
94:
58	9.367	33	63	34	64	36	66	39	69	41	71	42	74	42	78	41	82	39	85	36	87	32	88	27	88	21	87	16	85	12	82	9	78	6	73	4	67	3	60	3	52	4	44	4	37	4	31	3	26	3	22	4	19	6	17	9	16	13	16	18	17	24	18	31	18	39	17	47	16	54	14	60	11	65	9	69	8	72	8	74	9	75	11	75	14	74	18	72	23	70	28	67	32	63	35	58	37	52	39	46	41	41	43	37	46	34	50	32	54	31	57	31	60	32	62	33	63	33	63	
95:
54	4.657	6	3	7	4	9	6	11	9	14	12	18	15	23	19	29	23	36	27	44	30	51	32	57	33	62	33	66	32	69	31	71	29	72	26	72	24	71	22	69	21	66	21	63	22	59	23	54	25	48	28	41	32	34	37	27	43	21	50	16	57	12	63	9	68	6	72	4	75	3	77	3	78	4	78	6	77	9	75	12	72	14	68	15	63	15	57	14	51	12	44	10	36	9	29	9	23	10	18	10	13	10	9	9	6	7	4	6	3	6	3	
96:
59	0.542	28	53	27	54	27	56	27	59	26	63	24	67	21	71	19	74	18	76	18	77	19	77	21	76	24	74	28	71	33	68	39	65	45	63	52	62	58	62	63	62	68	62	72	61	75	59	77	56	78	52	78	47	77	42	75	36	72	29	68	22	63	16	57	11	50	7	44	4	37	2	31	1	25	1	19	1	14	2	10	4	7	6	5	8	4	9	4	9	5	10	7	11	10	13	14	16	19	20	24	24	28	29	31	34	33	38	34	41	34	44	33	47	31	50	29	52	28	53	28	53	
97:
61	9.7	4	36	4	35	3	33	2	30	0	26	-1	23	-1	21	0	19	2	18	4	18	7	19	9	21	10	24	10	28	11	33	11	39	11	45	12	52	14	58	17	63	21	67	26	70	32	72	39	73	45	73	52	72	58	71	65	69	71	66	76	62	80	57	83	52	85	46	86	39	86	31	85	23	83	16	80	10	76	5	71	1	65	-2	58	-4	51	-5	44	-5	38	-4	33	-2	29	1	26	5	24	10	23	16	23	22	24	27	24	31	23	34	21	37	18	39	14	40	10	40	7	39	5	37	4	36	4	36	
98:
61	5.413	32	45	31	44	30	42	29	39	29	37	30	36	32	35	35	35	39	36	44	38	48	41	53	43	58	46	64	48	69	49	73	49	76	49	78	49	79	48	79	46	78	43	76	39	73	34	69	29	64	25	58	21	51	18	43	16	34	15	26	15	19	16	13	18	8	20	4	22	1	23	-1	23	-2	24	-2	26	-1	28	1	31	4	35	8	40	11	46	13	53	14	59	14	64	15	68	17	71	19	73	22	74	25	74	28	73	30	71	31	68	31	64	32	60	32	55	33	51	33	48	32	46	32	45	32	45	
99:
60	7.106	66	73	67	72	69	72	71	73	73	74	76	74	78	73	79	71	79	68	78	64	76	59	73	53	70	46	68	38	67	30	66	23	66	17	65	12	63	8	60	5	56	2	51	0	46	-1	42	-1	39	0	36	2	34	5	33	9	33	14	34	19	36	24	39	28	42	31	45	33	47	34	48	34	48	33	47	31	45	29	42	28	39	28	36	29	33	31	30	34	27	38	25	42	24	47	24	53	25	58	27	62	30	65	34	67	39	68	45	68	51	67	56	67	60	68	63	70	65	72	66	73	66	73	