0:
73	19.313	37	56	38	56	40	56	43	55	47	53	50	50	54	46	58	41	61	35	63	28	65	22	68	17	71	13	75	10	80	8	86	7	91	7	95	8	99	10	102	13	104	17	105	22	105	28	104	34	102	41	99	49	95	56	90	62	84	67	77	71	69	74	60	76	51	77	42	77	34	76	27	74	21	71	16	67	12	62	9	58	7	55	6	52	6	50	7	49	9	49	12	48	16	46	21	43	27	39	32	34	36	28	39	21	41	15	42	10	42	6	41	3	39	1	36	0	33	0	30	1	28	3	27	6	27	10	28	15	30	21	32	28	33	35	34	41	34	46	34	50	35	53	36	55	37	56	37	56	
1:
57	6.163	31	57	30	57	28	56	25	55	21	53	16	50	11	46	7	43	4	39	2	34	1	28	1	21	2	15	3	10	5	6	8	3	12	1	17	0	22	0	26	0	29	1	31	3	32	6	33	8	34	10	36	11	39	11	43	10	48	8	53	6	59	5	66	5	72	6	77	8	81	10	84	13	86	17	87	20	87	22	86	23	84	23	81	22	78	22	74	23	69	23	63	23	56	24	50	26	45	29	41	33	38	38	36	43	35	47	35	51	34	54	32	56	31	57	31	57	
2:
64	38.304	11	75	12	76	14	77	17	79	21	82	24	85	26	87	27	88	27	88	26	87	24	85	21	82	17	78	13	73	10	67	8	62	7	56	7	51	8	46	10	42	13	39	17	37	22	36	28	35	34	33	39	30	43	26	46	21	48	15	50	10	51	6	51	3	51	1	52	0	53	0	55	1	58	3	62	6	65	10	67	14	68	19	69	25	70	31	71	37	71	42	71	47	71	51	70	54	68	56	65	57	61	57	56	56	50	56	45	56	40	56	34	57	29	58	25	60	22	63	19	67	17	70	14	72	12	74	11	75	11	75	
3:
53	1.672	74	7	73	8	71	10	68	13	66	17	65	22	65	28	66	35	68	43	70	51	71	58	71	64	70	69	68	73	65	76	61	78	56	79	50	80	43	80	36	79	30	77	25	74	21	71	18	67	16	64	14	60	13	55	13	50	14	45	14	41	13	38	13	36	12	35	11	35	11	36	11	38	12	39	14	39	17	38	21	36	26	33	32	29	39	26	47	22	54	19	60	15	65	11	69	8	72	6	74	5	75	5	75	6	74	7	74	7	
4:
56	7.779	10	42	9	41	7	41	5	42	3	44	2	47	2	51	3	54	5	58	8	61	12	63	17	64	23	66	30	67	38	67	45	66	51	66	56	66	61	66	65	66	68	65	70	63	71	60	71	56	70	52	68	49	65	45	61	40	57	35	54	29	52	24	51	20	51	17	52	15	54	14	57	14	59	15	60	17	61	20	63	24	64	29	64	34	63	39	61	43	58	46	54	48	49	51	44	53	38	54	31	54	25	53	20	51	16	48	13	45	11	43	10	42	10	42	
5:
62	31.178	70	13	69	12	67	10	65	7	64	3	64	-1	65	-4	67	-6	70	-7	74	-7	79	-6	83	-4	86	-1	88	3	89	8	89	14	88	21	86	28	83	36	79	44	74	51	68	57	61	62	54	66	48	69	43	73	39	77	36	80	34	82	33	83	32	83	31	82	30	80	28	77	27	73	27	68	28	62	30	56	32	49	34	42	35	36	35	31	34	27	32	24	29	22	26	21	24	21	23	21	23	22	24	23	26	24	29	24	33	23	38	21	44	20	50	20	55	20	60	19	64	18	67	16	69	14	70	13	70	13	
6:
50	0.733	36	13	37	12	39	10	42	9	46	9	50	10	55	12	59	15	62	19	64	24	65	29	65	35	64	42	63	49	63	56	64	62	66	67	68	71	70	75	72	79	73	82	73	84	72	85	70	85	68	84	67	82	66	79	64	75	61	70	57	64	52	58	47	51	43	43	39	35	36	27	34	20	33	14	33	9	34	5	35	2	37	0	38	-1	39	-1	40	0	41	2	41	5	40	7	38	10	37	12	36	13	36	13	
7:
46	0.433	14	28	13	27	13	25	14	22	16	18	19	13	23	9	28	6	34	4	41	3	47	3	52	4	58	6	63	9	67	13	71	16	76	19	80	23	83	26	85	30	86	35	86	41	85	47	83	53	80	60	76	66	71	71	65	75	58	78	50	80	42	81	35	81	29	80	24	78	19	75	15	71	12	66	9	60	7	53	6	47	6	42	7	38	9	34	11	31	13	29	14	28	14	28	
8:
54	2.065	37	63	36	63	34	62	31	60	27	57	23	53	18	48	14	42	11	37	8	33	6	30	5	28	5	26	6	24	8	23	11	22	15	20	20	17	26	13	32	9	38	6	43	4	47	3	50	3	52	4	53	6	54	9	56	12	58	14	61	15	65	15	68	14	72	12	76	10	80	8	84	7	87	7	89	8	90	10	90	13	89	16	87	19	84	23	80	28	75	34	70	40	64	46	58	51	52	55	47	58	43	60	40	62	38	63	37	63	37	63	
9:
69	16.79	52	67	51	68	49	69	46	70	42	72	37	75	31	78	25	80	19	81	14	81	10	80	7	79	5	77	4	74	4	70	5	65	7	59	10	52	14	44	18	37	21	31	23	26	24	21	26	15	29	10	33	6	38	2	44	-1	49	-3	53	-4	57	-4	60	-3	62	-1	63	1	63	4	62	6	60	9	59	11	59	13	60	16	62	20	65	25	68	29	70	33	71	36	71	39	70	41	68	42	65	42	61	41	56	41	51	40	47	38	42	37	38	36	34	36	31	37	29	39	28	42	28	46	29	50	31	53	34	55	38	56	42	58	46	61	49	64	51	66	52	67	52	67	
10:
60	17.25	28	49	28	48	27	47	25	45	23	42	22	38	22	33	23	27	25	22	27	17	30	13	34	10	38	8	41	7	43	7	44	8	44	10	43	13	41	17	38	22	35	28	33	35	32	42	32	50	32	57	32	63	31	68	30	72	30	75	31	77	33	78	36	78	40	77	45	76	51	76	58	77	64	77	69	76	74	74	78	71	82	67	85	62	87	58	88	55	88	53	87	52	85	52	82	53	78	55	73	58	67	60	62	61	56	61	49	60	43	58	38	55	34	52	31	50	29	49	28	49	28	49	
11:
57	5.691	44	4	43	5	41	5	38	5	34	6	30	8	26	11	21	15	17	18	14	20	12	21	11	22	11	24	12	26	14	27	17	27	21	28	26	30	32	33	39	37	45	42	51	48	56	54	60	59	63	63	65	66	66	68	68	69	69	69	70	68	70	66	70	63	71	59	73	54	76	48	78	42	79	37	80	32	80	28	79	25	78	23	76	22	73	22	70	23	67	25	63	27	58	28	54	28	51	27	49	25	48	22	48	18	48	14	48	10	47	7	45	5	44	4	44	4	
12:
63	3.196	65	52	66	53	68	55	70	58	73	62	75	67	76	72	76	78	75	83	73	87	70	90	66	92	61	93	55	93	48	93	42	92	36	90	31	87	25	83	19	80	14	78	10	76	7	74	5	72	4	70	4	68	5	67	7	66	10	64	14	61	17	57	19	52	21	47	22	41	22	35	21	28	19	22	16	16	13	11	11	7	10	4	10	2	11	1	13	1	16	2	20	4	25	5	31	7	38	8	45	8	51	9	56	11	61	14	65	18	68	23	70	27	71	32	71	37	70	42	68	46	66	49	65	51	65	52	65	52	
13:
67	12.182	76	7	75	6	73	5	70	4	66	4	61	5	57	6	52	8	46	11	40	15	34	20	29	26	24	32	20	38	17	43	15	49	14	54	14	58	15	62	17	65	20	67	24	68	29	69	35	70	41	70	46	71	50	72	53	73	55	75	56	77	56	80	55	82	53	83	50	83	46	82	41	80	37	77	33	73	29	68	26	62	24	57	23	51	23	44	24	38	26	33	29	29	33	26	38	24	44	23	51	23	57	24	62	25	66	26	69	27	72	29	76	31	80	32	83	32	85	31	86	29	86	26	85	22	84	17	82	13	79	10	77	8	76	7	76	7	
14:
71	59.22	87	88	86	87	84	85	81	82	79	78	77	73	76	68	75	62	75	55	76	47	76	38	77	30	78	23	80	17	82	12	83	8	83	5	82	3	80	2	77	2	73	3	70	5	68	8	66	12	64	17	61	23	57	30	54	37	51	43	49	48	48	52	48	55	49	57	49	58	48	58	48	57	47	55	45	52	42	48	38	43	33	37	27	32	20	28	14	25	9	23	5	22	2	22	0	23	-1	25	-1	28	0	32	2	37	5	43	8	50	12	56	16	63	19	69	23	74	27	78	32	81	38	83	44	84	51	84	59	84	66	85	72	85	77	84	81	84	84	85	86	87	87	88	87	88	
15:
73	19.685	60	67	60	66	59	64	59	61	60	57	61	52	62	46	63	39	65	31	67	24	70	18	72	13	73	9	73	6	73	4	73	3	73	3	72	4	70	6	67	8	63	10	58	11	52	11	45	10	37	8	29	7	22	7	16	8	11	8	7	8	4	9	2	11	1	14	1	18	2	23	3	29	3	36	2	44	2	53	1	61	1	68	1	74	1	79	2	83	4	86	7	88	9	89	12	89	14	88	15	86	15	83	14	79	14	75	15	70	17	64	19	58	22	53	25	48	27	44	28	41	28	39	29	38	31	38	34	39	37	41	40	44	43	48	47	53	50	57	54	61	57	64	59	66	60	67	60	67	
16:
69	19.604	44	17	43	16	41	16	38	16	34	17	29	19	24	22	20	25	16	29	13	34	11	40	10	47	10	55	11	62	13	68	16	73	20	77	25	80	29	82	32	83	34	83	36	82	37	80	37	77	36	73	36	68	37	62	39	57	42	53	46	49	51	46	57	44	63	43	70	43	77	42	83	40	88	37	92	33	95	28	97	22	98	16	98	11	97	7	95	4	92	2	88	1	85	1	83	2	82	4	81	7	80	11	79	16	77	20	74	24	70	27	65	29	61	31	57	34	54	36	52	37	49	37	46	36	43	34	41	31	40	27	40	23	41	20	43	18	44	17	44	17	
17:
68	15.196	34	29	35	30	36	32	36	35	35	38	33	42	30	47	26	52	22	56	18	61	15	66	13	70	12	74	12	77	13	79	15	80	18	80	22	81	27	81	33	81	40	81	48	82	55	84	61	86	68	87	74	87	79	86	83	84	86	81	88	77	89	72	89	66	88	59	86	51	85	43	85	34	85	25	86	17	86	10	85	4	83	-1	80	-5	76	-8	71	-10	65	-11	58	-11	50	-10	41	-8	33	-5	26	-1	20	3	15	8	11	14	8	21	6	27	5	32	5	36	5	39	6	41	8	42	11	42	15	41	20	40	24	38	28	35	31	32	33	30	34	29	34	29	
18:
63	9.864	7	60	8	60	10	59	13	57	17	56	22	54	28	51	35	48	42	44	50	40	58	37	65	35	71	33	76	32	80	32	83	32	86	32	88	33	89	35	89	38	89	42	89	47	89	53	90	60	90	66	90	71	91	75	91	78	90	80	89	81	87	81	86	80	85	78	85	75	85	71	84	66	82	60	79	54	75	47	71	39	66	32	62	25	59	19	55	14	50	10	44	7	37	5	30	4	24	4	18	5	13	7	9	10	5	14	2	19	0	25	-1	32	-2	39	-2	45	-1	50	1	54	4	57	6	59	7	60	7	60	
19:
64	7.459	29	44	28	45	26	47	23	48	19	48	15	48	12	47	10	45	8	42	7	38	7	33	7	27	7	22	6	17	4	13	2	10	1	8	1	7	2	7	3	8	4	10	5	13	7	17	10	22	14	28	19	33	25	37	32	40	38	42	43	44	47	45	52	45	56	44	59	42	61	39	63	35	65	32	67	30	70	29	74	29	77	30	79	32	81	35	82	38	82	42	81	47	79	53	76	59	72	64	67	68	61	71	54	73	48	74	43	74	38	73	34	71	31	68	29	64	28	59	28	54	29	50	30	47	30	45	29	44	29	44	
20:
58	34.669	43	52	44	52	46	53	49	54	53	56	58	59	62	63	65	68	67	73	68	78	68	83	67	87	65	90	62	92	58	94	53	95	47	95	40	94	32	92	24	89	17	85	11	80	5	74	0	67	-4	60	-7	53	-9	45	-10	38	-10	32	-9	27	-7	22	-4	18	0	15	5	13	11	12	17	12	24	13	30	13	35	13	39	12	42	10	44	7	45	5	45	4	44	4	43	5	41	7	39	10	38	14	38	19	39	25	41	31	43	37	44	42	45	46	45	49	44	51	43	52	43	52	
21:
67	12.331	31	14	30	15	28	17	25	20	21	24	17	28	14	31	12	34	10	36	7	37	5	37	4	36	4	34	5	32	7	31	10	31	14	31	19	32	25	34	31	37	37	41	42	46	46	52	50	58	53	64	55	70	56	75	56	79	55	83	53	86	50	88	46	89	41	89	36	88	32	86	29	83	27	79	26	74	26	68	27	63	29	58	32	54	36	51	41	49	47	47	53	46	58	44	63	42	67	39	70	36	72	33	73	30	73	28	72	26	70	25	67	25	63	26	58	27	52	28	46	28	41	27	37	25	34	23	32	20	31	17	31	15	31	14	31	14	
22:
68	10.508	19	81	20	82	22	83	25	85	29	86	34	86	40	85	46	83	53	80	59	76	64	71	68	67	71	64	75	62	78	61	82	61	85	62	87	64	88	67	88	70	87	72	85	73	82	73	78	72	75	70	72	67	70	63	69	59	69	54	70	48	72	41	74	34	77	27	81	21	84	15	86	10	87	6	87	3	86	1	84	0	81	0	77	0	72	1	66	3	59	4	51	4	42	3	33	2	25	2	18	3	12	5	7	7	3	10	-1	14	-4	19	-6	25	-7	32	-7	40	-6	48	-4	55	-1	61	3	66	8	71	12	75	15	78	17	80	18	81	19	81	19	81	
23:
59	6.285	51	55	51	56	51	58	51	61	51	65	51	69	50	74	50	79	49	83	49	86	48	88	46	89	44	89	42	88	39	86	35	83	30	79	24	76	18	72	13	69	9	66	6	63	3	60	1	58	0	57	0	56	1	56	3	55	6	53	10	50	15	47	20	43	25	39	29	35	32	32	35	28	38	25	41	23	44	22	47	22	49	23	50	25	50	28	49	32	47	37	44	41	40	44	37	48	35	52	34	55	34	57	35	58	37	58	40	59	42	59	45	58	48	56	50	55	51	55	51	55	
24:
64	16.221	34	87	35	86	37	85	40	83	44	80	49	78	53	75	56	71	58	66	59	61	59	56	58	52	56	48	53	45	49	43	44	42	38	42	31	42	25	42	19	41	14	39	10	36	7	32	5	29	4	27	4	26	5	24	7	22	10	19	14	16	19	14	25	12	32	10	39	7	45	4	51	2	58	1	64	1	69	2	73	4	76	7	78	10	79	14	79	19	78	25	77	32	77	39	78	47	80	54	81	60	81	65	80	69	78	73	75	76	71	78	66	79	60	79	54	79	49	79	44	80	40	82	37	84	35	86	34	87	34	87	
25:
60	7.626	87	60	86	59	84	58	81	57	78	56	74	56	69	57	63	57	56	57	49	56	42	54	36	51	31	47	27	42	24	37	22	32	21	26	21	21	22	17	24	13	27	10	31	7	36	5	40	3	44	2	47	2	49	3	50	5	50	8	49	11	47	15	46	20	45	26	45	32	46	38	47	44	48	50	48	55	47	61	45	66	42	70	39	73	36	75	34	76	33	76	33	75	34	73	36	71	39	69	43	68	48	66	53	63	59	60	66	58	72	57	77	56	81	56	84	57	86	59	87	60	87	60	
26:
56	28.3	60	75	59	76	57	78	54	81	50	85	45	88	39	90	32	91	25	91	19	90	14	89	10	87	6	84	3	81	1	77	0	72	0	67	1	63	3	59	6	54	10	50	14	46	19	43	25	41	32	39	38	36	44	34	49	33	53	31	56	28	59	24	61	19	63	15	64	11	64	7	65	4	67	2	69	1	72	1	74	2	75	4	75	7	74	11	73	16	71	21	68	27	65	34	62	40	60	47	59	54	59	60	60	65	61	69	61	72	61	74	60	75	60	75	
27:
57	4.178	36	36	37	35	39	34	42	32	46	31	51	31	57	30	63	28	69	26	74	24	78	22	81	20	84	19	87	19	89	20	90	22	90	25	89	29	88	34	86	40	83	47	79	54	74	61	68	67	62	73	57	79	52	84	47	88	41	91	34	93	28	94	23	94	19	93	16	91	14	88	13	84	13	79	14	73	16	68	19	64	23	61	28	59	33	58	38	58	42	59	46	59	49	58	51	57	52	55	52	52	51	49	49	47	46	45	42	42	39	39	37	37	36	36	36	36	
28:
71	22.774	38	52	38	53	39	55	41	58	44	60	47	62	51	63	56	63	62	64	67	64	72	63	76	61	79	58	81	56	82	55	82	55	81	54	80	53	78	51	75	48	71	44	68	39	66	33	65	26	65	19	66	13	68	8	71	4	75	1	78	-1	80	-2	81	-2	81	-1	80	0	78	0	75	-1	71	-1	66	-1	61	0	56	2	52	5	49	9	47	14	46	20	46	27	45	35	43	43	40	50	36	56	31	61	25	65	19	68	14	72	10	75	6	77	3	78	1	79	0	79	0	78	1	76	3	73	6	71	10	68	15	64	20	61	25	59	29	57	32	56	35	55	37	53	38	52	38	52	
29:
59	37.603	47	21	46	20	44	18	41	15	37	13	32	12	27	11	21	11	15	12	10	14	6	17	3	21	1	26	-1	32	-2	39	-2	47	-1	55	1	62	4	68	8	73	12	78	15	82	17	85	20	87	23	88	26	88	29	87	31	85	34	82	38	78	43	73	48	68	53	63	58	59	64	56	70	54	75	53	79	51	82	48	84	44	85	39	85	33	84	28	82	23	80	19	77	16	75	14	73	13	72	13	72	14	71	16	69	18	66	21	62	23	57	24	53	24	50	23	48	22	47	21	47	21	
30:
71	6.946	70	47	69	46	67	44	64	41	61	38	59	34	57	29	56	24	56	20	57	17	59	15	62	14	66	14	70	15	74	17	77	20	79	24	80	29	80	33	79	36	77	38	74	39	70	39	65	39	59	40	52	41	44	42	36	42	28	42	21	43	15	45	10	47	6	50	3	54	1	59	0	65	0	71	1	76	3	81	6	85	10	88	15	90	21	91	28	91	36	90	45	89	53	89	60	89	67	90	73	91	78	91	82	92	85	93	87	93	88	92	88	90	87	89	85	87	82	84	78	81	73	78	69	75	66	72	64	68	63	63	63	58	64	54	65	51	67	49	69	48	70	47	70	47	
31:
63	29.334	54	43	55	42	57	41	59	39	62	37	66	35	71	32	75	28	79	23	82	17	84	12	85	8	85	4	84	1	82	-1	79	-2	75	-2	70	-1	64	1	59	4	55	8	52	12	50	15	48	17	45	18	41	18	36	18	31	18	27	19	24	21	22	24	21	28	20	33	20	39	21	46	23	53	26	61	30	68	34	74	39	79	43	83	46	86	48	88	49	89	49	89	49	88	49	86	50	83	52	79	55	76	58	73	62	71	65	69	67	68	68	67	68	65	67	62	65	58	62	53	59	49	57	46	55	44	54	43	54	43	
32:
59	1.122	21	38	22	38	24	37	27	36	29	34	32	31	35	27	39	22	43	18	48	15	54	12	61	10	67	9	72	9	76	10	80	12	83	15	85	19	86	24	86	30	85	35	83	41	80	48	76	55	71	61	65	66	58	70	51	73	45	75	40	76	36	76	32	75	28	73	25	71	23	69	20	68	18	68	15	69	13	71	11	74	9	77	7	80	6	82	5	83	3	83	2	82	2	80	1	77	1	74	2	70	4	65	6	59	8	54	11	50	15	46	18	43	20	41	21	39	21	38	21	38	
33:
54	1.443	40	78	39	79	37	80	34	80	30	80	25	79	19	78	13	76	8	73	4	69	1	65	-1	60	-2	54	-2	49	-1	44	1	40	4	37	8	35	13	34	17	34	20	35	23	36	25	38	27	41	30	44	34	46	38	47	42	47	46	46	50	44	53	41	55	37	56	34	58	32	61	31	65	31	69	31	73	31	76	32	78	34	79	37	79	41	78	46	76	52	73	57	69	61	64	64	59	66	55	69	50	71	46	73	43	75	41	77	40	78	40	78	
34:
65	7.519	55	6	56	5	58	4	60	2	62	1	65	1	67	2	68	4	68	7	67	11	65	16	62	22	59	29	56	37	53	45	51	53	50	60	50	66	51	71	52	76	54	80	55	83	55	85	54	86	52	86	49	85	45	83	40	80	34	76	27	71	21	65	16	60	10	56	5	52	1	48	-2	43	-4	37	-5	31	-5	26	-4	22	-2	19	1	17	3	16	6	16	8	17	9	19	9	22	10	26	12	31	15	35	19	38	24	40	30	41	36	41	42	40	47	38	51	35	54	31	56	26	57	21	57	16	56	12	56	9	55	7	55	6	55	6	
35:
68	40.66	5	78	4	77	2	75	1	72	1	68	2	63	2	57	3	50	5	44	8	37	11	31	15	26	20	22	25	19	31	17	36	16	40	16	43	17	45	19	46	21	46	23	45	24	43	24	40	24	38	25	35	26	33	28	32	31	32	35	32	40	33	46	35	51	38	55	42	58	47	60	53	61	60	61	67	60	73	58	78	55	82	52	85	49	87	47	90	46	92	46	94	47	95	49	95	52	95	56	94	61	93	67	91	73	88	78	84	82	79	86	73	89	66	91	58	92	50	92	41	91	33	89	26	86	20	83	15	80	11	78	8	77	6	77	5	78	5	78	
36:
67	3.291	24	37	23	38	23	40	23	43	23	47	24	52	25	57	25	63	24	69	22	74	20	78	18	82	17	85	17	87	18	88	20	88	23	87	27	85	32	82	37	79	43	77	48	76	52	76	56	77	59	79	61	81	62	83	62	84	61	84	59	83	56	81	52	78	48	74	45	69	43	63	42	57	42	52	43	47	45	43	48	40	52	38	57	37	63	37	68	36	72	35	75	33	78	30	80	26	81	21	81	16	80	12	78	9	75	6	72	4	70	3	67	3	63	4	58	6	52	9	47	13	42	18	37	22	33	27	30	31	27	34	25	36	24	37	24	37	
37:
63	2.253	54	43	53	42	51	41	49	39	46	37	42	34	37	30	32	25	28	20	25	15	23	11	22	8	21	6	21	5	20	5	18	6	15	8	11	11	7	15	3	20	0	26	-2	33	-3	40	-3	47	-2	53	0	58	3	62	7	65	12	67	18	68	24	70	31	73	39	75	48	77	57	78	65	78	73	77	80	75	86	72	91	68	95	63	98	57	100	50	101	43	101	37	100	32	98	28	95	25	91	23	86	22	80	22	74	23	69	25	65	28	62	32	60	36	59	39	59	42	59	44	58	45	57	45	55	44	54	43	54	43	
38:
64	6.914	21	44	20	43	18	41	15	39	11	37	7	36	4	36	2	37	1	39	1	42	2	46	4	51	7	56	11	61	16	67	22	72	28	76	35	79	43	81	52	82	60	83	68	83	75	83	81	82	86	80	90	77	93	73	95	68	96	62	96	55	95	47	93	40	91	34	88	29	84	25	79	22	75	20	70	19	66	19	61	20	55	20	50	19	44	17	39	14	35	10	32	7	30	4	29	2	29	1	30	1	32	2	35	4	38	7	40	10	41	14	41	19	40	25	38	30	35	34	31	37	27	39	24	41	22	43	21	44	21	44	
39:
65	22.777	74	87	73	88	71	88	68	88	64	88	59	87	53	85	46	82	40	78	35	73	30	67	25	61	21	56	18	51	16	47	15	44	15	42	16	41	18	39	19	36	19	32	18	27	18	21	19	15	21	9	23	4	26	0	30	-3	35	-5	39	-6	42	-6	44	-5	45	-3	45	-1	44	2	42	5	40	9	39	12	39	14	40	15	42	15	45	14	49	12	54	10	60	9	66	9	72	10	77	11	81	13	84	16	86	20	87	25	87	31	86	38	84	44	81	49	79	55	76	60	74	66	73	72	73	77	73	81	73	84	74	86	74	87	74	87	
40:
72	3.359	59	33	60	32	62	30	65	27	68	23	72	19	77	15	81	12	84	10	86	9	87	9	87	10	86	12	84	15	81	19	78	24	76	30	75	37	75	43	76	49	77	54	79	58	80	61	80	63	79	64	78	64	76	63	73	61	69	58	64	54	58	51	53	49	47	48	41	48	36	49	32	51	29	54	27	58	26	62	26	66	27	70	27	75	26	79	24	82	21	84	18	85	14	85	9	84	4	82	0	79	-4	75	-7	70	-9	64	-10	57	-10	50	-9	44	-7	39	-4	35	0	32	5	30	10	29	15	29	20	30	26	32	33	33	39	35	44	36	49	36	53	36	56	35	58	34	59	33	59	33	
41:
77	4.229	24	65	23	64	21	62	18	59	14	55	9	50	5	44	2	37	0	31	-1	26	-1	21	0	16	2	12	5	9	9	7	14	6	19	6	24	6	29	7	35	9	42	12	48	15	55	17	63	18	70	18	76	17	81	16	85	15	88	15	90	16	91	18	91	21	90	24	88	28	85	33	81	39	76	46	72	54	69	62	67	69	66	75	66	80	67	84	68	87	70	89	72	90	73	90	74	89	74	87	73	84	71	80	68	75	65	71	61	68	56	66	50	64	43	63	35	63	27	64	20	66	14	69	9	73	5	78	2	82	0	85	-1	87	-1	88	0	88	2	87	4	85	7	82	10	78	14	74	18	71	21	68	23	66	24	65	24	65	
42:
74	6.173	82	89	81	88	79	86	76	83	72	79	67	75	62	71	56	68	50	66	44	65	39	65	35	66	31	68	28	71	26	75	25	80	25	85	26	89	28	92	31	94	35	95	40	96	46	96	53	95	61	93	69	90	76	86	82	82	87	77	91	71	94	65	96	59	97	54	97	50	96	47	94	45	92	44	89	44	87	45	85	46	82	48	78	51	73	53	67	54	61	54	54	53	47	51	41	48	34	45	28	43	22	40	17	38	13	37	10	37	8	38	7	38	7	39	8	40	10	40	13	41	16	43	20	46	25	50	31	55	38	60	46	66	54	72	61	77	67	81	72	84	76	86	79	87	81	88	82	89	82	89	
43:
60	12.948	4	78	4	77	3	75	2	72	0	68	-2	63	-3	57	-3	50	-3	42	-2	35	0	28	3	22	7	17	12	13	18	10	25	8	32	7	39	7	45	7	50	8	54	9	57	11	59	14	60	18	60	23	59	29	59	36	60	43	60	49	60	54	59	58	59	61	59	63	59	64	58	64	56	63	53	61	49	59	44	57	39	56	34	56	30	57	27	59	25	62	24	66	24	71	24	77	24	82	23	86	21	89	18	91	14	92	10	92	7	91	5	89	4	87	4	84	5	81	5	79	4	78	4	78	
44:
55	3.435	20	76	21	75	23	74	24	72	24	69	23	65	21	60	18	55	14	50	10	46	6	43	3	39	1	36	0	33	0	30	1	27	3	24	6	22	10	21	15	20	20	20	26	21	32	23	37	26	41	30	44	35	46	41	49	47	53	52	58	56	64	59	69	61	73	62	76	64	78	66	79	69	79	71	78	72	76	72	73	73	69	73	64	72	58	70	52	67	46	65	39	63	33	62	28	62	24	63	21	65	19	67	18	70	18	73	19	75	20	76	20	76	
45:
54	3.001	9	45	10	46	11	48	11	51	11	55	10	58	8	60	7	61	7	61	8	60	9	58	11	55	14	51	18	47	23	43	28	40	34	38	40	37	46	37	53	36	59	34	64	31	69	28	73	24	76	19	78	14	79	9	79	5	78	2	76	0	73	-1	69	-1	64	0	58	2	52	5	47	9	41	12	35	15	29	17	24	18	18	18	12	17	7	16	3	16	0	17	-2	19	-3	22	-3	26	-2	30	0	35	3	39	6	42	8	44	9	45	9	45	
46:
55	6.446	36	15	37	16	38	18	39	21	41	24	44	28	48	32	52	35	57	37	63	38	69	38	74	38	78	39	81	41	83	43	84	45	84	48	83	52	82	57	80	62	77	67	73	71	68	75	62	78	56	80	51	81	47	81	44	81	42	80	41	78	41	75	41	71	41	66	40	60	38	53	35	47	31	42	26	37	21	33	16	30	12	28	9	27	7	27	6	27	6	26	7	24	9	21	12	19	16	16	21	14	26	13	30	13	33	13	35	14	36	15	36	15	
47:
67	1.171	74	56	75	57	77	59	79	62	82	66	84	70	85	74	86	79	86	83	85	86	83	88	80	89	77	89	75	88	73	86	72	83	70	79	67	76	63	74	58	73	52	73	45	74	37	76	29	77	22	77	16	76	11	74	7	71	4	67	2	62	1	57	1	53	2	48	4	42	7	36	11	29	15	23	20	18	24	14	27	11	29	9	31	8	32	8	32	9	33	11	35	14	38	17	42	19	47	21	53	22	60	22	67	21	73	19	78	18	82	18	85	19	87	21	89	24	90	28	90	33	89	39	87	44	84	48	80	51	77	53	75	55	74	56	74	56	
48:
65	12.163	20	21	21	20	23	19	26	17	30	16	35	16	41	17	48	19	56	22	63	26	69	29	74	31	78	32	81	32	83	31	84	31	84	32	83	33	81	34	78	36	74	39	70	41	67	44	65	48	64	53	64	58	65	63	66	67	68	70	69	72	69	73	68	73	66	72	63	70	59	67	54	64	48	62	43	61	38	61	34	62	31	64	27	67	24	69	22	71	21	72	21	72	22	71	24	69	25	66	25	62	24	57	23	53	21	50	18	47	14	45	11	44	9	43	8	41	8	38	9	34	11	30	14	27	17	24	19	22	20	21	20	21	
49:
56	13.703	76	61	76	62	77	63	77	65	76	68	74	71	71	75	67	79	62	83	56	86	49	88	41	89	34	89	28	88	23	86	19	84	15	81	11	77	8	72	6	66	5	59	5	51	6	42	8	34	11	27	14	21	18	16	22	11	27	7	33	4	40	2	48	1	55	1	61	2	66	4	70	7	73	10	75	13	77	15	79	16	80	16	80	15	79	15	77	16	75	18	74	21	74	25	75	30	77	36	79	42	80	47	80	51	80	55	79	58	77	60	76	61	76	61	
50:
58	3.935	62	39	61	38	60	36	58	33	57	29	56	24	55	18	55	12	56	7	58	3	61	0	64	-2	68	-3	72	-3	75	-2	77	0	79	3	80	7	80	11	79	14	77	16	74	17	70	18	65	19	59	19	52	18	45	16	38	15	30	15	23	16	17	18	12	21	8	25	5	30	3	36	2	43	1	51	1	58	2	64	4	69	7	73	11	76	15	78	20	79	24	79	27	78	29	76	32	73	36	69	41	65	46	60	51	56	55	51	58	47	60	44	61	42	61	40	62	39	62	39	
51:
61	3.111	30	51	31	51	33	51	36	50	39	48	43	45	46	41	48	36	50	31	52	25	53	19	53	14	53	10	54	7	54	5	54	4	55	4	57	5	60	7	63	10	67	14	72	19	76	25	79	32	83	39	87	45	90	52	92	59	93	65	93	70	92	74	90	77	87	79	84	80	80	80	75	79	69	77	62	74	56	71	51	69	47	68	43	68	40	69	38	71	36	74	35	78	34	81	32	83	29	84	25	84	22	83	20	81	19	78	19	74	20	69	22	64	24	60	25	57	27	54	29	52	30	51	30	51	
52:
75	33.176	77	62	76	61	74	59	71	57	67	54	64	50	62	45	61	40	61	35	62	31	64	27	67	23	71	20	75	18	78	15	81	11	83	6	84	2	84	-1	83	-3	81	-4	78	-5	74	-5	69	-4	63	-2	56	1	48	4	39	8	31	13	24	19	17	25	11	32	6	40	2	48	-1	55	-3	61	-4	66	-4	70	-3	74	-2	77	0	79	3	80	7	80	12	79	17	77	21	74	25	70	28	65	30	59	33	54	37	50	40	46	42	43	43	41	43	40	44	40	46	41	49	43	52	46	56	50	59	55	62	60	64	65	65	69	65	72	64	74	64	75	65	75	67	74	69	72	71	69	74	67	76	65	77	63	77	62	77	62	
53:
58	1.351	53	22	53	21	52	19	50	17	47	15	43	14	38	14	32	15	26	17	21	20	17	24	13	28	10	33	8	39	7	45	7	50	8	54	10	58	13	61	17	63	22	64	27	64	31	63	36	63	40	64	45	66	51	69	57	73	62	77	66	80	70	82	75	83	79	83	82	82	84	80	85	77	85	73	84	68	82	62	79	55	76	47	74	39	72	32	69	26	67	21	65	16	64	12	64	9	65	7	66	6	66	6	65	7	63	9	61	12	59	16	56	19	54	21	53	22	53	22	
54:
68	29.762	53	46	53	45	54	43	56	40	59	37	63	34	68	32	72	31	77	31	82	32	86	34	89	37	91	41	92	45	92	50	91	56	89	61	86	65	82	68	77	70	71	71	64	71	56	72	47	73	38	75	30	77	23	78	17	79	12	79	8	78	5	76	3	73	2	69	2	64	2	58	3	51	3	44	3	36	4	29	6	23	8	18	9	14	9	11	8	9	6	8	3	8	1	9	0	11	0	14	1	18	3	23	6	29	9	36	13	42	16	47	18	51	20	54	23	57	27	59	30	60	34	60	39	59	43	57	47	54	50	52	52	49	53	47	53	46	53	46	
55:
58	2.488	7	46	8	47	10	49	12	51	15	52	18	52	21	51	25	49	29	46	33	42	36	38	39	34	42	30	46	25	51	20	57	16	62	13	66	11	69	10	71	10	72	11	72	13	71	16	69	20	66	25	64	31	62	38	61	46	61	55	62	63	62	70	63	76	65	81	67	85	70	88	73	90	75	91	76	91	76	90	75	88	73	85	70	81	66	76	61	70	55	64	48	59	41	55	33	51	26	47	20	44	15	42	11	41	8	41	6	42	5	43	5	45	6	46	7	46	7	46	
56:
61	7.355	9	35	10	36	11	38	11	41	10	45	8	48	5	50	1	51	-3	51	-6	50	-8	48	-9	45	-9	41	-8	36	-6	30	-4	24	-1	19	3	15	8	12	14	10	21	7	29	5	37	3	44	2	50	2	55	3	59	5	62	8	64	12	65	17	65	23	64	30	62	38	61	46	60	53	60	59	61	64	62	68	64	71	65	73	65	74	64	74	62	73	59	71	55	68	50	64	46	59	43	54	41	49	40	45	39	42	38	39	36	36	33	34	29	33	24	33	19	34	15	35	12	36	10	36	9	35	9	35	
57:
77	7.347	59	89	59	88	58	86	58	83	59	79	60	74	62	68	65	61	67	53	70	45	72	38	74	31	75	25	75	20	74	16	73	13	73	11	74	10	75	10	75	11	74	13	73	16	71	20	68	25	64	31	59	37	53	43	46	48	38	52	31	55	25	57	20	58	16	58	13	57	11	55	10	52	8	48	7	43	5	37	4	30	4	24	3	18	1	13	0	9	0	6	1	4	3	3	5	3	8	4	12	6	17	9	23	13	30	18	37	23	43	29	48	34	54	38	59	41	63	43	66	45	68	46	70	46	73	45	75	45	76	46	76	48	75	51	74	54	72	58	69	63	67	68	66	74	64	79	62	83	60	86	59	88	59	89	59	89	
58:
60	6.524	59	15	58	16	58	18	58	21	59	25	59	30	59	36	59	42	60	47	62	53	64	58	67	62	71	65	76	67	82	68	87	68	91	67	94	65	96	62	97	58	97	53	96	48	94	43	92	39	89	36	85	34	80	32	74	30	67	29	59	27	51	26	44	26	38	26	32	27	27	29	22	32	18	36	15	40	13	45	12	51	12	56	13	60	15	63	18	65	22	66	27	66	32	65	36	63	40	60	44	56	47	51	49	45	50	39	52	34	55	30	57	25	58	21	58	18	59	16	59	15	59	15	
59:
56	2.238	33	36	34	37	36	38	38	38	41	37	44	35	46	32	47	28	47	23	46	19	44	16	41	14	37	13	33	13	29	14	25	16	22	19	19	23	16	28	14	33	13	39	13	45	14	52	16	58	19	63	22	67	26	70	31	72	37	74	44	75	52	75	59	74	65	72	70	69	74	65	77	60	79	54	80	47	80	41	79	35	77	30	74	26	70	22	67	19	64	17	60	16	55	16	50	17	45	19	41	22	38	24	36	27	35	30	35	33	34	35	33	36	33	36	
60:
65	33.552	79	71	78	72	78	73	79	75	81	76	84	76	86	75	87	73	87	70	86	66	84	62	81	57	77	51	72	44	66	36	60	29	55	23	50	17	44	12	37	8	30	5	24	3	18	2	13	2	8	3	4	5	1	8	-1	12	-2	17	-2	22	-1	28	1	35	4	41	8	47	11	52	13	56	14	59	14	62	13	66	11	69	8	72	6	74	5	75	5	75	6	76	8	76	11	75	15	75	20	76	26	78	33	79	39	79	44	78	49	76	53	73	56	70	58	67	60	65	63	64	67	64	71	65	74	67	76	69	78	70	79	71	79	71	
61:
62	20.31	33	54	32	53	30	51	27	48	25	44	22	39	19	33	15	27	12	22	10	18	9	13	8	9	8	6	8	4	7	3	5	3	2	4	-1	6	-4	9	-6	13	-7	18	-8	23	-8	28	-7	32	-5	35	-2	37	2	38	7	38	11	39	14	41	16	44	18	48	19	53	19	59	20	65	21	72	23	79	26	85	30	91	35	96	41	100	47	103	54	105	60	106	65	106	69	105	72	103	74	100	75	96	75	91	74	85	72	79	69	73	65	67	60	62	54	58	48	55	43	53	39	52	36	52	34	53	33	54	33	54	
62:
62	2.0	44	82	45	81	47	80	50	78	54	76	59	73	64	69	70	65	75	60	80	55	84	51	87	46	89	42	90	38	90	34	89	31	87	29	84	28	80	28	75	29	70	31	64	34	59	38	55	42	52	45	50	47	49	49	48	50	48	50	49	49	49	47	49	44	50	40	50	35	49	29	47	23	44	18	40	13	35	9	29	6	23	4	18	2	14	1	11	1	9	2	8	4	8	7	9	11	11	16	14	20	18	25	21	31	23	38	24	46	26	54	29	61	32	67	35	72	38	76	41	79	43	81	44	82	44	82	
63:
63	3.469	70	86	69	87	67	88	64	89	60	89	55	88	49	86	44	83	39	80	35	76	32	71	30	65	28	58	26	50	25	42	25	35	26	29	26	24	27	20	27	17	27	15	28	14	30	14	33	15	37	17	41	19	46	20	52	20	59	19	65	17	70	14	75	10	79	7	82	5	84	4	85	4	85	5	84	7	82	10	81	13	81	17	82	20	84	22	85	25	85	29	84	33	82	37	79	42	75	47	70	52	65	56	61	59	58	61	56	64	55	66	55	69	56	73	58	77	61	80	64	83	67	85	69	86	70	86	70	86	
64:
57	6.105	11	37	11	36	11	34	11	31	10	27	10	24	10	22	11	20	13	19	16	19	18	20	19	21	21	22	24	22	27	21	31	19	36	17	42	16	49	14	56	13	63	13	69	14	74	16	78	18	82	21	85	25	87	30	88	36	88	43	87	49	85	54	82	59	78	64	74	68	71	73	69	77	68	80	68	82	69	83	71	83	72	82	72	80	71	77	69	73	66	69	62	65	57	60	51	56	45	53	38	50	32	48	26	46	21	45	17	43	14	40	12	38	11	37	11	37	
65:
56	15.155	5	50	6	51	8	53	11	55	15	57	20	58	26	58	33	58	41	58	48	58	54	57	60	56	65	56	69	57	72	59	74	60	75	60	75	59	74	57	72	54	69	50	66	45	63	39	61	32	60	26	60	21	60	17	60	14	60	12	59	11	57	11	56	12	54	14	51	17	48	21	44	26	39	30	33	33	27	35	22	36	18	36	15	35	13	33	12	30	12	28	11	27	10	27	9	28	7	30	5	33	3	37	2	41	2	44	3	47	4	49	5	50	5	50	
66:
61	2.497	4	3	5	3	7	4	10	6	13	9	17	13	22	18	28	24	35	31	43	37	52	42	60	46	67	50	73	53	78	55	82	57	85	60	87	63	88	65	88	66	87	66	85	65	82	64	78	63	74	62	70	60	65	59	59	58	53	58	48	59	44	61	41	64	39	67	38	70	38	72	39	73	41	73	44	72	47	70	51	67	55	65	58	63	60	60	61	57	61	53	60	48	59	43	57	37	55	30	52	24	48	19	43	15	38	12	32	10	25	9	19	9	14	9	10	8	7	6	5	4	4	3	4	3	
67:
58	2.969	11	49	10	50	10	52	11	55	13	59	16	63	18	67	19	70	19	72	20	73	21	73	21	72	22	70	23	69	25	69	28	70	31	71	35	72	40	72	46	71	53	69	59	66	64	62	68	58	71	54	73	51	74	49	74	47	74	46	73	46	71	47	68	47	64	46	59	44	53	41	47	37	42	32	37	26	33	20	30	15	28	11	25	8	23	6	20	5	16	5	12	6	9	8	7	11	6	15	6	20	7	25	9	29	11	34	12	39	13	43	13	46	12	48	11	49	11	49	
68:
68	41.959	53	55	54	56	56	56	59	55	63	53	68	50	73	46	78	41	82	35	86	29	89	23	91	17	92	12	92	8	91	5	89	3	86	2	84	2	81	3	79	5	76	8	73	12	71	17	68	23	64	30	60	38	55	46	49	53	42	59	35	64	29	68	23	71	17	73	12	74	8	74	5	75	3	77	2	78	2	78	3	78	5	77	8	77	12	78	16	78	21	77	27	76	34	76	42	77	50	78	57	78	63	77	68	75	72	74	75	73	77	73	78	74	78	74	77	73	75	71	72	70	68	70	63	69	59	67	56	64	54	61	53	58	53	56	53	55	53	55	
69:
60	1.576	45	45	46	44	48	44	51	45	55	47	60	50	65	54	71	57	76	60	80	63	83	67	85	70	86	72	86	73	85	74	83	75	80	76	77	78	73	81	68	84	62	86	55	88	47	89	39	89	32	88	26	86	21	83	17	79	14	76	12	72	11	67	11	61	12	56	14	52	17	47	20	41	23	34	27	26	31	19	36	13	42	8	48	4	53	1	59	-1	64	-2	68	-2	71	-1	73	1	74	4	74	8	73	13	71	19	68	24	64	28	59	31	55	35	51	39	48	42	46	44	45	45	45	45	
70:
50	6.047	70	43	71	43	73	42	76	40	79	37	82	33	85	28	87	22	88	16	88	11	87	7	85	4	82	2	79	1	75	1	70	2	66	4	61	7	55	11	50	16	44	21	39	27	35	33	32	39	30	46	29	54	29	61	30	67	31	72	31	76	32	79	34	81	37	82	41	82	46	81	52	79	58	76	64	72	69	68	73	64	76	61	78	57	79	52	79	48	79	45	78	43	76	42	73	42	71	43	70	43	70	43	
71:
70	46.948	75	42	75	41	74	39	74	36	75	32	75	27	75	21	75	16	74	11	72	7	70	4	69	2	69	1	69	1	68	2	67	4	65	7	63	10	60	14	56	19	51	25	45	32	38	40	32	47	27	53	22	58	18	62	15	65	13	67	12	68	11	68	9	67	6	65	2	62	-3	58	-7	53	-10	47	-12	41	-13	36	-13	32	-12	29	-10	27	-7	26	-4	26	0	27	3	29	7	32	12	36	17	41	23	47	30	52	36	57	41	62	45	66	48	69	50	72	51	74	51	75	50	75	50	74	50	72	51	69	53	65	56	60	60	55	65	51	69	48	72	45	74	43	75	42	75	42	
72:
80	34.736	52	39	51	38	50	36	48	33	45	29	41	24	36	20	30	17	24	15	19	13	15	12	12	12	10	13	9	15	9	18	10	20	12	22	15	24	19	25	24	25	29	24	35	24	42	23	50	21	57	18	63	16	68	15	72	15	75	14	77	14	78	15	78	17	77	20	75	24	73	29	71	35	70	42	70	50	71	58	73	65	75	71	78	76	82	80	85	83	87	85	88	86	88	87	87	88	85	88	83	88	80	89	76	89	71	88	65	88	58	88	50	87	42	87	34	86	27	85	21	85	16	86	12	87	9	89	7	90	6	90	6	89	7	88	9	87	12	85	16	82	21	78	27	73	33	67	38	60	42	54	45	49	47	45	49	42	51	40	52	39	52	39	
73:
71	14.16	74	61	75	62	76	63	78	63	80	63	81	62	81	60	81	57	80	53	79	48	79	42	80	36	82	29	84	22	85	16	85	11	84	7	82	4	79	2	75	1	70	1	64	2	58	4	53	7	49	11	46	16	44	22	43	28	43	35	44	41	46	46	49	50	52	53	54	55	55	58	55	62	54	65	52	67	49	68	45	69	40	69	34	69	29	70	23	70	17	69	12	67	8	66	5	66	3	66	2	67	2	69	3	71	5	74	8	78	12	81	17	83	23	84	30	84	38	84	45	84	52	85	58	85	63	84	67	82	70	79	73	75	75	71	76	67	76	64	75	62	74	61	74	61	
74:
56	48.652	0	47	-1	48	-3	50	-4	53	-4	57	-3	61	-2	64	-1	66	1	68	4	69	8	69	13	68	19	66	24	63	28	59	31	54	33	49	34	44	36	40	39	37	41	35	42	33	42	32	41	32	39	31	36	31	32	30	28	28	24	25	21	21	19	17	18	13	18	10	19	8	21	7	24	7	27	8	29	10	30	12	30	15	29	18	27	20	24	21	20	21	15	21	9	21	4	22	0	24	-3	26	-5	29	-6	33	-6	37	-5	41	-3	44	-1	46	0	47	0	47	
75:
57	2.693	81	38	80	38	78	38	75	37	71	35	68	32	65	29	63	25	62	20	62	16	63	13	65	11	66	10	67	10	67	11	66	13	64	16	61	19	57	22	52	24	47	25	41	27	34	30	26	32	19	34	13	35	8	35	4	35	1	34	-1	32	-2	29	-2	25	-2	20	-1	16	1	13	4	10	8	8	13	7	19	7	24	8	28	10	31	13	33	17	34	22	36	28	39	33	43	37	47	40	52	43	58	45	63	46	67	46	71	45	75	43	78	41	80	39	81	38	81	38	
76:
58	35.057	51	82	52	83	54	85	57	87	61	90	65	92	70	93	74	93	77	92	79	90	80	87	80	83	79	78	77	72	74	66	70	59	65	53	59	47	52	42	46	38	41	34	37	31	34	28	32	24	31	19	31	14	32	10	34	6	37	3	41	1	45	0	48	0	50	1	52	3	53	6	53	10	52	15	50	21	47	28	43	35	40	41	38	46	37	50	37	54	37	57	37	60	36	62	34	63	33	63	33	64	34	66	36	69	39	73	43	76	46	79	48	81	50	82	51	82	51	82	
77:
66	39.785	43	31	44	31	46	31	49	32	53	33	58	35	64	38	70	42	75	47	79	53	83	59	86	65	88	70	89	74	89	77	89	79	88	80	88	80	89	79	89	77	88	74	86	70	83	65	79	61	74	58	68	56	61	55	54	55	46	56	39	56	31	55	24	53	18	50	13	46	9	43	6	39	4	36	3	34	2	33	2	33	3	34	5	35	8	36	11	36	13	35	14	33	14	30	13	26	11	21	8	16	5	11	3	7	2	4	2	2	3	1	5	1	8	2	12	4	17	7	23	11	28	16	33	21	37	25	40	28	42	30	43	31	43	31	
78:
64	2.382	6	52	7	51	9	51	12	50	16	48	21	47	26	46	30	45	34	43	37	40	39	36	40	33	40	31	39	28	37	24	35	20	32	17	28	15	23	14	19	14	16	15	14	16	13	17	13	18	14	19	16	20	19	20	23	19	28	17	33	15	37	12	40	8	42	5	44	3	47	2	51	2	56	3	62	5	68	8	73	12	77	17	80	23	82	30	83	38	85	46	86	54	86	61	85	67	83	72	80	76	76	79	71	81	65	82	58	82	50	81	42	79	34	76	27	72	21	67	16	62	12	58	9	55	7	53	6	52	6	52	
79:
67	16.558	51	65	52	64	54	62	55	59	55	55	54	51	52	48	49	46	45	43	40	39	35	34	31	30	28	27	26	25	25	24	24	23	24	23	25	23	27	23	30	22	34	20	39	17	45	14	51	11	57	8	62	6	67	5	71	5	74	6	76	8	78	11	79	15	79	20	80	26	82	33	84	40	86	48	87	56	87	64	86	71	84	77	81	82	77	86	72	89	66	91	59	92	51	92	43	91	36	90	30	88	25	85	21	81	18	76	16	70	15	65	15	61	16	58	18	56	21	54	25	53	30	53	36	54	41	56	45	59	48	62	50	64	51	65	51	65	
80:
55	9.082	48	83	49	84	51	86	54	89	58	91	62	92	67	93	73	93	78	92	82	90	85	87	87	85	88	82	88	78	87	75	87	71	88	66	89	61	89	56	88	52	88	49	87	47	85	46	82	46	78	46	73	45	69	43	66	40	62	37	57	35	51	34	44	34	37	35	31	36	26	38	22	41	19	43	17	44	16	44	16	43	17	43	19	44	22	46	25	47	29	49	34	52	39	56	43	60	46	65	48	70	49	74	49	77	48	80	48	82	48	83	48	83	
81:
56	7.607	87	80	87	79	88	77	88	74	87	70	85	67	82	65	78	62	74	58	71	54	69	51	67	49	64	48	60	48	55	49	49	51	43	53	38	56	33	59	27	62	20	64	14	65	9	65	5	64	2	62	0	59	-1	55	-1	50	0	45	2	39	5	33	9	27	14	22	20	18	27	15	35	13	43	12	51	12	58	13	64	13	69	14	73	16	76	19	78	22	79	26	79	31	78	37	78	44	78	52	78	59	78	65	79	70	81	74	84	77	86	79	87	80	87	80	
82:
68	18.762	84	80	84	79	84	77	84	74	83	70	81	65	78	61	74	57	69	54	63	52	58	51	54	51	49	52	45	54	42	57	38	61	34	66	31	71	29	75	28	79	28	82	27	84	25	85	22	85	18	84	14	82	10	79	6	75	2	70	-1	64	-3	57	-4	49	-4	41	-3	34	-1	27	2	21	6	16	11	12	17	9	24	7	30	6	36	6	42	6	48	6	53	5	57	4	60	4	62	5	63	7	63	10	62	14	62	18	63	22	65	26	68	30	72	33	77	37	81	41	85	44	88	48	90	53	91	59	91	65	90	70	88	74	87	77	85	79	84	80	84	80	
83:
66	8.006	89	46	90	47	90	49	90	52	90	56	89	61	87	65	84	68	80	70	75	71	69	71	62	72	54	73	46	73	39	73	33	74	28	76	24	79	21	81	19	82	18	82	18	81	19	80	21	79	23	77	26	74	29	70	31	66	32	62	32	59	31	57	29	55	26	52	22	50	18	48	15	45	13	41	12	36	12	30	13	24	15	19	17	14	20	10	24	7	29	5	35	4	40	4	44	5	47	7	49	10	50	14	50	19	50	25	50	32	51	38	53	43	56	47	59	50	63	52	68	53	74	53	79	52	83	50	86	49	88	47	89	46	89	46	
84:
67	7.46	66	44	65	45	64	47	64	50	64	54	65	59	67	63	69	66	71	68	73	69	74	70	74	71	73	71	71	71	68	70	64	69	59	67	53	64	46	62	38	61	30	60	23	60	17	60	12	60	8	59	5	57	3	56	2	56	2	57	3	59	4	60	6	60	9	59	11	57	12	54	12	50	11	45	9	39	7	32	6	24	6	15	7	7	9	0	12	-6	16	-11	21	-15	27	-18	34	-20	41	-21	49	-21	57	-20	64	-18	70	-15	75	-11	79	-6	82	-1	84	5	85	12	85	19	84	25	82	30	79	34	75	37	72	39	69	41	67	43	66	44	66	44	
85:
58	12.375	3	36	2	37	2	39	3	42	5	46	7	51	10	57	14	63	18	68	22	72	25	75	29	77	32	78	34	78	35	77	37	75	40	72	44	70	48	69	53	69	59	70	65	70	70	70	74	69	77	67	79	64	80	60	80	57	79	55	77	54	74	54	70	54	65	53	60	51	54	48	48	44	41	40	35	35	30	30	26	25	23	19	21	14	20	10	20	7	21	5	21	4	22	4	22	5	23	7	23	10	22	14	20	19	17	24	13	28	9	31	6	33	4	35	3	36	3	36	
86:
55	44.734	87	73	86	72	84	70	81	67	78	63	76	59	75	54	75	48	76	43	76	39	75	36	73	34	70	33	66	33	61	34	55	36	50	39	45	43	41	48	38	54	36	59	35	63	35	66	35	68	36	69	38	69	41	68	45	68	48	69	50	71	51	74	51	77	50	80	48	83	47	85	47	86	48	86	50	85	53	83	56	80	60	76	63	73	65	71	67	70	68	69	69	69	69	70	70	71	72	72	75	72	79	73	82	73	84	72	86	72	87	73	87	73	
87:
50	2.922	16	35	17	35	19	36	22	37	26	39	31	42	37	46	44	49	52	51	59	53	65	54	70	54	74	53	77	51	79	48	80	46	80	44	79	43	77	43	74	43	70	43	65	42	60	40	56	38	53	35	51	31	50	26	48	20	46	15	43	11	39	8	34	6	28	5	21	4	15	4	10	5	6	7	3	10	1	14	0	18	0	22	1	26	3	29	6	31	10	32	13	32	15	32	16	33	16	34	16	35	16	35	
88:
57	1.081	49	18	50	17	51	17	53	18	56	20	60	22	64	25	68	27	73	29	77	30	80	30	82	29	83	27	83	25	82	24	80	24	77	25	73	27	68	30	63	34	57	39	52	45	48	51	45	56	43	61	42	65	42	70	43	74	44	77	45	79	45	81	44	82	42	82	39	81	35	79	30	76	24	73	18	69	13	65	9	62	6	60	4	57	3	53	3	48	4	43	6	39	9	36	13	34	18	31	23	29	28	27	34	24	39	22	43	21	46	20	48	19	49	18	49	18	
89:
62	9.468	6	3	7	4	7	6	6	9	5	13	4	18	2	24	0	30	-1	37	-1	45	0	52	2	58	5	63	9	67	14	71	19	74	23	76	26	77	28	77	29	76	29	74	28	71	26	67	25	62	25	57	26	53	28	50	31	48	35	47	40	47	46	46	53	44	60	42	66	40	71	37	76	33	80	29	83	24	85	19	86	15	86	11	85	8	83	6	80	5	77	5	75	6	74	8	72	11	69	15	65	18	60	20	54	21	47	21	40	20	33	18	27	17	21	15	16	12	12	9	9	6	7	4	6	3	6	3	
90:
59	7.192	8	63	9	62	9	60	10	57	12	53	15	48	19	43	23	37	28	32	33	28	39	25	45	23	50	22	54	22	57	23	59	25	60	28	60	32	59	35	59	38	60	40	62	41	65	41	69	40	72	40	74	41	75	43	75	46	74	50	72	55	69	59	65	62	60	64	56	66	53	67	51	67	48	66	46	64	45	63	45	63	46	64	48	66	51	69	53	72	54	75	54	78	53	81	51	83	48	84	44	84	40	83	35	82	29	80	23	77	18	73	14	69	11	66	9	64	8	63	8	63	
91:
61	5.617	40	14	39	15	37	17	34	20	30	23	25	27	20	30	16	32	13	33	11	35	10	38	10	41	11	45	13	50	16	56	20	61	25	66	31	70	38	73	46	75	53	77	59	78	64	78	69	77	74	75	78	73	81	70	83	66	84	62	84	59	83	55	81	51	78	48	75	44	71	41	68	39	66	38	65	38	65	37	66	35	68	32	71	28	75	25	79	22	82	19	84	15	85	12	85	10	84	8	82	7	79	6	75	6	70	6	64	5	58	5	53	6	49	7	46	9	43	11	41	13	40	14	40	14	
92:
46	0.781	43	21	42	20	41	18	41	16	42	15	44	13	47	12	51	12	56	11	61	9	66	8	70	8	73	9	75	11	76	14	76	18	76	23	75	29	75	36	76	42	78	47	80	51	81	56	81	61	80	65	78	68	75	70	71	71	66	71	61	70	55	68	48	65	42	61	37	56	33	50	30	44	28	38	27	33	27	29	28	26	30	24	33	22	37	21	40	20	42	20	43	21	43	21	
93:
60	4.299	44	3	43	4	41	5	40	7	40	10	40	14	41	17	43	19	46	20	49	20	53	19	57	17	62	14	66	12	69	11	71	11	72	12	72	14	71	17	69	21	66	26	62	31	58	35	54	38	51	40	49	42	48	45	48	49	48	54	48	60	49	66	49	72	48	77	46	81	43	84	39	86	34	87	28	88	21	88	15	87	10	86	5	84	1	82	-2	79	-4	75	-5	70	-5	64	-4	57	-2	49	1	40	5	32	10	25	16	19	23	14	29	10	34	7	38	5	41	4	43	3	44	3	44	3	
94:
55	5.707	1	53	2	52	4	50	7	47	11	43	16	40	22	37	28	33	33	30	39	26	44	21	48	15	51	10	53	6	54	3	54	1	53	0	51	0	50	1	49	3	47	6	46	10	46	15	45	21	45	28	44	36	43	45	43	53	44	60	44	67	45	73	45	78	44	82	42	85	39	87	35	88	31	88	28	87	26	85	25	82	25	78	26	73	27	67	28	62	28	58	27	55	25	53	22	52	18	52	15	53	11	53	7	52	4	52	2	52	1	53	1	53	
95:
60	3.688	15	24	14	23	12	22	9	21	5	19	2	16	0	13	-1	10	-1	8	0	7	2	6	5	5	9	4	14	3	20	3	26	3	33	2	41	1	50	-1	58	-2	65	-3	71	-3	76	-2	80	0	83	2	85	5	86	8	86	12	85	17	83	22	80	27	76	31	71	36	66	40	61	45	57	51	54	58	50	64	46	69	41	74	36	78	30	81	23	83	17	84	11	84	6	83	2	81	-1	78	-3	74	-4	69	-4	63	-3	56	-1	49	2	43	5	38	9	34	12	30	14	27	15	25	15	24	15	24	
96:
64	1.682	74	76	75	75	77	73	80	70	84	66	87	61	89	55	90	48	90	41	89	34	87	28	84	22	80	17	75	13	69	10	64	8	60	6	56	5	52	4	49	4	47	5	46	7	46	10	47	14	49	19	51	25	53	30	54	34	54	37	53	39	51	41	48	42	44	42	39	41	33	39	26	36	19	33	13	31	8	30	4	30	1	31	-1	33	-2	36	-2	40	-1	45	1	51	3	57	6	63	10	68	15	72	21	75	28	77	34	78	39	78	44	77	48	75	51	73	55	71	60	70	64	70	68	71	71	73	73	75	74	76	74	76	
97:
58	27.23	46	30	45	30	43	31	42	31	40	30	39	28	39	25	40	21	42	17	45	14	49	11	54	9	60	8	66	8	72	9	77	11	81	14	84	18	86	22	87	27	87	33	86	40	84	48	81	55	77	61	72	66	67	72	63	77	59	81	54	84	48	86	41	87	34	87	27	86	21	84	16	81	12	77	9	72	7	66	6	61	6	56	7	51	8	47	10	44	13	42	17	41	22	41	28	42	34	43	39	44	43	44	46	43	48	41	49	38	49	35	48	33	47	31	46	30	46	30	
98:
67	7.869	76	39	75	40	73	42	71	45	70	49	70	54	69	59	68	63	67	67	66	72	66	76	65	79	65	81	66	82	67	82	67	81	66	80	64	78	62	75	60	71	57	68	53	66	48	65	42	65	37	66	31	68	25	71	20	73	16	74	13	74	11	73	10	71	9	68	9	64	10	59	10	53	9	46	8	40	7	35	5	31	3	27	1	24	0	22	0	21	1	21	3	22	6	22	10	21	15	19	20	16	26	13	32	10	39	7	47	5	54	4	60	4	65	5	69	7	72	10	74	14	75	19	75	24	74	29	74	33	74	36	75	38	76	39	76	39	
99:
62	17.007	86	26	85	27	83	29	80	32	76	35	71	39	65	44	60	48	56	51	53	53	51	54	50	54	50	53	50	51	49	48	47	44	44	39	40	35	35	31	29	28	23	26	18	23	14	21	11	20	9	20	8	21	8	23	9	25	11	27	14	29	18	32	22	36	25	41	27	47	28	53	28	60	29	68	30	75	32	81	35	86	39	90	43	93	48	95	54	97	61	98	67	98	72	97	76	95	79	92	81	88	82	83	82	77	81	70	81	62	81	54	80	47	80	41	80	36	81	32	83	29	85	27	86	26	86	26	