0:
59	4.33	1	19	2	20	4	21	7	23	11	24	16	24	22	24	29	23	37	23	46	24	54	26	61	29	67	33	72	38	78	44	83	50	87	57	90	64	92	70	93	75	93	79	92	82	90	84	87	85	83	85	78	84	72	82	66	79	60	76	54	72	49	67	45	63	42	59	40	56	39	54	39	53	38	53	38	54	37	56	35	59	33	62	30	65	26	67	21	68	16	68	11	67	7	65	4	63	2	60	1	56	1	51	1	45	2	39	4	34	5	29	5	25	4	22	2	20	1	19	1	19	
1:
65	25.866	79	25	80	24	81	24	83	25	86	27	90	30	93	34	95	39	96	45	97	51	98	57	98	62	97	66	95	69	94	71	93	72	91	72	88	71	84	69	79	68	73	68	66	69	58	71	49	72	41	72	33	71	26	69	20	66	15	62	11	57	8	51	6	45	5	39	5	32	6	25	7	19	9	14	12	9	16	5	21	2	25	0	28	-1	30	-1	31	0	31	2	30	5	28	9	27	14	27	20	28	25	30	29	33	33	37	36	41	39	46	41	52	42	59	42	65	41	70	39	74	36	77	32	79	29	80	27	80	26	79	25	79	25	
2:
70	41.524	51	75	51	74	50	72	50	69	51	65	53	60	54	54	54	48	53	41	51	33	48	26	45	20	41	15	37	11	32	8	26	6	19	5	12	5	6	6	0	8	-5	11	-9	15	-12	20	-14	26	-15	33	-16	41	-16	48	-15	54	-13	59	-10	64	-6	68	-1	71	4	73	10	74	15	74	19	73	23	71	26	68	28	64	29	59	29	53	29	47	29	40	28	33	28	27	29	22	31	18	34	15	38	13	43	12	48	12	53	13	59	13	64	13	68	14	71	16	73	19	75	22	76	26	76	31	76	37	75	44	73	51	70	57	66	62	61	66	57	69	54	72	52	74	51	75	51	75	
3:
61	14.246	6	51	7	50	9	48	12	45	14	41	16	36	17	31	17	26	16	22	15	19	15	16	16	12	18	9	21	7	25	6	29	6	32	7	35	9	38	12	41	16	44	21	48	25	53	28	59	30	64	32	68	34	71	35	73	35	75	34	76	32	76	31	75	30	73	29	70	29	66	30	62	32	57	35	52	39	47	44	41	50	36	56	32	63	29	69	27	74	25	78	23	81	20	84	16	86	11	87	7	87	4	86	1	84	-1	81	-2	77	-3	72	-3	66	-2	61	0	57	3	54	5	52	6	51	6	51	
4:
66	77.087	92	7	91	8	89	10	86	13	82	16	77	18	71	19	64	19	56	19	49	18	42	16	36	15	31	15	27	16	24	18	22	21	21	25	21	30	22	36	24	43	25	50	25	57	24	64	22	70	19	75	16	79	13	82	10	84	8	87	7	90	7	92	8	94	10	95	13	95	17	95	22	94	26	92	29	89	31	85	33	80	36	74	40	69	45	65	51	62	57	60	64	59	70	59	75	60	79	61	82	62	84	62	85	61	85	60	84	58	83	55	83	51	84	46	86	40	89	34	91	28	92	22	92	17	91	13	91	10	91	8	92	7	92	7	
5:
78	26.961	30	17	31	18	33	18	36	17	40	17	45	18	50	20	56	23	62	27	67	32	72	38	76	45	80	53	83	62	85	70	86	77	87	83	87	88	86	92	85	95	83	97	80	98	76	98	72	97	69	95	67	92	66	88	66	83	67	77	69	71	72	64	76	56	81	48	86	40	90	33	93	27	95	22	96	18	96	15	95	13	93	12	90	12	86	13	81	15	75	18	68	22	60	27	52	32	45	37	37	41	30	45	23	48	17	50	12	51	7	51	3	50	0	48	-2	45	-3	41	-3	36	-2	30	0	24	3	19	7	13	12	8	18	4	24	1	29	-1	33	-2	36	-2	38	-1	39	1	39	4	38	8	36	11	33	14	31	16	30	17	30	17	
6:
70	8.023	18	51	19	50	21	49	24	48	28	46	32	44	36	43	39	41	41	38	42	34	42	31	41	28	39	26	36	25	32	23	27	22	23	21	20	21	18	20	17	18	17	15	18	11	20	8	23	5	27	3	32	2	38	2	45	2	53	2	62	3	70	5	77	8	83	12	88	16	92	21	95	27	97	34	98	42	99	51	99	59	100	66	101	72	101	77	100	81	98	84	95	86	91	87	86	88	80	88	73	88	65	89	56	91	47	94	38	97	30	99	23	100	17	100	12	99	8	97	5	94	3	90	2	85	2	79	3	72	5	66	8	61	12	57	15	54	17	52	18	51	18	51	
7:
70	23.32	36	50	37	49	39	47	42	44	46	40	51	37	57	34	63	32	70	31	76	31	81	32	85	34	88	37	90	41	91	46	91	52	92	59	92	66	92	73	93	79	93	84	92	88	90	91	88	93	86	94	84	94	82	93	81	91	79	88	78	84	78	79	79	73	81	66	83	58	86	51	90	45	93	40	95	35	96	30	96	24	95	17	93	9	91	2	88	-4	84	-9	79	-13	73	-16	66	-18	58	-19	50	-19	43	-19	37	-18	32	-16	28	-13	25	-11	23	-8	22	-4	22	1	23	5	25	10	28	16	32	21	35	27	37	32	39	36	40	40	40	44	39	47	37	49	36	50	36	50	
8:
63	3.22	5	18	6	19	8	21	10	24	12	27	15	30	19	32	24	33	29	33	33	32	36	30	38	27	39	25	39	23	38	22	36	22	33	21	29	20	25	18	20	16	14	13	9	11	4	10	0	10	-3	11	-5	13	-6	16	-6	20	-5	25	-4	31	-2	38	1	44	5	51	10	59	14	66	17	72	20	77	24	81	27	84	31	86	36	87	42	87	47	86	51	84	54	82	56	79	58	75	59	70	59	64	58	57	56	50	53	44	49	38	44	33	38	29	32	26	26	24	20	23	15	22	11	21	8	19	6	18	5	18	5	18	
9:
69	91.011	71	51	72	52	72	54	71	57	70	61	68	66	65	72	61	78	56	83	50	87	44	90	38	92	33	93	29	93	26	92	24	90	23	87	23	83	24	78	26	73	29	67	33	60	38	52	43	45	47	39	50	34	52	30	53	27	53	25	52	23	50	21	47	19	43	17	38	16	32	16	26	17	20	19	15	22	11	26	8	31	6	36	5	41	5	46	6	50	8	53	11	55	14	57	18	58	23	58	29	57	35	55	42	53	49	50	57	46	64	42	70	39	75	36	79	34	82	33	84	33	85	33	85	34	84	36	82	38	79	41	77	45	74	48	72	50	71	51	71	51	
10:
70	5.599	59	27	58	28	56	30	53	32	50	35	48	37	46	38	45	38	45	37	45	35	44	32	42	28	39	23	36	19	32	15	27	12	21	10	15	9	10	8	6	8	2	9	-1	11	-3	14	-4	18	-4	22	-3	27	-1	33	2	39	6	44	11	48	16	52	20	57	23	63	25	70	26	77	27	83	28	89	29	94	30	98	32	101	35	103	39	104	44	104	50	103	57	101	65	98	72	95	78	91	83	86	87	80	90	73	94	65	98	56	101	47	103	39	104	32	104	26	103	21	101	17	98	14	94	12	90	11	85	11	80	12	74	14	69	17	65	21	62	24	60	26	59	27	59	27	
11:
73	33.261	64	52	63	51	61	50	58	49	54	49	49	50	43	50	36	49	28	47	21	44	15	40	10	35	6	29	3	23	1	18	0	14	0	10	0	7	1	5	3	4	6	4	10	5	15	5	21	5	28	4	34	4	39	4	43	4	46	5	48	7	50	10	51	13	51	17	50	22	48	28	45	35	41	43	36	52	31	60	25	67	20	73	16	78	13	82	11	85	10	87	10	88	11	88	13	87	16	85	20	82	25	80	31	79	38	79	44	80	49	82	53	85	57	88	62	91	68	93	73	94	77	94	80	93	82	91	83	88	83	84	82	79	80	73	77	67	73	62	70	58	67	55	65	53	64	52	64	52	
12:
68	21.923	30	21	29	20	27	19	24	18	20	18	15	17	10	17	6	18	3	20	1	22	0	25	0	28	1	31	3	33	6	34	10	34	15	33	20	33	26	34	33	36	39	39	46	41	54	42	61	42	67	43	72	45	76	48	79	51	81	55	82	59	82	62	81	65	79	67	76	69	74	71	73	74	73	76	74	77	76	77	79	76	83	75	86	73	88	70	90	66	91	61	91	55	91	48	92	40	93	33	94	26	95	20	95	15	94	11	93	8	91	6	88	5	84	5	79	6	73	8	66	11	58	15	51	18	45	20	40	21	36	21	33	22	31	22	30	21	30	21	
13:
66	8.633	27	84	28	83	30	82	33	80	37	77	41	73	46	68	52	63	59	58	66	52	72	47	77	43	81	40	84	38	86	35	87	31	87	26	86	22	84	18	81	13	77	9	72	4	66	0	59	-3	51	-5	43	-6	35	-6	28	-5	22	-3	16	0	11	4	7	8	4	13	2	19	1	25	1	30	2	34	4	37	7	39	11	40	16	41	22	41	29	42	37	44	45	47	52	50	58	53	63	57	67	61	70	66	72	72	73	78	73	84	72	89	70	93	67	96	63	98	58	99	52	99	46	98	41	96	37	93	33	90	30	87	28	85	27	84	27	84	
14:
69	33.505	46	23	45	24	43	26	40	29	38	33	35	38	32	43	28	48	25	53	23	59	22	66	22	72	23	77	25	81	28	84	32	86	37	87	42	87	48	86	53	84	57	81	62	77	66	72	69	66	72	59	74	52	75	44	77	37	80	31	83	25	86	20	90	16	93	12	95	9	96	7	97	6	97	5	96	5	94	6	91	8	87	11	82	15	77	19	71	22	65	24	59	26	52	28	44	31	36	33	29	34	23	34	18	33	14	31	11	28	9	24	8	21	8	17	9	14	11	12	14	11	18	11	23	12	29	14	34	17	38	20	41	22	43	23	45	23	46	23	46	23	
15:
61	10.992	9	73	8	73	6	74	4	76	3	79	3	83	4	88	6	92	8	96	11	99	15	101	20	102	25	102	29	101	32	99	34	96	35	92	35	87	35	83	36	80	38	78	41	77	45	77	50	78	56	80	63	82	71	83	78	84	84	84	89	84	93	85	96	87	98	90	99	92	99	93	98	93	96	92	93	90	89	87	85	83	80	79	75	75	71	70	68	64	66	58	65	53	63	49	60	46	56	44	51	43	45	43	38	44	31	46	25	49	20	53	16	58	13	63	11	67	10	70	10	72	9	73	9	73	
16:
67	18.279	45	4	46	4	48	4	50	5	53	7	57	10	62	14	68	19	73	25	79	31	84	38	88	46	91	55	93	63	94	70	94	76	93	82	91	88	88	93	84	97	79	100	73	102	66	103	58	103	50	102	43	100	37	97	32	93	28	89	24	85	21	82	18	80	16	79	15	78	15	76	16	73	18	70	21	66	25	63	29	61	33	58	36	54	38	50	39	47	39	44	38	41	36	39	33	36	30	33	26	30	22	26	18	22	15	18	13	14	12	10	12	6	13	2	15	-1	18	-3	21	-4	25	-4	30	-3	35	-1	39	1	42	3	44	4	45	4	45	4	
17:
57	19.119	25	25	25	24	24	22	23	19	21	15	18	10	15	6	12	3	8	1	5	0	3	0	2	1	2	3	3	6	5	10	6	15	6	20	5	26	3	31	1	35	0	38	0	40	1	41	3	41	6	40	8	40	11	41	15	43	19	46	24	50	28	55	31	61	34	66	36	72	39	78	41	83	43	87	45	90	46	92	48	93	51	93	55	92	58	90	60	87	61	83	61	79	60	74	58	68	55	61	51	53	46	46	40	40	35	35	31	31	28	28	26	26	25	25	25	25	
18:
63	7.623	37	87	36	86	34	85	31	85	28	85	25	85	22	85	20	84	19	82	19	81	20	80	22	79	25	77	29	74	33	70	38	65	44	59	50	52	55	44	59	37	62	31	64	26	66	22	67	18	67	15	66	13	64	10	62	8	61	5	59	1	56	-2	53	-4	49	-5	44	-5	38	-4	33	-2	29	1	26	5	24	10	23	16	23	22	24	27	26	33	29	39	32	45	36	50	41	54	47	59	52	64	56	68	59	71	61	73	62	75	62	78	61	82	59	85	56	88	52	90	47	91	43	91	40	90	38	88	37	87	37	87	
19:
62	10.753	46	53	45	54	43	56	42	59	41	62	41	66	41	71	42	76	44	82	46	87	47	91	47	94	47	96	46	97	44	97	41	96	37	94	32	91	26	87	21	82	16	76	12	69	9	62	7	56	6	51	6	45	7	40	7	36	6	31	5	27	5	24	6	22	8	21	11	21	15	22	20	23	26	25	32	28	39	32	47	37	54	43	60	49	65	56	69	62	72	68	74	73	75	77	75	80	74	82	72	83	69	83	65	82	60	81	56	79	52	76	49	72	47	68	46	63	46	59	47	56	47	54	46	53	46	53	
20:
65	5.036	22	43	23	44	24	45	26	46	29	46	32	45	36	43	39	40	41	36	44	33	46	31	47	30	49	30	52	31	56	33	61	36	67	40	73	45	80	51	86	57	91	64	95	71	98	77	100	82	101	86	101	89	100	91	98	92	95	92	91	91	87	89	82	86	76	82	70	77	63	71	55	65	47	59	38	54	30	50	23	47	17	45	12	44	8	43	5	42	3	40	2	37	2	33	3	28	5	24	8	20	11	17	15	15	19	14	22	14	24	14	25	15	25	17	24	20	24	24	23	28	21	33	20	37	20	40	21	42	22	43	22	43	
21:
72	6.167	9	25	10	24	12	24	15	24	19	23	23	22	28	21	34	19	40	17	47	15	53	14	58	14	62	14	65	15	67	16	68	17	68	17	67	17	65	17	62	18	59	18	57	19	56	21	56	24	57	27	59	31	62	36	66	42	71	49	76	57	81	64	85	70	89	76	93	81	96	85	98	88	99	90	99	91	98	91	96	91	93	91	89	90	84	88	78	85	71	83	63	81	54	79	46	78	39	78	33	78	27	78	22	78	17	77	13	77	10	78	8	79	7	80	7	80	8	79	10	77	13	74	16	70	18	65	19	59	19	52	18	46	16	40	13	35	11	31	10	28	9	26	9	25	9	25	
22:
72	31.262	86	4	85	3	83	3	80	4	77	6	73	9	68	13	63	17	58	22	54	28	51	34	49	41	48	49	48	58	49	66	51	73	53	79	56	84	58	88	59	92	59	95	58	97	56	98	53	98	49	98	44	97	38	95	32	92	26	89	21	85	17	81	14	77	12	73	11	68	11	62	12	55	14	48	17	42	20	37	24	32	29	28	35	25	42	23	48	22	53	22	58	22	62	23	65	25	67	28	68	32	70	36	73	41	77	45	82	48	86	51	91	53	95	54	99	54	102	53	104	51	105	48	106	45	106	41	105	36	103	31	100	25	97	19	94	14	91	10	89	7	87	5	86	4	86	4	
23:
78	14.963	4	10	5	11	7	12	10	12	14	12	19	12	25	11	32	9	39	7	47	5	56	4	64	4	71	5	77	6	83	7	88	8	92	10	95	13	97	17	98	22	98	28	97	35	95	43	92	52	88	61	83	69	77	76	70	82	62	87	53	91	44	94	36	96	29	97	23	97	18	96	14	94	11	91	9	87	8	82	7	76	7	71	8	66	10	62	13	59	17	57	22	56	28	56	35	57	43	59	50	60	56	62	63	65	70	67	76	68	81	68	85	67	88	67	90	66	91	64	91	61	90	57	88	52	85	46	81	40	76	33	70	27	64	22	57	18	49	15	40	13	32	12	25	12	19	13	14	14	10	14	7	13	5	11	4	10	4	10	
24:
65	3.644	46	48	46	47	47	45	49	42	52	39	56	37	60	36	63	36	65	37	66	39	66	42	66	46	66	51	67	57	68	62	68	68	68	73	68	79	67	84	65	88	62	91	58	93	53	95	48	96	42	96	35	96	29	95	24	93	20	90	17	86	15	81	14	75	14	69	15	64	17	60	19	56	20	53	20	49	19	44	17	38	14	33	10	29	6	25	3	22	1	18	0	13	0	9	1	6	3	3	6	1	10	0	15	0	19	1	22	3	24	6	26	10	28	15	29	21	31	27	34	33	38	38	41	42	43	45	45	47	46	48	46	48	
25:
76	10.256	67	34	66	35	64	37	61	40	57	44	52	49	46	55	39	61	33	67	28	73	24	78	20	82	17	85	15	87	14	88	14	88	15	87	17	85	20	82	22	78	24	73	27	67	31	60	35	52	38	43	40	35	41	28	41	22	40	17	38	13	35	10	32	7	28	5	23	4	17	4	12	5	8	6	5	8	3	11	2	15	2	20	3	26	5	33	8	41	12	49	16	56	20	62	25	68	29	73	33	77	37	80	42	82	47	83	52	83	58	82	65	80	72	77	78	74	84	72	89	71	93	71	96	70	98	69	99	67	99	64	98	62	96	59	94	56	91	53	87	51	82	48	77	44	73	40	70	37	68	35	67	34	67	34	
26:
59	7.471	60	50	61	51	61	53	60	56	60	60	61	65	61	70	60	75	58	79	55	82	51	85	47	87	43	88	38	90	33	92	28	95	22	97	17	98	12	98	8	97	5	95	3	92	2	88	2	83	3	78	5	74	8	69	11	63	13	56	14	48	14	40	13	32	12	25	12	19	13	14	15	10	18	7	22	5	27	4	33	4	38	3	44	2	51	2	58	3	64	5	69	8	73	12	76	17	78	23	79	30	79	36	78	41	76	45	73	48	70	50	66	51	63	51	61	51	60	50	60	50	
27:
67	23.295	15	74	16	73	18	71	21	69	25	67	30	66	36	66	43	67	51	69	59	72	66	75	72	77	77	80	81	84	84	88	86	91	88	93	90	94	93	94	97	93	100	91	102	88	103	84	103	79	102	73	100	66	97	60	93	54	88	48	83	42	79	37	76	31	74	24	73	18	71	12	68	7	64	3	59	0	53	-2	46	-4	40	-5	35	-5	31	-4	27	-2	24	1	22	5	21	10	21	14	22	17	24	19	27	20	30	21	32	22	33	24	33	27	32	31	30	36	27	40	23	45	19	50	16	56	14	61	13	65	13	68	14	71	15	73	15	74	15	74	
28:
62	2.737	24	54	25	55	27	57	28	60	28	64	29	69	31	75	34	80	37	84	40	87	44	90	49	92	55	93	61	93	66	92	70	90	73	87	76	83	78	78	79	72	80	66	80	59	79	51	77	42	74	33	70	25	65	18	59	12	52	7	45	3	37	0	30	-2	23	-3	17	-3	12	-2	8	0	5	3	3	7	2	11	1	16	0	20	0	24	1	27	3	29	6	30	10	32	15	35	20	39	25	44	30	50	34	55	37	59	39	62	40	64	40	65	39	65	37	64	34	62	30	60	27	57	25	55	24	54	24	54	
29:
70	12.958	43	43	44	42	46	40	48	37	51	35	55	33	59	32	63	32	66	33	68	35	69	38	69	41	68	45	66	48	64	50	61	51	57	51	52	50	46	48	39	45	33	41	27	36	22	31	18	27	15	23	13	19	12	15	12	12	13	10	15	8	18	6	22	4	27	3	33	3	40	4	48	6	57	7	66	9	74	12	81	16	87	19	92	23	96	28	99	34	102	40	104	47	105	55	105	62	104	69	102	75	99	80	95	84	90	87	84	89	77	90	70	91	62	91	55	90	49	88	44	85	40	81	37	76	35	70	34	64	34	58	35	53	37	49	40	46	42	44	43	43	43	43	
30:
63	19.648	61	79	60	78	58	76	55	73	52	69	48	64	43	59	38	53	34	46	31	40	29	33	28	26	28	20	29	15	31	11	34	8	38	6	43	5	49	5	56	6	64	8	71	10	77	13	83	16	88	18	92	20	95	21	97	21	98	20	98	19	97	18	95	18	92	18	88	19	83	21	77	24	70	28	62	33	54	39	47	46	41	52	36	57	31	63	27	69	24	76	22	82	21	87	19	91	18	94	18	96	19	97	21	97	24	96	28	94	33	91	39	88	44	84	49	81	53	79	56	78	58	78	60	79	61	79	61	79	
31:
52	3.528	41	20	41	21	42	22	44	24	46	26	49	29	53	33	58	38	63	44	67	51	70	59	73	66	75	72	77	77	79	81	80	84	81	86	81	87	80	87	79	86	77	84	75	82	72	81	68	80	63	80	58	81	54	83	51	86	49	90	48	94	46	97	44	99	41	100	37	100	32	99	28	97	25	94	23	90	22	85	22	80	23	74	25	67	28	60	32	53	35	47	38	41	40	35	42	30	43	26	43	23	42	21	41	20	41	20	
32:
61	9.433	27	15	28	14	30	14	32	14	34	15	35	17	35	20	35	24	36	28	38	33	41	38	45	42	50	45	56	49	63	52	71	54	79	55	86	55	92	54	97	52	101	49	104	45	106	40	107	34	107	27	106	21	104	16	101	12	98	9	95	7	91	6	88	6	86	7	85	9	84	12	82	16	79	21	75	25	70	28	64	30	57	31	49	31	41	30	33	28	26	26	20	23	15	19	11	15	8	12	6	10	5	9	5	7	6	6	8	5	11	5	14	6	18	8	21	11	24	13	26	14	27	15	27	15	
33:
69	47.679	71	26	70	26	69	25	67	23	64	20	60	18	55	15	49	11	42	8	34	6	27	5	21	5	15	5	10	4	6	4	3	5	1	7	0	10	0	13	1	16	3	20	6	24	10	28	15	32	21	36	27	39	32	41	36	42	39	43	41	45	42	48	42	52	41	56	39	60	36	64	32	69	27	73	21	76	16	80	12	83	9	87	7	90	6	92	6	94	7	96	9	97	12	97	16	97	21	98	27	98	34	97	42	96	49	95	56	94	63	92	69	89	74	85	78	80	81	74	83	68	84	61	84	54	83	47	81	41	79	36	76	32	74	29	72	27	71	26	71	26	
34:
71	20.636	48	26	48	25	47	23	46	20	44	16	41	13	38	11	34	10	29	10	23	11	18	13	13	16	9	20	6	25	4	31	2	37	1	44	-1	52	-3	59	-4	67	-5	74	-5	80	-4	85	-2	89	1	92	5	94	10	95	15	95	21	94	28	92	36	89	44	86	51	84	57	82	63	79	68	77	72	76	75	76	77	77	78	79	78	82	77	85	76	88	76	90	76	92	76	93	77	93	79	92	82	90	86	87	90	83	93	79	95	74	98	68	100	61	101	54	101	48	100	43	98	38	95	33	91	29	86	25	80	22	73	20	67	19	62	19	58	20	54	22	51	23	49	25	48	26	48	26	
35:
73	27.177	25	88	26	87	28	86	31	84	35	81	40	77	46	72	53	67	59	61	64	54	68	47	71	41	73	36	74	32	74	29	73	27	71	26	68	26	65	27	61	28	56	29	50	31	44	33	38	34	32	34	27	34	23	34	20	34	18	33	17	31	17	28	18	24	20	20	23	15	26	11	30	8	35	6	41	5	48	5	56	5	65	4	75	3	84	3	92	3	99	4	105	6	110	9	115	13	119	18	122	24	124	31	125	39	125	47	124	55	122	63	119	72	115	80	110	87	104	93	97	98	91	102	85	105	78	107	70	108	61	108	53	107	46	105	40	102	35	98	31	94	28	91	26	89	25	88	25	88	
36:
73	36.917	48	78	47	79	47	80	48	82	50	85	52	87	55	90	59	92	63	93	66	93	68	92	69	90	69	87	68	84	66	80	63	75	59	69	55	62	52	56	50	49	49	42	49	36	50	31	52	27	55	24	58	22	62	21	67	21	71	22	74	24	76	27	77	31	79	35	81	39	84	42	88	44	93	45	97	45	100	44	102	42	103	39	103	35	102	30	100	25	97	20	93	16	88	13	82	10	75	6	67	2	58	-1	49	-3	41	-4	34	-5	28	-5	23	-4	19	-2	16	1	14	4	13	8	13	13	14	19	16	26	19	34	23	42	27	50	31	57	34	63	38	68	42	72	45	75	47	77	48	78	48	78	
37:
70	11.776	86	82	85	83	83	85	80	88	77	91	73	93	68	94	63	94	57	94	50	93	42	91	33	88	25	84	18	80	12	75	7	70	3	64	0	57	-2	49	-3	41	-3	33	-2	26	0	20	2	15	5	11	9	8	14	6	18	5	21	5	23	6	24	8	25	11	25	15	24	20	24	25	25	30	26	34	28	37	31	39	35	40	40	40	45	39	50	37	54	34	57	30	59	25	60	20	60	15	60	11	59	8	59	6	60	5	62	5	65	6	69	8	72	11	75	15	79	20	83	26	86	33	88	41	89	49	90	56	91	62	91	67	90	72	88	76	87	79	86	81	86	82	86	82	
38:
66	0.725	31	39	30	38	28	38	25	39	21	41	17	44	14	48	12	53	10	58	9	64	9	71	9	77	9	82	10	86	12	89	14	92	17	94	21	95	26	95	31	94	35	92	38	89	40	85	42	82	44	80	47	79	50	79	52	80	54	82	56	85	59	89	63	93	66	96	70	98	75	99	79	99	82	98	84	96	85	93	85	89	84	84	82	79	79	74	75	68	70	61	65	54	59	46	52	39	45	33	39	27	33	22	28	18	23	15	19	13	16	12	14	12	13	13	13	15	14	17	16	20	18	24	21	29	25	33	28	36	30	38	31	39	31	39	
39:
65	2.415	16	33	17	34	19	36	21	38	22	39	22	41	21	43	19	46	16	49	12	53	9	57	7	62	6	66	6	70	7	73	9	75	12	76	16	76	21	75	27	74	34	74	40	73	46	71	53	68	61	64	68	61	74	59	79	58	83	58	86	58	88	59	89	61	89	64	88	67	88	69	89	70	91	70	92	69	94	67	95	64	95	60	94	55	92	49	89	43	85	37	80	32	74	28	67	24	59	20	51	16	44	13	36	10	29	8	23	7	18	7	14	8	11	10	9	12	8	15	8	19	9	23	11	27	13	30	15	32	16	33	16	33	
40:
75	40.822	40	44	41	43	41	41	42	38	43	34	45	30	46	27	46	25	45	24	43	24	40	25	36	27	33	30	29	34	26	39	22	43	17	46	13	48	9	50	6	51	4	51	3	50	2	48	2	45	3	41	5	36	8	30	11	24	15	19	20	15	26	12	33	10	41	9	50	9	59	9	67	8	75	6	82	4	88	3	93	3	97	4	100	6	102	9	103	13	103	18	102	24	100	31	97	39	93	48	90	57	88	65	87	72	85	78	84	84	84	89	85	93	85	96	85	98	84	99	82	99	79	98	77	96	76	93	75	89	74	84	72	78	69	73	65	67	60	62	55	58	50	54	46	50	43	47	41	45	40	44	40	44	
41:
76	22.453	10	5	11	6	11	8	12	10	13	13	13	17	14	22	16	28	18	35	21	43	23	50	26	57	28	63	29	68	30	72	30	75	30	77	30	78	31	78	32	77	34	75	37	72	41	68	46	63	52	57	59	50	65	42	70	35	75	28	81	22	86	16	90	11	93	7	95	4	96	2	98	1	100	1	102	2	105	4	109	7	112	11	114	16	115	22	115	29	114	37	112	46	109	56	106	65	102	73	97	80	91	86	84	91	76	95	69	98	62	100	54	101	45	101	37	100	30	98	24	95	18	91	13	86	9	80	6	73	3	66	1	58	0	49	0	41	1	33	3	26	4	20	6	15	8	11	9	8	9	6	10	5	10	5	
42:
73	16.755	77	4	78	5	80	6	83	8	87	11	90	15	92	19	93	24	93	28	92	31	90	33	87	35	83	36	78	38	72	39	65	39	58	38	52	36	47	33	42	29	38	24	35	18	33	13	32	9	32	6	33	3	35	1	36	0	36	0	35	1	33	3	30	6	27	10	25	15	24	20	24	26	23	32	23	39	24	47	25	56	27	64	30	71	34	77	38	83	43	88	49	92	56	95	64	97	72	98	80	98	87	97	93	95	98	92	102	88	105	83	107	77	109	70	110	62	110	53	109	45	109	36	109	28	108	21	106	15	103	10	99	6	94	3	90	1	87	0	83	0	80	1	78	3	77	4	77	4	
43:
64	5.867	33	81	32	80	30	78	29	76	28	73	28	70	29	67	31	65	34	63	37	61	40	58	42	54	43	51	43	49	42	48	40	46	37	45	33	45	28	46	23	47	19	49	16	51	13	52	11	52	10	51	10	49	11	46	13	42	16	37	20	33	25	28	29	24	33	21	38	19	44	18	49	18	55	19	61	21	66	24	71	28	75	33	78	39	82	45	87	50	91	54	94	58	96	63	97	68	97	73	96	77	94	81	91	85	87	88	82	90	76	91	69	91	61	91	54	90	48	89	43	87	39	85	36	83	34	82	33	81	33	81	
44:
71	13.309	11	94	10	94	8	93	5	91	3	88	2	84	2	79	3	73	5	66	8	60	12	54	17	48	22	43	26	38	29	34	31	31	32	28	32	26	31	25	29	23	26	20	24	18	23	16	23	14	24	12	26	11	29	11	33	12	37	14	42	17	48	20	54	23	60	25	65	26	69	27	72	27	74	26	75	24	76	21	78	17	80	13	82	10	85	8	89	7	94	7	98	8	101	10	103	13	104	17	104	22	103	28	101	35	98	42	94	50	91	58	87	65	84	72	80	78	75	83	69	87	62	91	55	94	47	96	39	97	32	97	26	97	21	96	17	95	14	94	12	94	11	94	11	94	
45:
62	19.626	6	10	5	11	4	13	3	16	3	20	2	25	2	31	2	38	3	44	5	50	8	55	12	59	17	62	23	64	30	65	37	65	45	65	53	66	61	68	69	71	76	75	82	80	87	84	91	87	94	89	96	90	97	90	97	89	96	87	94	84	91	81	87	78	84	74	82	69	81	63	80	57	78	52	75	47	71	43	66	40	61	37	57	35	54	34	52	34	51	34	51	33	52	31	53	30	53	28	52	25	50	22	47	20	43	19	38	19	32	18	26	17	21	16	16	15	12	13	9	12	7	11	6	10	6	10	
46:
51	1.255	25	57	26	57	28	57	30	56	32	55	34	53	35	50	35	46	34	41	32	35	29	29	26	24	23	20	20	17	18	14	17	12	17	10	18	9	20	9	23	10	27	12	32	14	36	17	40	21	45	26	50	32	56	39	61	46	67	53	72	60	77	67	81	73	84	78	86	82	87	85	87	87	86	89	84	91	81	92	77	92	72	91	66	89	60	86	53	82	46	77	40	72	35	67	31	63	28	60	26	58	25	57	25	57	
47:
68	19.053	20	56	19	55	17	53	15	50	12	46	10	41	8	35	7	29	7	22	8	16	10	11	13	6	17	2	22	-1	28	-3	35	-4	43	-4	51	-3	60	-1	68	2	75	6	81	11	86	17	90	24	93	32	96	39	98	46	99	53	99	59	98	64	96	68	93	71	89	74	84	76	78	78	73	79	69	79	66	78	64	77	62	75	61	72	61	69	62	66	64	64	66	62	69	61	72	61	76	61	79	60	81	58	82	55	82	51	81	46	79	41	76	37	72	34	67	32	61	31	54	31	47	32	41	34	35	37	30	41	26	46	23	50	21	53	20	55	20	56	20	56	
48:
82	22.269	13	76	14	75	16	74	19	73	23	73	28	74	34	76	39	79	43	83	47	87	52	90	58	92	64	93	70	93	77	92	83	90	89	87	95	83	100	78	104	72	107	65	109	57	110	48	110	39	109	31	107	24	104	18	100	12	95	7	89	3	82	0	74	-2	65	-3	56	-3	48	-2	41	0	34	3	28	6	23	10	19	15	15	19	12	22	9	26	7	29	6	31	6	32	7	32	9	31	12	29	16	26	21	24	27	22	33	21	38	21	42	22	45	23	47	25	48	28	49	32	50	37	50	42	50	48	50	55	50	62	49	70	47	77	44	83	40	88	35	92	30	95	26	97	23	98	19	98	15	97	12	95	10	92	9	89	9	86	10	82	11	79	12	77	13	76	13	76	
49:
80	21.756	20	35	21	36	23	37	26	37	30	37	35	38	41	40	47	43	54	47	62	51	69	56	75	62	80	67	84	71	87	75	89	79	90	82	90	84	91	85	93	85	96	84	98	82	99	79	100	75	100	70	99	64	97	57	94	49	90	42	85	36	79	31	72	27	64	24	56	21	48	17	41	13	35	10	30	8	26	7	23	7	21	8	20	10	20	12	21	15	23	18	26	22	30	27	34	33	38	40	41	47	43	55	46	62	49	68	53	73	56	77	58	80	59	82	59	85	58	88	56	91	53	93	49	94	44	94	38	93	32	93	26	92	20	90	15	87	11	83	8	78	6	72	5	65	5	58	6	52	8	47	11	43	14	40	17	38	19	36	20	35	20	35	
50:
64	28.492	84	87	83	87	81	86	78	86	74	85	69	85	63	85	57	85	51	86	46	86	42	85	39	83	37	80	36	76	36	71	37	65	39	58	40	52	40	46	39	41	37	37	34	34	30	31	25	29	20	28	16	28	13	29	10	31	8	34	7	37	6	41	6	46	7	52	9	57	12	61	15	64	19	66	22	67	25	67	29	66	34	64	39	61	44	58	50	55	55	52	61	50	68	49	74	49	79	50	83	52	86	55	89	59	91	64	92	70	94	76	95	81	95	85	94	88	92	90	89	91	87	91	85	90	84	88	84	87	84	87	
51:
60	20.763	2	91	3	90	5	89	8	88	12	87	17	87	23	87	30	87	38	88	46	88	54	87	62	85	70	82	77	78	83	73	88	67	92	60	95	53	97	47	98	42	98	38	97	35	95	33	92	32	88	32	83	31	79	29	76	26	74	22	72	17	70	12	67	8	63	5	58	3	52	2	46	2	40	3	35	5	31	8	28	12	26	17	25	23	25	30	26	38	28	46	30	53	31	59	32	64	32	69	31	73	29	77	26	80	22	82	17	83	13	83	10	84	8	86	5	88	3	90	2	91	2	91	
52:
65	1.767	80	59	80	60	81	62	81	65	80	69	79	74	77	78	75	82	72	85	68	87	63	89	57	92	50	95	42	97	35	98	29	98	22	99	16	99	11	98	7	96	4	95	2	93	1	92	1	90	2	87	4	83	7	78	9	72	12	66	14	61	15	57	15	53	14	50	12	48	11	45	11	41	12	36	14	30	17	24	21	19	26	14	32	10	38	7	45	5	53	3	60	1	68	0	76	0	83	0	89	1	94	3	98	6	101	9	103	12	104	16	104	20	103	25	101	31	98	38	94	44	90	49	86	53	83	56	81	58	80	59	80	59	
53:
80	37.053	19	8	20	9	20	11	21	14	23	18	26	21	30	23	35	24	41	26	48	29	54	32	59	36	63	41	66	47	68	54	69	60	70	66	70	72	69	77	67	82	64	86	60	89	55	91	49	92	42	92	35	92	27	91	20	89	14	86	8	82	3	77	-1	71	-4	64	-6	58	-7	53	-7	49	-6	46	-4	44	-1	43	2	43	4	44	5	46	5	49	6	52	8	56	10	60	13	63	17	65	22	66	28	66	35	66	43	65	52	65	60	64	67	62	74	61	80	60	85	59	89	59	92	60	94	60	95	59	95	57	94	54	92	50	89	45	85	40	80	35	74	30	67	26	61	23	54	21	47	20	40	19	34	17	29	16	25	14	22	11	20	9	19	8	19	8	
54:
60	3.815	81	53	82	54	84	55	86	57	88	60	91	63	93	67	94	72	94	76	93	79	91	83	88	86	84	89	81	91	79	92	77	92	75	91	72	89	69	86	65	82	62	77	59	72	55	68	50	65	44	62	39	60	34	59	29	59	25	59	22	59	20	58	19	56	19	53	20	49	22	44	25	38	29	32	34	26	40	19	46	13	53	8	59	4	64	1	68	-1	72	-2	77	-2	82	-1	87	1	91	4	94	8	96	13	97	19	97	25	96	32	94	38	91	43	87	47	84	50	82	52	81	53	81	53	
55:
59	18.409	22	50	23	51	25	53	28	56	30	59	31	63	31	68	31	74	31	79	32	83	34	86	37	88	41	89	46	89	52	88	58	86	63	83	69	80	74	77	79	75	83	72	86	68	89	63	91	57	92	51	92	44	92	37	92	31	91	26	89	22	86	19	84	17	81	16	78	16	74	17	69	18	63	18	56	17	50	15	45	13	41	10	37	7	34	4	32	2	31	1	29	1	26	2	22	4	19	7	16	11	14	16	13	22	13	29	13	35	14	40	16	44	19	47	21	49	22	50	22	50	
56:
56	7.481	3	95	2	96	0	98	-1	99	-2	99	-2	98	-1	96	1	93	3	89	4	84	4	78	4	71	3	63	3	55	3	46	4	38	4	30	5	23	7	17	10	12	14	8	18	5	21	3	23	2	24	2	24	3	25	4	27	6	30	9	34	13	39	17	44	20	49	22	55	25	60	27	64	29	67	32	69	36	70	40	70	45	69	50	67	55	64	59	60	62	55	64	50	66	44	68	37	71	31	75	24	80	18	85	13	89	9	92	6	94	4	95	3	95	3	95	
57:
75	29.796	45	5	46	6	48	8	51	11	54	13	57	15	59	17	62	18	65	18	67	17	69	15	72	12	75	8	77	3	78	-2	78	-6	77	-10	75	-13	72	-15	68	-16	63	-16	57	-15	50	-13	42	-10	34	-6	27	-1	21	5	16	12	12	20	9	29	7	39	6	49	5	58	5	67	6	76	8	84	11	91	15	97	20	102	26	106	33	109	41	111	50	112	59	112	67	111	74	109	80	106	85	102	89	98	93	93	96	87	98	80	99	74	99	69	98	65	96	62	93	60	89	59	84	58	78	58	71	58	64	57	58	55	52	52	47	48	43	44	40	39	38	33	37	26	37	20	38	15	40	11	42	8	44	6	45	5	45	5	
58:
71	19.513	16	5	15	6	13	8	10	11	8	15	6	19	5	24	5	30	6	37	8	44	11	50	15	57	20	64	25	70	31	75	38	80	46	85	55	89	63	92	70	94	76	95	81	95	85	94	88	92	90	89	91	85	91	80	90	74	88	69	85	65	81	61	78	58	74	56	69	53	64	51	60	50	57	50	54	51	52	53	51	56	51	60	52	64	54	67	57	70	60	72	62	73	65	73	69	72	72	70	75	67	77	63	79	58	80	52	80	45	79	37	77	29	74	22	71	16	68	10	64	5	60	1	55	-2	50	-4	44	-5	37	-5	31	-4	26	-2	22	1	19	3	17	4	16	5	16	5	
59:
69	2.212	79	5	78	4	76	2	73	1	69	0	65	0	60	1	54	3	47	6	41	10	36	15	32	20	28	24	24	27	20	29	15	30	10	30	6	29	3	28	1	28	0	29	0	31	1	34	3	38	6	43	10	49	14	56	18	62	23	69	27	75	31	80	36	84	42	87	47	89	51	90	54	90	56	89	59	87	61	85	62	83	62	82	61	82	59	83	56	85	52	88	47	92	41	95	35	97	30	98	26	98	23	97	21	95	20	92	20	89	21	85	23	80	26	74	30	67	35	59	41	50	48	41	55	33	61	26	66	20	70	15	73	11	76	8	78	6	79	5	79	5	
60:
64	7.585	40	21	41	22	42	24	43	27	43	31	43	36	42	42	40	47	38	51	36	54	35	56	35	57	36	57	38	56	41	54	44	51	48	47	53	43	59	40	64	38	70	37	76	35	81	32	85	28	88	25	90	23	92	22	94	22	97	23	99	25	100	28	100	32	99	37	97	43	94	50	90	57	85	64	80	71	74	78	68	84	61	89	53	93	46	96	39	98	33	99	28	99	24	98	21	96	19	93	18	89	17	84	17	78	16	71	16	64	17	58	18	53	20	47	23	41	26	36	30	31	34	27	37	24	39	22	40	21	40	21	
61:
74	51.429	85	2	84	3	82	4	79	6	77	8	76	9	76	11	77	13	79	16	82	19	86	23	90	28	93	34	95	41	96	49	96	58	95	67	93	76	90	84	87	91	83	97	78	102	72	106	65	109	57	111	48	112	40	112	32	111	25	109	19	106	14	102	10	97	7	92	5	88	4	85	4	82	5	80	7	79	10	79	14	79	19	78	23	76	26	73	28	69	29	64	29	58	28	52	26	45	23	38	20	32	17	27	14	23	12	20	11	18	11	17	12	17	14	17	17	18	21	18	26	17	32	15	38	12	43	8	47	3	51	-1	55	-4	59	-6	64	-7	70	-7	75	-6	79	-4	82	-1	84	1	85	2	85	2	
62:
62	19.543	1	71	2	72	4	73	7	75	11	76	16	77	21	77	27	76	34	74	40	72	45	69	49	65	52	60	54	56	55	53	55	50	56	48	58	47	61	47	65	46	70	46	76	46	81	47	85	47	88	48	90	50	91	52	92	53	94	53	97	52	100	50	102	47	103	43	103	38	102	32	100	26	97	21	94	17	90	14	85	12	80	11	76	11	73	12	69	14	64	16	58	18	51	19	43	19	34	20	26	22	19	25	13	29	8	34	4	40	1	47	-1	53	-2	58	-2	62	-1	65	0	68	1	70	1	71	1	71	
63:
70	26.02	66	97	67	97	69	97	72	96	76	94	81	91	86	87	90	82	93	76	95	69	96	61	96	53	95	46	93	40	90	35	86	31	81	26	76	21	70	16	63	12	55	9	48	7	42	6	37	6	33	7	30	9	28	12	27	16	27	21	27	27	28	34	29	42	30	49	30	55	29	61	27	66	24	70	21	73	19	75	18	76	18	76	19	75	21	73	23	70	24	66	24	61	23	55	21	50	18	45	16	41	15	38	15	36	16	35	18	34	21	34	25	35	30	37	34	40	39	44	44	49	50	55	55	62	59	69	62	76	65	82	67	87	68	91	68	94	67	96	66	97	66	97	
64:
72	8.018	13	81	12	82	12	84	12	87	13	91	14	94	16	96	19	97	21	97	24	96	27	95	31	93	35	90	38	87	40	83	41	79	41	76	41	74	42	73	44	73	47	74	51	76	56	79	62	82	68	84	75	85	83	85	90	84	96	82	101	79	105	75	108	70	110	64	111	58	111	51	110	45	108	40	105	35	101	31	96	28	91	26	86	25	82	25	79	26	76	27	73	27	70	26	68	24	65	21	61	17	56	13	51	10	45	8	38	7	31	7	25	8	19	10	14	12	10	15	6	19	3	24	0	30	-2	37	-3	45	-3	53	-2	60	0	66	3	71	7	75	10	78	12	80	13	81	13	81	
65:
58	0.826	65	53	66	52	67	50	67	49	66	49	64	50	62	50	61	49	61	47	62	45	64	44	67	43	71	43	76	44	81	44	86	43	90	41	93	38	95	34	96	30	96	25	95	19	93	14	90	9	88	5	85	2	81	0	76	-1	71	-1	65	0	58	2	52	5	47	9	42	14	38	20	35	27	33	34	32	40	32	47	31	55	30	62	30	68	31	73	32	77	34	80	37	82	41	83	46	83	50	82	54	80	57	77	59	73	62	68	64	63	65	59	66	56	66	54	65	53	65	53	
66:
71	9.218	77	7	78	8	79	9	79	11	78	14	76	16	73	18	69	20	64	23	58	26	53	29	48	32	44	34	41	35	39	35	38	34	38	33	39	31	41	28	44	24	46	21	47	17	47	12	46	7	44	3	41	0	37	-3	33	-5	29	-6	26	-6	22	-5	18	-3	15	0	13	4	11	9	10	15	8	22	7	30	7	39	8	49	10	58	13	67	17	75	22	82	28	88	35	93	43	97	51	100	58	102	64	103	70	103	75	102	79	100	82	98	85	95	87	91	88	86	88	80	87	73	86	66	84	58	81	49	77	41	74	34	72	28	71	22	71	17	72	13	74	10	76	8	77	7	77	7	
67:
62	12.801	59	83	59	82	59	80	58	77	57	73	55	69	52	65	49	62	47	60	46	59	46	58	47	56	49	54	52	53	56	53	61	53	66	52	70	50	73	48	76	47	78	46	79	44	79	41	78	38	76	34	73	29	69	24	64	20	58	17	51	14	43	12	35	10	28	9	22	9	17	10	13	12	10	15	8	19	7	24	7	30	8	36	9	42	10	49	10	56	9	62	9	67	8	71	8	75	9	78	11	80	14	81	17	81	21	80	26	78	32	76	38	75	44	75	49	76	53	78	56	80	58	82	59	83	59	83	
68:
68	41.63	77	63	78	64	80	65	83	65	86	64	90	63	93	61	95	58	96	54	96	49	95	43	93	36	90	30	86	25	81	21	75	18	68	15	61	13	53	11	44	10	34	9	25	9	16	10	8	12	1	15	-5	19	-10	24	-14	30	-17	36	-19	43	-20	50	-20	58	-19	66	-18	73	-16	79	-13	84	-9	88	-5	91	-2	93	0	94	1	94	1	93	1	91	1	88	2	85	4	81	7	76	11	70	16	65	22	61	29	58	37	56	45	55	52	55	58	56	63	58	67	60	70	63	72	66	73	69	73	71	72	72	72	72	73	71	75	69	76	66	76	64	77	63	77	63	
69:
59	11.271	27	62	28	62	30	61	33	59	36	57	40	56	45	56	49	56	52	57	54	59	55	62	55	66	55	71	56	77	58	82	61	86	65	89	70	91	76	92	82	92	87	91	91	89	95	86	98	82	100	77	101	71	101	64	100	57	98	50	95	44	91	39	86	34	80	30	73	27	66	25	60	22	55	18	51	15	46	13	41	12	35	12	29	13	24	14	20	14	17	14	15	14	14	15	14	17	15	20	17	24	20	29	23	35	26	41	28	47	29	52	29	56	29	59	28	61	27	62	27	62	
70:
71	7.453	9	54	10	54	12	54	15	53	19	51	23	48	28	44	32	40	35	35	37	29	38	24	40	20	43	17	47	15	52	14	58	14	64	15	69	17	74	20	78	24	81	29	84	35	86	42	87	49	87	55	86	60	84	64	81	67	77	70	73	72	70	75	68	79	66	83	65	88	65	92	66	95	66	97	65	98	63	98	60	97	56	95	51	92	47	88	42	83	36	77	30	70	25	62	20	53	16	44	13	36	11	29	10	23	10	18	9	14	8	11	7	9	7	8	8	8	8	9	7	11	5	14	3	18	2	23	1	28	0	33	0	39	1	44	3	48	6	51	8	53	9	54	9	54	
71:
79	4.774	92	43	91	44	91	46	92	48	93	51	93	55	93	60	94	66	96	73	97	79	97	84	96	88	95	91	94	93	92	94	89	94	85	93	80	91	74	88	68	84	63	79	57	74	52	70	48	66	45	61	43	56	42	52	42	48	43	44	45	39	48	33	52	27	57	20	63	14	68	9	72	5	76	2	80	-1	83	-3	85	-4	86	-4	86	-3	85	-1	83	1	80	4	77	7	73	11	68	16	62	21	55	27	47	33	38	40	30	47	23	53	17	59	12	64	8	70	5	76	3	81	2	85	2	88	3	90	5	91	8	91	12	90	17	89	23	87	30	84	38	80	47	75	56	69	64	63	71	58	77	54	82	51	86	49	89	46	91	44	92	43	92	43	
72:
66	3.647	27	61	26	62	25	63	24	64	24	64	25	63	27	61	30	58	33	54	36	49	38	45	39	41	41	38	44	36	48	35	53	35	59	36	66	38	72	39	78	39	83	38	87	37	90	37	92	37	93	38	93	40	92	43	90	45	87	48	83	52	78	57	72	63	65	68	57	72	48	76	40	80	33	84	27	87	20	89	12	90	4	90	-3	89	-9	87	-14	84	-18	80	-21	75	-23	69	-24	63	-24	56	-23	50	-21	45	-18	41	-14	38	-9	36	-3	35	4	35	10	36	15	38	19	41	23	45	26	50	28	54	29	57	29	59	28	60	27	61	27	61	
73:
66	6.817	51	61	51	60	51	58	50	55	48	51	45	48	43	44	41	39	40	33	40	26	41	20	43	15	45	11	48	8	52	5	57	2	63	0	70	-1	77	-1	83	0	88	2	92	4	95	7	97	11	98	16	98	22	97	29	95	36	92	42	88	47	84	51	81	54	79	56	77	57	76	57	76	56	77	54	78	51	78	48	77	44	75	39	72	33	68	26	63	20	57	14	50	9	43	5	37	2	32	0	28	-1	25	-1	23	0	22	2	22	5	23	9	24	14	26	20	28	27	31	34	35	40	38	46	41	51	45	55	48	58	50	60	51	61	51	61	
74:
75	258.947	68	20	67	21	65	23	62	25	58	26	53	26	47	25	40	23	33	20	27	16	21	12	16	8	12	5	9	3	7	2	6	2	6	3	7	5	9	7	12	8	16	8	21	7	27	5	34	2	42	0	51	-2	61	-4	70	-5	78	-5	85	-4	91	-2	96	1	100	5	103	10	105	16	106	23	106	31	105	40	103	49	100	57	96	65	91	72	85	78	78	83	71	87	65	90	60	92	56	94	53	95	51	95	49	94	48	92	48	89	49	85	51	80	54	74	58	67	61	60	63	53	64	47	64	42	65	38	65	35	64	33	62	32	59	32	57	33	56	33	56	32	57	30	59	28	62	25	65	23	67	21	68	20	68	20	
75:
71	21.478	47	33	46	33	44	33	41	33	37	32	32	30	26	27	20	25	15	24	11	24	8	25	5	27	3	30	1	34	0	39	0	45	1	51	3	57	5	63	8	69	12	74	16	78	21	81	27	83	34	84	40	84	45	83	49	81	53	78	56	74	58	70	59	65	61	59	64	54	68	49	73	45	78	42	82	40	85	39	87	37	88	34	88	30	87	25	85	21	82	18	78	16	73	13	68	10	62	7	55	3	47	0	39	-2	32	-3	26	-3	21	-3	17	-3	14	-2	12	0	11	2	11	3	12	4	14	6	17	9	21	13	26	17	32	21	37	25	41	28	44	30	46	32	47	33	47	33	
76:
73	14.392	1	74	2	75	4	77	7	80	11	82	16	83	22	83	29	83	36	83	42	82	47	80	51	77	54	73	56	68	57	62	57	56	56	51	56	47	57	44	59	41	62	39	66	38	71	38	75	39	78	41	81	44	83	48	84	53	84	59	83	64	81	68	78	71	76	75	75	79	75	82	76	84	78	85	81	85	85	84	88	82	90	79	91	75	91	70	90	64	88	57	85	50	81	43	76	36	70	30	64	24	57	19	49	15	40	12	32	10	24	9	17	9	11	10	6	12	2	13	-3	15	-7	18	-10	22	-12	27	-13	33	-13	40	-12	47	-10	53	-8	59	-5	64	-2	68	0	71	1	73	1	74	1	74	
77:
62	10.271	70	19	71	18	73	17	76	15	80	13	85	12	91	12	96	13	101	15	106	18	110	22	113	27	115	33	116	39	116	46	115	52	113	57	111	61	108	64	104	66	99	67	93	67	87	66	80	64	73	63	67	62	62	62	58	63	55	65	53	67	51	68	49	68	47	67	44	65	41	62	37	59	32	57	26	56	20	54	14	51	9	47	5	43	2	38	0	32	-1	26	-1	21	0	17	2	14	5	11	9	8	14	6	20	5	27	4	34	4	42	5	49	7	55	9	60	11	64	13	67	16	69	18	70	19	70	19	
78:
75	25.476	3	74	2	74	0	74	-2	73	-3	71	-3	69	-2	66	0	62	3	59	7	57	12	56	18	56	24	57	29	59	35	62	41	66	46	70	50	75	53	79	55	82	56	84	56	85	55	85	53	84	50	82	47	79	45	75	42	70	40	64	39	57	39	50	40	44	42	37	45	30	49	24	54	19	60	15	67	12	74	10	80	9	85	9	89	10	92	12	94	14	95	16	95	17	94	17	92	16	89	14	85	12	80	9	74	6	67	2	59	-1	50	-3	40	-4	30	-4	21	-3	13	-1	6	2	0	5	-5	9	-9	14	-12	20	-14	27	-15	35	-15	43	-14	50	-12	56	-9	61	-5	65	-2	68	0	71	2	73	3	74	3	74	
79:
61	3.109	99	71	98	70	96	68	93	67	89	67	84	68	78	69	72	70	66	70	60	70	53	69	45	67	38	64	32	60	27	56	22	52	18	48	15	45	13	42	12	39	12	36	13	32	15	27	18	21	22	16	27	12	33	9	40	7	46	6	51	6	55	7	58	9	61	12	64	14	66	15	68	15	69	14	69	12	68	9	68	6	69	4	71	2	74	1	78	0	83	0	88	1	93	3	97	6	100	10	102	15	103	21	103	28	102	35	100	43	98	50	96	56	95	61	95	65	96	68	98	70	99	71	99	71	
80:
70	6.199	42	39	41	38	39	36	38	33	38	29	39	26	41	23	44	21	48	19	53	16	59	14	64	13	70	12	75	12	79	13	82	15	84	18	85	22	85	27	84	33	82	40	79	46	75	51	70	55	64	58	57	60	49	61	41	61	34	60	28	58	23	55	19	51	16	47	14	44	13	42	13	41	14	41	16	42	18	44	20	46	22	48	24	49	27	49	29	48	30	46	30	43	29	39	29	34	28	28	26	21	23	15	21	10	20	6	20	3	21	1	23	0	26	0	30	1	34	3	38	5	42	8	45	11	47	15	48	20	48	25	48	29	47	33	45	36	43	38	42	39	42	39	
81:
69	16.795	44	8	45	7	47	5	50	2	54	-1	59	-3	63	-4	67	-4	71	-3	74	-1	76	2	77	6	77	11	76	17	74	24	71	30	67	35	64	39	62	42	60	44	59	45	59	45	60	44	62	43	65	42	69	42	74	43	80	45	86	48	91	51	95	55	98	59	100	64	101	70	101	75	100	79	98	82	95	84	91	85	86	85	80	84	74	82	68	79	61	75	53	71	44	67	36	64	28	62	21	61	15	61	10	62	6	63	3	63	1	62	0	60	0	57	1	53	3	48	6	43	10	37	15	32	21	28	27	24	32	21	36	18	39	14	41	11	43	9	44	8	44	8	
82:
54	1.377	3	17	3	18	3	20	4	23	6	27	9	32	13	38	16	45	18	52	21	58	24	63	28	67	33	70	39	72	46	73	54	74	63	76	71	78	78	79	85	80	91	80	96	79	100	77	103	74	105	70	106	65	106	59	105	52	103	45	100	38	96	32	91	27	85	23	78	20	72	18	67	16	63	15	60	15	58	16	57	18	55	20	52	23	49	27	46	30	42	32	37	33	31	33	24	32	18	30	13	27	9	23	6	20	4	18	3	17	3	17	
83:
78	49.018	87	35	86	36	84	38	82	41	80	45	79	50	79	56	80	62	81	67	83	71	86	74	90	76	93	78	95	80	96	83	96	86	95	88	93	90	90	91	86	92	81	92	77	91	73	89	68	86	64	83	61	81	59	80	58	80	57	81	55	83	54	86	52	90	49	93	45	95	40	96	35	96	31	95	28	93	26	90	25	86	25	82	26	77	28	71	30	64	31	56	31	47	30	39	28	32	25	26	21	21	17	17	13	14	10	12	8	11	7	11	7	10	8	10	10	10	13	11	17	13	22	14	28	14	35	15	43	15	52	14	60	12	67	11	73	10	78	10	82	11	85	13	88	16	90	20	91	25	91	29	90	32	88	34	87	35	87	35	
84:
69	22.701	76	34	77	35	79	37	81	40	84	42	88	43	91	44	93	44	94	43	94	42	93	40	91	37	88	33	84	29	79	24	73	19	66	15	59	11	51	7	44	3	38	0	33	-2	28	-3	24	-3	21	-2	19	0	18	2	18	5	19	9	19	13	19	16	18	18	16	19	14	19	12	19	11	19	11	20	12	22	14	25	17	29	21	34	25	40	28	47	30	54	31	60	33	66	34	73	35	79	35	84	34	88	32	91	29	93	27	94	26	94	26	93	27	91	29	88	32	84	36	79	40	74	44	68	49	62	55	55	61	49	66	44	70	40	73	37	75	35	76	34	76	34	
85:
70	14.12	38	77	39	77	41	76	44	74	48	73	52	71	56	70	61	70	65	69	68	68	70	66	71	63	71	59	70	55	68	52	65	50	61	47	56	43	52	38	47	32	41	26	35	21	28	17	20	14	12	12	5	11	-1	11	-6	12	-10	14	-13	17	-15	21	-16	26	-16	32	-15	39	-13	47	-10	55	-6	62	-1	68	5	74	11	79	18	84	26	88	35	91	45	93	54	94	62	95	70	97	77	98	83	100	88	102	92	103	95	103	97	102	98	100	98	97	97	93	95	88	92	83	88	78	83	74	77	71	72	69	66	68	59	68	53	69	48	71	44	74	41	76	39	77	38	77	38	77	
86:
56	1.632	37	9	36	10	36	12	35	14	34	15	32	16	30	16	28	15	27	14	25	14	24	15	23	17	22	20	22	24	22	29	21	35	20	41	20	48	19	54	17	60	15	65	14	69	14	72	15	74	17	75	20	75	24	75	29	74	35	72	40	69	46	66	53	62	59	57	65	53	72	49	78	46	83	44	87	42	90	41	92	41	93	40	93	38	92	35	90	31	87	26	83	21	78	16	72	12	65	9	58	7	52	6	47	5	43	5	40	6	38	8	37	9	37	9	
87:
62	8.981	97	4	96	5	94	7	92	9	90	12	88	16	87	21	87	27	88	34	89	42	89	50	90	57	90	63	90	69	89	74	87	78	84	81	81	83	78	84	74	84	71	83	69	81	68	78	68	74	69	69	69	64	68	60	66	57	63	55	59	54	55	54	50	55	44	55	37	56	29	56	22	55	16	53	11	50	7	47	4	44	2	42	1	41	1	40	2	40	4	39	7	37	11	34	16	30	22	27	28	25	35	24	43	24	52	24	61	24	69	23	76	21	82	18	87	14	91	10	94	7	96	5	97	4	97	4	
88:
72	25.25	41	9	42	10	44	12	45	15	47	19	50	24	54	30	57	36	59	43	62	49	66	54	71	58	77	61	82	63	86	64	89	64	91	63	92	61	92	58	91	54	89	49	86	43	82	38	77	34	71	31	64	29	58	27	53	26	49	26	45	27	42	29	39	32	35	36	30	41	24	47	19	54	15	60	12	67	10	73	9	80	9	86	10	91	12	95	15	98	18	101	22	103	27	104	31	104	35	103	38	103	40	102	41	100	41	98	40	96	38	95	35	93	31	90	26	86	22	81	19	75	17	69	16	62	16	54	17	45	19	37	22	30	26	24	31	19	35	15	38	12	40	10	41	9	41	9	
89:
60	13.295	60	74	61	73	63	72	65	70	66	67	66	63	66	58	65	52	63	45	60	37	56	29	51	22	45	16	38	11	30	7	21	4	13	2	6	1	0	1	-5	2	-9	4	-12	7	-14	11	-15	16	-15	22	-14	29	-13	35	-11	41	-8	46	-4	50	1	53	5	56	8	58	10	61	11	65	11	69	12	72	14	74	17	75	21	76	25	76	30	75	36	73	41	70	47	66	52	63	56	61	61	60	65	60	68	61	70	63	71	66	72	70	72	73	71	75	69	76	66	76	63	75	61	74	60	74	60	74	
90:
76	43.884	60	98	59	97	57	96	56	94	56	91	56	87	55	82	53	77	50	73	47	70	44	68	40	67	37	67	34	68	30	69	26	71	23	74	21	78	20	83	20	88	21	92	21	95	20	97	18	98	16	98	14	97	11	95	9	92	8	88	6	83	4	77	2	70	1	62	1	53	2	45	4	37	5	29	5	22	6	16	8	11	10	7	13	4	16	2	20	1	23	1	25	2	27	4	30	7	34	11	39	14	45	16	52	17	60	17	68	17	76	18	83	20	89	23	94	27	98	32	101	38	103	45	104	53	104	62	103	70	101	77	99	83	96	88	92	92	87	95	81	97	75	98	70	98	66	97	63	97	61	97	60	98	60	98	
91:
65	3.366	35	94	34	93	32	92	29	92	25	91	21	89	16	86	12	82	9	78	7	75	6	71	6	67	7	64	9	62	12	59	16	55	20	50	23	44	25	37	28	30	30	23	33	17	37	12	42	8	47	5	53	3	59	2	64	2	68	3	71	4	73	5	75	7	76	10	76	14	75	19	73	25	71	31	70	36	70	40	71	45	73	49	75	52	78	54	82	55	87	55	91	54	94	54	96	55	97	56	97	58	96	61	94	65	91	70	87	74	82	77	76	79	69	80	62	80	56	81	50	83	45	85	41	88	38	91	36	93	35	94	35	94	
92:
60	15.753	44	70	45	69	47	67	48	65	48	62	47	58	45	55	42	52	38	49	33	46	27	42	21	37	16	32	12	28	9	23	6	17	4	11	3	6	3	2	4	-1	6	-3	9	-4	13	-4	18	-3	24	-1	29	2	33	6	37	11	42	16	46	21	50	25	55	28	59	30	64	31	70	31	76	32	81	33	85	35	88	37	90	38	91	38	91	37	90	36	88	36	85	36	81	37	76	39	71	42	67	46	64	51	62	57	61	62	60	66	59	69	57	71	54	72	50	72	47	72	45	71	44	70	44	70	
93:
64	18.281	59	68	59	67	60	65	62	64	65	64	67	64	68	64	68	65	67	67	65	69	62	71	58	74	53	76	47	77	40	77	34	76	28	74	22	71	17	69	13	66	10	62	8	57	7	51	7	44	8	36	10	28	13	20	17	13	21	7	26	2	32	-2	39	-5	46	-7	53	-8	59	-8	64	-8	68	-7	71	-5	73	-2	74	2	74	6	73	9	71	13	68	16	64	18	59	19	53	19	47	19	42	20	38	21	35	23	33	26	32	30	32	35	33	41	35	48	38	54	42	59	45	63	49	66	53	68	56	69	58	69	59	68	59	68	
94:
70	24.163	43	33	44	32	46	30	49	29	53	29	57	30	62	32	66	35	69	39	71	44	72	50	72	57	71	64	70	71	70	77	71	82	72	87	74	91	77	94	79	96	82	97	86	97	89	96	91	94	92	91	94	87	95	82	95	76	94	71	93	66	91	62	88	59	84	57	79	56	74	56	70	57	66	59	61	62	55	66	49	70	42	73	35	75	27	76	20	76	14	75	9	73	5	70	2	66	0	62	-1	57	-1	51	0	44	2	36	3	29	4	23	4	18	4	14	5	11	7	9	8	8	10	8	13	9	17	11	22	14	28	18	33	23	37	27	40	30	42	32	43	33	43	33	
95:
69	68.237	12	52	13	53	15	55	18	58	22	62	27	67	33	71	39	74	45	77	52	80	60	82	67	84	73	85	78	85	82	84	86	82	89	79	91	75	92	70	92	64	91	57	89	49	86	41	82	34	77	28	72	23	68	19	65	16	63	14	62	13	62	13	63	14	65	16	68	19	70	23	71	28	71	34	70	41	68	48	65	54	61	59	56	63	50	66	45	69	41	73	38	78	36	82	35	87	35	91	36	95	36	98	35	100	33	101	30	101	26	101	21	101	16	100	12	98	8	95	5	91	3	86	2	80	2	73	3	67	5	62	8	58	10	55	11	53	12	52	12	52	
96:
63	4.819	96	49	97	50	97	52	98	55	98	59	97	64	95	68	92	72	88	75	83	78	77	80	70	81	62	81	55	80	49	78	44	77	39	76	35	76	31	77	27	79	24	82	22	85	21	87	21	90	22	92	23	93	23	93	22	92	20	90	17	87	15	83	13	78	12	72	12	65	11	58	10	52	10	47	11	43	13	40	16	38	20	37	25	37	30	38	34	40	38	43	43	47	47	52	50	57	53	62	57	66	62	69	68	71	75	72	81	72	86	71	90	69	93	66	95	63	97	59	98	55	98	52	97	50	96	49	96	49	
97:
64	36.652	90	23	91	24	92	26	92	29	93	33	93	38	92	44	91	51	89	59	87	67	86	75	86	82	86	88	85	93	83	97	80	100	76	102	71	103	65	103	58	102	50	100	42	97	35	93	29	90	23	87	18	83	14	80	11	78	9	77	8	77	8	78	9	80	11	83	14	85	18	86	22	86	27	85	32	83	36	80	39	76	41	71	42	65	43	59	43	52	43	44	44	35	46	27	49	20	53	14	58	9	63	5	67	2	71	0	75	-1	78	-1	80	0	83	2	86	5	88	9	90	13	91	17	91	20	91	22	90	23	90	23	
98:
67	45.731	75	2	76	3	78	5	81	8	85	12	89	17	92	22	95	27	97	33	98	40	98	46	97	51	95	55	94	58	92	61	89	63	85	64	80	64	74	64	67	64	61	63	55	61	50	60	46	60	43	61	41	63	40	66	39	70	39	75	40	80	41	84	41	87	40	89	38	90	36	90	35	89	33	87	31	84	30	80	28	75	25	71	23	67	21	63	18	60	14	58	10	57	7	56	5	54	4	51	3	47	3	42	4	36	6	29	9	23	13	16	18	10	24	5	31	1	39	-2	47	-4	54	-5	60	-5	65	-4	69	-3	72	-1	74	1	75	2	75	2	
99:
57	0.333	10	53	10	52	10	50	11	47	12	43	14	38	17	32	21	26	26	21	32	17	39	14	47	12	55	10	63	9	70	9	76	9	81	10	86	12	90	15	93	19	95	24	96	30	96	36	95	43	93	49	90	54	87	58	83	61	78	63	73	66	67	70	61	74	56	77	52	79	49	80	47	81	46	82	46	82	47	83	49	85	51	87	52	89	53	90	53	91	52	91	50	90	47	88	43	86	38	83	33	79	28	74	24	68	20	63	16	59	13	56	11	54	10	53	10	53	