0:
32	0.716	18	13	17	14	17	15	16	17	15	18	13	18	10	17	7	16	4	16	2	17	1	17	0	16	0	14	1	11	2	7	2	4	3	2	3	1	4	1	4	2	5	3	6	4	8	4	10	3	12	2	13	2	13	3	13	5	14	8	16	10	17	12	18	13	18	13	
1:
32	0.099	6	6	5	7	4	9	2	12	0	15	-1	18	-1	20	0	21	2	21	5	20	9	18	12	17	15	17	17	18	18	18	19	17	19	15	18	12	16	10	14	9	13	9	13	8	14	6	16	4	17	3	17	3	16	4	14	6	12	7	9	7	7	7	6	6	6	6	
2:
35	0.487	14	18	15	17	16	16	16	14	15	13	13	13	10	12	8	12	7	13	6	15	4	17	3	19	2	20	2	20	2	19	2	17	2	14	2	10	3	7	5	4	7	2	9	1	12	1	16	1	19	2	21	4	22	7	22	10	23	13	23	16	22	18	20	19	17	19	15	19	14	18	14	18	
3:
35	0.489	2	17	3	16	5	14	8	11	11	7	13	4	15	2	17	1	18	1	18	2	17	4	15	5	12	5	8	4	5	2	3	1	1	1	0	2	0	4	1	6	2	9	4	11	7	14	11	17	14	19	16	20	17	20	17	19	16	17	14	15	11	14	8	14	5	15	3	16	2	17	2	17	
4:
35	0.323	13	10	12	9	10	9	8	10	6	12	5	13	3	13	1	12	0	10	0	7	-1	4	-1	2	0	1	2	1	3	2	5	4	6	5	6	5	7	4	9	3	12	1	14	0	16	0	17	1	17	3	17	6	17	10	17	13	17	15	16	16	15	16	15	15	15	13	14	11	13	10	13	10	
5:
26	0.222	5	14	6	13	7	11	9	10	11	10	12	11	14	13	15	14	16	14	16	13	15	11	15	8	15	5	14	3	12	2	9	1	6	1	4	2	2	4	1	5	1	5	2	6	2	8	3	11	4	13	5	14	5	14	
6:
29	0.134	11	13	12	12	12	10	11	9	9	7	6	5	4	4	3	2	3	0	4	-1	6	-1	9	0	13	2	16	3	18	5	19	6	19	8	18	10	17	11	17	11	18	12	18	14	17	15	15	15	13	15	11	15	10	15	10	14	11	13	11	13	
7:
31	0.666	1	18	0	19	-1	19	-1	18	0	16	2	13	4	10	7	7	10	5	14	3	17	2	19	2	20	3	20	5	19	6	19	8	18	9	17	9	16	8	14	6	11	5	7	3	4	2	2	2	1	3	1	5	0	8	0	12	1	15	1	17	1	18	1	18	
8:
31	0.457	6	14	5	15	5	17	6	19	7	20	9	20	11	19	13	17	16	14	18	10	19	7	19	5	18	3	16	2	13	2	9	2	5	2	2	1	0	1	-1	2	-1	3	0	4	2	5	4	7	7	9	9	12	10	14	10	15	9	15	7	14	6	14	6	14	
9:
32	0.375	8	13	8	14	9	16	10	17	12	19	15	20	17	20	19	19	20	17	20	14	19	10	17	7	14	5	10	3	7	1	5	0	4	0	4	1	5	2	7	3	8	5	8	7	7	8	5	9	3	9	2	10	2	11	3	13	4	14	5	14	7	13	8	13	8	13	
10:
26	0.202	15	4	15	3	16	1	16	0	15	0	13	1	10	2	8	4	6	6	5	8	4	9	4	9	5	10	7	12	9	14	11	16	13	17	14	18	14	18	13	17	12	15	12	12	13	9	14	7	14	5	15	4	15	4	
11:
36	0.42	10	10	9	9	7	7	6	6	5	6	5	7	4	7	3	6	1	4	0	3	0	3	-1	4	-1	6	0	9	0	13	1	16	2	18	4	19	7	19	10	18	13	16	15	14	17	12	19	11	20	9	20	6	19	3	18	1	18	0	19	0	19	1	18	3	16	6	13	8	11	9	10	10	10	10	
12:
27	0.072	2	6	3	6	3	7	2	9	1	12	1	14	2	15	4	15	7	16	9	16	12	17	15	18	17	18	18	17	18	15	17	12	16	8	15	5	13	3	12	2	10	2	7	3	4	4	2	4	1	4	1	5	2	6	2	6	
13:
38	0.37	19	2	18	3	16	5	15	7	14	10	14	14	15	17	16	19	17	20	17	20	16	19	14	17	11	15	7	13	4	10	2	6	1	2	1	-1	2	-3	3	-4	5	-4	7	-3	8	-1	8	2	7	6	5	10	4	13	2	15	1	17	1	18	2	18	4	17	7	15	11	12	14	8	16	5	18	3	19	2	19	2	
14:
31	0.374	19	3	18	3	17	3	17	2	18	1	19	1	19	0	18	0	16	1	15	3	13	4	10	4	8	4	7	5	7	7	8	9	10	12	11	14	11	16	10	17	10	18	11	18	13	19	16	19	18	18	19	16	19	13	19	9	19	6	19	4	19	3	19	3	
15:
25	0.253	0	17	0	16	0	14	1	13	3	12	6	12	9	13	12	13	14	12	15	11	15	9	14	6	14	3	14	1	14	0	13	0	11	1	9	3	7	6	6	10	6	13	5	15	3	16	1	17	0	17	0	17	
16:
27	0.049	14	10	13	11	13	12	14	13	16	13	18	13	19	12	20	10	20	7	19	4	17	2	14	1	12	1	9	1	7	2	4	3	2	5	1	6	0	6	0	7	1	9	3	11	5	12	8	12	11	11	13	10	14	10	14	10	
17:
29	0.04	17	3	16	2	14	2	11	2	8	1	6	1	5	2	5	4	6	6	7	8	7	10	7	11	7	11	6	10	4	10	3	11	3	13	4	15	6	17	9	18	12	18	14	18	17	17	19	15	20	12	20	9	19	6	18	4	17	3	17	3	
18:
33	0.385	4	10	3	10	1	10	0	11	0	13	1	15	3	17	6	18	9	18	13	19	16	20	18	20	19	19	19	17	18	14	18	11	18	7	17	4	16	2	14	1	13	1	11	2	10	4	9	7	9	10	8	12	8	13	7	13	6	12	6	11	6	10	5	10	4	10	4	10	
19:
38	0.269	13	0	14	1	15	3	16	6	17	9	19	12	20	14	20	16	19	17	18	17	16	16	14	14	12	12	10	10	8	9	6	9	5	10	5	12	6	15	7	18	7	20	6	21	5	21	3	20	1	18	0	17	0	15	1	13	1	10	0	6	0	3	1	1	3	0	6	0	9	1	11	1	12	1	13	0	13	0	
20:
27	0.055	6	11	5	10	4	8	4	5	5	3	5	2	6	2	8	3	11	5	13	6	14	6	15	5	15	3	15	1	16	0	18	0	20	1	21	3	21	5	20	8	18	10	17	11	15	11	12	10	9	10	7	11	6	11	6	11	
21:
32	0.361	3	11	2	12	2	14	2	16	1	17	0	17	-1	16	-1	14	0	11	2	7	3	4	3	2	4	1	6	1	9	1	13	1	16	2	18	3	19	4	19	5	18	7	17	10	17	13	16	16	16	18	15	19	13	19	10	18	7	16	5	14	4	12	3	11	3	11	
22:
35	1.161	11	15	10	14	9	12	9	10	10	9	12	9	15	10	17	11	19	13	20	16	20	18	20	19	19	19	18	18	16	18	13	19	9	20	6	20	3	19	1	17	0	14	-2	10	-3	6	-3	3	-2	1	-1	0	1	0	2	1	2	3	3	5	5	8	6	10	8	12	10	14	11	15	11	15	
23:
32	0.599	13	14	12	13	10	13	9	13	9	12	10	10	12	8	14	7	15	7	15	8	14	9	13	10	11	10	9	9	6	7	3	5	1	4	0	4	0	3	1	3	3	4	5	6	6	9	6	13	7	16	7	18	7	19	8	19	10	18	12	17	13	15	13	14	13	14	
24:
30	0.273	6	0	5	1	4	3	4	6	3	8	2	10	1	11	1	12	2	13	4	14	6	14	7	15	8	15	10	14	11	12	13	11	16	11	18	12	19	14	19	15	18	15	18	14	17	12	17	9	16	5	14	2	12	0	9	-1	7	-1	6	0	6	0	
25:
32	1.221	16	0	17	1	17	2	16	3	14	3	12	2	10	2	8	3	7	5	7	6	6	6	4	6	2	6	1	7	1	9	1	11	2	12	4	12	7	12	9	13	11	15	13	17	14	18	14	18	13	17	11	15	10	12	10	8	11	5	13	3	15	1	16	0	16	0	
26:
32	0.611	19	8	19	9	19	11	19	14	19	16	18	17	16	17	13	16	10	14	7	12	5	10	3	9	2	8	2	7	3	7	4	6	4	4	5	3	7	2	9	2	12	3	14	4	16	4	17	3	18	2	18	1	19	1	19	2	19	4	20	6	20	7	19	8	19	8	
27:
31	0.178	5	1	4	1	3	2	2	2	2	1	3	0	5	0	8	1	12	2	15	2	17	3	18	4	18	6	17	9	17	12	16	15	14	17	13	18	11	18	9	17	8	15	8	12	9	10	11	8	12	7	12	7	11	6	9	4	7	2	6	1	5	1	5	1	
28:
33	0.285	0	12	1	13	3	14	5	14	7	13	8	11	8	8	7	5	6	3	6	2	7	2	9	3	11	4	14	4	17	3	19	3	20	4	20	6	19	7	17	8	14	8	12	9	11	11	9	13	6	16	4	18	3	19	3	19	4	18	4	17	3	15	1	13	0	12	0	12	
29:
30	0.146	15	6	14	7	14	8	13	10	13	11	14	11	16	10	17	10	18	11	18	13	18	14	17	16	16	18	16	19	15	19	13	18	10	16	8	13	6	11	3	10	1	9	0	9	0	9	1	9	3	8	6	6	9	5	12	5	14	6	15	6	15	6	
30:
32	0.426	18	12	18	13	19	15	19	17	18	19	16	20	13	20	9	20	5	19	2	17	0	15	-1	14	-1	13	0	13	2	12	5	12	7	13	8	13	8	12	7	12	5	11	4	10	3	8	3	6	4	4	6	3	9	3	12	4	15	6	17	9	18	11	18	12	18	12	
31:
27	0.033	12	10	11	11	11	13	11	15	10	17	10	18	9	18	7	17	4	15	2	13	1	11	0	8	0	5	1	3	3	1	6	0	10	0	13	0	16	0	18	1	19	3	19	6	18	8	16	10	14	11	13	11	12	10	12	10	
32:
33	0.27	3	10	4	11	5	12	6	12	6	11	5	10	3	8	1	5	0	3	0	2	1	2	3	3	6	3	9	2	11	0	14	-1	17	-1	19	0	20	2	20	5	19	8	17	12	14	15	12	17	9	19	5	20	2	20	0	19	-1	17	-1	14	0	12	2	11	3	10	3	10	
33:
31	0.871	15	4	14	5	14	7	14	8	13	9	12	10	12	10	13	11	14	12	16	14	18	15	19	16	19	17	18	18	16	19	13	19	9	18	6	16	3	15	1	13	0	11	0	8	-1	6	-1	4	0	3	2	3	5	4	9	4	12	5	14	5	15	4	15	4	
34:
31	0.35	3	10	2	9	0	9	-1	8	-1	8	0	7	2	5	5	4	9	4	13	4	16	3	18	3	19	4	19	6	18	8	16	9	14	9	13	10	13	12	14	14	14	17	13	19	11	20	8	20	5	19	3	19	2	18	1	16	1	13	2	11	3	10	3	10	
35:
33	0.425	8	11	7	10	5	9	4	7	4	5	3	4	2	3	1	2	1	0	2	-1	4	-1	7	-1	11	0	14	2	16	5	17	8	19	12	20	15	21	17	21	18	20	18	19	17	18	15	17	14	15	14	14	15	12	16	9	17	7	17	6	16	6	14	7	12	8	11	8	11	
36:
33	0.296	1	6	1	7	1	8	1	10	2	12	4	13	7	13	9	12	10	10	10	8	9	5	9	3	10	2	12	1	14	1	16	0	17	0	17	1	16	3	14	6	11	9	9	13	8	16	8	18	9	19	10	19	10	18	9	16	8	14	6	12	4	9	2	7	1	6	1	6	
37:
31	0.25	17	5	17	4	17	2	16	1	15	-1	13	-2	10	-2	7	-1	5	1	3	4	2	6	2	7	3	7	4	6	6	5	8	5	9	6	9	8	8	10	8	13	9	16	11	18	14	19	16	19	17	18	17	16	17	13	18	11	18	8	18	6	17	5	17	5	
38:
31	0.092	16	7	16	6	16	5	15	5	14	4	12	2	9	1	7	1	6	2	5	4	5	6	6	8	8	10	9	12	9	15	8	17	7	18	6	18	6	17	7	16	8	16	10	17	13	18	16	19	18	19	19	18	19	16	19	13	18	10	17	8	16	7	16	7	
39:
30	0.358	16	11	16	12	16	14	16	17	17	19	18	20	18	20	18	19	17	17	15	14	14	10	14	7	13	5	13	4	12	4	10	5	9	5	7	4	5	2	4	1	3	1	3	2	4	4	5	7	6	9	8	11	11	12	13	12	15	12	16	11	16	11	
40:
34	1.343	0	2	1	2	3	3	5	4	8	4	11	4	14	3	16	3	17	2	17	2	16	2	14	2	11	3	7	5	4	8	2	10	1	12	1	13	2	13	4	13	6	14	8	16	10	17	11	19	13	20	14	20	14	19	13	17	11	14	9	10	6	7	3	5	1	3	0	2	0	2	
41:
35	0.304	8	4	8	5	8	7	9	10	11	13	14	16	16	18	17	19	17	19	16	18	15	16	14	14	14	12	14	10	15	9	17	9	18	10	18	12	17	14	15	15	12	16	8	17	5	18	2	18	0	17	-1	15	-1	12	-1	8	0	5	0	3	1	2	3	2	5	3	7	4	8	4	8	4	
42:
26	0.064	8	3	9	2	11	1	14	0	16	0	17	1	17	3	16	5	16	8	15	12	14	15	14	17	15	18	16	18	17	17	17	15	17	12	16	8	14	5	11	3	9	2	7	2	6	1	6	1	7	2	8	3	8	3	
43:
37	0.721	7	1	7	2	7	4	8	6	9	9	9	12	8	15	6	17	4	18	2	18	0	17	-2	15	-3	12	-3	9	-2	7	0	6	3	6	7	5	11	3	14	1	16	0	18	0	19	1	19	3	18	6	18	9	18	12	17	14	15	15	13	15	12	14	10	12	9	9	9	7	8	4	7	2	7	1	7	1	
44:
31	0.332	12	5	12	6	13	7	15	7	16	6	18	4	19	2	19	1	18	0	18	0	17	1	15	3	13	4	10	4	7	3	4	3	2	4	1	6	1	7	2	9	4	12	7	14	9	15	11	15	12	14	12	12	11	11	10	10	10	8	11	6	12	5	12	5	
45:
31	0.534	14	18	13	19	11	19	8	19	5	18	3	17	1	16	0	14	0	12	1	10	2	9	3	9	3	9	2	8	2	6	3	3	5	1	8	0	11	0	14	1	16	3	17	5	18	7	18	9	17	10	16	10	16	11	16	13	16	15	15	17	14	18	14	18	
46:
30	0.303	1	3	2	2	4	0	6	-1	9	-1	11	0	13	2	14	4	14	5	13	5	12	6	12	7	12	8	11	8	9	8	8	9	7	11	7	13	7	15	8	16	8	18	7	19	6	19	5	18	3	16	1	13	0	9	0	6	0	4	1	3	1	3	
47:
32	1.294	14	6	13	7	11	9	8	11	5	14	3	16	2	18	2	19	3	19	5	18	8	18	10	18	13	19	15	20	16	20	16	19	15	19	13	18	10	16	7	13	5	9	3	6	1	4	0	2	0	1	1	1	3	0	6	0	8	1	11	3	13	5	14	6	14	6	
48:
28	0.299	13	0	12	1	11	3	11	5	12	8	12	10	12	11	11	11	9	10	7	10	6	11	6	13	6	16	6	18	5	19	4	19	4	18	3	16	1	13	0	11	0	8	1	6	3	5	6	4	8	3	10	2	12	1	13	0	13	0	
49:
30	0.207	19	7	18	6	18	5	17	3	15	2	12	2	8	3	5	3	3	3	2	2	2	2	3	3	5	5	7	8	8	12	8	15	8	17	8	18	9	18	9	17	9	16	10	15	12	15	13	16	15	16	16	15	17	13	18	10	19	8	19	7	19	7	
50:
30	0.297	14	4	15	3	17	1	18	0	18	0	18	1	17	3	15	6	13	10	10	13	7	15	4	16	2	17	1	18	1	18	2	18	4	17	7	17	11	17	14	18	16	19	18	19	19	18	19	16	18	15	18	13	18	10	17	7	15	5	14	4	14	4	
51:
33	0.293	13	7	13	6	13	4	13	2	12	1	10	1	9	2	8	4	6	5	5	6	5	7	6	8	8	10	9	13	9	15	8	16	6	17	4	17	2	17	1	17	1	18	2	20	4	22	7	23	11	23	14	23	16	22	17	20	17	17	16	13	14	10	13	8	13	7	13	7	
52:
29	0.047	9	12	9	11	8	9	8	7	7	4	6	2	5	1	4	1	2	2	1	4	1	7	1	11	2	14	4	16	7	18	10	19	13	19	15	18	16	16	18	13	19	10	19	8	19	7	18	7	16	8	13	8	11	9	10	11	9	12	9	12	
53:
37	0.324	9	19	8	19	6	19	4	18	2	17	1	15	1	12	1	8	1	4	2	1	4	-1	7	-2	9	-2	12	-1	15	1	18	3	20	6	21	9	21	12	20	15	18	17	15	18	13	18	12	17	12	15	13	12	13	9	12	7	12	6	11	6	9	7	7	9	6	12	6	15	7	17	8	18	9	19	9	19	
54:
30	0.025	2	9	1	8	1	6	2	5	4	3	7	2	11	2	14	2	16	2	17	3	17	5	16	7	15	10	13	12	12	14	12	16	13	17	15	17	16	16	17	16	18	17	18	19	17	20	15	20	12	19	9	17	6	14	4	12	3	10	2	9	2	9	
55:
27	0.053	14	12	14	13	14	15	14	16	15	16	16	15	18	13	19	10	19	8	18	6	16	4	15	3	14	3	12	4	9	5	7	7	4	8	2	10	1	11	1	12	2	13	3	13	5	13	8	13	11	12	13	12	14	12	14	12	
56:
31	0.14	19	9	18	8	16	6	13	4	10	2	6	1	3	1	1	2	0	4	0	7	1	10	1	13	1	16	2	18	4	19	6	19	7	18	8	16	8	15	7	15	6	14	6	13	7	13	8	13	10	12	12	10	13	8	14	7	16	7	18	8	19	9	19	9	
57:
26	0.268	6	16	5	15	4	13	4	10	3	7	1	4	0	2	0	1	1	1	3	2	6	3	10	4	13	4	15	5	16	6	18	6	19	6	19	7	18	9	16	12	15	15	14	17	12	18	9	18	7	17	6	16	6	16	
58:
24	0.072	10	8	10	9	9	9	7	10	6	12	6	13	5	13	4	13	2	12	1	11	1	9	2	6	3	3	3	1	4	0	6	0	7	1	8	2	10	3	11	3	11	4	10	5	10	7	10	8	10	8	
59:
34	0.744	0	13	1	14	2	16	3	18	4	19	6	19	8	18	11	18	13	17	15	16	16	14	16	11	16	8	17	5	17	3	17	2	18	2	18	3	17	5	15	7	12	8	8	8	5	7	3	6	2	4	2	3	3	3	4	4	5	6	5	9	4	11	3	12	1	12	0	13	0	13	
60:
31	0.407	0	16	0	15	0	13	0	11	0	8	1	6	3	4	6	3	9	1	11	0	14	0	16	0	17	1	17	3	16	6	14	8	13	9	13	10	14	10	16	11	18	12	19	14	19	15	18	17	16	18	13	18	9	17	6	16	3	16	1	16	0	16	0	16	
61:
35	0.185	13	6	13	5	14	4	16	4	17	5	17	7	17	10	16	12	14	13	12	14	11	14	10	13	9	11	8	8	8	5	7	3	6	1	6	0	7	0	9	1	10	3	10	6	10	10	9	14	7	17	4	19	2	20	1	20	1	19	2	17	4	15	7	12	10	9	12	7	13	6	13	6	
62:
33	0.474	14	17	14	16	13	14	11	11	8	9	6	7	3	6	1	6	0	7	0	7	1	6	3	5	6	4	9	3	13	3	16	3	18	3	19	4	20	5	20	7	19	8	18	8	16	7	15	6	13	6	11	7	10	9	9	11	9	14	10	16	12	17	13	17	14	17	14	17	
63:
39	0.365	0	0	1	1	2	2	4	2	6	2	7	3	7	5	8	6	8	8	9	11	10	13	12	15	13	17	14	18	15	18	15	17	16	15	17	12	17	9	16	6	16	3	17	1	17	0	16	0	14	1	12	3	10	6	7	10	3	13	0	15	-3	16	-5	16	-6	15	-6	13	-6	10	-5	6	-3	3	-1	1	0	0	0	0	
64:
32	0.542	9	1	10	0	12	0	15	0	17	1	18	3	18	5	18	8	19	11	19	13	18	14	16	15	13	15	10	14	8	14	7	14	7	15	8	16	9	17	9	19	8	20	6	20	3	19	1	17	0	14	0	10	1	6	2	3	4	1	6	0	8	0	9	1	9	1	
65:
30	0.184	3	5	4	6	4	8	5	9	7	9	10	8	12	8	13	9	13	10	12	11	11	12	11	14	12	15	14	15	15	15	17	14	18	12	18	9	18	6	18	3	19	1	19	0	18	0	16	1	13	3	11	5	9	6	6	6	4	6	3	5	3	5	
66:
28	0.414	3	16	4	17	6	18	9	19	12	19	15	18	17	16	18	13	18	10	18	7	17	5	15	4	13	4	12	5	12	6	13	8	13	11	13	13	12	14	11	14	9	13	7	11	6	10	6	10	6	11	5	13	4	15	3	16	3	16	
67:
30	0.282	6	12	6	11	7	9	7	8	6	8	5	9	4	11	4	13	3	16	2	18	2	19	3	19	4	18	6	16	9	15	11	14	13	14	14	13	14	11	13	8	11	5	8	3	5	2	3	2	2	3	2	4	3	6	5	9	6	11	6	12	6	12	
68:
34	0.25	17	13	16	12	14	12	11	12	8	12	6	12	5	11	4	9	4	7	5	6	7	6	10	6	13	6	16	7	18	9	19	12	19	15	18	17	17	18	15	18	14	17	14	15	13	12	12	8	10	5	8	3	7	2	7	2	8	3	10	5	13	8	15	10	16	12	17	13	17	13	
69:
36	0.488	5	2	4	1	2	0	1	0	0	1	0	1	1	0	3	0	6	-1	10	-2	13	-2	16	-1	18	1	19	4	19	8	19	12	19	15	19	17	19	18	20	18	20	17	20	16	19	14	17	13	14	13	11	14	9	16	6	17	4	17	3	16	3	14	4	11	5	8	5	5	5	3	5	2	5	2	
70:
33	0.616	5	3	6	4	7	6	7	7	6	8	4	9	2	11	0	12	-1	13	-1	15	0	16	2	16	4	15	6	14	9	14	13	14	16	15	18	17	19	18	21	18	22	17	24	15	25	12	25	8	25	5	24	3	22	2	19	1	15	1	11	2	8	2	6	2	5	3	5	3	
71:
29	0.39	16	18	16	17	16	15	17	12	17	8	17	4	17	1	16	-1	14	-2	11	-2	9	-1	8	1	7	4	6	7	4	9	2	11	1	12	1	13	2	13	4	12	6	10	8	9	10	9	12	10	13	11	14	13	15	15	16	17	16	18	16	18	
72:
30	0.033	11	12	12	11	14	10	16	9	17	7	17	5	16	3	14	2	13	1	11	1	10	2	9	4	7	7	4	9	2	10	1	10	0	9	0	9	1	10	2	11	3	13	5	16	7	18	10	19	12	19	13	18	13	16	12	14	11	13	11	12	11	12	
73:
33	0.862	7	17	8	16	8	14	7	13	5	11	4	9	2	8	1	8	-1	9	-2	11	-2	14	-1	17	1	19	4	21	8	22	11	22	13	21	14	19	14	16	13	12	13	8	12	5	12	3	11	2	9	2	8	3	8	5	9	8	10	11	10	14	9	16	8	17	7	17	7	17	
74:
35	0.725	10	4	11	3	13	3	15	3	16	4	16	6	15	9	14	11	12	12	9	13	7	13	6	12	4	10	3	8	1	7	-1	7	-2	8	-2	10	-1	13	0	16	2	18	5	19	8	19	11	18	15	16	18	13	20	9	21	6	21	3	20	1	18	0	15	0	13	1	11	3	10	4	10	4	
75:
22	0.275	8	2	8	1	7	0	5	0	3	1	1	3	0	5	0	8	0	11	1	13	1	15	0	16	0	17	1	17	3	16	5	14	7	11	9	8	10	5	10	3	9	2	8	2	8	2	
76:
33	0.302	17	10	17	11	17	13	16	16	14	18	11	19	9	19	8	19	7	18	7	16	7	14	6	11	4	9	3	7	3	6	4	4	6	2	8	1	11	1	13	2	14	4	14	7	13	10	12	12	12	14	13	16	15	17	17	17	18	16	19	14	19	12	18	11	17	10	17	10	
77:
26	0.198	2	19	3	18	5	16	7	15	10	15	14	15	17	14	19	12	20	9	20	6	19	4	17	3	15	3	13	3	12	4	12	6	13	7	14	9	14	12	14	15	13	18	11	20	8	21	5	21	3	20	2	19	2	19	
78:
36	0.808	0	10	1	10	2	10	4	9	6	7	9	6	13	5	16	5	18	5	20	6	21	7	21	9	20	11	18	12	15	12	11	13	7	14	4	16	2	17	1	17	1	16	2	15	4	14	6	12	7	9	7	6	7	3	6	1	6	0	7	0	7	1	6	3	4	6	2	8	1	9	0	10	0	10	
79:
31	0.383	9	18	10	17	10	15	9	13	7	12	6	12	6	13	6	15	5	16	3	16	1	15	0	14	0	13	1	13	2	12	2	10	3	7	5	4	8	2	12	1	15	1	18	2	20	4	21	7	21	11	20	14	18	16	15	17	12	17	10	17	9	18	9	18	
80:
29	0.548	2	13	3	13	5	14	6	16	8	17	10	17	13	16	15	14	16	11	16	9	15	6	13	3	10	1	8	0	7	0	6	0	6	1	7	3	8	5	9	8	9	12	9	15	8	17	6	18	5	18	5	17	4	16	3	14	2	13	2	13	
81:
33	0.205	2	17	2	16	2	14	2	12	3	10	5	9	8	9	10	10	11	12	13	14	15	16	16	18	16	19	17	19	18	18	18	16	18	14	17	12	15	10	14	7	14	4	13	2	11	0	8	-1	5	-1	2	0	0	2	-1	4	-2	7	-2	11	-1	14	1	16	2	17	2	17	
82:
29	0.083	17	8	16	8	15	7	15	5	16	4	18	4	19	5	19	7	19	10	18	13	16	15	14	17	11	18	9	18	8	17	7	15	6	12	4	8	2	5	1	3	1	2	2	2	3	3	5	5	8	7	11	8	14	8	16	8	17	8	17	8	
83:
28	0.32	10	5	10	6	9	8	8	9	6	9	5	10	5	12	4	15	2	17	1	18	1	18	2	18	4	18	7	17	10	17	13	18	15	19	17	19	19	19	20	18	20	16	19	15	17	14	16	12	15	9	13	7	11	6	10	5	10	5	
84:
34	0.466	19	4	18	5	18	7	19	9	19	11	18	12	16	12	14	11	13	11	11	12	10	13	9	13	9	14	10	16	10	18	9	20	8	21	6	21	3	20	1	20	0	19	0	17	1	14	3	10	5	7	6	4	6	1	7	-1	8	-2	10	-2	13	-1	16	1	18	3	19	4	19	4	
85:
38	2.353	4	18	4	17	4	15	5	12	7	8	9	5	10	3	10	1	9	0	9	0	10	1	12	2	13	4	14	5	16	5	17	4	17	3	18	3	18	4	17	6	16	9	14	13	13	16	12	18	11	19	11	19	12	18	12	16	11	15	9	13	6	11	3	10	1	10	0	11	0	13	1	15	3	17	4	18	4	18	
86:
31	0.38	18	10	19	11	19	13	19	14	18	16	16	17	13	17	11	16	9	14	7	13	4	13	2	14	1	16	1	17	2	17	2	16	3	16	4	16	4	15	3	13	1	10	0	8	0	7	1	7	3	8	6	8	9	7	12	7	15	8	17	9	18	10	18	10	
87:
33	0.678	4	0	3	0	1	1	0	3	0	6	1	9	3	11	6	12	10	12	13	11	16	9	18	7	20	6	21	6	21	7	20	9	18	12	15	14	11	16	8	18	6	19	4	19	2	18	1	16	1	14	2	12	4	11	6	9	7	6	7	3	6	1	5	0	4	0	4	0	
88:
30	0.045	16	5	17	5	18	6	19	8	19	10	18	12	16	13	14	14	11	14	9	13	7	12	6	12	6	13	6	15	7	17	8	18	8	18	7	17	5	15	3	12	2	9	2	6	2	4	3	2	5	1	8	1	11	2	13	3	15	4	16	5	16	5	
89:
29	0.252	16	3	16	2	15	0	13	-2	10	-3	7	-3	5	-2	4	0	4	2	5	5	7	9	9	13	12	16	14	18	15	19	15	19	14	18	12	17	10	15	8	13	7	10	7	8	8	7	10	6	13	6	15	5	16	5	16	4	16	3	16	3	
90:
26	0.196	2	3	3	4	4	6	5	9	5	12	4	14	4	15	5	15	7	15	10	14	13	12	15	11	17	11	18	10	18	9	18	7	19	5	19	4	18	4	17	5	15	6	12	7	8	7	5	6	3	4	2	3	2	3	
91:
29	0.314	19	16	18	17	16	17	14	17	13	18	12	19	11	19	10	18	8	16	6	13	4	9	3	6	2	3	1	1	1	0	2	0	4	1	6	2	9	3	11	3	14	3	16	4	17	6	17	9	16	12	16	14	17	15	18	15	19	16	19	16	
92:
29	0.234	12	11	13	12	14	13	14	14	15	14	15	15	15	17	15	18	16	18	18	17	19	15	19	12	19	8	19	5	18	3	16	2	13	1	9	1	6	1	3	1	1	2	0	3	0	4	1	6	3	8	6	9	9	9	11	10	12	11	12	11	
93:
28	0.257	6	9	5	10	3	11	2	11	1	11	1	10	1	8	1	5	2	3	4	2	7	2	9	3	10	5	12	6	15	7	17	8	18	10	18	13	17	15	17	16	18	16	18	15	17	13	15	12	12	12	9	11	7	10	6	9	6	9	
94:
35	0.496	7	13	7	12	7	10	8	7	10	4	13	2	16	1	18	1	19	2	20	4	20	7	19	11	18	14	16	16	13	17	9	18	5	18	2	17	0	15	-1	13	-1	12	0	11	2	11	3	10	3	8	3	6	4	4	6	3	7	3	9	4	10	6	10	9	9	11	8	12	7	13	7	13	
95:
29	0.14	1	13	2	14	4	16	6	18	8	19	11	20	13	20	14	19	15	17	16	14	16	10	15	7	14	5	13	4	12	4	12	5	12	7	12	9	11	10	9	10	6	9	3	7	1	6	-1	6	-2	7	-2	8	-1	10	0	12	1	13	1	13	
96:
27	0.154	8	7	7	7	5	7	3	8	2	9	2	11	2	14	3	16	5	17	8	17	11	18	14	18	16	18	17	17	17	15	16	12	15	9	15	6	15	4	14	3	12	3	9	4	7	4	6	4	6	5	7	6	8	7	8	7	
97:
32	0.41	13	17	14	16	14	15	14	14	13	14	11	13	9	12	8	10	8	7	7	5	7	3	8	2	10	1	13	1	15	2	16	2	16	1	15	-1	13	-2	10	-2	7	-1	4	1	2	4	1	8	1	12	1	15	2	17	4	18	7	19	10	19	12	18	13	17	13	17	
98:
31	0.509	13	13	12	12	10	12	7	12	4	12	2	13	1	15	1	18	2	20	4	21	7	21	11	20	14	18	16	16	17	15	17	14	16	14	14	13	12	11	11	9	11	6	12	4	13	3	13	2	12	2	10	3	9	5	9	8	10	10	12	12	13	13	13	13	
99:
31	0.148	0	3	0	2	0	1	1	1	3	1	4	2	5	4	7	7	8	10	10	12	12	13	14	13	15	13	15	14	14	15	13	17	13	19	14	20	16	20	18	19	19	17	19	14	19	10	18	6	16	3	13	1	9	0	6	0	3	1	1	2	0	3	0	3	