0:
54	3.266	47	58	47	57	47	55	47	52	48	48	49	43	51	38	54	34	56	31	58	28	60	26	63	25	66	25	68	26	69	28	69	31	68	35	66	39	63	42	59	45	55	47	50	48	44	49	37	51	30	53	24	54	19	54	15	54	12	53	10	51	9	48	9	45	9	43	8	42	6	42	3	43	1	45	0	48	-1	52	-1	57	0	62	2	66	5	69	9	71	13	72	17	72	21	71	26	69	32	66	37	63	41	61	44	59	46	58	47	58	47	58	
1:
53	0.694	38	22	39	21	41	20	44	19	47	18	51	18	56	17	60	15	63	14	65	14	66	14	66	15	65	17	63	20	62	24	60	29	59	34	59	39	60	43	62	46	63	50	63	55	62	59	60	62	57	64	53	65	49	65	46	64	43	62	40	60	36	57	31	53	26	49	21	46	16	44	12	43	9	43	6	44	4	46	3	47	2	47	2	46	3	44	5	41	8	37	12	33	17	29	23	26	28	24	32	22	35	21	37	21	38	22	38	22	
2:
61	14.141	52	6	53	6	55	6	58	6	62	7	66	9	69	12	71	16	73	21	74	27	74	34	73	41	71	47	68	52	64	56	60	59	57	61	55	62	54	62	52	61	49	59	46	56	43	54	39	53	35	53	30	54	24	56	19	59	13	61	8	62	3	62	-1	61	-4	60	-6	58	-7	55	-7	51	-6	47	-5	44	-3	42	0	41	2	41	3	42	3	43	4	45	6	47	9	48	13	48	18	47	24	45	30	42	36	38	41	35	45	31	49	28	52	25	54	21	55	16	55	12	54	9	53	7	52	6	52	6	
3:
59	18.159	22	42	22	43	22	45	21	48	19	51	16	55	13	58	10	60	7	61	4	62	2	62	1	62	1	61	2	60	4	59	7	59	11	60	16	62	21	64	27	67	34	69	40	72	47	74	53	75	58	75	62	74	65	72	67	69	68	65	68	60	67	54	65	48	63	42	60	37	56	33	51	30	47	26	44	21	42	16	41	11	40	7	40	4	40	2	39	1	37	1	35	2	34	4	34	7	35	11	37	15	38	18	38	22	37	27	35	32	32	36	28	39	25	41	23	42	22	42	22	42	
4:
53	8.423	62	8	63	9	65	11	66	14	66	16	65	19	63	23	60	27	57	31	54	36	52	42	51	48	51	54	52	59	54	63	56	66	58	68	59	69	59	69	58	68	56	66	53	63	49	59	45	54	40	48	36	41	33	35	30	30	28	26	25	23	21	20	16	18	12	17	8	16	5	14	3	11	2	9	2	8	3	8	5	9	8	11	12	12	17	12	22	12	28	12	35	11	41	11	47	12	52	12	56	12	59	11	61	9	62	8	62	8	
5:
51	3.261	7	51	8	50	10	50	13	51	17	53	21	55	26	58	32	61	39	63	45	65	51	66	56	66	60	65	63	63	65	61	67	60	68	60	68	59	67	58	65	56	62	53	59	50	55	48	51	45	48	41	46	36	45	30	45	25	46	21	48	18	49	16	49	14	48	12	46	11	44	11	41	12	37	14	33	15	30	17	28	20	27	24	27	28	27	33	26	38	24	42	21	46	17	49	13	51	10	52	8	52	7	51	7	51	
6:
54	3.556	4	41	4	40	4	38	5	35	5	31	6	28	7	25	7	23	6	21	5	18	4	14	4	11	5	8	7	6	10	5	14	5	18	6	23	8	27	10	30	13	32	17	33	22	33	28	32	33	30	37	29	40	29	42	30	43	32	43	35	42	39	41	44	41	48	41	52	41	55	42	57	44	58	47	58	51	57	56	55	60	52	63	48	65	43	66	38	66	33	65	27	63	21	60	16	57	12	53	9	50	7	47	5	44	4	42	4	41	4	41	
7:
59	6.195	45	19	46	18	47	16	49	13	52	10	55	7	58	5	62	4	65	4	67	5	68	7	69	10	69	13	68	15	66	16	63	16	59	15	54	15	48	16	41	17	33	18	26	18	20	19	15	21	11	24	8	28	6	32	5	35	5	39	6	44	8	48	11	52	15	55	20	57	26	58	32	58	37	57	41	56	44	55	47	53	49	50	50	48	50	47	49	47	47	48	44	50	40	51	36	51	33	50	31	48	30	46	30	43	31	39	33	34	36	29	39	25	42	22	44	20	45	19	45	19	
8:
54	4.467	32	27	33	26	35	25	38	23	41	22	43	20	45	18	47	17	50	17	54	18	59	20	64	23	68	27	71	31	73	36	75	42	76	48	76	53	75	57	73	60	70	62	66	63	62	63	57	62	51	60	46	57	42	53	39	49	37	44	35	38	33	31	30	25	26	19	21	14	17	10	14	7	12	5	11	4	11	3	12	3	14	3	17	4	21	5	26	5	30	5	33	6	35	8	36	10	36	13	36	17	36	21	35	24	33	26	32	27	32	27	
9:
47	1.673	66	59	67	58	67	56	67	53	66	49	66	45	66	42	65	40	63	39	60	39	56	40	52	40	49	39	47	38	46	37	45	37	44	38	42	40	39	43	35	45	30	46	24	47	18	47	13	46	9	44	6	42	4	41	3	40	3	40	4	40	6	41	9	43	13	46	17	49	21	53	24	57	27	60	30	62	34	63	39	63	45	63	51	63	56	62	60	61	63	61	65	60	66	59	66	59	
10:
57	7.641	31	60	32	60	34	59	36	57	39	54	43	50	48	47	54	44	59	42	63	41	66	41	68	42	69	44	69	47	68	51	66	55	63	58	59	60	56	61	54	61	53	60	53	58	53	55	53	51	52	46	50	40	48	34	47	29	47	25	46	22	46	19	46	17	47	16	47	16	46	17	44	19	41	22	37	24	32	25	26	25	21	24	16	23	12	22	9	22	7	23	6	25	6	28	7	32	8	37	10	41	13	45	17	50	21	54	25	57	28	59	30	60	31	60	31	60	
11:
53	6.143	65	34	66	33	66	31	67	28	67	25	66	22	64	20	61	19	58	19	54	20	49	22	45	23	41	23	38	22	36	20	35	17	35	14	34	12	33	11	32	11	31	12	29	14	26	17	24	19	21	21	19	23	18	26	18	29	19	33	21	38	23	42	26	47	30	52	35	56	41	59	46	61	50	63	53	64	55	64	56	63	56	62	55	60	53	58	51	55	50	51	50	46	51	42	53	39	56	37	59	36	62	36	64	35	65	34	65	34	
12:
55	1.158	67	0	66	-1	64	-1	61	-1	57	0	52	1	46	3	40	5	34	8	29	12	25	17	22	21	20	24	19	26	19	27	20	28	22	30	25	32	29	34	33	37	37	41	40	46	42	52	43	57	43	61	42	64	40	66	37	68	33	69	28	69	22	68	16	66	11	64	7	62	4	59	2	55	0	50	-1	44	-1	37	0	29	2	22	5	15	9	9	14	4	19	0	25	-3	32	-6	39	-8	46	-9	52	-9	57	-8	61	-6	64	-3	66	-1	67	0	67	0	
13:
58	2.368	32	55	33	56	35	58	38	61	41	63	45	66	48	68	52	70	55	71	58	71	60	70	61	68	61	66	60	64	58	63	55	63	51	62	47	60	44	57	42	53	41	48	41	44	42	41	44	38	47	35	51	33	54	32	57	32	59	31	60	29	60	26	60	22	59	18	59	15	59	13	58	12	56	12	53	13	49	15	44	18	39	22	34	27	30	33	26	40	23	46	21	52	19	57	17	61	16	64	16	66	17	67	19	67	22	66	26	64	29	61	31	58	32	56	32	55	32	55	
14:
53	5.551	35	18	36	19	38	20	40	20	43	19	45	17	46	14	47	10	48	7	48	4	47	2	45	1	42	1	38	2	33	4	27	7	21	11	16	16	11	22	7	29	4	36	2	43	1	49	1	54	2	59	4	63	7	66	11	68	16	69	22	69	27	68	31	66	36	64	42	63	48	63	53	63	58	64	62	66	65	67	67	67	68	66	68	64	67	61	65	57	62	52	58	46	53	39	49	33	45	28	41	24	38	21	36	19	35	18	35	18	
15:
53	12.923	1	24	2	23	4	21	7	19	11	17	16	16	22	16	29	16	36	17	42	19	47	21	51	22	55	22	59	21	62	19	64	16	65	14	65	12	64	11	62	11	60	12	59	14	57	17	56	20	56	23	57	27	59	32	62	38	65	43	67	47	68	50	69	52	69	53	68	53	66	52	63	51	59	50	54	50	48	51	41	52	34	52	26	51	19	49	13	46	8	44	4	43	1	41	-1	38	-2	34	-2	30	-1	27	0	25	1	24	1	24	
16:
54	1.958	25	50	24	49	23	47	21	46	18	44	14	42	10	41	6	41	3	42	1	44	0	47	0	51	1	54	3	56	6	58	10	59	15	60	21	61	28	61	34	62	41	63	47	64	52	64	56	63	59	62	61	60	62	57	62	53	61	48	59	42	56	35	54	27	53	20	53	14	52	9	50	5	47	2	43	0	38	-1	34	-1	29	0	25	2	22	5	20	9	19	14	19	20	20	27	22	33	24	38	26	42	27	45	27	47	26	49	25	50	25	50	
17:
58	5.777	54	42	55	42	57	41	60	41	62	42	63	44	63	47	62	51	60	56	57	61	53	65	48	70	42	74	36	77	29	79	23	80	17	80	12	79	8	78	5	76	3	73	2	69	2	64	3	58	5	51	8	44	12	38	17	33	23	29	29	25	34	20	38	16	41	13	45	11	48	10	51	10	53	11	55	13	56	16	56	19	56	22	55	24	53	25	50	25	46	26	43	28	40	31	38	33	37	36	37	40	38	43	40	45	43	46	47	46	50	45	52	43	53	42	54	42	54	42	
18:
59	8.286	68	64	67	64	65	64	62	65	58	65	53	64	47	62	40	59	34	55	29	50	24	44	18	37	13	30	9	23	6	17	4	12	3	8	3	5	2	3	2	2	3	2	5	3	8	5	12	8	17	10	23	11	30	11	37	10	43	10	48	11	52	13	55	15	57	16	58	18	58	21	57	25	55	28	52	30	48	31	44	32	41	32	39	32	38	33	38	35	37	37	37	39	38	40	40	40	42	39	45	39	47	40	50	42	53	45	57	49	61	54	64	58	66	61	67	63	68	64	68	64	
19:
59	5.162	62	67	62	66	61	64	61	61	61	57	61	52	62	47	64	41	66	34	67	26	67	19	67	13	67	8	66	4	64	1	61	-1	57	-2	52	-2	46	-1	39	1	32	3	26	6	20	10	15	15	11	19	8	24	6	28	5	31	5	33	6	34	8	34	11	33	15	31	19	30	23	30	26	31	28	33	29	36	29	40	28	45	26	50	23	55	20	59	18	62	17	64	17	65	18	67	20	69	23	70	27	72	31	73	36	73	41	74	47	74	52	73	56	72	59	70	61	68	62	67	62	67	
20:
62	25.275	69	62	68	61	66	60	63	58	60	57	56	55	51	52	45	49	39	47	34	46	30	44	27	43	25	43	24	43	24	44	25	44	27	43	30	41	34	39	39	37	43	34	46	30	49	25	51	19	52	14	52	10	51	7	50	4	48	2	45	1	41	1	38	2	34	4	31	6	29	8	28	11	26	13	23	15	19	16	14	16	9	16	5	17	2	19	0	22	-1	26	-1	31	0	37	2	43	5	49	9	54	14	58	20	61	26	63	33	65	41	66	48	66	54	65	59	64	63	64	66	64	68	63	69	62	69	62	
21:
52	2.222	58	56	57	55	55	54	53	53	50	53	46	54	41	56	35	57	30	57	26	58	23	58	21	57	20	55	20	52	21	48	22	44	24	39	26	33	27	27	28	21	28	15	27	10	26	6	24	3	22	1	20	0	17	0	13	1	9	3	5	6	1	10	-2	15	-4	21	-5	28	-5	35	-5	41	-4	47	-2	52	1	56	4	59	8	61	13	62	19	62	26	62	32	61	38	61	43	62	48	62	52	61	55	59	57	57	58	56	58	56	
22:
63	28.82	61	10	62	11	63	13	63	16	64	20	65	25	67	31	68	38	69	44	69	51	68	57	66	62	63	66	61	69	58	71	54	72	49	72	43	71	38	69	33	66	29	62	26	57	24	51	23	45	23	38	22	30	20	23	17	17	13	12	10	7	8	3	7	0	7	-2	8	-3	10	-3	13	-3	17	-2	22	0	27	3	31	7	34	12	36	18	37	25	37	31	36	36	35	40	34	43	34	45	35	46	37	47	40	47	43	46	47	44	50	41	53	37	56	34	58	30	59	25	59	20	59	16	59	13	60	11	61	10	61	10	
23:
48	1.748	32	6	31	7	29	9	27	11	26	14	24	18	21	21	17	23	13	24	9	24	6	24	4	24	3	25	3	26	4	26	6	26	9	27	13	29	16	32	18	36	20	41	21	47	21	53	20	58	18	62	17	65	17	67	18	68	20	68	23	67	26	67	29	68	31	68	33	67	34	65	34	62	34	58	35	53	37	47	39	41	40	34	41	27	41	21	40	16	38	12	35	9	33	7	32	6	32	6	
24:
57	6.299	43	16	44	15	46	14	49	14	53	14	58	14	63	15	67	17	70	20	72	24	73	28	73	33	72	38	70	43	67	47	63	50	58	53	52	55	46	56	39	57	32	59	25	61	19	62	14	62	10	61	7	59	5	56	4	52	4	48	5	45	7	42	10	40	14	39	19	39	24	39	30	39	36	39	41	38	47	36	52	33	56	29	59	25	61	20	62	15	62	11	62	7	61	4	59	2	56	1	52	1	48	2	45	4	43	7	42	10	42	13	43	15	43	16	43	16	
25:
52	1.021	14	38	15	38	17	38	18	37	20	36	21	34	21	31	20	27	19	22	17	17	16	12	16	8	17	5	19	3	22	1	26	0	31	0	37	1	43	3	48	6	52	10	55	15	57	20	58	26	58	32	57	37	55	41	52	44	50	47	49	51	49	54	50	56	52	57	53	59	53	61	52	64	50	67	47	69	43	71	38	72	33	72	29	71	26	69	24	66	23	62	23	58	23	53	22	48	20	44	17	41	15	39	14	38	14	38	
26:
60	5.371	65	36	66	35	68	33	70	31	71	28	72	24	72	21	71	19	69	18	66	18	62	19	57	21	51	24	46	28	41	31	37	33	32	34	28	34	25	34	22	34	20	35	19	37	19	40	19	44	20	49	22	53	25	57	27	60	28	62	28	63	27	63	25	62	22	60	18	57	15	53	13	48	12	42	12	35	13	28	14	22	16	17	19	13	21	9	23	6	25	4	26	3	27	3	27	4	28	6	30	9	32	13	35	17	39	21	44	24	50	27	55	30	59	33	62	35	64	36	65	36	65	36	
27:
50	2.439	43	34	44	33	45	31	47	28	50	24	52	20	53	15	53	10	53	5	52	1	50	-2	47	-4	43	-5	38	-5	32	-4	27	-2	23	1	20	4	18	6	17	9	17	12	18	14	20	15	23	16	25	17	26	19	26	21	25	24	23	28	21	31	19	33	18	36	18	39	19	41	21	43	24	44	28	44	32	44	37	44	42	45	46	47	49	48	51	48	52	47	52	45	51	42	49	39	46	37	44	35	43	34	43	34	
28:
52	3.447	51	43	52	42	52	40	51	37	51	33	51	28	52	22	52	17	51	12	49	8	46	4	42	1	38	-1	34	-2	29	-2	23	-1	18	1	13	4	7	8	2	13	-2	17	-5	22	-7	28	-8	34	-8	39	-7	43	-5	46	-2	48	2	49	7	49	12	48	16	46	19	43	21	39	22	34	23	29	23	25	22	22	22	20	23	18	25	17	28	17	31	18	35	19	40	21	44	24	47	28	49	33	51	37	52	40	52	42	51	43	51	43	
29:
67	8.953	37	2	36	3	34	5	31	7	27	10	22	14	18	18	15	21	12	23	10	24	9	24	9	23	10	22	12	22	15	23	17	25	18	28	18	32	17	36	15	40	12	43	8	45	3	46	-1	46	-4	47	-6	49	-7	52	-7	55	-6	59	-4	62	-1	64	3	65	8	65	13	64	17	62	20	59	22	56	24	52	26	47	29	43	32	40	35	38	38	37	40	37	41	38	41	40	41	43	42	47	42	51	43	54	43	56	44	57	46	57	48	56	51	54	54	51	56	47	57	42	57	36	56	29	54	23	51	17	47	12	43	8	40	5	38	3	37	2	37	2	
30:
69	23.044	30	26	29	25	27	24	24	22	22	20	21	17	21	13	21	9	21	6	21	4	20	3	18	2	15	2	11	3	8	5	6	8	5	12	4	17	4	23	5	30	6	38	6	45	7	51	9	56	10	60	10	63	11	65	12	66	12	66	13	65	15	63	18	60	22	56	27	51	33	45	40	39	46	33	51	26	55	20	58	15	60	11	61	8	61	6	60	5	58	5	55	6	52	8	50	11	49	15	49	20	50	26	52	33	55	39	58	44	61	48	63	51	64	53	64	54	63	54	61	53	58	51	54	48	50	44	45	39	40	35	36	32	33	29	31	27	30	26	30	26	
31:
60	3.396	54	37	53	36	51	34	48	31	44	27	39	22	35	18	31	14	28	11	26	9	25	8	23	8	22	9	22	11	23	14	25	18	28	23	32	29	37	36	43	42	48	47	52	52	55	57	58	61	60	64	61	66	61	67	60	67	58	66	55	64	51	62	46	59	40	55	35	52	29	50	23	49	17	48	12	48	8	49	5	51	3	54	2	56	2	57	3	57	5	56	6	54	8	51	11	48	15	44	20	39	26	35	31	32	36	30	40	29	44	29	48	30	51	32	53	34	54	36	54	37	54	37	
32:
54	18.851	5	5	6	4	8	3	11	2	15	0	20	-1	26	-1	33	0	39	1	44	1	48	0	51	0	53	1	54	3	54	4	53	4	52	4	50	5	48	7	47	10	47	13	48	17	50	21	53	26	57	32	61	38	64	44	66	49	67	53	67	56	66	58	64	59	61	59	57	59	54	60	51	62	47	63	43	64	39	64	35	63	31	61	28	58	25	54	21	49	17	43	12	36	8	30	5	25	3	20	2	15	2	11	3	8	4	6	5	5	5	5	
33:
59	0.992	12	27	13	27	15	26	18	26	20	27	21	29	21	32	21	36	22	39	24	41	27	42	31	43	36	43	42	42	48	42	54	43	59	45	63	47	66	48	68	48	69	47	69	45	68	43	66	41	64	38	61	35	57	32	54	30	51	27	49	24	48	20	48	16	49	12	51	9	54	6	56	4	57	3	57	3	56	4	54	6	51	8	47	10	42	11	36	11	29	10	22	10	16	9	11	7	7	6	4	6	2	7	1	9	1	12	2	16	4	20	7	23	9	25	11	26	12	27	12	27	
34:
50	5.389	32	32	33	33	35	33	38	32	42	32	47	31	51	29	54	26	58	23	61	21	64	20	66	20	67	21	67	23	67	26	66	30	64	35	61	41	57	46	52	51	46	55	39	58	33	60	27	61	21	61	16	60	12	58	9	55	7	51	6	46	6	40	5	33	5	26	5	20	6	15	8	11	11	8	13	6	14	5	16	5	17	6	18	8	19	11	21	15	24	20	26	24	27	27	29	29	31	31	32	32	32	32	
35:
54	3.9	44	49	45	50	47	52	50	55	54	59	58	62	62	64	65	65	67	65	68	64	68	62	67	60	65	57	64	53	64	48	65	42	66	36	66	31	65	27	63	24	60	22	56	20	51	18	45	16	39	15	34	13	30	10	27	7	23	4	18	2	14	1	11	1	9	2	8	4	8	5	9	7	11	10	14	14	16	17	17	20	17	23	16	26	15	30	15	35	16	40	18	44	21	47	25	50	30	52	34	53	38	53	41	52	43	50	44	49	44	49	
36:
64	6.055	66	62	65	63	63	65	60	66	56	66	51	65	45	65	38	66	31	67	24	67	18	66	13	65	9	63	6	60	4	56	3	51	3	46	4	40	6	33	9	27	13	21	18	16	24	12	31	9	38	7	45	6	51	6	56	7	60	8	63	10	65	13	66	17	66	22	65	27	63	33	60	39	57	45	53	50	48	54	43	57	37	59	32	60	28	61	25	62	23	62	22	61	22	59	23	56	25	52	26	47	28	43	31	40	34	38	38	37	42	37	46	38	51	40	56	43	60	47	63	52	65	56	66	59	66	61	66	62	66	62	
37:
60	1.688	66	3	65	4	65	6	65	9	66	13	66	18	65	24	64	29	63	33	61	36	59	38	56	39	53	39	50	38	48	36	46	33	43	29	40	24	36	20	31	16	26	12	22	8	19	5	15	3	12	2	9	2	5	3	2	5	0	8	-2	12	-3	17	-3	23	-2	30	0	37	1	45	1	52	1	58	2	63	4	67	7	70	11	72	16	73	22	73	29	72	36	70	43	67	49	63	54	58	59	53	63	47	67	42	70	36	72	30	73	24	73	18	72	13	71	9	69	6	67	4	66	3	66	3	
38:
53	4.044	1	14	2	13	4	11	7	10	11	10	15	10	20	11	24	13	27	16	29	20	30	24	31	29	31	35	30	40	28	45	26	49	25	54	23	59	22	63	22	66	23	68	25	69	28	69	32	68	37	66	43	63	49	59	54	55	58	52	61	50	63	49	65	47	66	44	66	40	65	37	63	34	60	32	56	31	51	31	45	32	38	34	31	35	24	36	18	36	13	35	9	33	5	30	2	27	0	23	-1	20	-1	17	0	15	1	14	1	14	
39:
52	0.397	67	63	68	62	70	60	72	57	73	53	74	48	74	42	73	35	71	29	68	23	64	18	59	13	53	9	46	6	40	4	34	2	29	1	23	1	18	1	14	2	11	4	9	7	8	11	8	14	9	18	11	21	12	23	12	24	11	24	9	25	7	27	5	29	3	32	2	35	1	38	1	42	2	47	4	52	7	56	11	59	16	61	22	64	28	66	35	69	42	71	48	72	53	72	57	71	61	69	64	66	66	64	67	63	67	63	
40:
61	1.161	19	39	20	38	22	37	25	37	29	37	32	38	34	40	37	43	41	47	45	50	48	54	50	58	51	61	51	63	50	65	48	67	46	68	45	68	45	67	46	65	48	62	51	58	53	53	54	47	54	40	54	33	53	27	52	21	52	16	53	12	55	9	58	7	61	6	63	4	64	1	64	-2	63	-4	61	-5	58	-5	54	-4	49	-4	43	-3	36	-1	29	1	23	4	17	8	12	13	8	19	5	26	3	32	2	37	2	41	3	44	5	46	7	47	9	47	11	46	14	44	16	42	18	40	19	39	19	39	
41:
70	15.112	4	59	5	58	5	56	5	53	5	49	6	44	8	40	11	37	14	35	17	34	19	33	20	33	20	34	20	36	20	39	21	43	23	47	26	52	28	56	31	60	35	63	40	65	45	66	49	66	52	65	54	63	55	60	55	57	55	55	54	54	52	53	49	52	45	51	41	49	38	46	36	42	35	37	35	31	36	26	38	20	41	15	45	10	49	6	53	3	56	1	58	0	59	0	59	-1	58	-2	56	-4	53	-6	49	-7	44	-7	38	-6	31	-4	23	-2	16	1	10	5	5	10	1	14	-2	19	-4	25	-5	32	-5	38	-4	44	-2	49	1	53	3	56	4	58	4	59	4	59	
42:
58	25.062	3	5	4	5	6	5	9	6	13	8	18	9	24	9	31	9	37	8	43	8	48	9	52	10	55	12	57	15	58	18	58	20	57	21	55	21	52	21	48	21	43	20	37	18	30	17	22	17	15	18	9	20	4	23	0	27	-3	32	-5	38	-6	44	-6	50	-5	55	-3	59	0	62	4	64	9	66	15	67	22	67	28	66	33	64	37	61	40	57	42	52	43	46	43	41	42	37	40	34	37	31	33	28	29	26	24	23	18	19	13	15	9	11	6	8	4	6	3	5	3	5	
43:
57	3.935	59	62	58	61	56	61	53	62	49	63	44	63	39	64	34	65	29	65	25	65	22	66	20	66	19	67	19	67	20	66	22	64	25	61	29	57	33	52	37	47	42	43	46	40	49	38	52	37	54	36	55	35	55	33	54	31	52	28	49	25	46	22	42	18	37	15	31	13	25	12	20	12	16	13	13	14	11	16	10	17	10	17	11	16	13	15	16	15	20	16	25	18	31	21	37	25	42	30	46	35	50	41	53	47	55	52	57	56	58	59	59	61	59	62	59	62	
44:
55	3.234	17	61	18	62	20	64	22	65	24	65	25	64	25	62	26	59	28	55	31	50	34	44	38	38	43	33	49	29	54	26	58	24	62	23	65	22	67	22	68	23	68	25	67	28	65	30	62	32	58	33	55	33	51	32	47	30	43	27	40	23	37	18	35	13	34	9	34	6	35	4	35	3	34	3	32	3	29	3	25	4	20	5	15	7	11	10	7	14	4	19	2	25	1	30	1	35	2	40	4	46	7	51	11	55	14	58	16	60	17	61	17	61	
45:
52	0.489	13	11	12	12	10	14	8	17	7	21	5	25	4	29	4	34	5	38	6	41	8	43	11	44	15	45	20	45	26	44	31	42	35	40	38	39	40	39	43	40	45	42	48	44	52	46	56	47	59	47	61	46	62	44	62	41	61	38	59	34	58	30	58	25	59	21	61	17	64	13	66	10	67	8	67	6	66	4	64	2	61	-1	57	-3	52	-4	47	-4	41	-3	34	-1	28	2	23	5	19	8	16	10	14	11	13	11	13	11	
46:
56	41.378	61	32	60	31	60	29	61	26	63	22	65	18	67	15	68	13	68	12	67	12	65	12	62	12	58	12	53	13	47	14	40	14	33	15	26	17	20	20	15	23	11	27	8	32	6	37	5	42	5	48	6	53	6	57	5	60	3	62	1	63	-1	63	-2	64	-2	66	-1	69	1	71	4	72	8	73	13	73	19	72	26	70	32	67	37	63	41	58	44	52	46	46	47	41	47	36	47	32	47	29	48	27	50	26	53	26	56	27	58	29	60	31	61	32	61	32	
47:
61	14.221	50	25	49	26	49	28	49	31	50	35	52	40	54	46	55	52	55	57	56	61	58	64	61	66	63	68	64	69	64	69	63	68	61	66	58	63	54	59	50	54	47	48	45	41	44	33	44	26	45	19	46	13	46	8	46	4	45	1	45	-1	44	-2	42	-2	39	-1	35	1	30	4	24	8	18	12	13	17	9	23	6	30	4	36	3	41	2	45	2	48	3	50	4	51	4	51	5	50	7	48	9	45	11	41	14	36	18	31	23	27	29	24	35	22	40	21	44	21	47	22	49	24	50	25	50	25	
48:
53	5.497	46	45	47	44	48	42	49	39	51	36	54	33	58	31	62	30	66	30	69	31	71	33	72	36	72	40	71	44	69	49	66	53	62	56	57	58	52	59	48	61	45	63	41	65	36	66	30	66	24	65	18	63	13	61	9	58	6	54	4	50	3	45	3	40	4	36	4	33	5	31	6	30	8	30	11	31	14	33	18	36	23	39	28	43	32	46	35	49	37	51	38	53	38	54	39	54	40	53	42	51	44	48	45	46	46	45	46	45	
49:
50	6.928	3	67	2	66	0	64	-1	61	-1	57	0	53	1	50	3	48	5	46	8	45	12	45	17	46	22	46	26	46	29	45	31	44	32	42	32	39	32	35	32	30	32	26	33	22	35	18	38	15	40	13	43	12	45	12	47	13	49	15	51	18	52	22	52	27	53	32	55	38	56	43	56	47	55	50	53	52	50	54	46	55	41	55	36	54	30	54	24	55	18	57	13	60	9	63	6	65	4	66	3	67	3	67	
50:
54	0.894	65	50	65	51	65	53	64	56	62	59	59	61	55	62	50	62	44	61	39	59	34	56	29	52	25	47	22	41	20	35	19	29	19	22	20	16	22	11	25	7	29	4	34	2	39	1	43	1	46	2	49	4	51	7	52	10	52	12	51	13	50	13	48	12	45	11	42	11	40	12	39	14	39	16	40	18	41	20	41	23	40	25	38	28	37	30	37	33	38	35	40	38	43	41	47	44	51	47	55	49	59	50	62	50	64	50	65	50	65	50	
51:
48	0.754	41	57	40	57	39	58	37	58	34	59	31	59	29	59	28	60	27	62	25	63	23	63	21	62	19	60	17	58	16	55	16	52	17	48	19	44	22	40	26	36	30	31	34	27	37	22	39	18	41	15	43	13	45	12	48	12	52	13	55	15	59	18	62	22	64	27	65	33	67	40	68	46	68	51	67	56	65	60	62	63	58	65	53	66	49	66	46	65	44	63	42	60	41	58	41	57	41	57	
52:
59	0.638	24	31	24	30	23	28	21	26	19	23	17	19	16	14	16	10	17	7	19	5	21	4	24	4	26	5	27	7	28	10	30	12	32	15	33	19	33	24	32	29	30	33	27	37	23	40	19	43	15	46	12	50	10	55	9	59	9	62	10	64	12	65	15	65	19	64	24	63	30	61	37	58	45	54	52	49	58	43	63	36	67	29	70	23	72	17	73	12	73	8	72	5	70	3	67	2	63	2	58	3	52	5	45	8	39	12	34	16	30	21	27	25	25	28	24	30	24	31	24	31	
53:
58	9.774	32	5	31	6	29	7	26	9	22	12	18	15	14	19	11	24	9	30	6	37	4	45	3	53	3	60	4	66	6	71	9	75	13	78	16	80	20	81	25	81	30	80	36	78	42	75	47	71	51	67	54	63	56	60	57	58	57	57	56	57	54	56	51	56	47	57	42	58	36	58	31	57	27	55	24	52	22	48	21	44	21	40	22	37	24	35	27	34	30	33	34	32	37	31	40	31	42	30	43	29	43	27	42	24	41	20	40	15	38	11	35	8	33	6	32	5	32	5	
54:
57	9.968	52	3	51	4	49	6	48	9	48	13	49	18	51	23	54	29	58	36	62	42	65	48	67	53	68	57	68	61	67	64	65	66	62	67	58	67	53	66	47	66	40	67	34	68	29	69	25	70	22	70	20	69	19	67	19	64	20	61	22	57	25	52	28	46	31	39	33	33	34	28	34	24	33	21	31	19	28	18	24	18	20	17	17	16	15	16	14	17	14	18	15	18	17	17	19	15	22	12	26	8	31	5	37	3	42	2	46	2	49	3	51	3	52	3	52	3	
55:
56	1.28	33	64	34	63	34	61	33	60	31	59	29	59	26	59	22	59	18	58	15	56	13	53	12	49	12	44	11	39	9	33	6	26	3	19	1	13	0	8	0	4	1	1	3	-1	5	-2	8	-2	12	-1	16	1	21	4	25	8	28	11	30	13	32	14	33	14	33	13	33	11	34	8	36	6	39	5	43	4	47	4	52	4	56	5	59	7	61	10	62	14	63	17	63	21	62	26	60	32	57	37	53	43	48	49	43	54	39	58	36	61	34	63	33	64	33	64	
56:
56	3.794	8	55	8	56	8	58	9	61	11	63	14	64	18	64	23	63	29	61	36	58	43	54	50	49	56	43	61	36	65	30	68	25	70	20	71	15	71	11	70	8	68	6	65	5	61	5	57	6	53	8	50	10	46	13	43	16	39	18	36	19	34	19	33	20	33	22	34	23	36	25	39	28	41	30	42	31	42	32	41	33	39	34	36	35	32	36	27	36	21	35	16	34	12	34	9	35	7	37	5	40	4	43	4	47	5	50	6	52	7	54	8	55	8	55	
57:
52	2.805	11	63	12	62	14	62	17	61	21	59	26	56	31	52	37	49	44	47	50	46	55	46	59	47	62	49	64	52	65	56	65	60	64	63	62	65	59	66	56	66	54	65	53	63	53	60	54	57	55	53	55	48	55	42	54	35	54	29	53	24	53	20	52	17	50	15	47	14	43	14	38	15	32	17	26	20	21	23	17	27	14	30	12	32	11	35	11	37	12	40	14	44	15	49	15	53	15	57	14	60	12	62	11	63	11	63	
58:
57	10.634	50	48	51	49	52	51	53	52	53	52	52	51	52	49	52	46	53	42	55	37	58	31	62	25	65	20	67	16	68	12	68	9	67	7	65	6	62	5	58	4	53	2	49	-1	44	-3	39	-4	35	-4	31	-3	28	-1	26	2	25	6	25	11	25	16	26	22	26	28	26	35	25	41	23	46	20	50	16	53	11	55	7	56	4	56	2	55	1	54	1	52	2	49	4	46	7	42	11	39	16	37	22	36	29	36	35	37	40	39	44	42	47	45	49	47	50	48	50	48	
59:
48	0.974	30	23	30	22	31	20	31	17	30	14	29	12	27	11	24	11	20	12	15	13	11	15	8	18	6	22	5	26	5	30	6	34	8	39	10	45	12	51	13	56	15	60	18	63	22	65	25	66	27	68	28	69	30	69	33	68	37	67	42	65	48	62	53	58	57	53	60	47	62	41	63	35	63	30	62	26	60	22	57	19	53	17	48	16	44	16	40	17	36	19	33	20	31	22	30	23	30	23	
60:
52	2.567	17	48	18	49	18	51	19	54	20	57	22	61	23	65	24	68	24	70	23	71	23	71	24	70	26	68	29	65	33	61	38	56	43	50	47	44	52	38	57	33	61	28	64	24	66	21	67	19	67	18	66	18	64	17	62	15	59	12	55	8	52	4	48	1	44	-1	39	-2	33	-2	26	-1	20	1	15	4	11	7	8	10	6	12	5	15	5	18	6	22	8	25	11	29	13	33	14	38	14	42	15	45	16	47	17	48	17	48	
61:
61	14.866	69	29	68	28	66	26	63	23	59	19	55	15	50	12	44	10	39	9	35	9	32	10	30	12	29	14	29	17	30	21	31	26	33	32	36	37	40	41	45	45	51	49	56	52	60	54	63	55	66	55	68	55	69	55	69	56	68	58	66	61	63	64	59	66	54	67	49	67	43	66	37	65	31	64	25	64	19	65	14	66	10	66	7	65	5	63	4	62	4	60	5	57	7	53	10	48	14	42	19	37	25	32	32	28	40	25	47	23	53	22	58	22	62	23	65	25	67	27	68	28	69	29	69	29	
62:
57	2.929	45	58	46	59	46	61	45	63	43	66	40	68	36	69	31	69	27	68	23	66	20	63	18	59	17	56	17	53	18	51	20	49	23	46	27	42	32	39	38	37	44	36	49	36	53	37	56	38	58	38	59	37	59	35	58	32	56	28	53	23	49	18	45	13	42	8	38	4	33	1	29	-1	25	-2	22	-2	19	-1	17	0	16	2	16	5	17	8	19	10	22	11	25	13	27	16	28	20	29	25	31	31	34	37	37	43	39	48	42	52	44	55	45	57	45	58	45	58	
63:
53	7.596	26	67	27	67	29	67	32	67	36	66	39	65	43	63	46	60	48	56	51	53	55	51	58	50	60	49	61	48	61	47	62	45	64	42	67	38	69	33	70	27	70	22	69	18	67	15	65	13	62	11	58	10	53	10	47	10	40	10	34	10	29	11	25	13	22	14	20	16	19	19	19	21	20	22	22	23	25	24	29	26	33	29	36	32	38	36	39	40	40	45	40	51	39	56	37	60	34	63	31	65	29	66	27	66	26	67	26	67	
64:
59	3.878	41	21	42	22	44	24	47	25	51	26	54	26	57	25	60	25	62	26	63	28	63	31	62	35	60	40	58	46	57	52	57	57	56	61	54	64	51	66	48	67	46	67	44	66	41	64	39	62	38	60	37	59	36	59	35	60	33	62	30	65	26	67	21	68	15	68	10	68	6	67	3	65	1	62	0	58	0	53	1	47	3	40	6	32	10	25	15	19	20	14	24	10	27	7	29	4	30	2	30	1	29	1	29	2	29	4	30	7	32	11	35	15	38	18	40	20	41	21	41	21	
65:
51	1.381	64	69	63	68	61	68	58	68	54	67	49	66	45	64	42	61	40	59	39	57	39	54	40	52	41	51	42	51	42	52	41	54	39	57	36	60	32	62	27	64	21	65	15	65	10	64	6	63	3	61	1	59	0	58	0	57	1	56	3	54	6	51	8	47	10	42	11	37	12	33	14	30	16	28	19	27	23	27	28	28	34	30	40	33	46	37	51	42	55	48	59	54	62	59	64	63	65	66	65	68	64	69	64	69	
66:
65	18.887	1	28	1	27	0	25	0	22	1	18	1	13	2	7	4	2	7	-2	11	-5	16	-7	21	-8	27	-8	34	-7	41	-6	47	-4	52	-1	56	3	59	8	61	14	62	21	63	28	64	35	66	43	67	50	67	56	66	61	64	65	61	68	57	70	52	71	46	71	41	70	37	68	34	65	32	61	31	56	30	52	30	49	30	47	29	46	27	46	24	46	22	47	21	49	20	52	20	56	21	60	22	64	22	67	21	69	19	70	16	70	13	69	11	67	9	64	7	60	6	55	6	49	7	43	7	38	6	34	4	31	2	29	1	28	1	28	
67:
55	4.86	52	58	53	57	54	55	54	52	54	48	53	45	51	42	48	39	44	35	39	31	33	26	26	22	20	19	15	17	11	16	8	16	6	17	5	19	5	22	6	26	8	31	11	36	13	41	14	46	14	51	13	55	11	58	8	60	5	61	3	61	2	61	2	62	3	62	5	61	8	61	11	61	15	61	19	61	24	61	28	60	31	58	33	55	34	52	34	48	33	45	33	43	34	42	36	42	38	43	40	45	43	48	46	52	49	55	51	57	52	58	52	58	
68:
54	2.679	39	31	38	30	36	28	33	25	29	21	24	17	19	14	15	12	12	11	9	11	7	12	6	14	6	16	7	18	9	19	11	21	12	24	12	28	13	33	15	39	18	45	21	50	25	54	30	57	36	59	41	60	45	60	48	59	50	57	52	54	54	50	56	45	57	39	57	32	56	26	54	19	52	13	51	8	51	4	52	1	54	-1	57	-2	59	-2	60	-1	60	1	59	4	57	8	54	12	50	16	46	21	43	25	41	28	40	30	39	31	39	31	
69:
60	3.696	4	69	3	68	1	66	0	63	0	59	1	54	3	50	6	45	9	41	13	38	18	35	23	33	28	32	32	32	35	33	37	35	38	38	40	42	42	46	43	49	45	51	47	52	50	52	54	51	58	49	61	46	63	42	65	37	66	31	67	24	67	18	66	13	64	9	61	6	57	4	52	3	46	3	39	4	33	6	26	9	20	12	15	16	11	19	8	21	6	22	5	23	5	25	6	28	8	32	11	35	13	37	14	40	15	44	15	49	14	54	12	59	10	63	7	66	5	68	4	69	4	69	
70:
61	6.1	41	24	40	25	38	27	36	30	35	34	35	39	36	43	38	46	40	49	42	51	43	54	43	56	42	58	40	59	37	59	33	59	28	58	23	57	19	55	16	52	14	49	13	46	13	44	12	43	10	43	9	44	8	46	6	48	4	49	2	49	1	48	1	46	1	43	2	39	2	34	3	29	5	25	8	22	12	19	17	17	22	16	27	16	32	17	38	19	45	20	51	20	56	19	60	17	63	14	65	12	66	11	66	9	65	8	63	8	60	9	56	11	51	14	47	18	44	21	42	23	41	24	41	24	
71:
64	12.621	40	69	39	70	37	70	34	70	30	70	26	69	23	67	20	64	18	60	17	55	17	49	18	42	20	36	23	30	27	25	32	21	36	17	41	14	46	12	50	10	53	9	55	9	56	9	56	8	55	7	53	5	50	3	46	1	41	0	36	-1	31	-1	26	0	22	2	19	5	17	9	16	14	16	20	16	26	17	31	18	37	19	42	21	46	24	49	28	51	33	52	39	52	46	52	52	52	57	53	61	54	64	56	66	59	67	61	67	62	66	63	64	64	62	66	59	68	55	69	50	69	46	68	43	68	41	68	40	69	40	69	
72:
68	39.39	57	67	58	66	59	64	60	61	62	57	63	52	64	46	64	39	63	31	61	24	58	18	54	12	49	7	43	3	36	-1	29	-4	22	-7	16	-9	11	-10	7	-10	4	-9	2	-7	1	-4	1	0	2	3	4	6	7	9	9	13	10	18	10	23	9	28	9	32	10	35	12	37	15	38	19	38	22	38	24	37	25	37	25	38	24	40	22	42	19	45	17	49	15	54	12	59	10	63	9	66	9	68	10	69	12	69	15	68	19	66	24	63	29	59	34	56	39	54	44	52	48	51	52	51	55	51	57	52	58	54	58	57	57	61	56	64	56	66	57	67	57	67	
73:
60	35.26	62	58	63	57	64	55	65	52	65	48	64	43	63	38	61	32	58	26	54	21	49	17	43	14	36	12	30	11	25	11	21	12	18	14	16	17	15	21	15	26	16	32	16	37	15	41	13	44	11	46	8	47	5	47	2	46	0	44	-1	41	-1	37	0	32	2	26	5	20	8	15	12	11	17	8	21	6	26	4	30	3	33	3	35	4	37	6	40	9	42	13	43	17	44	22	46	28	48	34	50	41	52	47	53	52	53	56	53	59	53	61	54	62	56	62	59	61	61	59	62	58	62	58	
74:
53	13.253	55	68	54	67	52	65	49	62	47	58	45	54	42	49	40	45	39	42	39	39	40	37	42	35	45	33	49	32	54	32	58	32	61	31	63	29	64	26	64	24	63	23	61	22	58	20	54	17	49	13	43	8	36	4	28	1	20	-1	13	-2	7	-2	2	-1	-2	1	-5	4	-7	8	-8	13	-8	19	-7	26	-5	32	-2	37	2	41	7	44	12	46	18	48	25	50	31	53	37	56	42	60	46	63	49	65	52	67	54	68	55	68	55	68	
75:
61	1.18	37	68	36	67	34	65	31	62	28	58	25	55	23	52	22	50	22	49	23	48	24	46	26	45	29	45	33	44	37	42	40	39	42	36	43	33	43	29	42	25	41	21	40	18	39	16	37	15	34	15	30	16	25	18	20	21	16	25	12	30	9	36	5	42	2	47	0	51	-1	55	-1	59	0	63	2	66	5	68	9	70	14	71	20	71	27	70	34	68	40	65	45	61	50	57	54	54	57	52	59	51	60	51	60	52	59	53	57	55	54	58	50	62	46	65	43	67	40	68	38	68	37	68	37	68	
76:
52	3.151	65	3	64	4	62	6	59	9	55	13	50	16	45	18	39	19	34	20	30	20	26	19	23	17	21	16	20	14	20	13	19	13	17	14	14	14	10	14	7	15	5	17	3	20	2	24	2	28	3	33	5	39	8	44	12	48	17	51	22	53	28	54	34	54	41	53	47	52	52	52	56	53	59	54	62	54	65	53	67	51	69	48	70	44	70	39	69	33	67	26	64	20	62	15	61	11	61	8	62	6	64	4	65	3	65	3	
77:
56	3.831	39	42	38	41	37	39	35	36	34	32	34	27	34	21	33	16	31	12	29	9	26	7	23	6	20	6	16	7	13	9	11	12	10	16	10	20	10	25	11	31	13	38	16	44	19	50	23	55	27	59	32	62	38	64	44	65	49	65	53	64	56	62	58	60	59	57	60	54	60	50	59	45	59	39	60	33	62	28	64	24	65	21	65	19	64	18	62	18	59	18	55	19	50	20	45	21	41	23	38	25	36	28	35	32	35	36	36	39	38	41	39	42	39	42	
78:
55	4.971	68	30	68	31	69	33	71	36	74	39	77	43	79	47	80	52	80	56	79	59	77	61	74	62	70	62	65	61	60	59	54	58	47	58	41	58	36	57	31	55	27	53	23	51	20	50	18	50	17	51	17	53	18	56	18	59	17	61	15	62	12	62	9	63	6	63	3	62	1	60	0	57	0	53	1	48	2	42	3	35	5	29	8	24	11	20	15	17	20	15	26	14	33	14	40	14	47	15	53	17	58	20	62	24	65	27	67	29	68	30	68	30	
79:
42	3.442	30	69	31	70	32	71	34	71	37	71	41	70	45	68	49	65	53	61	56	56	58	50	59	43	59	36	58	29	56	23	53	17	50	12	48	8	47	5	47	3	48	2	48	2	49	3	49	5	49	8	48	12	46	17	45	21	43	25	41	28	39	30	38	33	37	37	37	42	36	48	34	53	33	58	31	62	30	65	29	67	29	68	30	69	30	69	
80:
57	2.238	4	67	3	66	1	65	0	63	0	60	1	56	3	52	6	47	10	41	15	35	21	29	28	23	36	18	43	14	50	11	56	9	61	8	65	8	68	9	70	11	71	14	71	18	70	23	68	29	66	36	63	43	59	49	54	54	49	58	43	61	36	63	30	64	25	65	21	65	18	64	16	62	15	59	14	55	14	50	15	46	17	42	20	39	24	37	27	36	29	36	30	36	30	37	29	39	27	42	24	46	20	51	16	55	12	58	9	61	7	64	5	66	4	67	4	67	
81:
59	1.902	34	18	33	17	32	15	30	14	27	14	25	15	24	17	24	20	24	24	25	29	27	34	28	40	30	45	32	49	35	52	39	54	43	55	46	55	48	56	49	58	49	61	48	65	46	68	43	70	39	71	34	71	29	70	24	68	20	65	17	61	14	58	10	56	7	53	5	49	4	44	3	38	3	31	4	25	6	20	9	16	13	13	18	11	24	10	31	10	37	11	42	11	46	10	49	9	51	7	52	5	52	4	51	4	49	5	47	7	44	10	40	13	37	15	35	17	34	18	34	18	
82:
56	5.202	24	58	23	57	21	56	18	54	16	53	15	53	15	54	16	56	18	58	21	61	25	64	29	66	34	69	39	71	44	72	48	72	51	71	53	69	54	66	54	62	53	58	51	53	48	47	44	40	39	34	34	29	30	25	25	22	21	20	18	19	16	17	15	14	15	10	16	6	18	3	21	1	25	0	29	0	34	1	38	3	41	6	43	10	44	15	45	21	46	27	47	33	47	39	46	44	44	48	41	51	37	54	33	56	30	57	27	57	25	58	24	58	24	58	
83:
54	4.817	25	2	26	2	28	2	31	1	35	1	40	2	46	4	51	7	55	11	59	16	63	22	67	27	70	32	72	36	73	40	73	43	72	45	70	46	68	46	65	45	61	43	58	41	55	40	53	39	51	39	48	40	46	42	43	44	39	46	35	47	32	48	30	49	29	51	28	53	26	55	25	58	23	60	20	61	16	61	11	60	7	58	4	55	2	51	1	46	1	40	2	33	4	26	7	20	11	15	15	11	19	8	22	5	24	3	25	2	25	2	
84:
63	18.698	25	41	26	40	28	39	31	37	35	35	40	33	46	32	52	32	57	33	61	34	64	36	66	39	67	43	67	48	66	53	64	57	61	60	57	62	52	63	46	63	39	64	32	65	26	65	20	64	15	62	10	59	6	55	2	50	-1	44	-3	37	-4	29	-4	22	-3	16	-1	11	2	7	6	4	11	2	17	0	23	-1	28	-1	32	0	37	2	41	5	44	9	46	14	47	18	47	23	46	29	46	35	45	40	43	44	41	47	38	49	35	50	32	50	30	49	28	48	26	46	24	43	23	41	23	40	24	40	25	41	25	41	
85:
57	3.755	59	44	60	44	61	43	63	41	65	38	67	34	68	31	68	29	67	27	65	26	62	26	58	27	53	29	47	32	40	36	32	40	25	43	19	45	14	46	10	46	7	45	5	43	4	40	4	36	5	32	7	28	10	24	14	21	19	19	24	18	29	18	34	19	38	21	41	24	43	27	44	31	45	36	45	41	44	46	44	51	43	57	41	62	40	66	40	69	41	71	43	72	46	72	48	71	50	69	53	66	56	63	58	59	60	54	61	50	61	47	60	45	59	44	59	44	
86:
56	4.386	30	0	29	1	27	3	24	5	20	8	16	12	11	17	7	21	4	24	2	28	1	33	1	38	2	42	4	46	7	49	10	51	14	52	19	54	25	56	30	59	34	63	38	67	42	70	45	72	48	73	52	73	56	72	59	70	63	67	67	63	70	58	72	52	73	45	73	39	72	34	70	29	67	25	63	22	60	20	57	19	55	19	53	20	52	21	52	21	53	20	54	18	54	15	53	11	51	7	48	4	44	1	40	-1	36	-2	33	-2	31	-1	30	0	30	0	
87:
54	0.914	36	28	35	29	33	30	32	32	32	35	33	37	35	39	37	42	38	46	38	50	37	54	35	57	33	59	30	60	27	60	25	59	24	57	23	56	21	56	20	57	18	59	15	61	13	63	12	65	10	66	7	66	5	65	4	63	3	60	3	56	3	51	4	45	4	39	5	32	6	26	7	21	8	16	10	12	13	8	16	5	19	3	21	2	22	2	22	3	21	5	20	8	20	12	21	17	23	21	26	24	30	26	33	27	35	28	36	28	36	28	
88:
53	4.377	46	43	45	44	43	45	40	45	36	45	33	44	29	42	26	39	24	36	22	34	21	33	19	33	18	34	17	36	17	39	18	43	18	47	17	51	15	54	12	56	8	57	5	57	3	56	1	54	-1	51	-2	47	-2	43	-1	38	1	32	3	27	6	23	10	20	13	18	16	17	18	15	19	12	20	9	20	6	20	4	19	3	18	3	18	4	19	6	21	9	24	13	28	17	33	22	37	28	40	33	42	37	43	40	45	42	46	43	46	43	
89:
51	3.184	31	33	30	34	30	36	30	39	31	42	33	44	36	45	40	45	44	44	48	44	51	45	53	46	54	48	54	51	53	55	51	60	48	64	44	67	40	69	35	70	29	70	23	69	18	67	14	65	11	62	9	58	8	53	8	47	9	42	11	38	14	34	18	31	23	28	27	26	32	25	38	25	43	26	47	27	50	29	52	30	53	31	53	31	52	30	50	29	47	29	43	30	39	32	36	33	34	33	32	33	31	33	31	33	
90:
62	4.642	13	11	14	12	16	13	19	14	23	15	27	15	30	14	32	12	33	10	33	7	32	5	30	4	28	4	27	5	27	7	28	10	30	13	32	15	35	16	39	16	44	15	48	13	51	10	54	7	57	5	59	4	60	4	60	5	59	7	57	10	54	14	50	18	47	23	45	29	44	35	44	40	45	44	47	47	49	49	50	52	50	55	49	58	47	60	44	62	40	63	36	63	33	64	30	64	27	63	25	61	24	58	24	54	24	49	25	43	25	37	24	32	22	26	19	21	17	17	16	14	14	12	13	11	13	11	
91:
58	1.152	46	6	47	7	47	9	47	12	48	14	50	16	51	19	51	23	50	26	48	28	47	29	46	29	46	28	47	28	49	29	52	30	55	31	58	33	60	36	61	40	61	45	60	50	58	54	55	57	51	59	46	60	42	60	38	59	34	58	29	58	25	59	21	61	18	63	15	65	13	66	11	66	9	65	8	63	8	60	9	56	9	51	10	45	12	38	14	30	17	23	19	17	22	12	25	7	27	3	30	0	32	-2	33	-3	35	-3	37	-2	40	0	43	3	45	5	46	6	46	6	
92:
67	13.276	27	66	28	66	30	65	33	63	37	60	42	56	47	52	51	48	55	45	58	42	60	40	62	39	65	39	67	40	68	42	68	45	67	49	65	54	62	59	58	63	53	66	47	68	40	69	32	69	25	68	19	67	14	65	10	63	7	60	5	57	4	53	4	48	5	42	7	36	10	30	12	23	14	17	15	12	15	8	15	5	15	3	15	2	16	2	18	3	21	5	25	8	30	11	36	14	41	16	47	17	52	17	56	16	59	16	61	17	62	19	62	22	61	26	59	31	56	37	52	44	47	50	42	55	37	59	33	62	30	64	28	65	27	66	27	66	
93:
44	1.369	16	32	15	33	15	35	16	38	18	42	21	46	24	49	27	52	29	55	32	57	36	58	39	58	43	59	46	61	48	63	49	64	49	64	48	63	46	61	43	58	39	54	35	49	32	44	28	39	24	33	19	28	15	22	12	17	10	13	7	10	3	8	0	7	-2	7	-3	8	-3	10	-3	13	-2	17	0	21	3	24	6	26	10	29	13	31	15	32	16	32	16	32	
94:
55	2.76	14	6	15	5	17	5	20	6	24	7	27	9	31	12	36	16	41	19	46	21	52	24	57	27	61	29	64	30	66	30	67	29	67	27	67	24	67	20	66	15	64	11	61	8	57	6	52	5	48	5	45	6	42	8	40	11	39	15	38	20	38	26	39	33	41	40	42	46	43	51	43	55	42	58	40	60	37	61	34	62	30	62	25	61	19	59	14	56	10	52	7	47	5	41	4	34	4	27	5	21	7	16	10	12	12	9	13	7	14	6	14	6	
95:
59	5.067	22	20	23	19	25	17	28	14	30	10	31	6	31	2	30	-1	28	-3	25	-4	21	-4	17	-3	14	-1	11	2	9	6	8	11	8	17	9	24	11	32	12	39	12	45	13	50	15	54	18	57	22	60	27	62	32	63	38	63	43	63	47	62	52	60	56	58	59	55	61	52	62	48	62	43	63	38	65	33	67	29	68	26	68	24	67	23	67	23	66	24	64	26	62	29	61	33	59	36	56	38	52	39	48	39	44	38	41	36	37	33	32	29	28	26	25	23	23	21	22	20	22	20	
96:
61	2.712	2	3	3	4	5	6	8	9	12	11	17	12	23	12	30	11	36	9	41	6	45	4	49	3	52	1	54	0	55	0	56	1	56	3	55	5	53	8	50	12	46	16	41	19	35	22	29	24	23	26	17	27	12	28	8	30	5	33	3	36	2	39	2	42	3	44	5	46	8	47	12	49	17	50	23	50	30	51	37	52	43	52	48	51	52	50	55	48	57	45	58	42	58	40	57	38	55	35	52	33	48	31	43	30	37	28	30	25	23	21	17	16	12	12	8	9	5	6	3	4	2	3	2	3	
97:
58	3.612	51	36	52	35	54	34	55	32	57	31	58	31	58	31	57	32	55	34	52	37	48	41	44	46	39	50	34	54	30	57	27	59	25	62	24	66	24	71	25	76	27	80	30	83	34	85	39	86	45	86	51	85	56	83	60	80	63	76	65	71	66	65	66	58	65	50	65	41	66	33	68	26	69	20	70	14	70	9	69	5	67	1	65	-2	62	-4	58	-5	53	-5	48	-4	44	-2	41	1	39	5	38	10	38	16	39	21	41	26	44	30	47	33	49	35	50	36	51	36	51	36	
98:
59	15.73	67	48	66	48	64	48	61	47	57	47	52	47	46	47	41	47	35	46	30	45	26	44	23	43	21	43	20	42	20	40	21	37	23	34	26	30	30	26	34	21	39	15	44	10	48	6	51	3	54	1	56	0	57	0	57	-1	56	-1	54	0	51	1	47	3	42	6	36	10	29	15	23	20	18	26	13	31	9	37	6	44	4	50	3	55	3	59	4	62	6	64	9	65	13	65	18	64	24	63	31	62	39	62	46	62	52	61	57	59	61	57	64	54	66	51	67	49	67	48	67	48	
99:
60	5.304	28	49	29	49	31	49	34	50	38	52	41	54	43	56	44	59	44	63	43	66	41	68	38	69	34	69	29	69	23	69	18	68	13	67	9	65	6	62	3	58	1	53	0	47	0	40	1	34	3	29	6	25	10	22	15	20	21	19	27	19	32	19	36	18	39	17	41	15	42	12	42	8	41	5	39	2	36	0	32	-1	27	-1	22	0	16	1	11	3	7	6	4	10	2	15	1	21	1	27	2	33	3	38	5	42	8	45	12	48	16	50	20	51	23	51	25	51	27	50	28	49	28	49	