0:
54	18.611	24	16	24	15	25	13	26	10	27	6	28	3	30	1	31	0	32	0	32	1	32	3	31	6	30	10	28	15	26	20	25	24	25	27	26	30	28	32	31	34	35	35	39	37	43	39	46	40	48	41	49	42	49	43	48	43	46	44	43	45	40	45	36	46	31	46	26	46	22	45	19	43	17	41	16	38	16	35	15	31	13	27	11	24	8	22	6	20	5	19	5	17	6	16	8	16	11	16	15	16	18	16	21	16	23	16	24	16	24	16	
1:
62	9.132	16	36	17	36	19	35	22	34	25	34	29	34	34	35	38	37	41	40	43	43	44	45	46	46	47	46	47	45	47	43	46	40	44	36	42	31	41	25	41	19	41	14	40	10	38	7	37	5	36	4	34	4	33	5	33	7	33	10	32	13	30	15	27	16	23	17	18	17	14	16	11	15	9	15	7	16	6	18	6	20	7	21	8	21	10	20	11	20	11	21	11	23	10	26	8	30	6	34	3	39	1	43	0	46	0	48	1	49	2	49	3	48	5	46	8	43	11	40	13	38	15	37	16	36	16	36	
2:
57	3.526	41	39	42	38	44	36	47	33	50	29	52	24	53	19	53	14	52	10	50	7	47	5	43	4	39	4	34	5	30	7	26	9	21	10	16	11	11	12	7	14	4	17	2	19	1	20	0	20	0	19	0	17	1	14	2	10	4	7	7	5	11	4	16	4	21	5	25	7	29	9	32	12	34	14	35	17	35	21	34	26	32	30	29	33	27	35	25	36	23	36	22	37	22	39	23	42	25	45	28	47	32	48	36	48	39	47	41	45	42	42	42	40	41	39	41	39	
3:
51	6.312	30	42	29	41	27	40	24	40	20	39	17	37	14	34	12	30	11	26	10	21	9	17	9	14	8	12	8	11	9	11	11	11	14	12	16	14	17	17	18	20	20	22	23	23	27	24	31	24	35	23	38	23	40	22	41	20	41	17	40	13	40	9	40	6	40	4	39	3	37	3	36	4	36	6	37	9	38	13	40	18	43	23	45	27	46	30	46	34	45	38	43	41	40	43	36	44	33	44	31	43	30	42	30	42	
4:
57	2.045	42	47	43	48	45	49	46	49	46	49	45	48	43	47	40	45	36	42	32	38	27	33	21	27	15	22	10	18	6	15	3	13	1	12	0	12	0	13	1	14	3	16	6	17	10	18	15	18	21	17	26	17	30	16	33	14	35	11	36	7	36	4	35	2	33	1	30	1	27	1	25	2	24	4	24	7	24	11	24	16	23	21	21	25	18	29	16	33	15	38	15	42	16	45	17	47	19	48	22	48	26	47	31	45	35	44	38	44	40	45	41	46	42	47	42	47	
5:
48	0.968	35	27	36	27	38	26	40	24	43	21	45	18	46	16	46	15	45	15	43	16	40	17	36	19	31	20	27	22	23	24	19	25	14	25	10	24	6	23	3	22	1	22	0	23	0	25	0	28	1	32	3	36	4	39	4	42	4	44	4	45	5	45	6	44	8	42	10	41	12	41	15	42	18	44	20	46	22	47	25	47	28	46	31	44	33	41	34	37	34	33	35	30	35	28	35	27	35	27	
6:
55	2.104	17	8	17	9	17	11	18	14	20	18	21	23	21	29	22	34	24	38	27	41	31	43	35	44	39	44	43	44	46	44	48	45	49	45	49	44	48	42	46	39	43	35	39	30	36	26	33	23	30	21	26	20	21	20	17	21	14	23	12	26	11	30	11	34	10	37	9	39	8	40	8	41	8	41	8	40	9	38	11	35	14	31	18	26	21	20	23	14	24	9	24	5	24	2	23	0	21	-1	18	-1	16	0	15	2	15	5	16	7	17	8	17	8	
7:
61	5.059	44	44	44	43	43	41	42	38	41	34	39	29	36	25	32	22	27	20	22	19	18	19	15	19	13	20	12	22	12	25	13	27	15	29	18	31	22	32	25	33	28	33	30	34	31	36	31	39	30	42	28	44	26	45	25	45	24	44	23	42	21	39	18	36	14	34	11	32	7	31	3	29	0	26	-2	22	-3	17	-3	12	-2	7	0	3	3	0	7	-2	12	-3	18	-3	24	-4	31	-4	37	-3	42	-1	46	2	49	6	51	11	52	17	52	23	51	29	49	34	47	38	45	41	44	43	44	44	44	44	
8:
57	1.982	2	31	1	30	1	28	1	25	1	22	2	19	3	17	5	15	8	14	12	14	15	14	17	14	18	13	19	11	19	8	18	5	16	2	13	0	9	-1	6	-1	4	0	3	2	3	4	4	7	6	11	9	14	13	16	18	17	22	19	25	22	27	26	28	29	28	31	29	32	31	32	33	31	35	29	38	26	42	23	45	19	47	15	48	11	48	8	47	5	45	3	42	2	38	2	33	3	27	5	22	8	18	12	14	17	10	21	7	25	5	28	3	30	2	31	2	31	
9:
51	2.701	34	32	33	32	31	33	28	33	24	33	20	33	16	32	13	32	9	33	6	34	4	34	3	33	3	31	3	28	4	24	6	20	9	17	13	15	16	14	19	14	21	15	22	17	22	20	21	24	21	29	22	33	23	36	25	38	28	39	32	39	35	39	37	38	40	36	44	33	47	29	49	24	50	19	51	15	51	12	50	10	48	9	47	9	46	10	46	12	46	15	45	19	43	23	40	26	37	29	35	31	34	32	34	32	
10:
52	2.181	8	35	9	34	11	32	14	31	18	29	23	26	27	22	30	18	32	15	33	13	34	12	34	12	34	13	33	15	32	17	31	20	31	24	32	29	34	34	37	38	40	42	43	45	46	47	48	48	49	48	49	47	48	45	46	42	44	38	43	33	43	27	44	21	45	16	45	12	45	8	44	5	42	3	39	2	35	2	30	2	24	2	18	3	13	5	9	8	6	12	4	16	3	20	3	25	4	29	5	32	7	34	8	35	8	35	
11:
51	4.061	21	40	20	41	19	42	17	42	16	41	16	39	17	36	19	32	22	28	25	23	29	19	33	16	36	14	38	13	39	13	39	14	38	15	36	17	33	18	29	18	24	17	20	15	15	13	11	11	7	10	4	9	2	7	1	6	1	6	1	7	2	9	4	12	7	16	11	21	16	26	22	31	27	35	31	38	35	41	38	43	40	44	41	44	41	43	40	42	38	42	35	43	31	43	27	43	24	42	22	41	21	40	21	40	
12:
48	0.894	47	18	48	18	50	18	51	19	52	21	52	24	51	28	49	33	46	38	42	42	38	45	34	47	31	48	28	48	26	47	25	45	25	42	25	38	25	33	24	29	24	26	24	24	25	23	25	23	24	24	22	26	20	28	17	29	15	29	13	29	12	28	12	26	13	23	15	19	18	15	21	12	25	8	28	5	31	3	35	2	38	2	41	3	44	5	46	8	47	12	48	15	48	17	47	18	47	18	
13:
55	1.113	35	9	34	9	32	10	30	12	29	15	27	17	25	18	22	18	20	17	18	15	17	12	16	8	15	5	13	3	10	2	7	2	4	3	2	5	1	8	1	10	2	13	4	17	5	22	6	28	7	33	7	37	6	41	4	44	2	46	1	47	1	47	2	47	4	48	7	49	11	49	16	48	22	46	29	44	35	42	40	39	45	35	49	30	52	24	54	19	55	14	55	10	54	7	52	5	49	4	45	3	41	3	38	4	36	6	35	8	35	9	35	9	
14:
55	12.097	25	6	25	5	25	3	24	2	24	2	25	3	25	5	24	8	22	12	19	17	15	23	12	29	9	34	7	38	6	41	6	44	6	46	7	47	9	47	10	46	12	45	15	45	19	45	24	46	29	48	34	49	39	49	43	48	46	48	48	48	49	47	49	45	48	42	46	39	43	35	39	30	35	24	30	19	25	15	19	10	14	6	10	3	7	1	5	0	4	0	4	1	5	2	7	4	10	6	12	7	15	7	19	7	22	7	24	7	25	6	25	6	
15:
51	1.4	17	39	16	38	14	37	11	35	9	32	8	28	8	23	9	18	11	13	14	9	17	6	21	4	26	3	31	3	36	4	40	4	43	5	45	7	46	10	46	14	46	19	45	25	45	30	45	34	44	37	43	39	41	40	39	40	36	39	32	37	28	34	24	30	21	27	19	25	16	24	12	24	8	25	5	27	3	29	2	32	1	36	1	40	2	43	4	45	7	46	10	46	13	45	15	43	16	41	16	40	17	39	17	39	
16:
59	2.375	11	10	12	11	14	13	17	15	20	17	24	20	28	24	33	28	37	32	40	35	42	38	43	40	43	41	42	42	40	43	39	45	39	47	40	49	41	50	43	50	46	49	48	47	50	44	51	40	51	35	51	29	50	23	48	18	45	13	41	9	36	6	30	4	24	3	19	3	14	4	10	6	7	9	5	13	4	18	3	24	3	29	3	34	3	38	2	41	2	43	3	45	5	46	8	46	12	45	15	43	17	40	18	36	18	31	18	25	17	20	16	16	14	13	12	11	11	10	11	10	
17:
57	2.382	6	34	7	33	9	32	12	32	16	33	21	35	26	38	32	42	37	45	41	47	44	48	46	48	47	47	47	45	46	43	44	42	41	42	37	43	32	45	28	46	25	46	22	45	20	43	19	40	19	36	20	32	22	29	25	27	29	26	34	26	38	27	42	27	45	26	47	24	48	21	48	17	48	14	47	10	46	7	44	5	41	4	37	4	32	5	27	7	21	10	16	13	11	17	7	22	4	27	2	31	1	34	1	36	2	37	3	37	4	36	5	35	6	34	6	34	
18:
49	1.771	48	6	47	7	45	7	42	7	38	8	35	10	32	13	30	16	29	18	29	20	30	21	32	22	34	22	37	21	39	21	40	22	40	24	39	27	37	29	34	30	31	30	29	31	28	33	28	36	28	40	27	43	25	45	22	46	18	46	13	45	9	43	6	40	4	36	3	31	3	25	4	19	5	14	7	10	10	6	14	3	19	1	25	0	31	0	36	0	40	1	43	3	45	5	47	6	48	6	48	6	
19:
57	5.778	32	44	31	44	30	45	28	47	25	48	21	49	16	49	11	48	7	46	4	43	2	41	1	40	1	40	2	40	4	40	7	41	11	41	15	40	19	39	22	37	24	34	25	30	25	27	24	25	22	24	19	23	15	23	11	22	8	20	6	17	5	13	5	10	4	8	2	7	1	6	1	4	2	3	4	2	7	2	11	2	16	3	22	5	28	8	33	10	37	13	41	16	44	20	46	25	47	29	47	34	46	38	44	41	41	43	38	44	35	44	33	44	32	44	32	44	
20:
49	2.014	24	24	25	23	25	21	25	18	25	14	24	11	22	9	20	7	18	6	17	6	17	7	18	9	18	11	17	14	15	18	12	22	8	27	5	31	3	35	1	38	0	41	0	44	0	46	0	47	1	47	3	46	5	44	7	42	9	39	11	37	13	36	16	36	19	37	23	39	28	40	32	41	36	42	39	42	41	41	42	39	42	36	41	32	39	29	36	27	32	26	29	25	27	25	25	25	24	24	24	24	
21:
61	1.334	13	32	13	31	12	29	11	26	11	23	12	20	14	18	16	16	19	15	21	15	22	16	22	16	21	15	19	14	17	12	16	9	16	6	17	4	19	3	22	3	25	4	28	5	30	7	32	8	35	8	38	7	42	6	45	4	49	3	53	3	58	4	62	6	65	9	67	13	69	18	70	24	70	30	69	35	67	39	64	42	60	44	55	45	49	45	42	44	36	42	31	40	26	39	22	39	19	40	17	42	16	45	16	47	17	48	19	48	20	47	20	45	19	42	18	38	16	35	14	33	13	32	13	32	
22:
49	2.559	6	35	7	36	7	37	7	37	8	36	10	34	13	31	17	28	21	26	24	23	27	21	29	20	30	20	31	21	32	23	34	26	36	30	39	34	43	39	46	43	48	46	49	48	49	49	48	49	46	48	44	46	41	43	38	39	34	34	29	28	24	22	19	17	15	13	11	10	8	8	6	7	5	7	5	8	6	10	8	11	10	13	11	15	11	18	10	22	8	26	6	29	5	32	5	34	6	35	6	35	
23:
55	2.385	33	35	33	34	34	32	34	30	33	27	31	23	28	18	24	13	19	9	14	6	10	4	7	3	5	3	4	4	4	6	5	9	7	13	9	17	12	22	14	28	15	33	15	37	14	40	14	43	15	45	16	46	18	46	21	46	25	46	30	45	34	43	39	40	43	38	46	35	48	31	49	26	49	21	48	17	46	13	43	10	39	8	34	7	30	7	27	8	25	10	23	12	22	15	22	19	23	23	24	27	26	30	28	32	30	33	32	34	33	35	33	35	
24:
48	0.838	35	10	35	9	34	9	32	10	31	12	29	15	26	18	23	20	21	21	19	21	18	21	18	22	19	24	20	27	20	30	19	33	19	37	20	40	22	43	24	45	26	46	29	46	31	45	32	43	32	40	32	38	31	35	29	33	28	32	28	31	29	31	31	32	34	33	38	33	41	32	43	30	45	27	47	23	49	20	50	16	50	13	49	10	47	8	44	7	41	7	38	8	36	9	35	10	35	10	
25:
55	0.36	12	39	13	38	15	36	16	33	16	31	15	30	13	30	10	31	6	32	3	33	1	33	0	32	0	30	1	27	3	24	6	22	9	19	12	16	15	14	17	13	18	13	18	12	17	10	15	9	12	9	8	9	5	10	3	12	2	13	2	14	3	14	5	14	8	13	12	13	17	12	22	10	27	9	33	9	38	10	42	12	45	15	47	19	48	23	48	26	47	28	45	30	42	33	38	35	33	37	27	39	22	40	18	41	15	41	13	40	12	39	12	39	
26:
57	3.094	29	5	29	4	28	3	26	3	23	2	19	1	14	1	10	2	7	4	5	7	3	11	2	15	2	20	2	26	2	32	3	37	5	41	7	44	9	46	10	47	10	47	10	46	9	44	9	41	10	38	12	35	15	33	19	32	24	32	30	33	35	35	39	37	42	38	44	38	45	37	45	35	44	32	42	28	39	25	37	23	36	22	36	22	37	23	39	23	42	22	45	21	47	19	48	16	48	12	47	9	45	7	42	6	39	6	35	7	32	7	30	6	29	5	29	5	
27:
44	1.586	17	12	16	13	14	15	11	17	8	20	6	23	5	26	5	29	6	33	8	38	10	42	13	45	17	47	21	48	24	48	27	47	29	45	31	42	32	38	32	33	31	29	29	26	26	23	22	21	17	18	13	16	10	14	7	13	5	13	4	14	4	16	5	18	7	20	10	22	13	23	15	23	17	22	19	20	20	17	21	15	21	13	20	12	18	12	17	12	17	12	
28:
52	1.965	4	20	3	21	2	23	1	26	1	30	1	35	1	39	1	42	1	44	1	45	0	45	0	44	1	42	2	40	4	39	7	39	9	40	12	42	14	43	16	43	18	42	20	40	23	37	27	34	31	31	34	28	36	26	37	24	37	22	36	19	34	17	31	16	28	15	26	13	25	11	25	8	26	5	27	2	28	0	28	-1	27	-1	25	0	22	1	20	3	17	4	13	5	10	7	7	10	5	14	4	17	4	19	4	20	4	20	
29:
49	9.664	46	33	45	34	45	36	44	39	42	43	39	46	35	48	30	49	26	49	22	48	17	46	13	43	9	40	6	36	3	33	1	31	0	30	0	30	1	31	2	33	2	36	2	38	3	39	5	39	8	38	12	36	15	33	18	29	20	24	21	18	21	13	21	9	21	6	22	4	24	3	27	3	31	4	36	6	40	9	43	11	46	13	49	14	51	16	52	19	52	23	51	27	49	30	47	32	46	33	46	33	
30:
56	1.3	25	33	26	32	27	31	27	30	26	30	24	30	21	31	18	33	16	36	15	39	15	41	16	42	18	42	21	42	24	41	28	39	33	36	38	33	42	29	45	26	47	23	48	20	48	18	47	17	45	17	43	17	42	16	42	14	43	11	44	8	46	6	48	4	49	3	49	3	48	4	46	6	43	8	40	9	36	9	32	8	27	6	21	4	16	3	12	3	9	4	7	6	6	9	6	12	7	15	9	19	12	23	16	27	19	30	22	32	24	33	25	33	25	33	
31:
53	7.916	18	35	19	36	20	38	22	40	24	41	25	41	25	40	26	39	27	37	28	35	30	34	31	34	32	35	34	36	37	36	41	36	44	35	46	33	47	30	47	26	46	21	44	17	41	14	37	12	34	11	32	11	31	12	29	14	27	17	24	19	20	20	15	20	10	19	6	18	3	16	1	14	0	11	0	9	1	7	3	6	6	6	10	5	14	5	17	6	19	8	20	11	20	15	20	20	20	25	20	29	20	32	19	34	18	35	18	35	
32:
59	6.002	2	31	3	32	3	34	3	37	2	40	1	43	1	45	2	46	4	46	7	45	9	43	12	40	16	36	19	32	21	28	24	25	28	22	32	20	36	19	39	19	42	19	44	18	45	16	45	13	44	9	42	6	39	3	35	0	30	-2	25	-4	21	-5	18	-5	15	-4	13	-2	12	0	12	3	13	5	15	6	18	8	22	11	26	15	31	18	35	22	38	27	40	32	41	36	41	39	40	41	38	43	35	44	31	44	26	43	20	41	15	39	11	36	8	34	5	32	3	31	2	31	2	31	
33:
66	12.068	49	32	48	33	46	33	43	33	39	32	34	30	28	27	22	25	15	24	9	24	4	24	0	25	-3	27	-5	30	-7	34	-8	39	-8	43	-7	46	-5	48	-2	49	0	49	1	48	3	46	6	43	8	40	11	38	14	37	16	37	17	38	18	40	20	42	23	44	26	45	29	45	31	44	32	43	32	41	31	39	29	36	26	33	22	30	18	27	13	24	9	20	6	15	4	9	3	4	3	0	4	-3	6	-5	9	-6	13	-6	18	-5	24	-5	30	-4	35	-3	40	-1	44	2	47	6	49	11	51	17	52	22	52	26	51	29	50	31	49	32	49	32	
34:
54	3.134	43	21	44	20	45	18	45	15	45	11	44	8	42	6	39	5	36	5	32	6	29	8	25	11	20	15	15	19	10	23	6	26	3	28	1	29	0	29	0	28	1	26	3	23	6	21	10	20	14	18	18	17	21	17	23	18	24	20	25	23	25	26	24	28	22	30	20	31	19	31	19	31	20	31	21	32	23	34	26	35	30	37	33	40	37	42	41	43	45	43	48	42	50	40	51	37	51	33	50	29	48	26	46	24	44	22	43	21	43	21	
35:
59	11.764	8	37	9	37	10	37	12	36	15	34	19	31	23	27	28	24	32	20	36	16	39	13	41	11	42	8	42	6	41	5	39	5	36	6	33	8	30	11	27	15	25	20	24	26	23	32	23	37	24	41	26	44	28	46	31	47	34	47	37	46	40	44	42	41	43	37	43	34	42	31	40	29	37	27	33	26	28	24	23	21	19	17	15	12	11	8	8	5	6	3	4	2	3	2	3	3	4	5	5	8	6	12	6	16	6	21	6	26	5	30	5	33	6	35	7	36	8	37	8	37	
36:
52	0.815	34	0	33	1	31	3	28	5	25	6	21	8	16	11	11	15	7	20	4	26	2	31	1	36	1	40	2	43	4	45	7	46	11	46	16	45	22	44	27	42	31	40	35	39	38	37	40	35	41	32	41	28	40	24	38	21	37	19	35	18	32	18	28	19	23	21	18	23	13	24	9	24	6	23	3	21	1	18	0	14	0	11	1	8	3	6	6	3	10	1	14	0	19	0	24	-1	28	-2	31	-2	33	-1	34	0	34	0	
37:
53	7.821	5	9	6	10	8	12	11	15	15	19	20	23	25	28	30	33	34	38	37	42	39	45	40	47	42	48	44	48	46	47	48	45	50	42	51	38	51	33	50	27	48	22	45	16	41	11	37	7	33	4	30	2	28	1	27	1	27	2	28	4	30	7	31	10	32	12	34	13	36	14	37	14	37	15	36	17	34	20	31	22	28	23	24	23	19	22	15	21	11	19	7	17	4	14	2	11	1	9	1	8	2	8	4	9	5	9	5	9	
38:
55	31.948	11	11	10	10	8	9	5	9	2	10	0	12	-1	15	-1	19	-1	24	-1	29	0	34	2	38	5	41	7	43	10	44	14	44	18	44	21	45	23	47	24	48	24	48	25	47	26	45	28	42	31	39	33	35	35	32	36	29	36	27	35	26	33	26	30	27	28	27	27	28	26	29	26	29	27	28	28	27	30	25	33	22	35	18	36	13	36	9	36	6	35	4	33	3	30	3	28	4	26	6	24	9	21	11	17	12	14	12	12	12	11	11	11	11	
39:
56	15.238	9	33	10	34	12	36	15	39	19	43	22	46	26	48	29	49	32	49	35	48	37	46	38	43	38	39	39	34	40	28	40	23	40	19	39	16	37	14	34	13	30	13	27	13	25	12	24	11	24	9	25	8	27	7	30	7	34	8	38	9	42	11	45	14	47	18	48	22	49	26	49	30	48	33	46	35	43	36	39	36	34	35	28	34	23	33	18	32	13	30	9	28	6	26	4	24	2	23	1	23	1	24	2	25	4	27	6	30	8	32	9	33	9	33	
40:
54	2.26	27	32	26	32	24	31	21	29	17	27	12	25	8	23	4	22	0	20	-3	17	-5	13	-6	9	-6	6	-6	4	-5	3	-3	3	0	4	2	6	4	9	6	11	8	12	11	12	14	11	17	10	20	8	22	5	23	3	25	2	28	2	32	2	36	3	39	5	41	8	42	10	42	13	41	16	39	20	38	25	36	29	35	34	34	39	33	43	33	46	34	48	36	49	37	49	37	48	36	46	35	43	34	41	32	38	30	35	28	33	27	32	27	32	
41:
49	0.432	29	21	30	20	32	19	33	17	33	15	32	14	31	14	29	15	27	17	24	18	21	18	17	17	12	15	8	12	5	8	3	5	2	3	2	2	3	2	5	3	7	5	10	8	12	12	13	17	14	21	14	24	13	28	11	32	8	35	6	37	5	38	5	40	6	42	8	43	10	43	13	42	17	42	22	43	27	44	31	44	34	43	36	41	37	38	37	35	36	31	34	27	32	24	30	22	29	21	29	21	
42:
57	3.858	46	33	46	34	46	35	45	37	43	40	40	42	36	43	31	43	25	43	20	44	16	44	13	43	11	41	10	38	10	34	9	29	9	23	10	18	10	14	9	10	7	7	4	5	2	4	1	4	1	3	2	2	4	1	6	1	9	0	13	0	16	1	18	3	21	6	23	10	24	13	24	15	23	16	22	16	22	15	23	13	25	10	27	6	30	3	34	1	39	0	44	0	48	1	51	3	53	6	54	9	54	13	53	18	51	23	49	27	47	30	46	32	46	33	46	33	
43:
58	10.402	32	22	33	23	35	25	37	27	38	30	38	32	37	33	36	33	36	34	36	36	35	39	33	43	31	46	29	48	26	49	22	49	18	50	15	50	13	49	12	48	12	47	13	47	15	47	18	47	21	46	23	44	24	42	24	40	23	38	22	36	20	34	19	31	19	27	20	22	20	17	19	13	17	10	15	7	13	5	11	3	10	1	10	-2	11	-4	13	-6	16	-7	20	-7	24	-6	28	-5	31	-3	33	-1	34	1	34	4	33	8	31	12	30	16	30	19	31	21	32	22	32	22	
44:
53	4.4	22	7	21	7	19	7	16	8	13	10	10	13	7	17	4	22	2	28	1	33	0	38	0	42	-1	45	-1	47	0	48	2	48	5	47	9	46	13	46	16	47	18	47	19	46	19	44	18	41	16	38	15	35	15	33	16	31	17	30	18	29	18	27	18	26	19	26	21	27	24	29	28	32	32	34	36	35	39	35	41	34	42	32	42	29	41	25	41	20	41	15	40	11	38	8	35	6	31	5	28	5	25	5	23	6	22	7	22	7	
45:
50	8.177	44	15	45	16	47	18	48	21	48	25	47	29	46	34	44	38	41	41	38	43	36	44	35	44	35	43	36	42	38	40	39	37	39	35	38	33	36	32	33	32	29	33	24	34	19	34	14	34	10	33	7	33	5	34	4	35	3	35	3	34	4	32	4	29	5	25	7	20	10	14	14	9	19	5	24	2	29	0	33	-1	36	-1	38	0	39	2	39	4	38	5	38	7	39	9	41	12	43	14	44	15	44	15	
46:
56	1.25	9	8	8	9	7	11	7	13	8	14	10	15	12	15	15	14	17	12	19	9	21	6	24	3	27	1	31	0	34	0	38	1	41	3	44	6	46	10	47	15	47	20	47	25	47	29	48	32	48	34	47	35	45	35	43	34	41	33	39	33	38	34	37	36	35	39	32	42	28	44	25	45	21	45	18	44	16	42	15	40	15	39	16	39	18	40	21	40	24	40	26	39	27	37	27	34	26	31	24	27	22	23	19	18	15	14	12	11	10	9	9	8	9	8	
47:
55	2.542	42	20	43	21	44	21	45	21	45	20	44	18	42	15	39	12	36	9	32	7	28	6	24	6	21	7	19	9	18	12	18	16	19	19	21	21	24	23	26	24	27	24	27	25	26	26	24	26	21	25	19	23	16	20	12	18	8	17	5	17	2	18	0	20	-1	23	-1	27	0	31	2	35	5	38	8	41	12	43	17	44	23	44	28	44	33	45	37	46	40	46	42	45	43	43	43	40	43	36	43	31	42	27	41	24	41	22	41	21	42	20	42	20	
48:
52	1.807	8	28	9	28	11	27	14	27	18	28	23	28	29	28	34	28	38	27	41	25	43	22	45	18	46	13	46	9	45	6	43	4	40	3	36	3	31	3	27	3	23	4	20	5	18	7	17	8	17	10	18	12	20	13	23	15	27	16	31	16	36	17	40	19	43	21	46	22	48	22	49	23	49	25	48	28	47	32	45	35	42	37	38	38	34	38	30	37	27	36	25	34	22	32	18	30	14	29	11	29	9	29	8	28	8	28	
49:
51	0.459	32	49	32	48	31	46	31	43	30	39	30	34	31	28	31	22	30	16	28	11	26	7	23	4	19	2	14	1	10	1	7	2	5	2	4	3	4	5	5	6	7	8	8	10	8	13	7	16	5	20	4	24	3	27	3	30	4	32	6	33	9	33	13	32	17	30	20	28	22	26	24	23	25	21	27	20	30	20	34	20	37	21	40	22	42	24	43	27	43	30	42	34	40	39	37	43	35	46	33	48	32	49	32	49	
50:
45	1.508	14	0	15	0	17	0	20	1	22	3	23	6	23	8	22	9	22	10	23	10	24	9	26	7	29	5	33	4	38	4	42	5	45	7	47	10	48	14	48	19	48	23	48	27	48	31	47	34	45	38	42	41	38	44	34	46	30	47	27	47	24	46	22	44	21	41	21	37	21	32	20	26	19	21	17	17	14	14	12	12	11	9	11	6	12	3	13	1	14	0	14	0	
51:
49	5.06	35	29	34	28	32	26	30	23	27	21	25	20	24	18	24	17	25	16	27	16	30	17	34	19	37	20	39	20	41	19	42	17	42	14	41	10	39	7	36	4	34	2	31	1	27	1	23	1	19	1	14	1	10	2	6	4	3	7	1	11	0	16	0	20	1	23	3	26	6	28	9	31	11	35	12	38	14	41	17	43	19	44	20	44	22	43	24	41	27	38	30	35	32	32	34	30	35	29	35	29	
52:
62	2.333	40	48	39	47	37	47	34	46	30	46	25	47	19	48	14	48	10	47	6	45	3	42	1	38	0	33	0	27	1	21	3	16	6	12	10	9	14	7	17	6	21	6	24	7	26	9	27	12	27	15	27	19	26	23	24	26	21	28	17	29	12	29	8	28	5	27	3	25	2	22	2	19	3	17	5	14	8	12	12	10	17	9	22	7	27	6	31	4	34	3	36	1	37	0	39	0	42	1	45	3	47	6	48	10	48	15	47	20	45	24	43	29	42	34	42	38	42	42	42	45	41	47	40	48	40	48	
53:
47	2.597	23	27	23	26	24	24	26	21	28	18	30	14	31	9	31	5	32	2	34	0	36	-1	39	-1	41	0	42	2	42	5	42	9	42	14	41	20	41	27	40	33	38	38	37	42	36	45	34	47	31	48	27	48	22	47	17	45	13	42	9	38	6	33	4	27	3	22	3	18	3	15	4	13	6	11	9	10	13	10	16	11	18	13	21	16	23	20	24	23	24	25	24	26	23	27	23	27	
54:
49	3.366	43	43	42	43	40	43	37	44	33	44	28	43	24	42	19	41	15	40	12	38	10	36	9	34	9	31	10	28	11	24	12	20	12	17	11	13	10	9	9	6	9	4	10	3	12	3	15	4	19	6	24	9	29	11	33	13	36	15	38	16	39	16	39	16	38	17	36	18	34	19	32	21	31	24	31	28	31	32	30	35	29	37	29	40	30	43	32	45	35	46	38	46	40	45	42	44	43	43	43	43	
55:
52	3.433	39	25	40	24	42	23	44	23	47	24	49	26	50	29	50	33	50	38	49	42	47	45	44	47	40	48	35	48	29	48	24	48	20	49	17	49	14	48	12	46	11	43	11	39	11	36	10	34	8	33	5	32	3	32	2	33	2	33	3	32	5	30	7	27	9	23	12	18	16	14	19	11	21	9	23	8	24	8	24	9	23	11	21	13	20	16	20	19	21	23	23	26	26	28	29	29	33	29	36	28	38	26	39	25	39	25	
56:
55	1.909	47	23	46	22	44	20	43	18	42	16	40	15	39	15	39	16	39	18	38	21	36	25	33	28	31	32	30	35	30	38	31	41	33	44	36	46	38	47	41	47	43	46	46	45	48	43	49	40	49	38	48	37	46	37	43	37	39	36	34	35	28	35	21	34	15	32	10	29	6	25	3	20	1	14	0	9	0	5	1	2	3	0	5	-1	8	-1	12	0	16	2	21	5	25	9	28	14	31	18	35	21	39	23	42	24	44	24	46	23	47	23	47	23	
57:
55	12.353	23	5	24	4	25	2	27	0	30	-1	34	-1	39	0	43	2	46	5	48	9	49	14	49	19	49	24	49	28	48	31	46	33	43	34	40	34	36	33	31	32	25	32	20	31	16	31	13	32	11	34	10	37	9	41	9	44	10	47	10	49	9	50	7	50	4	49	1	47	-1	44	-2	40	-2	35	-1	29	1	24	4	20	8	17	12	15	16	13	20	12	24	12	27	13	29	15	31	16	32	16	32	15	31	13	29	11	26	8	24	6	23	5	23	5	
58:
42	1.02	12	30	11	31	9	33	7	36	5	39	3	41	2	42	1	42	1	41	1	39	2	36	4	32	7	29	11	26	14	22	18	18	21	15	23	13	25	12	26	12	26	13	27	15	29	18	32	21	36	23	39	24	41	24	42	25	42	25	41	25	40	26	38	28	36	31	35	34	33	36	30	37	26	37	22	36	18	34	15	33	13	31	12	30	12	30	
59:
65	2.274	45	38	44	37	42	35	39	32	35	28	30	23	24	19	18	16	13	13	9	11	5	10	2	10	0	11	-1	13	-1	16	0	20	2	25	5	31	9	36	14	40	20	43	27	45	33	46	38	47	42	47	45	46	47	44	48	41	48	37	47	32	45	27	42	22	40	18	37	14	34	11	31	9	28	8	26	8	25	9	25	11	26	14	27	16	27	17	26	17	25	16	23	16	20	17	16	19	13	22	11	26	10	30	10	35	11	40	13	44	16	47	20	49	25	50	31	50	36	49	40	47	43	45	45	42	46	40	46	39	45	38	45	38	
60:
56	2.236	46	32	45	31	43	30	40	29	37	28	34	28	32	27	31	26	31	24	32	23	34	21	36	19	37	16	37	13	38	11	40	10	43	10	45	9	46	7	46	6	45	6	43	6	40	6	36	7	32	7	28	8	24	10	21	11	18	11	16	10	15	8	13	7	10	7	7	8	5	10	4	13	4	17	5	22	7	26	10	29	14	32	19	36	25	41	31	45	36	48	40	50	43	51	45	51	48	50	50	48	51	45	51	41	50	38	48	35	47	33	46	32	46	32	
61:
51	1.392	15	16	15	17	15	19	15	22	14	25	12	29	9	32	5	34	2	35	0	37	-1	39	-1	40	0	42	2	43	5	43	9	42	14	40	18	37	21	34	23	32	25	31	27	31	28	32	28	34	27	37	27	41	28	44	30	46	32	47	35	47	38	47	40	46	41	44	41	42	40	39	38	35	37	30	37	25	36	19	34	14	32	10	30	7	29	5	27	4	25	4	23	5	22	7	20	10	18	13	16	15	15	16	15	16	
62:
62	4.018	40	47	39	47	37	46	34	44	32	41	29	37	25	32	20	27	15	23	11	18	8	14	6	11	5	8	5	6	6	4	8	3	11	3	15	3	20	3	26	2	33	2	39	2	44	3	48	5	51	8	53	12	54	17	54	22	53	26	51	29	48	31	44	32	39	32	33	32	28	33	24	34	21	36	19	38	18	40	18	41	17	41	15	40	14	38	14	35	15	31	17	27	20	23	23	20	25	18	28	17	31	17	33	18	34	20	34	22	33	25	33	28	34	32	36	37	38	41	39	44	40	46	40	47	40	47	
63:
49	4.372	6	45	7	46	9	48	12	49	16	49	21	48	27	46	32	44	36	42	40	39	43	35	45	30	46	24	46	18	45	13	43	9	41	6	39	4	38	3	38	3	39	4	39	6	39	8	38	9	36	9	34	10	32	12	30	15	27	18	25	20	24	21	22	21	19	20	15	18	11	15	7	13	4	12	2	12	1	13	1	15	1	18	2	22	4	27	5	32	5	36	4	39	4	42	5	44	6	45	6	45	
64:
47	30.858	23	38	22	37	20	37	18	36	15	35	11	35	7	34	4	34	2	35	1	37	1	40	2	43	4	45	7	46	11	46	16	45	21	45	25	44	28	43	30	41	31	38	32	34	34	29	36	24	37	18	37	12	37	6	37	1	36	-3	34	-6	31	-8	27	-9	22	-9	18	-8	14	-6	11	-3	9	1	8	6	8	11	9	15	11	20	14	25	17	29	19	32	20	35	22	37	23	38	23	38	
65:
56	1.25	20	19	21	20	23	21	25	22	28	22	31	21	33	19	34	17	34	14	33	10	31	7	28	5	24	4	20	3	16	3	13	4	11	6	10	9	10	13	11	18	13	24	16	29	20	35	25	40	29	44	33	47	37	49	40	50	42	50	43	49	43	47	42	45	40	43	37	42	35	41	34	41	34	42	35	44	37	47	40	49	44	50	47	50	49	49	50	47	50	44	49	41	47	37	45	32	42	28	39	25	35	23	30	22	26	22	23	21	21	20	20	19	20	19	
66:
55	2.15	22	3	23	2	25	1	28	0	32	-1	37	-1	41	0	44	2	46	5	47	9	47	14	47	19	46	24	44	28	41	31	37	33	33	34	29	34	24	35	18	37	13	39	9	41	6	43	4	45	3	47	3	49	4	50	6	50	9	49	11	47	14	44	16	40	17	35	17	31	16	27	14	23	11	20	8	17	5	13	3	10	2	8	2	7	3	7	5	8	8	10	11	12	15	14	19	15	22	15	24	14	25	12	25	9	24	6	23	4	22	3	22	3	
67:
54	17.638	4	24	5	25	5	27	5	30	6	33	8	35	11	36	15	36	20	35	25	33	29	32	33	30	36	27	38	24	39	21	39	19	38	16	36	13	33	11	29	10	25	8	22	5	20	2	18	0	15	-1	13	-1	12	0	12	1	13	1	15	2	18	3	21	5	23	8	24	12	25	17	26	23	26	30	25	36	24	41	22	45	19	48	15	50	11	51	7	51	4	50	2	48	1	46	1	43	1	39	1	34	1	30	2	27	3	25	4	24	4	24	
68:
59	1.012	23	48	23	47	23	45	24	42	26	38	29	33	33	28	37	23	41	19	44	16	46	13	47	11	47	10	46	10	44	11	41	13	37	16	32	19	26	23	21	27	16	31	12	35	9	38	6	41	4	43	3	44	3	44	4	43	5	41	6	39	6	36	5	32	3	28	1	24	0	19	0	15	1	12	1	10	2	8	4	7	7	6	11	5	15	4	18	4	20	5	21	6	21	8	20	9	18	11	16	14	15	18	15	23	16	28	18	33	21	38	23	42	24	45	24	47	23	48	23	48	
69:
57	33.229	2	43	3	43	5	44	8	46	12	48	17	49	22	49	27	48	31	46	34	44	36	41	37	39	37	36	36	34	34	32	31	31	27	29	24	26	21	22	17	17	13	12	10	8	8	5	7	3	7	2	8	2	10	3	12	5	15	6	18	8	22	10	25	13	27	15	30	16	33	16	37	15	41	13	44	10	46	6	47	3	47	1	46	0	44	0	41	1	37	3	32	6	26	9	21	12	17	16	13	19	9	23	6	28	4	33	3	37	3	40	3	42	2	43	2	43	
70:
51	3.341	8	26	9	27	10	28	12	30	15	31	17	31	20	30	24	30	29	30	33	30	36	31	39	33	41	36	42	40	42	44	41	47	39	49	36	50	33	50	31	49	30	47	30	44	31	42	33	40	36	39	40	37	43	34	45	30	46	27	46	25	45	24	43	22	42	19	40	16	37	14	33	13	28	11	22	9	16	6	11	4	7	3	4	3	2	4	1	6	1	9	2	13	4	17	6	20	7	23	8	25	8	26	8	26	
71:
53	1.533	41	7	42	8	43	10	45	13	46	16	47	19	48	21	48	24	47	26	46	28	46	31	47	34	47	37	46	40	44	42	42	43	39	43	36	42	32	40	27	37	23	34	19	30	16	25	14	20	13	16	13	13	12	11	11	10	9	10	6	11	4	13	3	16	3	20	4	24	6	29	9	33	13	36	17	39	21	41	24	42	26	42	27	41	28	39	30	36	32	33	33	30	35	26	37	21	39	17	41	13	42	10	42	8	41	7	41	7	
72:
54	14.049	28	20	27	21	27	23	26	26	26	29	26	33	27	37	28	40	29	42	30	43	30	43	30	42	29	40	29	37	30	34	31	31	33	28	36	25	39	21	41	16	43	11	44	7	44	4	45	2	46	1	46	0	45	0	43	1	40	3	36	6	31	8	26	9	21	9	17	8	14	8	10	9	7	11	3	14	0	18	-2	22	-3	26	-3	29	-2	31	0	32	2	32	5	31	7	29	10	26	14	24	18	23	22	23	25	22	27	21	28	20	28	20	
73:
59	8.592	3	38	2	37	1	35	-1	32	-2	28	-2	23	-1	19	1	15	4	12	8	10	12	9	16	8	21	6	26	3	31	1	35	0	39	0	43	0	46	1	48	1	49	2	49	3	48	3	46	4	44	6	43	8	42	11	42	14	42	17	41	19	39	20	36	21	32	22	28	23	25	25	23	28	22	32	22	35	23	37	25	38	28	38	31	37	34	36	36	36	37	37	37	39	36	42	34	46	31	49	27	51	22	52	17	52	13	51	9	49	6	46	4	43	3	41	3	39	3	38	3	38	
74:
48	0.934	32	18	31	19	29	21	28	23	27	26	27	29	28	32	30	34	32	36	33	38	33	40	32	41	31	41	30	40	29	38	27	36	24	35	20	34	16	32	12	30	9	27	6	23	3	20	1	18	0	16	0	15	1	15	3	16	6	17	10	18	15	18	21	17	26	15	30	12	34	10	38	9	41	7	43	5	45	4	46	4	46	5	45	7	43	10	40	12	37	15	35	17	33	18	32	18	32	18	
75:
51	2.22	11	33	10	33	8	33	5	33	2	33	0	32	-1	30	-1	27	-1	23	-1	18	0	12	1	6	3	1	5	-3	8	-6	12	-8	17	-9	23	-10	28	-10	32	-9	35	-7	37	-4	38	0	38	5	38	11	37	18	35	25	34	31	33	36	31	40	29	43	27	45	25	46	23	46	22	45	22	44	23	42	25	39	28	35	30	31	31	27	31	24	30	22	28	21	26	21	24	22	21	24	17	27	14	30	12	32	11	33	11	33	
76:
52	6.147	18	36	19	36	21	37	23	39	24	42	24	44	24	45	24	45	25	44	25	42	26	39	27	36	28	33	28	29	27	26	27	24	26	23	24	23	21	24	19	26	16	29	12	31	8	32	5	32	3	31	2	29	1	26	1	22	2	17	4	13	7	9	11	6	16	4	21	3	27	3	32	4	36	4	39	3	41	1	42	0	43	0	43	1	43	3	42	6	40	10	37	15	33	21	28	26	24	30	21	33	19	35	18	36	18	36	
77:
58	3.018	18	0	17	1	16	3	14	6	13	9	11	11	8	13	5	15	3	16	2	18	2	21	3	25	4	28	5	31	5	35	4	39	2	42	0	45	-1	47	-1	48	0	48	2	47	5	45	9	44	14	43	20	43	25	44	29	45	32	46	34	47	35	47	36	46	37	44	39	43	42	42	45	42	47	43	48	45	48	47	48	48	49	48	49	47	49	45	48	42	46	38	43	33	39	29	35	26	31	24	27	23	24	21	21	18	19	14	18	10	18	6	17	3	17	1	18	0	18	0	
78:
58	4.33	46	29	46	30	46	31	45	33	43	34	40	34	37	33	33	31	28	28	23	24	19	21	15	19	12	18	10	18	9	19	9	21	10	23	11	24	11	26	10	29	9	32	8	35	8	37	9	38	11	38	14	38	17	38	20	39	24	41	28	44	31	46	35	47	39	47	42	46	44	44	45	41	45	37	44	32	42	26	39	19	36	13	32	8	28	4	25	1	23	-1	21	-2	20	-2	20	-1	21	1	23	4	26	7	30	11	35	16	39	20	42	23	44	26	45	28	46	29	46	29	
79:
56	6.345	25	23	26	24	28	24	31	23	35	21	39	18	43	14	46	9	48	5	49	2	50	0	50	-1	49	-1	47	0	44	2	40	5	35	8	29	11	24	13	20	14	16	16	13	19	11	21	10	22	10	24	11	27	13	29	16	32	20	35	23	39	26	42	29	44	31	45	32	45	33	44	34	42	34	39	35	35	36	31	37	28	39	26	41	25	44	25	47	26	49	28	50	31	50	33	49	34	47	35	44	35	40	34	35	32	31	29	28	26	26	24	25	23	25	23	
80:
46	0.438	28	45	29	46	31	47	34	47	38	47	41	48	44	49	46	49	47	48	47	46	46	44	44	41	41	37	38	32	35	26	33	21	32	17	32	14	33	12	33	10	32	7	31	4	31	2	32	1	33	0	33	-1	32	-2	30	-2	27	-1	24	1	21	4	19	8	16	13	14	19	13	25	12	30	12	34	12	39	12	43	13	46	15	48	18	49	22	49	25	48	27	46	28	45	28	45	
81:
54	0.994	1	5	2	6	4	8	5	11	5	15	5	19	6	24	7	30	9	35	12	39	16	42	20	44	25	46	31	47	36	47	40	46	43	44	45	41	46	37	46	33	45	30	43	26	41	21	40	17	40	14	41	12	43	11	44	9	44	6	43	4	41	3	38	3	35	4	32	6	29	9	25	12	21	16	18	21	15	25	13	28	12	30	12	31	13	31	14	30	16	28	17	25	17	22	16	18	14	14	11	11	7	9	4	7	2	6	1	5	1	5	
82:
63	4.029	1	35	2	36	4	38	7	39	11	39	15	38	20	36	26	33	32	29	37	24	41	19	44	15	47	11	49	8	50	5	50	3	49	2	47	2	44	3	40	5	37	7	34	8	32	8	31	7	30	5	28	3	25	1	21	-1	17	-2	14	-2	10	-1	7	1	5	4	4	8	3	13	3	17	4	20	6	22	9	23	13	23	18	24	23	25	29	26	35	28	40	31	44	35	47	38	49	41	50	44	50	46	49	47	47	47	44	46	40	44	35	43	29	43	22	44	16	44	11	43	7	41	4	38	2	36	1	35	1	35	
83:
61	5.052	30	43	29	42	27	40	26	37	26	34	27	31	29	27	31	22	34	17	38	13	42	10	45	8	47	6	48	3	48	-1	47	-6	45	-10	42	-13	38	-15	33	-16	28	-16	23	-15	19	-13	15	-10	12	-8	10	-6	9	-3	9	1	10	6	12	11	14	16	15	20	15	23	14	26	12	28	9	29	7	29	5	28	3	26	2	25	2	24	1	24	-1	25	-2	27	-2	29	-2	32	-1	35	1	38	4	40	8	41	13	43	19	46	24	48	28	49	31	49	33	49	34	48	34	46	33	44	31	43	30	43	30	43	
84:
52	3.695	49	39	48	38	46	37	43	36	40	35	36	33	33	31	31	28	30	26	30	25	29	25	27	26	24	28	20	31	17	35	15	39	14	43	14	46	15	48	17	49	20	49	24	48	27	46	29	43	30	39	30	34	29	29	27	24	24	19	22	15	20	10	19	6	18	3	18	1	19	0	20	0	22	1	25	3	29	6	34	9	38	11	42	12	45	14	47	17	48	21	48	25	47	29	46	32	46	35	47	37	48	38	49	39	49	39	
85:
57	12.42	10	27	11	27	13	27	16	26	20	24	25	22	29	20	32	17	35	13	37	9	38	6	39	4	39	3	39	3	40	4	40	6	41	9	43	13	44	17	44	22	44	26	43	29	42	31	40	32	37	34	34	37	30	40	25	42	19	43	13	43	8	42	4	40	1	37	-2	33	-4	29	-5	24	-5	18	-4	12	-2	7	1	3	4	0	8	-2	13	-3	17	-3	20	-2	22	0	23	3	23	7	23	12	23	16	22	20	21	23	19	25	16	27	13	28	11	28	10	27	10	27	
86:
54	9.656	44	37	45	38	47	39	48	41	48	43	47	45	45	48	42	50	38	51	33	51	28	50	24	48	20	45	16	41	13	38	9	34	6	30	3	25	1	19	0	12	0	6	1	1	3	-3	6	-6	9	-8	13	-9	16	-9	18	-8	19	-6	19	-3	18	0	16	3	15	7	15	10	16	12	18	13	21	13	24	13	27	13	29	14	31	16	33	18	34	19	34	21	33	24	33	26	34	27	36	28	39	28	41	29	43	31	44	34	44	36	44	37	44	37	
87:
55	0.598	34	34	35	33	37	32	40	32	43	32	46	33	48	35	49	38	49	41	48	43	46	44	43	44	39	44	34	44	30	45	25	46	19	47	14	47	10	46	7	45	5	43	4	40	4	36	5	33	7	31	9	30	10	29	11	27	11	25	10	22	8	18	7	14	7	11	8	8	10	6	13	5	17	3	21	1	25	-1	28	-2	31	-3	33	-3	34	-2	34	0	33	2	31	4	28	7	26	10	25	14	25	19	26	24	28	28	31	31	33	33	34	34	34	34	
88:
53	1.506	17	46	17	45	17	43	18	40	20	38	21	36	23	35	26	35	29	36	31	36	34	35	36	33	37	31	37	28	38	26	40	25	43	25	46	26	48	27	49	27	49	26	48	24	46	21	44	18	42	14	41	10	41	7	42	5	44	3	45	2	45	2	44	3	42	5	40	8	37	11	33	14	28	16	22	17	17	18	13	20	9	23	6	27	4	32	3	37	3	41	4	44	6	47	8	49	10	50	13	50	15	49	16	47	17	46	17	46	
89:
57	5.772	17	3	18	2	20	1	23	1	27	2	31	2	36	1	40	1	43	2	45	4	46	5	46	7	46	10	45	14	43	19	40	25	36	30	31	34	27	37	24	40	22	43	21	45	21	46	22	46	23	45	24	44	24	42	23	39	21	35	18	32	14	28	11	24	9	20	8	16	7	13	7	11	8	10	9	10	11	11	14	13	18	15	21	18	25	20	28	21	30	21	33	20	35	18	36	15	36	13	35	12	33	11	30	11	26	10	23	8	20	6	18	4	17	3	17	3	
90:
53	2.609	11	4	12	5	14	7	17	9	20	12	23	15	25	19	26	24	26	29	25	33	24	36	23	38	21	39	18	39	15	38	12	36	10	33	8	29	5	24	3	19	1	15	0	12	0	10	1	8	3	7	6	7	10	7	15	8	21	10	27	13	32	17	37	20	41	23	44	25	46	26	47	26	47	25	47	23	46	20	44	16	43	11	43	7	42	4	40	2	37	0	34	-2	30	-3	26	-3	21	-2	17	0	14	2	12	3	11	4	11	4	
91:
56	19.274	11	1	10	2	8	3	6	5	5	7	5	10	6	13	8	17	9	22	9	28	8	33	6	37	5	40	5	42	6	44	8	45	11	45	13	44	14	43	15	43	17	44	20	46	24	47	29	48	35	48	40	49	44	49	47	49	49	49	50	48	50	46	49	43	47	39	45	35	42	32	38	28	35	23	33	19	32	16	32	14	33	12	35	11	38	9	40	8	41	7	41	6	40	6	38	7	35	8	31	9	26	9	21	8	17	6	14	4	12	2	11	1	11	1	
92:
64	29.306	34	0	33	1	31	3	29	6	27	9	26	13	25	17	23	22	20	28	16	33	12	37	9	40	7	42	6	43	6	44	7	44	9	43	12	41	16	40	21	40	26	41	30	42	33	43	35	45	36	46	37	46	37	45	37	43	37	41	38	38	38	35	39	33	40	32	42	32	45	32	48	32	50	31	52	29	53	26	53	22	52	17	50	13	47	10	43	8	38	6	32	5	25	5	19	6	14	8	10	10	7	11	5	13	4	15	4	16	5	16	7	16	10	15	14	13	19	10	24	6	28	3	31	1	33	0	34	0	34	0	
93:
54	6.836	2	40	3	39	5	37	8	34	10	30	11	25	11	20	11	15	12	11	13	8	14	6	16	5	19	5	22	6	25	8	28	11	32	13	36	16	40	20	43	24	45	28	46	31	46	34	47	36	47	37	46	37	44	36	41	34	39	33	37	31	34	30	30	30	26	31	23	33	21	34	18	34	16	34	13	33	11	31	8	28	6	24	5	21	4	19	4	18	3	18	1	19	0	21	-2	23	-3	26	-3	30	-2	34	-1	37	1	39	2	40	2	40	
94:
55	1.576	18	2	19	1	20	0	22	0	25	0	29	1	32	3	34	6	35	10	35	14	35	19	35	24	36	28	38	31	41	34	44	36	47	37	49	38	50	40	50	42	49	43	47	43	44	42	40	40	35	37	29	33	22	29	16	24	11	20	7	16	4	13	2	11	1	10	1	10	2	11	3	13	4	16	4	20	3	24	3	28	4	31	6	33	9	34	12	34	16	33	20	31	23	28	25	24	26	19	26	14	25	10	23	7	21	5	19	3	18	2	18	2	
95:
51	0.541	18	35	19	35	21	35	24	36	28	36	32	36	36	37	41	38	45	38	48	37	50	35	51	32	51	29	50	27	49	26	47	26	44	25	40	24	35	24	30	25	26	25	23	24	21	22	20	19	20	15	21	11	22	7	23	4	23	2	22	1	20	1	17	2	15	4	12	7	8	11	4	16	1	21	-1	26	-2	32	-3	37	-3	41	-2	44	0	46	2	47	5	47	8	46	10	44	13	41	15	38	17	36	18	35	18	35	
96:
63	11.66	49	43	50	42	51	40	52	37	53	33	54	28	54	22	53	15	51	9	48	3	44	-2	39	-6	33	-9	26	-11	20	-12	15	-12	11	-11	8	-9	6	-6	5	-3	5	1	6	6	8	12	11	18	15	23	18	27	21	30	25	32	28	33	30	35	31	37	31	40	30	42	28	44	25	46	21	47	17	48	14	48	12	47	11	45	11	42	12	38	12	34	13	31	15	29	17	27	20	26	24	26	28	27	33	27	39	27	44	26	48	24	52	23	55	23	57	24	58	26	58	29	57	33	55	37	52	40	50	42	49	43	49	43	
97:
49	2.69	5	14	4	15	3	17	3	19	4	22	6	25	9	27	12	28	16	30	20	33	23	35	25	36	26	37	26	38	25	38	23	39	22	41	22	42	23	43	25	43	28	42	32	40	35	37	37	34	38	32	39	29	39	25	38	21	36	18	33	15	29	13	25	12	22	12	20	11	19	9	17	7	14	5	11	4	9	2	7	0	4	-1	2	-1	1	0	1	2	1	5	1	8	2	11	4	13	5	14	5	14	
98:
54	0.896	16	18	15	17	13	15	10	12	8	9	7	6	7	4	8	3	10	3	11	4	11	6	11	9	10	13	8	18	6	24	4	30	3	35	3	39	4	42	6	44	9	46	12	47	15	47	18	46	20	44	21	41	21	39	22	38	22	38	23	39	25	41	27	42	30	42	34	41	38	39	41	36	43	32	46	27	48	21	49	15	49	10	48	6	46	3	43	1	40	0	37	0	33	1	29	3	26	6	23	9	21	12	19	15	17	17	16	18	16	18	
99:
51	1.911	13	24	12	25	10	26	8	26	7	25	7	23	7	20	8	16	10	13	11	10	12	8	12	6	11	4	9	3	6	2	4	2	3	2	3	2	4	3	6	5	9	7	13	9	17	12	20	16	22	21	23	25	24	28	26	30	29	31	32	31	34	30	36	28	37	25	37	21	38	17	40	14	43	11	45	8	46	5	46	3	45	2	43	2	40	3	36	5	32	8	28	12	23	16	19	19	16	21	14	23	13	24	13	24	