0:
74	111.291	1	27	1	28	2	30	3	33	5	37	6	42	8	47	10	51	13	54	17	57	22	59	28	60	35	60	42	60	48	59	54	57	59	55	63	52	66	48	69	44	71	41	72	39	72	38	71	38	69	39	66	41	62	43	57	45	52	46	48	46	45	47	43	49	42	52	42	56	43	60	45	63	48	66	52	68	57	69	62	69	68	68	74	66	79	63	83	59	86	55	88	52	89	49	90	45	90	40	89	35	87	31	84	28	80	26	75	25	69	24	63	22	57	19	50	15	42	10	35	6	29	3	24	1	19	0	15	0	11	1	8	3	6	5	5	8	5	12	4	17	3	21	2	24	2	26	1	27	1	27	
1:
78	92.148	78	75	77	74	75	73	72	72	68	70	63	67	57	64	50	60	42	57	35	54	27	51	20	48	14	44	9	39	5	34	2	28	0	23	-1	18	-1	14	0	11	2	9	5	6	9	2	14	-1	20	-3	27	-4	35	-4	44	-3	53	-1	61	2	69	6	76	11	82	17	87	23	91	30	94	36	96	41	97	45	97	48	96	50	94	51	91	51	88	50	86	48	85	45	83	41	80	38	76	36	71	35	65	35	58	36	52	38	46	41	39	44	33	48	28	53	24	58	21	62	19	65	18	67	18	68	19	68	21	67	24	66	28	66	33	67	38	68	42	70	46	73	51	75	55	78	60	80	65	81	69	81	72	80	75	78	77	76	78	75	78	75	
2:
58	6.757	10	78	11	77	13	75	16	73	18	70	21	66	23	63	26	61	30	60	34	60	37	60	40	60	42	60	43	59	43	57	42	54	40	51	37	47	34	42	32	37	31	32	30	28	30	25	31	23	33	22	36	22	40	23	44	25	47	28	51	30	56	32	62	33	68	34	73	36	77	38	80	41	82	45	83	50	83	55	82	60	80	64	77	67	73	71	68	74	62	78	55	81	47	83	40	84	34	86	28	88	23	89	19	89	16	88	13	86	11	83	10	81	10	79	10	78	10	78	
3:
66	15.891	41	55	42	54	42	52	41	49	39	46	36	43	32	39	28	35	23	31	19	26	16	21	13	15	11	10	9	6	8	3	7	1	5	0	2	0	0	1	-1	3	-1	6	0	10	2	15	4	21	7	28	11	36	16	44	21	51	27	57	32	62	38	66	44	69	50	71	57	72	63	72	68	71	72	69	75	66	77	62	78	57	78	51	78	44	78	38	79	32	79	25	79	19	79	14	78	10	77	7	75	5	72	4	68	4	65	5	63	7	62	10	60	13	57	17	54	22	52	28	51	34	50	40	49	45	47	49	44	52	42	54	41	55	41	55	
4:
73	20.568	41	42	40	43	38	45	37	48	35	50	32	53	28	57	23	62	18	68	14	74	11	79	9	83	8	86	7	88	7	89	8	89	10	88	11	86	12	83	14	79	17	74	19	68	22	61	26	53	29	44	33	36	38	29	44	23	51	18	57	14	64	10	71	7	77	5	82	4	86	4	89	5	91	7	92	10	92	14	92	19	91	25	90	32	88	40	86	49	84	57	82	64	80	70	79	75	77	79	74	82	71	84	67	85	64	85	60	84	55	84	51	85	48	87	46	89	45	90	45	90	46	89	46	87	45	84	44	80	42	75	40	69	39	63	39	57	40	52	41	48	42	45	42	43	41	42	41	42	
5:
72	6.247	29	4	29	5	28	7	28	10	29	14	29	17	28	21	26	25	24	28	23	30	22	31	21	31	20	30	20	28	21	25	23	22	26	19	30	17	35	16	41	16	47	17	52	17	56	16	59	15	61	13	62	10	63	8	63	7	62	7	62	8	62	10	63	13	65	16	68	20	72	25	77	31	81	38	84	46	86	54	87	61	87	67	86	73	84	78	81	82	77	85	73	87	68	88	62	88	55	87	48	85	40	83	31	80	23	76	16	71	10	65	5	58	1	51	-2	44	-4	37	-5	30	-5	24	-4	19	-2	15	1	12	5	10	10	9	15	8	19	8	23	8	26	7	28	5	29	4	29	4	
6:
70	11.701	63	59	62	58	60	57	57	57	53	58	50	60	48	62	47	65	47	69	48	74	50	78	52	81	54	83	55	84	55	84	54	83	52	81	49	78	45	74	40	69	34	65	29	60	23	54	18	49	12	44	7	40	3	36	0	31	-2	26	-3	20	-3	15	-2	11	0	8	3	5	7	3	12	2	18	0	25	-1	31	-1	36	0	40	1	43	3	45	6	46	9	46	11	47	12	49	12	52	11	56	9	61	6	67	3	73	1	78	0	82	0	85	1	87	3	88	6	88	8	87	11	85	15	82	20	78	26	73	33	69	39	66	44	64	49	63	53	62	56	62	58	63	59	63	59	
7:
68	4.237	61	65	62	64	64	63	67	61	71	58	76	54	80	50	84	47	87	43	89	40	90	36	90	33	89	30	87	28	84	25	80	23	75	22	69	22	62	23	54	25	47	28	41	32	34	37	28	41	23	44	19	48	16	53	14	58	13	63	13	68	14	72	16	75	19	77	22	78	26	78	31	77	35	75	38	72	40	69	41	65	41	62	40	60	38	59	36	59	35	59	35	58	36	57	38	56	41	56	43	57	45	59	47	62	50	66	54	71	58	75	62	79	65	82	68	84	70	85	72	85	73	84	73	82	72	79	70	75	67	71	64	68	62	66	61	65	61	65	
8:
69	184.633	1	73	2	72	4	70	7	67	11	65	16	64	22	63	29	63	37	64	45	64	53	63	61	62	68	62	74	63	79	63	83	62	86	60	88	58	89	55	89	51	88	46	86	40	83	33	81	27	78	21	75	15	71	10	66	6	61	3	57	1	54	0	52	0	51	1	51	3	52	5	54	8	55	12	57	17	60	23	64	29	67	34	69	39	70	43	70	46	69	48	67	49	64	49	60	49	55	50	51	50	48	51	46	53	45	56	44	60	42	65	39	71	37	76	36	80	35	83	33	85	30	86	26	86	21	85	16	83	11	80	7	77	4	75	2	74	1	73	1	73	
9:
73	18.934	44	16	45	17	46	19	47	22	47	26	46	31	45	36	45	42	46	49	48	56	51	62	55	67	60	71	65	74	70	76	74	77	77	77	79	76	80	74	80	71	79	67	77	62	74	56	70	49	65	43	60	38	54	34	47	30	39	26	31	22	24	18	18	15	13	13	9	12	6	12	4	13	3	15	3	16	4	16	6	15	9	13	13	10	17	8	22	7	28	5	34	3	39	0	45	-3	52	-5	60	-6	67	-6	73	-6	78	-5	82	-3	85	0	87	4	88	9	88	14	87	18	85	21	82	23	78	24	75	24	72	23	69	21	66	18	62	16	58	14	54	13	50	13	47	14	45	15	44	16	44	16	
10:
75	16.058	45	87	46	86	48	85	51	83	55	80	60	78	66	77	72	75	77	73	81	70	84	66	86	61	87	56	87	51	86	47	84	44	81	42	78	41	76	40	75	38	75	35	76	31	77	27	79	24	81	22	82	21	82	21	81	22	80	23	78	23	75	22	71	20	66	17	61	13	57	9	54	6	52	4	51	3	51	3	52	4	53	6	53	9	52	13	50	18	47	24	43	29	38	34	32	38	27	43	23	49	20	56	18	63	15	70	11	76	7	81	3	85	0	88	-2	90	-3	91	-3	91	-2	90	0	88	3	85	7	83	12	80	18	78	24	76	30	75	35	75	39	76	42	78	44	81	45	84	45	86	45	87	45	87	
11:
78	28.55	20	74	19	73	17	71	14	69	10	68	6	68	3	68	1	69	0	71	0	74	1	77	3	80	6	82	10	83	15	83	21	83	28	83	35	82	43	82	51	83	59	84	66	84	72	85	77	87	81	89	84	90	86	90	87	89	87	87	86	84	84	80	82	76	79	71	77	65	76	59	76	52	77	44	79	37	80	31	80	26	81	22	81	19	80	17	78	16	75	16	73	17	72	19	70	22	67	26	65	31	62	35	58	38	53	40	48	41	44	41	41	40	37	38	32	35	26	32	20	30	14	27	9	25	5	24	2	24	0	25	-1	27	-1	30	0	34	2	39	5	45	9	52	13	58	16	63	18	67	20	70	21	72	21	73	20	74	20	74	
12:
67	4.381	9	22	10	21	12	20	15	20	19	20	24	21	30	23	37	26	43	29	49	33	54	38	58	44	61	51	63	58	64	64	64	69	63	73	61	76	59	78	58	79	56	79	53	78	50	76	47	73	44	69	40	64	35	58	29	52	24	47	20	43	17	40	15	36	13	33	12	29	12	25	13	21	15	16	18	11	22	7	27	4	33	2	40	1	46	1	51	2	57	4	62	6	66	9	69	13	71	17	72	20	72	22	71	24	69	25	66	25	62	24	57	22	51	20	45	18	39	17	33	17	28	18	23	20	19	22	15	23	12	23	10	22	9	22	9	22	
13:
72	5.033	43	83	42	83	40	82	37	81	35	79	33	77	32	74	32	70	33	66	35	61	38	57	42	53	46	50	50	48	54	45	58	43	61	40	63	36	64	32	64	29	63	26	61	24	58	22	54	21	49	21	43	22	38	24	32	27	27	31	22	35	18	38	15	40	13	41	12	41	11	40	11	38	12	35	14	31	17	26	21	20	26	15	32	11	39	8	47	6	54	5	60	5	65	6	70	8	74	11	77	15	80	20	83	26	85	33	86	40	86	46	86	51	85	55	83	60	80	65	76	69	71	72	65	74	60	75	56	75	51	75	47	74	44	74	42	75	41	77	41	80	42	82	43	83	43	83	
14:
71	30.185	4	12	5	13	6	15	7	18	9	22	11	27	14	33	18	38	23	42	29	45	34	47	38	48	41	48	43	47	45	46	46	44	46	41	45	37	45	32	45	27	45	21	46	16	48	12	51	9	55	7	60	6	66	5	72	5	77	6	81	8	84	11	86	15	87	20	87	26	86	33	86	40	86	46	85	52	84	57	82	61	79	64	75	66	71	67	67	67	64	67	62	68	61	70	60	73	59	77	57	81	54	84	50	86	45	87	39	87	32	86	24	84	17	81	11	77	6	72	2	67	-2	61	-5	54	-7	46	-8	39	-8	33	-7	27	-5	22	-2	18	1	15	3	13	4	12	4	12	
15:
78	36.844	60	80	59	81	57	81	54	81	50	81	45	82	39	83	34	83	30	83	27	82	25	80	24	77	24	73	25	69	27	65	30	62	34	60	39	59	45	59	52	60	58	60	65	61	71	62	76	64	80	67	83	70	85	73	86	75	86	76	85	76	83	75	80	73	77	70	75	66	74	62	74	58	75	54	77	49	80	44	82	38	84	33	85	27	85	22	84	17	82	13	79	10	75	8	70	7	64	6	57	4	51	3	46	3	42	4	39	6	36	9	34	13	32	16	31	20	29	23	26	25	22	26	19	26	17	25	16	25	16	26	17	28	19	31	22	35	26	40	31	46	37	53	43	59	48	65	52	70	55	74	57	77	59	79	60	80	60	80	
16:
77	18.094	71	84	70	83	68	83	65	84	61	84	56	83	50	83	43	83	35	82	28	82	22	83	17	85	13	86	9	87	6	87	4	86	3	85	3	83	4	80	6	76	9	72	13	68	18	64	24	61	31	57	39	54	47	50	55	45	62	39	68	32	73	26	77	21	80	17	82	14	84	12	85	11	86	11	86	12	85	14	83	16	80	19	76	23	71	28	65	33	59	37	52	40	46	42	40	44	35	45	31	45	28	44	26	42	25	39	24	35	24	30	25	25	27	21	28	18	28	16	27	15	26	15	24	16	23	18	23	21	24	25	26	30	29	36	33	42	38	49	44	56	50	63	56	69	61	74	65	78	68	81	70	83	71	84	71	84	
17:
72	55.843	73	75	72	76	72	78	73	81	73	83	72	84	71	84	69	83	67	81	64	78	60	74	55	70	50	67	45	65	40	64	36	64	33	65	31	67	30	70	28	74	27	78	26	81	25	83	24	84	23	84	21	83	20	81	18	78	15	74	13	69	12	63	12	57	13	51	15	44	18	37	20	31	21	26	21	22	20	18	18	15	17	13	17	12	18	12	20	13	23	15	27	18	32	22	38	27	45	32	51	36	58	39	65	41	71	42	76	42	80	42	83	41	85	41	86	40	86	39	85	39	83	40	80	41	78	43	75	46	73	50	72	55	72	60	72	65	72	69	72	72	72	74	73	75	73	75	
18:
68	25.348	77	17	78	17	79	16	80	16	80	15	79	15	77	14	74	14	70	15	65	17	59	19	52	22	46	26	40	30	33	34	27	37	22	39	18	40	15	42	13	45	12	49	12	54	12	60	13	65	13	69	12	74	10	78	7	81	4	83	2	84	1	85	1	87	2	90	4	92	7	93	11	93	16	92	22	90	28	89	35	89	43	88	50	86	56	83	61	79	65	76	68	73	71	69	73	65	74	62	74	59	73	57	71	56	68	56	64	56	60	56	57	56	55	55	54	53	54	50	55	46	57	41	60	35	63	30	67	26	71	23	74	20	76	18	77	17	77	17	
19:
71	19.961	1	36	1	37	1	39	2	42	4	45	7	49	11	54	15	60	18	65	20	71	21	76	22	80	22	84	22	87	23	89	24	90	26	91	29	91	33	90	38	88	44	86	51	83	57	79	64	74	70	68	75	61	79	53	84	45	88	36	91	28	93	21	94	15	94	10	93	6	91	3	88	1	84	0	79	0	73	1	66	2	58	2	49	3	40	4	32	5	25	5	19	4	14	4	10	3	7	3	5	4	4	6	4	9	5	12	7	16	10	21	14	25	18	28	21	31	23	33	25	34	26	34	26	33	25	32	23	32	20	33	16	35	11	37	7	38	4	38	2	37	1	36	1	36	
20:
69	8.573	70	42	69	41	67	39	65	36	64	32	63	28	62	23	60	19	59	15	57	12	54	10	51	9	47	9	42	10	36	12	30	15	25	18	21	22	18	26	16	29	15	33	15	37	16	40	18	42	21	43	24	43	26	42	27	40	27	37	27	34	26	32	24	31	21	30	17	29	12	27	7	24	3	21	0	19	-3	18	-5	18	-6	19	-6	21	-5	24	-3	28	0	33	3	37	7	41	12	46	17	52	23	59	30	65	38	70	46	74	53	77	60	79	66	80	71	80	75	79	78	77	80	75	81	72	82	68	82	63	81	57	79	52	76	48	73	45	71	43	70	42	70	42	
21:
69	5.838	53	59	53	58	52	56	50	53	47	49	43	44	38	38	34	32	29	27	25	23	22	20	20	18	17	17	15	17	14	17	14	18	15	20	17	23	20	25	24	27	29	29	35	30	42	32	50	35	58	39	65	42	71	44	76	45	80	45	84	44	87	42	89	39	90	35	90	30	89	25	87	21	84	18	80	16	75	15	69	15	62	14	56	12	51	9	45	6	39	4	34	3	28	3	23	4	19	6	16	9	13	13	11	18	8	24	6	31	5	39	5	46	6	52	8	57	11	61	15	64	20	66	26	67	32	67	38	66	43	64	47	62	50	60	52	59	53	59	53	59	
22:
67	23.918	66	22	67	23	68	25	68	28	67	32	65	37	62	43	58	50	53	57	49	64	45	70	40	75	34	79	29	82	25	84	22	85	20	86	19	86	19	87	20	89	22	91	25	92	29	92	33	91	37	89	40	86	43	84	46	82	50	80	53	79	55	79	56	80	58	82	59	84	59	86	58	87	56	87	53	86	49	84	45	81	41	77	38	72	35	67	32	61	30	55	29	49	29	44	28	40	26	37	23	35	21	33	20	30	20	26	21	21	23	17	26	14	30	12	33	10	37	9	42	9	48	10	53	12	57	15	60	18	63	20	65	21	66	22	66	22	
23:
78	57.597	63	32	62	31	60	31	57	32	53	32	48	33	43	35	37	37	30	39	24	40	19	40	15	39	10	38	6	36	3	33	1	29	0	24	0	19	1	15	3	12	6	9	10	6	15	4	21	3	28	2	36	2	45	3	54	4	62	6	69	9	75	13	80	18	84	24	87	31	89	38	90	46	90	54	89	61	89	68	88	74	86	79	83	83	79	86	74	88	68	89	61	89	53	89	44	88	36	86	28	85	21	83	15	82	10	82	6	81	3	79	1	76	0	72	0	67	1	63	3	60	6	57	10	55	15	53	21	52	26	52	30	53	35	54	40	55	45	55	49	54	52	52	54	49	55	45	56	41	58	38	60	35	62	33	63	32	63	32	
24:
78	14.987	47	73	47	72	46	70	46	67	47	63	48	58	49	52	51	45	53	37	54	30	56	24	58	19	61	15	65	12	68	10	70	9	71	9	73	10	74	12	74	15	73	19	71	24	69	30	68	37	68	45	67	54	67	62	66	69	64	75	61	80	57	84	52	87	48	89	44	90	39	90	35	89	30	87	26	84	23	80	21	75	20	70	19	64	19	58	20	53	22	49	23	46	23	42	23	38	24	33	26	27	28	22	29	16	29	11	28	7	26	4	23	2	19	1	15	1	10	2	6	4	3	7	1	11	-1	16	-2	22	-2	29	-1	37	1	45	4	52	8	58	13	63	19	67	26	70	32	72	37	74	41	75	44	75	46	74	47	73	47	73	
25:
71	6.864	39	21	39	20	38	18	36	15	35	12	33	9	30	7	26	6	23	6	21	7	20	9	20	12	21	16	21	20	21	25	20	31	18	38	16	45	13	51	11	56	10	60	10	63	11	65	13	66	15	66	18	65	22	63	27	62	33	62	39	62	44	62	48	62	51	63	53	65	54	68	54	72	53	76	52	80	52	83	53	85	55	86	58	86	61	85	65	84	69	84	73	83	76	82	78	80	79	77	79	73	78	68	77	63	77	59	78	56	80	54	82	52	83	51	83	49	82	47	80	46	78	45	75	44	71	42	66	39	60	35	54	31	49	28	45	26	42	24	40	22	39	21	39	21	
26:
80	82.428	12	36	13	37	15	39	18	40	22	40	27	39	33	37	40	35	46	32	53	28	61	25	68	21	74	18	79	16	83	15	86	15	88	15	89	16	89	18	88	21	86	25	83	30	81	35	80	41	79	48	79	56	80	64	80	71	79	77	77	82	74	86	70	89	65	91	59	92	54	92	50	92	47	91	44	89	42	86	41	83	40	81	39	80	37	80	34	81	31	82	27	82	23	81	19	79	16	76	13	72	11	67	10	61	10	54	9	46	7	39	6	32	6	25	7	19	9	14	12	10	15	6	19	3	24	1	29	0	33	0	36	1	38	3	39	6	39	9	38	11	36	12	33	13	29	15	26	18	22	22	18	26	15	30	13	33	12	35	12	36	12	36	
27:
64	34.52	81	78	80	77	78	75	75	73	72	71	68	70	63	69	57	69	50	70	44	72	37	75	31	78	26	82	22	85	19	87	17	88	16	88	16	87	17	85	19	83	22	80	26	76	31	71	37	67	43	64	50	60	58	57	65	54	71	51	76	48	80	44	83	39	85	34	86	30	86	27	85	25	83	24	80	24	76	25	71	25	65	24	58	22	52	20	47	18	43	16	40	15	38	15	37	16	37	17	38	19	40	22	43	25	47	29	50	34	54	40	59	46	64	51	69	57	73	63	76	68	78	72	79	75	80	77	81	78	81	78	
28:
66	13.645	64	9	65	8	67	8	70	9	73	11	76	14	78	17	79	20	79	24	78	27	78	31	79	36	81	42	83	49	85	57	86	64	86	70	85	75	83	79	80	82	76	85	71	87	65	88	58	88	50	87	43	85	37	82	31	78	26	74	22	69	18	63	15	58	12	52	10	47	9	43	9	40	10	38	12	37	13	37	15	38	17	40	20	43	23	46	27	50	30	55	33	60	36	64	39	67	42	69	44	70	47	70	50	69	54	67	58	64	61	60	63	55	64	49	64	42	64	35	63	29	61	24	60	19	60	15	61	12	63	10	64	9	64	9	
29:
74	14.784	61	67	60	68	58	70	55	71	51	72	46	72	40	71	34	69	29	66	24	62	19	57	15	51	12	45	10	40	9	36	9	33	10	31	12	29	14	28	17	28	21	29	26	31	30	34	33	36	35	37	36	37	37	36	38	34	38	31	38	27	39	22	41	16	44	11	48	7	53	4	57	2	61	1	64	1	66	2	67	4	67	6	66	9	64	13	63	18	63	24	64	31	66	37	69	43	73	49	78	54	82	59	85	63	87	66	88	68	88	69	87	70	85	71	83	73	80	76	77	79	73	81	70	82	68	83	67	83	67	83	68	83	69	82	70	80	70	78	69	76	67	73	64	70	62	68	61	67	61	67	
30:
75	6.088	34	61	33	60	31	58	30	55	30	52	31	49	33	47	36	46	40	46	44	47	48	49	51	52	53	56	54	61	54	67	54	72	53	76	51	79	48	81	44	82	41	83	39	85	38	88	38	92	39	95	41	97	44	98	48	98	53	97	59	95	65	92	71	88	76	83	80	77	83	70	85	62	86	55	86	49	87	44	87	40	86	37	84	34	82	32	79	31	75	31	70	30	64	28	58	25	52	21	47	17	43	14	40	12	38	10	37	8	37	5	38	3	40	0	43	-2	47	-3	51	-3	54	-2	56	0	57	3	57	7	58	12	58	18	57	25	55	33	52	40	48	46	44	51	40	55	37	58	35	60	34	61	34	61	
31:
71	28.362	80	15	79	16	77	17	74	18	70	19	65	19	59	18	54	17	49	15	45	12	42	9	38	7	35	6	32	6	29	7	25	9	21	12	17	16	14	21	12	26	9	31	6	37	2	43	-2	50	-5	57	-7	64	-8	70	-8	75	-7	79	-5	82	-2	84	1	85	5	85	8	84	12	83	17	81	22	78	26	74	29	69	31	63	33	58	34	54	34	51	33	49	32	48	30	48	29	49	28	51	28	54	29	58	31	63	32	67	34	70	37	72	41	73	45	73	49	72	54	70	59	68	65	65	71	61	76	56	80	50	83	43	85	36	86	30	86	25	85	21	83	18	81	16	80	15	80	15	
32:
69	5.041	3	15	2	16	1	18	0	21	0	25	1	30	3	36	6	41	10	45	15	50	20	55	26	61	33	68	39	74	44	79	48	83	51	86	55	88	58	89	60	89	61	88	61	86	60	83	58	79	55	74	51	68	46	61	42	55	39	50	37	46	36	42	36	39	37	37	37	36	36	36	34	37	33	39	32	41	32	44	33	47	35	50	38	53	41	57	45	60	50	62	55	63	60	63	64	62	67	60	69	58	70	55	70	51	69	46	67	40	64	33	62	26	59	20	55	15	50	11	44	8	38	6	31	5	24	5	18	6	13	8	9	11	6	13	4	14	3	15	3	15	
33:
73	12.064	72	28	73	28	75	28	78	27	81	27	84	28	86	30	87	33	87	37	86	42	84	48	81	55	79	62	76	68	72	74	67	79	61	83	54	86	46	88	39	89	33	89	27	88	22	86	18	83	15	79	13	74	12	68	12	61	13	53	14	46	14	39	14	33	14	28	15	24	17	21	20	19	24	17	29	15	35	13	41	10	46	7	50	5	53	4	55	4	56	5	56	7	56	10	55	14	53	19	50	24	47	30	44	36	42	43	41	49	41	54	42	58	44	61	47	63	51	64	56	64	61	64	66	64	71	63	75	61	78	58	80	54	81	49	81	43	80	38	78	34	75	31	73	29	72	28	72	28	
34:
61	18.374	35	49	36	48	38	46	39	44	41	42	44	40	48	37	51	33	55	28	59	22	62	17	64	13	65	10	67	8	70	7	73	7	77	8	80	10	82	13	83	17	83	22	83	28	82	34	80	39	77	43	73	48	68	52	62	55	56	58	49	61	43	65	38	69	34	72	31	74	29	75	28	75	28	74	29	72	29	69	28	66	26	64	23	62	19	59	14	56	9	52	5	49	2	46	0	43	-1	41	-1	40	0	40	2	40	5	39	9	38	14	38	20	39	25	41	29	43	32	46	34	48	35	49	35	49	
35:
69	71.627	44	17	43	17	41	18	39	19	37	20	36	21	36	23	37	26	39	28	42	31	46	35	51	39	57	44	63	50	69	55	74	59	78	62	81	64	83	65	84	66	84	66	83	67	81	69	78	72	74	74	69	75	63	75	58	74	53	72	47	69	40	65	34	62	29	60	24	59	19	59	15	60	12	62	10	65	8	68	7	72	7	75	7	77	8	78	9	78	9	77	8	75	7	72	5	68	3	63	1	58	-2	52	-4	45	-5	39	-5	32	-4	26	-2	21	1	17	5	14	9	12	14	11	19	11	23	12	27	14	31	16	34	18	38	19	41	19	43	18	44	17	44	17	
36:
77	29.229	7	36	8	36	10	35	13	35	17	36	22	38	28	41	34	45	40	48	46	51	51	53	55	54	58	54	60	53	61	51	61	48	60	44	58	39	55	33	51	26	46	20	40	15	35	10	31	6	27	3	24	1	22	0	21	0	21	1	22	2	24	2	27	3	31	5	36	7	41	8	47	8	52	9	56	11	59	14	61	18	62	22	62	27	63	31	65	36	68	41	72	47	77	53	81	59	84	65	86	70	87	76	87	81	86	85	84	88	81	90	77	91	72	91	66	90	59	88	51	87	43	87	35	86	27	86	20	85	14	83	9	81	5	78	2	74	0	69	-1	63	-1	57	0	51	2	46	4	42	6	39	7	37	7	36	7	36	
37:
76	25.609	86	22	85	23	83	25	80	28	77	32	73	36	69	40	64	43	58	45	51	46	43	46	35	46	27	46	20	47	14	48	9	50	5	52	2	55	-1	59	-3	63	-4	68	-4	73	-3	78	-1	82	2	85	6	87	11	88	17	88	24	87	32	86	39	84	45	83	50	83	54	83	57	82	59	80	60	77	60	73	59	68	57	62	54	55	52	47	51	39	51	32	50	25	48	19	45	14	41	10	36	6	31	3	25	1	20	0	15	0	11	1	8	3	6	6	5	9	5	12	6	14	8	15	11	15	15	14	20	12	26	10	33	7	41	5	48	4	56	4	63	5	69	7	74	10	78	14	81	17	83	19	85	21	86	22	86	22	
38:
76	22.201	70	31	69	30	68	28	66	25	64	21	62	16	61	12	61	9	62	6	64	3	66	1	69	0	73	0	78	1	82	3	85	6	88	10	90	15	91	21	91	28	90	35	88	41	85	46	81	50	77	53	72	55	66	56	60	56	55	55	51	53	48	50	46	46	45	41	44	35	42	28	41	21	39	15	36	10	32	6	29	3	25	1	22	0	18	0	14	1	11	3	8	6	6	10	5	15	5	21	6	28	8	36	11	45	15	53	20	60	24	66	29	72	33	77	36	81	39	84	41	86	44	87	48	87	53	86	58	84	62	81	65	77	67	72	68	66	70	59	72	52	73	46	74	41	74	37	73	34	71	32	70	31	70	31	
39:
71	2.387	51	32	51	31	52	29	54	26	56	23	59	21	63	19	68	18	72	18	75	19	77	21	78	24	78	28	78	33	79	39	80	46	80	54	79	61	77	67	74	72	71	77	68	81	64	85	60	88	55	90	50	91	44	91	37	90	30	88	24	85	19	81	15	76	12	71	10	67	9	63	9	60	9	58	10	57	12	57	14	58	17	59	21	59	24	58	26	56	27	53	27	50	26	47	24	43	21	39	17	36	12	34	7	31	3	27	0	22	-2	17	-3	12	-3	8	-2	5	0	3	3	2	7	2	12	3	17	5	23	8	30	12	36	17	41	22	45	26	48	29	50	31	51	32	51	32	
40:
72	22.428	47	0	47	1	47	3	48	6	50	8	53	9	57	10	62	10	68	11	74	13	79	16	83	20	86	25	89	30	91	35	92	39	92	43	91	48	89	52	86	55	82	59	77	64	73	70	70	76	68	81	65	85	61	88	56	91	50	93	43	94	36	94	30	93	25	91	21	89	18	87	16	86	15	86	15	85	16	85	18	84	20	82	22	79	23	75	23	70	22	64	20	57	17	49	13	41	9	34	6	28	4	23	3	19	3	16	4	14	6	13	7	13	7	14	7	16	7	19	8	21	10	23	13	24	17	24	22	23	28	21	33	18	37	14	41	10	44	6	46	3	47	1	47	0	47	0	
41:
62	1.022	6	28	5	28	3	29	2	31	1	34	1	38	0	43	0	49	0	54	1	58	3	61	6	63	10	66	15	70	21	74	28	77	36	80	43	82	49	83	54	84	59	84	63	83	67	81	70	78	72	74	73	69	73	63	72	57	70	51	67	46	64	42	61	39	58	37	56	36	55	35	55	33	56	30	58	27	61	24	65	21	69	19	72	16	74	12	75	7	75	3	74	-1	72	-4	69	-6	65	-7	60	-7	54	-6	47	-4	41	-1	35	2	28	5	22	9	17	13	13	18	10	22	8	25	7	27	6	28	6	28	
42:
55	4.634	74	77	73	77	71	76	68	74	65	71	63	67	62	62	62	56	61	49	61	43	60	36	58	30	55	25	51	21	46	18	42	16	38	15	35	15	33	16	32	18	30	20	27	21	23	22	18	22	14	23	11	25	9	28	8	32	8	37	9	43	11	49	14	55	18	61	23	66	27	72	31	77	35	81	40	84	46	86	53	88	60	89	66	89	71	89	75	88	79	87	82	86	84	84	85	81	85	79	84	77	82	76	80	76	77	77	75	77	74	77	74	77	
43:
75	12.797	88	26	89	25	89	23	89	20	88	17	86	13	83	8	79	4	74	0	68	-3	61	-5	53	-6	44	-6	36	-5	29	-3	23	-1	18	1	14	3	10	5	7	8	4	12	2	17	1	22	1	26	2	29	4	31	7	32	11	32	16	32	22	32	29	33	37	35	46	38	54	42	61	45	67	49	72	54	76	60	79	66	81	72	82	77	82	81	81	84	79	86	76	87	72	87	67	86	61	84	54	82	47	81	41	81	36	81	32	81	27	80	23	78	20	75	18	71	17	67	17	62	18	56	20	49	23	42	27	36	32	31	38	27	45	24	53	22	60	21	67	21	73	22	78	24	82	26	85	27	87	27	88	26	88	26	
44:
66	1.425	19	32	20	31	22	30	25	28	27	26	29	25	31	23	32	20	32	18	31	15	31	13	32	12	34	12	37	11	39	9	42	8	46	7	50	7	55	8	59	10	63	13	67	17	70	22	72	28	74	35	75	41	75	46	75	50	74	53	72	55	69	56	67	57	65	57	64	56	64	56	65	57	67	59	69	62	70	65	70	69	69	72	67	74	64	75	60	76	55	78	49	81	42	83	35	86	28	88	22	89	16	89	11	88	7	86	4	84	2	81	0	77	-1	72	-1	66	0	59	2	53	5	47	9	42	13	38	16	35	18	33	19	32	19	32	
45:
74	27.007	30	28	31	29	33	31	35	33	38	35	42	36	46	36	49	35	51	33	52	31	52	28	52	24	51	19	50	14	50	9	51	4	53	0	56	-3	59	-5	63	-6	68	-7	72	-7	75	-6	77	-4	78	-1	78	3	77	6	75	8	72	9	70	9	69	10	69	12	70	15	72	19	74	23	77	27	80	32	82	38	83	45	83	52	82	58	80	63	77	68	73	73	68	77	62	80	56	82	49	83	42	83	35	83	28	83	22	84	17	86	13	89	8	91	3	92	-1	92	-4	91	-6	89	-7	86	-7	82	-6	77	-4	71	-1	65	1	58	4	51	8	45	13	40	18	36	22	33	25	31	27	30	29	29	30	28	30	28	
46:
69	15.335	39	53	40	52	42	50	45	47	49	43	53	38	57	33	60	27	62	22	63	18	63	15	64	13	66	11	68	10	71	10	74	11	76	13	77	16	77	20	76	25	74	31	71	38	69	44	68	50	66	56	63	62	60	67	58	72	57	76	57	80	56	83	54	85	52	86	50	86	47	85	43	83	39	81	34	80	28	80	23	81	19	83	16	84	13	84	11	83	10	81	10	78	11	74	12	69	12	63	11	58	9	53	6	48	3	44	1	40	0	37	0	35	1	34	3	34	6	35	9	37	13	40	17	44	21	48	25	51	29	53	33	54	36	54	38	53	39	53	39	53	
47:
78	16.581	62	58	63	58	65	57	68	57	72	57	76	56	79	54	81	51	82	47	82	42	81	37	81	32	81	28	80	25	80	23	80	21	79	20	77	20	74	21	70	23	66	26	62	28	57	29	53	29	50	28	48	26	47	23	47	20	48	17	50	14	53	11	56	8	59	5	61	1	62	-4	62	-8	61	-11	59	-13	56	-14	52	-14	47	-13	41	-11	34	-8	28	-4	23	1	19	7	16	14	14	22	12	31	11	40	11	50	11	59	10	68	10	76	11	83	13	89	16	94	20	98	25	101	31	103	38	104	45	105	51	106	56	106	62	105	67	103	71	100	74	96	76	91	77	85	77	79	76	73	74	68	71	64	68	61	65	59	63	58	62	58	62	58	
48:
73	3.205	3	61	4	60	6	60	8	61	9	63	9	65	8	68	6	72	5	76	5	79	6	81	8	82	11	83	14	83	18	82	23	80	28	77	32	73	35	68	37	62	38	56	38	50	37	45	35	40	32	36	29	33	25	31	20	30	16	29	12	28	9	27	7	25	6	22	6	18	7	15	9	11	12	8	16	6	21	5	27	5	34	6	41	8	49	11	57	14	64	18	70	21	75	25	79	30	83	35	86	41	88	47	89	53	89	59	88	66	86	73	84	79	82	84	80	88	77	91	73	93	68	94	62	94	55	93	47	91	39	88	31	84	24	79	18	74	13	70	9	67	6	64	4	62	3	61	3	61	
49:
64	4.074	64	56	63	57	61	57	58	56	54	54	49	51	43	47	37	42	32	36	28	30	24	24	21	19	19	15	18	11	18	7	19	4	21	1	24	-1	28	-3	33	-4	39	-4	44	-4	48	-3	51	-1	53	2	54	6	54	11	53	15	52	18	52	20	53	21	55	21	58	22	62	24	67	27	72	29	76	32	79	36	81	41	82	46	82	52	81	57	79	61	76	64	72	68	67	72	62	76	58	80	55	83	53	85	51	86	49	86	48	85	48	83	49	81	51	80	53	78	54	75	55	71	56	66	58	62	61	59	63	57	64	56	64	56	
50:
74	9.322	69	65	68	64	66	62	63	59	61	56	59	54	58	53	58	53	59	54	60	56	61	59	61	63	61	66	60	69	58	73	56	76	54	78	51	79	48	79	45	78	41	76	36	75	30	75	25	76	19	78	14	80	10	82	7	85	5	87	3	88	2	88	2	87	3	85	4	82	6	78	7	73	8	67	8	60	7	53	5	47	3	42	2	38	2	34	3	31	5	29	8	28	12	27	17	26	23	24	30	21	38	17	46	12	55	8	63	5	70	3	76	2	81	1	85	1	88	2	90	4	91	7	92	11	92	16	91	22	89	29	86	35	82	41	79	46	77	50	75	55	73	59	72	62	70	64	69	65	69	65	
51:
69	8.629	51	73	51	72	51	70	52	67	54	63	57	58	60	52	64	45	68	38	71	32	73	27	74	22	74	18	73	15	71	13	69	12	66	12	62	13	58	15	55	18	53	21	52	24	51	26	49	27	46	27	42	26	37	24	31	21	26	19	22	18	19	18	17	19	16	21	16	24	17	28	18	33	18	39	18	46	17	52	15	58	12	64	8	70	5	75	2	79	0	83	-1	86	-1	88	0	89	2	89	5	89	9	89	14	89	20	89	27	89	35	88	42	88	48	87	53	85	57	82	60	78	62	75	63	72	63	70	62	69	60	69	57	70	54	72	52	73	51	73	51	73	
52:
75	12.307	49	24	49	25	50	27	52	29	55	31	58	32	61	32	63	31	64	29	64	26	65	22	65	17	65	13	65	10	66	8	68	7	71	7	74	8	77	10	79	13	80	17	80	22	79	28	77	34	74	39	70	43	65	46	59	48	52	50	44	51	37	51	31	51	26	52	22	54	19	57	17	61	16	66	16	72	17	77	19	81	22	84	26	86	30	87	35	87	39	86	42	84	44	81	45	77	45	73	44	70	42	68	39	67	35	67	30	67	24	68	19	70	14	71	10	71	7	70	5	68	4	65	4	61	5	58	7	54	10	49	14	44	18	39	23	35	28	32	34	30	39	28	43	27	46	26	48	25	49	24	49	24	
53:
75	50.39	55	18	55	19	55	21	55	24	56	27	58	31	61	34	65	36	69	37	72	38	74	40	76	42	77	45	77	49	76	54	74	60	71	66	67	73	62	79	56	84	50	88	44	91	37	93	29	94	22	94	16	93	11	91	7	88	4	85	2	82	1	79	0	76	0	73	1	71	3	70	6	69	10	69	15	69	19	68	23	66	26	64	29	63	31	63	32	63	32	64	31	65	29	65	26	64	22	62	17	59	12	55	7	50	3	44	0	37	-3	29	-5	22	-6	16	-6	11	-5	7	-5	4	-4	2	-2	1	1	1	5	2	9	4	14	7	20	10	27	14	34	17	40	19	45	20	49	20	52	20	54	19	55	18	55	18	
54:
72	12.555	58	82	57	81	55	79	52	76	48	72	45	67	41	62	38	57	35	53	33	50	32	48	32	47	33	47	34	48	36	50	39	53	43	57	48	62	54	67	61	71	67	74	73	76	78	77	82	78	85	78	87	77	88	75	88	72	87	68	86	63	84	58	81	52	77	46	73	40	68	33	62	27	57	21	52	16	48	12	44	9	41	7	37	6	32	6	27	7	22	8	18	10	15	13	13	17	11	22	10	28	8	34	5	41	2	49	0	57	-1	64	-1	70	-1	75	0	81	2	86	5	90	9	93	14	95	20	97	27	98	34	98	40	97	45	95	49	92	52	88	55	85	57	83	58	82	58	82	
55:
75	13.956	35	33	36	32	37	30	37	27	36	23	35	18	33	14	30	11	26	8	21	5	16	3	11	2	7	2	4	2	2	3	1	5	1	8	2	12	4	17	7	22	11	28	16	35	22	42	28	48	35	53	43	58	52	62	60	67	67	71	73	74	78	76	82	77	85	79	87	81	88	82	88	83	87	83	85	82	82	81	78	79	73	76	68	72	62	69	55	65	47	61	38	58	30	56	23	55	17	55	12	55	8	56	5	58	3	61	2	65	2	70	3	74	5	77	8	79	11	80	15	80	19	81	23	81	26	80	28	78	30	75	32	71	33	66	33	60	33	54	34	48	36	43	37	39	37	36	36	34	35	33	35	33	
56:
76	88.914	58	89	57	90	55	90	52	89	48	88	45	86	43	83	42	79	41	76	39	74	36	73	32	73	27	74	21	76	16	77	12	77	9	76	7	74	6	71	5	67	5	62	6	56	8	49	11	41	14	33	16	25	17	18	17	12	17	7	18	3	20	-1	23	-4	27	-6	32	-7	37	-9	42	-10	48	-10	54	-9	60	-7	65	-4	69	0	72	5	74	11	75	17	75	22	74	26	72	29	69	32	65	35	61	37	56	38	52	38	49	37	47	37	46	37	46	38	47	39	49	41	52	44	56	48	59	51	62	53	64	56	65	58	65	59	64	59	63	60	61	62	60	65	60	69	61	74	61	79	60	83	59	86	58	88	58	89	58	89	
57:
65	29.247	54	60	53	61	52	63	52	66	53	68	55	69	58	69	62	69	67	68	72	66	76	63	79	59	81	54	82	48	82	41	82	33	82	26	81	20	81	15	80	11	80	8	79	6	77	5	75	5	74	6	72	8	69	11	65	15	60	19	54	22	47	24	39	25	32	25	26	24	21	23	17	21	12	18	8	16	5	15	3	15	2	16	2	18	2	21	3	25	5	30	8	35	12	40	17	44	23	47	30	49	36	50	41	50	45	49	49	48	53	46	57	45	60	45	62	46	63	47	63	49	62	51	60	54	57	57	55	59	54	60	54	60	
58:
80	6.487	32	36	33	35	35	34	38	33	42	33	47	33	53	32	59	30	66	28	72	26	77	23	81	21	84	19	86	18	87	18	87	19	86	21	84	24	81	27	77	31	72	34	66	37	59	39	51	40	43	42	36	44	30	45	25	45	21	44	18	42	16	39	15	36	15	32	16	29	18	27	21	26	25	26	30	26	35	27	40	29	46	32	52	36	59	41	65	47	70	54	74	60	77	66	79	71	80	75	80	78	79	80	77	81	75	81	74	80	72	78	70	75	67	71	63	68	59	66	55	65	50	65	45	66	39	68	32	69	26	71	21	72	17	72	14	71	12	69	11	66	11	62	12	59	14	57	17	54	21	50	25	46	28	42	30	39	31	37	32	36	32	36	
59:
69	8.994	86	32	85	31	83	31	80	31	77	31	74	31	72	32	71	34	71	37	71	41	72	44	74	46	76	48	77	50	77	53	76	56	74	58	71	59	67	59	63	58	59	56	55	53	52	50	49	46	47	41	45	35	44	30	43	26	41	23	39	21	36	20	32	20	29	21	25	23	22	26	20	30	19	35	19	41	20	47	21	53	22	60	22	66	21	71	19	75	16	79	12	82	9	84	6	85	4	85	3	84	3	82	4	81	6	81	9	81	13	80	18	80	24	79	31	77	39	74	47	70	54	65	60	59	65	53	71	47	76	42	80	38	83	35	85	33	86	32	86	32	
60:
81	158.863	81	20	80	21	78	21	75	21	71	21	66	22	60	22	53	21	45	21	37	20	30	18	24	15	19	11	15	8	12	6	10	4	8	3	7	1	7	-2	8	-6	10	-11	13	-16	17	-20	22	-23	28	-25	35	-26	43	-26	52	-25	60	-23	67	-20	73	-16	78	-11	82	-5	85	2	87	10	88	19	89	29	89	39	89	48	89	56	89	63	89	69	88	74	86	78	83	81	79	83	74	84	68	84	61	83	53	81	45	78	37	74	30	71	24	69	19	68	15	68	12	69	10	71	9	73	8	74	7	74	6	73	6	71	7	68	8	65	10	61	13	56	17	50	22	43	27	36	33	30	40	25	47	21	53	18	60	16	66	15	71	15	75	16	78	18	80	19	81	20	81	20	
61:
68	17.72	45	20	46	21	46	22	46	24	45	26	45	27	44	27	43	26	41	24	39	21	37	17	36	13	34	10	32	8	29	7	26	7	22	8	18	10	14	13	10	17	7	21	3	26	0	32	-2	39	-3	46	-3	54	-2	61	0	67	2	72	5	76	9	79	13	81	17	83	22	84	27	84	33	83	39	81	45	78	52	76	59	75	65	75	70	76	74	78	77	79	79	79	80	78	81	76	81	73	80	69	80	65	79	60	79	54	79	47	79	39	80	32	80	26	79	21	77	17	74	14	72	12	69	11	65	11	60	11	55	12	51	14	48	17	46	19	45	20	45	20	
62:
69	2.641	63	1	64	2	66	3	67	5	67	6	66	8	64	10	61	13	57	15	52	16	46	17	39	17	32	18	26	20	21	23	17	27	12	32	8	38	5	45	3	53	1	60	0	66	0	72	1	77	3	82	5	86	8	89	12	91	17	92	23	92	30	91	36	90	41	89	45	87	49	86	52	84	54	81	55	78	55	74	54	70	52	67	49	65	46	64	44	64	43	65	43	67	44	70	46	74	49	77	53	79	58	80	64	80	69	79	73	77	76	74	78	70	79	65	79	59	78	52	76	44	75	37	73	29	70	22	67	16	65	11	63	7	62	4	62	2	63	1	63	1	
63:
66	24.492	89	4	89	5	88	7	86	10	83	14	81	19	78	24	75	30	72	36	70	41	69	46	69	50	70	53	72	55	75	57	79	59	82	60	84	60	85	59	85	57	84	56	82	56	79	57	75	57	70	58	65	59	59	59	54	58	50	58	46	59	43	61	41	64	40	68	40	73	41	77	41	80	41	82	40	83	38	83	36	82	33	80	31	77	30	73	30	68	30	62	29	55	29	47	30	39	31	31	31	24	31	18	32	11	34	5	37	0	41	-4	46	-7	52	-9	58	-10	65	-10	71	-9	76	-7	80	-4	83	-1	86	1	88	3	89	4	89	4	
64:
75	6.164	2	78	3	79	5	81	8	83	12	85	17	86	23	86	29	86	36	85	44	83	52	81	59	80	65	80	70	81	74	82	77	84	79	85	81	85	82	84	82	82	81	79	80	75	78	71	75	66	71	62	66	58	62	53	58	47	55	41	53	35	52	30	52	26	52	23	53	21	55	20	58	20	62	21	67	23	72	25	77	27	81	28	84	28	86	27	87	25	87	23	86	20	84	16	82	12	79	8	75	5	70	3	64	2	57	2	49	2	42	1	36	0	29	-1	23	-1	18	0	14	2	11	5	8	9	6	14	5	20	5	27	4	34	4	42	3	50	3	57	4	63	4	68	4	72	4	75	3	77	2	78	2	78	
65:
74	10.927	10	52	11	53	11	55	10	58	8	62	7	66	7	70	8	73	10	75	13	76	16	76	19	75	23	73	28	70	32	66	35	62	37	58	38	54	38	50	37	47	35	45	32	44	28	44	23	44	17	44	12	43	8	41	5	38	3	34	2	30	2	25	3	20	5	16	8	13	12	11	17	10	23	10	30	11	38	12	47	14	55	17	62	20	68	22	73	23	77	23	80	22	82	22	83	23	83	25	82	28	80	32	77	37	75	43	72	50	68	58	65	65	62	71	60	76	59	80	57	83	54	85	50	86	45	86	39	85	33	83	27	80	22	76	18	71	15	66	13	62	12	58	11	55	10	53	10	52	10	52	
66:
69	9.533	45	54	46	55	48	56	51	58	55	59	60	59	65	58	69	56	72	55	75	55	77	56	78	58	78	61	77	64	75	68	72	73	70	77	68	80	67	83	67	85	67	86	67	86	66	85	65	83	63	80	62	76	60	71	58	65	55	58	53	50	51	43	49	37	46	31	44	26	41	22	37	18	32	15	26	13	21	12	17	12	13	13	10	15	8	18	7	22	7	27	8	33	10	40	11	46	12	53	13	61	13	68	12	74	10	79	8	83	7	86	7	88	8	89	10	89	13	88	16	86	20	83	24	79	28	74	31	69	35	64	39	60	42	57	44	55	45	54	45	54	
67:
68	1.359	65	21	66	22	68	24	71	26	75	27	79	29	83	30	86	32	88	35	89	39	89	42	88	46	86	50	83	54	79	59	74	64	68	70	61	76	54	81	46	85	39	88	33	90	28	91	23	91	19	90	16	89	14	89	13	90	13	91	14	91	16	90	19	88	23	85	27	81	31	76	34	70	36	63	37	56	37	48	36	39	34	31	31	24	28	18	26	13	25	9	25	6	26	4	28	3	31	3	35	4	40	5	46	5	53	4	60	4	66	5	71	5	75	5	78	6	80	8	81	11	81	15	80	18	78	20	75	22	71	23	68	23	66	22	65	21	65	21	
68:
73	38.919	23	41	22	40	20	38	17	35	14	31	12	26	11	21	11	17	11	14	12	12	14	11	17	11	21	11	26	12	32	12	39	13	47	15	54	17	60	19	66	20	71	20	75	19	78	17	80	14	81	10	81	6	80	3	78	1	75	0	71	0	66	1	61	3	57	6	54	9	52	13	50	16	49	19	49	22	50	26	52	30	55	35	59	39	64	42	68	45	71	47	73	48	74	49	74	49	73	49	71	50	68	52	64	55	60	58	56	62	53	67	51	72	48	76	44	79	41	81	37	82	32	82	28	81	24	79	21	76	19	72	18	67	18	62	19	56	21	51	23	47	24	44	24	42	23	41	23	41	
69:
79	141.351	48	85	47	84	47	82	47	80	48	79	50	78	53	78	57	78	62	78	68	78	73	78	77	79	80	79	82	78	83	76	83	73	82	71	80	70	77	69	74	67	71	66	67	64	62	61	57	57	53	52	50	47	48	42	47	36	47	30	48	24	50	18	53	13	57	9	62	5	68	2	74	0	79	-1	83	-1	86	0	88	2	89	5	89	8	88	10	86	11	83	12	79	12	74	11	69	9	63	6	57	3	51	1	44	0	36	-1	28	-1	21	0	13	2	6	5	0	9	-5	14	-9	20	-12	27	-14	35	-15	44	-15	52	-14	59	-12	65	-9	70	-5	74	0	78	6	81	13	84	20	86	27	87	33	88	38	89	42	89	45	88	47	86	48	85	48	85	
70:
67	12.93	81	21	82	22	84	24	87	27	89	31	90	36	90	42	90	48	89	55	87	62	84	68	80	73	75	77	69	80	63	82	56	83	48	83	39	83	31	82	24	82	18	81	13	80	9	78	6	75	4	72	3	69	3	67	4	66	6	66	9	67	13	69	18	71	24	72	30	72	35	71	39	69	42	66	44	63	45	61	45	58	44	56	42	55	40	55	38	54	37	53	37	51	38	48	40	45	43	41	45	36	47	30	48	23	49	17	49	12	50	8	52	5	54	3	57	2	61	2	66	3	70	5	74	8	77	12	79	15	80	18	80	20	81	21	81	21	
71:
77	18.727	20	56	21	55	22	53	24	50	25	46	25	43	25	40	25	38	26	37	28	37	31	37	35	38	40	38	46	38	53	39	61	41	68	44	74	47	79	51	83	56	86	62	88	69	89	75	89	80	88	84	86	87	83	89	79	90	74	90	68	90	62	89	55	87	47	84	39	81	31	77	24	73	17	68	11	62	6	57	2	51	-1	44	-3	37	-4	30	-4	24	-3	19	-1	15	2	12	6	9	11	7	17	6	24	6	32	6	41	5	49	5	56	5	62	4	67	3	71	3	74	3	76	4	77	6	77	9	76	13	74	18	71	24	67	31	63	37	58	42	52	46	46	49	40	51	35	53	30	54	26	55	23	55	21	56	20	56	20	56	
72:
76	32.029	12	29	11	28	9	26	6	24	4	23	3	23	3	24	4	26	6	29	9	33	13	38	17	44	22	50	27	56	33	61	40	65	46	68	52	70	57	71	62	71	67	70	71	68	74	66	78	65	81	65	84	66	87	68	89	71	90	75	91	79	91	83	90	86	88	88	86	89	83	89	79	88	74	86	68	83	61	79	55	74	50	69	46	65	43	62	41	58	40	53	40	47	41	42	43	37	46	32	50	28	55	25	61	23	67	21	72	20	76	20	79	21	81	23	82	26	82	29	81	33	79	36	76	38	73	39	69	39	64	38	58	36	51	34	43	31	36	29	30	27	25	26	21	26	18	26	15	27	13	28	12	29	12	29	
73:
69	6.709	55	12	55	13	54	15	54	18	54	22	55	26	56	30	56	35	55	39	53	42	50	44	46	45	42	45	37	44	31	42	26	39	22	35	17	30	13	24	10	19	8	15	7	12	5	10	3	9	1	9	0	10	0	12	1	14	3	17	5	21	8	26	11	32	13	38	14	45	14	53	13	60	12	66	11	71	11	75	12	78	14	80	17	81	21	81	26	81	32	80	38	78	45	75	53	71	60	66	66	62	71	57	76	53	81	48	85	42	88	37	90	33	91	30	91	26	90	21	88	16	85	12	81	9	76	7	70	6	65	6	61	7	58	9	56	11	55	12	55	12	
74:
70	34.795	81	74	82	73	82	71	82	68	81	66	79	64	76	62	72	60	68	58	63	57	57	57	50	58	43	60	35	63	28	67	22	70	17	72	13	73	10	73	8	72	7	70	7	67	8	64	9	60	11	55	13	51	14	46	16	40	19	33	23	26	28	20	34	15	40	11	47	8	55	6	62	5	68	5	74	6	79	8	83	11	86	14	88	18	89	22	89	25	88	27	86	28	83	29	79	29	74	30	69	32	65	34	62	37	60	41	59	46	59	52	59	59	60	65	60	71	61	76	62	80	63	83	65	85	68	86	70	86	71	85	73	83	75	80	78	77	80	75	81	74	81	74	
75:
73	17.725	54	5	55	4	57	3	60	2	64	0	69	-1	73	-2	76	-2	78	-1	80	1	81	3	81	4	80	5	78	7	75	10	73	14	72	18	72	22	73	27	75	33	78	40	81	48	84	55	86	61	87	66	87	71	86	75	84	78	82	80	79	81	75	81	70	80	65	78	60	75	56	71	53	67	51	63	50	60	50	56	51	53	51	51	50	50	48	49	45	49	41	50	38	52	35	55	32	58	28	62	23	66	18	69	12	71	7	72	3	72	0	71	-2	69	-3	66	-3	63	-2	59	0	54	2	48	5	41	9	34	14	28	20	23	27	19	33	16	39	13	44	10	48	8	51	7	53	6	54	5	54	5	
76:
64	20.459	22	82	23	81	25	80	28	78	31	76	35	75	40	75	46	75	52	76	57	76	61	77	64	77	66	76	67	74	67	72	66	70	65	69	65	69	66	70	67	72	69	75	72	77	76	78	80	78	83	77	85	76	86	74	86	72	85	69	83	65	80	60	76	55	71	50	65	45	60	41	55	38	51	36	48	35	46	35	43	36	39	38	36	41	33	43	30	46	28	48	25	49	23	49	20	48	16	46	12	45	8	44	5	44	3	45	2	47	2	50	3	54	5	59	8	65	12	70	16	74	19	77	21	79	22	81	22	82	22	82	
77:
74	36.284	86	3	85	4	83	6	80	9	76	13	71	18	66	22	60	25	53	27	45	28	37	30	30	31	24	33	19	36	15	40	12	44	10	48	9	51	9	53	10	54	12	54	15	53	19	52	24	50	29	49	35	49	42	48	50	46	58	45	65	44	71	42	76	40	80	39	83	39	85	40	86	42	86	43	85	45	83	48	80	52	76	57	71	61	65	64	60	68	55	73	51	77	47	80	44	82	41	83	39	83	38	82	38	80	38	77	37	73	35	68	33	62	31	55	30	48	30	42	31	36	33	30	35	23	38	17	42	12	47	8	53	5	60	3	66	2	71	2	76	3	80	4	83	4	85	4	86	3	86	3	
78:
78	22.289	39	81	40	82	41	84	42	87	42	89	41	90	39	90	36	89	32	87	27	85	21	82	14	78	8	73	3	67	-1	60	-4	52	-6	43	-7	35	-7	28	-6	22	-5	17	-3	12	0	8	4	5	9	3	14	2	18	2	21	3	24	5	26	8	27	12	29	15	32	17	36	18	41	18	47	17	53	15	59	12	64	10	68	8	71	7	73	7	74	8	74	10	73	13	71	16	68	19	66	23	65	28	65	33	66	38	68	42	70	46	73	49	75	52	77	56	78	60	78	65	77	69	75	73	72	76	68	78	63	79	59	79	55	78	52	76	50	74	49	71	49	69	48	68	46	68	43	69	41	70	40	72	40	75	40	78	39	80	39	81	39	81	
79:
73	87.696	16	40	17	41	18	43	20	46	23	50	25	53	26	57	26	60	25	62	23	63	20	63	17	62	13	61	9	60	6	60	4	61	3	63	3	66	4	70	6	75	9	79	12	84	16	88	21	91	27	93	34	94	41	94	47	93	52	91	57	88	61	84	64	79	66	75	67	72	68	70	70	68	73	67	76	67	80	66	84	64	87	62	89	61	90	59	90	58	89	57	87	55	84	52	80	48	75	43	70	37	66	30	63	23	61	17	60	11	60	6	60	2	59	-1	57	-3	55	-4	52	-4	48	-3	43	-1	37	1	31	4	26	8	22	13	19	19	17	25	15	30	14	34	14	37	15	39	16	40	16	40	
80:
71	36.164	48	70	49	69	49	67	48	64	48	60	48	55	47	50	45	46	42	43	40	40	39	36	39	33	40	31	42	30	45	30	49	29	54	27	59	26	63	26	66	27	68	29	69	31	71	32	74	32	77	31	80	29	83	26	85	22	86	17	86	12	87	7	87	3	86	0	84	-2	81	-3	77	-3	72	-2	66	0	61	3	57	7	53	11	49	14	44	16	38	17	31	17	25	16	20	14	16	13	13	13	11	14	10	16	10	19	11	23	13	28	16	34	20	39	24	45	28	51	31	58	33	64	34	69	34	73	33	76	33	78	34	79	36	79	39	78	42	76	45	73	47	71	48	70	48	70	
81:
70	8.397	33	36	32	37	30	37	27	37	23	38	18	39	13	41	9	44	6	46	4	47	3	47	3	46	4	44	6	41	9	37	13	33	17	29	21	26	26	24	32	23	37	23	43	24	48	26	53	29	57	33	60	38	62	44	63	51	63	59	62	66	60	72	57	77	53	81	48	84	42	86	37	87	33	87	30	86	27	84	25	81	24	77	24	73	25	68	27	64	30	59	34	54	39	49	45	44	52	40	58	37	63	34	67	31	70	27	72	23	73	18	73	14	72	11	70	9	67	8	63	8	58	9	52	11	47	14	43	17	39	21	36	26	34	30	33	33	33	35	33	36	33	36	
82:
78	100.371	62	45	61	46	61	48	62	51	63	54	65	57	68	60	72	62	77	63	81	63	84	62	86	60	87	57	87	53	86	48	84	44	82	41	80	38	77	36	73	35	68	35	63	36	58	38	52	41	47	45	42	50	37	55	33	59	30	63	28	67	27	70	27	72	27	73	27	73	28	72	29	70	31	67	32	63	33	58	34	52	36	46	37	39	37	33	36	28	34	24	31	21	27	19	22	18	16	18	11	18	7	18	4	17	2	15	1	12	1	8	2	3	4	-2	7	-7	11	-11	16	-14	22	-16	29	-17	37	-17	44	-16	50	-14	55	-11	60	-7	64	-2	67	4	69	10	70	17	70	24	70	30	69	35	67	39	65	42	63	44	62	45	62	45	
83:
70	23.025	86	76	85	77	83	79	80	81	76	82	71	82	65	81	58	80	50	79	43	77	37	75	32	74	26	74	21	75	17	77	14	80	12	82	11	83	11	85	10	86	9	86	7	85	6	83	4	81	2	78	1	75	1	71	2	66	4	60	7	55	11	51	16	48	20	46	24	45	27	45	29	45	30	46	30	46	29	46	27	45	24	43	21	40	19	36	18	31	18	25	19	20	21	14	24	9	28	5	31	2	35	0	40	-1	46	-1	53	0	61	2	69	5	76	9	82	14	87	20	91	27	94	35	96	43	97	50	97	56	96	61	94	66	92	70	89	73	87	75	86	76	86	76	
84:
66	6.545	16	63	17	62	19	60	21	57	24	55	28	54	31	54	35	54	39	53	43	51	46	48	48	44	49	41	49	38	50	36	52	35	55	35	59	36	64	38	70	40	75	41	80	41	84	40	87	38	89	35	91	31	92	26	92	20	91	15	89	11	86	8	82	6	77	5	71	5	64	6	56	6	47	5	38	4	30	4	23	4	17	4	12	5	8	7	5	10	3	14	2	18	2	23	3	29	4	36	6	43	9	51	11	58	13	64	14	69	15	73	17	76	18	78	18	79	19	79	20	78	20	76	19	73	17	69	16	66	16	64	16	63	16	63	
85:
73	33.613	46	44	45	43	43	41	40	38	36	35	31	31	25	26	19	21	14	17	10	14	7	12	5	11	4	11	4	12	5	14	6	17	8	21	11	24	15	27	19	30	24	34	29	39	33	45	36	52	38	60	39	67	39	73	39	79	40	84	42	88	45	91	49	93	53	94	58	94	64	93	70	91	75	88	79	84	82	79	84	73	85	66	85	60	84	53	82	47	79	40	77	33	76	27	75	21	73	16	71	12	68	9	64	7	61	6	59	6	58	7	58	9	57	12	55	16	53	21	52	26	52	32	52	38	52	43	52	47	52	50	51	52	49	53	48	53	48	52	48	50	47	47	47	45	46	44	46	44	
86:
78	39.725	82	81	81	80	80	78	79	75	77	72	74	70	70	69	65	69	60	70	56	72	53	75	51	79	50	83	49	86	49	88	50	89	52	89	54	88	55	86	55	83	55	79	54	74	52	69	49	64	46	60	43	57	39	55	36	54	34	54	32	53	31	52	31	50	32	47	32	43	31	39	29	35	26	32	23	30	19	29	15	27	11	26	8	25	6	23	5	20	5	16	6	13	8	11	11	10	15	10	20	11	25	12	31	14	38	15	46	15	53	14	59	12	65	10	70	7	74	5	78	4	82	4	85	5	88	7	90	10	92	14	93	19	95	25	96	31	96	38	96	45	95	53	93	60	90	66	87	71	85	75	83	78	82	80	82	81	82	81	
87:
63	15.88	28	71	27	71	25	70	23	68	20	65	17	61	14	56	12	50	11	43	11	35	12	28	14	21	17	15	21	10	26	6	32	3	37	1	41	0	45	0	48	1	50	3	51	6	51	10	51	15	51	21	51	27	51	34	52	40	54	45	56	49	59	54	62	60	64	66	65	71	67	75	70	78	74	80	79	81	83	81	86	80	88	78	89	75	89	71	88	66	87	61	85	56	83	52	81	49	80	47	78	46	75	46	71	47	66	49	60	52	55	55	51	59	47	63	43	66	38	68	34	69	31	69	29	70	28	71	28	71	
88:
74	75.339	81	75	82	76	82	78	82	79	81	80	80	80	78	79	76	77	73	74	70	70	66	66	63	61	60	55	58	48	57	41	57	34	58	27	58	21	57	16	55	12	52	9	48	7	43	6	37	6	31	7	25	9	20	12	16	16	13	19	11	21	10	22	10	22	11	21	13	21	16	21	20	22	24	24	27	27	29	31	30	36	30	41	31	46	31	50	30	53	28	55	25	56	22	56	18	55	15	55	13	56	12	58	12	61	13	65	14	69	14	73	14	76	15	78	17	79	20	79	24	78	28	76	33	73	37	69	42	66	48	64	54	63	60	63	65	64	69	65	72	67	75	69	78	72	80	74	81	75	81	75	
89:
75	72.839	10	21	11	20	12	18	14	15	15	11	15	7	14	4	14	2	15	0	17	-1	20	-1	23	0	27	2	32	5	38	9	45	14	52	18	60	21	67	23	73	24	78	24	82	23	85	21	87	18	88	15	88	13	87	12	85	12	82	13	79	15	75	18	72	21	70	25	69	30	69	35	70	39	71	43	73	46	76	48	78	49	79	49	79	48	78	47	76	46	73	44	69	43	64	43	59	43	54	44	48	46	41	49	34	53	27	58	21	64	16	69	12	73	9	76	7	78	4	79	1	79	-2	78	-4	76	-6	73	-7	69	-7	65	-6	60	-4	54	-1	48	2	42	4	36	7	31	9	27	10	24	10	22	10	21	10	21	
90:
82	36.692	31	62	32	62	34	61	37	59	41	56	45	54	50	52	56	51	62	51	67	52	73	54	78	56	82	59	85	61	87	62	88	63	88	65	87	67	85	70	82	74	78	78	73	81	67	83	60	84	52	84	43	84	35	84	28	85	22	86	17	86	13	85	10	83	8	80	7	76	7	71	8	65	10	59	13	53	17	48	21	44	26	41	30	39	33	38	35	36	36	33	36	29	35	25	33	22	32	19	32	17	33	16	35	16	38	17	41	19	45	20	50	20	56	19	62	17	67	15	71	12	74	8	77	4	80	1	82	-1	83	-2	85	-2	86	-1	86	1	85	4	83	8	80	13	76	19	71	25	65	32	58	38	52	43	46	47	41	52	37	56	34	59	32	61	31	62	31	62	
91:
69	5.95	56	3	57	3	59	3	62	4	66	6	69	9	71	13	73	17	74	22	74	28	73	35	72	42	72	48	73	53	75	57	78	60	80	63	81	65	81	68	80	72	78	75	75	77	71	78	67	78	62	77	56	75	51	72	47	68	44	63	42	58	40	53	39	49	39	46	39	44	40	43	42	42	44	42	47	42	50	43	52	45	53	47	53	48	52	48	50	47	47	45	43	42	38	38	33	34	28	30	22	26	17	23	13	21	10	18	8	14	7	11	7	8	8	6	10	4	13	2	17	0	22	-1	28	-1	35	0	41	2	46	3	50	3	53	2	55	2	56	3	56	3	
92:
77	13.625	19	17	18	17	16	18	15	20	15	22	16	25	18	29	20	34	22	40	23	47	23	54	22	60	21	65	19	69	16	73	13	76	11	78	10	80	10	83	11	85	13	86	15	86	18	85	22	83	27	80	33	78	39	75	45	71	51	66	58	60	64	55	70	51	75	48	79	46	82	45	84	45	85	46	85	48	84	51	82	55	79	58	76	61	73	63	69	64	64	64	60	63	57	61	55	58	54	54	54	49	55	43	57	37	60	31	64	26	69	21	74	17	78	14	81	12	83	10	84	9	84	7	83	4	81	0	79	-3	76	-5	72	-6	67	-6	61	-5	54	-3	47	-1	40	1	34	4	29	8	25	11	22	14	20	16	19	17	19	17	
93:
65	5.329	25	62	26	61	28	60	31	58	35	55	40	52	46	50	53	48	61	47	68	46	74	45	79	45	83	44	86	42	88	39	89	35	89	30	88	24	86	19	83	15	79	11	74	8	68	6	61	5	53	5	46	5	40	6	34	8	29	11	25	13	22	16	20	19	19	23	18	26	17	30	17	34	18	39	20	43	23	46	27	50	31	54	36	58	42	62	48	66	53	69	58	72	62	75	65	77	67	79	68	81	68	84	67	86	65	87	62	87	58	87	53	87	47	86	41	84	36	81	32	77	29	72	27	68	26	65	26	63	25	62	25	62	
94:
83	95.529	1	24	2	23	4	22	7	20	11	19	16	18	20	18	23	19	25	21	26	23	28	24	31	24	33	23	35	21	38	18	42	14	47	10	52	6	58	3	63	1	67	0	70	0	72	0	73	1	73	3	72	4	70	5	67	7	64	8	61	8	59	8	58	9	58	10	59	12	61	13	64	15	67	18	69	22	71	27	72	33	72	40	71	46	69	51	66	55	62	58	58	60	55	61	53	61	52	61	52	60	53	60	55	61	58	63	61	65	64	67	68	69	71	72	73	76	74	80	74	83	73	87	71	91	68	94	64	96	59	97	53	97	46	96	38	94	30	91	22	87	15	82	9	76	4	71	0	65	-3	59	-5	52	-6	45	-6	39	-5	34	-3	30	-1	27	0	25	1	24	1	24	
95:
73	8.293	34	89	35	89	37	89	40	88	44	87	49	87	54	86	60	84	65	81	69	78	72	76	74	75	75	75	75	74	74	74	72	73	69	71	66	68	64	64	63	59	62	53	62	47	62	42	63	38	63	35	62	33	60	32	57	32	54	33	52	35	49	37	47	38	46	38	46	37	47	35	49	32	52	28	55	24	59	20	64	15	68	10	71	6	73	3	74	1	74	0	73	0	71	1	68	2	64	4	59	6	53	9	46	13	40	18	34	24	29	31	25	39	22	48	18	56	14	63	11	69	9	75	8	80	8	84	9	87	11	89	14	91	18	92	23	92	27	91	30	90	32	89	33	89	34	89	34	89	
96:
78	35.656	80	76	79	76	78	77	76	78	73	80	69	83	64	86	58	89	51	91	44	92	38	92	33	91	29	89	26	86	24	82	23	79	23	77	24	76	26	76	28	75	31	74	35	72	39	69	42	65	46	60	50	54	55	49	60	43	64	38	67	34	71	31	74	29	76	28	78	28	81	29	83	29	85	28	86	26	86	23	85	19	83	14	81	9	78	4	74	0	69	-3	63	-5	56	-6	48	-6	41	-5	35	-3	30	0	26	4	23	9	21	14	20	20	20	27	21	34	23	40	26	45	30	49	35	52	41	54	48	56	55	58	61	61	68	65	74	69	79	74	83	78	86	81	88	83	89	84	89	84	88	83	86	81	83	79	81	77	80	76	80	76	
97:
84	88.035	32	39	32	38	32	36	31	33	29	30	27	26	25	21	22	17	18	14	14	12	11	11	9	11	7	12	5	14	2	17	-1	21	-3	26	-4	32	-4	39	-3	47	-1	56	1	64	4	71	8	77	12	83	17	88	23	92	30	95	37	97	45	98	54	98	64	97	73	95	81	92	88	89	94	85	99	80	103	75	106	69	108	62	109	54	109	46	108	39	106	33	103	28	99	24	95	21	92	19	89	18	87	18	86	19	86	21	87	24	87	28	86	33	85	39	83	46	80	52	77	58	73	63	68	67	62	70	56	72	49	73	41	74	33	74	26	73	20	71	15	68	11	64	8	59	6	54	5	50	5	47	6	45	8	44	11	44	15	45	20	45	24	45	27	44	29	42	31	40	32	39	32	39	
98:
77	88.989	62	71	62	70	62	69	62	67	61	64	59	60	56	55	53	49	51	44	50	40	50	37	51	35	53	34	56	34	60	35	65	36	70	37	75	38	79	38	83	37	86	35	88	32	89	29	89	25	88	22	86	20	83	19	80	19	76	19	71	18	65	18	58	19	50	21	41	24	33	28	26	32	20	37	15	43	11	49	8	54	6	58	5	61	5	63	6	64	8	66	9	69	9	72	8	76	8	81	9	85	11	88	14	90	18	91	23	91	29	91	36	90	44	88	53	85	61	82	68	80	74	79	79	79	83	80	86	81	88	82	89	82	89	83	88	85	86	86	84	86	81	85	77	83	72	80	68	77	65	74	63	72	62	71	62	71	
99:
72	38.494	14	7	15	8	17	9	20	9	24	10	29	12	35	15	42	18	49	22	56	27	62	32	67	36	71	39	75	43	78	46	80	49	81	53	81	58	80	63	79	69	79	74	79	78	78	81	77	84	75	86	72	87	68	87	63	86	57	84	50	81	42	77	34	73	26	70	19	68	13	67	8	65	4	63	1	60	-1	56	-3	51	-4	47	-4	42	-3	38	-1	35	2	33	5	32	9	32	14	33	20	35	25	38	31	42	37	47	43	52	48	56	52	59	55	61	57	62	58	62	58	61	57	59	55	56	52	52	48	47	43	41	39	35	34	28	29	22	24	17	20	13	17	10	15	8	14	7	14	7	