0:
21	0.142	7	2	8	3	9	4	9	5	8	5	6	5	4	5	2	6	1	6	1	7	2	8	2	9	3	9	3	8	4	7	6	7	8	7	9	6	9	5	8	3	7	2	7	2	
1:
24	0.237	1	0	1	1	0	3	0	5	1	7	3	8	6	8	8	8	9	7	9	5	9	3	9	1	8	0	6	0	5	1	5	2	6	2	7	2	7	3	6	4	4	4	2	3	1	1	1	0	1	0	
2:
25	0.097	2	8	3	7	5	7	6	7	6	8	6	10	7	11	8	11	9	10	9	8	8	6	7	5	5	5	3	5	2	4	2	2	3	0	5	-1	7	-1	8	0	8	2	7	3	5	5	3	7	2	8	2	8	
3:
26	0.192	9	6	8	6	6	7	4	8	3	8	3	7	4	7	5	7	7	8	9	8	10	8	10	7	9	5	7	3	6	2	6	1	5	0	3	-1	1	-1	0	0	0	2	1	4	3	5	6	5	8	6	9	6	9	6	
4:
26	0.074	2	8	2	7	1	6	1	4	1	3	2	3	4	4	6	4	7	4	8	5	8	7	7	8	5	8	4	9	4	9	5	8	6	6	8	3	9	1	9	0	8	0	6	1	5	3	3	5	2	7	2	8	2	8	
5:
27	0.202	3	2	4	2	6	3	8	3	9	4	9	6	8	7	7	7	7	6	8	4	9	2	9	0	8	-1	6	-1	3	-1	1	0	0	1	0	3	0	6	0	8	1	9	2	9	3	8	4	6	4	4	4	3	3	2	3	2	
6:
24	0.09	4	4	4	3	4	1	4	0	5	0	7	1	8	2	9	4	9	6	9	7	8	7	7	7	6	8	5	9	3	9	2	8	1	6	1	3	1	1	2	0	3	0	3	1	3	3	4	4	4	4	
7:
28	0.276	9	8	9	7	8	7	6	8	4	9	2	9	1	8	0	6	0	4	1	3	3	3	4	4	6	5	7	5	8	4	8	2	7	0	5	-1	3	-1	1	-1	0	0	0	2	1	3	2	5	4	7	6	8	8	8	9	8	9	8	
8:
24	0.295	0	1	1	0	3	0	4	1	5	3	5	6	4	8	3	9	3	9	4	8	5	6	7	3	8	1	8	0	7	0	7	1	7	3	7	5	7	6	6	6	5	5	3	3	1	2	0	1	0	1	
9:
23	0.079	9	6	8	6	8	7	8	9	7	10	6	10	5	9	5	7	6	6	6	5	5	5	3	5	2	4	2	3	2	1	1	0	1	0	2	0	4	0	6	1	8	3	9	5	9	6	9	6	
10:
25	0.134	5	2	6	3	7	3	8	4	9	4	9	3	8	2	6	2	3	1	1	1	0	2	0	4	1	6	3	8	6	9	8	9	9	8	9	7	8	6	6	5	4	5	3	4	3	3	4	2	5	2	5	2	
11:
28	0.243	0	4	1	4	3	5	5	5	7	4	8	4	8	3	8	1	8	0	7	0	6	0	6	1	5	1	3	1	1	2	0	3	0	5	1	6	3	7	6	7	8	7	9	8	9	8	8	7	6	7	3	6	1	5	0	4	0	4	
12:
28	0.147	6	1	5	0	4	0	2	1	1	1	1	0	0	0	0	1	0	3	-1	6	-1	8	0	9	1	9	2	8	4	7	5	7	5	8	6	9	8	9	9	9	9	8	8	6	8	3	9	1	9	0	8	0	7	0	6	1	6	1	
13:
25	0.33	5	0	6	1	6	2	5	4	4	6	4	8	5	9	6	9	7	9	7	8	8	8	9	8	9	7	9	5	8	4	7	3	5	3	3	3	1	4	0	4	0	3	1	3	3	2	4	1	5	0	5	0	
14:
26	0.114	4	8	3	8	1	8	0	7	0	5	1	3	3	2	5	2	6	3	6	5	7	6	7	7	7	7	7	6	7	4	7	2	7	0	6	-1	4	-1	3	0	1	0	0	1	0	3	1	5	3	7	4	8	4	8	
15:
29	0.155	3	3	2	4	2	6	2	7	2	8	2	8	2	7	3	5	4	4	5	3	7	3	8	4	8	6	8	8	9	9	9	9	9	8	9	6	9	3	8	1	7	0	5	0	3	1	1	1	0	0	0	0	1	1	2	2	3	3	3	3	
16:
23	0.12	6	8	5	8	3	9	2	9	1	8	1	6	2	4	2	3	1	2	1	1	2	0	4	0	6	0	7	0	7	1	8	1	9	1	9	2	8	2	7	3	7	5	7	7	6	8	6	8	
17:
21	0.048	7	0	6	0	6	1	5	2	4	2	3	1	1	1	0	1	0	2	1	3	2	4	3	6	5	8	6	9	8	9	9	9	9	8	8	6	7	3	7	1	7	0	7	0	
18:
27	0.164	6	6	6	5	6	3	7	2	7	1	6	1	5	1	3	2	2	4	2	6	3	8	4	9	4	10	3	10	1	9	0	7	0	4	1	2	2	1	4	1	7	0	9	0	10	1	10	3	9	4	7	5	6	6	6	6	
19:
21	0.041	5	7	5	6	6	6	7	5	8	5	8	4	9	2	9	1	8	1	6	2	4	3	2	4	1	6	0	8	0	9	1	9	3	9	5	9	6	9	6	8	5	7	5	7	
20:
25	0.154	2	9	3	8	4	7	4	5	4	2	3	0	1	-1	0	-1	0	0	1	1	3	2	4	4	5	5	7	5	8	4	9	4	9	5	9	7	8	9	6	10	4	10	2	10	1	9	1	9	2	9	2	9	
21:
30	0.307	2	8	1	9	0	9	-2	8	-3	6	-3	3	-2	1	0	0	3	0	6	1	8	3	9	6	10	8	10	9	9	9	7	8	6	7	4	7	3	7	2	6	2	4	3	2	4	1	5	1	5	2	6	4	6	5	5	6	3	7	2	8	2	8	
22:
23	0.331	9	8	8	7	8	5	7	4	6	3	5	1	5	0	5	0	5	1	5	3	5	5	4	6	2	6	1	6	1	7	1	8	0	8	0	9	1	9	3	9	6	8	8	8	9	8	9	8	
23:
22	0.23	9	8	8	9	6	10	4	10	2	10	1	9	1	7	1	4	0	2	0	1	1	0	2	0	3	1	3	3	4	5	6	6	8	6	9	5	9	5	9	6	9	7	9	8	9	8	
24:
28	0.382	8	3	7	4	5	5	3	5	1	4	0	3	0	3	1	4	2	6	3	7	3	9	2	10	1	10	1	9	2	9	4	9	6	9	8	8	9	6	9	3	8	1	7	0	7	0	6	1	6	3	7	4	8	4	8	3	8	3	
25:
27	0.325	7	4	6	4	4	4	3	3	3	2	4	1	6	1	8	1	9	1	9	1	8	2	6	4	3	6	1	7	0	8	0	8	1	7	3	7	5	6	6	6	7	6	7	7	8	7	9	6	9	5	8	5	7	4	7	4	
26:
27	0.117	2	8	2	9	3	9	4	8	6	8	7	9	8	9	8	8	8	6	7	3	7	1	7	0	8	0	8	1	8	2	8	4	7	5	6	5	5	4	3	2	2	1	1	1	0	2	0	4	0	5	1	7	2	8	2	8	
27:
27	0.257	2	2	1	3	1	5	1	7	1	8	2	8	4	7	5	5	7	3	8	2	8	1	9	1	9	1	8	2	8	4	8	6	8	7	9	7	9	6	8	5	6	5	4	6	3	6	3	5	3	3	3	2	2	2	2	2	
28:
18	0.025	9	7	8	7	7	6	6	5	6	3	7	2	7	1	6	1	5	2	3	2	1	3	0	5	0	7	1	8	3	8	6	7	8	7	9	7	9	7	
29:
22	0.096	5	1	6	0	7	0	8	1	9	3	9	5	8	7	6	8	3	8	1	7	0	6	0	5	1	5	3	5	6	5	8	4	9	3	9	1	9	0	8	0	6	1	5	1	5	1	
30:
21	0.092	6	9	5	9	4	8	3	6	2	3	2	1	2	0	3	0	4	1	4	1	5	0	7	0	9	0	10	0	10	1	9	3	9	6	9	8	8	9	7	9	6	9	6	9	
31:
26	0.092	8	8	8	7	8	5	8	4	9	4	9	3	8	3	6	3	5	4	4	4	4	3	5	2	5	2	4	3	3	4	1	4	0	3	0	3	1	4	1	6	1	8	2	9	3	9	5	8	7	8	8	8	8	8	
32:
32	0.186	5	1	6	2	7	4	8	6	8	7	8	7	8	6	8	4	8	2	9	1	9	0	8	0	6	1	4	3	2	4	1	4	1	3	2	1	4	0	6	0	7	1	7	3	6	6	5	8	3	9	1	9	0	9	0	8	1	6	2	4	4	2	5	1	5	1	
33:
24	0.137	1	6	2	5	2	3	1	2	0	2	0	1	1	0	3	0	6	0	8	0	9	0	10	1	10	3	9	5	7	7	6	8	6	9	6	9	5	8	5	6	5	5	4	5	2	5	1	6	1	6	
34:
22	0.112	6	1	7	1	8	2	9	4	9	5	8	5	6	5	4	5	3	5	3	6	3	7	2	8	1	8	1	7	2	5	2	3	1	2	1	1	2	1	4	1	5	1	6	1	6	1	
35:
25	0.425	3	9	4	8	4	6	3	3	2	1	2	0	3	0	5	-1	6	-1	7	0	7	2	7	4	7	6	7	8	8	9	9	9	9	8	9	7	8	5	6	4	5	4	3	5	2	6	2	8	3	9	3	9	
36:
25	0.242	1	9	1	8	1	6	2	4	2	2	2	0	3	-1	5	-1	6	0	8	0	9	0	9	1	8	2	7	3	6	4	6	5	7	6	8	6	9	7	9	8	8	9	6	9	4	8	2	8	1	9	1	9	
37:
27	0.185	7	7	7	8	8	9	8	9	9	8	9	7	8	6	6	4	5	3	5	2	6	2	7	1	8	1	8	0	7	0	5	1	3	1	2	1	1	1	1	2	2	3	2	5	2	6	3	6	4	6	6	6	7	7	7	7	
38:
25	0.092	3	7	2	6	1	5	0	3	0	2	1	2	2	3	4	4	6	5	7	6	7	8	6	9	5	9	3	9	2	8	2	6	2	3	3	1	5	0	6	0	6	1	6	3	5	5	4	6	3	7	3	7	
39:
26	0.297	6	0	5	1	4	3	4	4	5	4	7	4	8	4	9	3	10	3	10	4	9	5	9	7	8	8	6	8	4	8	3	9	3	9	2	8	1	6	1	3	1	1	1	0	2	0	3	-1	5	-1	6	0	6	0	
40:
26	0.178	8	7	8	8	7	9	5	9	3	9	2	8	1	7	0	5	0	2	1	0	3	-1	6	-1	8	0	9	1	9	3	8	4	7	5	6	5	5	4	5	2	6	1	6	1	7	2	8	4	8	6	8	7	8	7	
41:
23	0.07	7	7	7	8	8	8	9	7	9	5	8	4	6	4	5	4	5	3	6	1	6	0	5	0	3	0	1	0	0	1	0	3	0	5	0	7	1	8	2	8	4	8	6	8	7	7	7	7	
42:
26	0.083	1	9	0	8	-1	6	-1	4	0	3	1	2	3	2	5	2	6	1	8	0	9	0	9	1	9	3	8	4	6	4	5	5	5	6	6	6	8	7	9	7	9	8	8	10	6	11	4	11	2	10	1	9	1	9	
43:
23	0.107	2	0	3	0	5	1	7	2	8	4	8	5	8	7	8	8	7	8	6	7	6	5	6	4	5	4	4	5	3	5	1	5	0	6	0	6	1	6	2	5	3	3	3	1	2	0	2	0	
44:
25	0.199	6	6	7	6	8	6	8	7	7	7	5	8	3	8	1	7	0	5	0	3	0	2	1	2	1	3	2	4	3	4	4	3	5	2	6	1	7	1	8	0	9	0	9	1	8	3	7	5	6	6	6	6	
45:
22	0.152	1	8	2	7	2	5	1	3	0	1	0	0	1	0	2	0	2	1	2	3	3	4	3	6	4	7	6	7	7	7	7	8	7	9	6	9	5	8	4	8	2	8	1	8	1	8	
46:
22	0.052	7	0	8	0	9	1	9	3	8	4	7	4	7	3	6	2	4	2	2	1	0	1	-1	2	-1	4	0	6	1	8	2	9	4	9	6	8	7	6	8	3	8	1	7	0	7	0	
47:
23	0.367	0	0	0	1	1	2	1	4	2	5	3	6	3	7	4	7	5	7	7	8	8	9	9	9	9	8	9	6	8	5	6	5	5	5	5	4	5	2	4	0	2	-1	1	-1	0	0	0	0	
48:
21	0.268	2	4	1	4	0	5	0	6	1	7	3	8	6	8	8	8	9	9	9	9	9	8	9	6	9	4	9	3	8	3	6	3	4	3	3	2	3	2	3	3	2	4	2	4	
49:
28	0.099	7	2	7	1	8	1	9	2	9	4	8	5	6	5	4	5	3	6	3	8	3	9	2	9	1	8	1	6	1	3	1	1	2	0	3	0	3	1	4	3	6	5	8	7	9	8	10	8	10	7	9	5	8	3	7	2	7	2	
50:
26	0.251	1	2	0	1	0	0	1	0	1	1	0	3	0	5	1	7	2	8	3	8	3	7	3	5	4	4	6	2	7	1	8	1	9	2	9	4	9	6	9	7	9	8	8	8	6	7	4	5	2	3	1	2	1	2	
51:
29	0.371	6	5	5	4	5	2	6	1	8	0	9	0	9	1	8	3	8	6	7	8	7	9	6	9	6	8	5	6	3	5	0	5	-2	4	-3	2	-3	1	-2	0	0	0	1	1	1	2	2	2	4	1	6	1	7	2	7	4	6	5	6	5	
52:
32	0.182	0	6	1	5	3	3	4	2	5	1	5	0	6	0	7	1	7	3	6	5	5	7	3	8	2	8	2	7	2	6	3	5	5	3	7	2	8	2	8	3	7	4	7	6	8	7	9	7	9	6	8	5	6	3	3	2	1	2	0	3	0	5	0	6	0	6	
53:
26	0.453	3	4	2	5	0	6	-1	7	-1	8	0	8	1	7	3	7	4	8	4	9	5	9	7	9	8	8	8	6	9	5	9	5	8	6	7	6	5	5	4	4	3	2	2	1	1	1	1	2	2	3	3	4	3	4	
54:
28	0.206	8	6	7	5	5	5	4	5	4	6	3	6	2	5	2	3	3	1	3	0	2	0	0	1	-1	3	-1	6	0	8	1	9	2	10	4	10	7	9	9	7	10	4	10	2	9	1	8	1	8	2	9	4	9	5	8	6	8	6	
55:
25	0.125	6	6	5	7	4	7	2	8	1	9	0	9	0	8	1	6	3	5	6	4	8	4	9	3	9	3	8	2	7	0	6	-1	4	-1	3	0	3	2	2	3	2	3	3	4	5	4	6	5	6	6	6	6	
56:
26	0.227	1	2	2	2	4	1	7	1	9	0	10	0	10	0	9	1	7	3	5	6	3	8	2	9	2	9	2	8	3	8	4	8	6	9	8	9	9	8	9	7	8	6	7	6	6	5	4	4	2	3	1	2	1	2	
57:
25	0.201	6	0	5	0	5	1	6	3	8	6	9	8	9	9	8	9	6	9	3	9	1	9	0	8	0	7	0	6	1	6	3	6	5	6	7	6	8	5	8	3	7	2	6	2	5	2	5	1	6	0	6	0	
58:
27	0.242	2	9	2	8	3	6	3	4	4	3	5	3	6	4	7	6	7	9	6	11	4	12	3	12	3	11	4	9	6	7	8	5	9	3	9	0	8	-2	6	-3	3	-3	1	-2	0	0	0	3	0	6	1	8	2	9	2	9	
59:
25	0.37	6	8	5	7	4	5	4	3	3	2	2	2	0	3	-1	5	-1	7	0	8	2	8	4	8	5	9	6	9	8	8	10	6	11	3	11	1	10	0	8	0	7	1	7	3	6	5	6	7	6	8	6	8	
60:
25	0.189	6	9	5	9	3	9	1	9	0	9	0	9	1	8	3	7	6	5	8	3	9	1	9	0	8	-1	6	-1	4	0	3	2	3	4	4	5	6	5	7	6	7	7	8	8	8	8	7	8	6	9	6	9	
61:
24	0.111	7	7	8	6	9	6	9	7	9	8	9	9	8	9	6	9	3	8	1	8	0	7	0	5	1	3	3	1	5	0	7	0	8	1	8	2	7	3	6	3	5	3	5	4	6	6	7	7	7	7	
62:
25	0.115	4	8	5	8	6	7	8	7	9	7	9	8	9	10	8	11	6	11	3	10	1	9	0	7	0	5	1	3	2	2	2	1	3	0	5	0	7	1	8	2	8	3	7	4	5	5	4	7	4	8	4	8	
63:
24	0.216	0	9	0	8	1	7	2	6	2	4	1	2	1	1	2	1	4	2	6	3	8	3	9	3	9	2	8	1	7	0	7	0	8	1	9	3	9	5	8	7	6	8	3	8	1	9	0	9	0	9	
64:
27	0.267	1	2	1	3	1	5	0	8	0	10	1	11	2	11	4	10	7	8	9	7	10	6	10	4	9	2	8	1	8	1	8	2	7	2	5	1	4	1	4	2	5	3	6	3	6	4	5	4	4	3	2	3	1	2	1	2	
65:
20	0.265	8	9	8	8	7	6	5	5	4	3	2	2	1	2	1	3	2	5	2	7	2	8	2	9	3	9	4	8	5	7	6	7	6	8	6	9	7	9	8	9	8	9	
66:
29	0.234	7	8	6	9	6	9	7	10	8	10	9	9	9	7	8	5	8	4	7	4	5	5	3	7	2	8	2	9	2	9	2	8	2	7	1	5	1	2	0	0	0	-1	1	-2	3	-2	6	-1	8	1	9	4	9	6	8	7	7	8	7	8	
67:
28	0.162	0	3	1	2	3	2	4	3	5	5	5	6	6	7	6	8	5	9	5	9	4	8	3	8	2	9	1	9	0	8	0	7	1	7	3	7	6	6	8	5	9	3	9	1	9	0	8	0	6	0	3	1	1	2	0	3	0	3	
68:
24	0.034	3	0	2	1	1	1	1	0	2	0	3	1	3	2	2	2	1	3	0	5	0	7	0	8	1	8	2	7	4	5	5	4	6	4	6	5	6	5	7	4	7	2	6	1	4	0	3	0	3	0	
69:
20	0.076	4	0	5	1	6	2	6	2	5	2	3	2	1	2	0	3	0	5	0	6	1	7	3	7	4	6	6	6	7	6	8	5	8	3	7	1	5	0	4	0	4	0	
70:
26	0.084	6	3	6	4	6	6	5	8	5	9	6	9	7	8	9	6	10	3	10	1	9	0	9	0	8	1	6	1	4	0	2	0	1	1	1	3	0	5	0	6	1	6	3	6	4	5	4	4	5	4	6	3	6	3	
71:
25	0.207	8	2	9	2	9	3	8	5	8	6	8	8	9	9	9	9	8	9	7	8	6	6	5	3	4	1	3	0	1	0	0	1	0	3	1	4	2	5	3	5	4	4	4	3	5	3	7	3	8	2	8	2	
72:
25	0.094	9	9	8	8	7	7	7	6	7	6	6	7	5	8	4	9	3	9	2	8	2	8	1	9	0	9	0	8	0	6	0	3	1	1	3	0	6	0	8	0	9	1	10	3	10	6	10	8	9	9	9	9	
73:
22	0.098	8	9	8	8	7	6	7	3	6	1	5	0	3	0	2	1	1	3	1	5	1	6	2	6	3	5	3	4	2	3	2	2	3	2	4	3	6	5	7	7	8	8	8	9	8	9	
74:
25	0.141	9	5	9	6	9	8	9	9	8	9	7	8	7	6	7	3	8	1	8	0	7	0	5	0	4	0	3	1	3	3	2	4	1	6	0	7	0	8	1	8	3	7	5	5	7	4	8	4	9	5	9	5	
75:
22	0.034	2	2	3	3	4	5	4	6	3	7	1	7	0	8	0	8	1	9	3	9	6	8	8	8	9	7	9	6	8	6	7	5	5	3	3	1	2	0	1	0	1	1	2	2	2	2	
76:
24	0.074	6	2	5	3	3	5	2	6	1	6	0	5	0	3	1	1	3	0	6	0	8	1	9	3	9	6	9	8	8	9	6	9	4	10	3	10	3	9	4	8	5	7	6	5	6	3	6	2	6	2	
77:
25	0.137	5	9	4	9	3	8	1	8	0	8	0	7	1	7	3	7	6	6	8	6	9	6	9	5	8	5	6	4	4	2	2	1	0	1	-1	2	-1	3	0	4	1	4	3	5	4	7	5	8	5	9	5	9	
78:
21	0.309	3	7	2	6	1	6	1	7	0	8	0	9	1	9	3	9	6	9	8	9	9	8	9	6	8	4	6	2	5	1	4	1	4	1	5	2	5	4	4	6	3	7	3	7	
79:
26	0.28	3	0	4	-1	6	-1	7	0	8	1	8	2	7	3	6	3	4	2	2	2	1	3	1	4	1	5	2	5	4	5	6	5	7	6	7	8	6	9	4	9	3	8	2	6	1	3	1	1	2	0	3	0	3	0	
80:
23	0.312	7	4	6	4	6	5	6	6	5	8	4	9	3	9	1	8	0	7	0	5	0	4	1	2	2	1	2	0	3	0	5	1	6	1	8	1	9	2	9	4	9	5	8	5	7	4	7	4	
81:
23	0.065	0	8	0	9	1	9	1	8	2	7	4	6	7	6	9	6	10	5	10	3	9	2	7	2	6	3	5	3	3	2	2	1	2	1	3	1	4	2	4	3	3	5	1	7	0	8	0	8	
82:
21	0.222	0	0	0	1	0	3	0	4	1	5	3	5	4	4	4	3	5	3	6	2	8	0	9	-1	9	-1	8	0	6	0	4	0	3	0	3	1	2	1	1	1	0	0	0	0	
83:
26	0.414	6	5	6	6	5	6	3	7	2	8	1	9	1	10	2	10	4	10	5	9	7	7	8	4	8	2	7	0	5	-1	2	-1	0	0	-1	1	-1	3	0	5	1	6	2	6	3	5	4	4	5	4	6	5	6	5	
84:
27	0.118	0	5	0	4	0	2	0	1	0	0	1	0	3	1	4	2	6	2	7	1	7	0	6	0	6	1	5	2	5	4	6	5	7	5	7	6	6	7	6	8	7	9	7	10	6	10	5	9	3	8	1	6	0	5	0	5	
85:
28	0.542	5	5	6	4	7	3	9	3	10	2	10	1	9	0	7	0	4	0	2	0	0	1	-1	2	-1	4	0	5	2	5	3	6	3	8	3	9	4	9	6	8	8	8	9	9	10	9	10	8	9	7	8	7	6	6	5	5	5	5	
86:
24	0.09	3	5	2	6	2	7	1	7	1	8	2	8	4	8	5	9	7	9	8	8	9	6	9	4	9	2	8	1	6	0	5	0	4	1	2	1	1	1	0	1	0	2	1	3	2	4	3	5	3	5	
87:
22	0.064	7	8	8	7	8	5	8	3	7	2	5	1	2	0	0	0	-1	1	-1	3	0	6	1	8	1	9	2	9	3	9	3	8	3	6	3	5	4	5	5	6	6	7	7	8	7	8	
88:
29	0.306	6	4	7	3	8	3	9	4	9	6	8	7	8	9	7	10	7	10	6	9	4	7	2	4	1	2	1	0	2	-1	4	-1	5	0	5	1	4	2	2	2	1	3	0	5	0	7	1	8	2	8	4	7	5	6	5	5	6	4	6	4	
89:
30	0.275	6	1	5	1	5	2	5	3	5	4	4	4	2	4	1	5	0	5	0	4	1	3	1	2	0	1	0	-1	1	-2	3	-2	6	-1	8	1	9	4	9	6	9	9	8	11	7	12	5	12	3	11	2	9	2	7	3	4	5	2	6	1	6	1	
90:
27	0.431	2	5	1	5	0	6	0	8	1	9	3	9	5	9	7	8	8	7	8	5	9	3	9	1	8	0	7	0	6	0	6	1	6	3	6	4	6	4	6	3	5	1	3	0	2	0	2	1	3	2	3	4	2	5	2	5	
91:
27	0.279	7	7	8	6	8	4	7	3	7	1	8	0	8	-1	7	-1	6	0	4	1	2	1	1	2	1	3	2	4	2	6	2	7	2	8	2	8	3	7	4	7	4	8	5	9	7	9	8	9	8	8	8	7	7	7	7	7	
92:
27	0.291	4	7	4	6	4	4	5	3	7	2	8	1	8	0	7	0	5	1	3	2	1	2	0	2	0	3	1	4	1	6	1	8	1	9	2	10	3	10	5	9	7	8	8	8	8	7	7	7	6	6	5	6	4	7	4	7	
93:
28	0.143	8	3	9	3	9	2	8	1	6	1	5	1	5	0	4	0	4	1	4	3	5	4	6	4	6	5	5	5	3	4	2	3	1	3	0	4	0	6	0	8	1	9	3	9	6	9	8	9	9	8	9	6	9	4	8	3	8	3	
94:
26	0.248	8	7	7	7	7	6	8	4	8	1	7	-1	5	-2	3	-2	1	-1	0	1	0	3	0	6	0	8	0	9	0	9	0	8	1	6	2	5	4	5	5	6	5	8	6	9	8	9	9	9	9	8	8	7	8	7	
95:
28	0.144	4	1	4	0	5	-1	6	-1	8	0	9	2	9	3	8	5	6	7	4	8	2	9	1	9	1	8	2	7	4	6	6	4	7	3	8	3	8	4	7	5	5	5	4	5	2	5	1	4	1	3	2	3	3	2	4	1	4	1	
96:
26	0.137	1	5	0	4	0	2	1	1	3	1	4	2	4	4	3	6	1	8	0	9	0	10	1	10	3	10	4	9	6	8	7	6	7	3	7	1	6	0	5	0	3	-1	1	-1	0	0	0	2	1	4	1	5	1	5	
97:
23	0.135	4	6	3	5	3	3	3	1	3	0	2	0	1	1	1	3	1	6	1	8	2	9	4	9	6	8	8	7	9	5	9	3	8	2	8	2	7	3	6	4	5	4	5	5	4	6	4	6	
98:
25	0.135	7	6	7	7	6	7	4	7	3	7	3	8	4	9	6	9	7	9	7	8	6	7	4	6	2	6	1	6	1	5	2	4	4	4	5	3	5	1	6	0	8	0	9	1	9	3	8	5	7	6	7	6	
99:
24	0.154	8	0	9	0	9	1	8	2	6	4	5	7	5	9	6	10	7	10	8	9	8	7	7	6	6	6	5	5	4	4	2	4	1	3	1	2	2	1	4	1	5	2	6	2	7	1	8	0	8	0	