0:
68	53.98	11	45	12	44	14	43	17	42	21	40	26	39	31	39	35	40	38	42	40	45	41	48	41	50	40	52	38	53	35	53	31	52	26	50	20	47	15	43	9	39	4	34	0	28	-3	21	-5	15	-6	10	-6	6	-5	3	-3	1	-1	0	2	0	6	1	11	3	16	5	22	8	28	12	34	17	39	22	43	26	46	29	49	31	51	32	54	32	56	31	57	30	57	28	56	26	54	23	51	21	49	18	48	15	48	12	49	9	49	6	48	4	46	3	43	3	39	4	34	6	30	9	26	13	21	18	17	24	14	30	12	35	11	39	11	42	11	44	11	45	11	45	
1:
60	22.394	18	2	18	1	17	1	15	2	14	4	13	7	11	11	10	15	10	18	10	20	11	21	13	21	14	22	14	24	13	27	12	29	12	31	13	32	15	32	18	31	21	31	23	32	26	34	28	37	30	40	33	43	35	47	37	50	40	52	42	53	44	53	46	52	48	50	49	47	49	43	49	38	50	32	51	25	51	19	52	14	52	10	53	6	53	3	53	1	53	0	52	0	51	1	49	3	46	5	43	8	40	11	38	13	35	14	33	14	31	13	28	11	24	8	21	5	19	3	18	2	18	2	
2:
52	13.504	11	12	10	12	8	11	7	11	6	12	6	14	7	16	9	18	12	19	16	19	21	18	27	16	33	14	39	13	44	13	48	13	52	13	55	14	57	16	58	19	58	22	57	25	55	29	52	33	49	36	46	38	44	40	43	43	43	46	43	50	42	53	40	55	37	56	34	57	32	57	31	56	31	54	32	51	34	47	35	42	35	36	35	31	35	27	34	24	32	22	29	21	25	20	21	18	17	15	14	13	12	12	11	12	11	12	
3:
72	8.004	31	53	30	53	28	53	25	53	21	54	17	54	13	53	10	51	8	48	7	45	7	41	8	38	10	36	13	35	17	35	20	34	22	32	23	31	24	31	26	32	27	34	29	35	31	35	32	34	32	32	33	29	34	26	36	24	37	22	37	19	36	15	34	11	31	8	27	5	23	3	18	1	13	0	8	0	3	1	-2	3	-6	6	-9	10	-11	15	-12	21	-12	28	-11	34	-9	41	-6	47	-2	53	3	58	9	63	16	67	24	70	32	72	39	73	45	73	50	72	54	70	57	68	59	65	60	61	60	56	59	52	57	49	54	47	50	46	46	46	41	47	37	49	34	51	32	52	31	53	31	53	
4:
73	47.62	0	42	1	41	3	40	6	38	10	36	15	34	20	32	24	30	27	27	29	23	30	18	30	14	29	11	28	9	28	8	28	8	28	9	27	10	25	12	22	13	19	13	15	12	11	11	7	10	4	9	2	9	1	10	1	12	2	15	4	17	6	20	9	22	13	23	18	23	24	23	31	24	37	24	42	25	46	25	49	25	51	25	52	26	52	27	51	28	49	29	47	31	46	34	46	37	47	41	49	45	52	48	54	50	56	51	57	51	57	50	56	48	54	47	51	46	47	46	42	47	36	49	31	52	27	55	24	57	22	58	20	58	17	57	14	55	10	52	6	48	3	45	1	43	0	42	0	42	
5:
58	17.341	22	44	21	45	20	47	18	48	15	48	13	47	12	45	11	42	11	38	11	33	11	27	11	21	12	15	13	10	13	6	14	3	16	1	18	0	21	0	25	1	30	2	35	2	39	1	42	0	45	0	47	1	48	3	49	6	50	10	50	15	50	21	51	28	52	35	52	41	51	46	49	50	46	53	42	55	37	56	31	56	24	56	18	57	13	57	9	56	6	54	4	51	3	47	3	43	4	40	6	38	9	37	13	37	16	37	19	38	21	40	22	42	22	43	22	44	22	44	
6:
64	44.037	31	11	32	12	32	14	33	17	33	20	32	22	30	23	28	23	26	22	24	20	22	17	21	13	21	9	21	5	20	2	18	0	15	-1	11	-1	6	0	2	2	-1	5	-3	9	-5	14	-6	20	-6	26	-6	31	-5	35	-3	39	0	42	4	44	9	45	15	45	21	44	28	44	34	45	39	47	43	50	47	53	50	55	52	56	54	56	55	55	55	53	54	50	52	46	49	41	47	35	46	29	46	23	47	18	49	14	52	11	54	7	55	4	55	2	54	0	52	-1	49	-1	45	0	41	2	37	5	34	8	32	10	31	11	31	11	
7:
64	9.805	24	50	23	51	21	53	18	54	15	54	13	54	11	53	10	51	10	48	11	45	13	41	15	36	18	32	22	29	27	27	33	26	39	26	44	27	48	29	51	32	53	34	54	35	55	35	55	34	54	32	52	29	49	25	45	21	40	16	34	12	27	8	21	5	16	3	11	1	7	0	4	0	2	1	1	3	1	4	2	4	4	5	7	7	10	10	12	14	15	17	17	21	18	26	18	30	18	34	18	37	19	39	21	40	24	40	28	39	31	37	33	36	34	36	34	37	33	39	31	41	29	44	27	47	25	49	24	50	24	50	
8:
61	4.581	15	27	14	28	12	28	9	28	7	27	6	25	4	22	3	18	3	13	3	9	3	6	2	4	2	3	3	2	5	2	8	3	11	3	15	2	18	1	20	0	21	0	21	1	20	3	20	5	21	8	23	12	26	17	30	23	35	28	39	32	42	35	44	38	45	40	45	41	44	41	42	41	39	41	37	42	36	44	36	47	36	50	37	54	37	59	36	63	34	66	32	68	29	69	25	69	20	68	16	66	13	63	11	60	10	56	10	51	11	47	11	42	12	37	14	33	15	30	15	28	15	27	15	27	
9:
61	9.71	28	1	27	0	25	-2	22	-3	18	-3	14	-2	11	0	9	2	8	5	7	9	7	14	7	20	6	27	5	33	5	38	5	43	5	47	6	50	8	52	11	53	15	53	19	52	22	50	24	49	25	49	25	50	25	51	26	53	28	54	31	54	35	54	39	53	43	52	46	52	48	51	49	49	49	46	48	42	46	38	43	35	40	33	37	31	34	30	32	30	31	31	31	31	32	30	34	28	36	26	39	25	41	25	43	25	44	24	44	22	43	19	41	15	38	11	34	7	31	4	29	2	28	1	28	1	
10:
57	3.879	25	31	26	32	28	34	31	35	35	35	40	34	45	32	49	29	52	26	54	23	55	19	55	15	54	12	52	9	49	7	45	6	40	6	34	6	28	7	22	7	17	8	12	9	8	11	5	13	3	16	2	20	2	25	3	30	3	36	2	41	2	45	2	48	2	50	2	51	3	51	3	50	4	49	6	49	9	50	13	52	17	55	21	58	26	60	31	61	35	61	38	60	40	58	41	56	41	53	40	50	38	46	35	43	32	39	29	36	27	34	26	32	25	31	25	31	
11:
59	37.173	32	47	33	48	35	49	37	51	40	52	42	52	43	51	43	49	42	47	42	44	43	40	45	35	48	29	52	23	55	18	57	14	59	11	60	9	60	8	59	8	57	9	54	11	50	14	45	17	40	20	36	24	32	27	29	30	25	32	20	33	15	33	10	32	6	30	3	27	1	24	0	21	0	18	1	16	3	15	6	15	10	16	14	16	17	15	19	15	20	16	20	17	19	19	19	22	20	24	22	25	25	26	29	28	32	31	34	35	35	39	35	42	34	44	33	46	32	47	32	47	
12:
66	18.023	24	32	24	33	23	35	21	36	19	36	16	35	13	33	11	32	10	30	10	27	11	23	13	20	16	17	18	13	19	10	19	6	18	3	16	1	13	0	9	0	6	1	4	3	3	6	1	10	0	15	0	21	1	27	1	32	2	37	4	41	7	44	11	46	16	47	22	47	29	46	35	46	40	47	44	47	48	48	51	49	53	49	54	48	54	46	54	43	54	39	53	35	51	31	48	27	46	23	45	18	45	13	45	9	45	6	45	4	44	3	42	3	39	4	35	6	31	9	28	13	25	17	23	22	22	26	22	29	23	31	24	32	24	32	
13:
52	3.252	29	30	30	31	32	33	33	36	34	39	34	42	33	45	33	47	34	48	35	48	37	48	40	49	44	49	48	48	51	46	53	43	54	39	56	35	58	31	59	28	59	25	58	22	56	18	53	15	50	13	46	12	41	11	37	9	33	7	29	5	24	4	18	3	13	3	9	4	6	6	3	9	1	13	-1	17	-2	21	-2	24	-1	26	-1	27	0	27	2	26	5	24	9	23	14	23	19	24	23	25	26	27	28	29	29	30	29	30	
14:
53	4.026	7	47	6	46	4	46	3	45	2	43	2	40	3	36	5	33	8	31	12	29	15	26	17	24	18	21	18	17	17	14	15	12	13	11	10	9	6	6	3	3	1	1	0	0	-2	0	-3	1	-3	3	-2	6	0	10	3	15	7	20	12	24	18	27	23	31	27	34	30	38	32	42	33	45	33	49	32	52	30	54	27	55	25	56	23	57	20	57	18	56	17	54	17	51	17	48	16	46	15	45	13	45	10	45	8	46	7	47	7	47	
15:
56	21.28	50	51	50	52	49	52	47	51	45	49	43	46	42	42	42	37	43	31	45	26	47	22	50	19	53	16	55	13	56	9	56	5	55	2	53	-1	50	-3	46	-4	41	-4	36	-3	32	-1	29	2	27	6	26	11	26	16	25	20	23	23	20	25	17	26	14	26	10	26	7	27	5	29	3	32	2	36	2	41	3	45	5	48	7	50	10	51	14	51	19	51	25	52	32	54	38	55	43	55	47	54	50	54	52	55	53	55	53	54	52	52	51	51	50	51	50	51	
16:
59	9.167	10	1	11	2	12	4	14	6	17	9	21	12	24	15	27	19	29	23	30	28	30	34	29	40	27	45	24	49	21	52	19	54	17	55	16	55	16	54	16	52	17	49	19	45	22	42	26	40	31	39	36	38	40	38	43	38	45	37	47	36	48	34	48	31	47	28	45	25	43	23	42	22	42	22	43	23	45	24	48	25	52	25	55	24	57	22	58	19	58	15	58	10	57	5	55	0	52	-4	48	-7	43	-9	37	-10	31	-10	25	-9	20	-7	16	-4	13	-2	11	0	10	1	10	1	
17:
66	20.85	53	42	54	41	55	39	56	36	58	32	59	29	59	25	58	20	56	14	53	9	49	5	44	2	38	0	31	-1	24	-1	18	0	13	2	9	5	6	9	3	14	0	20	-2	26	-3	32	-3	37	-3	42	-3	46	-2	49	-2	51	-1	52	0	52	2	51	5	49	7	46	10	42	14	37	19	32	23	26	26	20	28	15	29	11	31	7	32	4	34	2	37	1	40	1	42	2	43	4	43	6	42	9	41	13	41	18	40	24	39	31	39	37	40	42	41	46	41	49	42	51	44	52	46	52	49	51	51	49	52	47	52	45	52	43	53	42	53	42	
18:
63	25.461	15	35	15	34	16	32	18	29	21	26	25	24	30	23	34	22	39	22	43	23	46	25	49	28	51	32	52	35	52	39	51	42	50	44	48	45	45	45	43	46	42	48	42	51	41	54	40	56	40	58	41	59	43	59	44	58	46	56	49	55	53	55	56	56	58	56	59	55	59	53	58	50	56	46	53	41	51	35	50	28	50	20	51	13	52	7	53	1	53	-4	52	-8	50	-11	47	-13	43	-14	38	-14	32	-13	26	-11	21	-8	17	-4	14	1	12	7	10	14	9	20	9	25	10	29	12	32	14	34	15	35	15	35	
19:
56	24.996	36	8	35	7	33	6	30	6	26	6	21	5	16	3	12	2	9	2	7	2	6	2	6	3	7	3	9	2	12	2	16	3	21	4	25	6	30	7	35	8	40	9	44	9	47	8	49	6	50	5	51	5	51	6	50	8	50	11	50	15	49	20	47	25	44	31	41	37	38	42	36	46	33	50	30	53	28	55	27	56	25	56	24	55	24	53	25	50	27	46	30	43	33	41	36	38	38	34	39	29	39	23	38	18	36	14	35	11	35	9	36	8	36	8	
20:
62	5.419	9	13	10	14	12	16	15	18	19	20	24	22	30	25	36	29	41	34	45	38	49	41	52	44	54	46	55	49	55	51	54	52	52	52	49	53	45	55	41	56	36	57	30	57	23	57	17	57	12	56	8	55	5	53	3	50	2	46	2	41	2	35	1	28	1	21	0	15	0	10	-1	6	-1	3	0	1	2	0	4	0	6	1	9	3	13	5	18	7	22	8	27	8	31	8	34	9	36	10	37	12	37	15	36	18	34	21	32	23	29	24	25	24	21	23	18	21	15	18	12	16	10	14	9	13	9	13	
21:
59	11.128	23	50	22	49	21	47	21	44	22	40	24	35	25	30	25	26	24	23	22	20	19	18	15	15	12	11	9	7	6	4	4	2	3	1	3	1	4	2	6	3	9	5	12	6	16	6	21	5	26	4	31	4	35	5	38	7	40	10	41	14	41	18	40	23	38	29	36	34	33	38	31	43	28	48	25	52	23	55	20	57	16	58	12	58	9	57	6	55	3	52	0	48	-2	44	-3	40	-3	37	-2	35	0	34	3	34	7	35	11	37	14	40	17	44	20	47	22	49	23	50	23	50	
22:
58	3.344	31	41	30	42	28	43	25	44	21	44	18	43	16	42	14	42	13	43	13	45	14	47	15	50	16	53	18	56	19	58	19	59	18	59	16	58	13	57	10	55	7	52	5	48	4	43	4	39	5	36	7	34	10	32	14	31	19	31	24	32	28	34	31	36	35	38	39	39	43	41	46	42	48	42	50	41	51	39	52	36	53	32	54	27	56	23	57	19	57	16	56	14	54	13	51	13	47	14	43	16	40	19	38	23	36	27	33	31	31	35	30	38	30	40	31	41	31	41	
23:
56	14.06	52	53	51	54	50	54	48	53	45	51	41	48	37	46	32	45	26	45	19	44	13	42	8	39	4	35	1	30	-1	24	-2	19	-2	15	-1	12	1	10	3	9	6	9	10	10	15	12	20	14	26	16	32	18	37	19	41	19	45	18	49	16	52	15	54	15	55	15	55	16	54	18	53	21	53	25	54	30	56	36	57	41	57	45	56	48	55	50	53	51	50	51	46	51	43	52	41	54	40	56	40	58	41	59	43	59	46	58	49	56	51	54	52	53	52	53	
24:
63	6.099	24	42	25	41	27	39	29	36	31	33	34	30	38	28	43	26	48	24	52	21	55	17	57	12	58	8	58	5	57	3	55	1	52	0	50	0	49	0	49	1	48	3	46	5	43	6	39	7	35	7	30	6	24	4	18	3	13	3	9	4	6	6	3	9	1	13	0	17	0	21	0	24	1	26	3	27	6	27	10	26	15	24	21	23	27	22	32	22	36	23	41	25	46	28	50	32	53	37	55	43	56	48	56	52	55	55	53	57	50	58	46	58	41	57	36	55	32	52	29	48	27	45	25	43	24	42	24	42	
25:
62	3.347	59	20	58	19	58	17	58	14	58	10	57	7	55	4	52	2	48	1	43	1	38	2	32	4	26	6	21	9	16	12	12	15	8	17	5	18	3	19	2	19	2	18	3	16	5	13	8	10	12	6	15	3	17	1	18	0	19	0	19	1	20	3	22	6	24	10	27	15	29	21	31	26	34	31	36	35	37	38	37	40	36	42	34	44	32	46	31	48	31	51	32	53	34	54	37	54	40	54	44	54	47	53	49	51	50	48	50	44	49	39	49	35	50	30	51	26	53	23	56	21	58	20	59	20	59	20	
26:
60	4.736	20	19	19	18	17	16	15	15	12	15	9	16	7	18	6	21	6	24	7	28	9	33	12	37	15	40	17	42	18	43	18	44	17	46	15	47	12	48	10	50	9	52	9	53	10	53	12	52	15	51	19	51	24	51	30	52	35	54	39	55	42	55	45	54	48	52	51	49	54	45	56	40	57	34	57	27	57	20	58	14	58	9	57	5	56	2	54	0	51	-1	47	-1	42	0	38	2	35	4	33	6	32	9	32	13	32	17	32	20	31	22	29	23	26	23	23	22	21	20	20	19	20	19	
27:
59	2.591	52	15	51	14	49	13	47	12	44	12	40	13	37	14	35	16	32	17	29	17	25	16	22	14	20	12	19	11	19	11	20	12	22	14	25	17	27	20	28	23	28	27	27	32	25	37	22	41	18	44	15	47	13	51	12	54	12	57	13	59	15	60	18	60	22	59	27	57	33	54	38	52	43	49	47	45	50	40	53	34	55	27	56	21	56	15	55	10	53	6	50	3	46	1	42	0	39	0	37	1	36	3	36	6	37	8	39	9	42	9	46	10	49	12	51	14	52	15	52	15	
28:
60	3.911	50	6	51	7	53	7	55	8	56	10	56	13	55	17	53	22	50	28	48	34	46	40	43	45	39	49	34	52	29	54	24	55	20	55	17	54	15	52	14	49	13	45	13	40	14	34	14	28	14	23	14	19	13	16	11	14	8	13	4	13	1	14	-1	16	-2	19	-2	23	-1	27	0	31	2	34	5	36	9	38	14	39	19	39	23	38	26	38	28	38	29	37	30	35	30	33	29	31	28	28	28	24	29	19	30	14	32	10	34	7	37	5	40	4	44	4	47	4	49	5	50	6	50	6	
29:
63	12.692	43	25	42	25	40	25	37	26	33	27	28	29	24	32	20	36	16	40	13	44	11	47	10	49	8	50	5	50	3	49	2	47	2	44	1	40	1	35	1	29	1	22	2	16	3	11	4	7	6	4	9	2	13	1	17	1	20	2	22	3	24	5	25	7	25	8	24	8	22	9	19	11	17	14	16	18	16	23	17	29	19	36	21	42	24	47	28	51	32	54	36	56	39	57	42	57	44	56	45	54	46	51	47	48	49	46	52	45	54	45	55	44	55	42	54	39	52	35	49	31	46	28	44	26	43	25	43	25	
30:
57	5.921	12	14	13	13	14	12	16	10	18	7	21	4	24	2	28	1	33	1	38	1	43	2	47	4	50	6	52	8	53	11	53	14	52	16	50	17	47	19	43	20	40	20	37	19	35	17	34	14	34	11	35	9	35	8	34	8	32	9	29	11	25	14	22	17	19	21	17	25	16	30	14	34	11	37	8	39	6	40	4	40	2	39	1	37	1	34	0	30	0	26	1	21	2	16	3	12	4	9	6	7	9	6	11	6	12	7	13	9	13	11	13	13	12	14	12	14	
31:
45	1.072	19	33	20	34	21	36	21	39	21	43	21	47	22	50	24	52	27	53	29	53	31	52	34	50	38	47	42	44	46	41	49	38	51	35	52	33	52	32	51	30	51	27	52	23	54	18	56	14	57	11	57	9	56	8	54	7	51	7	47	8	42	10	36	13	31	15	27	16	24	16	22	15	20	15	18	16	17	18	17	20	16	23	16	27	17	30	18	32	19	33	19	33	
32:
65	13.641	16	17	16	16	17	14	17	11	16	8	14	6	11	5	7	3	4	2	2	2	0	3	-1	5	-1	8	0	12	2	17	3	22	3	28	2	33	1	37	0	40	0	42	1	43	3	43	6	42	9	41	13	41	18	41	24	40	31	38	37	35	42	31	46	26	49	22	53	19	56	16	58	14	59	13	59	13	59	14	58	16	56	19	55	23	55	28	55	34	54	40	52	46	49	51	46	55	43	58	39	60	34	61	30	61	26	60	23	58	21	56	20	53	20	49	20	44	21	38	22	32	22	27	21	23	19	20	17	18	16	17	16	17	
33:
64	5.713	9	25	8	24	6	24	5	23	5	21	6	18	8	16	11	15	15	15	20	16	26	18	32	20	38	22	43	25	47	28	50	31	52	35	53	40	53	45	53	49	52	52	50	54	47	56	43	57	38	57	33	56	27	54	22	52	18	51	15	51	13	52	12	54	10	55	7	55	5	54	3	52	2	49	2	45	3	42	5	40	8	37	12	33	17	28	23	23	30	19	36	16	41	14	45	13	48	12	50	10	51	8	51	6	50	4	48	3	45	3	41	4	36	6	30	8	24	11	19	15	15	19	12	22	10	24	9	25	9	25	
34:
61	10.648	54	39	53	39	51	40	48	42	45	45	41	48	37	51	33	53	30	54	27	54	25	53	24	51	23	48	23	44	24	39	25	33	27	26	28	20	30	15	33	10	36	6	38	3	39	1	39	0	38	-1	36	-1	33	0	30	2	26	3	21	4	16	4	11	4	7	5	4	7	2	10	1	13	1	17	1	21	1	26	0	32	0	38	1	44	3	50	6	55	10	59	15	62	21	64	28	66	34	67	39	67	45	66	50	64	54	61	57	58	59	54	60	50	60	46	59	43	57	41	55	40	54	39	54	39	
35:
73	42.043	35	59	34	58	33	57	33	55	34	52	36	48	39	44	42	40	46	36	49	31	51	25	52	18	52	12	51	7	49	3	46	-1	42	-4	37	-6	31	-7	25	-7	20	-7	16	-6	13	-4	11	-2	10	1	10	5	11	8	13	10	16	12	19	14	21	15	22	15	22	16	23	18	25	21	28	23	32	24	37	25	43	27	48	30	52	34	55	39	57	45	58	50	58	54	58	57	57	59	55	60	52	60	48	59	45	57	41	54	36	51	30	49	23	48	17	47	12	45	8	44	5	42	3	41	2	41	2	42	3	44	5	47	8	50	12	53	17	56	22	58	26	60	29	61	32	61	34	60	35	59	35	59	
36:
61	20.639	48	17	49	16	51	14	53	13	55	12	56	12	56	13	55	15	53	18	50	22	48	27	47	31	46	34	44	36	42	37	40	37	38	36	36	34	33	31	30	27	28	23	26	19	23	16	19	14	14	13	10	13	7	14	5	16	4	19	4	23	4	28	5	33	7	39	10	44	14	48	19	51	23	53	26	54	28	55	29	55	29	54	28	52	26	49	23	45	21	41	19	36	18	30	18	24	17	19	17	15	18	12	20	10	23	9	27	9	31	10	35	12	39	15	42	17	45	18	47	18	48	17	48	17	
37:
56	6.115	41	42	40	43	38	43	35	42	31	40	26	37	20	34	15	31	10	27	6	22	3	18	1	15	0	13	0	12	1	12	3	13	6	14	9	16	13	17	18	17	24	17	30	18	35	20	41	21	46	21	50	20	53	18	55	16	57	14	58	13	58	13	57	14	56	16	54	19	53	23	53	28	54	33	55	39	55	45	54	50	52	54	49	57	46	59	43	60	40	60	36	59	33	59	31	59	30	58	30	57	31	55	33	52	36	48	38	45	40	43	41	42	41	42	
38:
66	21.923	14	49	15	48	17	46	20	45	24	45	28	45	33	46	38	48	43	49	48	50	52	51	55	53	57	54	58	54	58	53	57	51	55	49	52	47	48	44	44	40	41	36	38	32	36	28	35	25	35	21	35	18	36	16	38	15	41	15	44	16	46	18	48	21	50	23	52	24	53	24	53	23	52	21	51	18	49	14	46	9	42	5	37	2	33	-1	29	-3	24	-4	18	-4	13	-3	9	-1	6	2	4	5	3	9	3	14	4	20	6	27	7	34	7	40	6	45	4	49	3	52	3	54	4	55	6	55	9	54	11	52	13	50	14	49	14	49	
39:
62	12.567	35	34	36	35	37	37	38	40	39	44	39	49	38	53	37	56	37	58	38	59	40	59	43	58	46	56	49	53	52	50	54	46	55	41	55	37	54	34	52	32	50	30	49	29	49	27	50	25	52	23	54	20	55	16	55	13	54	10	52	8	50	7	47	7	43	8	38	10	34	13	31	16	27	20	24	25	22	30	19	34	17	37	14	39	12	40	10	41	8	41	7	40	6	38	6	35	6	31	7	27	9	24	12	21	16	19	19	18	22	18	25	19	27	21	30	24	32	28	34	31	35	33	35	34	35	34	
40:
62	14.056	57	24	57	23	58	21	59	18	59	16	58	15	57	15	56	16	55	18	53	19	50	19	47	18	44	16	41	13	39	9	38	6	37	3	37	1	36	0	36	0	35	1	33	3	31	6	28	10	24	14	20	18	16	22	13	25	11	27	10	28	10	28	11	28	13	29	14	31	14	34	13	37	13	40	13	43	13	45	14	46	16	46	19	45	22	43	25	42	29	42	32	42	34	43	35	45	35	48	35	50	34	51	33	51	33	50	34	48	36	46	39	43	43	39	47	34	51	30	54	27	56	25	57	24	57	24	
41:
62	5.955	0	36	1	37	3	39	5	41	7	43	10	44	12	44	15	43	18	41	21	40	23	40	26	41	29	43	33	44	38	44	42	43	46	41	49	40	53	40	56	41	58	42	59	43	59	43	58	44	56	46	53	48	49	50	45	52	41	54	37	55	34	55	32	54	31	52	29	51	26	51	24	51	23	51	23	51	24	50	25	48	27	46	30	43	33	39	36	34	38	29	39	24	39	19	38	15	36	12	33	10	29	9	24	9	19	10	15	12	12	15	10	19	9	24	8	28	6	31	3	33	1	35	0	36	0	36	
42:
60	3.303	23	37	22	36	22	34	23	31	25	27	26	22	26	18	25	15	23	12	21	10	20	9	20	9	21	10	22	12	22	15	22	19	21	23	20	27	18	32	15	37	12	42	10	46	9	50	9	53	10	55	12	57	15	58	19	58	24	57	30	55	35	52	41	48	46	43	50	37	53	31	55	26	56	22	57	18	58	15	58	13	57	12	55	12	52	13	48	15	44	18	39	21	33	23	27	24	22	24	18	23	15	23	13	24	12	26	12	29	13	32	15	35	18	37	20	38	22	38	23	37	23	37	
43:
67	23.248	52	10	53	9	54	7	55	5	55	4	54	4	52	5	49	7	45	10	40	14	34	19	27	25	21	31	16	36	12	40	9	43	7	45	6	46	6	46	7	45	9	43	11	40	13	36	14	31	14	26	14	22	13	19	11	17	9	16	8	16	8	16	9	17	11	18	14	18	17	17	21	15	24	12	26	9	29	7	31	6	33	6	34	7	34	9	35	12	37	16	39	21	40	27	42	32	43	37	44	41	45	44	45	46	46	48	48	49	49	49	51	48	54	46	56	43	57	40	57	36	56	31	56	25	56	20	56	16	55	13	53	11	52	10	52	10	
44:
50	3.252	50	36	49	37	48	39	46	42	43	45	41	47	38	48	34	48	30	48	27	47	25	46	22	46	20	45	19	43	19	41	19	38	20	34	22	29	25	24	28	20	30	16	32	11	33	7	33	4	33	2	32	1	30	1	27	1	23	1	18	2	14	2	11	2	9	3	8	4	7	5	7	7	8	10	10	14	13	19	15	25	18	30	22	34	27	37	31	39	36	40	40	40	44	40	47	39	49	37	50	36	50	36	
45:
61	3.418	41	2	42	3	43	5	44	8	44	12	43	16	41	19	38	23	34	28	31	32	28	35	26	37	24	38	22	38	20	37	18	35	17	32	17	28	18	23	19	17	19	12	19	8	20	5	21	3	21	2	20	2	20	3	21	4	22	6	23	9	24	13	26	18	29	24	33	31	36	37	38	43	39	48	39	52	38	55	36	58	33	60	30	61	26	61	21	60	16	58	12	55	9	51	7	47	6	42	6	38	7	35	9	33	12	30	16	26	21	22	26	17	31	12	35	8	38	5	40	3	41	2	41	2	
46:
52	0.819	59	12	59	13	58	15	56	16	53	16	51	15	49	13	47	10	45	7	42	4	38	0	33	-3	28	-5	23	-6	17	-6	12	-5	8	-3	5	0	3	4	2	9	2	15	3	22	5	30	8	37	12	43	17	48	22	52	26	55	31	57	36	58	40	58	43	57	45	55	47	52	48	50	48	49	47	48	46	48	44	47	43	46	43	44	44	41	46	39	49	36	51	33	54	29	57	25	59	21	60	18	60	15	59	13	59	12	59	12	
47:
62	13.874	22	49	23	50	25	52	28	54	31	57	35	59	40	60	44	60	47	59	49	57	50	54	50	50	49	46	47	43	44	41	40	39	35	38	29	38	22	39	16	41	11	42	7	42	4	42	2	43	1	45	1	48	2	51	4	53	5	54	5	54	5	53	5	51	4	48	2	45	1	41	1	36	1	30	2	24	4	19	7	15	11	12	16	10	20	8	23	6	26	4	29	2	32	1	35	1	37	2	39	4	40	7	40	11	39	16	37	20	34	25	31	30	27	34	24	39	22	43	21	46	21	48	22	49	22	49	
48:
58	32.251	54	14	54	13	54	11	53	8	51	5	49	3	47	2	44	2	40	3	36	5	31	7	25	9	20	11	16	12	12	12	8	11	5	11	3	12	2	13	2	15	2	17	3	20	4	23	4	27	3	30	1	33	0	35	0	36	1	36	3	35	6	33	10	32	15	32	21	32	26	33	30	35	33	38	35	41	37	45	38	49	39	53	40	56	41	58	43	59	45	59	47	58	49	56	50	53	50	49	49	44	48	39	48	33	48	28	48	24	49	20	51	17	53	15	54	14	54	14	
49:
55	14.132	9	31	9	30	9	28	8	25	6	22	4	18	3	14	3	10	4	7	6	5	8	4	11	3	15	3	20	4	25	5	30	5	36	6	42	8	47	11	51	15	54	20	56	26	57	31	57	36	56	41	54	45	51	48	49	50	48	51	47	51	47	50	48	48	48	45	47	41	45	36	43	30	40	25	36	20	31	15	26	11	21	8	17	6	14	5	12	5	11	6	11	8	12	11	14	15	15	20	15	24	15	27	14	29	12	30	10	31	9	31	9	31	
50:
59	5.215	15	12	14	11	12	11	9	12	7	12	5	11	4	10	4	9	5	7	7	6	10	6	13	6	17	5	20	4	22	4	23	5	23	7	22	10	20	14	18	18	17	23	16	28	14	34	11	40	9	46	7	51	6	55	6	58	7	60	9	61	12	61	16	61	21	60	27	58	33	55	38	52	43	49	47	45	50	42	52	39	53	35	53	32	52	29	50	27	47	26	43	26	39	27	36	29	34	31	33	32	32	32	31	31	29	29	26	26	22	22	19	18	17	15	16	13	15	12	15	12	
51:
65	36.452	2	38	3	39	5	41	6	42	8	42	11	41	15	39	18	36	20	33	21	31	21	29	20	28	18	26	17	23	16	21	15	20	15	20	14	21	14	23	13	25	11	26	8	26	6	25	5	23	5	21	6	18	8	15	11	13	15	12	20	11	26	10	31	10	37	11	42	12	46	14	49	17	51	21	52	26	52	31	51	35	49	38	48	40	48	41	49	41	51	40	54	40	57	41	59	43	60	46	60	50	59	53	57	56	54	58	50	59	45	59	39	58	32	57	25	55	19	52	14	49	10	45	7	42	5	40	3	39	2	38	2	38	
52:
67	6.625	11	13	11	12	10	10	8	8	6	6	5	5	4	5	2	6	1	8	1	11	2	15	2	20	2	26	1	31	-1	36	-3	40	-4	44	-4	47	-3	49	-1	50	2	50	6	50	9	51	12	52	16	52	20	51	24	49	27	46	29	44	30	41	30	37	29	32	29	26	28	20	28	15	29	11	31	8	34	6	38	5	42	5	46	6	49	8	51	11	52	15	54	20	55	26	55	32	54	38	53	43	53	47	54	50	56	52	57	53	57	54	56	54	54	53	51	51	47	48	42	44	36	39	30	33	25	28	21	23	17	19	14	16	12	14	11	13	11	13	
53:
61	12.258	27	57	28	57	30	56	32	55	35	53	38	50	41	48	45	46	48	45	50	45	51	44	51	42	50	39	48	35	45	31	41	28	37	26	32	25	28	25	25	25	23	26	21	28	18	31	15	34	11	36	7	37	2	37	-2	36	-6	34	-9	31	-11	27	-12	22	-12	17	-11	13	-9	10	-6	8	-2	7	2	7	7	8	13	8	20	7	26	5	31	2	37	0	42	-1	46	-1	49	0	51	2	52	5	52	9	51	14	49	20	47	26	44	31	40	37	37	42	33	47	30	51	28	54	27	56	27	57	27	57	
54:
51	1.557	33	59	32	58	30	57	27	56	25	54	24	51	23	47	23	42	23	38	24	35	26	33	29	32	32	32	36	33	39	35	41	36	42	36	42	35	41	33	39	30	36	26	32	22	27	18	21	14	16	11	12	9	9	8	7	6	6	4	6	3	7	3	7	4	6	6	5	9	5	12	5	16	6	21	8	27	11	33	14	38	18	42	23	45	27	47	31	49	34	51	36	53	37	56	37	58	36	59	34	59	33	59	33	59	
55:
68	17.577	6	20	5	19	4	17	3	14	2	11	2	7	3	4	5	2	8	1	12	1	17	2	23	4	29	6	34	7	40	9	45	11	49	13	52	15	54	18	55	20	55	21	55	21	54	20	53	18	53	15	53	11	52	7	50	4	49	2	48	1	48	1	49	2	51	3	52	5	52	8	51	12	49	17	46	22	44	28	42	35	39	42	35	48	30	53	24	57	18	60	13	62	9	63	6	63	4	62	3	60	3	57	4	55	6	53	9	51	13	49	17	46	20	42	22	38	23	35	23	33	22	32	21	31	19	30	16	28	12	26	9	23	7	21	6	20	6	20	
56:
54	16.61	9	39	10	38	12	37	15	36	19	35	22	34	25	34	27	33	28	31	28	28	27	24	26	20	25	16	23	12	20	9	17	7	13	6	10	5	8	5	7	5	7	6	8	7	10	8	13	10	16	13	20	15	25	17	31	20	37	22	43	24	48	25	52	27	55	29	57	31	58	34	58	36	57	39	55	43	52	46	48	48	43	49	37	49	31	48	25	48	20	49	15	50	11	50	8	49	6	47	5	45	5	42	6	40	8	39	9	39	9	39	
57:
59	3.13	28	9	29	8	29	6	29	3	28	1	26	0	23	-1	19	-1	14	0	10	2	7	5	5	9	4	14	4	18	5	21	7	24	8	26	9	28	9	31	8	34	6	36	5	37	5	38	6	38	8	37	11	37	15	38	20	40	25	42	30	44	36	47	42	49	47	50	51	50	54	50	56	49	57	47	57	45	56	43	54	40	53	36	53	32	54	27	55	23	56	20	56	18	55	17	53	16	50	16	47	17	43	19	39	20	36	20	34	19	32	17	31	15	30	12	29	10	28	9	28	9	
58:
59	2.67	43	21	42	22	42	24	41	27	39	30	36	33	33	35	30	36	28	37	27	39	27	42	28	44	29	45	31	45	34	44	36	42	39	39	43	36	47	34	50	33	52	32	54	32	56	33	57	35	57	38	56	42	54	47	51	52	47	56	43	59	38	61	32	63	26	64	21	64	16	63	12	61	9	58	6	54	4	49	3	43	3	36	3	29	4	22	6	16	9	11	13	7	16	4	20	2	25	1	31	1	36	2	40	3	43	5	45	8	46	11	46	15	45	18	44	20	43	21	43	21	
59:
66	9.648	57	18	57	19	56	21	54	24	53	27	52	29	51	30	49	30	46	29	43	27	40	24	36	20	32	15	29	11	25	8	21	6	18	5	16	5	15	6	15	8	16	10	18	13	21	16	25	20	30	24	35	29	39	33	42	36	44	40	45	44	45	47	44	49	42	50	40	50	37	49	33	47	30	44	27	41	23	39	20	37	18	36	15	36	13	37	12	39	12	42	13	45	15	49	18	52	22	55	27	57	33	58	39	58	45	59	50	59	54	58	57	56	59	53	60	49	60	44	60	39	59	33	59	28	59	24	59	21	58	19	57	18	57	18	
60:
57	2.659	2	21	1	22	1	24	2	27	2	31	3	36	5	41	7	45	10	48	14	51	18	53	21	54	23	54	25	53	26	51	26	48	25	46	23	44	21	42	20	40	20	37	21	34	23	31	25	27	27	22	28	17	30	13	33	10	37	7	41	4	44	2	46	1	47	1	47	2	46	4	44	7	41	11	37	14	32	16	26	17	21	17	17	16	14	15	12	13	11	10	10	7	10	5	9	4	9	4	10	5	11	7	11	10	10	13	8	15	5	18	3	20	2	21	2	21	
61:
65	1.734	46	57	47	56	49	54	51	51	54	47	56	42	58	37	59	31	59	24	58	18	56	13	53	9	50	6	46	4	41	3	35	3	29	4	24	6	20	9	17	11	15	14	14	16	14	17	15	17	17	17	20	17	23	16	25	16	26	17	26	19	25	22	23	26	20	31	16	36	12	41	9	46	7	50	6	53	6	55	7	56	9	56	12	55	16	53	21	50	25	46	28	42	30	39	33	36	37	34	40	33	42	33	43	34	43	35	42	37	40	39	39	40	39	41	40	41	42	42	44	44	45	47	45	51	45	54	46	56	46	57	46	57	
62:
46	3.648	27	10	28	11	29	13	31	16	34	20	38	25	42	30	45	35	47	40	48	44	48	47	47	49	46	50	45	50	44	49	42	47	39	45	35	44	31	44	26	45	21	47	17	50	14	52	12	53	11	53	10	52	8	50	5	49	3	49	2	50	2	50	3	49	5	47	7	44	10	42	14	40	17	37	20	35	22	32	23	28	24	23	26	19	27	16	28	13	28	11	27	10	27	10	
63:
65	9.765	14	29	15	28	17	26	20	24	24	23	29	23	35	23	42	24	48	26	53	27	57	28	60	28	62	27	63	25	63	22	62	18	60	15	57	12	54	9	52	7	51	6	51	6	52	7	53	9	53	11	53	14	52	18	50	22	47	26	43	30	38	33	32	35	25	36	19	36	14	36	10	37	7	38	5	40	4	43	4	47	5	52	7	56	10	59	14	61	19	62	24	62	28	61	31	59	33	58	34	57	34	56	33	54	32	53	30	52	29	52	29	51	30	49	30	46	29	44	27	42	24	39	20	35	17	32	15	30	14	29	14	29	
64:
61	3.169	1	34	0	35	0	37	-1	40	-1	44	0	47	1	49	3	50	5	50	8	49	10	47	11	44	11	41	12	39	14	37	16	36	19	36	21	37	22	39	24	42	25	46	25	51	24	55	24	58	25	60	27	61	30	61	34	60	39	59	43	57	46	54	48	50	49	45	49	40	48	34	46	28	45	23	45	19	46	16	48	14	51	12	53	11	54	11	54	12	53	12	51	11	48	9	44	8	39	8	33	7	27	7	21	8	16	10	12	12	8	15	5	19	3	24	2	28	2	31	2	33	1	34	1	34	
65:
67	18.63	12	48	13	49	15	51	18	53	22	54	26	54	29	53	31	51	32	48	32	44	31	39	31	33	30	27	28	21	25	16	22	12	18	9	13	7	9	6	6	6	4	7	3	9	3	12	4	16	5	20	7	25	10	31	14	37	19	43	24	48	30	52	36	55	41	57	45	58	50	59	54	59	57	58	59	56	60	53	60	49	59	44	57	38	55	31	52	25	50	19	49	14	49	9	49	5	48	2	46	0	43	-1	39	-1	35	0	30	2	24	5	18	9	13	14	9	20	6	27	4	33	3	38	3	42	4	45	6	47	9	48	11	48	12	48	12	48	
66:
67	11.961	6	13	7	13	9	13	12	12	16	10	21	7	27	5	33	3	39	1	44	0	48	0	52	1	55	3	57	5	58	8	58	10	57	12	55	13	52	13	48	14	43	16	37	19	32	23	28	28	24	34	21	40	17	45	12	49	8	52	5	54	2	55	0	55	-1	54	-1	52	0	49	2	45	5	40	9	36	14	33	20	31	27	30	33	30	38	30	42	30	45	31	48	33	50	36	51	40	51	45	50	49	48	52	45	54	41	55	36	55	30	55	25	54	21	52	18	49	16	45	14	40	12	34	11	28	11	23	10	19	9	16	7	14	6	13	6	13	
67:
57	1.22	18	49	17	48	15	46	12	43	10	39	9	34	7	28	6	23	6	19	6	15	6	12	7	10	9	9	12	9	14	9	15	8	17	6	19	3	22	1	26	0	31	0	37	1	43	1	48	2	52	4	55	5	57	5	58	4	58	2	57	1	55	1	52	0	48	0	45	1	42	3	40	6	39	10	39	15	40	21	42	28	45	35	47	41	49	47	51	52	52	56	52	59	51	61	49	62	46	62	42	61	37	59	33	58	28	57	24	55	21	52	19	50	18	49	18	49	
68:
60	9.761	32	43	31	44	31	46	31	49	30	53	28	56	25	58	21	59	16	60	10	60	4	59	-2	57	-7	54	-11	50	-14	45	-16	39	-17	32	-17	26	-16	21	-15	17	-13	13	-10	10	-6	8	-2	7	2	7	7	8	11	10	14	13	16	17	17	22	17	28	16	33	14	37	11	40	7	42	4	43	2	43	1	42	0	40	0	37	1	34	3	31	6	29	9	26	12	24	15	23	17	23	20	24	24	24	28	24	31	24	33	25	34	27	34	30	33	34	31	37	30	40	30	42	31	43	32	43	32	43	
69:
65	8.286	7	37	7	36	7	34	7	31	8	28	10	24	11	20	11	16	10	13	8	11	6	10	3	10	0	11	-2	13	-4	16	-5	20	-5	25	-4	31	-3	36	-1	40	2	43	6	45	11	48	15	52	19	55	23	57	28	58	33	58	38	57	43	55	47	52	50	49	52	45	54	40	55	34	55	29	55	25	54	22	52	20	49	19	45	19	41	20	38	22	36	25	35	27	35	28	36	29	38	29	41	28	43	28	44	29	44	31	43	33	41	36	38	39	34	41	31	42	27	42	23	41	20	39	17	37	13	36	10	36	8	37	7	37	7	37	
70:
55	13.083	47	18	46	19	44	21	41	23	37	25	33	26	30	28	28	29	27	29	27	28	28	26	30	24	32	22	35	19	38	15	40	11	41	8	43	6	46	5	50	5	53	6	55	8	56	11	57	15	57	20	58	25	58	31	59	38	59	44	58	49	56	53	54	56	52	58	49	59	46	59	42	58	39	56	37	54	36	51	36	48	37	46	39	45	42	44	45	42	48	39	50	35	51	30	52	26	52	23	53	20	53	18	52	17	50	17	48	17	47	18	47	18	
71:
63	5.08	24	46	25	45	27	45	29	44	31	42	34	39	37	37	39	36	40	36	41	37	41	38	42	38	44	37	45	36	45	34	44	31	43	27	42	22	40	17	39	13	39	10	38	8	36	7	33	7	31	8	29	10	26	13	23	17	19	21	15	26	11	32	8	39	5	45	3	50	2	54	2	57	3	59	5	60	8	60	12	59	16	57	21	55	27	54	33	53	39	51	45	48	50	46	54	45	57	45	59	46	60	48	60	51	59	53	57	54	54	54	50	54	45	53	39	51	34	49	30	47	27	46	25	46	24	46	24	46	
72:
49	2.091	11	25	12	25	14	25	17	24	21	22	25	21	30	21	35	20	40	18	44	16	47	15	49	14	51	12	52	9	52	6	51	4	49	3	46	3	42	2	39	1	36	1	33	2	31	4	30	7	30	11	31	16	33	22	36	29	38	35	39	41	40	46	40	50	39	53	37	55	34	56	30	56	25	56	21	56	17	55	14	53	12	51	11	48	11	44	11	39	11	35	11	31	12	28	12	26	11	25	11	25	
73:
69	4.512	25	48	26	47	28	45	29	42	29	38	29	33	28	27	26	21	23	15	21	10	19	6	18	3	18	0	19	-2	21	-3	24	-4	28	-4	33	-3	38	-1	44	1	49	4	53	8	56	13	58	18	59	23	59	29	59	35	58	40	56	45	54	49	53	52	51	54	48	56	44	57	39	57	33	56	26	55	19	54	13	53	8	52	4	50	1	47	-1	43	-2	39	-2	34	-2	29	-1	25	1	22	4	20	8	19	13	19	19	20	25	22	31	24	36	26	40	27	43	27	45	26	46	25	46	25	45	26	44	28	42	31	39	35	35	39	31	42	28	45	26	47	25	48	25	48	
74:
56	4.021	51	48	51	47	52	45	52	42	51	38	50	33	48	29	45	25	41	22	36	20	30	19	23	19	17	19	12	20	8	22	5	25	3	29	2	33	2	37	3	42	5	46	8	49	12	51	17	52	22	52	27	51	31	49	34	46	36	44	37	41	37	39	36	38	36	36	35	35	33	35	32	36	30	38	27	41	25	45	24	49	24	52	23	54	22	55	21	55	21	56	22	58	24	59	27	59	31	58	35	56	40	55	44	54	47	53	49	51	50	49	51	48	51	48	
75:
62	13.55	19	52	20	52	22	53	25	53	28	52	30	52	31	53	31	53	30	54	28	55	25	57	21	58	16	58	10	58	5	59	1	59	-2	58	-4	56	-5	53	-5	50	-5	46	-4	41	-2	35	1	29	5	24	10	19	14	15	18	12	23	10	28	9	32	8	35	8	37	9	39	11	40	13	40	16	41	19	43	23	46	26	50	30	53	35	55	40	56	44	56	47	55	49	53	50	50	50	46	49	42	48	37	46	31	43	26	40	22	38	19	37	16	37	14	38	13	40	13	43	14	46	16	49	18	51	19	52	19	52	
76:
70	24.645	16	57	15	56	13	54	10	51	7	47	4	43	2	39	1	34	1	28	2	22	4	17	7	13	11	9	15	6	20	4	26	3	32	3	38	4	43	6	47	9	50	13	52	17	53	21	53	26	52	32	52	37	52	43	52	48	53	52	55	55	57	57	59	58	60	58	60	57	59	55	57	52	56	48	56	43	56	39	56	36	55	33	53	31	50	30	46	30	41	31	37	33	34	36	32	40	31	44	31	47	32	49	32	50	32	50	32	49	31	47	29	44	26	41	24	39	22	37	19	36	16	36	13	37	11	38	10	40	10	43	11	47	13	51	15	54	16	56	16	57	16	57	
77:
62	9.879	6	55	7	56	9	57	11	57	14	58	18	58	23	57	29	55	34	52	38	49	41	46	43	43	44	41	44	39	43	38	41	38	38	38	34	38	29	37	25	35	22	33	19	30	17	26	16	21	16	15	17	10	19	6	22	3	25	1	29	0	34	0	38	1	41	3	43	5	44	8	46	10	47	12	49	13	52	13	55	12	57	10	58	7	58	4	57	2	55	0	52	-1	48	-1	45	0	41	2	36	4	31	7	27	11	24	16	21	22	17	28	14	34	12	40	11	45	10	49	9	52	7	54	6	55	6	55	
78:
69	7.409	28	35	27	34	25	32	22	29	18	25	14	22	10	20	6	19	3	17	1	15	-2	14	-5	14	-7	15	-8	17	-8	20	-7	24	-5	29	-2	34	2	40	7	45	13	50	20	54	26	57	32	59	38	60	43	60	47	59	50	57	52	54	53	50	53	45	52	39	50	34	49	30	49	26	50	22	52	19	53	15	53	12	52	10	50	9	47	9	43	10	38	11	34	13	31	16	29	18	28	19	28	19	29	18	30	16	30	13	29	10	27	8	24	7	21	6	18	6	16	7	14	9	13	12	13	16	14	21	16	26	18	30	21	33	24	35	26	36	27	36	28	35	28	35	
79:
66	28.918	7	47	7	46	6	44	5	41	5	37	6	33	7	29	7	26	8	24	10	23	12	21	13	18	14	14	16	9	18	5	21	2	25	0	30	-1	36	-1	41	0	45	2	48	5	50	8	51	12	51	16	50	19	48	21	45	22	41	22	36	22	31	22	26	23	22	24	19	26	16	29	14	31	13	34	13	38	14	41	16	43	19	46	23	48	28	49	34	49	40	48	45	47	49	46	52	45	54	45	55	46	55	47	54	49	52	52	49	55	45	57	40	58	34	60	27	61	21	61	16	60	12	58	9	55	7	52	6	50	6	48	7	47	7	47	
80:
56	20.38	26	58	25	58	23	57	20	56	16	56	13	57	10	57	8	58	7	58	7	57	6	55	6	52	7	48	8	43	8	37	9	30	10	23	10	17	9	12	7	8	5	5	2	3	0	2	-1	2	-1	3	0	4	2	6	5	9	8	13	12	16	17	20	23	24	30	28	37	31	43	35	48	40	52	45	55	49	57	52	58	54	58	55	57	55	56	54	54	52	51	49	48	46	44	44	40	43	37	43	34	44	32	46	29	49	27	52	26	55	26	57	26	58	26	58	
81:
67	3.897	44	13	45	12	47	10	50	8	53	7	55	7	56	8	56	10	55	13	53	17	50	22	46	27	41	33	36	38	31	42	27	45	24	47	22	48	21	49	21	51	22	52	24	52	27	51	31	49	36	46	40	44	43	42	45	41	46	41	46	42	45	44	43	46	40	49	36	51	32	53	28	54	25	54	21	53	16	52	11	50	7	47	4	44	2	40	1	35	1	30	1	26	2	23	3	21	5	20	7	20	8	21	9	21	10	20	11	18	12	15	13	11	15	7	17	4	20	2	24	1	28	1	33	2	37	4	40	7	42	10	43	12	44	13	44	13	
82:
64	7.756	55	35	55	34	54	32	52	29	50	25	49	21	47	17	45	13	44	9	44	6	45	4	46	3	47	3	47	4	47	6	46	9	44	13	42	16	39	18	35	19	31	19	27	19	24	18	21	16	19	15	17	15	16	16	14	18	13	21	11	25	10	29	10	34	10	39	10	43	9	46	9	48	10	49	12	49	14	48	15	46	15	43	14	39	13	34	11	29	9	23	7	18	5	14	3	9	2	5	2	2	3	0	5	-1	8	-1	12	0	17	2	23	5	30	9	36	14	41	20	45	25	49	29	52	32	54	34	55	35	55	35	
83:
67	7.422	37	48	36	49	34	50	31	52	27	55	23	57	20	58	18	59	17	59	17	58	18	56	20	53	23	49	27	46	32	42	38	39	43	37	48	36	52	36	55	36	57	35	58	34	58	33	57	31	56	28	54	24	51	19	48	14	46	10	43	7	41	5	39	4	37	4	34	5	31	7	27	10	24	14	20	18	15	21	11	24	7	26	4	28	2	29	1	31	1	34	2	38	4	41	6	45	9	48	13	50	18	52	24	54	31	56	37	59	42	61	46	62	49	62	51	61	52	60	52	58	51	56	49	54	46	53	43	52	40	51	38	49	37	48	37	48	
84:
65	14.547	21	23	20	22	18	20	16	17	15	14	15	12	16	11	17	11	19	12	22	12	26	11	31	9	35	6	38	4	40	2	42	1	43	1	43	2	43	3	42	5	42	8	43	11	45	13	47	14	50	14	53	13	55	13	56	14	56	15	55	16	53	17	52	19	52	22	52	26	53	31	55	36	56	41	56	45	56	48	56	50	55	51	53	51	50	50	46	49	42	49	38	50	35	52	31	55	27	57	22	58	16	58	11	57	7	55	4	53	2	50	1	46	1	41	2	36	4	32	7	29	11	27	15	26	18	25	20	24	21	23	21	23	
85:
69	11.646	36	58	37	57	37	55	36	52	34	48	31	43	27	38	22	34	16	31	11	29	7	28	4	28	2	29	1	31	1	34	2	37	4	40	6	42	9	43	11	43	13	42	15	40	16	37	17	33	18	28	20	24	23	21	26	19	30	18	34	18	37	18	39	19	40	21	40	22	39	22	39	22	40	21	42	19	43	16	43	12	42	8	40	5	37	3	33	1	28	0	22	0	17	1	12	3	8	6	5	10	2	15	0	21	-1	27	-1	34	0	42	1	49	2	55	2	60	3	64	5	67	8	69	12	70	16	70	21	69	26	67	30	64	33	61	35	59	36	58	36	58	
86:
62	10.07	36	43	37	44	39	45	42	46	46	46	50	45	53	45	55	46	56	48	56	51	55	53	53	55	50	57	46	58	41	58	35	58	28	58	22	59	16	59	11	58	7	57	4	55	2	53	1	51	1	48	2	46	4	45	7	45	11	45	14	44	16	42	17	39	17	35	17	30	17	25	17	20	16	16	16	13	15	11	14	10	12	10	11	11	11	13	12	15	14	17	17	18	21	18	25	17	29	16	34	15	38	14	42	14	45	15	47	17	48	20	48	24	47	28	45	33	42	37	39	40	37	42	36	43	36	43	
87:
65	3.003	2	5	3	6	5	8	8	11	12	14	17	16	21	17	24	17	26	16	28	14	30	11	32	9	35	7	38	4	41	2	43	1	44	1	44	2	43	4	41	7	38	11	36	16	34	22	33	29	33	36	34	42	36	47	37	51	37	54	36	56	34	58	31	59	27	59	23	58	20	56	18	53	17	49	17	45	18	40	19	34	21	29	24	25	28	22	33	20	39	19	44	19	48	20	51	22	53	24	54	26	54	29	53	31	51	33	48	34	45	34	41	33	36	31	30	28	23	24	17	20	12	15	8	11	5	8	3	6	2	5	2	5	
88:
62	11.295	30	13	31	14	33	16	36	19	38	23	41	26	44	28	47	29	50	30	52	31	53	33	53	36	52	40	50	44	47	48	43	52	38	55	32	57	26	59	20	60	15	60	11	59	8	57	6	54	5	51	5	47	6	42	8	37	11	31	15	26	18	21	20	17	21	14	21	12	20	11	18	11	17	12	17	14	17	17	18	21	20	26	23	30	27	33	32	36	38	38	43	39	47	39	50	38	53	36	55	33	56	29	56	25	55	22	54	20	52	19	49	19	45	19	40	19	36	18	33	16	31	14	30	13	30	13	
89:
66	17.202	16	53	15	52	14	50	14	48	15	47	17	47	20	47	24	46	29	44	33	42	38	39	43	35	47	30	50	24	52	19	53	13	53	8	52	4	50	1	47	-1	44	-2	42	-2	41	-1	41	1	42	4	44	7	46	11	47	14	47	16	46	17	44	18	41	18	37	17	33	15	28	12	24	8	21	5	17	3	12	2	7	1	3	1	0	2	-2	4	-3	7	-3	11	-2	16	0	21	3	27	7	34	12	40	17	45	21	49	26	52	30	54	33	55	35	55	36	55	36	55	35	56	33	57	30	57	26	57	22	57	19	56	17	54	16	53	16	53	
90:
55	2.979	19	34	20	35	22	37	25	38	29	38	32	37	34	35	35	32	35	28	34	25	33	22	33	20	34	19	36	18	38	18	40	18	41	18	41	17	40	15	40	13	41	11	43	10	46	10	50	11	53	13	55	16	56	20	56	25	55	30	55	36	54	41	52	46	49	51	45	55	40	58	34	60	28	61	23	61	19	60	16	58	14	56	13	53	11	50	9	46	6	43	4	40	3	36	3	33	4	31	6	30	9	30	13	31	16	33	18	34	19	34	19	34	
91:
66	10.14	32	17	32	16	31	14	31	11	31	8	31	5	32	3	33	2	34	2	34	3	35	5	35	8	36	12	36	16	35	21	33	26	30	32	26	38	22	44	19	49	17	53	16	56	16	58	16	59	17	59	19	58	21	56	24	53	28	49	33	46	39	44	44	42	49	41	53	41	56	40	58	38	59	35	60	31	60	28	59	26	57	25	54	25	50	25	46	26	43	28	41	30	39	33	36	35	32	36	29	36	27	35	25	33	24	30	23	27	21	24	19	20	17	16	16	13	16	11	17	10	19	10	22	11	26	13	29	15	31	16	32	17	32	17	
92:
70	16.723	53	20	53	19	52	17	52	14	53	11	55	9	57	7	58	4	58	2	57	1	55	1	52	2	49	4	47	7	44	11	40	14	37	18	33	21	29	23	26	24	24	24	22	23	21	21	21	18	22	14	24	11	25	7	25	4	24	2	22	1	19	0	16	0	14	1	13	3	13	6	12	10	11	15	11	21	10	28	10	36	10	43	11	49	13	54	16	58	20	61	25	63	31	64	37	64	43	63	48	61	52	58	55	55	57	51	58	47	58	43	57	40	56	38	54	37	51	37	49	38	48	39	46	39	45	38	45	36	46	33	48	30	50	26	52	23	53	21	53	20	53	20	
93:
65	15.222	12	19	13	20	14	22	15	24	15	25	16	25	18	24	20	22	23	20	26	19	29	19	31	20	32	22	33	24	35	27	38	29	41	30	44	30	46	29	47	27	47	24	46	22	46	21	47	21	49	21	52	21	54	20	56	18	57	15	58	11	58	6	57	2	55	-1	52	-3	48	-4	43	-4	37	-4	30	-3	24	-1	18	2	13	6	9	11	6	17	4	24	2	32	0	39	-1	45	-1	50	0	54	0	57	0	59	1	60	3	60	6	59	10	57	14	54	17	50	19	45	20	40	20	34	19	29	17	25	15	22	13	20	12	19	12	19	
94:
59	5.087	50	53	51	52	53	50	55	47	57	43	58	40	58	37	58	35	57	34	55	34	53	35	52	36	50	38	47	39	43	39	39	38	34	36	29	34	23	32	17	30	12	29	8	27	5	24	3	20	2	15	2	11	3	8	5	5	8	3	12	1	17	0	23	0	28	1	32	3	35	6	37	9	38	13	38	17	37	22	35	26	32	29	28	32	25	35	23	39	22	44	21	49	21	53	22	56	22	58	23	59	25	59	28	58	31	57	35	55	40	54	44	54	47	54	49	54	50	53	50	53	
95:
70	16.757	18	45	17	44	15	43	14	41	13	38	12	34	11	30	11	25	11	20	12	16	14	11	16	7	17	4	17	2	16	1	16	1	15	2	13	4	10	6	7	9	4	12	2	16	1	21	1	27	1	34	1	40	1	46	0	51	0	56	1	60	3	63	6	65	10	66	15	66	20	65	26	63	31	60	35	57	38	53	40	49	41	46	42	44	44	43	47	43	51	44	56	45	61	45	65	44	68	42	70	40	71	37	71	33	70	28	68	23	65	19	61	16	56	14	50	13	45	13	39	14	34	16	30	19	27	23	24	26	22	30	21	35	21	39	20	42	19	44	18	45	18	45	
96:
71	55.214	48	35	48	34	49	32	49	29	48	25	46	22	45	19	43	17	42	16	42	14	43	11	45	9	48	8	51	8	53	9	54	11	54	14	54	18	54	23	53	28	52	34	52	41	53	47	55	52	56	56	56	59	55	61	53	62	50	62	46	61	41	59	35	56	28	52	22	48	17	45	13	41	9	38	6	36	4	35	3	34	3	33	4	32	6	31	9	29	12	27	14	24	16	21	17	18	17	14	16	10	14	7	11	4	7	2	4	1	2	1	1	2	1	4	2	7	3	11	5	15	8	18	12	22	17	27	23	31	29	34	34	36	38	37	42	37	45	37	47	36	48	35	48	35	
97:
76	18.992	4	46	5	45	7	43	10	41	14	39	17	37	21	36	26	36	32	37	38	39	43	41	48	43	52	46	55	50	57	53	58	55	58	56	57	56	55	55	52	53	48	50	43	46	38	41	34	35	31	30	29	26	28	23	28	21	29	20	31	20	34	21	38	23	43	26	47	29	50	31	53	32	55	33	58	33	60	32	61	30	61	27	60	23	58	18	55	13	52	9	48	6	43	3	37	1	30	0	23	0	17	1	12	3	8	6	5	10	3	14	2	19	2	23	3	26	5	30	8	34	11	37	14	40	16	43	18	47	19	51	19	54	18	56	16	57	13	57	9	57	6	56	4	54	3	52	3	49	4	47	4	46	4	46	
98:
58	9.792	39	54	38	55	36	55	33	54	29	53	24	52	18	51	13	49	9	46	6	42	4	38	3	34	3	30	4	26	5	23	7	21	10	20	14	20	19	20	25	21	31	23	36	24	40	25	43	27	45	28	46	28	46	27	45	25	45	22	44	18	42	13	39	9	35	6	32	4	29	3	27	3	26	4	26	6	26	9	25	12	23	16	22	20	22	23	21	27	21	31	22	35	24	39	27	42	31	44	35	45	38	45	40	46	42	48	43	51	43	53	42	54	40	54	39	54	39	54	
99:
55	30.563	15	31	16	30	17	28	18	25	20	21	23	17	27	14	31	12	34	10	36	8	37	6	37	5	36	4	36	3	37	3	39	4	42	5	45	7	47	10	48	14	48	19	47	24	45	30	43	35	41	39	39	42	37	44	36	45	36	45	35	44	35	42	34	39	32	35	29	32	25	28	21	25	17	23	13	22	10	20	8	17	7	14	7	11	6	9	4	8	2	8	1	9	0	10	0	12	1	15	3	18	6	21	9	25	12	28	14	30	15	31	15	31	