0:
61	7.735	19	16	20	17	21	19	23	21	26	23	29	26	31	30	32	33	32	36	32	38	31	39	30	39	30	38	31	36	33	34	36	31	38	28	39	26	39	25	38	25	36	25	33	24	29	24	25	25	22	27	20	28	19	28	19	29	20	29	22	28	24	26	26	24	28	21	29	17	29	13	28	10	26	7	23	4	19	2	14	1	9	1	5	1	2	2	0	4	-1	7	-2	11	-2	15	-1	18	0	20	0	21	-1	21	-1	20	0	18	2	15	5	13	9	12	13	12	16	12	18	13	19	15	19	16	19	16	
1:
50	1.203	8	28	8	27	8	25	7	22	7	20	7	17	6	13	5	8	5	4	5	1	6	-1	8	-2	10	-2	12	-1	13	1	14	4	15	6	17	7	19	7	22	6	26	5	29	5	31	5	32	6	32	8	31	9	29	10	27	11	26	12	26	13	27	14	28	15	29	17	29	18	28	20	28	23	29	27	29	30	29	33	30	35	30	37	29	38	27	38	24	37	20	35	16	32	13	30	11	29	9	28	8	28	8	28	
2:
61	6.551	22	15	23	16	25	18	27	20	28	21	28	21	27	22	25	22	22	23	18	25	13	28	9	32	6	35	3	37	1	38	0	38	0	37	1	35	2	33	2	30	1	27	1	24	1	22	2	21	4	21	7	21	11	21	14	22	16	22	17	21	18	19	18	16	17	14	15	13	13	11	12	8	12	5	12	2	13	0	15	-1	17	-1	18	-1	18	0	17	1	15	1	12	0	9	-1	5	-1	2	0	0	2	-1	5	-1	9	0	12	2	14	5	15	9	15	13	14	16	13	19	13	21	14	22	15	22	15	
3:
58	7.488	10	13	10	14	11	16	11	19	10	22	8	25	5	27	3	28	2	30	2	33	3	36	4	38	6	39	7	39	7	38	7	36	7	34	8	33	10	33	13	33	16	32	18	30	19	28	19	25	19	21	19	16	18	11	18	7	19	4	21	2	24	1	27	1	30	1	32	1	33	1	33	1	32	2	30	2	29	3	29	5	30	8	32	12	34	16	37	20	39	24	40	27	40	30	39	32	37	33	34	33	30	32	25	30	20	27	16	23	13	19	11	16	10	14	10	13	10	13	
4:
56	2.905	34	4	35	4	37	4	38	5	38	7	37	10	36	14	36	18	37	21	38	24	39	27	39	30	38	32	36	33	33	34	29	35	24	35	19	36	15	36	12	36	10	36	8	35	7	34	7	32	8	31	10	31	11	30	12	28	14	27	17	27	20	27	22	28	23	30	24	31	24	31	24	30	23	28	21	25	18	21	16	17	13	14	11	12	8	11	6	11	5	10	5	8	6	5	8	2	11	0	15	-1	20	-1	24	0	28	2	31	3	33	4	34	4	34	4	
5:
57	9.877	35	35	36	36	37	38	38	39	39	39	40	38	40	36	39	33	39	29	38	26	36	24	33	23	30	22	26	22	21	23	15	25	10	27	6	28	3	28	1	29	0	31	0	33	1	35	3	37	5	38	8	39	12	39	15	38	17	36	18	33	18	29	17	26	15	23	12	21	8	19	5	16	3	12	2	9	1	7	1	5	2	3	4	0	7	-2	11	-3	14	-3	18	-2	21	0	23	3	26	7	30	12	33	17	35	22	36	26	36	29	36	32	36	34	35	35	35	35	
6:
53	10.79	18	31	19	30	21	28	22	26	24	24	27	22	31	21	34	19	37	16	39	14	40	11	40	7	39	4	37	2	34	1	30	1	25	2	20	4	15	7	11	11	8	16	6	20	5	23	5	25	5	26	4	26	2	25	1	25	0	26	-1	28	-1	30	0	33	2	35	5	36	9	36	13	35	18	34	24	34	29	35	33	36	36	36	38	35	39	33	39	30	38	28	36	27	33	27	31	27	28	28	24	30	21	31	19	31	18	31	18	31	
7:
57	2.34	1	1	1	0	2	0	4	1	6	3	9	6	13	10	18	14	23	17	27	20	31	23	34	25	36	26	37	26	37	26	36	27	34	29	32	31	31	33	29	36	26	38	22	39	18	39	15	38	12	36	10	33	9	29	9	24	10	18	12	13	15	9	19	6	23	4	27	3	30	3	34	4	37	6	39	9	40	13	40	17	39	20	37	22	34	25	30	27	27	28	25	28	23	27	22	25	20	22	18	18	15	15	12	13	9	10	7	7	4	4	2	2	1	1	1	1	
8:
62	7.029	35	20	34	20	32	19	31	17	29	14	26	12	23	11	19	10	14	10	10	11	6	11	3	12	1	14	0	16	0	17	1	17	3	18	6	20	8	23	9	27	10	31	10	35	9	38	7	40	4	41	2	41	1	40	1	38	2	35	4	33	7	32	10	32	13	33	15	35	18	37	21	38	24	38	27	37	29	35	30	32	30	28	29	25	27	23	24	21	21	20	18	19	16	17	15	14	15	10	16	6	18	3	21	1	25	0	29	0	33	1	36	3	38	6	39	10	39	14	38	17	36	19	35	20	35	20	
9:
53	5.572	37	37	36	37	35	36	34	34	34	31	33	27	32	23	32	20	31	18	31	15	32	13	34	12	35	10	36	8	36	6	35	5	33	5	30	6	26	6	22	5	19	3	17	2	15	2	13	3	11	4	9	6	6	7	3	7	1	7	0	8	-1	10	-1	13	0	17	2	22	3	27	3	31	4	34	4	36	5	37	7	37	8	36	9	34	11	31	14	28	18	26	21	25	23	25	25	26	28	28	31	31	34	34	36	36	37	37	37	37	
10:
48	1.269	13	17	14	18	16	20	19	23	23	26	27	28	30	29	32	29	33	28	35	26	36	23	37	19	37	15	36	11	34	8	31	6	28	5	24	4	19	4	15	3	12	1	10	-1	7	-2	5	-2	4	-1	3	1	3	4	3	8	3	13	3	18	3	24	4	29	5	33	6	36	8	38	10	39	12	39	14	38	15	36	15	33	14	30	13	26	13	22	12	19	11	17	11	16	12	16	13	17	13	17	
11:
50	4.285	9	16	10	17	12	18	13	20	13	23	14	27	14	31	14	34	14	36	15	37	17	37	20	37	24	37	28	37	31	37	33	36	34	34	34	31	34	28	33	26	31	25	30	25	30	25	31	24	33	22	35	21	36	19	36	16	35	14	33	13	30	12	26	12	22	11	19	9	17	6	16	3	16	0	15	-2	13	-3	10	-3	6	-3	3	-2	1	0	0	2	0	4	1	7	3	10	6	13	8	15	9	16	9	16	
12:
52	4.042	15	32	14	33	14	34	15	35	17	35	20	34	23	32	26	31	30	31	33	32	35	33	36	33	37	32	38	30	38	27	38	23	37	18	35	14	33	11	30	9	28	8	27	8	27	7	28	5	30	3	33	1	36	0	38	-1	39	-1	39	0	38	0	36	1	33	2	29	3	24	3	20	3	15	2	10	2	6	2	3	2	1	3	0	5	0	8	1	12	3	16	6	19	9	22	12	24	14	27	15	29	15	31	15	32	15	32	
13:
51	9.914	31	29	31	28	31	27	30	27	28	27	27	27	27	26	28	24	29	21	31	19	34	17	37	15	39	13	40	10	40	8	39	7	37	7	34	6	31	5	29	3	28	2	26	2	23	3	19	5	14	8	9	10	5	11	2	11	0	11	-2	12	-3	14	-3	16	-2	19	0	21	3	22	7	22	10	23	12	25	13	28	13	32	12	35	12	37	13	38	15	38	18	38	22	38	25	37	27	35	28	32	30	30	31	29	31	29	
14:
53	2.24	8	34	9	34	11	34	14	33	18	32	22	32	26	31	30	29	33	27	35	24	36	20	36	15	35	11	34	8	32	5	29	3	25	2	21	2	18	1	15	0	12	0	10	1	8	3	7	6	7	10	7	13	8	15	10	16	12	16	14	15	15	13	17	11	18	10	19	10	20	11	20	13	20	16	20	18	21	19	23	20	26	20	28	19	29	17	29	16	28	16	27	17	25	19	22	22	18	26	14	29	11	31	9	33	8	34	8	34	
15:
52	7.633	29	21	29	22	29	23	28	23	26	23	23	23	19	22	15	21	10	21	6	21	3	21	1	21	0	21	0	21	1	20	3	18	6	15	9	11	11	7	14	3	17	0	21	-2	25	-3	28	-3	30	-2	31	0	31	3	30	5	28	8	25	12	23	16	22	20	22	23	23	26	25	28	28	29	30	29	33	28	36	26	39	24	41	21	42	17	42	14	41	12	39	11	36	11	34	12	33	13	32	15	30	18	29	20	29	21	29	21	
16:
52	6.236	18	14	17	13	15	11	13	9	11	7	10	5	10	2	11	0	13	-1	16	-1	20	-2	25	-3	29	-4	32	-4	34	-3	35	-2	36	0	36	3	35	6	33	8	31	9	30	9	30	10	31	11	33	11	35	12	37	14	38	16	38	19	37	21	35	22	32	23	30	25	28	27	27	29	27	30	28	30	28	29	28	27	27	25	25	24	22	23	18	23	15	24	13	24	12	23	12	21	12	19	13	18	15	16	17	15	18	14	18	14	
17:
55	3.194	20	5	19	4	17	3	15	1	12	0	8	0	5	1	3	2	2	4	1	6	1	7	2	7	4	7	7	8	9	10	12	13	16	16	19	20	21	24	22	28	22	31	21	33	19	34	16	35	12	36	8	36	5	36	3	35	2	34	2	32	3	31	5	30	8	29	12	27	17	24	22	20	27	17	31	13	34	10	36	8	38	7	39	7	39	8	39	10	38	12	36	14	33	15	29	15	25	15	22	14	20	13	19	11	19	8	20	6	20	5	20	5	
18:
53	10.001	19	21	19	20	18	18	17	16	16	15	14	14	11	14	9	15	8	17	8	20	9	24	11	27	14	29	18	30	22	30	25	29	27	27	30	26	32	26	33	27	34	29	34	31	34	32	33	33	31	33	28	33	26	33	25	34	24	36	22	37	19	37	17	37	14	36	10	34	7	31	4	28	2	24	1	19	1	14	2	10	4	7	7	4	9	2	12	1	16	1	19	2	21	4	22	7	23	11	23	15	22	18	20	20	19	21	19	21	
19:
59	5.946	31	29	32	30	34	32	36	34	38	35	40	35	41	34	41	32	42	29	42	25	41	20	39	16	36	13	34	10	33	8	33	7	34	6	36	6	38	5	39	4	39	3	38	2	36	1	33	1	29	0	25	0	21	1	18	3	14	5	11	8	8	12	5	15	3	18	2	22	2	25	3	27	5	28	8	28	12	27	15	27	17	27	18	27	18	26	17	26	15	26	12	25	9	25	7	26	6	28	6	31	7	34	9	36	12	37	16	37	21	36	25	34	28	32	30	30	31	29	31	29	
20:
63	10.185	13	2	12	3	10	4	8	6	7	9	7	11	8	12	10	12	12	12	13	13	13	15	12	18	10	21	9	24	7	28	5	31	4	33	4	34	5	35	7	35	8	34	10	32	13	31	17	29	22	26	26	24	30	23	34	23	37	23	39	24	40	26	40	29	40	33	39	36	37	38	34	40	30	41	26	41	22	40	19	39	17	37	16	34	16	30	17	25	19	20	22	15	26	11	31	8	35	5	38	3	40	2	41	2	41	1	40	1	38	1	35	2	32	4	28	5	23	6	19	6	16	5	14	3	13	2	13	2	
21:
52	11.064	24	38	25	37	27	35	30	32	32	28	34	23	35	18	35	14	34	11	32	9	30	8	27	8	24	7	22	5	21	4	19	4	18	5	18	7	17	10	16	14	14	19	12	23	9	26	6	28	4	30	3	31	3	32	4	32	6	31	9	30	13	28	17	25	20	23	23	20	25	18	26	17	27	17	28	18	30	20	31	22	33	25	36	28	38	30	39	31	39	33	38	34	36	36	33	38	30	39	27	39	25	39	24	38	24	38	
22:
55	3.879	20	18	21	17	23	15	24	14	24	14	25	15	27	17	28	20	28	24	28	29	28	33	29	36	31	38	34	39	36	39	38	38	39	36	39	34	38	31	38	27	37	23	36	19	36	14	37	10	37	7	36	4	34	2	31	1	27	1	22	1	16	2	10	3	5	5	1	8	-2	11	-4	15	-5	20	-5	24	-4	28	-3	31	-1	33	2	34	6	34	10	33	13	31	15	28	16	24	16	20	16	17	17	15	19	14	20	14	21	15	21	17	20	18	20	18	
23:
50	6.813	22	0	23	1	25	3	28	4	31	4	33	5	34	7	34	10	33	14	31	18	28	21	24	23	21	26	19	29	18	32	16	34	13	35	9	35	5	34	2	33	0	31	-1	28	-1	26	0	25	2	24	5	24	9	24	12	23	14	21	15	20	15	19	14	19	12	18	9	18	7	18	6	17	6	15	7	12	8	9	8	6	7	4	7	3	8	3	10	4	11	5	13	5	16	4	19	2	21	1	22	0	22	0	
24:
50	5.01	22	21	23	20	23	18	23	15	22	11	22	7	21	4	19	2	16	1	14	1	13	2	12	4	11	6	9	9	6	13	3	17	1	20	0	24	-1	28	-1	31	0	33	2	34	5	35	9	35	14	36	19	36	23	35	26	33	28	31	29	30	30	28	30	27	31	26	33	26	35	25	36	23	37	20	37	18	36	17	34	16	32	15	31	13	31	12	30	12	28	12	25	13	23	15	22	18	22	20	22	21	22	21	
25:
53	13.405	27	29	28	28	30	28	33	28	35	29	36	31	36	33	37	36	39	38	42	39	45	39	47	38	48	36	48	33	47	29	45	24	42	19	38	15	35	12	32	10	29	9	25	9	20	10	15	12	10	13	6	14	3	14	1	13	0	11	0	9	1	6	2	4	2	3	1	3	1	4	0	6	-1	9	-1	13	0	16	1	18	3	19	6	21	9	23	11	26	12	28	12	29	13	29	15	29	18	29	21	28	24	28	26	28	27	29	27	29	
26:
55	5.186	29	7	30	7	31	8	32	10	33	13	35	17	36	21	36	26	35	30	33	33	30	36	26	38	21	39	16	39	12	38	9	36	6	33	3	29	1	25	-1	20	-2	16	-3	12	-3	8	-2	5	0	3	2	2	4	2	6	3	9	5	12	7	14	10	17	13	19	16	20	19	20	22	19	24	18	25	18	26	19	28	21	30	22	31	22	33	22	34	23	35	24	35	26	34	28	32	29	29	29	25	29	20	29	16	28	13	28	10	28	8	29	7	29	7	
27:
63	18.816	26	14	25	14	23	15	20	16	16	18	12	21	8	23	5	26	3	29	2	32	2	36	3	39	5	41	8	42	12	42	15	41	17	39	18	37	18	34	18	30	17	25	15	21	12	18	9	16	6	15	4	13	2	11	1	10	1	10	2	11	4	12	7	12	10	11	12	9	13	6	13	3	12	1	12	0	13	0	15	1	17	2	20	2	22	1	23	0	25	0	27	1	28	3	28	6	27	10	27	15	28	20	30	24	33	27	35	29	37	30	38	30	38	29	37	27	35	24	32	20	29	17	27	15	26	14	26	14	
28:
56	9.529	32	16	33	17	35	18	37	20	39	23	40	27	40	31	40	34	39	36	37	37	34	37	30	36	25	35	19	33	14	31	10	29	7	27	5	26	4	26	4	27	3	27	3	26	4	24	6	22	9	19	13	17	16	15	18	12	21	9	24	6	27	3	29	1	31	0	32	0	32	1	31	3	29	6	26	9	22	13	18	18	15	24	11	29	8	33	6	36	5	38	5	39	6	39	8	38	11	36	15	33	20	29	24	25	27	22	29	19	31	17	32	16	32	16	
29:
54	2.807	22	1	21	2	19	3	17	5	16	8	16	12	17	17	17	21	17	24	17	28	17	31	16	33	14	34	12	34	10	33	9	31	7	29	6	26	6	22	7	18	9	14	12	11	16	9	20	7	25	6	29	6	33	7	36	9	38	12	39	16	39	20	38	23	37	26	35	28	32	29	29	29	27	28	26	26	26	23	26	19	25	15	23	12	20	10	17	9	14	7	12	4	11	2	11	1	12	1	14	2	16	3	19	3	21	2	22	1	22	1	
30:
52	6.392	8	3	9	4	10	6	10	8	11	11	13	15	15	20	18	25	22	29	27	32	31	34	34	35	36	36	38	36	39	36	39	35	38	34	36	32	35	29	34	25	34	21	33	16	33	11	33	7	32	4	30	2	27	1	23	1	20	2	18	4	17	7	17	11	18	14	18	17	17	20	15	22	12	25	9	27	6	29	4	30	3	30	3	29	3	27	2	25	1	22	0	18	0	13	1	9	3	6	5	4	7	3	8	3	8	3	
31:
58	4.249	29	11	30	10	31	9	33	9	36	10	38	12	39	15	39	19	38	22	36	24	33	25	29	25	25	25	20	24	16	22	13	19	11	15	9	11	6	7	4	4	2	2	1	1	0	1	0	2	1	4	3	6	6	9	10	11	15	13	19	16	22	20	26	24	29	28	31	32	32	35	32	37	31	38	29	38	27	37	24	36	20	36	15	37	11	38	7	39	4	39	2	38	1	36	1	33	2	29	4	25	7	21	10	17	14	14	19	12	23	11	26	10	28	10	29	11	29	11	
32:
55	2.705	24	30	23	29	21	28	18	26	16	25	15	23	15	22	16	20	18	19	21	18	23	16	24	15	24	14	23	12	21	9	18	7	14	5	10	3	6	1	3	0	1	0	0	1	-1	3	-1	6	-1	10	0	14	0	19	0	24	-1	28	-1	31	0	34	2	36	5	37	9	38	14	38	20	38	25	37	29	37	33	38	36	38	38	38	39	37	39	35	38	33	37	30	37	27	38	25	38	24	37	24	35	25	33	25	30	26	27	27	25	29	24	30	24	30	
33:
55	3.973	3	32	4	31	5	29	7	26	10	22	13	18	16	15	19	12	21	9	24	7	27	4	31	2	35	1	38	0	40	0	41	0	41	1	40	3	38	6	35	10	31	13	27	15	24	16	22	18	21	21	20	23	20	25	21	26	23	26	26	25	29	24	31	24	32	24	32	24	31	25	29	25	28	24	27	23	27	21	27	18	26	14	24	11	21	9	17	8	14	7	10	7	6	8	3	10	1	13	0	17	0	22	1	26	2	29	2	31	3	32	3	32	
34:
59	3.313	13	39	14	38	14	36	13	33	11	30	8	27	6	23	5	20	4	18	4	17	5	17	6	18	6	20	5	22	3	23	1	23	0	22	-1	20	-1	17	0	13	2	10	5	8	9	7	13	6	16	6	19	6	21	5	22	5	22	6	21	8	20	11	18	15	17	19	16	22	16	24	17	25	19	25	22	26	26	26	29	25	31	24	32	22	32	19	33	17	34	16	34	16	35	17	37	19	38	22	38	26	37	29	35	33	32	36	28	38	23	40	19	41	16	41	14	40	13	39	13	39	
35:
54	6.124	11	21	10	22	9	24	9	26	10	29	10	33	10	36	11	38	12	39	13	39	13	38	14	36	16	33	19	31	22	30	26	30	29	31	31	33	32	35	32	36	31	36	29	35	26	33	22	30	18	26	15	21	11	17	7	14	4	12	2	10	1	8	1	5	2	2	4	0	7	-1	10	-1	14	0	17	2	20	5	23	8	27	10	30	11	32	13	33	14	33	16	32	17	30	18	27	18	24	17	21	17	17	18	14	20	12	21	11	21	11	21	
36:
53	6.448	3	38	4	39	6	39	8	38	11	37	14	35	16	33	17	30	17	27	18	25	18	22	17	18	17	15	18	13	20	12	21	12	21	11	20	11	18	11	16	10	15	9	15	7	16	6	18	5	20	5	23	6	27	8	31	11	34	15	36	20	37	25	37	29	36	32	35	34	33	35	30	35	27	35	24	34	22	32	21	29	19	25	16	22	14	20	11	19	9	19	6	20	3	22	1	25	0	29	0	32	1	35	2	37	3	38	3	38	
37:
54	9.958	16	14	17	13	19	11	21	10	24	9	26	9	27	10	27	11	28	12	30	12	33	12	35	13	37	14	38	16	38	18	37	21	35	24	33	27	31	29	30	32	30	34	31	36	31	37	30	37	28	36	25	36	21	35	16	33	11	31	7	29	4	27	2	26	1	25	1	25	2	25	4	25	6	26	9	26	12	25	14	23	16	20	17	18	17	17	16	17	14	16	11	14	9	11	8	9	8	8	9	8	11	9	13	11	15	13	16	14	16	14	
38:
50	2.726	1	20	1	19	1	17	1	14	2	10	2	7	3	5	5	4	8	4	10	5	11	6	11	8	10	11	8	15	5	20	3	24	1	27	0	30	-1	32	-1	33	0	33	1	32	3	30	5	28	8	27	12	27	17	28	21	30	25	32	29	33	32	33	34	32	36	30	37	27	38	23	38	19	39	16	39	13	38	11	36	10	33	10	29	11	25	13	20	14	15	15	11	17	7	18	4	19	2	20	1	20	1	20	
39:
54	14.192	10	9	9	8	7	7	4	6	2	5	1	5	1	6	2	6	4	6	7	6	11	6	14	5	16	3	18	1	20	0	22	0	23	1	25	3	28	4	31	6	34	9	37	13	39	17	40	22	41	26	41	29	40	31	39	32	37	32	35	31	33	30	30	29	26	29	22	30	19	32	15	35	12	37	10	38	9	38	9	37	9	35	10	32	12	28	15	25	18	23	20	22	21	22	21	21	20	20	18	18	15	15	13	12	11	10	10	9	10	9	
40:
56	4.021	28	31	29	30	31	30	32	30	34	31	35	33	35	36	34	38	32	39	29	39	25	38	21	36	18	34	16	31	15	27	13	23	10	20	7	18	5	17	3	15	2	14	2	12	3	9	5	5	8	2	12	0	17	-1	21	-2	24	-2	26	-1	27	0	27	0	26	1	24	3	21	6	17	9	13	13	9	18	5	22	2	25	0	28	-1	31	-1	34	-1	36	0	37	2	37	5	36	9	34	14	31	19	29	23	28	26	28	28	28	29	29	29	30	28	31	28	31	
41:
60	2.711	4	15	5	16	7	16	10	15	14	13	19	12	23	10	28	9	32	7	35	5	37	2	38	0	38	-1	37	-1	35	0	33	2	30	3	26	3	21	2	17	2	14	3	12	5	11	7	11	10	11	14	11	19	12	23	13	26	13	30	12	33	11	36	10	38	10	39	11	40	13	40	16	39	20	37	24	35	27	33	31	31	34	28	36	26	37	24	37	23	36	23	34	22	31	22	27	21	23	19	20	16	16	13	11	11	7	10	4	10	2	11	1	13	1	14	2	14	3	14	4	15	4	15	
42:
57	33.51	31	0	30	1	28	2	25	4	21	7	18	11	14	14	11	16	9	17	8	19	8	22	8	25	7	27	5	29	4	31	4	34	4	36	3	37	2	37	1	36	1	34	1	31	2	27	2	22	3	17	4	13	4	10	3	8	2	7	2	7	3	8	5	10	7	12	10	13	12	13	14	14	16	16	17	19	19	23	22	26	25	28	29	30	32	33	34	35	35	36	36	36	36	35	36	33	36	30	36	26	35	21	35	15	35	10	35	6	34	3	32	1	31	0	31	0	
43:
42	1.048	33	35	33	34	34	32	34	31	35	31	35	32	36	33	38	33	39	32	39	30	38	28	36	27	33	25	30	22	27	18	25	14	24	10	23	7	21	4	18	2	14	1	10	1	6	1	3	2	1	4	0	6	0	8	1	10	3	13	4	16	4	18	5	21	7	25	9	28	12	30	16	32	21	34	25	36	28	37	30	37	32	36	33	35	33	35	
44:
54	5.67	11	35	12	36	14	38	15	39	16	39	17	38	17	36	17	33	16	29	14	25	11	21	7	18	4	16	2	15	1	13	1	10	2	7	4	5	7	4	11	4	16	3	22	1	27	0	31	0	34	1	36	3	39	5	41	8	42	12	42	17	42	21	41	24	39	26	36	27	32	27	27	26	23	26	20	26	18	25	17	23	16	21	14	20	11	20	8	21	6	22	5	24	3	25	2	26	2	28	3	31	5	33	8	34	10	34	11	35	11	35	
45:
56	12.664	38	16	37	17	35	19	32	20	29	22	27	23	25	23	24	22	23	20	22	19	20	19	17	20	13	21	9	21	6	21	4	20	3	18	2	15	2	13	3	12	5	11	6	9	7	6	7	3	8	1	9	0	11	0	14	1	17	3	19	6	20	9	20	13	20	17	19	20	17	22	14	23	12	23	11	24	11	25	12	27	13	30	13	34	13	37	14	39	16	40	19	41	23	41	27	40	31	38	34	35	36	31	38	26	39	22	39	19	39	17	38	16	38	16	
46:
63	3.214	2	2	3	2	5	3	7	4	10	5	14	7	19	10	24	14	29	19	33	23	36	26	38	28	39	29	39	29	38	28	36	27	33	27	29	27	24	27	19	26	15	24	12	22	10	19	9	15	9	11	10	8	12	6	15	5	19	5	24	6	29	7	33	7	36	8	38	10	39	13	39	17	38	21	36	25	33	29	30	32	26	35	23	37	20	38	18	38	17	37	17	35	16	34	15	34	13	35	11	36	10	36	10	35	11	33	11	30	10	26	8	23	5	20	3	16	2	12	2	8	3	5	3	3	2	2	2	2	
47:
59	1.565	19	27	19	26	19	24	18	22	16	21	13	20	10	19	8	17	6	14	3	10	1	6	0	3	0	1	1	0	1	0	2	1	4	3	7	4	11	4	14	5	16	7	18	9	21	10	23	10	26	9	29	7	31	6	34	6	36	6	37	7	37	8	36	10	34	13	31	15	29	18	28	22	28	27	29	31	30	34	32	36	34	37	35	37	36	36	36	34	35	31	33	29	30	28	26	28	23	29	20	31	17	33	15	35	14	36	13	36	13	35	14	33	16	30	18	28	19	27	19	27	
48:
51	4.976	38	5	37	4	35	2	34	1	32	0	30	0	29	1	27	3	24	6	20	10	17	15	13	19	10	24	7	28	4	31	2	33	1	36	1	38	2	39	4	39	7	38	9	36	11	34	12	33	12	33	12	34	13	35	15	36	18	37	22	39	27	40	31	40	34	39	36	39	37	38	37	36	36	35	34	33	32	30	31	27	30	23	29	20	27	17	26	15	26	14	27	14	29	13	32	11	35	8	37	6	38	5	38	5	
49:
56	3.095	11	11	10	10	8	8	7	7	5	5	4	2	4	0	5	-1	7	-1	10	0	14	2	19	5	24	7	28	8	31	8	33	8	34	8	34	9	33	11	31	13	28	15	26	16	25	16	25	15	26	14	28	14	31	14	34	15	37	16	39	18	40	21	40	25	39	28	37	30	36	33	34	36	31	38	27	39	24	39	22	38	20	36	17	33	13	31	8	30	4	30	1	31	-1	31	-2	30	-2	28	-1	25	1	21	4	17	7	14	9	12	10	11	11	11	11	11	
50:
56	3.345	16	25	17	26	19	26	22	27	25	28	27	29	28	30	28	32	27	34	25	35	22	35	18	34	15	34	12	34	10	35	8	37	5	38	3	38	2	37	2	35	3	33	5	31	7	30	8	28	8	25	7	23	5	21	2	18	0	14	-1	9	-1	5	0	2	1	0	3	-1	5	-1	6	0	6	2	7	5	9	9	12	12	16	14	20	15	25	15	29	14	32	13	34	13	35	14	35	16	34	19	32	22	29	24	26	25	22	25	19	26	17	26	16	25	16	25	
51:
53	2.077	19	33	18	33	16	33	14	32	13	30	13	28	12	27	10	27	8	27	5	27	2	28	0	28	-1	27	-1	25	0	22	2	20	5	19	9	19	14	20	18	20	21	20	23	21	24	21	24	20	23	18	21	15	19	12	17	8	16	4	16	1	17	-1	19	-2	22	-2	24	-2	27	-1	31	1	34	4	36	8	37	13	37	19	37	24	38	29	39	33	39	36	38	38	36	39	33	39	29	39	26	38	24	36	22	35	20	34	19	33	19	33	
52:
55	3.231	27	28	26	27	25	26	25	24	25	22	26	21	28	21	31	22	35	22	38	21	40	19	41	17	41	14	40	10	39	7	37	5	34	4	30	4	27	4	23	4	18	4	14	4	11	5	9	5	8	4	8	2	9	1	11	1	14	2	16	4	18	7	19	9	19	10	18	10	16	11	14	12	13	14	13	17	12	20	10	22	7	25	4	27	2	28	1	29	1	31	2	32	4	32	7	31	11	30	15	28	19	27	22	27	24	28	26	28	27	28	27	28	
53:
51	3.397	32	0	31	-1	29	-1	26	0	24	2	23	5	22	7	22	8	23	8	25	9	27	10	29	11	31	13	32	15	32	18	31	22	30	27	30	31	30	34	30	36	30	37	29	37	28	36	26	34	25	31	23	27	20	22	16	18	12	15	9	13	7	12	6	12	6	13	6	15	7	18	7	21	6	24	5	26	5	28	6	29	8	29	10	28	12	26	15	23	17	19	19	15	22	10	26	6	29	3	31	1	32	0	32	0	
54:
61	1.71	15	26	16	25	18	23	21	20	25	16	28	13	32	11	35	10	37	9	39	7	40	5	40	3	39	2	38	1	37	1	35	2	32	3	28	5	25	6	21	6	16	5	12	3	8	1	5	0	3	0	2	1	2	3	3	6	5	10	8	15	12	21	17	26	23	30	28	33	32	36	35	38	37	39	38	39	38	38	37	36	35	33	33	29	30	25	26	21	22	18	18	16	13	15	9	15	6	16	4	18	3	20	2	23	1	25	1	28	2	30	4	31	6	31	9	30	12	28	14	27	15	26	15	26	
55:
58	4.615	8	34	9	33	11	32	13	30	16	27	20	24	24	21	27	18	31	16	34	13	36	10	37	7	37	4	36	2	36	1	37	1	37	2	36	4	35	7	33	9	30	10	28	10	26	9	24	7	21	4	17	2	13	1	9	1	6	1	4	2	3	4	3	7	4	11	6	16	8	22	10	27	13	31	17	34	21	36	24	37	26	37	27	36	27	34	26	31	24	28	22	26	19	24	15	23	12	23	10	24	9	26	9	28	9	29	10	29	10	30	9	31	8	33	8	34	8	34	
56:
41	1.513	26	30	26	29	27	28	29	28	31	29	34	29	36	28	37	26	38	23	38	19	37	16	35	14	33	13	30	12	27	11	25	11	22	10	20	10	19	11	17	13	14	16	10	20	6	23	3	25	1	26	0	28	0	29	1	29	3	28	5	28	6	29	7	30	9	31	11	31	14	30	16	28	18	27	20	27	23	28	25	29	26	30	26	30	
57:
52	6.644	10	29	11	28	13	27	15	25	16	24	16	24	15	25	13	26	10	27	7	27	4	27	2	28	0	29	-1	29	-2	28	-2	26	-1	23	1	21	4	20	6	18	7	15	7	12	6	9	6	6	7	4	9	3	12	2	16	2	21	2	25	2	28	3	30	5	31	8	31	12	31	15	32	17	34	19	37	22	39	25	40	28	40	31	39	35	37	38	34	40	30	41	26	41	21	40	17	38	14	35	12	32	11	30	10	29	10	29	
58:
58	3.728	17	16	18	16	20	15	23	15	26	15	28	16	29	18	29	21	28	23	26	26	23	28	19	29	14	29	10	28	7	28	4	27	2	25	1	23	1	21	2	18	4	14	6	10	8	7	9	4	9	2	8	1	8	1	9	0	11	0	14	0	18	1	23	3	27	5	30	6	32	8	34	11	35	15	35	18	34	22	34	27	34	32	33	36	31	39	28	41	25	42	22	42	20	41	19	39	19	38	20	37	22	35	23	32	23	29	22	26	21	22	20	19	18	17	17	16	17	16	
59:
55	1.816	10	25	11	26	11	27	10	29	10	32	9	34	7	35	5	35	4	36	4	37	5	39	7	40	10	41	14	41	19	40	23	38	28	36	32	33	35	30	37	28	38	27	38	25	37	22	35	18	34	15	33	13	33	11	34	9	36	8	37	6	37	3	36	1	34	-1	31	-2	27	-2	24	-1	22	1	19	3	16	4	13	4	10	3	8	3	7	4	5	4	2	3	0	3	-1	4	-1	6	0	9	2	12	4	16	5	19	7	22	9	24	10	25	10	25	
60:
55	4.394	30	22	29	23	29	25	30	28	32	31	35	35	37	38	39	40	40	41	40	41	39	40	37	38	36	35	36	31	37	27	37	22	37	16	36	11	35	7	34	4	33	2	32	1	30	1	27	2	23	4	20	7	16	10	12	14	9	19	7	23	6	28	5	32	3	35	2	37	2	38	3	38	4	37	4	35	3	32	3	28	2	25	2	23	2	21	3	20	5	20	7	21	10	23	12	24	15	26	19	27	23	27	26	26	28	25	29	23	30	22	30	22	
61:
54	4.091	28	8	29	7	31	7	34	7	36	8	37	10	37	13	36	15	36	18	35	21	35	24	34	26	34	27	33	27	32	26	30	24	27	21	23	17	20	12	17	7	15	3	13	0	10	-2	7	-3	5	-3	4	-2	3	0	3	3	4	7	6	12	7	16	7	19	6	23	5	28	5	32	6	35	7	37	8	38	10	38	11	37	11	35	11	32	12	30	13	28	13	27	12	27	12	26	13	24	15	21	18	18	22	14	25	11	27	9	28	8	28	8	
62:
54	3.136	34	34	33	35	31	37	28	38	24	38	20	38	17	37	14	35	12	34	11	32	11	30	12	27	14	25	17	24	21	23	25	23	28	23	30	22	31	21	31	20	30	18	29	15	27	13	24	12	20	12	15	12	10	11	6	10	3	10	1	11	0	12	0	13	-1	13	-1	12	0	10	1	7	3	4	6	1	10	-1	15	-2	21	-2	26	-1	30	1	33	4	35	8	36	13	36	17	36	20	35	22	35	25	36	28	36	31	35	33	34	34	34	34	
63:
56	1.703	17	24	18	23	20	21	23	20	26	20	29	21	32	23	34	26	35	29	35	33	34	36	32	38	29	39	26	39	23	38	21	36	19	33	17	29	15	25	13	22	12	20	12	19	13	18	15	17	18	16	22	15	26	14	30	12	33	10	35	7	36	5	36	2	35	0	33	-1	31	-1	28	0	24	2	19	4	15	6	12	7	10	9	9	10	9	12	10	15	12	19	15	23	19	27	22	30	24	32	25	33	25	33	24	32	22	30	20	27	18	25	17	24	17	24	
64:
53	4.712	26	7	25	7	23	8	20	9	18	11	15	13	11	14	8	14	6	15	5	15	5	14	6	12	8	9	10	6	11	4	11	3	10	3	8	4	7	6	7	9	7	13	8	17	9	22	9	26	9	29	8	31	6	32	5	32	5	31	6	31	8	32	10	34	13	37	17	39	20	40	24	40	27	39	29	37	31	35	32	32	32	28	31	23	31	19	32	16	32	14	33	13	34	13	34	13	33	12	31	11	29	10	27	8	26	7	26	7	
65:
52	6.326	7	24	8	24	10	24	12	25	14	27	15	29	15	32	14	34	12	35	9	35	6	34	4	32	3	29	3	26	3	23	4	19	6	16	9	14	12	13	14	11	16	8	18	5	20	3	22	2	24	2	25	3	25	5	24	6	22	8	21	11	21	13	22	14	24	14	26	13	29	13	31	14	32	16	32	19	32	22	33	26	33	30	32	33	30	35	27	36	23	36	19	35	16	33	14	31	12	28	10	26	8	25	7	24	7	24	
66:
53	11.203	23	8	24	9	26	9	28	8	29	6	31	5	33	5	34	6	36	8	37	11	37	14	37	17	36	20	34	22	32	23	30	23	29	22	29	20	29	17	28	15	26	14	23	14	20	15	17	16	14	17	12	19	11	21	11	24	12	28	13	32	14	35	14	37	13	38	11	38	8	37	6	35	4	33	3	30	3	26	3	22	3	17	3	13	4	9	6	6	9	4	13	3	17	3	20	2	22	2	23	3	23	5	23	7	23	8	23	8	
67:
59	14.735	19	29	18	28	18	26	19	24	21	22	24	19	27	17	29	14	30	11	31	8	31	6	30	5	28	5	26	4	24	2	21	1	17	1	12	2	8	4	5	6	3	9	2	12	1	14	1	15	2	15	4	15	7	15	10	14	12	12	13	10	13	9	12	8	12	8	11	9	9	11	7	14	6	18	6	23	7	27	8	30	10	32	13	33	17	33	22	33	27	32	31	32	34	32	36	32	37	32	37	33	36	35	34	37	32	38	30	38	28	37	25	35	22	32	20	30	19	29	19	29	
68:
54	4.35	23	32	22	33	20	33	17	32	15	30	13	28	12	25	12	22	13	18	15	14	17	9	18	5	18	2	17	0	15	-1	12	-1	9	0	7	2	6	5	4	9	2	14	0	18	-1	21	-1	23	0	25	2	26	5	26	8	25	12	23	15	20	19	17	23	13	27	10	31	8	34	7	36	7	37	8	37	10	36	13	36	17	37	20	39	23	40	26	40	29	39	31	37	32	34	32	31	31	28	30	25	29	23	29	22	30	22	31	23	32	23	32	
69:
59	6.693	34	24	35	23	36	21	36	18	36	14	36	10	35	7	34	5	32	4	29	4	26	3	24	1	23	0	21	-1	18	-1	16	0	14	2	13	5	13	9	12	12	10	14	7	15	4	17	2	20	1	23	0	27	0	30	0	32	1	33	2	33	4	32	7	30	10	27	14	23	18	19	22	16	25	14	27	13	28	13	28	14	27	15	25	17	22	20	20	24	19	29	19	33	20	36	22	38	25	39	29	39	33	39	36	38	38	37	39	35	39	33	38	30	37	27	35	25	34	24	34	24	
70:
58	2.358	8	7	7	8	6	10	6	13	7	17	9	21	10	25	10	28	9	30	7	31	4	32	2	34	1	37	1	39	2	40	4	40	6	40	9	39	11	37	13	34	15	32	18	31	22	31	27	31	31	32	34	32	36	33	38	35	39	36	39	36	38	35	36	33	33	30	31	26	30	21	30	15	31	10	32	6	32	3	31	1	29	0	26	-1	22	-1	19	0	17	2	14	5	12	9	9	12	5	14	2	15	0	15	-1	14	-1	12	0	10	2	8	5	7	7	7	8	7	8	7	
71:
50	3.167	14	15	15	16	17	16	19	17	22	19	25	21	29	22	32	23	35	23	37	22	38	20	38	17	37	14	35	11	34	7	32	4	31	2	31	1	32	1	34	2	35	4	35	7	35	9	34	10	32	10	30	9	27	7	23	4	18	2	13	1	8	1	4	2	1	4	-2	6	-4	9	-5	13	-5	17	-4	21	-3	24	-2	26	0	27	3	27	6	27	9	27	11	26	12	24	12	21	12	18	13	16	14	15	14	15	
72:
53	3.267	3	30	4	29	5	27	6	24	7	22	7	21	8	21	10	22	13	23	17	23	20	23	23	22	25	20	26	17	26	15	25	13	23	12	20	12	18	13	15	14	12	14	10	13	9	12	9	10	10	8	12	5	14	3	17	0	21	-2	25	-3	29	-3	32	-2	34	0	35	3	35	7	34	12	32	17	29	22	25	26	20	29	16	31	13	32	11	33	10	34	10	36	10	38	11	39	11	39	10	38	8	36	6	33	4	31	3	30	3	30	
73:
41	2.057	35	12	34	13	32	13	30	12	29	10	28	7	28	5	28	4	27	4	25	5	22	7	19	10	15	14	12	18	9	22	6	27	4	31	3	34	2	36	2	37	2	37	3	36	5	36	8	37	12	37	15	36	17	34	18	32	18	29	18	27	19	25	21	24	24	23	27	22	31	21	34	21	36	20	37	18	37	15	36	13	35	12	35	12	
74:
64	2.002	30	25	31	26	31	28	32	29	33	31	35	32	36	32	37	31	38	29	39	26	39	23	38	20	37	18	35	16	32	15	28	15	23	16	18	17	13	19	9	21	6	22	4	22	3	21	3	19	4	17	5	14	5	11	4	8	3	6	2	5	2	4	3	4	5	4	8	4	12	3	17	1	23	-1	28	-2	32	-2	35	-2	37	-1	38	1	38	3	37	6	35	8	32	11	28	13	25	15	23	18	21	22	20	27	18	31	15	34	13	36	12	38	12	39	13	39	15	38	17	36	20	33	24	31	27	28	29	26	30	25	30	25	
75:
58	6.134	32	14	31	15	29	17	27	18	25	18	24	17	24	15	23	12	21	8	18	5	14	3	9	2	5	2	2	3	0	5	-2	8	-3	12	-3	16	-2	20	0	23	3	25	6	26	9	26	12	26	14	27	15	29	15	32	15	35	16	37	18	38	21	38	25	37	29	37	33	36	36	34	38	32	39	30	39	29	38	29	36	30	33	30	30	29	28	27	25	24	23	22	22	20	22	17	23	15	25	12	28	10	30	8	31	7	31	7	31	8	30	9	30	11	31	13	32	14	32	14	
76:
45	1.176	34	13	33	14	31	14	30	13	30	11	30	8	30	5	30	3	29	2	27	2	26	3	26	5	25	8	23	12	22	17	22	23	22	28	21	32	19	35	16	37	12	38	9	38	6	37	4	35	3	32	3	28	2	24	2	20	1	16	1	13	1	11	2	10	4	10	5	11	7	13	8	16	10	19	12	21	15	22	19	22	24	21	28	19	31	16	33	14	34	13	34	13	
77:
58	2.315	26	19	25	18	25	17	24	15	22	14	19	14	17	15	16	15	16	14	17	13	19	11	20	8	22	5	24	3	25	2	25	2	26	3	28	5	30	8	31	12	31	17	31	22	30	26	30	29	31	31	32	32	32	32	32	31	33	29	35	27	37	24	40	20	42	15	43	11	43	7	42	4	40	2	37	1	33	1	28	2	23	3	17	3	12	2	8	2	5	3	3	5	2	8	1	12	1	16	2	19	4	21	7	23	11	24	16	24	20	23	23	22	25	20	26	19	26	19	
78:
48	1.361	36	15	36	14	35	12	34	9	34	6	35	3	35	1	36	0	37	0	37	1	36	3	35	6	33	10	30	15	28	21	25	26	21	30	18	34	15	37	12	39	9	40	7	40	5	39	4	37	4	34	5	31	7	28	8	24	10	20	12	17	13	15	15	14	16	14	16	15	17	17	18	20	18	23	19	25	21	27	24	28	26	28	27	27	28	25	29	23	31	21	33	18	35	16	36	15	36	15	
79:
62	5.602	5	23	4	24	3	26	2	29	2	32	3	34	5	36	8	37	12	39	17	41	22	42	26	42	29	41	31	39	32	36	32	32	32	27	31	23	29	20	26	18	23	17	20	16	16	15	12	15	9	14	7	12	5	9	3	6	2	3	2	1	3	0	5	0	8	1	12	3	16	4	21	4	26	4	30	3	33	2	35	1	36	1	36	2	35	4	34	6	33	9	33	12	34	14	36	15	38	15	39	14	39	13	38	13	36	14	33	16	29	19	24	22	20	24	15	25	11	25	8	25	6	24	5	23	5	23	
80:
53	1.756	24	32	23	33	23	34	23	34	22	33	20	31	19	28	19	25	18	23	17	22	15	22	12	22	10	23	9	25	9	28	10	31	10	33	9	34	7	34	4	33	2	31	1	28	0	24	-2	19	-3	14	-3	10	-2	7	-1	5	1	4	4	4	8	5	12	5	17	6	21	6	24	5	26	5	27	6	27	8	28	10	30	11	33	11	36	10	38	9	39	9	39	10	38	12	37	15	35	19	32	23	30	26	27	29	25	31	24	32	24	32	
81:
55	3.123	4	36	3	36	2	35	2	33	2	31	3	30	5	30	8	30	10	31	11	33	11	34	10	34	9	33	8	31	8	28	9	25	11	23	14	22	18	21	22	21	25	22	27	24	28	27	28	31	28	35	28	38	29	40	31	41	33	41	36	40	38	38	39	35	39	31	38	27	36	22	35	17	35	13	35	9	34	6	32	4	29	3	25	3	21	3	17	3	13	4	9	6	6	9	4	13	3	18	1	22	0	26	0	30	1	33	3	35	4	36	4	36	
82:
57	12.895	8	0	9	0	11	0	14	0	18	0	22	1	25	2	27	4	28	7	28	10	27	14	26	18	26	22	27	25	29	28	32	30	34	32	36	34	39	35	42	35	45	34	47	32	48	29	48	25	47	20	45	14	42	9	38	5	35	2	31	0	26	-1	20	-1	15	0	10	2	6	4	3	7	1	11	0	16	0	21	0	25	1	28	3	30	5	31	8	31	10	30	11	29	11	27	12	24	12	20	13	17	14	14	14	10	14	6	13	3	11	1	9	0	8	0	8	0	
83:
63	28.331	15	13	14	14	12	16	11	18	10	21	10	25	11	30	13	34	16	37	19	39	23	40	27	40	30	39	32	37	33	35	33	34	32	33	32	33	33	34	35	35	37	36	39	36	40	35	40	33	39	30	39	26	39	22	39	19	38	17	36	16	34	16	32	15	31	13	31	11	30	9	28	7	25	4	21	2	17	0	14	-1	10	-1	6	0	3	0	1	1	0	1	0	0	1	-1	3	-1	6	0	8	2	9	5	9	9	8	12	6	14	4	15	3	16	3	18	4	19	6	19	9	18	12	16	14	14	15	13	15	13	
84:
60	10.866	11	13	11	14	12	15	14	16	16	16	19	15	23	13	28	12	32	11	35	10	38	10	40	11	41	12	41	14	40	17	38	19	35	20	31	21	26	21	21	20	17	19	14	19	12	20	10	22	9	24	8	27	8	31	9	36	11	40	14	43	18	45	22	46	25	46	27	45	28	43	28	41	27	39	25	37	22	35	19	33	15	32	10	31	6	31	3	30	1	28	0	25	0	21	1	16	2	12	2	8	3	5	4	3	4	2	5	2	7	3	9	5	11	8	12	10	12	12	11	13	11	13	
85:
63	12.928	12	9	13	9	15	8	18	8	22	8	27	7	32	5	36	2	39	0	41	-3	42	-6	42	-10	41	-13	39	-15	36	-16	32	-17	27	-17	21	-16	15	-14	10	-11	6	-7	3	-2	1	4	0	11	0	17	-1	22	-1	27	0	31	2	34	4	36	7	37	10	37	12	36	15	34	19	32	22	31	24	31	25	32	27	34	29	35	31	36	34	37	36	37	37	36	37	34	36	33	34	32	32	30	31	27	31	24	32	22	34	20	35	18	35	16	34	15	32	15	29	16	25	16	22	15	18	13	15	11	13	10	12	9	12	9	
86:
57	2.937	34	23	35	22	36	20	36	18	35	17	33	17	30	18	27	19	25	19	23	18	22	16	20	14	17	13	15	12	13	10	12	7	12	4	13	2	15	1	17	1	19	1	20	2	20	4	19	6	17	9	14	12	11	15	7	19	4	22	2	26	1	29	1	31	2	32	4	32	7	31	11	29	15	27	18	26	20	26	21	26	21	27	21	29	22	31	24	32	27	33	30	34	32	36	34	38	35	39	37	39	39	38	40	36	40	33	39	29	37	26	35	24	34	23	34	23	
87:
53	2.401	30	26	31	27	32	29	33	30	33	30	32	30	30	30	28	31	25	33	21	35	17	36	12	36	8	35	5	33	3	30	2	26	1	21	1	16	2	11	4	7	6	4	9	2	11	1	12	1	12	2	11	4	10	7	8	10	6	14	5	17	5	20	6	22	8	24	11	25	14	26	18	26	22	25	26	23	29	20	31	17	32	14	34	12	36	10	39	9	41	9	42	10	42	12	41	15	39	18	36	21	33	23	31	25	30	26	30	26	
88:
56	11.134	36	11	35	10	34	8	32	7	31	7	29	6	26	4	22	1	18	-1	15	-2	12	-2	10	-1	9	1	9	4	10	8	11	12	12	17	14	21	15	24	15	26	14	27	12	27	9	28	5	30	2	31	0	31	-1	30	-1	28	0	26	2	25	5	23	8	20	11	17	13	14	14	12	15	11	17	11	20	12	23	14	25	17	28	21	32	25	35	29	37	32	38	34	38	35	37	35	35	34	33	32	31	29	30	25	30	21	31	17	33	14	35	12	36	11	36	11	
89:
56	9.906	34	16	35	16	36	15	38	15	39	14	39	12	38	10	36	8	33	6	29	4	25	3	21	2	18	1	16	0	15	0	14	1	13	3	13	6	14	10	14	14	15	19	17	24	20	28	23	31	27	33	32	34	36	34	39	34	41	33	42	31	42	29	41	27	39	26	36	26	32	26	27	25	21	23	15	21	10	18	6	15	3	12	1	10	0	9	0	8	1	8	2	9	4	11	7	12	11	12	16	13	20	15	24	17	28	18	31	18	33	17	34	16	34	16	
90:
52	7.837	34	26	33	27	31	29	29	32	26	35	22	37	18	38	13	38	9	37	6	36	4	34	2	31	1	27	1	22	1	16	2	11	4	7	7	4	11	2	16	1	22	1	27	1	31	2	34	4	36	7	38	11	40	15	41	20	41	24	40	27	38	29	35	30	33	32	30	33	26	33	22	32	19	30	17	28	16	25	16	21	17	18	19	16	22	15	24	15	25	16	27	17	30	17	32	18	33	20	33	23	33	25	34	26	34	26	
91:
57	3.244	0	5	-1	6	-1	8	-1	9	0	11	1	12	3	12	6	11	9	11	13	12	16	14	19	17	22	20	24	22	25	23	25	25	24	27	22	30	19	33	15	35	12	36	9	36	5	35	2	33	0	30	-1	26	-1	23	0	20	2	18	5	17	9	17	14	17	19	18	24	19	28	19	31	19	33	20	34	20	34	19	34	18	35	16	37	15	38	14	39	12	39	10	38	9	36	7	33	4	30	2	26	1	21	1	15	2	10	3	6	4	3	4	1	5	0	5	0	5	
92:
52	4.652	6	20	7	21	9	23	12	25	14	28	15	32	17	35	20	37	24	38	27	38	29	37	31	36	32	36	32	37	31	37	29	36	26	35	24	33	23	30	23	26	23	22	24	19	26	16	28	13	29	11	29	9	28	8	26	8	23	8	19	8	14	7	10	7	7	8	4	10	2	13	1	17	0	22	0	27	0	31	0	34	0	36	0	38	1	39	3	39	5	38	7	36	9	33	10	30	10	26	9	23	7	21	6	20	6	20	
93:
49	0.744	6	13	7	14	8	16	10	17	13	17	15	18	18	20	20	22	21	25	22	28	24	32	27	35	30	37	32	38	33	38	33	37	32	36	32	34	32	32	33	29	35	25	37	22	38	19	38	17	37	16	36	16	34	17	32	18	29	18	27	17	26	16	26	16	26	17	25	19	25	21	24	24	22	27	19	30	17	32	14	33	11	33	9	32	7	30	6	27	6	23	7	19	7	16	7	14	6	13	6	13	
94:
62	2.785	28	14	29	13	31	11	34	10	36	8	37	5	37	2	36	0	35	-1	33	-1	30	0	26	2	22	5	19	8	17	10	16	12	14	13	11	13	9	12	8	10	8	9	9	9	10	10	10	12	9	15	7	19	4	22	1	24	-1	26	-2	28	-2	31	-1	33	1	34	3	34	6	33	10	32	13	31	15	31	16	32	16	34	16	37	17	39	18	40	20	40	21	39	23	38	24	36	24	33	23	30	22	28	22	27	23	27	25	28	28	29	31	29	33	28	34	26	34	23	33	20	31	17	29	15	28	14	28	14	
95:
57	15.464	32	10	33	11	33	13	33	16	33	20	33	25	32	29	31	33	29	36	26	39	22	41	18	42	14	42	11	42	9	41	8	39	8	36	9	32	9	27	8	23	6	19	3	16	1	14	0	12	0	11	1	10	3	10	6	9	9	9	12	8	14	6	15	3	15	1	14	0	14	0	15	1	17	3	18	6	19	10	19	15	18	19	17	22	16	26	16	29	16	31	17	32	19	32	21	31	24	30	26	28	27	25	28	22	30	18	32	15	33	13	33	11	32	10	32	10	
96:
54	2.075	19	20	19	19	19	18	18	16	16	14	14	11	13	8	13	6	14	5	16	3	18	1	21	0	24	0	28	0	31	1	33	3	34	6	34	9	35	13	36	18	38	22	39	25	39	27	38	28	36	28	33	28	29	27	24	27	19	27	14	28	10	30	7	31	3	32	0	32	-2	31	-3	29	-3	26	-2	22	0	18	3	15	7	13	12	12	16	10	19	9	22	8	24	8	25	8	25	8	24	9	22	11	21	14	20	17	19	19	19	20	19	20	
97:
61	8.995	5	10	6	11	8	12	11	13	14	13	18	12	23	12	27	13	30	15	32	17	34	18	35	19	36	19	36	18	37	16	38	13	38	10	38	7	37	5	35	4	32	4	28	5	23	7	17	8	12	8	8	7	5	7	3	8	2	10	2	13	2	17	3	21	4	26	4	30	3	33	3	35	4	36	6	36	9	36	13	35	18	33	23	32	28	32	32	33	35	35	37	37	38	38	39	38	39	37	38	35	36	32	33	30	29	29	25	28	22	26	19	23	15	20	11	16	8	13	6	11	5	10	5	10	
98:
56	6.792	30	20	29	19	29	17	29	14	30	11	32	9	35	7	37	6	38	4	38	2	37	0	35	-1	32	-1	28	0	24	2	21	5	19	9	18	14	17	19	17	23	17	26	17	28	18	29	19	30	21	30	22	29	22	27	21	24	21	21	20	18	19	14	19	11	18	9	16	8	13	8	10	9	8	11	6	14	5	18	5	23	6	28	8	32	11	36	14	39	18	41	23	42	27	42	30	41	32	39	34	37	35	34	35	30	34	26	33	23	31	21	30	20	30	20	
99:
59	14.735	11	14	10	14	9	14	7	13	4	11	2	10	1	10	1	9	2	9	3	10	5	12	6	15	6	18	5	20	4	21	4	23	5	24	7	26	10	29	14	33	17	36	19	38	21	39	22	39	23	38	23	36	22	34	22	31	23	28	25	26	27	25	29	25	30	26	31	27	32	27	34	26	37	24	39	21	40	17	40	12	39	7	37	3	34	0	30	-2	26	-3	23	-3	21	-2	20	0	20	3	21	5	21	7	20	8	18	8	16	8	15	9	15	11	14	13	12	14	11	14	11	14	