0:
64	29.023	6	28	6	29	6	31	6	33	5	35	4	36	2	38	1	39	0	39	-1	38	-2	36	-2	33	-1	29	0	24	0	18	1	12	3	6	6	1	10	-3	15	-6	19	-8	23	-9	26	-9	28	-8	29	-6	29	-4	28	-1	26	1	23	3	21	6	20	10	20	15	21	20	21	25	20	29	18	32	17	34	17	37	18	41	20	44	23	47	27	49	31	50	34	50	38	50	41	49	43	47	44	44	44	41	43	38	41	36	39	34	36	32	33	29	31	25	29	22	27	20	24	19	20	19	16	20	12	22	9	25	7	27	6	28	6	28	
1:
62	11.36	39	7	40	8	42	9	43	11	43	12	42	12	41	13	40	15	38	18	37	22	36	27	36	32	37	36	39	39	40	43	40	46	41	48	41	49	40	49	38	48	36	46	33	44	30	43	26	42	21	42	17	42	14	42	12	42	11	42	11	41	12	39	13	36	13	34	12	33	10	33	7	33	4	32	2	31	1	29	1	26	2	22	4	19	7	17	9	15	12	14	14	12	15	9	15	6	14	4	13	3	13	3	13	4	14	6	16	9	19	11	23	12	26	12	29	11	33	11	36	10	38	8	39	7	39	7	
2:
68	15.733	35	21	36	21	37	20	37	18	36	15	36	12	37	8	39	5	41	3	44	2	46	2	47	3	47	5	46	8	44	12	43	15	42	19	41	24	39	28	38	32	38	35	39	37	41	38	42	40	42	42	41	45	39	47	36	48	32	48	27	47	23	45	20	42	17	38	14	33	10	29	7	26	5	24	4	22	4	21	5	21	7	22	10	22	13	21	15	20	16	19	16	17	15	15	13	14	10	14	8	14	6	13	4	11	3	9	3	6	4	3	6	1	9	0	13	0	17	1	20	3	23	4	25	6	26	9	27	13	29	16	32	18	34	20	35	21	35	21	
3:
60	14.773	9	21	10	22	12	24	15	27	17	30	20	32	22	33	23	33	23	34	22	35	20	36	17	37	13	37	10	36	8	34	6	33	5	33	5	34	6	34	8	33	10	31	13	28	17	24	22	19	26	15	29	12	32	10	34	9	37	9	39	10	40	12	40	15	39	18	37	22	36	26	36	30	37	33	39	35	42	36	45	36	47	35	48	33	48	30	49	27	49	23	49	18	48	13	46	9	43	6	39	4	34	3	29	3	25	4	22	6	20	9	18	12	15	15	12	18	10	20	9	21	9	21	
4:
62	15.124	9	33	10	32	12	30	15	29	19	28	23	28	26	27	30	27	33	26	36	24	40	22	43	21	46	21	48	21	49	22	49	24	48	27	46	31	44	35	43	40	41	44	38	47	34	49	30	50	25	50	20	49	16	47	13	44	11	40	10	35	10	29	11	22	13	16	16	11	20	7	25	4	31	2	36	0	40	-2	44	-3	47	-3	49	-3	50	-2	50	0	49	3	47	5	44	8	40	11	35	14	29	16	24	17	18	18	13	18	9	18	6	19	4	21	3	24	3	26	4	29	6	31	8	32	9	33	9	33	
5:
74	14.546	18	31	19	30	20	28	20	25	19	22	18	20	16	19	13	19	10	19	8	20	6	22	4	25	3	29	3	34	3	38	4	41	6	43	9	45	13	46	18	46	22	45	25	43	27	41	28	39	29	38	29	38	30	39	30	41	31	42	33	43	36	43	39	42	41	40	42	37	43	33	43	28	42	24	40	19	37	15	35	12	32	10	30	9	29	8	28	8	27	9	27	11	28	13	30	14	33	14	36	13	38	11	39	8	39	6	38	3	36	1	33	-1	29	-4	24	-6	19	-7	13	-7	8	-6	4	-4	1	-1	-1	3	-2	7	-2	12	-1	16	1	19	4	22	8	25	12	28	15	30	17	31	18	31	18	31	
6:
59	5.663	4	32	5	31	7	31	10	31	13	30	16	30	18	31	19	33	20	36	22	38	25	39	29	40	33	40	38	39	42	39	45	39	47	39	48	38	48	36	48	34	47	32	45	30	42	28	38	25	34	21	31	17	29	13	28	10	28	8	29	7	31	7	32	8	33	10	33	13	32	16	30	18	27	19	23	19	18	19	13	18	9	18	6	19	4	21	3	24	1	28	0	32	0	37	1	41	3	44	4	46	6	47	7	47	7	46	8	44	8	41	8	38	7	35	5	33	4	32	4	32	
7:
68	16.831	38	44	37	45	35	47	32	48	28	48	24	47	20	45	16	42	12	38	9	33	6	27	4	21	2	15	1	10	1	6	2	3	4	1	7	0	11	0	15	1	18	3	20	6	21	10	21	15	21	21	21	28	22	34	23	39	23	43	22	46	20	48	17	49	14	49	12	48	11	46	10	43	10	40	11	38	13	35	16	33	18	30	21	27	25	25	30	22	36	20	41	17	45	13	48	10	50	6	51	3	51	1	50	0	48	0	45	1	42	3	38	6	35	10	32	14	30	18	29	22	29	25	30	27	32	30	35	34	37	38	38	41	38	43	38	44	38	44	
8:
62	2.296	28	21	28	20	28	18	27	15	27	12	26	9	26	5	27	2	29	0	32	-1	36	-1	40	0	44	2	47	5	49	8	50	12	50	15	49	17	48	18	46	18	44	17	41	15	37	14	32	13	27	13	23	14	20	16	18	18	17	21	17	24	18	26	18	28	17	29	15	29	14	28	13	26	11	23	10	19	8	16	6	13	5	11	3	10	2	10	0	11	-1	13	-1	16	0	20	2	24	4	29	7	33	10	36	14	38	19	39	23	39	26	38	28	36	29	33	29	29	28	26	27	24	27	22	28	21	28	21	
9:
61	9.478	43	3	43	4	43	6	44	9	46	13	48	17	49	21	49	24	48	26	46	27	43	27	39	26	34	24	29	22	23	21	17	21	12	22	8	24	5	26	3	27	2	27	2	26	2	24	1	21	0	17	0	12	-1	8	-1	5	0	3	2	1	5	0	9	0	14	1	18	2	21	4	23	7	24	11	24	16	23	21	21	25	19	29	17	32	16	35	16	37	17	39	19	41	21	42	24	42	27	41	29	39	30	36	31	32	33	28	35	23	37	19	38	16	39	12	41	9	42	6	43	4	43	3	43	3	
10:
66	16.277	36	48	35	48	34	49	32	50	29	50	25	49	21	47	18	44	16	40	15	37	13	33	10	30	6	28	3	27	1	27	0	28	0	29	1	29	3	28	6	26	9	23	13	21	18	18	22	14	26	10	30	7	33	4	35	2	36	0	36	-2	35	-5	33	-7	30	-8	26	-8	22	-7	19	-5	17	-2	15	2	14	6	14	9	15	12	17	14	20	16	24	17	29	17	34	18	38	20	42	23	46	25	49	28	51	31	52	35	52	38	51	40	50	41	48	41	46	40	45	38	44	37	43	37	41	38	38	40	36	43	35	45	35	47	36	48	36	48	
11:
63	4.517	30	46	31	45	33	44	34	42	34	39	35	35	35	31	34	28	32	26	29	25	26	25	22	26	19	26	17	25	16	23	16	20	17	18	19	16	22	15	26	15	29	16	32	16	34	15	36	13	39	12	43	12	47	13	50	15	52	18	53	22	53	27	52	31	50	34	47	36	43	37	38	37	32	37	25	36	19	34	14	31	10	27	7	24	5	22	4	21	4	20	5	20	7	21	10	23	14	26	19	29	24	31	29	32	33	32	36	32	38	33	39	35	39	38	38	41	37	44	35	46	33	47	31	47	30	46	30	46	
12:
54	1.551	10	17	10	16	9	14	7	13	4	13	2	14	1	16	1	19	2	22	4	24	5	27	7	31	10	35	13	38	17	40	21	41	24	41	26	40	28	38	29	35	31	32	33	28	34	25	35	23	35	21	34	19	34	16	35	13	37	11	38	10	38	10	37	10	35	10	34	11	32	13	30	14	28	14	25	13	23	12	21	12	20	13	20	15	20	18	21	22	21	25	20	27	19	28	19	28	18	27	16	25	13	23	11	20	10	18	10	17	10	17	
13:
69	34.504	43	20	43	19	42	17	40	15	37	13	33	12	28	12	23	13	19	15	16	18	14	22	11	26	9	30	7	35	6	39	6	42	7	44	9	45	11	45	14	44	16	42	17	40	17	39	17	38	18	38	19	39	20	41	22	42	25	42	29	41	34	39	38	36	42	32	45	29	47	25	48	20	48	14	47	8	45	3	42	-2	38	-6	33	-9	27	-11	21	-12	15	-12	10	-11	6	-9	3	-6	1	-2	0	2	0	5	1	7	3	8	6	9	10	9	15	8	21	8	27	8	32	7	36	5	39	4	41	4	43	5	44	7	44	10	44	14	44	17	44	19	43	20	43	20	
14:
62	8.554	38	25	37	26	35	26	32	26	29	26	27	26	26	25	26	23	26	21	25	19	23	18	22	18	21	17	21	15	22	12	23	8	23	5	22	3	20	2	17	1	14	1	11	2	9	4	8	7	8	11	7	16	6	22	6	29	6	35	6	40	6	44	7	47	9	49	12	50	15	50	18	49	20	47	21	45	21	43	22	42	24	42	25	43	27	45	30	46	34	46	37	45	39	43	40	41	41	38	41	34	40	31	38	29	35	28	32	28	30	29	29	30	29	31	30	31	32	30	35	28	37	26	38	25	38	25	
15:
64	22.353	34	32	35	33	37	33	39	33	40	32	42	30	45	27	49	25	52	24	54	24	55	25	55	27	55	30	54	33	52	36	49	39	45	41	40	42	34	42	27	41	21	41	16	42	12	44	9	46	7	47	4	47	2	46	1	44	1	41	2	37	4	34	7	30	10	26	12	21	13	15	13	10	12	6	10	3	8	1	6	0	3	0	1	1	0	3	0	6	1	10	3	14	6	17	10	19	14	20	17	20	19	19	20	17	20	15	21	14	23	13	25	13	26	14	28	16	29	19	29	23	30	26	32	29	33	31	34	32	34	32	
16:
68	3.23	30	38	30	37	30	35	30	33	31	30	33	27	34	24	34	22	33	20	31	19	28	19	25	18	22	18	20	19	19	21	17	22	16	22	16	21	17	19	17	17	16	15	14	14	11	14	8	15	6	17	5	20	5	24	5	29	5	34	6	39	7	43	9	46	12	48	16	49	21	49	25	48	28	47	31	46	34	46	36	47	39	48	43	49	48	49	52	48	55	46	57	43	59	40	60	36	60	31	60	25	59	20	57	16	54	13	51	11	47	10	42	10	36	11	31	13	27	16	24	20	22	25	21	29	21	33	22	36	24	38	27	39	29	39	30	38	30	38	
17:
62	11.46	3	27	4	27	6	28	9	28	11	27	12	25	12	23	13	20	14	18	16	17	19	17	23	17	28	18	32	19	35	19	37	18	38	16	38	13	37	11	35	9	33	8	30	8	26	8	21	8	16	7	12	5	9	3	7	2	6	2	6	3	7	3	9	2	12	2	16	2	21	1	27	0	33	0	38	1	42	3	45	6	47	10	48	15	48	21	48	27	47	33	45	38	42	42	39	45	35	47	30	48	24	48	19	47	14	47	10	47	7	46	5	44	4	41	4	37	4	33	4	30	4	28	3	27	3	27	
18:
59	6.248	12	14	12	13	11	12	10	11	8	10	5	10	2	11	0	12	-1	14	-1	17	0	20	2	22	5	24	7	26	8	29	8	33	7	36	5	39	4	41	4	42	5	42	7	41	10	40	13	40	16	41	19	43	22	46	25	48	29	50	33	51	38	51	42	50	45	48	47	46	48	44	48	41	47	39	45	38	43	36	42	33	42	29	43	26	45	24	46	23	47	23	48	24	48	26	48	27	47	27	45	26	42	26	38	25	33	25	27	24	22	22	18	19	15	17	13	15	12	14	12	14	
19:
59	5.293	31	11	30	12	28	13	26	15	23	18	20	21	17	23	15	24	14	24	14	24	15	25	17	27	18	30	19	32	21	33	23	33	25	32	26	30	26	27	25	24	23	22	20	19	18	17	17	15	17	14	16	14	14	15	12	15	10	16	7	18	5	21	3	25	2	30	2	34	3	37	5	39	8	40	12	41	17	41	23	42	28	44	32	46	36	47	39	47	41	46	42	44	42	41	41	37	41	32	40	26	40	21	41	17	41	14	40	12	39	11	37	11	34	10	32	10	31	11	31	11	
20:
63	16.846	19	45	20	46	22	48	25	49	29	49	34	49	38	49	41	48	43	46	44	43	45	39	45	35	44	31	42	27	39	23	35	19	30	15	26	11	21	7	16	4	11	2	7	1	4	1	2	2	1	4	1	7	1	11	0	16	0	21	0	27	1	32	1	36	1	39	1	41	2	42	4	42	7	41	11	39	16	37	20	34	23	30	25	25	27	20	30	16	34	13	38	11	41	9	43	8	44	8	44	9	43	10	41	11	38	12	34	14	29	17	25	21	22	26	20	31	19	35	19	39	20	42	20	44	19	45	19	45	
21:
67	5.98	46	11	45	12	43	14	40	16	36	17	33	17	31	16	30	16	28	17	25	19	22	22	19	26	17	31	14	35	11	38	7	40	4	41	2	41	1	40	1	39	2	37	4	34	7	30	10	27	14	25	19	24	23	24	28	25	33	25	37	24	40	23	42	23	43	24	43	26	42	28	40	31	37	35	33	38	29	40	26	41	23	42	19	42	15	43	12	45	10	46	9	46	9	45	9	43	8	40	6	36	3	31	1	25	0	19	0	13	1	8	3	4	6	1	10	-1	14	-2	19	-2	25	-1	31	0	36	2	40	5	43	8	45	10	46	11	46	11	
22:
64	5.46	23	9	24	10	24	12	24	15	23	17	21	18	18	18	15	17	12	15	9	12	7	9	6	5	6	1	7	-2	9	-4	12	-5	16	-5	20	-4	25	-2	29	0	32	3	35	5	37	6	39	6	40	5	42	5	43	6	45	7	46	9	46	12	45	16	43	19	40	23	38	27	36	31	35	34	35	36	35	39	35	41	34	42	32	43	29	43	25	42	20	40	16	38	13	37	11	37	10	37	10	38	11	39	11	41	10	42	8	42	6	41	5	39	5	36	6	32	8	28	11	24	15	19	18	15	20	12	22	10	23	9	23	9	
23:
63	12.051	40	22	40	23	40	25	40	28	41	32	43	36	45	39	46	41	46	42	45	42	44	43	44	45	44	47	43	48	41	48	38	47	35	45	33	43	32	40	32	36	32	32	32	29	31	27	29	26	27	25	24	25	21	26	19	28	18	31	18	35	18	40	17	44	15	47	12	49	8	50	5	50	3	49	1	47	0	44	0	40	1	36	3	32	6	27	8	21	9	16	11	11	13	7	16	4	20	2	25	1	31	1	36	2	40	4	43	7	45	11	46	14	46	16	45	17	43	17	41	18	40	19	40	21	40	22	40	22	
24:
62	6.456	36	37	36	38	36	40	36	43	35	46	33	49	30	51	26	52	21	52	16	51	11	49	7	47	4	44	2	40	1	35	1	31	2	28	4	26	7	23	11	19	14	14	16	9	17	5	17	1	16	-2	14	-4	11	-5	7	-5	4	-4	2	-2	1	0	1	2	2	3	4	4	6	6	9	8	11	10	14	12	18	14	21	17	25	19	28	20	30	20	31	19	31	17	32	15	33	14	35	14	38	15	42	17	45	20	47	23	48	27	48	31	47	35	46	38	45	40	44	41	42	41	39	40	37	38	36	37	36	37	
25:
66	4.466	5	44	6	43	8	41	10	38	12	35	15	33	18	32	20	32	21	32	21	31	20	29	19	26	17	22	16	19	16	17	17	16	19	16	22	16	26	17	30	18	33	19	36	19	38	18	39	17	39	15	39	12	38	9	36	7	33	6	29	4	24	2	18	0	13	-1	9	-1	6	-1	4	0	3	1	3	2	4	4	6	6	9	9	13	11	17	12	22	14	26	17	30	21	34	25	39	30	43	34	46	38	48	42	49	45	49	47	48	48	46	48	44	47	41	45	37	43	32	42	26	42	20	42	15	43	11	43	8	44	6	44	5	44	5	44	
26:
64	14.422	29	39	28	38	26	37	23	36	20	36	16	35	12	34	9	33	7	33	6	34	6	34	7	34	9	34	12	33	14	31	15	28	16	24	16	21	15	19	13	18	11	18	10	17	10	15	11	14	13	12	16	9	20	6	24	4	29	2	33	1	36	1	38	2	39	4	39	7	38	10	36	14	35	19	35	23	36	26	36	28	37	29	39	29	42	28	45	28	47	28	48	27	48	25	47	23	45	20	43	16	40	13	38	11	36	10	35	10	34	11	32	13	30	16	28	20	27	24	27	29	27	33	27	36	28	38	29	39	29	39	
27:
61	3.662	15	45	15	44	15	42	16	39	18	37	21	34	23	30	24	26	24	22	24	19	23	17	21	16	19	16	18	17	18	18	19	20	21	23	24	26	26	28	28	29	29	29	29	30	28	30	26	30	23	29	20	27	16	24	13	21	10	18	8	16	7	14	7	11	8	9	10	8	13	8	16	8	18	7	19	5	21	2	24	0	27	-1	31	-1	36	0	40	2	43	4	45	7	47	11	48	16	48	22	48	28	47	33	45	37	42	40	38	42	33	45	29	47	25	48	21	48	18	47	16	46	15	45	15	45	
28:
71	28.394	48	44	47	43	45	42	42	42	38	42	33	41	28	41	24	40	21	38	19	35	17	33	16	31	16	29	17	27	19	25	22	24	25	24	29	24	32	25	35	27	38	30	40	33	41	36	41	38	40	39	38	39	35	39	31	40	26	42	22	45	19	47	15	48	10	48	6	47	3	45	1	42	0	38	0	35	1	33	3	30	6	27	8	23	10	18	12	12	13	7	13	3	13	0	12	-2	10	-3	7	-3	4	-2	2	-1	1	0	1	0	2	-1	4	-3	7	-4	11	-4	16	-3	21	-1	27	2	32	6	36	11	40	17	43	23	45	29	47	34	48	38	49	41	49	43	48	44	48	44	
29:
58	18.305	1	32	2	32	3	33	3	34	2	36	0	39	-1	41	-1	42	0	42	2	41	5	40	9	39	14	39	18	40	21	41	24	41	26	40	27	38	27	35	28	31	29	26	31	20	32	15	32	11	31	8	29	6	26	3	23	1	21	0	20	0	20	0	21	0	23	1	26	3	30	5	33	8	37	11	40	13	43	14	45	14	47	13	48	11	48	8	47	6	45	4	42	3	38	3	33	4	27	6	21	8	15	11	10	14	6	18	3	22	1	26	0	29	0	31	1	32	1	32	
30:
67	5.911	11	11	11	10	10	8	10	7	11	7	13	8	16	10	19	13	22	17	24	20	26	24	27	27	27	29	26	31	24	34	23	36	23	39	24	41	26	43	28	44	29	45	30	46	30	48	29	50	27	51	24	51	21	50	17	48	14	45	12	42	11	38	11	33	12	29	14	24	17	19	21	15	26	12	31	9	37	7	42	6	46	4	49	2	51	1	53	1	54	2	54	3	54	5	53	8	52	12	51	17	49	23	48	28	48	32	48	35	48	37	47	38	45	38	43	37	40	35	36	32	31	29	26	25	21	21	17	17	14	14	12	12	11	11	11	11	
31:
51	6.406	4	35	5	35	7	36	10	37	14	37	17	37	20	36	22	34	23	31	23	28	22	26	20	23	17	20	13	17	10	13	8	10	7	7	7	5	8	4	10	4	13	4	17	5	22	7	27	8	33	8	38	9	42	10	46	12	49	15	51	19	52	24	52	30	51	35	50	39	48	42	45	44	41	45	36	45	30	46	25	47	21	47	18	46	16	44	13	41	11	39	10	36	10	34	9	33	7	33	5	34	4	35	4	35	
32:
59	48.498	2	30	1	31	1	33	1	36	0	38	0	39	1	39	3	38	5	36	8	34	12	32	17	31	23	31	29	32	35	34	40	36	44	37	47	37	49	36	50	34	50	33	49	33	47	33	44	33	42	34	40	36	38	39	36	41	35	42	34	42	34	41	33	39	31	37	28	36	26	36	24	36	23	35	23	33	24	30	26	26	28	22	30	19	32	17	33	16	33	14	32	12	30	11	27	10	23	10	18	11	14	13	10	14	7	16	4	19	2	21	1	24	1	27	2	29	2	30	2	30	
33:
82	14.304	22	8	21	9	19	11	16	13	13	16	10	19	8	23	6	26	5	28	5	29	6	29	8	28	10	26	13	24	17	21	21	17	24	14	27	12	30	11	33	11	35	12	36	14	36	17	35	21	33	25	30	28	27	30	25	33	24	36	24	38	25	39	27	40	30	40	34	40	37	40	39	39	40	37	40	35	40	32	40	29	41	27	43	26	45	24	47	23	48	22	48	21	47	19	45	17	42	14	38	10	33	7	27	5	21	3	16	2	11	2	7	3	4	5	2	8	1	12	1	17	2	23	4	29	7	34	11	39	16	43	22	46	28	48	33	49	37	50	40	50	42	49	43	47	43	44	42	40	41	35	39	29	36	23	32	18	28	14	25	11	23	9	22	8	22	8	
34:
70	9.97	43	14	44	15	45	17	45	20	44	24	43	28	43	33	43	37	43	40	44	42	46	43	48	43	49	42	49	40	48	37	46	33	43	29	40	26	36	24	33	23	30	21	27	20	25	20	22	21	18	23	14	26	10	30	7	35	5	39	4	42	4	44	5	45	7	45	10	44	14	42	18	41	21	40	23	40	24	41	24	43	23	44	21	44	18	43	15	41	13	38	11	34	8	29	6	23	4	18	2	14	1	11	1	9	2	7	4	5	7	3	11	0	16	-3	22	-5	28	-6	34	-6	39	-5	43	-3	46	-1	48	1	49	3	49	6	48	8	46	11	44	13	43	14	43	14	
35:
59	13.057	36	28	37	27	39	27	42	28	46	30	49	33	51	37	52	41	52	44	51	46	49	47	46	47	42	46	37	44	31	42	26	41	22	41	19	42	17	43	16	43	16	42	17	40	19	37	20	33	20	28	21	22	21	16	21	11	20	7	18	4	15	2	11	1	7	1	4	1	2	2	1	4	0	6	0	7	1	7	2	6	3	4	5	3	7	1	10	0	14	0	19	0	24	1	28	3	31	5	33	6	35	7	36	9	36	12	35	15	34	19	34	22	35	25	36	27	36	28	36	28	
36:
61	1.985	9	30	9	29	9	27	10	25	12	24	15	23	17	23	18	24	20	26	23	27	27	27	30	27	32	27	33	28	33	29	32	29	30	30	29	32	29	35	30	37	32	38	35	38	38	37	41	35	43	33	44	30	45	26	45	21	45	15	45	10	45	6	45	3	44	1	42	0	39	0	35	1	31	2	26	2	21	3	15	3	10	4	6	6	3	9	1	13	0	18	0	23	1	29	3	34	5	38	8	41	10	43	11	45	13	46	15	46	16	45	16	43	15	40	14	36	12	33	10	31	9	30	9	30	
37:
62	31.569	43	28	43	27	42	26	42	24	43	22	44	21	46	21	47	20	47	18	46	16	44	15	42	14	39	14	35	14	30	15	25	16	20	16	15	15	11	13	8	11	5	8	3	6	2	4	1	3	1	3	2	4	4	6	7	7	11	7	16	6	21	6	25	7	28	7	30	6	31	5	31	5	30	6	28	8	25	10	22	13	19	15	16	18	14	21	13	25	13	28	14	30	16	33	18	36	21	38	23	39	25	39	26	38	26	36	27	34	29	32	31	29	32	27	34	26	37	26	40	27	42	28	43	28	43	28	
38:
72	23.135	22	6	21	6	19	7	18	9	18	12	18	15	19	18	21	20	24	21	28	21	31	20	33	18	34	16	34	13	33	11	31	10	28	10	26	11	24	13	21	15	17	17	13	20	8	23	4	25	1	27	-1	30	-2	34	-2	39	-1	43	1	46	4	48	8	49	12	49	16	48	21	48	25	48	30	47	34	45	37	42	39	39	40	35	40	30	39	26	39	23	40	20	42	17	44	13	45	9	45	4	44	0	42	-3	39	-6	35	-8	30	-9	24	-9	18	-8	12	-6	7	-4	3	-1	0	3	-2	8	-3	12	-3	15	-2	17	0	18	3	18	7	17	12	15	16	12	19	9	21	7	22	6	22	6	
39:
62	17.354	45	23	45	24	46	26	46	29	46	33	47	36	47	38	46	39	44	40	41	40	39	40	37	40	36	41	34	43	31	45	27	46	22	46	17	45	12	45	8	44	5	43	3	41	2	38	2	35	3	33	5	32	7	32	9	32	11	31	12	29	12	27	11	26	10	25	8	24	5	22	3	20	2	17	2	13	3	10	5	8	8	7	12	7	17	8	21	10	24	13	27	16	29	18	30	19	32	19	35	18	37	16	39	13	42	11	45	10	47	10	48	11	48	12	47	14	46	17	45	20	45	22	45	23	45	23	
40:
59	3.03	10	45	9	44	7	42	5	39	3	36	2	34	2	33	3	33	5	32	7	32	10	32	12	32	13	31	13	29	12	26	10	23	9	19	9	14	9	9	10	5	12	2	15	0	19	-1	22	-1	24	0	27	2	29	4	31	6	32	9	32	13	31	16	29	18	26	19	24	19	22	18	20	16	19	13	19	10	19	8	19	7	20	7	22	8	25	10	29	13	33	17	36	21	38	25	39	28	39	31	38	33	36	34	33	36	29	38	25	40	20	41	16	43	13	44	11	45	10	45	10	45	
41:
65	14.452	12	14	13	15	15	16	18	17	20	18	22	19	23	19	23	20	22	21	20	23	18	26	16	30	15	34	14	37	13	39	13	40	13	40	12	39	10	37	7	35	4	33	2	31	1	29	1	28	2	27	4	26	7	26	9	27	12	29	16	31	19	32	23	34	28	35	33	36	37	37	40	38	43	38	45	38	46	38	46	37	45	35	43	33	42	30	41	27	41	25	42	24	43	23	43	21	42	18	40	16	37	14	33	11	29	7	25	4	21	2	16	1	12	1	9	1	7	2	6	4	6	7	7	10	9	12	11	13	12	14	12	14	
42:
60	7.791	2	8	3	7	5	5	7	3	8	2	10	2	12	3	15	4	18	4	22	4	26	4	29	5	31	6	32	7	32	9	31	12	29	16	26	20	22	23	19	26	17	28	16	30	16	31	17	31	19	30	22	28	26	25	30	23	35	21	40	19	44	18	47	18	49	18	50	19	50	21	49	23	48	26	46	28	44	29	41	30	37	32	34	35	32	39	29	42	27	44	24	46	21	47	17	47	12	46	8	44	5	41	3	38	1	34	0	29	0	23	1	18	2	14	3	11	3	9	2	8	2	8	
43:
54	12.219	45	41	45	40	45	39	44	37	43	34	42	32	42	29	42	25	41	20	39	16	37	13	34	11	30	9	26	8	23	7	21	7	20	8	20	9	21	11	22	13	23	16	23	20	23	24	22	27	20	29	17	30	13	30	9	29	5	27	2	24	0	20	-1	15	-1	11	0	8	1	6	3	5	4	5	4	6	4	8	4	10	5	13	7	17	10	20	14	22	19	23	24	23	29	24	33	26	36	29	38	33	41	36	43	38	44	40	45	41	45	41	
44:
70	10.441	16	46	17	45	18	43	20	41	23	40	26	39	29	39	33	40	38	42	42	44	45	45	47	45	48	44	48	42	47	39	47	35	46	30	44	24	41	19	37	15	33	12	29	10	24	9	20	9	17	10	15	12	14	14	14	17	15	20	17	22	20	23	24	23	29	22	35	20	40	17	44	13	47	10	49	8	50	5	50	3	49	2	47	2	46	3	44	4	41	5	38	5	34	4	30	2	25	1	21	1	16	2	12	4	8	7	5	11	3	14	2	18	2	23	3	29	3	34	3	38	3	41	2	43	2	45	3	46	5	47	8	48	11	48	13	48	15	47	16	46	16	46	
45:
66	21.071	18	7	18	8	17	10	17	13	18	17	20	22	23	26	27	29	31	31	35	32	38	34	41	37	44	41	46	44	47	46	47	47	46	47	44	46	41	44	37	42	34	39	31	37	27	36	22	36	18	37	13	38	9	39	6	39	4	38	3	36	3	33	3	29	4	26	4	24	3	23	1	22	0	20	-1	17	-1	14	0	11	1	9	3	8	6	8	10	7	15	5	21	2	28	0	34	-1	39	-1	43	0	46	1	48	3	49	6	49	9	48	13	46	16	43	18	39	19	35	19	32	18	29	16	27	13	24	10	21	8	19	7	18	7	18	7	
46:
66	7.986	0	10	-1	11	-1	13	-1	16	0	19	2	23	5	28	7	32	8	35	10	37	13	38	16	38	18	37	19	35	19	32	18	30	17	28	17	26	18	25	20	25	22	25	23	24	23	22	24	21	26	21	29	22	33	23	36	23	38	22	39	22	39	23	39	25	40	28	40	31	41	35	42	38	44	40	45	41	45	43	44	44	42	45	39	45	37	45	34	44	32	42	31	40	31	39	30	39	28	40	26	42	23	44	19	46	14	47	9	47	4	46	0	44	-3	41	-5	37	-6	32	-6	27	-5	23	-3	20	-2	16	-2	13	-1	11	0	10	0	10	
47:
64	2.416	11	11	12	12	14	14	15	16	16	19	18	21	19	24	19	26	18	27	17	29	17	32	18	35	19	37	21	38	24	38	28	37	32	35	35	34	39	34	42	35	44	37	45	39	45	42	44	45	42	47	39	48	35	48	31	48	26	48	20	47	15	46	11	44	8	41	6	37	5	32	4	26	4	21	5	17	7	14	10	12	14	11	19	11	23	12	26	14	28	16	29	17	31	17	34	16	36	14	37	12	37	9	36	7	34	5	32	4	30	4	29	5	28	7	26	9	24	11	21	12	17	13	14	13	12	12	11	11	11	11	
48:
58	3.288	24	12	23	13	22	14	21	15	21	17	22	19	24	21	26	24	27	28	27	33	26	37	24	40	21	43	18	46	15	48	12	49	10	49	9	48	8	46	7	43	5	39	2	35	0	32	-1	28	-1	23	-1	19	0	16	2	14	5	13	8	13	10	14	11	14	11	13	12	11	14	9	17	8	20	7	24	7	28	8	31	10	34	13	38	17	41	21	43	24	46	26	48	27	49	29	49	30	48	31	46	31	43	30	39	28	36	25	33	22	30	18	27	15	25	13	24	12	24	12	
49:
62	36.381	22	48	22	47	22	45	21	42	21	38	22	34	22	29	21	25	19	21	16	18	12	16	9	15	7	15	6	15	6	15	7	15	9	14	11	12	12	9	12	6	13	3	15	1	17	0	19	0	21	1	22	3	24	5	26	7	29	8	33	8	38	8	42	9	45	11	47	14	48	18	48	23	48	27	47	30	46	33	45	36	44	38	43	39	41	39	40	38	39	36	37	35	34	34	31	32	29	29	27	27	25	26	24	25	22	25	19	26	17	28	16	31	16	35	16	39	17	42	19	45	21	47	22	48	22	48	
50:
59	21.423	48	5	47	4	45	4	43	5	42	7	42	10	43	14	44	19	44	25	43	30	43	34	43	37	44	39	46	40	47	41	47	43	46	45	44	46	41	46	37	45	32	43	26	40	21	38	16	37	12	37	9	38	7	40	6	41	6	42	7	42	8	41	9	39	9	37	8	34	7	30	6	27	4	25	3	24	3	23	4	22	6	21	9	21	12	22	15	22	19	21	22	19	24	16	25	13	26	9	27	6	28	4	29	3	31	3	34	4	38	4	42	5	45	5	47	5	48	5	48	5	
51:
61	4.78	46	19	45	20	43	22	40	23	36	25	32	26	29	26	27	25	26	23	25	21	23	18	20	15	16	11	13	7	10	4	6	2	1	1	-3	1	-6	2	-8	4	-9	7	-9	11	-8	16	-6	21	-4	27	-1	32	3	36	8	39	13	42	17	44	20	45	22	45	23	44	23	42	22	41	20	40	18	40	16	41	15	41	15	40	16	38	17	35	18	33	20	30	23	26	27	21	32	16	37	11	41	7	44	4	46	2	47	1	47	1	47	2	46	4	46	7	47	11	48	14	48	16	47	18	46	19	46	19	
52:
56	13.921	47	24	46	25	45	27	43	29	40	32	36	34	32	35	28	37	24	38	21	40	19	41	18	42	18	42	19	41	21	39	23	36	24	32	24	28	23	25	21	21	18	17	14	14	11	11	9	8	6	6	4	5	3	5	3	4	4	4	6	4	9	3	13	2	16	1	20	1	23	1	25	2	26	3	26	5	26	8	27	10	29	11	31	12	33	12	34	11	34	9	35	8	37	8	40	8	42	8	44	9	46	11	48	14	49	18	49	21	48	23	47	24	47	24	
53:
68	31.537	35	42	34	43	33	44	32	44	32	43	33	41	35	38	36	35	37	32	39	30	40	28	40	27	39	25	37	23	34	22	30	22	25	22	20	22	16	22	13	22	11	21	10	19	10	16	10	12	11	8	11	5	10	3	8	2	5	2	1	3	-2	5	-6	8	-9	12	-11	17	-12	23	-12	28	-11	32	-9	35	-6	37	-2	38	2	38	7	37	13	35	19	32	25	29	31	26	36	22	40	18	43	13	45	9	46	6	46	4	46	3	45	3	44	4	44	6	45	9	46	12	47	16	48	19	48	22	47	26	45	29	42	33	40	36	38	39	36	41	35	42	35	42	
54:
62	10.038	49	41	48	41	46	40	43	40	41	39	40	37	40	34	41	31	41	27	40	22	38	16	35	11	31	7	26	4	20	2	14	1	9	1	5	1	2	2	0	4	-1	7	-1	11	0	16	2	22	3	28	3	33	4	37	6	40	9	42	12	43	14	43	15	42	15	40	14	37	12	33	11	28	11	23	12	19	14	14	17	10	21	7	24	4	26	2	27	1	29	1	32	2	36	2	40	2	43	3	45	5	46	7	46	10	45	14	43	18	41	22	40	25	40	28	41	31	43	35	46	38	48	40	49	41	49	41	
55:
61	9.858	17	2	16	1	14	1	13	2	13	4	12	7	12	11	12	16	11	21	11	27	11	32	12	36	14	39	17	41	21	42	26	43	30	43	34	43	38	42	42	40	45	38	47	36	48	35	48	35	47	34	45	32	42	31	38	30	33	28	29	25	26	22	24	20	23	19	21	19	19	20	18	22	18	25	19	29	21	34	23	38	26	42	30	45	35	47	40	48	44	48	47	47	49	45	50	42	51	39	51	35	50	30	48	24	45	18	41	13	37	9	32	6	27	4	23	3	20	3	18	3	17	2	17	2	
56:
75	20.223	38	21	39	20	39	18	40	17	42	16	43	16	43	17	42	19	40	22	37	25	33	29	28	33	24	36	21	38	19	39	18	40	18	42	19	44	21	45	24	46	28	46	33	47	38	48	42	48	45	48	47	48	48	49	48	50	47	50	45	49	43	47	40	44	37	40	35	36	34	33	34	29	35	26	37	24	40	22	43	21	45	19	46	16	46	12	45	9	43	7	40	5	36	4	32	2	28	0	23	-1	17	-2	11	-2	6	-1	2	1	-1	4	-3	8	-4	13	-4	17	-3	20	-2	22	0	23	3	23	5	22	6	20	8	17	9	14	11	12	14	11	18	11	23	12	28	14	32	17	35	19	37	20	38	21	38	21	
57:
61	8.352	39	36	38	35	36	35	33	36	29	36	26	36	22	35	19	35	17	36	16	38	15	41	13	43	12	44	10	44	8	43	6	41	5	39	5	36	6	33	8	31	11	29	15	27	20	26	24	25	28	23	31	22	33	20	34	18	34	15	33	12	33	10	34	9	36	9	38	9	39	8	39	7	38	5	36	4	33	4	29	4	26	5	22	5	17	6	13	8	10	11	8	14	7	16	7	17	8	17	10	18	13	18	16	17	20	17	25	18	30	20	34	23	37	27	39	30	40	33	40	35	39	36	39	36	
58:
64	4.591	17	13	17	12	18	11	19	11	20	12	21	14	23	17	25	21	26	26	26	30	25	33	23	35	20	36	17	37	15	39	13	42	11	44	9	45	7	45	5	44	3	42	2	39	2	35	2	31	3	26	3	20	3	15	4	11	6	8	9	6	13	5	18	5	24	6	29	8	33	11	36	13	38	15	40	16	42	16	43	15	43	14	43	14	42	15	41	17	40	20	40	24	41	29	43	33	45	37	47	40	48	42	48	43	47	43	45	42	42	41	38	39	33	36	28	32	24	28	21	23	19	19	18	16	18	14	17	13	17	13	
59:
72	70.446	32	48	31	49	29	49	26	48	24	47	22	45	21	42	21	39	22	35	22	30	22	24	21	19	19	15	16	12	13	8	11	5	9	3	6	2	4	1	3	1	3	2	4	3	5	5	5	8	4	12	4	16	5	20	5	24	6	29	6	34	6	39	5	43	4	46	3	48	1	49	-2	49	-5	48	-8	46	-10	43	-11	39	-11	34	-10	28	-8	21	-5	15	-1	10	4	6	10	3	16	1	21	0	27	0	32	1	36	3	39	4	41	4	42	3	43	3	43	4	44	6	44	9	45	13	45	18	45	23	45	28	46	34	46	39	45	43	43	46	40	48	37	49	35	49	33	48	32	48	32	48	
60:
59	6.358	26	30	25	29	24	27	24	24	25	22	27	19	30	17	33	15	35	14	37	14	38	15	38	17	37	20	35	23	34	27	33	31	31	34	29	37	27	40	24	42	20	43	15	43	11	43	8	42	6	41	5	39	5	38	6	38	8	39	11	41	14	43	18	46	23	48	27	49	31	49	34	48	36	46	37	44	38	42	40	41	42	41	43	42	43	42	43	41	42	39	40	37	37	36	33	36	28	37	24	38	21	38	19	37	18	35	18	33	19	32	21	30	23	29	25	29	26	30	26	30	
61:
70	3.283	14	25	15	26	17	28	19	31	20	34	22	38	24	42	26	45	28	47	31	48	35	48	40	47	45	45	49	43	52	40	54	36	55	31	56	26	56	22	55	19	53	17	50	16	46	16	43	17	39	19	36	21	34	24	32	27	31	31	31	35	32	38	33	40	33	41	32	41	31	40	30	38	28	36	25	35	23	33	20	30	16	26	11	23	7	21	4	19	2	16	1	13	1	9	2	6	4	4	6	2	8	0	11	-1	13	-1	14	0	14	2	13	5	11	9	8	14	4	19	1	24	-1	28	-2	31	-2	33	-1	34	1	34	4	33	8	31	11	28	13	26	14	25	14	25	
62:
68	15.745	43	9	44	10	46	10	47	9	47	7	46	4	44	2	41	1	37	1	32	2	26	4	20	6	15	8	11	11	7	15	4	20	2	26	1	31	1	35	1	38	2	40	4	41	7	41	11	40	15	38	18	35	20	32	21	30	23	29	26	29	30	30	34	32	39	35	43	38	46	40	48	41	49	41	49	40	50	38	51	35	51	31	50	26	48	21	45	17	41	13	36	8	32	4	27	1	21	-1	16	-2	11	-2	7	-1	4	1	2	3	1	5	1	6	2	6	4	6	7	5	11	4	16	4	22	5	28	7	33	9	37	10	40	10	42	10	43	9	43	9	
63:
70	16.837	11	32	10	32	8	32	5	32	2	31	0	29	-1	26	-1	22	0	17	1	13	3	10	4	8	4	7	3	6	2	6	1	5	1	4	2	2	4	1	7	1	11	2	15	3	19	5	24	7	30	8	35	8	39	7	42	6	44	5	45	5	46	6	46	8	46	11	47	13	48	15	49	16	49	18	48	21	46	24	43	27	39	29	36	30	34	30	33	29	33	27	34	24	36	22	39	21	42	21	45	22	47	24	48	27	48	31	48	36	48	42	48	47	47	51	45	54	42	56	38	57	34	57	29	56	25	54	20	51	16	47	13	42	11	38	10	35	10	33	11	32	11	32	
64:
59	2.952	28	24	27	25	25	27	22	30	18	34	14	38	10	41	7	43	5	44	3	44	2	43	2	41	3	39	5	37	6	34	6	31	5	27	5	24	4	21	4	19	5	18	7	18	10	19	14	21	17	24	19	28	20	33	22	37	25	40	28	43	30	45	31	46	31	46	31	45	30	43	30	40	29	36	27	32	25	28	24	23	24	19	25	16	27	14	30	12	34	11	38	10	41	10	43	11	44	12	45	14	45	17	44	19	42	20	39	21	36	21	34	22	31	22	29	23	28	24	28	24	
65:
74	14.183	25	44	24	43	23	41	23	38	22	35	22	33	23	32	25	32	28	33	31	33	35	32	39	30	42	27	44	23	45	18	45	13	44	9	42	6	41	4	39	2	36	1	33	1	30	2	26	4	21	5	15	5	10	4	6	2	3	0	1	-1	0	-1	0	0	1	2	3	5	4	9	5	12	5	14	4	16	3	17	3	19	4	21	6	22	9	22	11	22	12	21	12	21	11	22	9	24	6	27	4	31	3	36	3	40	3	43	4	45	4	46	3	46	2	45	2	43	3	40	5	38	8	36	12	35	16	35	19	35	23	36	26	38	28	39	30	39	31	40	31	42	30	44	28	45	26	45	25	44	25	44	
66:
60	47.596	33	8	32	8	31	8	29	7	27	6	26	6	26	6	27	7	29	9	31	12	32	16	32	20	31	23	30	25	28	26	25	26	21	25	16	23	12	20	8	18	5	15	3	11	2	8	2	6	3	5	5	5	8	6	11	7	13	9	14	12	14	16	15	21	16	27	16	32	17	36	19	39	21	43	24	46	26	48	27	49	28	49	28	48	28	46	28	43	29	41	31	40	34	40	38	39	41	37	43	35	44	32	44	28	44	23	44	18	43	14	41	11	38	9	36	8	34	8	33	8	33	8	
67:
72	58.118	7	19	6	19	4	19	3	20	2	22	2	24	3	26	5	29	8	32	12	35	17	39	23	43	29	46	34	48	38	49	41	50	43	50	44	49	44	47	43	44	41	40	39	35	38	30	37	26	37	23	38	21	40	20	43	20	45	21	46	23	46	26	45	29	43	32	40	36	36	40	31	43	25	45	19	47	13	48	8	48	4	48	1	48	-1	47	-2	45	-2	42	-1	39	1	36	4	34	8	32	13	29	17	25	20	22	24	20	28	19	31	18	33	16	34	13	35	9	35	5	34	2	32	0	29	-1	25	-1	21	-1	16	0	12	2	9	5	7	9	6	13	6	16	7	18	7	19	7	19	
68:
69	18.881	37	10	38	9	39	7	39	4	38	2	36	1	33	0	29	0	26	1	24	3	21	6	17	10	14	15	12	19	11	22	11	24	12	25	14	26	17	26	21	26	25	25	28	24	30	24	31	24	31	23	30	21	28	20	25	18	22	15	18	11	13	7	9	4	6	2	3	1	1	1	0	2	0	4	0	7	1	11	3	16	6	22	8	28	9	34	9	39	9	43	9	46	9	48	10	49	12	49	15	50	19	51	24	52	29	52	34	51	38	49	41	48	43	47	44	45	44	42	45	40	47	37	48	33	48	29	47	25	45	20	43	16	40	13	38	11	37	10	37	10	
69:
62	3.554	36	10	35	9	33	7	30	6	26	6	21	7	16	8	12	10	9	13	7	17	6	22	6	27	5	31	3	34	2	36	2	38	3	40	5	42	8	44	12	45	17	47	23	48	30	48	36	47	41	45	45	42	48	38	50	34	51	30	51	27	50	25	48	24	45	24	42	25	40	27	37	30	35	32	32	33	30	33	28	32	27	30	27	28	28	27	30	25	33	24	36	23	40	21	43	18	45	14	47	9	48	5	48	2	47	0	45	-1	42	-2	40	-2	37	-1	35	1	34	4	34	7	35	9	36	10	36	10	
70:
65	41.224	24	24	25	23	27	22	30	21	34	21	38	22	41	24	43	27	44	31	44	35	43	39	41	42	38	44	36	45	34	45	33	44	33	42	34	39	36	37	37	35	37	32	36	28	35	23	33	18	30	13	26	9	23	6	19	4	16	3	13	3	11	4	10	6	10	9	11	13	11	16	12	19	12	22	11	24	10	25	8	25	7	26	6	28	6	31	6	35	7	40	9	44	10	47	10	49	11	50	13	50	15	49	17	47	18	44	18	41	17	39	17	37	18	36	20	36	23	36	25	35	26	33	26	30	26	27	25	25	24	24	24	24	
71:
76	42.832	4	8	4	9	5	11	7	14	9	17	12	19	14	20	16	20	17	19	17	17	16	14	14	10	12	7	10	5	9	4	9	3	10	3	12	4	15	6	19	8	24	9	29	9	34	8	38	6	42	3	45	1	47	0	48	0	48	1	47	3	45	6	42	10	40	15	38	20	36	26	33	31	29	37	24	42	19	46	14	49	10	51	7	52	5	52	4	51	4	49	5	47	7	46	10	46	14	47	19	48	25	50	30	51	34	51	37	50	39	48	40	47	40	46	39	44	37	43	34	42	30	40	25	38	20	36	15	35	10	35	6	35	3	34	1	32	0	30	0	27	1	23	3	18	4	14	4	11	4	9	4	8	4	8	
72:
75	24.621	44	27	45	28	46	30	47	32	47	34	46	37	44	40	42	43	40	45	39	46	39	46	38	45	36	43	34	40	31	38	27	36	22	35	16	35	11	36	7	38	4	40	2	43	1	45	0	46	0	47	1	47	2	46	3	44	4	43	6	43	9	44	11	44	13	43	14	42	14	41	13	39	11	37	8	34	5	30	3	25	2	19	2	14	2	10	3	7	5	5	8	4	12	3	17	3	23	2	28	1	32	-1	35	-2	37	-2	38	-1	38	1	37	2	35	4	33	7	30	9	26	10	22	10	19	9	17	8	16	8	16	9	17	11	19	13	22	16	26	20	31	23	35	25	38	27	41	28	43	28	44	27	44	27	
73:
67	13.758	39	25	39	24	38	22	36	21	33	21	29	21	25	20	20	18	16	17	13	16	11	16	10	17	9	19	9	22	10	26	12	31	15	35	19	38	23	40	27	41	30	41	34	40	38	38	42	37	45	37	47	38	49	40	50	42	50	45	49	47	47	48	44	48	40	48	35	48	29	47	23	47	18	46	14	44	11	41	9	38	7	34	5	29	3	23	2	17	1	12	1	8	0	5	0	3	1	2	3	2	6	3	10	3	15	3	21	4	27	5	33	5	38	6	42	8	45	11	47	14	48	16	48	19	47	21	45	23	42	24	40	25	39	25	39	25	
74:
65	8.124	20	46	21	45	23	43	26	41	29	40	33	40	36	41	38	43	39	44	39	44	40	43	41	41	42	38	42	34	42	30	41	27	40	25	38	24	35	24	31	25	26	27	20	30	15	32	10	33	5	33	1	33	-2	32	-4	30	-5	27	-5	23	-4	18	-2	14	1	11	5	9	10	8	16	8	23	8	29	8	34	8	38	7	41	7	43	6	44	4	44	2	43	0	41	-3	38	-5	34	-6	29	-6	25	-5	22	-3	20	0	19	4	17	9	14	15	11	21	9	26	8	30	8	33	9	37	11	40	14	43	17	45	19	46	20	46	20	46	
75:
66	13.413	18	23	17	23	15	24	12	25	10	27	7	30	4	34	2	39	1	43	1	46	2	48	4	49	7	49	10	48	13	46	16	43	19	41	21	39	22	37	23	36	24	36	25	37	27	39	30	40	32	42	33	43	35	43	38	42	41	40	44	37	46	34	47	31	48	27	48	24	47	21	45	19	42	18	40	18	39	17	39	15	40	12	40	10	39	9	37	9	34	9	30	10	26	10	22	9	19	7	16	5	14	4	12	4	10	5	8	7	6	10	5	14	3	19	2	23	2	26	3	28	5	29	8	29	12	28	15	26	17	24	18	23	18	23	
76:
64	11.811	18	46	17	45	16	43	14	42	11	40	8	37	4	33	1	28	-1	24	-2	20	-2	16	-1	13	1	11	3	10	6	10	10	11	13	13	16	15	19	18	21	22	22	25	22	27	23	28	25	28	28	28	32	28	36	27	39	26	41	25	42	23	42	20	41	18	41	17	42	17	43	16	43	14	43	11	44	9	44	8	44	7	43	7	41	8	38	10	34	11	30	11	27	10	25	8	22	5	20	3	18	2	15	2	12	3	8	5	5	8	3	12	2	17	2	22	3	27	5	32	8	36	12	40	15	43	17	45	18	46	18	46	
77:
61	7.671	41	15	42	16	44	18	47	21	49	25	50	29	50	33	49	36	47	38	44	39	40	39	37	38	34	37	32	35	31	32	31	28	31	24	32	21	32	18	33	15	33	11	32	8	30	6	27	5	24	5	22	5	20	5	19	6	19	8	20	11	20	15	20	20	19	25	17	30	15	35	13	39	12	42	12	45	11	47	10	48	9	48	8	47	7	45	5	42	2	39	0	35	-1	32	-1	30	-1	29	0	29	2	30	5	31	9	31	14	30	20	28	26	25	31	21	35	18	38	16	40	15	41	15	41	15	
78:
62	11.627	4	40	3	41	3	43	3	46	4	49	6	53	9	56	13	58	18	59	22	59	27	58	32	56	36	53	40	49	43	44	45	38	46	31	46	25	45	19	43	14	42	10	41	7	41	5	42	4	42	3	43	3	43	4	42	5	40	5	37	4	33	2	28	1	23	1	18	2	14	4	9	5	5	6	2	7	0	9	-1	12	-2	16	-3	20	-3	23	-2	25	0	27	3	28	7	28	11	29	15	31	18	34	20	36	21	39	21	43	20	46	18	48	16	49	13	49	11	48	8	46	6	43	5	41	4	40	4	40	
79:
66	3.45	40	15	41	14	42	12	44	10	46	8	48	5	49	3	49	1	48	0	46	0	43	1	39	2	34	4	28	6	22	7	16	7	11	6	7	5	4	4	2	3	1	3	1	2	2	1	4	1	6	2	7	4	7	7	6	11	4	16	3	21	2	26	1	32	1	37	2	41	4	44	7	46	11	47	14	47	16	46	18	44	19	41	20	37	22	33	25	30	29	28	34	26	39	25	43	25	46	26	48	28	49	31	49	34	48	37	46	39	43	40	40	40	38	39	36	37	35	34	35	30	36	25	36	21	36	18	37	16	39	15	40	15	40	15	
80:
63	5.375	26	2	27	3	29	5	32	8	36	11	39	15	42	20	46	24	49	29	51	34	52	38	52	41	51	43	49	44	46	44	43	43	40	41	36	38	33	34	30	29	26	23	22	18	19	12	17	7	16	3	16	0	15	-2	13	-3	10	-3	8	-2	6	0	4	3	2	7	1	12	1	18	1	23	2	27	4	30	5	32	5	34	4	37	2	39	1	42	1	44	2	45	4	45	7	44	11	44	15	43	18	41	22	39	26	37	29	35	31	32	32	28	32	23	31	17	31	12	31	8	30	5	28	3	27	2	26	2	26	2	
81:
57	15.028	23	29	23	30	23	32	23	34	22	35	21	36	21	36	22	36	24	35	26	35	27	36	27	38	28	41	30	43	33	44	37	44	41	44	44	43	46	41	47	38	47	34	47	29	46	24	44	20	41	17	37	15	32	14	26	14	20	14	15	14	10	13	6	13	3	12	1	10	0	8	0	6	1	5	3	5	5	4	8	3	12	3	16	4	20	6	23	7	26	7	29	6	31	5	32	5	32	6	31	8	31	11	30	15	28	19	26	23	24	26	23	28	23	29	23	29	
82:
65	21.376	36	43	35	42	35	40	36	37	38	34	41	31	43	27	44	23	44	18	43	13	42	8	40	4	37	1	33	-1	28	-2	22	-2	17	-1	13	0	10	0	8	1	7	2	7	3	8	4	10	4	13	3	17	3	22	4	26	6	30	9	33	13	36	18	39	23	41	29	43	34	44	38	44	42	43	45	41	47	38	49	34	50	29	50	23	49	17	47	12	45	8	42	5	38	3	34	1	30	0	27	0	25	1	24	3	23	6	23	10	23	15	24	19	26	22	29	26	32	29	35	31	37	32	40	32	42	33	43	35	43	36	43	36	43	
83:
67	17.022	7	6	8	7	10	9	13	12	16	16	18	20	20	24	21	28	22	32	24	35	26	37	29	38	33	38	37	38	40	38	43	37	46	36	48	36	49	36	49	37	48	38	46	38	43	38	39	39	34	41	28	43	23	44	19	44	16	43	13	41	11	38	10	34	10	29	11	23	13	17	16	12	19	8	22	5	26	2	31	0	37	-1	42	-1	46	0	49	2	51	4	52	7	52	11	51	16	49	20	46	23	42	25	37	26	31	26	25	26	19	25	13	24	8	24	4	23	1	22	-1	20	-2	17	-2	14	-1	11	1	9	4	8	6	7	7	6	7	6	
84:
63	23.643	15	4	14	5	14	7	15	10	17	14	18	18	18	23	19	29	21	34	22	38	23	41	24	43	26	44	29	44	32	43	35	41	37	39	40	38	42	37	43	37	43	37	42	36	42	34	43	31	45	28	47	25	48	21	48	16	47	12	45	9	42	6	39	3	35	1	30	0	25	0	20	0	15	1	10	3	6	6	3	10	1	15	0	21	0	28	0	34	0	39	1	43	1	46	2	48	3	49	5	49	7	48	10	46	14	43	17	40	19	36	20	31	20	25	19	19	19	14	19	10	18	7	16	5	15	4	15	4	
85:
65	14.575	34	27	35	28	37	29	40	30	42	31	43	33	43	34	42	34	40	35	39	37	37	40	35	42	34	44	34	47	34	49	33	50	32	50	31	49	29	47	26	44	23	40	21	37	18	35	14	33	11	31	9	29	8	27	8	24	7	22	5	21	4	21	4	22	5	23	7	23	10	22	14	20	17	17	19	14	20	11	20	8	19	6	17	5	15	5	14	4	14	2	15	1	17	-1	20	-2	24	-2	27	-2	31	-1	36	0	40	2	44	5	47	9	49	13	50	16	50	19	49	22	47	24	44	26	40	27	37	28	35	28	34	27	34	27	
86:
61	18.664	9	6	8	7	6	8	5	10	5	13	6	17	8	21	11	24	14	28	18	31	22	34	25	37	27	41	30	44	34	46	37	47	39	47	41	46	44	44	46	41	47	37	47	33	46	30	44	28	41	26	37	25	32	25	26	25	21	25	17	26	14	28	12	29	9	29	7	29	6	28	6	26	7	23	9	19	12	14	16	10	21	7	27	4	32	2	36	-1	39	-3	42	-4	44	-4	45	-3	45	-1	44	2	42	6	39	9	36	12	33	14	29	15	24	15	19	14	15	12	12	9	10	7	9	6	9	6	
87:
68	8.097	32	25	31	24	29	22	26	20	22	18	17	17	12	17	8	16	5	14	3	11	2	8	2	6	3	5	3	5	2	4	0	4	-1	5	-1	7	0	10	2	12	5	14	9	17	14	21	19	24	23	27	27	29	31	32	34	35	36	37	37	38	37	38	36	38	34	38	33	38	33	39	32	41	32	44	32	47	31	49	29	50	26	50	22	49	17	47	12	44	8	40	5	35	3	31	2	27	2	23	3	20	5	18	8	15	12	13	17	11	22	9	27	8	32	7	36	7	39	8	41	10	42	12	42	15	41	19	40	22	38	24	35	25	33	25	32	25	32	25	
88:
57	4.321	34	23	33	24	33	24	34	25	36	27	37	29	37	32	36	35	34	37	31	38	28	38	26	38	25	37	24	35	23	32	23	28	24	23	24	17	25	12	27	8	29	5	32	3	35	2	37	2	38	3	38	5	37	7	37	9	38	11	40	12	43	14	45	17	46	21	46	26	47	30	48	34	48	38	47	41	45	43	42	45	39	46	35	46	31	47	26	47	22	47	19	46	17	44	16	41	16	37	17	34	19	32	21	30	24	29	28	28	31	26	33	24	34	23	34	23	
89:
63	15.319	6	37	7	36	9	35	12	35	16	36	19	38	22	40	26	42	31	44	36	46	40	48	43	49	45	49	46	48	46	46	45	45	43	44	40	44	36	43	33	42	31	40	30	37	29	33	29	28	29	22	28	17	26	13	25	9	25	5	26	2	28	0	30	-1	31	-1	32	0	32	2	31	3	29	4	26	5	22	6	17	6	12	5	8	5	5	6	3	7	1	7	0	6	0	4	1	3	3	3	6	4	9	6	11	9	12	13	13	18	13	24	12	29	10	33	7	36	5	38	4	39	4	39	5	38	6	37	6	37	
90:
60	16.864	39	44	38	43	38	41	39	38	41	35	44	32	46	29	47	25	47	20	46	15	45	11	45	8	46	6	47	3	47	1	46	-1	44	-2	41	-2	37	-1	34	1	32	4	30	8	29	11	29	14	30	17	30	19	29	20	27	21	24	22	21	22	18	22	15	21	13	19	10	16	8	14	7	13	7	13	7	14	7	16	8	19	10	22	13	25	15	29	17	33	18	36	18	39	17	41	15	42	14	44	14	46	15	47	17	47	20	46	23	44	27	42	30	41	33	41	36	42	38	43	39	44	39	44	
91:
61	11.61	24	15	25	14	25	12	25	9	24	6	22	4	19	3	15	2	11	2	8	3	6	5	5	8	5	12	6	17	8	21	11	24	15	26	18	27	20	29	23	30	26	30	29	29	33	27	36	24	40	21	43	18	46	14	48	10	49	7	49	5	48	4	46	3	43	3	40	4	37	4	35	4	34	5	34	7	34	10	33	14	31	19	29	24	26	29	22	34	17	38	13	41	9	43	5	44	2	44	0	43	-1	41	-1	38	0	34	2	29	5	24	9	20	14	17	18	15	21	14	23	14	24	15	24	15	
92:
62	27.376	22	36	21	35	19	34	17	32	16	29	16	26	16	23	17	20	19	18	22	16	26	15	30	15	33	16	35	18	36	20	36	23	36	27	36	31	37	34	39	36	42	37	45	37	47	37	48	37	48	38	47	39	45	40	42	42	38	44	33	47	27	49	21	50	16	50	12	49	9	48	6	46	4	43	3	40	3	36	4	31	6	26	9	21	13	16	16	12	18	9	19	7	19	6	20	5	22	5	24	4	26	4	27	5	27	7	27	10	27	14	26	18	24	22	23	26	23	30	23	33	23	35	22	36	22	36	
93:
66	37.848	34	42	33	41	31	39	28	36	26	33	24	31	21	30	17	30	14	30	12	31	11	32	11	34	12	37	12	41	13	44	13	46	13	47	14	47	14	46	13	44	11	42	8	41	4	41	0	40	-3	38	-5	35	-6	31	-6	26	-5	20	-3	15	-2	11	0	7	3	4	7	2	12	1	18	1	23	2	28	3	32	5	35	7	37	8	38	8	38	8	37	8	35	9	34	11	34	14	35	18	37	23	40	28	43	32	45	37	47	41	49	44	50	46	50	47	50	47	49	46	49	44	48	41	46	39	43	38	40	38	37	39	35	41	34	42	34	42	
94:
70	19.098	33	23	34	24	36	25	37	27	38	30	39	34	39	39	38	43	36	46	34	48	33	50	33	51	34	51	36	51	39	50	41	50	43	49	45	47	46	44	46	40	45	35	45	30	46	24	47	19	48	15	49	12	49	10	48	9	46	9	43	10	39	10	34	9	29	7	24	4	20	2	17	1	14	1	12	2	11	4	11	7	11	11	10	15	9	19	8	22	6	24	5	25	5	26	6	27	8	28	10	30	11	33	11	37	10	41	8	44	7	46	7	47	8	47	10	46	12	44	15	43	19	43	22	43	24	42	25	40	25	37	26	33	28	29	30	26	32	24	33	23	33	23	
95:
52	7.959	18	25	19	24	21	24	24	24	28	25	32	26	37	27	41	27	44	28	46	30	47	32	47	35	46	37	44	38	42	39	39	39	37	39	35	38	34	36	34	33	34	29	34	24	34	18	33	13	31	9	28	6	24	4	20	3	16	3	13	4	9	5	6	7	3	10	1	14	0	18	0	22	1	25	3	27	5	28	6	28	6	27	5	25	5	22	5	20	6	19	7	19	9	20	10	21	12	21	15	22	17	24	18	25	18	25	
96:
76	14.454	16	25	15	24	13	22	12	20	11	17	9	13	7	9	5	6	4	4	4	3	5	3	7	4	8	6	8	9	7	13	6	18	4	24	2	29	1	33	1	37	2	40	4	43	6	45	9	46	12	46	14	45	15	43	15	40	16	36	17	32	19	29	22	25	26	20	30	16	35	13	40	11	44	10	47	10	49	11	50	13	51	15	51	18	50	20	48	21	46	21	45	20	43	19	40	19	38	20	37	22	36	24	36	27	37	31	39	35	42	38	45	40	47	42	48	43	48	44	47	44	45	44	43	43	40	43	37	44	35	46	32	47	29	47	27	46	25	44	24	42	24	39	23	35	21	31	19	28	17	26	16	25	16	25	
97:
62	34.692	0	27	1	28	2	29	4	31	5	34	6	38	7	42	9	45	12	48	16	50	21	51	27	51	33	50	38	48	42	46	45	45	47	45	48	45	48	44	47	42	45	40	42	37	38	34	34	31	29	28	25	26	22	23	19	19	17	14	16	10	16	6	17	3	19	1	22	0	24	0	27	1	31	3	35	6	38	9	40	13	41	17	42	20	43	22	44	23	44	23	43	23	41	22	38	20	35	17	33	14	30	12	26	11	22	11	17	12	12	14	8	17	5	20	3	23	2	25	2	26	1	26	0	27	0	27	
98:
70	66.646	23	14	22	14	20	14	17	14	15	15	12	17	10	20	9	24	9	28	10	31	12	33	15	34	19	34	22	35	26	36	29	38	31	41	32	44	34	46	37	47	40	47	43	46	46	44	48	41	49	37	49	33	49	28	49	22	49	16	49	11	48	7	48	4	47	2	47	1	48	1	48	2	47	4	46	7	44	9	41	12	37	14	33	15	30	15	28	16	27	18	27	21	27	25	26	29	24	32	23	34	21	36	18	37	15	37	11	36	8	35	5	33	2	30	0	26	-1	21	-1	17	0	13	1	10	3	8	6	7	10	7	14	8	17	10	20	12	22	13	23	14	23	14	
99:
57	7.771	8	49	7	48	7	46	7	43	8	39	10	36	12	32	13	27	13	21	12	16	11	11	11	7	12	4	13	2	15	1	18	1	22	2	27	4	31	7	34	11	37	14	40	18	42	23	43	28	43	32	44	35	46	37	48	38	49	38	50	37	50	35	49	32	47	29	45	27	42	26	38	26	35	26	33	26	31	25	30	25	28	25	27	26	27	27	28	28	30	30	32	32	33	34	33	37	32	39	30	41	27	44	23	46	18	47	14	47	11	47	9	48	8	49	8	49	