0:
73	21.717	4	24	5	23	5	21	6	19	8	17	11	14	15	10	19	6	24	3	28	1	31	0	33	0	35	1	36	3	38	6	41	9	45	11	50	12	56	14	62	17	67	20	71	24	74	29	76	34	77	38	77	41	76	43	74	44	72	44	70	43	69	43	69	42	70	40	70	37	69	35	67	34	64	34	60	34	57	35	54	37	52	40	51	43	51	45	50	47	48	48	45	48	43	49	42	50	41	52	41	54	42	56	44	59	45	63	45	68	44	72	42	75	39	77	35	78	30	78	24	77	19	75	15	72	12	68	10	63	9	58	9	52	10	45	10	39	10	34	9	30	7	27	5	25	4	24	4	24	
1:
85	60.341	68	14	67	13	65	12	62	11	58	11	53	12	47	12	41	12	35	11	28	9	22	7	17	5	13	4	10	2	8	1	7	1	7	2	8	3	10	4	13	5	17	5	22	6	28	7	35	7	43	8	50	10	56	12	61	15	65	19	68	24	70	29	71	33	71	36	70	38	68	40	65	43	61	47	57	52	52	58	47	63	42	67	38	70	34	72	31	73	29	74	28	74	28	74	29	73	31	73	34	74	38	75	43	77	49	79	54	80	58	80	61	79	63	77	64	74	64	71	63	67	61	64	58	61	54	58	50	55	47	52	45	49	44	46	44	43	44	41	45	40	47	38	49	35	50	31	51	27	52	23	54	18	57	14	61	11	64	9	67	8	69	8	70	9	70	11	69	13	68	14	68	14	
2:
81	169.833	66	56	65	55	63	53	61	51	58	48	54	46	49	45	43	45	36	46	28	48	21	51	15	53	10	55	6	56	3	56	1	55	0	53	0	50	1	46	3	41	6	36	8	30	10	25	11	20	11	15	10	11	10	8	10	6	10	5	11	5	13	6	16	7	19	7	23	7	28	6	33	4	39	2	45	1	50	1	54	2	57	4	59	7	60	11	60	16	59	22	57	27	56	31	56	34	57	36	59	38	62	41	66	45	69	50	71	55	72	61	73	66	75	70	76	73	76	76	75	79	73	81	70	82	67	82	64	81	62	79	61	76	61	73	62	71	62	70	61	70	59	70	57	70	55	69	54	67	54	65	55	64	57	63	60	61	63	59	65	57	66	56	66	56	
3:
79	56.339	18	8	17	7	15	7	12	8	8	10	4	12	0	15	-3	19	-5	24	-6	30	-6	36	-5	42	-3	48	-1	54	2	59	6	63	11	66	15	68	20	69	24	69	27	68	29	66	30	63	30	59	29	56	27	53	25	51	23	50	22	48	22	46	23	44	25	43	28	41	32	38	36	34	41	31	46	29	50	28	53	28	55	29	56	30	56	32	55	35	55	39	55	44	54	49	54	55	54	60	55	64	57	67	60	69	64	70	67	70	69	71	70	72	70	72	69	71	67	69	65	66	64	62	64	57	64	51	65	46	66	40	67	34	67	28	66	23	64	19	61	16	57	14	52	13	46	13	39	14	33	14	28	13	24	11	21	9	19	8	18	8	18	8	
4:
85	50.175	70	19	70	20	69	22	68	25	66	29	63	34	60	40	56	47	51	54	45	60	40	65	36	69	32	72	28	74	23	75	18	75	14	74	11	72	9	69	8	65	7	60	7	54	8	48	10	43	12	39	15	36	19	34	24	33	30	33	37	33	45	34	52	36	59	39	65	43	70	48	74	52	77	56	79	60	80	64	80	67	80	69	79	70	77	70	74	69	70	68	65	66	59	63	52	59	44	54	36	48	29	41	23	34	18	28	14	23	11	19	9	15	8	11	8	8	9	6	11	5	14	5	18	6	23	8	29	9	36	9	44	8	52	6	59	3	65	1	70	0	74	0	77	0	79	1	80	3	80	4	79	5	77	5	74	5	72	6	71	8	71	11	72	14	72	16	71	18	70	19	70	19	
5:
79	92.75	21	29	22	28	24	27	27	27	31	28	34	30	36	33	39	37	41	40	42	43	42	45	41	46	39	48	37	49	36	51	36	53	37	55	39	56	42	57	46	58	51	58	57	57	64	57	70	56	75	54	79	51	82	47	84	42	85	38	85	34	84	31	82	29	79	28	75	28	72	29	70	31	69	34	67	38	66	43	64	49	61	55	57	60	53	64	48	67	43	69	39	71	34	72	28	72	23	71	19	69	16	66	13	62	11	57	9	52	8	46	8	39	9	33	11	27	14	22	18	18	23	15	29	13	34	11	38	9	42	8	45	8	47	9	48	11	48	14	47	18	45	22	42	25	38	27	34	28	31	29	27	30	24	30	22	29	21	29	21	29	
6:
76	49.056	33	11	32	12	30	14	27	17	23	19	19	20	15	21	12	22	9	22	7	23	5	24	4	24	4	24	5	25	6	27	7	30	7	34	8	39	10	44	13	48	17	51	21	53	26	54	32	54	38	54	43	54	47	53	50	51	52	48	55	45	59	43	63	41	67	40	71	40	74	41	76	42	77	44	77	46	77	49	76	53	74	58	71	63	67	69	62	74	56	78	49	81	41	83	33	84	26	84	20	83	15	82	11	80	8	77	6	73	5	69	5	66	6	63	8	61	11	58	15	54	18	49	21	44	25	40	29	37	33	33	37	28	40	23	42	19	43	15	43	12	42	10	41	9	39	9	36	10	34	11	33	11	33	11	
7:
78	61.148	46	79	45	78	43	76	40	73	37	69	34	64	32	58	31	51	31	44	32	36	34	29	37	23	41	18	45	13	49	9	54	6	58	4	61	3	65	3	68	4	70	6	72	9	74	12	76	15	77	17	77	19	76	20	74	20	71	19	67	18	63	18	60	19	58	21	57	24	55	28	52	33	48	39	43	44	37	48	30	51	24	53	19	54	15	54	11	53	8	52	6	50	5	47	5	43	6	38	6	32	5	25	4	19	3	14	3	10	4	7	6	5	9	4	12	4	14	5	15	7	15	10	16	14	18	19	21	25	23	32	24	39	24	46	23	52	23	57	24	62	26	66	29	69	33	71	37	74	40	76	43	78	45	79	46	79	46	79	
8:
80	151.441	65	13	64	14	62	15	59	16	55	16	50	16	44	15	38	13	31	12	25	11	19	11	14	12	9	14	5	17	2	20	0	24	-1	29	-1	35	0	42	2	48	5	53	9	57	14	60	19	62	24	63	29	63	33	63	36	64	38	66	40	68	43	71	47	74	52	76	58	77	64	77	69	76	73	74	76	71	78	67	79	63	79	60	78	58	76	57	73	57	70	57	66	56	61	54	56	51	52	47	49	42	46	36	43	31	39	25	36	20	34	16	32	13	31	11	31	10	32	10	34	11	37	12	40	14	44	17	49	21	55	25	60	28	66	30	71	31	75	31	78	30	80	28	81	25	81	21	80	17	78	14	75	12	71	11	68	11	66	12	65	13	65	13	
9:
86	39.984	78	75	77	74	75	73	72	72	68	70	63	67	57	63	51	58	45	52	40	46	35	41	31	37	28	34	26	32	25	31	25	29	26	27	28	26	31	24	35	23	39	23	43	22	47	22	50	23	52	25	53	28	53	32	52	35	50	37	47	38	45	38	43	39	41	41	40	44	38	48	37	51	37	53	38	55	40	56	42	56	45	55	49	53	52	50	56	46	61	43	65	41	68	40	70	39	72	37	73	34	73	30	72	25	70	19	67	14	63	10	58	7	52	4	45	2	37	1	30	1	24	2	19	4	14	7	10	11	6	16	3	22	1	28	0	35	0	43	1	52	3	60	6	67	10	73	15	78	21	82	27	85	34	87	42	88	50	88	57	87	63	85	68	82	72	79	75	77	77	76	78	75	78	75	
10:
84	88.13	72	60	71	59	69	57	66	55	62	52	57	48	51	45	44	42	36	40	28	39	21	39	15	39	10	39	6	38	3	38	1	38	0	39	0	41	1	43	2	46	3	50	3	55	2	59	2	63	3	66	5	69	8	71	11	72	15	73	20	73	26	72	32	70	38	67	43	63	47	58	50	53	52	47	53	40	53	32	53	25	54	19	56	14	59	10	63	7	67	5	70	4	72	4	73	5	73	6	72	7	70	7	67	6	63	5	58	4	52	4	46	3	39	1	33	0	28	0	24	0	21	1	19	3	17	6	16	10	16	14	17	17	19	19	22	21	25	22	29	24	34	27	40	31	46	34	53	36	59	38	64	40	68	41	71	43	73	46	74	50	74	54	74	57	73	59	72	60	72	60	
11:
91	14.108	35	68	34	67	32	66	29	65	25	65	20	66	16	68	13	71	10	73	8	74	6	74	5	73	5	71	5	68	5	64	5	59	5	54	6	49	6	45	7	42	8	40	10	39	13	39	15	40	18	42	20	44	21	46	21	47	22	47	24	46	27	44	31	41	35	37	40	32	44	26	47	21	49	15	50	9	52	4	54	0	57	-3	61	-5	66	-6	70	-6	73	-5	76	-3	78	-1	79	2	79	4	78	7	76	10	73	14	71	19	70	24	70	29	71	34	73	38	75	41	77	43	78	44	78	44	77	44	75	43	72	41	68	38	63	34	57	29	50	24	43	19	36	15	28	12	21	10	15	8	10	7	6	7	3	8	1	10	0	13	0	17	1	22	2	28	4	35	7	42	11	48	16	53	21	58	25	62	29	65	32	67	34	68	35	68	35	68	
12:
90	86.911	4	6	5	7	7	9	10	10	14	12	19	13	25	13	32	14	38	16	44	18	49	21	53	24	56	28	59	32	62	35	66	37	70	38	73	38	75	37	76	35	76	32	75	28	74	24	72	20	69	17	67	15	64	14	62	13	61	12	61	10	62	8	63	5	64	3	64	1	63	0	61	0	58	0	54	1	49	2	44	4	40	7	37	11	34	16	31	21	29	26	28	32	28	38	28	44	27	49	25	53	23	56	20	58	16	59	13	59	10	59	8	60	7	62	7	65	8	69	10	73	13	76	17	78	22	79	28	79	35	78	43	77	50	76	56	75	61	74	65	74	68	75	70	77	71	78	71	78	70	77	68	75	65	72	61	68	57	63	52	57	46	50	39	42	32	34	25	27	19	21	14	16	10	12	7	9	5	7	4	6	4	6	
13:
96	64.077	79	24	78	25	76	26	73	26	69	25	64	23	58	20	51	16	44	12	37	8	30	5	24	3	19	2	15	2	12	3	10	5	9	7	9	9	10	12	12	15	15	19	19	23	22	27	24	31	25	35	27	38	28	40	28	41	27	41	25	40	23	39	20	37	16	36	12	36	9	37	7	39	6	42	5	46	5	51	6	57	8	63	11	68	15	72	20	75	26	77	33	79	39	80	44	80	48	80	51	79	53	77	54	74	54	70	54	65	55	59	57	52	60	44	64	36	67	28	69	21	70	15	71	10	71	6	70	3	68	1	65	0	61	0	56	1	52	3	49	5	46	8	44	12	43	17	43	22	44	27	46	31	49	36	51	41	52	46	52	50	52	53	51	55	51	57	52	58	54	58	57	57	61	55	66	52	71	48	75	44	78	39	80	34	81	30	81	27	80	25	79	24	79	24	
14:
85	37.924	55	60	54	61	53	63	53	66	54	69	56	73	59	76	63	79	68	81	72	82	75	82	77	81	78	79	78	76	77	72	75	67	72	61	68	54	63	46	57	37	52	29	47	22	42	16	37	11	32	7	28	4	25	2	23	1	22	1	22	2	23	4	25	6	28	8	32	9	37	9	42	8	48	6	55	3	61	1	66	0	70	0	73	1	75	3	76	6	76	10	76	14	76	19	75	25	73	32	70	38	66	45	61	51	55	56	48	61	40	65	33	69	27	72	22	74	18	75	15	75	13	74	12	72	11	69	11	65	11	60	10	55	10	49	10	44	11	40	13	37	16	35	19	34	23	34	28	35	32	37	35	40	38	43	42	45	46	46	50	48	53	51	55	54	56	57	56	59	55	60	55	60	
15:
72	21.382	65	23	64	23	62	23	59	22	55	21	52	21	49	22	47	24	46	27	46	31	47	36	48	41	48	46	47	51	45	56	43	61	42	66	41	70	39	74	36	77	32	79	27	80	22	80	17	79	13	77	10	74	8	72	7	70	7	69	8	69	10	69	13	68	15	66	16	63	16	59	15	55	13	51	10	48	7	46	5	44	4	41	4	37	5	33	7	29	10	26	12	24	14	23	15	23	15	22	14	21	12	19	9	16	6	12	4	9	3	7	3	6	4	6	6	7	9	8	13	9	18	9	24	9	30	9	36	10	42	10	47	11	51	13	55	15	59	17	62	20	64	22	65	23	65	23	
16:
80	103.14	64	45	63	46	61	47	58	49	54	52	49	54	43	56	36	59	30	63	24	66	19	69	15	71	12	72	10	73	9	73	9	73	10	72	12	70	15	67	19	63	24	58	30	52	37	45	44	38	50	32	55	27	59	22	62	18	64	15	65	13	65	12	64	10	62	8	59	7	55	7	50	8	44	10	38	13	33	15	29	17	26	20	24	24	22	28	19	31	15	33	12	34	10	34	8	33	7	31	7	28	8	25	10	21	13	18	17	16	21	15	24	13	26	10	27	6	27	3	26	1	25	0	24	0	24	1	25	3	26	6	28	9	31	12	35	15	40	17	44	18	48	19	52	21	56	24	59	27	61	31	62	35	62	39	63	42	64	44	64	45	64	45	
17:
85	29.603	73	18	72	19	70	21	67	24	64	28	61	33	59	39	58	46	58	53	57	59	57	64	57	69	56	73	56	76	55	78	53	79	50	79	46	78	41	76	36	73	32	69	29	64	26	58	24	52	22	47	20	43	19	40	19	38	20	35	22	33	25	32	27	30	28	27	28	24	28	20	28	15	29	11	31	7	34	4	37	2	40	1	44	1	49	2	53	4	57	7	60	11	62	15	64	20	65	26	66	32	66	39	65	47	63	54	60	60	56	65	51	69	45	72	38	74	31	75	23	75	16	74	10	73	5	72	1	70	-2	67	-4	63	-5	58	-5	52	-4	45	-2	39	1	33	5	28	10	24	16	21	23	19	31	18	39	18	46	19	52	21	58	22	63	22	67	22	70	21	72	19	73	18	73	18	
18:
80	39.693	15	58	16	57	18	55	20	52	23	49	26	46	30	44	35	43	41	42	47	42	53	43	59	43	64	44	68	46	71	48	73	51	74	54	74	58	73	61	71	64	68	67	64	69	59	71	53	74	46	76	38	77	30	77	23	77	17	76	11	74	5	71	0	67	-4	62	-7	56	-11	49	-14	41	-16	33	-17	26	-17	20	-16	15	-14	10	-11	6	-7	3	-2	1	4	0	11	0	19	1	26	2	33	3	41	3	48	3	54	3	59	4	63	6	67	9	70	13	72	17	73	20	73	23	72	25	70	26	68	26	65	25	62	23	59	20	56	18	53	17	49	17	45	18	40	20	36	23	33	27	29	32	24	37	20	43	17	48	15	52	14	55	14	57	15	58	15	58	
19:
86	76.562	39	9	38	8	36	6	33	5	29	5	24	5	20	6	16	7	13	9	11	11	10	12	10	14	11	17	13	20	16	24	20	28	25	32	30	37	36	42	43	46	49	49	56	51	62	52	68	52	74	51	79	49	83	46	86	42	88	37	89	31	89	26	88	22	86	19	83	16	79	14	75	13	72	13	69	14	67	16	66	19	66	23	65	28	63	33	60	38	57	43	55	48	54	52	54	55	55	59	57	62	60	64	63	66	65	69	66	73	66	76	65	78	63	79	60	79	57	78	53	76	48	74	42	72	37	71	32	71	28	71	25	72	23	72	22	71	22	70	23	68	25	66	27	63	29	60	31	57	32	53	32	48	31	42	29	35	28	29	28	24	29	19	31	15	33	12	36	10	38	9	39	9	39	9	
20:
92	12.634	5	35	4	34	4	32	5	29	7	25	10	20	13	16	15	13	16	10	16	8	15	7	14	7	12	8	9	10	6	13	4	17	3	22	2	28	2	35	3	43	3	50	2	57	0	63	-1	68	-1	72	0	75	2	77	5	78	8	78	11	77	13	75	16	72	20	69	23	66	26	62	29	59	31	57	33	56	36	56	38	57	39	57	40	56	40	54	40	51	41	47	43	44	46	42	50	41	54	41	58	42	61	44	63	47	64	51	64	56	64	62	65	67	65	71	64	74	63	76	63	77	64	77	66	76	67	74	67	71	68	67	70	62	71	56	73	49	76	41	78	33	79	26	79	20	78	15	77	11	75	8	72	6	68	5	63	5	57	5	52	5	47	6	41	8	36	11	32	14	29	18	25	23	20	27	15	30	11	32	8	34	6	35	5	35	5	35	
21:
71	32.531	75	12	74	13	72	15	69	16	67	18	66	21	66	24	66	27	67	29	69	30	71	30	73	29	74	28	76	28	78	29	79	30	79	32	78	35	77	37	75	40	73	42	70	43	66	44	61	45	55	47	50	50	46	54	43	59	40	64	37	68	35	71	34	73	34	74	33	74	31	73	28	71	24	68	21	64	19	59	17	53	15	47	14	42	14	37	15	33	15	30	14	27	12	25	10	24	8	24	7	25	7	26	8	26	10	25	13	25	17	25	22	24	28	24	35	23	43	21	51	18	58	14	64	10	69	7	73	5	76	4	78	4	79	5	79	7	78	9	76	11	75	12	75	12	
22:
79	12.245	48	7	47	6	46	6	44	6	41	7	37	9	32	12	28	16	23	19	18	21	14	22	11	22	9	21	8	19	7	18	7	18	8	19	10	21	12	24	13	27	14	30	14	33	13	36	11	38	8	40	6	42	4	44	3	46	3	47	4	49	6	51	8	53	9	56	9	60	8	63	6	66	4	69	3	72	3	74	4	75	6	75	9	75	13	74	18	72	24	69	29	65	34	60	40	56	46	53	51	51	55	50	58	50	62	51	66	53	70	56	73	60	75	63	76	65	76	66	75	66	75	65	76	63	77	60	77	56	78	51	78	45	78	38	78	31	77	25	75	20	73	16	70	13	66	10	62	8	58	7	54	7	51	8	49	8	48	7	48	7	
23:
86	78.684	6	26	7	27	9	29	10	31	10	34	9	36	7	37	4	37	0	38	-3	40	-5	43	-6	47	-6	52	-5	57	-4	63	-2	68	1	72	5	75	10	77	16	78	23	78	31	78	40	77	48	75	55	72	61	68	66	63	70	57	73	51	76	44	78	38	79	33	79	29	78	26	77	24	75	23	74	22	74	22	73	23	71	25	68	28	64	32	59	35	53	37	47	38	41	39	36	41	32	44	29	46	27	47	26	47	24	46	23	44	22	41	22	37	23	32	25	26	28	19	31	13	33	8	34	4	34	1	33	-1	31	-2	28	-2	24	-1	20	0	17	2	15	3	14	3	14	2	15	1	17	1	20	1	22	1	24	2	25	4	25	7	24	11	22	16	19	20	16	23	12	25	9	26	7	26	6	26	6	26	
24:
75	218.867	49	71	48	71	46	70	43	69	41	68	39	66	38	64	38	61	39	59	41	56	44	54	48	51	53	47	58	42	64	38	69	34	73	29	76	24	78	18	79	13	79	9	78	6	76	4	73	3	70	3	67	4	64	6	62	8	59	9	55	9	50	8	46	6	41	5	37	5	34	6	32	8	31	11	30	15	29	20	29	25	28	29	26	32	23	34	19	35	15	35	11	34	8	32	5	29	3	26	1	23	0	21	0	20	1	20	1	21	0	23	0	26	0	30	0	35	1	41	3	48	4	54	4	59	5	63	7	68	10	72	14	75	19	77	25	79	31	80	36	80	40	79	43	77	46	74	48	72	49	71	49	71	
25:
79	45.973	6	68	7	69	9	70	12	70	14	70	17	69	19	67	21	64	23	60	24	55	24	49	24	42	25	36	27	30	29	25	31	21	33	18	35	16	36	15	38	15	41	16	44	18	47	21	49	25	52	30	55	35	58	39	60	42	61	44	61	45	60	45	58	46	55	48	53	51	52	55	52	59	53	63	54	66	56	68	59	69	63	69	66	68	68	66	71	63	73	60	75	56	76	52	76	47	77	41	79	34	80	27	80	20	79	14	77	9	74	5	70	2	65	0	59	-1	52	-1	44	0	36	2	28	3	21	5	15	8	10	12	6	17	3	23	1	30	0	37	0	44	1	50	3	55	6	59	8	62	9	64	9	66	8	67	7	68	6	68	6	68	
26:
75	31.003	9	3	8	4	8	6	8	9	9	13	11	17	14	20	17	23	21	27	26	30	30	32	33	35	35	37	36	40	36	43	35	45	33	47	30	49	26	52	22	56	19	60	17	63	16	66	16	68	17	69	19	69	22	68	26	66	31	63	37	61	43	60	49	60	54	61	58	63	61	66	63	70	64	73	64	75	63	76	62	76	60	75	59	73	58	70	58	67	59	63	60	58	62	52	64	46	67	40	69	33	70	26	70	20	69	15	67	11	64	8	60	6	57	5	53	5	50	6	47	7	45	9	44	12	44	16	43	19	41	21	38	22	34	22	31	21	28	19	24	16	19	13	15	9	12	6	10	4	9	3	9	3	
27:
77	42.647	45	25	44	25	42	25	39	25	35	26	30	28	24	31	17	35	11	39	6	44	2	50	-1	55	-3	59	-4	62	-4	66	-3	69	-1	71	2	72	6	72	9	71	11	69	12	66	12	62	12	58	13	55	15	53	18	52	22	52	27	53	33	55	39	58	44	61	48	65	51	68	53	70	54	71	56	71	59	70	61	69	63	67	66	66	69	66	71	66	72	67	72	67	71	67	69	66	66	64	62	62	59	59	56	56	52	52	49	49	47	47	46	44	46	40	47	35	49	29	52	24	56	19	61	15	65	12	68	8	71	5	73	3	74	1	74	0	73	0	71	1	68	3	64	6	60	10	55	15	51	19	48	22	46	24	45	25	45	25	
28:
85	118.173	71	26	70	27	70	29	69	32	67	36	64	39	60	41	55	44	51	46	48	49	45	53	43	57	42	62	42	67	43	71	45	74	48	76	52	77	57	77	62	76	67	74	71	71	74	67	78	62	82	56	85	49	87	41	88	34	88	28	87	23	85	19	82	16	78	14	73	13	67	13	61	13	56	13	52	12	49	11	47	11	46	12	46	14	46	17	45	21	43	25	40	28	36	30	31	31	26	32	22	32	19	31	17	29	16	26	16	22	17	19	19	17	21	16	24	16	26	17	27	19	27	22	26	26	26	31	27	37	29	43	30	48	32	52	35	55	39	57	44	58	49	58	55	58	60	59	64	59	67	58	69	56	70	53	70	49	70	45	70	41	71	36	72	32	72	29	72	27	71	26	71	26	
29:
79	39.616	26	74	25	73	23	71	21	68	18	64	14	59	9	53	5	47	2	40	0	33	-1	27	-1	22	0	18	2	15	5	13	9	12	14	12	20	13	26	13	31	13	35	12	38	10	40	8	43	7	47	7	52	7	57	8	61	10	65	13	69	16	73	18	76	19	78	19	79	19	79	18	78	17	76	17	73	18	69	20	65	23	61	27	58	30	56	34	55	39	55	44	56	50	58	55	61	59	65	62	70	64	74	65	77	65	79	64	80	62	80	59	79	55	77	50	74	45	70	41	66	38	61	36	55	34	50	33	45	33	40	34	34	34	29	34	25	35	22	37	20	40	19	44	19	49	20	55	22	60	24	64	26	68	27	71	27	73	26	74	26	74	
30:
65	2.362	74	45	73	46	72	48	72	51	71	53	69	56	67	58	65	59	63	59	62	60	62	62	63	63	65	65	67	68	68	72	68	75	67	77	65	78	62	79	58	79	53	78	49	76	44	75	39	73	33	70	27	66	22	63	18	59	15	55	12	50	10	45	9	41	8	38	8	36	9	35	11	35	12	36	13	36	13	35	12	33	10	30	7	26	4	21	2	16	1	12	0	8	0	5	1	3	3	2	6	2	10	3	15	5	21	8	26	12	30	17	35	23	40	28	46	32	53	36	59	40	64	43	68	45	71	46	73	46	74	45	74	45	
31:
81	20.084	61	39	60	40	58	40	55	41	51	41	47	41	42	41	38	42	35	44	32	47	28	50	25	52	22	53	19	53	17	52	16	50	16	47	17	43	19	38	22	34	26	31	31	29	37	27	43	24	50	22	58	20	65	19	71	19	76	20	80	21	83	23	85	26	86	30	86	34	85	39	83	45	80	52	76	58	71	63	65	67	60	70	56	72	52	74	49	75	47	75	46	74	46	72	47	69	49	65	51	61	52	57	52	54	51	50	49	46	46	41	43	37	39	33	34	29	28	24	22	20	17	17	13	15	10	14	8	12	7	11	7	10	8	10	10	10	13	10	17	10	22	10	27	11	33	13	38	16	42	20	46	24	51	29	55	33	58	36	60	38	61	39	61	39	
32:
91	123.361	4	75	5	74	7	72	10	69	12	65	13	60	14	54	16	47	18	40	20	33	23	27	25	22	28	17	32	13	37	10	43	8	48	7	52	7	55	7	57	6	59	5	60	5	60	6	59	7	57	9	55	12	52	16	48	21	45	26	43	32	42	39	42	47	43	54	45	60	48	65	51	69	55	72	60	74	64	75	67	75	69	74	70	72	70	69	69	65	67	61	65	58	64	56	63	54	63	53	64	53	66	54	69	55	72	55	74	54	75	52	75	49	74	45	72	41	69	38	65	36	60	35	54	34	48	32	42	29	37	25	33	20	30	15	27	10	23	6	20	3	17	1	14	0	12	0	9	1	6	3	4	6	2	10	1	15	1	21	2	28	3	36	4	43	4	49	3	54	1	59	0	63	0	66	0	69	1	72	3	74	4	75	4	75	
33:
84	32.389	54	79	53	78	51	76	48	73	45	69	43	64	42	59	41	54	40	50	40	46	41	42	42	39	44	37	47	36	50	36	52	37	53	39	53	42	52	44	52	46	53	47	55	48	58	49	62	49	67	49	71	48	74	46	76	43	77	39	77	34	77	28	77	23	76	19	74	16	71	14	67	13	62	13	56	12	49	10	41	7	34	4	28	2	23	0	18	-2	14	-3	11	-3	9	-2	8	0	8	3	9	7	10	12	11	18	12	24	12	31	11	39	11	46	10	52	9	57	8	61	6	64	4	66	3	69	3	73	4	76	6	78	9	79	13	79	18	78	22	76	25	73	28	69	30	65	31	62	33	60	34	59	36	59	39	60	43	62	47	65	50	69	52	73	53	76	54	78	54	79	54	79	
34:
73	43.241	20	53	20	54	21	56	23	58	26	59	29	59	32	58	34	56	36	53	37	49	39	45	42	41	46	38	51	36	57	35	62	35	67	36	71	38	75	40	78	43	80	47	81	52	81	58	80	64	78	69	75	73	73	76	71	78	69	79	68	79	68	78	69	76	69	74	68	71	66	67	64	62	62	56	59	50	55	43	51	37	47	32	42	28	36	25	29	23	23	22	18	22	14	23	11	25	9	28	7	32	6	37	6	42	7	48	9	54	10	59	10	63	9	66	9	68	8	69	6	69	3	68	1	66	0	63	0	59	0	55	1	52	3	50	6	49	10	49	14	49	17	50	19	52	20	53	20	53	
35:
78	28.833	53	67	52	66	50	66	47	65	43	63	38	62	32	62	26	62	20	62	15	63	11	65	8	68	6	71	5	74	5	76	5	77	4	77	2	76	0	74	-2	71	-3	67	-3	63	-2	60	0	58	3	57	7	56	12	56	18	57	23	58	28	58	32	57	35	56	37	54	38	52	38	50	37	47	35	43	32	38	28	32	23	27	18	23	13	20	9	18	6	16	4	15	3	14	3	13	4	11	6	9	9	7	13	6	18	6	24	7	30	7	35	6	39	4	43	2	48	1	53	1	58	2	63	4	67	7	70	11	72	15	73	20	74	26	74	33	73	41	73	48	73	54	72	59	70	63	67	66	63	68	59	69	56	69	54	68	53	67	53	67	
36:
81	24.225	59	11	58	12	56	13	54	13	51	12	47	11	43	9	38	8	34	8	30	9	27	11	25	14	24	18	23	22	23	25	24	27	26	30	29	34	31	39	34	44	36	49	38	53	41	56	45	58	48	59	50	59	51	58	51	56	52	53	52	51	51	50	49	50	48	50	48	49	49	47	51	44	54	40	57	35	61	31	66	28	70	26	73	24	75	23	76	22	76	20	75	18	73	15	70	13	66	12	61	12	55	13	48	15	41	18	35	22	29	27	23	33	18	40	14	47	11	53	9	59	6	64	3	68	1	71	0	73	0	74	1	74	3	73	5	71	8	68	12	64	16	59	21	53	27	46	33	39	38	32	44	26	49	21	53	17	56	14	58	12	59	11	59	11	
37:
75	29.0	10	18	9	19	8	21	6	24	3	28	1	32	0	35	0	37	1	38	3	38	6	39	9	41	11	44	12	48	12	53	12	59	11	65	10	70	10	74	11	77	12	79	12	80	11	80	9	79	7	77	6	74	6	71	7	68	9	66	12	63	15	60	19	56	24	53	28	51	31	49	34	47	36	45	37	44	37	43	36	43	35	44	33	46	32	49	32	53	33	58	35	63	38	67	42	70	47	73	53	75	59	76	64	76	68	76	71	76	74	75	76	73	77	70	77	66	76	61	74	55	71	48	67	42	62	37	56	33	49	29	43	25	38	21	34	18	30	16	25	15	20	15	16	16	13	17	11	18	10	18	10	18	
38:
83	14.669	23	28	24	28	26	29	28	29	29	28	29	26	30	23	32	21	34	20	36	20	37	21	37	23	36	26	36	28	37	29	39	29	42	28	44	26	45	23	45	19	44	15	42	12	40	10	38	7	37	5	37	4	38	4	40	5	43	7	47	10	50	14	52	18	53	23	53	29	52	34	50	38	47	41	43	43	39	45	35	47	32	50	30	52	29	55	29	57	30	60	32	64	35	67	39	70	44	74	49	78	54	81	60	83	65	84	69	84	72	83	74	81	75	79	75	76	74	72	72	69	69	67	65	66	60	64	54	62	48	59	41	56	33	53	26	49	20	44	15	40	11	36	8	33	6	31	5	30	5	30	6	31	8	33	11	34	15	34	18	33	20	31	22	29	23	28	23	28	
39:
71	72.928	69	45	68	44	66	43	63	41	59	39	54	38	50	38	46	38	43	37	41	35	40	32	40	28	41	24	43	21	46	18	50	16	53	15	56	14	60	14	63	14	65	14	66	15	66	17	65	20	63	23	61	25	59	26	57	26	54	25	52	23	49	22	47	22	44	23	40	25	35	26	29	26	24	26	20	26	17	27	15	28	14	30	14	33	15	37	15	41	14	46	12	50	9	53	6	55	4	57	2	59	1	62	1	66	2	71	4	75	7	78	11	80	16	81	22	81	29	80	36	78	43	75	50	71	56	67	61	64	65	61	68	58	70	54	71	51	71	48	70	46	69	45	69	45	
40:
85	168.439	41	57	42	58	43	60	45	62	47	63	48	63	49	62	50	60	52	57	54	53	56	49	57	44	57	38	56	31	54	24	51	18	47	13	42	9	38	6	35	4	32	3	30	3	29	4	29	6	29	9	28	13	26	17	23	21	19	26	15	30	12	33	9	36	7	38	6	41	6	43	7	46	9	50	12	55	16	59	21	64	27	69	32	73	37	76	43	78	50	79	56	79	61	78	65	76	68	73	70	69	72	64	73	58	73	52	72	46	70	41	69	37	68	34	66	32	64	31	61	31	57	32	52	34	47	36	42	37	37	38	33	40	30	43	28	45	27	46	27	48	28	49	30	49	33	49	36	48	40	47	44	47	47	48	49	50	50	53	50	56	49	58	47	59	44	59	42	58	41	57	41	57	
41:
83	39.274	55	68	56	67	57	65	59	62	61	58	62	55	62	53	61	51	59	50	56	50	53	51	51	53	50	54	50	55	49	56	47	56	44	55	40	53	36	50	33	48	31	47	30	46	30	46	29	47	29	49	30	52	32	56	34	61	36	66	37	70	37	73	36	75	34	76	31	76	27	76	23	75	20	73	18	70	17	66	17	61	17	55	17	49	16	42	16	36	17	31	19	27	21	23	22	20	22	17	21	14	19	11	16	9	14	8	12	7	11	7	11	8	12	8	14	9	17	9	21	8	26	8	32	9	39	11	47	13	54	16	61	19	67	23	72	28	76	33	79	39	81	46	82	53	82	59	81	64	79	68	76	71	72	73	67	74	63	74	60	73	58	71	56	69	55	68	55	68	
42:
83	15.751	50	18	49	18	47	17	44	17	40	18	37	19	34	19	32	18	31	16	31	14	32	11	34	8	37	6	40	4	44	2	49	1	55	1	61	2	66	4	70	7	73	10	75	14	76	17	76	19	75	20	73	20	70	20	66	21	62	23	58	26	54	30	51	34	49	38	48	43	48	48	49	52	50	55	50	57	49	59	47	60	45	60	44	59	42	59	39	60	35	60	30	59	26	57	21	54	16	51	12	49	8	46	5	44	3	43	2	43	2	44	3	46	5	49	8	53	12	58	17	64	23	70	30	75	38	79	46	82	53	84	59	85	65	85	70	84	74	82	77	79	79	76	80	72	80	67	79	61	77	54	74	46	70	39	65	33	60	28	56	24	53	21	51	19	50	18	50	18	
43:
67	31.069	62	38	63	37	64	35	65	32	65	28	66	24	68	21	69	19	69	16	68	14	66	12	63	10	59	9	55	9	50	8	44	7	38	7	31	6	24	5	18	5	13	6	9	8	5	10	2	13	0	17	-1	21	-1	26	-1	30	0	33	2	35	5	36	9	36	14	37	20	38	25	40	29	43	32	47	35	52	37	57	38	61	38	64	39	66	41	67	44	67	48	68	52	68	56	69	59	71	61	72	62	74	62	75	61	75	59	74	57	72	56	69	56	65	57	62	59	60	62	57	65	53	67	48	68	44	68	41	67	39	65	38	63	38	62	38	62	38	
44:
83	9.424	49	38	50	39	50	41	51	44	53	48	56	52	58	57	60	61	63	65	67	68	70	70	74	71	77	71	79	70	80	68	80	65	79	61	78	57	76	52	73	46	69	39	64	32	58	26	52	21	47	16	43	12	40	9	37	7	35	6	32	6	28	7	25	9	21	12	18	16	14	21	9	26	5	32	2	38	0	45	-1	53	-1	60	0	66	2	71	5	75	9	78	14	80	20	81	25	81	29	80	33	78	36	75	38	71	39	66	39	60	39	53	39	47	38	42	37	38	35	35	32	33	29	32	26	32	23	33	21	34	20	36	20	39	21	42	23	46	26	49	29	51	31	54	32	56	32	57	31	58	31	58	32	57	34	55	37	52	41	48	44	44	46	41	48	39	49	38	49	38	
45:
88	25.421	28	52	27	53	27	55	26	58	26	62	27	67	29	71	32	74	36	76	41	77	45	77	48	76	50	74	52	73	55	72	57	70	58	67	60	63	63	58	67	52	71	45	74	37	76	29	77	20	77	12	76	5	74	-1	71	-6	67	-10	62	-13	56	-15	49	-16	41	-16	34	-15	27	-13	21	-11	16	-8	12	-4	9	1	7	7	6	12	6	16	7	19	9	21	12	22	15	22	17	21	18	19	18	16	18	14	19	12	21	11	24	11	28	12	33	14	37	17	42	19	46	22	49	25	51	28	53	30	54	31	54	31	54	30	55	28	57	26	58	24	60	23	63	23	67	24	70	26	72	29	73	33	73	37	72	42	71	48	69	53	66	57	62	60	57	62	51	63	45	63	40	62	36	60	33	57	31	55	29	53	28	52	28	52	
46:
68	50.66	53	22	52	22	50	21	47	19	43	16	38	13	33	11	29	9	26	8	24	8	23	9	23	11	24	12	26	14	29	17	31	21	32	24	32	28	33	31	35	33	36	34	36	36	35	39	35	43	35	48	36	52	36	56	36	61	35	65	33	68	30	70	27	71	23	71	20	70	18	68	17	65	17	61	17	56	18	51	20	47	23	44	27	42	32	41	38	41	43	42	48	42	54	41	60	39	65	36	69	33	72	29	74	25	75	20	76	16	76	12	75	8	73	5	70	3	66	2	61	2	57	3	54	5	52	8	51	12	51	16	51	19	52	21	53	22	53	22	
47:
81	66.204	32	30	33	29	35	29	38	28	42	26	47	23	51	19	54	15	56	12	57	10	58	9	59	9	61	10	64	12	67	15	70	17	72	19	73	21	73	24	72	28	70	31	69	34	69	38	70	43	72	48	74	52	76	55	77	57	77	58	76	58	74	57	71	55	67	54	62	54	57	55	53	56	50	58	48	61	46	65	44	69	43	73	41	76	39	78	38	79	37	79	35	78	32	77	28	75	24	72	20	70	15	69	11	69	7	70	4	72	2	73	1	73	1	72	2	70	4	67	7	63	11	58	16	53	21	48	25	42	28	36	30	30	31	25	31	21	30	17	29	14	29	12	30	11	32	11	34	12	36	14	37	17	37	20	36	24	34	27	33	29	32	30	32	30	
48:
83	33.614	48	49	47	49	46	49	45	48	43	46	40	44	36	41	33	39	29	37	25	36	20	36	15	37	11	39	8	42	5	44	3	46	1	47	-1	47	-2	46	-2	44	-1	41	1	37	4	32	7	26	11	20	15	15	18	11	21	8	23	6	24	5	25	5	27	6	30	8	34	11	39	14	44	18	50	21	56	23	63	25	70	28	76	32	81	37	85	43	88	50	90	57	91	63	91	68	90	72	88	75	85	77	81	78	78	78	76	77	75	75	74	74	73	72	71	71	68	71	64	72	59	73	55	74	52	76	50	77	49	77	49	76	49	74	50	71	52	67	55	63	58	60	60	58	61	57	61	56	60	55	58	55	55	56	52	57	49	57	47	56	46	54	46	52	47	50	48	49	48	49	
49:
78	17.503	58	67	57	66	55	64	52	61	50	57	49	53	49	49	48	44	46	38	43	32	41	25	40	19	40	14	41	9	43	5	46	2	49	0	52	-1	54	-1	55	0	55	2	54	3	52	4	51	5	50	7	50	10	51	14	53	19	56	23	59	26	63	28	67	29	70	29	72	29	73	30	73	32	72	35	71	39	70	44	70	48	71	51	73	54	75	56	76	59	76	61	75	64	73	67	70	70	66	74	61	77	55	79	50	80	44	80	38	79	32	77	26	74	20	70	15	65	11	60	8	56	6	53	5	51	5	50	6	50	8	51	11	53	13	55	16	57	20	60	25	64	31	67	37	69	43	70	48	71	52	71	55	70	57	68	58	67	58	67	
50:
80	212.997	65	40	66	41	67	43	68	45	70	46	73	46	75	47	76	49	77	52	77	56	76	61	74	66	72	70	69	73	67	75	66	76	64	77	63	77	62	76	60	76	58	76	55	77	51	79	46	80	40	80	33	79	26	77	20	75	15	72	11	68	8	63	6	58	5	52	5	45	6	39	8	34	11	30	14	27	18	25	23	24	27	24	30	25	32	27	33	29	33	32	32	36	30	39	27	41	25	43	24	44	22	44	19	43	17	41	16	39	16	37	17	36	19	34	22	31	26	27	30	22	35	17	41	13	48	9	55	5	61	2	66	0	70	-1	73	-1	75	0	76	2	76	5	77	9	77	14	77	20	76	25	74	30	71	34	68	37	66	39	65	40	65	40	
51:
77	39.156	26	68	27	69	27	70	27	71	28	71	28	70	28	68	27	65	27	61	28	56	30	50	33	44	36	38	38	31	41	25	43	19	45	14	47	10	48	7	49	5	50	4	52	4	55	5	57	7	59	10	62	13	64	16	65	19	65	21	64	22	62	22	59	21	55	19	50	17	44	16	37	15	30	15	24	16	19	18	15	20	12	22	10	23	9	23	9	22	10	20	11	17	13	13	14	8	14	4	15	1	17	-1	20	-2	24	-2	29	-2	35	-1	40	1	44	4	47	8	49	13	50	18	50	23	49	27	47	30	44	32	41	33	37	35	32	37	28	40	25	43	23	47	22	52	22	57	22	61	23	64	25	66	26	67	26	68	26	68	
52:
67	4.51	57	75	56	75	55	74	54	72	52	69	50	67	49	64	49	60	50	57	52	55	55	54	58	53	60	53	61	52	61	50	60	47	58	43	56	39	55	35	55	32	56	30	58	29	61	29	65	30	69	31	72	31	74	30	75	28	75	25	74	21	72	16	70	12	68	8	65	5	63	3	62	2	61	2	59	3	56	4	52	6	47	9	41	13	34	16	27	18	21	21	15	24	10	28	6	33	3	37	1	41	0	44	0	48	1	53	3	57	6	61	10	64	15	66	21	67	28	68	35	68	41	67	46	67	50	68	53	70	55	72	56	74	57	75	57	75	
53:
81	52.302	48	64	49	65	51	65	54	65	58	65	63	66	67	67	70	69	72	72	73	76	73	80	72	83	70	86	67	89	63	91	58	92	52	92	47	91	42	89	38	86	35	82	33	77	32	71	32	64	32	56	33	47	35	38	38	30	41	23	44	17	48	12	53	8	59	5	65	3	70	1	74	0	77	0	79	1	80	3	80	5	79	8	78	11	76	14	73	16	70	17	66	17	61	16	55	14	48	11	40	7	32	4	25	2	19	1	14	1	10	2	7	4	5	7	4	11	4	16	5	20	7	23	10	25	13	26	16	26	19	26	21	25	22	24	23	24	25	25	26	27	28	30	30	34	33	39	35	45	36	50	37	54	39	57	42	59	45	61	47	63	48	64	48	64	
54:
80	3.506	6	41	7	42	7	44	7	47	6	51	4	54	3	56	3	58	4	60	6	62	9	63	13	65	17	67	22	70	28	72	33	73	39	74	44	74	48	75	51	77	53	78	54	78	54	77	53	75	51	72	48	68	46	65	43	61	40	58	36	56	33	55	31	55	30	56	30	57	31	57	33	56	36	54	39	51	43	47	47	42	50	36	52	31	53	26	53	22	52	18	50	15	48	13	45	11	42	10	38	10	33	11	29	13	26	16	24	18	23	21	23	23	24	24	26	24	29	23	31	21	32	18	32	14	31	9	29	5	26	2	22	0	17	-1	13	-1	8	0	4	2	1	5	-1	9	-2	14	-2	20	-1	26	1	31	3	35	5	38	6	40	6	41	6	41	
55:
82	224.491	77	9	76	10	75	11	73	12	70	14	66	15	62	16	57	16	51	17	44	17	36	18	28	20	21	22	15	25	10	29	6	33	3	38	1	44	0	50	0	55	0	59	1	62	3	64	6	65	9	65	11	64	12	62	12	60	12	57	12	53	12	50	12	48	13	47	15	47	17	48	20	50	24	53	27	57	29	61	30	64	30	66	30	68	31	69	33	69	36	68	39	66	42	64	46	62	49	59	51	56	52	54	53	53	55	53	58	54	60	55	63	56	65	56	66	55	66	53	65	51	64	48	64	44	64	40	65	37	67	35	70	34	73	32	75	29	76	25	76	20	75	15	73	10	70	6	68	3	67	1	67	0	68	0	69	1	71	3	74	6	76	8	77	9	77	9	
56:
74	50.188	41	35	42	36	44	37	46	39	49	42	52	46	54	51	55	56	55	61	55	65	56	68	58	70	61	71	64	71	68	70	72	68	75	66	78	63	80	59	81	54	81	50	80	46	78	43	75	41	73	40	72	39	72	37	73	34	75	30	76	25	76	20	76	15	75	11	73	8	70	6	66	5	61	5	55	6	48	8	41	11	35	15	30	20	26	25	21	30	17	34	12	39	8	44	5	50	3	56	2	62	2	67	3	71	5	74	7	76	10	78	13	79	15	79	16	78	16	76	15	74	15	71	16	67	18	62	21	57	24	52	26	48	27	44	28	40	30	37	33	35	35	34	38	34	40	34	41	35	41	35	
57:
91	49.755	15	12	14	11	12	10	9	8	5	7	2	7	0	8	-1	10	-1	13	0	16	1	18	1	19	0	20	0	20	1	21	3	23	4	26	5	30	5	35	5	41	5	47	5	54	4	60	2	65	1	70	1	74	2	77	4	79	7	80	11	80	15	79	20	77	26	74	33	71	40	69	46	67	53	66	59	66	64	67	68	69	71	72	73	74	74	75	74	75	73	74	71	72	68	69	64	65	59	60	54	54	49	47	45	41	42	35	40	30	39	26	38	23	38	21	37	20	35	20	34	19	34	18	35	16	37	13	40	11	43	9	47	8	52	8	58	9	64	9	69	10	73	12	76	15	78	18	79	22	79	27	78	32	76	36	73	39	69	41	64	42	58	42	51	41	43	39	36	36	30	32	25	27	21	22	18	18	16	15	15	13	15	12	15	12	
58:
85	109.235	3	57	2	58	1	60	0	62	-1	64	-1	67	-1	69	0	70	1	70	2	69	3	67	3	64	3	61	4	57	6	52	9	46	12	40	15	35	18	30	20	24	21	18	21	12	20	7	18	3	15	0	11	-2	8	-3	6	-3	5	-2	5	0	6	2	8	5	11	9	15	13	20	18	26	24	32	31	37	39	41	46	44	52	46	57	47	61	47	65	46	69	44	72	43	74	43	75	44	75	46	74	49	72	53	70	57	67	60	63	62	58	63	52	63	46	62	40	60	34	59	29	57	25	56	21	56	18	57	15	59	11	62	7	64	4	66	2	67	1	67	1	66	2	64	4	61	7	57	10	52	14	46	18	39	21	33	25	28	30	23	36	18	42	13	47	9	51	6	54	4	56	3	57	3	57	
59:
79	128.796	40	28	39	29	38	31	37	34	37	38	38	43	40	48	43	54	46	60	50	65	55	69	60	72	66	74	71	75	75	75	78	74	80	72	81	69	81	67	80	65	78	64	75	64	71	63	67	61	64	58	62	54	60	49	58	43	55	37	52	30	50	24	49	18	49	13	49	8	49	4	48	1	46	-1	43	-2	39	-2	36	-1	32	1	27	4	21	8	16	11	11	13	7	14	4	15	2	16	1	18	1	21	2	23	4	24	7	25	9	25	10	25	10	24	9	24	7	25	5	27	2	30	0	34	-1	39	-1	44	-1	48	0	51	2	53	5	54	9	54	13	53	16	51	19	48	21	44	24	39	28	35	32	32	35	30	37	29	39	29	40	28	40	28	
60:
80	11.757	67	10	67	11	66	13	64	16	61	19	58	22	54	26	49	31	44	35	38	38	32	42	27	45	23	49	20	54	18	58	17	62	17	66	18	70	20	74	23	77	27	79	32	80	38	80	44	79	51	77	58	76	64	76	69	76	73	76	76	75	78	73	79	70	80	68	80	66	79	65	77	65	74	65	71	65	69	64	68	62	68	59	69	55	71	51	72	48	73	45	73	43	72	42	70	42	67	43	63	44	58	44	52	45	45	46	38	47	30	49	23	50	17	51	12	51	8	50	5	48	3	47	2	45	2	42	3	40	5	39	8	37	12	34	16	30	21	25	25	21	30	17	36	13	41	10	46	8	52	7	57	7	61	7	64	8	66	9	67	10	67	10	
61:
79	46.803	7	7	8	8	10	10	13	12	17	13	22	13	27	14	33	14	40	13	48	11	55	8	61	6	66	5	70	5	73	6	75	8	76	11	76	14	75	18	73	23	70	29	66	34	61	39	55	45	49	51	42	56	35	60	29	63	23	67	18	70	13	72	9	75	6	77	4	78	3	78	1	77	0	75	0	72	-1	68	-2	64	-2	60	-1	57	1	55	4	54	8	54	13	55	19	57	26	59	34	61	42	64	49	67	56	69	62	70	67	70	71	69	74	67	76	64	77	60	77	55	76	50	74	46	71	42	69	39	66	37	62	36	57	35	51	33	44	32	38	31	32	29	27	26	21	23	16	21	12	19	9	16	7	13	6	10	6	8	7	7	7	7	
62:
66	15.05	24	38	23	37	21	36	18	35	16	35	14	36	12	38	10	41	8	45	6	49	5	53	5	56	6	58	8	59	11	59	15	58	20	57	24	56	28	56	31	57	33	59	34	62	36	64	39	65	43	67	48	70	53	73	59	76	64	78	68	79	71	79	73	78	74	76	74	73	75	69	75	64	75	58	74	53	72	49	69	46	66	44	64	42	63	40	63	38	64	35	65	32	65	28	64	23	64	17	63	12	61	8	58	5	55	3	51	2	46	2	42	3	38	5	34	8	30	12	27	17	25	23	24	28	24	32	25	35	25	37	24	38	24	38	
63:
84	56.179	28	77	27	76	25	74	22	71	19	67	17	62	16	56	16	51	16	45	17	38	18	30	19	23	19	17	18	12	16	8	15	5	15	3	16	2	18	2	21	3	24	5	27	8	29	12	30	16	30	21	30	27	31	33	33	40	36	46	40	53	43	59	45	64	46	69	46	73	47	76	49	78	52	79	56	79	61	78	65	76	68	73	70	69	71	64	71	58	70	53	68	49	66	45	65	41	65	36	66	30	67	24	68	19	68	15	67	12	65	10	62	9	58	9	53	10	47	12	40	15	33	19	27	24	22	29	16	33	11	36	7	38	4	39	2	40	1	42	1	45	2	49	4	54	7	59	11	63	15	66	20	68	24	69	27	69	29	69	30	70	30	72	29	74	28	76	28	77	28	77	
64:
85	86.634	20	79	19	78	17	76	14	74	11	71	8	67	6	62	4	56	2	49	1	41	1	33	1	26	2	20	4	15	7	10	11	6	16	3	22	1	29	0	37	0	45	1	52	3	58	6	63	10	67	15	70	20	72	24	73	27	73	29	72	31	70	32	68	32	65	31	61	31	56	31	50	31	43	30	37	30	30	31	24	33	18	36	13	40	9	45	6	51	4	56	2	60	1	63	1	65	2	66	4	66	7	65	11	63	16	62	22	61	29	61	36	61	42	62	48	63	53	63	57	62	61	60	64	57	66	55	69	54	73	54	77	55	80	57	82	60	83	64	83	69	82	73	80	76	77	79	73	82	68	84	62	85	55	85	48	84	41	82	35	80	30	78	26	77	23	77	21	78	20	79	20	79	
65:
79	57.445	55	31	56	30	57	28	59	25	62	21	64	16	65	12	65	9	66	7	67	6	68	6	69	7	71	9	73	12	74	16	74	21	73	26	71	32	68	38	66	44	65	50	64	55	64	59	63	63	61	66	58	68	54	69	49	69	44	69	39	68	35	66	32	63	30	60	29	56	29	53	30	51	30	50	29	50	27	51	24	53	20	56	17	60	15	64	13	68	12	72	12	75	12	77	13	78	15	78	18	77	22	75	27	74	33	72	38	69	42	65	45	60	47	55	48	50	48	46	47	41	45	36	42	30	39	24	35	19	31	15	28	12	26	10	25	9	25	9	26	10	28	12	31	15	35	19	40	23	45	26	49	28	52	30	54	31	55	31	55	31	
66:
87	81.977	70	19	70	20	70	22	70	25	71	29	71	33	70	38	68	44	65	50	62	55	58	59	53	62	47	64	41	65	34	65	28	64	23	63	19	63	16	64	14	65	13	67	13	70	14	73	16	75	19	76	23	77	28	78	34	80	40	82	47	83	54	83	60	82	65	80	69	77	72	73	74	68	75	62	76	55	77	47	77	39	76	32	74	25	71	19	67	14	62	10	56	7	50	5	43	4	35	4	28	4	21	5	15	7	10	10	6	13	3	17	1	22	0	27	0	31	1	34	2	36	3	38	5	39	8	39	11	40	14	42	17	43	19	43	20	42	20	40	19	37	18	34	17	30	17	27	18	25	20	24	23	24	27	25	32	25	38	24	45	22	51	20	56	19	60	19	64	20	67	20	69	20	70	19	70	19	
67:
83	31.65	24	77	25	76	25	74	24	71	22	67	20	63	17	60	14	57	12	53	11	48	11	42	12	35	13	28	15	21	18	15	22	10	27	6	33	3	40	1	48	0	55	0	61	1	66	3	70	4	73	4	75	3	76	3	77	4	77	6	76	9	74	13	71	18	68	24	64	30	60	36	57	42	55	47	54	51	54	54	55	56	57	57	60	57	64	56	67	54	69	51	70	49	70	47	69	44	67	41	64	39	60	37	56	35	52	32	47	30	42	29	37	29	33	30	30	31	28	33	27	36	27	40	27	45	28	50	28	55	28	59	27	62	25	64	22	66	18	67	14	67	10	66	7	64	5	62	4	61	4	61	5	62	7	64	10	67	14	70	18	73	21	75	23	76	24	77	24	77	
68:
88	97.616	63	19	64	20	65	22	65	25	66	29	66	34	67	40	69	47	70	54	70	60	69	65	68	69	66	72	63	75	59	77	54	78	50	78	47	77	45	75	44	72	44	68	45	63	47	57	49	50	50	44	50	39	49	34	47	30	44	26	40	22	35	19	29	17	23	16	18	16	14	16	11	15	9	13	8	10	8	7	7	5	5	4	4	4	2	5	0	7	-3	10	-5	14	-7	19	-8	25	-8	31	-8	37	-7	43	-6	48	-5	52	-3	55	-1	57	2	58	6	58	10	57	15	55	21	54	28	53	35	53	42	54	48	55	53	55	57	54	60	52	62	49	63	45	64	40	64	34	63	27	61	21	58	15	56	10	55	6	54	3	54	1	55	0	57	0	60	1	62	3	63	6	63	9	63	13	64	16	64	18	63	19	63	19	
69:
90	205.186	15	55	15	56	15	58	14	61	14	65	13	68	11	71	9	74	8	76	8	77	9	79	11	81	14	83	18	84	23	84	29	83	35	81	40	78	44	74	47	71	49	67	50	64	50	60	49	55	47	50	46	44	46	39	46	35	47	31	49	28	51	26	54	25	56	24	57	22	57	19	56	15	54	12	51	10	47	8	42	7	37	7	33	8	30	10	27	13	25	17	24	22	24	28	25	34	27	39	28	44	30	49	32	53	34	57	37	60	41	62	46	63	52	64	59	64	65	63	70	61	74	58	77	54	79	49	80	43	80	36	79	29	77	22	74	16	70	11	65	7	60	4	54	2	49	1	44	1	39	2	33	4	26	7	20	11	15	16	11	22	8	29	6	35	5	41	5	46	6	50	8	53	11	55	13	56	14	56	15	55	15	55	
70:
83	132.928	45	62	44	61	42	61	39	62	35	64	30	67	26	71	21	74	17	76	13	77	10	77	8	76	7	74	7	71	8	67	10	62	12	56	13	50	13	45	12	41	10	38	7	36	5	35	4	35	4	34	5	32	7	30	9	29	10	27	11	24	11	20	10	17	10	15	11	14	13	14	16	15	20	16	25	18	31	21	38	24	46	28	53	31	59	35	64	40	68	44	71	48	73	51	75	53	77	54	79	54	80	53	80	51	79	48	77	44	74	39	72	33	71	27	71	21	72	16	72	12	72	9	71	7	69	6	66	6	64	7	63	9	63	12	62	16	60	21	58	26	55	30	51	35	46	39	42	42	39	44	37	45	36	47	36	50	37	54	39	57	42	59	44	61	45	62	45	62	
71:
71	57.703	12	60	13	59	15	58	18	57	22	57	27	57	33	57	40	57	46	56	51	55	55	53	59	51	63	48	66	46	68	43	69	40	69	38	68	37	66	36	65	35	64	33	64	30	65	26	67	22	68	19	68	16	67	12	65	9	63	7	62	6	60	6	59	7	58	9	56	12	54	16	51	19	47	21	42	22	36	22	29	21	23	21	18	20	14	19	10	17	7	14	5	11	4	7	4	4	5	2	6	1	8	1	11	2	13	4	14	7	16	11	17	16	18	22	18	29	19	37	21	44	23	50	25	55	26	59	26	62	25	64	23	65	21	65	18	64	15	63	13	61	12	60	12	60	
72:
89	19.686	65	53	64	54	63	55	61	57	58	60	54	62	49	63	44	63	38	62	33	60	29	57	26	53	24	48	23	43	23	39	24	36	26	34	29	32	33	29	38	26	43	22	48	17	54	13	60	10	65	8	69	7	72	7	74	8	75	10	75	13	74	17	74	22	73	28	73	33	74	37	76	40	78	42	79	43	79	44	78	45	76	46	73	46	69	46	64	46	59	47	55	49	52	51	50	52	49	52	49	51	50	50	52	49	55	47	58	44	60	40	62	35	63	30	63	25	62	21	60	18	57	16	53	15	48	14	42	14	36	15	29	17	22	20	16	24	11	29	7	35	4	42	2	48	1	55	1	61	2	66	4	70	7	73	11	75	16	76	22	76	29	75	37	73	44	70	50	67	55	63	59	59	62	56	64	54	65	53	65	53	
73:
81	20.265	64	77	65	76	67	74	69	71	71	67	72	63	72	60	71	57	69	55	66	54	62	54	57	55	51	57	44	60	37	63	31	66	26	68	22	69	19	69	17	69	15	68	14	66	13	63	13	61	14	59	16	58	19	56	22	53	25	49	29	44	34	38	39	33	43	29	46	26	50	24	54	23	59	23	63	24	66	25	69	26	72	26	74	25	75	23	75	20	74	16	72	12	69	8	65	5	60	2	54	0	47	-1	39	-1	32	0	26	2	21	3	15	4	10	5	6	7	3	10	1	14	0	19	0	25	1	32	3	40	6	48	8	55	10	61	13	66	17	70	22	73	28	75	34	77	39	78	44	78	48	77	53	75	57	74	60	74	62	75	63	76	64	77	64	77	
74:
86	31.187	76	7	77	8	78	10	79	13	81	17	83	22	84	27	84	33	83	40	81	48	78	55	74	61	69	66	63	70	57	73	51	75	44	76	38	77	33	79	29	80	25	80	22	79	18	77	14	74	11	72	7	70	4	69	2	68	1	66	1	64	2	63	4	61	7	59	11	56	15	54	20	53	26	51	31	48	35	44	38	41	40	37	42	34	43	30	43	25	42	20	40	16	37	13	33	10	29	7	26	5	24	4	23	4	23	5	24	7	25	10	25	14	24	18	22	23	19	27	15	30	12	32	10	33	9	33	9	32	10	31	12	30	15	30	19	31	24	33	30	36	36	39	43	41	51	42	58	42	64	41	69	39	73	37	76	34	79	31	81	27	82	22	82	17	81	13	79	10	77	8	76	7	76	7	
75:
83	34.343	74	25	73	26	71	27	68	29	64	30	59	30	53	29	47	27	41	24	34	22	28	21	23	21	19	21	15	21	12	21	10	20	9	18	9	15	10	12	12	10	15	9	19	9	24	10	30	11	37	13	43	15	48	16	52	16	55	15	57	13	58	11	58	10	57	10	55	11	52	13	48	16	43	20	37	24	30	29	24	33	19	37	15	40	12	42	10	43	8	43	5	42	2	42	0	43	-2	45	-3	48	-3	52	-3	56	-2	60	-1	63	1	65	3	66	6	66	9	65	12	63	16	61	21	60	27	59	34	59	40	60	45	62	49	64	53	65	56	65	58	64	59	62	59	59	60	56	62	54	65	52	69	50	72	47	75	44	77	40	78	35	78	31	77	28	75	26	74	25	74	25	
76:
86	33.936	29	54	28	55	26	57	23	60	19	63	14	66	10	68	7	69	5	69	3	68	1	66	0	63	0	59	1	54	1	48	2	41	4	35	7	28	10	22	14	17	19	13	23	10	26	8	28	7	29	7	29	7	28	8	26	8	23	8	19	8	14	8	9	9	5	11	2	14	0	17	-1	20	-1	24	0	27	2	30	5	32	9	34	13	35	18	36	23	36	29	35	35	33	42	30	48	26	53	22	57	19	60	17	63	16	65	16	66	17	66	19	65	21	65	24	64	28	63	33	62	39	62	45	62	50	62	54	63	57	63	59	63	60	64	60	66	59	68	57	70	54	72	51	73	49	73	47	72	46	70	46	67	47	63	49	59	51	54	52	49	52	44	52	39	51	35	51	32	52	30	53	29	54	29	54	
77:
77	33.222	9	49	9	48	8	46	7	43	5	39	3	34	1	28	0	22	0	17	1	13	3	9	6	6	8	4	9	3	11	3	14	4	18	6	23	8	29	11	35	15	41	19	47	24	52	30	56	36	59	43	61	50	62	56	63	61	63	65	64	69	65	72	67	74	69	75	71	75	73	74	76	72	80	69	83	65	85	60	86	54	86	47	85	39	83	32	81	26	78	20	74	15	71	11	68	8	65	6	63	5	61	5	60	6	60	8	61	11	61	15	61	20	60	26	58	33	55	39	53	46	50	52	46	58	43	63	41	67	38	70	34	72	31	73	29	73	26	72	22	70	18	67	15	63	13	59	12	55	11	52	10	50	9	49	9	49	
78:
89	159.05	19	79	18	80	16	82	13	83	9	83	6	82	4	80	2	77	1	75	1	72	2	68	4	65	7	63	11	62	14	60	16	57	17	53	19	49	20	46	20	44	19	43	17	43	14	44	11	46	7	47	4	47	2	46	1	44	1	41	2	37	4	32	7	27	11	21	16	15	22	10	29	6	37	3	45	1	53	-1	60	-2	66	-2	71	-1	75	1	78	3	80	6	81	10	81	14	80	19	78	23	77	26	76	28	74	29	72	29	71	28	69	26	66	24	62	23	58	23	55	24	52	25	50	27	49	30	49	34	48	38	46	42	44	46	41	51	39	56	38	60	38	63	39	65	41	66	44	68	47	70	50	71	52	72	53	73	53	74	52	74	50	73	47	73	43	74	38	75	33	75	29	76	25	77	22	78	20	79	19	79	19	79	
79:
75	35.444	47	53	48	52	50	51	53	50	57	49	60	48	62	48	63	49	63	51	62	54	60	57	57	60	53	63	48	66	44	68	40	70	36	71	32	71	28	70	24	68	20	65	17	61	15	56	13	50	10	44	7	37	4	31	2	25	0	19	-1	14	-1	10	0	7	2	5	5	4	9	4	14	5	19	7	25	10	31	14	38	17	44	20	49	22	53	23	57	23	61	22	64	21	68	20	71	19	73	19	74	20	74	22	73	23	71	25	69	28	66	30	62	32	57	34	51	35	44	36	38	36	33	36	29	35	26	34	24	34	23	35	23	37	24	40	26	44	29	48	33	51	37	53	41	54	44	54	46	54	47	53	47	53	
80:
78	50.177	0	5	1	6	3	8	6	11	10	14	15	18	21	23	28	28	35	33	41	37	46	40	50	42	55	43	61	43	66	44	70	46	74	48	77	51	79	54	80	57	80	59	79	60	77	61	74	63	72	66	70	69	67	73	65	76	63	78	62	79	61	79	60	78	59	76	57	74	54	71	50	67	45	64	40	60	36	55	33	49	30	42	28	35	27	29	27	23	28	18	29	14	30	11	32	9	35	8	39	8	43	9	46	11	48	14	49	17	49	21	48	25	46	30	43	35	39	39	34	44	28	48	22	51	17	53	13	54	10	54	8	53	7	51	7	48	6	44	5	39	5	33	5	26	4	20	2	15	0	11	-1	8	-1	6	0	5	0	5	
81:
93	55.005	43	52	44	51	44	49	44	46	43	43	41	41	38	38	34	34	29	29	25	23	22	17	20	12	19	8	19	5	20	3	22	2	25	2	28	3	32	5	37	8	43	12	50	15	56	17	61	18	65	18	68	17	70	15	71	12	73	10	74	9	76	9	78	10	79	12	79	15	79	19	80	24	81	30	82	37	82	44	81	51	79	57	77	62	74	66	71	69	69	71	67	72	64	72	60	71	55	69	49	66	43	62	37	58	31	53	25	48	20	44	16	40	13	37	11	35	10	34	10	33	11	33	13	34	16	36	18	39	19	43	19	47	18	52	16	56	13	59	11	61	10	63	10	64	11	64	13	64	16	64	18	65	19	67	19	70	18	74	17	77	17	79	18	80	19	80	21	79	24	77	28	74	33	71	37	67	40	62	42	58	43	55	43	53	43	52	43	52	
82:
84	54.262	19	6	18	7	16	9	14	12	12	14	9	15	7	15	5	14	3	12	2	9	1	7	1	6	2	6	4	7	7	9	11	11	16	14	22	18	29	23	37	28	44	34	50	40	56	47	61	53	65	59	68	64	70	68	71	71	71	73	70	74	68	74	65	73	61	71	56	69	50	68	43	67	36	67	29	68	23	70	18	73	13	75	9	76	6	76	4	75	1	73	-1	70	-3	67	-4	65	-4	62	-3	60	-1	59	2	59	4	60	5	61	7	62	10	62	14	61	18	59	21	57	24	54	28	52	33	51	39	49	46	48	52	48	57	47	61	45	64	42	66	38	67	33	67	27	66	22	64	16	61	11	57	7	52	4	46	2	40	1	34	1	29	2	25	4	22	5	20	6	19	6	19	6	
83:
92	75.563	45	79	46	80	48	81	51	81	55	81	60	80	66	78	71	75	75	71	78	66	80	60	81	55	81	49	80	44	78	40	75	37	73	33	70	30	66	28	61	27	57	27	53	28	49	30	46	33	44	36	43	39	42	42	40	44	37	45	33	45	28	44	23	44	19	44	16	45	14	47	13	49	12	51	11	52	9	52	7	51	4	49	1	46	-2	42	-4	37	-5	31	-5	25	-4	20	-3	16	-1	13	2	11	6	10	11	10	16	11	21	11	26	10	30	8	35	5	40	1	46	-2	52	-4	57	-5	61	-5	64	-4	66	-3	67	-1	67	2	66	4	64	6	61	8	58	11	56	15	55	20	55	26	55	33	55	40	56	46	56	51	56	55	57	58	59	61	62	63	64	64	65	66	65	69	64	73	62	76	59	78	55	80	51	81	48	81	46	80	45	79	45	79	
84:
86	115.576	29	2	30	3	32	5	34	8	37	11	41	15	46	19	50	22	53	24	55	25	56	25	56	24	55	22	53	20	50	19	46	19	41	20	37	22	34	24	32	27	31	31	30	36	30	40	30	43	29	46	27	48	25	49	22	49	18	48	14	46	11	44	9	43	8	42	7	42	7	43	8	45	10	47	13	50	16	52	20	55	23	59	26	62	30	64	33	65	35	66	36	67	36	68	35	69	33	69	30	69	27	70	25	72	24	75	24	78	25	81	27	84	30	87	34	89	39	90	45	90	51	89	58	87	64	84	69	80	74	75	78	69	81	62	84	54	86	45	87	37	87	29	86	22	84	16	82	11	79	7	75	4	70	2	64	1	57	1	50	1	44	1	39	2	35	3	32	3	30	3	29	2	29	2	
85:
76	39.894	54	37	53	38	51	40	48	42	44	45	39	47	33	50	28	53	23	55	19	56	16	56	14	55	13	53	13	50	14	47	16	44	19	42	23	41	28	41	34	42	40	42	47	41	54	40	60	39	65	39	69	40	72	40	74	39	75	38	75	37	74	35	72	33	70	31	69	28	69	24	69	19	68	14	66	10	63	7	59	5	54	3	48	2	41	1	33	0	26	0	20	1	15	3	11	6	8	9	6	11	5	14	5	18	6	23	8	29	11	36	15	42	20	49	24	55	29	60	34	64	40	67	45	69	50	70	54	70	57	70	59	69	60	67	60	64	61	60	61	55	61	50	60	46	59	43	57	40	55	38	54	37	54	37	
86:
86	112.581	28	59	27	59	25	60	24	62	22	65	20	68	18	72	15	75	12	77	10	78	7	78	5	77	4	75	4	72	5	68	7	63	9	57	12	50	16	42	21	34	27	27	34	21	42	15	50	10	57	6	63	3	68	1	72	0	75	0	77	1	78	3	78	6	77	10	77	15	76	21	76	28	77	35	77	42	78	50	79	57	79	63	78	68	77	72	75	75	72	77	68	78	64	78	61	77	59	75	57	72	56	68	56	63	56	57	56	50	55	44	53	39	50	35	46	32	41	30	36	28	30	27	25	27	21	27	18	26	16	25	15	23	15	22	16	22	18	23	21	24	24	25	28	25	33	25	37	26	40	28	42	31	43	34	43	38	43	41	42	44	40	47	37	51	34	54	31	56	29	58	28	59	28	59	
87:
74	28.325	52	55	53	54	55	52	56	50	57	47	58	43	60	40	62	38	63	37	65	37	67	38	68	40	68	43	67	47	65	50	62	53	58	55	54	57	49	58	43	58	37	58	32	59	28	61	23	64	17	67	12	70	8	72	5	73	2	73	0	72	-1	70	-1	67	0	63	2	58	5	52	9	45	13	38	16	32	20	26	23	21	26	17	28	14	29	11	29	9	28	8	27	8	25	9	23	11	22	14	22	18	23	23	25	29	28	36	32	42	37	49	43	55	50	61	56	66	61	70	65	74	68	77	70	79	72	80	73	80	73	79	72	78	71	76	69	73	66	69	62	65	58	61	55	58	53	56	52	55	52	55	
88:
77	89.741	33	47	33	46	33	44	32	41	30	39	27	38	23	36	20	35	18	33	17	30	15	26	14	22	13	19	11	16	8	14	6	13	4	13	3	14	3	14	4	13	6	12	9	12	13	11	18	11	23	11	28	10	32	8	35	7	37	7	38	8	38	10	38	12	37	15	36	19	36	22	37	24	39	25	42	25	45	25	47	26	48	28	48	31	47	35	46	40	45	44	45	49	46	54	48	58	49	62	49	65	48	67	46	68	43	69	39	70	34	70	28	69	21	69	15	70	10	72	5	74	1	75	-2	75	-4	74	-5	73	-5	71	-4	68	-2	64	1	61	5	59	10	58	16	58	21	57	25	55	28	53	30	50	32	48	33	47	33	47	
89:
72	29.29	72	37	71	38	69	40	66	42	62	43	57	43	53	42	50	40	47	37	43	33	40	28	37	23	33	17	30	12	28	8	27	5	27	3	28	1	30	0	33	-1	37	-1	42	0	47	0	53	1	58	2	62	3	65	4	67	4	68	5	68	7	67	10	65	14	63	19	61	25	58	30	55	34	51	37	47	39	42	40	38	41	35	43	33	46	31	50	28	55	24	59	21	62	19	64	18	66	18	68	19	70	21	72	24	73	27	73	31	72	36	71	42	71	47	72	51	74	54	75	58	75	62	74	66	72	69	70	71	67	72	63	72	58	72	52	72	47	72	43	72	40	72	38	72	37	72	37	
90:
91	142.508	61	46	61	45	62	43	64	40	65	36	65	31	64	27	62	22	59	16	55	11	50	7	44	4	38	2	32	1	27	1	23	2	20	4	18	7	17	11	16	14	15	16	15	17	16	17	16	16	15	14	13	12	10	11	7	10	5	10	4	11	4	13	5	15	5	18	6	22	8	27	11	32	15	37	20	43	24	49	27	55	29	60	30	64	30	67	29	69	27	71	24	73	21	74	17	74	14	74	12	75	11	77	11	80	12	82	14	83	17	83	20	82	24	80	29	77	33	73	36	68	38	62	40	55	41	47	43	39	44	31	44	24	44	18	45	13	47	9	50	6	54	4	59	3	65	3	70	4	74	6	77	9	80	13	82	18	83	24	83	30	83	36	83	41	82	45	80	48	78	50	75	51	71	51	67	50	64	49	62	47	61	46	61	46	
91:
76	41.26	19	30	20	31	22	32	25	34	28	37	32	41	35	46	37	52	39	57	42	61	46	64	51	67	57	69	62	70	66	70	69	69	71	67	72	64	72	60	72	55	72	49	72	42	72	34	73	27	73	20	74	14	76	9	78	5	79	2	80	0	80	-1	79	-1	77	0	76	2	74	3	71	3	67	2	62	1	56	1	49	1	41	2	34	4	28	7	22	9	17	11	13	14	10	16	8	19	7	23	7	28	8	34	8	40	7	47	7	53	7	58	8	63	9	67	11	71	12	74	14	76	17	77	20	77	22	77	23	76	24	74	24	71	23	67	21	62	18	57	16	51	15	45	15	40	16	36	18	33	19	31	19	30	19	30	
92:
87	90.749	47	73	48	74	49	76	49	78	48	79	46	79	43	79	39	78	34	77	28	75	22	72	17	70	13	69	9	68	6	68	4	68	3	68	3	67	4	67	6	66	9	64	12	61	14	57	15	52	15	47	15	41	14	36	12	32	9	29	5	27	2	24	0	20	-1	15	-1	11	0	7	1	4	3	2	6	1	10	1	15	2	21	4	26	7	30	11	33	16	35	21	36	27	36	32	37	36	39	39	41	41	42	42	42	42	41	41	40	39	40	36	41	32	43	27	45	23	48	19	51	16	54	14	56	12	57	11	58	11	58	12	58	14	57	17	57	21	58	26	60	31	63	37	67	42	70	46	73	50	75	53	76	55	76	56	75	58	73	59	70	59	66	60	62	62	57	65	53	68	50	70	48	72	47	73	47	73	
93:
73	113.291	20	19	20	20	19	22	19	25	18	29	17	34	17	40	18	45	20	50	22	54	25	57	29	59	34	60	40	60	45	59	50	57	55	56	61	56	66	56	70	56	73	55	75	53	76	50	77	46	77	41	76	35	74	28	71	22	67	17	62	12	56	8	51	5	46	3	42	2	39	2	36	3	34	5	33	8	32	11	32	15	33	20	33	26	32	33	30	40	28	47	27	53	27	58	28	62	29	65	29	67	28	68	26	68	23	67	19	67	14	67	9	67	5	68	2	69	0	69	-1	68	-1	66	0	63	1	59	3	54	4	49	4	43	5	38	7	33	10	29	14	25	17	22	19	20	20	19	20	19	
94:
75	38.317	6	48	5	47	4	45	2	42	-1	38	-3	33	-4	27	-4	21	-3	16	-2	12	0	9	3	7	7	6	10	6	12	7	13	9	13	12	13	16	12	21	11	27	9	34	7	41	6	48	6	54	6	59	5	63	4	66	4	68	5	69	7	70	10	71	14	72	19	72	25	73	32	73	38	72	43	70	47	67	50	63	52	58	53	52	53	46	52	40	51	33	49	27	48	22	48	18	48	15	49	13	51	11	52	8	52	6	51	5	49	4	46	4	43	5	41	6	40	8	40	11	41	14	43	18	44	23	44	29	43	35	41	40	39	44	36	48	32	51	27	53	21	54	16	54	12	53	9	51	7	49	6	48	6	48	
95:
91	51.663	43	4	42	3	40	2	37	1	33	0	29	-1	25	-1	21	0	18	0	16	0	15	1	15	2	16	3	18	5	21	8	25	12	30	17	34	23	37	30	41	38	45	45	50	51	56	56	62	60	67	63	71	65	74	66	76	67	77	69	77	70	76	70	74	69	71	67	67	64	62	62	56	60	50	58	43	56	35	54	28	53	21	53	15	53	10	53	6	54	3	56	1	59	-1	63	-3	67	-4	70	-4	73	-3	75	-1	76	2	76	6	75	10	73	15	70	21	67	27	65	34	63	41	62	47	62	52	61	56	59	59	56	63	54	68	51	72	47	75	42	77	36	79	29	80	23	81	18	81	14	82	11	82	9	81	8	79	8	76	9	74	11	71	13	67	16	62	18	57	19	53	19	50	18	47	16	45	13	44	10	43	7	43	5	43	4	43	4	
96:
82	126.707	4	35	5	34	6	32	7	29	9	25	12	22	16	20	21	19	25	19	28	19	30	19	31	18	31	16	32	15	34	15	37	16	40	17	42	18	43	18	43	19	42	21	42	24	43	27	45	31	48	35	52	40	57	44	61	47	66	50	70	52	73	55	75	58	76	60	78	61	80	61	81	60	83	58	84	55	84	51	83	46	81	40	78	33	74	26	69	20	63	15	56	10	48	6	41	3	35	1	30	0	26	0	23	1	20	3	18	6	17	10	17	15	17	21	18	27	20	32	23	37	26	42	28	47	29	53	29	58	28	62	26	65	23	67	19	68	16	68	13	67	11	65	10	62	10	58	11	54	12	49	13	45	13	41	12	38	10	36	7	35	5	35	4	35	4	35	
97:
76	13.89	56	16	57	17	59	18	62	19	65	21	69	24	72	28	74	32	75	37	75	42	74	46	72	49	69	51	65	52	60	52	55	51	49	49	42	48	34	48	27	49	20	50	14	50	9	50	5	49	2	47	0	44	-1	40	-1	35	0	30	2	26	5	23	9	21	12	20	15	20	17	21	18	23	18	24	17	26	15	29	14	33	14	38	15	43	15	47	14	50	12	52	9	55	7	59	6	64	6	69	7	73	9	76	12	78	16	79	20	79	25	80	31	80	36	79	40	77	43	74	45	70	46	65	46	59	45	54	43	50	41	46	40	43	40	41	41	40	43	38	46	35	50	31	53	26	55	22	56	19	56	17	56	16	56	16	
98:
80	27.378	72	17	73	17	73	18	72	19	70	21	67	24	64	28	62	33	60	38	59	43	59	47	60	50	60	52	59	53	57	54	54	54	50	53	45	53	39	54	32	55	25	56	19	58	14	59	10	59	7	60	5	62	4	63	4	65	5	67	7	69	10	72	14	76	19	81	25	85	32	88	40	90	47	92	53	93	59	93	64	92	68	90	71	88	73	85	74	81	74	76	73	70	73	63	74	55	74	48	73	41	71	35	68	30	64	26	59	23	55	21	51	19	48	18	44	17	39	17	35	18	32	19	30	21	29	24	28	28	28	33	29	37	31	40	34	42	38	43	43	43	47	42	51	40	56	37	61	33	65	28	68	24	70	21	71	19	72	18	72	17	72	17	
99:
86	18.555	43	8	42	7	40	5	37	4	33	2	28	1	23	1	19	2	15	4	12	7	10	10	9	14	9	19	10	25	10	31	9	37	8	42	6	46	5	49	5	51	6	52	8	52	11	51	15	49	20	46	26	42	32	39	37	36	42	32	47	27	53	23	58	19	62	16	65	14	67	13	68	13	68	14	67	16	66	19	64	22	61	26	57	31	52	35	46	40	39	46	32	53	26	59	21	64	17	68	14	71	12	73	11	74	11	75	12	76	14	77	16	77	19	76	23	74	26	71	29	67	33	63	38	60	44	58	51	57	57	57	62	58	66	60	70	62	73	64	76	65	79	65	81	64	82	62	82	59	81	55	79	50	76	44	72	37	67	30	61	24	56	19	52	15	49	12	46	10	44	9	43	8	43	8	