0:
19	0.047	0	8	1	8	3	8	6	8	8	8	9	7	9	5	9	4	8	4	6	4	5	3	5	1	4	0	2	0	1	1	1	3	1	5	1	7	0	8	0	8	
1:
12	0.01	7	7	6	6	4	5	2	3	1	1	1	0	1	0	2	1	3	2	5	4	6	6	7	7	7	7	
2:
12	0.015	3	8	4	7	4	5	3	2	3	0	3	-1	3	-1	2	0	2	2	2	5	3	7	3	8	3	8	
3:
14	0.014	5	5	4	5	3	4	2	3	2	2	3	2	5	3	7	4	8	5	8	6	7	7	6	7	5	6	5	5	5	5	
4:
13	0.008	0	5	1	4	2	2	4	1	5	0	7	0	8	1	8	3	7	5	5	6	3	6	1	5	0	5	0	5	
5:
10	0.008	9	7	8	7	6	6	4	6	3	7	3	7	4	7	6	6	8	6	9	7	9	7	
6:
13	0.008	7	8	8	8	8	7	7	7	6	8	4	8	2	7	1	7	1	8	2	8	4	7	6	7	7	8	7	8	
7:
8	0.006	8	2	7	2	6	2	5	1	5	0	6	0	7	1	8	2	8	2	
8:
17	0.043	7	3	8	3	9	3	10	4	10	6	10	8	9	9	7	9	4	8	2	6	1	4	1	2	1	1	2	1	4	2	6	2	7	3	7	3	
9:
10	0.011	3	0	4	0	5	1	7	2	8	3	8	4	7	4	6	3	4	1	3	0	3	0	
10:
15	0.032	6	5	5	6	3	6	1	7	0	7	0	8	1	9	3	9	6	8	8	6	9	4	9	3	8	3	7	4	6	5	6	5	
11:
16	0.015	0	5	-1	4	-1	3	0	1	1	0	3	0	6	1	8	1	9	2	9	4	8	6	7	7	5	7	3	6	1	5	0	5	0	5	
12:
15	0.021	1	4	0	5	0	6	1	6	3	6	5	5	6	4	6	4	5	3	3	1	2	0	1	0	0	1	0	3	1	4	1	4	
13:
16	0.012	8	3	9	4	9	6	8	8	6	9	4	9	2	8	0	6	-1	3	-1	1	0	0	2	0	3	1	5	2	7	2	8	3	8	3	
14:
15	0.015	7	1	6	1	4	1	2	2	1	3	1	5	1	7	2	8	4	9	6	9	7	8	7	6	6	4	6	2	7	1	7	1	
15:
15	0.012	6	3	7	4	8	5	9	6	9	7	8	8	6	8	3	7	1	6	0	6	0	5	1	3	3	2	5	2	6	3	6	3	
16:
17	0.013	5	5	5	4	4	2	3	0	1	-1	0	-1	-1	0	-1	2	0	5	2	7	5	9	7	10	8	10	8	9	7	8	6	6	5	5	5	5	
17:
17	0.032	8	2	9	2	9	1	8	1	6	0	4	0	2	1	1	3	1	6	2	8	4	9	7	9	9	8	10	7	10	5	9	3	8	2	8	2	
18:
15	0.008	7	1	8	1	9	1	9	2	8	2	6	3	3	3	1	4	0	4	0	3	1	2	2	2	4	1	6	1	7	1	7	1	
19:
14	0.017	2	5	3	4	3	2	3	1	2	1	1	2	0	4	0	6	1	7	3	8	4	8	4	7	3	6	2	5	2	5	
20:
18	0.028	5	2	4	2	2	2	1	3	0	4	0	6	1	7	3	8	5	9	7	9	9	8	10	6	10	3	9	1	8	0	6	0	5	1	5	2	5	2	
21:
16	0.014	4	4	4	3	4	1	5	0	7	0	8	1	9	2	9	4	8	6	7	7	5	7	3	8	2	8	2	7	3	5	4	4	4	4	
22:
14	0.01	3	0	4	0	6	0	7	0	7	1	6	1	4	2	2	2	0	3	-1	3	-1	2	0	1	2	0	3	0	3	0	
23:
15	0.017	0	6	1	7	2	8	3	8	4	7	5	5	5	3	6	1	7	0	7	0	6	1	4	3	2	5	1	6	0	6	0	6	
24:
16	0.014	6	2	7	2	8	2	9	3	9	3	8	4	6	5	5	6	3	7	1	7	0	6	0	4	1	3	3	2	5	2	6	2	6	2	
25:
13	0.011	4	6	4	7	4	8	5	9	6	9	8	9	9	8	9	6	8	5	7	5	6	6	5	6	4	6	4	6	
26:
15	0.026	7	4	6	4	4	3	3	2	3	2	3	3	4	5	5	7	5	9	5	10	4	10	4	9	5	7	6	5	7	4	7	4	
27:
12	0.009	5	4	4	4	2	5	1	7	1	8	2	8	4	7	6	5	7	4	7	3	6	3	5	4	5	4	
28:
18	0.023	9	2	8	2	6	2	4	2	2	1	1	0	0	0	0	1	0	3	0	6	0	8	1	9	3	9	6	8	8	6	9	4	9	3	9	2	9	2	
29:
16	0.012	9	1	8	1	6	2	5	4	5	5	6	6	7	6	7	5	6	3	4	2	3	2	3	2	4	2	6	2	8	1	9	1	9	1	
30:
14	0.014	5	2	6	1	8	1	9	2	9	3	8	5	6	7	4	8	2	8	1	7	1	5	2	3	4	2	5	2	5	2	
31:
18	0.022	0	8	1	8	3	8	6	9	8	9	9	8	9	7	8	6	6	5	4	3	2	1	1	0	1	0	1	1	2	3	2	5	1	7	0	8	0	8	
32:
12	0.011	7	5	6	4	4	2	1	1	-1	1	-2	1	-2	2	-1	3	1	5	4	6	6	6	7	5	7	5	
33:
16	0.017	0	4	1	4	2	4	2	5	2	6	3	7	5	7	7	6	8	4	8	2	8	1	7	0	5	0	3	1	1	3	0	4	0	4	
34:
15	0.021	8	9	7	9	5	9	3	8	0	6	-2	3	-3	1	-3	0	-2	0	-1	0	1	1	4	3	6	6	7	8	8	9	8	9	
35:
15	0.015	2	6	2	7	3	7	5	6	6	5	8	3	9	2	10	2	11	3	11	4	10	6	8	7	5	7	3	6	2	6	2	6	
36:
14	0.021	3	8	4	9	4	9	3	9	2	9	1	8	0	6	-1	4	-1	3	0	3	0	4	1	5	2	7	3	8	3	8	
37:
12	0.021	8	7	8	8	8	9	7	9	5	8	3	7	2	6	2	6	3	6	5	6	7	6	8	7	8	7	
38:
12	0.012	0	3	1	2	2	2	4	3	5	5	6	7	6	8	5	8	3	7	1	5	0	4	0	3	0	3	
39:
19	0.014	1	5	0	4	0	3	0	1	0	0	0	0	1	1	3	2	6	2	8	1	9	1	9	2	10	4	10	6	9	7	7	7	4	6	2	5	1	5	1	5	
40:
13	0.015	3	2	4	3	6	4	8	6	9	8	9	9	8	9	7	9	7	8	7	7	6	5	4	3	3	2	3	2	
41:
17	0.023	8	9	8	8	9	6	10	3	10	1	10	0	9	0	7	1	4	1	2	1	1	1	1	2	2	3	3	5	5	6	7	8	8	9	8	9	
42:
14	0.011	1	3	2	2	2	1	3	1	4	2	4	4	4	6	4	8	3	9	2	9	1	8	1	6	1	4	1	3	1	3	
43:
15	0.016	8	6	7	5	5	5	3	5	2	6	1	6	0	5	0	3	0	1	1	0	3	0	4	1	6	3	7	5	8	6	8	6	
44:
15	0.029	2	1	2	2	3	4	5	6	6	7	8	7	9	6	9	4	9	1	9	-1	8	-2	7	-2	5	-1	3	0	2	1	2	1	
45:
16	0.024	0	7	1	7	2	6	2	4	2	2	3	1	5	1	6	2	8	4	9	7	9	9	8	10	6	10	3	9	1	8	0	7	0	7	
46:
16	0.015	7	0	8	1	8	3	8	6	7	8	6	9	4	9	1	8	-1	6	-2	4	-2	2	-1	1	1	1	4	0	6	0	7	0	7	0	
47:
13	0.011	4	6	4	7	5	8	6	8	7	7	7	5	6	3	4	2	3	2	2	2	2	3	3	5	4	6	4	6	
48:
14	0.02	8	6	7	7	6	7	6	6	7	4	7	2	6	0	4	-1	3	-1	3	0	4	1	6	3	7	5	8	6	8	6	
49:
16	0.027	7	1	6	1	4	2	3	4	2	5	0	5	-1	6	-1	8	0	9	2	9	4	9	5	8	5	6	5	4	6	2	7	1	7	1	
50:
19	0.025	9	9	9	8	8	6	6	5	4	4	3	4	1	5	0	5	0	4	1	2	3	0	5	-1	7	-1	9	0	10	1	10	3	9	6	9	8	9	9	9	9	
51:
18	0.015	8	6	7	7	5	7	3	7	2	6	1	6	0	7	-1	7	-1	6	0	4	2	2	4	1	7	0	9	0	10	1	10	3	9	5	8	6	8	6	
52:
16	0.017	6	5	7	6	8	8	8	9	7	9	5	9	4	8	3	7	3	6	4	4	6	2	7	1	8	1	8	2	7	4	6	5	6	5	
53:
13	0.008	4	3	3	4	2	5	1	7	1	8	2	8	4	8	6	8	7	7	7	5	6	4	5	3	4	3	4	3	
54:
15	0.024	1	1	2	1	4	1	5	0	7	0	9	0	10	1	10	3	9	5	7	6	4	6	2	5	1	3	1	2	1	1	1	1	
55:
12	0.011	5	4	4	5	3	5	3	4	4	2	6	1	8	0	9	0	9	0	8	1	6	3	5	4	5	4	
56:
14	0.008	4	4	5	4	7	4	8	5	8	7	7	8	5	8	3	7	2	5	1	3	1	2	2	2	3	3	4	4	4	4	
57:
15	0.012	8	9	7	8	7	6	6	3	5	1	3	0	1	0	0	1	-1	3	-1	5	0	7	2	8	5	8	7	8	8	9	8	9	
58:
17	0.013	3	6	4	6	6	6	8	5	9	4	9	3	8	3	6	4	4	4	2	3	1	1	1	0	2	0	3	1	4	3	4	5	3	6	3	6	
59:
14	0.007	5	8	4	9	3	9	2	8	1	6	1	3	1	1	2	0	4	0	6	1	7	3	7	5	6	7	5	8	5	8	
60:
18	0.032	8	4	9	3	9	2	8	1	6	1	3	2	1	4	0	6	0	7	1	7	2	6	3	6	5	7	6	8	8	8	9	7	9	5	8	4	8	4	
61:
10	0.011	3	6	2	6	1	5	0	5	0	6	1	6	3	5	4	5	4	6	3	6	3	6	
62:
16	0.013	6	1	5	0	3	0	1	1	0	3	0	5	1	7	2	8	4	9	7	9	9	8	10	6	10	4	9	3	7	2	6	1	6	1	
63:
13	0.007	6	6	5	7	5	8	6	9	8	9	10	8	11	6	11	4	10	3	8	3	7	4	6	5	6	6	6	6	
64:
16	0.012	3	5	2	4	2	3	3	2	5	2	8	3	10	3	11	3	11	4	10	6	8	8	5	9	3	9	2	8	2	6	3	5	3	5	
65:
17	0.022	6	5	6	4	6	2	5	0	3	-1	1	-1	0	0	0	1	1	3	3	5	6	7	8	8	9	8	9	8	8	7	7	6	6	5	6	5	
66:
14	0.014	2	0	2	1	2	3	2	5	3	6	5	6	6	7	7	8	8	8	8	7	7	5	5	3	3	1	2	0	2	0	
67:
16	0.028	8	5	7	4	6	2	4	1	3	1	2	2	2	4	1	6	1	7	0	7	0	8	1	9	3	9	5	8	7	6	8	5	8	5	
68:
17	0.027	6	1	7	0	9	0	10	1	10	3	9	6	7	8	4	9	2	9	1	8	0	6	0	5	1	5	3	5	5	4	6	2	6	1	6	1	
69:
14	0.007	1	4	2	5	4	7	5	8	7	8	8	7	8	5	8	3	8	1	7	0	5	0	3	1	2	3	1	4	1	4	
70:
13	0.013	7	2	6	3	6	5	5	6	4	6	4	7	5	8	6	8	8	8	9	7	9	5	8	3	7	2	7	2	
71:
13	0.013	6	1	5	2	5	4	5	6	6	7	6	9	5	10	4	10	3	9	3	7	4	4	5	2	6	1	6	1	
72:
13	0.015	3	7	4	7	6	6	8	4	9	1	9	-1	8	-2	6	-2	5	-1	5	1	5	4	4	6	3	7	3	7	
73:
16	0.035	8	6	8	5	7	3	5	2	3	2	1	3	0	4	0	6	1	8	2	9	4	9	5	8	5	7	6	6	7	6	8	6	8	6	
74:
14	0.012	9	7	8	7	6	6	5	4	3	2	1	1	0	1	0	0	1	0	3	1	6	2	8	4	9	6	9	7	9	7	
75:
10	0.007	6	6	5	7	3	7	2	6	2	4	3	3	5	3	6	4	6	5	6	6	6	6	
76:
13	0.01	5	6	6	5	6	4	7	3	8	3	8	4	7	6	6	8	4	9	3	9	3	8	4	7	5	6	5	6	
77:
16	0.014	1	8	1	7	2	5	3	3	5	2	7	2	8	2	8	1	7	0	5	0	2	0	0	1	-1	3	-1	5	0	7	1	8	1	8	
78:
15	0.021	3	1	4	0	5	0	7	0	8	1	8	1	7	2	7	4	6	6	6	7	7	7	7	6	6	4	4	2	3	1	3	1	
79:
12	0.005	4	9	5	8	6	6	6	3	6	1	5	0	3	0	2	1	2	3	2	6	3	8	4	9	4	9	
80:
15	0.011	6	5	7	5	8	6	8	8	7	9	5	9	2	8	0	6	-1	4	-1	3	0	2	2	2	3	3	5	4	6	5	6	5	
81:
13	0.012	3	2	2	3	2	4	1	6	1	7	2	7	4	6	6	4	7	2	7	1	6	1	4	1	3	2	3	2	
82:
13	0.01	6	1	7	1	7	2	6	2	5	2	3	2	1	1	0	1	0	2	1	3	3	3	5	2	6	1	6	1	
83:
13	0.016	9	1	8	1	6	2	5	4	4	6	4	8	5	9	7	9	9	8	10	6	10	4	9	2	9	1	9	1	
84:
15	0.049	6	1	5	1	3	1	2	2	1	4	1	6	2	8	4	9	7	9	9	9	10	8	10	6	9	4	7	2	6	1	6	1	
85:
12	0.01	6	8	5	7	5	5	4	3	2	1	1	0	1	0	2	1	2	3	3	5	5	7	6	8	6	8	
86:
11	0.008	6	6	7	5	8	5	9	5	9	4	8	3	6	2	5	2	5	3	5	5	6	6	6	6	
87:
17	0.015	0	9	1	8	1	6	1	4	0	3	0	2	1	2	3	3	6	5	8	6	9	7	9	9	8	10	6	10	3	9	1	9	0	9	0	9	
88:
15	0.01	3	1	4	0	6	0	8	1	9	3	9	6	9	8	8	9	6	10	4	10	3	9	2	7	2	4	2	2	3	1	3	1	
89:
15	0.022	0	9	0	8	1	6	2	4	4	2	6	0	7	-1	7	-1	7	0	6	2	6	5	5	7	3	8	1	8	0	9	0	9	
90:
15	0.008	7	5	6	6	4	7	3	8	1	8	0	7	0	5	1	2	3	0	6	-1	8	-1	9	0	9	2	8	4	7	5	7	5	
91:
17	0.024	4	7	3	7	2	8	2	10	3	11	5	11	7	10	8	8	8	5	7	3	5	2	3	2	2	2	2	3	3	4	3	6	4	7	4	7	
92:
16	0.015	8	4	7	5	6	6	6	8	5	9	4	9	2	9	1	8	1	6	1	4	1	2	2	1	3	1	5	2	7	3	8	4	8	4	
93:
16	0.03	8	7	8	8	7	8	5	7	3	5	2	4	2	2	3	1	4	1	6	0	8	0	9	1	10	3	10	5	9	6	8	7	8	7	
94:
15	0.013	2	8	3	7	5	6	6	6	6	5	5	5	4	4	2	2	1	1	0	1	0	2	1	4	2	5	2	7	2	8	2	8	
95:
14	0.011	0	9	0	8	1	6	3	4	6	2	8	1	9	1	9	2	9	4	8	6	6	7	3	7	1	8	0	9	0	9	
96:
17	0.012	5	6	5	7	5	9	6	10	8	10	9	9	9	7	8	4	6	2	3	1	1	1	0	2	0	3	1	4	3	5	4	5	5	6	5	6	
97:
12	0.009	5	1	4	2	3	3	2	4	2	5	3	6	5	6	6	5	7	4	7	2	6	1	5	1	5	1	
98:
13	0.011	1	4	0	4	0	3	0	2	1	1	3	1	5	2	6	2	6	3	5	3	3	3	2	3	1	4	1	4	
99:
13	0.012	2	4	3	5	3	6	4	6	6	7	7	7	7	6	6	4	4	3	2	3	1	3	1	3	2	4	2	4	