0:
50	1.232	117	68	116	69	114	70	111	70	107	69	102	67	97	64	92	60	87	55	83	49	79	42	75	35	70	28	64	22	58	17	52	13	45	10	37	8	29	7	22	7	16	8	11	10	7	12	4	15	2	19	1	24	1	30	2	37	3	45	5	53	8	62	12	70	17	77	23	83	29	88	36	92	43	95	51	97	60	98	70	98	79	97	87	95	94	92	100	88	105	83	109	78	112	74	114	71	116	69	117	68	117	68	
1:
59	6.548	69	20	68	19	67	17	65	14	62	11	58	9	53	8	47	8	42	9	36	11	30	14	25	18	21	23	18	28	15	34	12	41	10	49	9	58	9	68	10	78	12	87	15	95	19	103	24	110	30	116	37	121	45	125	54	128	64	130	74	131	83	131	91	130	98	128	104	125	109	121	113	118	116	116	118	115	119	115	119	114	118	112	116	110	113	107	109	104	104	100	98	95	91	89	84	82	78	74	73	65	69	56	66	48	64	41	63	35	63	30	64	26	66	23	68	21	69	20	69	20	
2:
57	2.681	75	85	76	84	78	83	81	82	84	81	87	79	89	76	90	72	90	67	89	62	87	56	84	51	80	47	75	42	70	37	64	32	57	27	49	23	40	20	32	17	25	15	19	14	14	14	10	15	7	17	5	20	4	24	4	28	5	33	7	39	8	45	10	52	11	59	11	67	10	76	8	85	5	93	3	100	2	106	2	111	3	115	5	118	8	120	12	121	17	121	23	120	30	118	38	116	45	113	51	109	56	104	61	100	65	95	69	91	72	88	74	86	75	85	75	85	
3:
58	4.389	70	118	71	119	73	119	76	118	80	116	85	113	90	110	96	106	101	101	105	95	108	88	110	80	111	71	111	61	110	51	110	42	111	34	111	27	110	21	110	16	109	11	107	7	104	4	100	2	95	1	89	1	82	2	74	4	65	7	55	11	46	16	38	22	31	29	25	37	20	46	16	56	13	66	10	75	8	85	6	94	5	102	5	109	6	115	8	121	10	126	13	130	17	133	22	135	28	136	35	136	42	135	49	133	55	130	60	126	64	123	67	121	69	119	70	118	70	118	
4:
62	19.756	32	11	33	12	35	14	37	17	39	21	40	26	40	32	39	38	37	45	34	51	30	58	25	66	19	74	14	82	9	90	5	97	2	103	0	109	-1	114	-1	118	0	121	2	123	5	124	9	124	14	123	20	121	26	120	33	118	39	115	44	111	48	107	51	102	53	96	54	89	54	81	55	72	57	63	60	54	64	46	69	37	75	29	80	21	84	14	87	8	89	3	90	-1	90	-4	89	-6	87	-7	84	-8	81	-8	77	-7	72	-5	66	-3	60	-2	53	0	47	2	42	4	38	6	35	8	33	10	32	11	32	11	
5:
59	1.173	66	40	67	39	69	37	72	34	76	30	81	27	86	23	91	18	96	14	100	10	103	7	105	3	107	0	110	-2	114	-3	119	-3	123	-2	126	0	128	3	129	7	130	12	130	18	129	25	127	33	124	40	120	46	115	51	109	56	102	61	94	65	85	70	75	75	64	80	54	86	45	92	37	98	30	103	24	107	19	110	15	112	12	113	10	113	9	112	9	110	10	107	12	103	14	98	17	93	21	87	26	81	32	75	38	68	45	61	51	55	56	50	60	46	63	43	65	41	66	40	66	40	
6:
44	1.174	101	89	102	90	102	92	101	94	99	97	96	100	93	102	90	103	88	103	86	102	83	100	79	97	74	93	68	88	63	83	57	79	51	75	45	72	40	69	36	65	33	60	31	55	30	51	30	48	31	46	33	45	36	45	38	46	39	48	40	51	42	55	45	60	49	65	54	70	60	75	67	80	73	84	80	87	86	89	91	90	95	90	98	90	100	89	101	89	101	89	
7:
65	8.544	44	55	45	56	47	58	50	60	53	61	57	62	60	63	62	65	63	67	63	68	62	68	60	67	57	65	53	62	50	58	47	53	45	47	44	42	44	37	45	33	47	30	50	28	54	27	59	27	65	28	72	30	79	33	87	37	94	41	100	46	105	52	109	59	112	66	114	74	115	83	115	92	114	100	112	107	109	113	105	118	100	122	94	125	87	127	79	128	71	128	63	128	56	128	48	127	41	125	35	122	30	119	26	116	23	113	21	109	20	104	20	98	21	91	23	83	26	76	30	70	34	65	38	61	41	58	43	56	44	55	44	55	
8:
67	3.413	101	1	102	2	104	4	107	7	110	11	112	16	113	22	114	28	114	33	113	37	111	40	108	42	104	43	99	44	93	45	88	45	84	46	81	48	79	51	78	55	78	60	79	66	81	73	83	81	86	90	88	98	89	105	89	111	88	116	86	120	83	123	79	125	74	126	68	126	61	125	53	123	44	121	36	118	28	114	21	109	15	103	10	96	6	88	3	79	1	69	0	58	0	47	1	37	3	27	5	18	8	10	12	3	17	-3	23	-8	30	-12	38	-15	47	-17	56	-18	65	-18	73	-17	80	-15	86	-12	91	-9	95	-5	98	-2	100	0	101	1	101	1	
9:
60	5.624	119	84	118	84	116	85	113	87	109	89	104	92	98	95	91	98	83	100	74	101	65	103	56	106	48	109	41	112	35	114	30	115	26	115	23	114	21	112	20	109	20	105	21	100	23	94	26	89	30	85	35	82	41	79	48	75	54	71	59	67	64	62	68	56	71	49	73	41	74	33	74	26	73	20	71	15	68	11	64	8	61	6	58	5	56	5	55	6	55	8	56	11	58	15	61	20	65	26	70	33	76	40	83	48	91	56	98	63	104	69	109	74	113	78	116	81	118	83	119	84	119	84	
10:
59	10.96	30	65	29	66	27	66	24	66	20	65	15	63	10	60	6	56	3	51	1	45	0	38	0	31	1	23	2	16	4	10	7	5	11	1	16	-2	21	-4	27	-5	34	-5	42	-4	50	-2	59	1	67	5	74	10	80	15	85	20	89	26	92	33	94	41	95	50	95	59	94	67	92	74	89	80	85	85	82	89	80	94	79	98	79	102	79	106	80	109	80	111	80	112	79	112	77	111	74	109	70	106	66	102	62	97	57	92	51	86	45	80	40	75	36	71	33	68	31	66	30	65	30	65	
11:
56	1.477	106	2	105	3	103	5	102	8	102	12	102	17	103	23	105	30	108	38	112	45	115	51	117	57	118	63	118	70	117	76	115	81	112	85	108	90	103	94	97	97	90	101	82	105	74	108	65	110	55	111	46	111	37	112	29	112	22	111	16	109	11	106	7	102	4	97	2	91	1	84	1	77	2	71	4	66	7	62	11	58	16	53	22	47	29	42	37	38	44	35	52	32	61	30	70	27	78	23	85	18	91	13	96	9	100	6	103	4	105	3	106	2	106	2	
12:
65	9.333	79	112	78	113	76	115	73	118	69	120	64	121	58	121	51	120	43	118	34	115	26	112	19	108	13	103	8	97	3	90	-1	82	-4	73	-6	63	-7	53	-7	44	-6	36	-4	29	-1	22	3	16	8	11	14	7	21	3	28	0	36	-2	45	-3	53	-4	60	-4	66	-3	71	-1	75	2	78	6	80	11	81	17	81	24	80	30	78	35	75	39	71	43	66	48	60	52	54	56	49	60	45	65	42	71	40	78	39	86	39	93	40	100	41	106	43	111	46	115	50	118	55	120	61	121	66	121	70	120	73	118	76	115	78	113	79	112	79	112	
13:
56	1.308	13	69	13	68	12	66	11	64	11	61	11	57	10	52	9	46	9	39	10	31	12	24	15	16	19	9	24	3	30	-2	37	-6	45	-9	54	-11	63	-12	73	-12	82	-11	90	-9	97	-6	103	-2	108	3	112	9	115	16	117	24	118	32	118	41	117	51	115	62	112	72	108	81	103	89	99	96	95	102	90	107	86	111	83	114	81	116	78	117	74	117	69	116	63	114	56	111	48	107	41	102	34	96	28	90	23	84	19	79	16	75	14	72	13	70	13	69	13	69	
14:
63	1.475	88	9	88	10	87	12	85	15	82	18	78	22	73	25	67	27	60	28	54	28	49	27	44	25	38	22	33	18	29	14	26	10	24	7	23	5	23	4	24	4	25	5	25	7	24	10	22	14	19	19	15	25	12	32	9	40	6	49	3	59	1	69	0	78	0	86	1	93	2	99	4	104	7	108	11	111	16	113	22	114	29	114	37	113	46	111	55	108	64	104	72	99	79	93	86	86	92	80	97	75	101	70	104	65	106	59	107	52	107	44	106	37	104	30	101	24	97	19	94	15	91	12	89	10	88	9	88	9	
15:
58	4.465	42	59	41	60	39	62	38	65	38	69	39	74	41	79	44	85	48	90	52	94	56	97	60	99	65	100	71	100	78	99	85	97	92	94	98	90	103	85	107	79	110	72	112	64	113	56	113	49	112	43	110	37	107	32	103	28	98	24	92	21	86	19	79	18	71	17	63	17	55	17	47	17	38	17	30	18	23	20	17	23	12	27	8	32	5	38	3	45	2	51	2	56	3	60	5	63	8	65	12	66	17	66	23	66	28	65	32	64	36	62	39	60	41	59	42	59	42	59	
16:
50	3.243	45	22	46	23	48	25	51	27	54	28	58	30	63	33	69	37	76	42	84	48	91	54	97	61	102	67	106	72	109	76	111	80	112	85	112	89	111	92	109	94	106	97	103	100	99	102	94	103	88	104	81	104	75	104	69	105	62	107	54	109	47	110	40	110	34	109	29	107	25	104	22	100	20	95	19	89	19	82	20	74	21	65	23	57	26	50	30	43	35	37	39	32	42	28	44	25	45	23	45	22	45	22	
17:
58	75.512	14	77	13	78	13	80	14	83	15	87	17	91	20	94	24	96	29	97	35	97	42	96	50	95	58	93	66	90	73	86	80	81	86	75	92	68	98	61	103	53	107	45	110	38	112	32	113	27	113	23	112	20	111	18	109	17	106	17	102	18	97	20	91	22	84	25	76	27	67	28	59	28	51	27	43	25	34	22	26	20	19	18	13	17	8	17	4	18	1	20	-1	23	-2	27	-2	32	-2	37	-1	43	1	50	3	56	4	62	6	67	8	71	11	74	13	76	14	77	14	77	
18:
62	9.714	44	76	44	77	44	79	43	82	43	86	44	91	46	97	49	102	53	106	58	109	64	111	70	112	77	112	85	111	92	109	98	106	103	102	107	97	110	91	112	84	113	78	113	72	112	67	110	63	107	60	103	56	98	52	92	47	85	41	78	34	72	28	67	21	63	15	59	10	55	6	50	3	44	1	37	0	30	0	23	1	17	3	11	6	6	10	2	15	-1	21	-3	28	-4	36	-4	45	-3	53	-2	60	0	66	3	71	7	75	12	78	17	80	23	81	29	81	34	80	38	78	41	77	43	76	44	76	44	76	
19:
60	6.347	71	29	71	28	72	26	74	23	77	20	81	17	85	15	90	14	96	14	103	15	111	17	118	20	124	24	129	29	133	35	136	42	138	50	139	59	139	68	138	76	136	83	133	89	129	94	124	98	118	101	111	103	103	104	94	104	84	103	74	101	64	99	55	96	45	94	36	93	28	93	21	93	15	94	10	95	6	95	3	94	1	92	0	89	0	85	1	80	2	74	4	67	7	59	11	52	16	45	22	39	29	34	37	30	44	27	50	25	56	24	61	24	65	25	68	26	70	28	71	29	71	29	
20:
64	10.491	19	44	20	43	22	41	25	38	29	34	34	29	40	23	47	17	55	12	64	8	73	5	81	3	88	2	94	2	99	3	103	5	106	8	108	12	109	17	110	22	110	28	109	34	107	40	104	45	100	49	96	52	93	54	90	56	88	58	87	61	87	65	88	70	90	76	93	83	95	91	96	99	96	106	95	112	93	118	90	123	86	127	81	130	75	132	68	133	60	133	51	132	42	130	34	127	27	123	21	118	16	113	12	107	9	100	7	93	6	86	6	78	7	71	9	65	12	59	14	54	15	50	17	47	18	45	19	44	19	44	
21:
46	3.886	44	103	44	104	45	106	46	109	48	113	51	116	55	118	60	119	66	119	72	118	79	116	86	113	92	109	97	105	101	102	104	100	106	98	107	97	107	96	106	95	104	94	101	94	97	93	92	91	86	88	79	84	73	79	68	74	64	70	61	67	57	65	52	64	47	64	42	65	38	67	35	70	33	74	32	79	32	85	32	90	33	94	35	97	38	100	41	102	43	103	44	103	44	103	
22:
50	1.673	84	118	85	117	87	115	90	112	93	108	96	103	99	97	103	90	107	82	112	75	116	69	119	63	121	58	122	54	122	51	121	49	119	48	116	48	112	49	107	51	103	54	98	58	94	63	89	68	83	72	76	75	68	77	60	78	53	78	47	77	42	77	38	77	35	78	33	80	32	82	32	85	33	89	35	92	38	94	41	97	45	100	50	102	56	105	63	108	69	110	74	113	78	115	81	117	83	118	84	118	84	118	
23:
58	20.37	40	3	39	3	37	2	34	2	30	3	25	3	19	4	14	6	8	9	3	13	-1	18	-4	24	-6	31	-7	39	-7	48	-8	58	-8	67	-7	75	-5	82	-2	88	2	93	7	97	13	101	20	104	26	106	32	107	37	107	43	106	50	104	56	101	62	97	68	92	73	86	79	80	86	74	92	69	97	65	101	62	104	60	106	58	107	56	107	54	106	52	104	50	101	48	98	45	94	42	89	39	83	35	76	30	68	24	61	18	55	13	50	9	46	6	43	4	41	3	40	3	40	3	
24:
55	36.031	57	7	56	6	54	4	51	3	47	3	42	4	36	6	31	9	27	12	24	16	22	21	21	27	20	34	20	42	21	51	23	61	26	71	30	80	35	88	41	95	48	102	56	108	65	113	73	117	80	120	86	122	91	123	95	123	98	122	100	120	101	117	101	113	100	110	98	107	95	105	91	102	87	98	84	93	81	87	79	81	78	76	78	70	79	64	81	59	82	53	82	46	81	38	79	31	76	25	72	20	67	16	63	13	60	10	58	8	57	7	57	7	
25:
56	5.626	103	97	104	98	104	100	103	103	102	106	100	109	97	112	93	115	88	117	84	118	80	118	77	117	75	115	74	112	74	108	75	103	76	97	76	90	76	82	76	73	75	65	75	58	74	52	73	47	71	43	68	40	64	38	59	37	53	37	46	38	39	40	33	43	28	47	24	52	21	58	19	63	18	67	18	70	19	72	21	73	24	73	28	72	33	70	39	68	46	67	54	67	63	68	71	70	78	73	84	77	89	82	93	87	97	91	100	94	102	96	103	97	103	97	
26:
54	10.136	25	66	26	65	27	63	29	60	32	56	36	51	40	45	45	40	51	36	57	33	63	31	70	30	76	30	82	31	87	33	91	36	96	40	100	44	103	49	105	54	106	58	106	61	105	63	103	64	101	64	100	63	98	62	95	61	91	61	88	62	84	64	79	67	74	71	68	76	61	82	53	88	44	93	36	97	29	100	23	102	18	103	14	103	11	102	9	101	8	99	8	96	9	92	11	87	14	81	18	76	21	72	23	69	24	67	25	66	25	66	
27:
60	15.514	95	2	94	3	93	5	91	8	88	12	84	17	81	23	77	28	72	32	66	35	59	37	51	38	42	38	32	37	23	35	15	33	8	32	2	31	-3	31	-7	32	-10	34	-12	37	-13	41	-13	46	-12	52	-10	59	-7	67	-4	74	0	80	5	85	11	89	18	92	26	95	35	97	45	98	55	99	65	99	74	100	84	101	93	102	101	102	108	101	114	99	119	96	123	92	126	87	128	81	129	74	129	66	128	57	126	47	123	38	119	30	115	23	110	17	105	12	101	8	98	5	96	3	95	2	95	2	
28:
50	7.638	1	57	2	56	4	55	7	55	11	56	16	57	22	58	29	60	37	63	46	67	55	72	63	78	70	85	76	93	81	100	85	106	88	111	90	115	91	118	91	120	91	121	91	121	90	120	88	118	87	115	86	111	86	106	86	100	86	93	85	85	85	78	84	70	82	63	80	56	78	50	75	45	71	41	66	38	60	36	53	35	45	35	37	36	29	38	22	40	16	43	11	47	7	51	4	54	2	56	1	57	1	57	
29:
49	4.217	41	28	41	29	42	31	44	34	47	38	51	43	56	49	62	56	67	64	71	72	74	81	76	89	77	96	77	102	77	107	78	111	80	114	83	116	87	117	92	117	97	116	101	114	104	111	106	107	107	102	107	96	108	89	108	81	107	72	107	63	107	55	108	48	108	41	107	35	105	29	102	24	98	20	94	17	89	15	83	13	76	12	69	12	62	13	56	15	51	18	47	22	44	25	42	27	41	28	41	28	
30:
60	14.729	28	77	27	78	26	80	24	83	21	87	19	92	18	97	17	101	17	105	18	108	20	110	23	111	27	111	32	110	37	108	42	105	46	101	49	96	51	90	52	83	52	75	51	67	50	60	49	52	49	45	50	38	52	32	55	27	59	23	64	20	70	18	76	16	83	15	90	15	97	16	103	18	108	21	112	25	115	30	117	36	118	43	118	50	117	58	115	65	112	71	108	76	103	80	97	83	90	85	82	86	73	86	64	86	56	86	49	85	43	84	38	83	34	81	31	79	29	78	28	77	28	77	
31:
46	1.358	39	76	40	77	42	79	45	82	49	84	54	87	60	89	65	90	69	90	72	89	74	87	75	84	75	80	76	75	78	69	81	62	85	54	90	47	95	41	100	36	104	32	107	29	109	27	111	26	114	26	117	27	119	29	120	32	120	36	119	41	117	46	114	52	110	57	105	61	99	64	92	66	84	67	75	67	67	68	60	70	54	72	49	74	45	75	42	75	40	75	39	76	39	76	
32:
52	1.308	13	96	13	95	13	93	14	90	16	86	19	83	23	79	28	76	34	74	41	73	49	73	58	74	68	76	77	77	85	77	92	76	98	74	103	71	107	67	110	62	112	56	113	49	113	41	112	33	110	26	107	20	103	15	98	11	92	8	85	6	77	5	68	5	59	6	51	8	42	11	34	14	27	18	20	23	14	27	9	32	5	38	2	45	0	53	-1	60	-1	68	0	75	2	81	4	86	7	90	10	93	12	95	13	96	13	96	
33:
56	17.256	29	36	28	37	26	39	23	42	19	46	16	50	14	54	13	57	13	59	14	61	16	64	19	68	23	73	28	78	34	84	40	91	45	97	49	102	52	106	54	109	55	111	56	112	56	112	55	111	54	109	53	106	53	102	53	97	54	91	56	84	58	76	61	68	65	61	69	55	74	50	79	46	83	43	86	41	88	40	89	40	89	41	88	41	86	40	83	40	79	40	74	41	69	43	63	44	56	44	50	44	44	43	39	42	35	40	32	39	30	37	29	36	29	36	
34:
50	4.165	96	24	96	23	97	21	99	18	101	15	104	13	107	12	109	12	110	13	110	15	109	18	107	22	104	26	100	31	96	37	91	44	85	52	79	61	74	70	69	79	65	87	62	94	59	100	56	105	54	109	51	112	48	114	44	115	41	115	39	114	38	112	37	109	36	105	36	100	37	94	39	87	42	79	46	70	50	62	53	54	57	47	62	41	68	36	75	32	81	29	86	26	90	24	93	23	95	23	96	24	96	24	
35:
57	2.008	24	6	25	7	27	9	30	12	33	16	37	21	42	27	46	33	50	38	53	42	55	45	56	47	56	49	55	52	53	56	50	60	46	64	41	67	35	69	30	71	26	73	23	76	21	79	20	83	20	88	21	92	23	96	26	99	30	101	35	102	41	102	48	101	56	99	63	96	69	92	74	87	78	82	81	77	83	71	85	64	86	56	86	49	85	41	83	33	80	26	76	20	71	15	65	11	59	8	52	6	45	5	39	5	34	6	30	7	27	7	25	7	24	6	24	6	
36:
50	1.272	29	109	30	108	32	107	35	105	39	104	44	104	49	105	55	107	62	108	70	108	78	107	85	105	91	102	96	98	100	93	103	87	105	80	106	72	106	63	105	55	104	47	102	40	99	34	95	29	90	25	86	21	82	17	79	14	76	12	74	11	71	11	68	12	66	14	65	17	64	21	63	26	63	32	63	39	62	47	60	55	57	64	53	73	48	81	43	88	39	94	35	99	32	103	30	106	29	108	29	109	29	109	
37:
69	30.575	82	14	81	15	79	17	78	20	76	23	73	27	69	32	64	36	58	39	51	41	45	42	39	42	33	41	28	39	22	36	17	32	13	27	9	22	6	18	4	15	3	13	3	12	4	12	6	13	8	15	9	18	10	22	10	27	9	33	7	40	6	48	6	57	7	67	9	76	12	84	16	91	21	97	27	103	33	108	40	112	48	115	57	117	65	118	72	118	78	117	83	115	87	112	90	108	92	103	94	97	97	90	100	82	104	73	108	63	111	54	113	45	114	37	114	30	113	24	111	19	108	15	105	12	101	10	96	9	92	9	88	10	85	11	83	13	82	14	82	14	
38:
58	9.663	14	24	13	23	12	22	12	21	13	20	15	20	18	21	22	23	27	25	33	28	40	32	48	37	56	41	63	44	69	46	74	47	78	48	81	48	83	48	84	48	84	47	83	47	81	48	78	50	74	53	69	57	63	62	56	68	49	75	42	83	36	91	31	98	26	104	22	109	19	113	16	116	14	118	13	119	13	119	14	118	15	116	17	113	19	109	20	104	20	98	20	91	20	83	21	74	22	66	24	59	25	52	25	45	24	39	22	34	19	30	17	27	15	25	14	24	14	24	
39:
56	3.669	69	58	70	57	72	55	75	52	79	50	84	49	89	48	95	48	100	49	104	51	107	54	109	58	110	63	110	68	110	73	109	77	107	80	104	82	100	83	95	83	89	82	82	80	74	78	65	77	57	77	49	78	42	80	36	82	30	85	25	87	20	89	16	90	11	90	7	89	4	87	2	84	0	80	-1	75	-1	69	0	62	2	56	5	51	8	47	12	44	16	42	21	41	27	41	34	42	41	43	48	45	54	48	59	52	63	55	66	57	68	58	69	58	69	58	
40:
43	0.555	76	29	77	29	79	29	82	30	86	32	91	35	95	39	98	44	100	50	101	56	101	63	100	69	98	74	95	78	91	81	86	83	80	85	73	88	65	92	58	96	52	99	45	102	39	104	34	105	30	105	27	104	25	103	24	101	24	98	25	94	27	89	30	83	34	76	39	70	45	64	50	57	55	50	61	44	66	39	70	35	73	32	75	30	76	29	76	29	
41:
61	13.16	4	68	5	69	7	71	10	73	13	74	17	75	22	75	27	74	31	72	34	69	36	65	37	60	37	54	36	48	34	41	31	35	29	30	27	25	26	21	26	18	27	16	29	15	32	15	36	15	41	15	47	16	54	18	61	21	69	23	77	25	86	28	94	31	101	35	107	40	112	46	116	53	119	61	121	69	122	78	122	86	121	93	119	99	116	104	112	108	107	111	101	113	94	114	86	114	77	113	68	111	59	108	49	104	40	99	32	94	25	88	19	83	14	78	10	74	7	71	5	69	4	68	4	68	
42:
53	0.474	86	25	85	24	83	22	82	19	82	15	83	11	85	7	88	4	92	2	97	1	102	1	106	2	109	4	111	7	112	11	113	15	113	20	112	24	110	27	107	30	103	33	98	36	92	39	85	41	77	42	69	42	60	41	52	39	44	36	37	32	31	27	26	22	22	16	19	9	17	3	16	-2	16	-6	17	-9	19	-11	22	-12	26	-12	31	-11	37	-10	43	-8	50	-5	58	-1	65	4	71	10	76	15	80	19	83	22	85	24	86	25	86	25	
43:
56	5.934	70	29	69	28	67	26	64	23	61	19	57	15	52	12	46	10	39	9	33	9	27	10	22	12	18	15	15	19	13	24	11	30	10	37	10	45	11	52	13	58	16	64	19	69	23	73	28	76	34	78	41	79	49	79	58	78	66	78	73	78	79	79	84	81	88	84	91	88	95	91	99	93	103	94	108	94	112	93	115	91	117	88	118	84	118	79	117	73	115	66	112	59	108	53	103	47	97	42	91	38	85	35	80	33	76	31	73	30	71	30	70	29	70	29	
44:
62	3.984	83	43	82	42	80	41	77	40	73	40	68	39	62	37	56	35	51	33	47	32	44	32	42	32	41	33	41	35	42	37	44	40	47	43	50	47	52	52	53	58	53	63	52	67	50	72	47	76	43	79	38	82	32	86	25	90	19	94	14	99	10	103	7	108	5	112	4	115	4	117	5	120	7	123	10	125	14	126	19	127	25	127	31	126	38	126	46	126	54	125	63	123	71	121	78	118	84	114	89	109	93	103	96	96	98	88	99	79	99	71	98	64	96	58	93	53	89	49	86	46	84	44	83	43	83	43	
45:
54	3.432	35	113	36	114	38	115	41	115	45	114	50	114	54	113	58	112	62	110	65	107	67	103	68	98	68	92	67	87	65	83	62	80	58	77	53	75	47	72	40	68	32	63	25	57	19	50	14	44	10	39	7	35	5	32	4	30	3	29	1	29	-2	30	-6	32	-11	35	-15	39	-18	44	-20	50	-21	57	-21	65	-21	74	-20	83	-18	91	-15	98	-11	104	-6	109	-2	113	3	116	8	118	14	119	20	119	25	118	29	116	32	114	34	113	35	113	35	113	
46:
50	24.833	44	93	43	94	41	96	38	97	34	97	29	97	24	96	19	94	15	91	12	87	10	82	8	76	7	69	7	63	8	56	10	48	13	39	17	31	22	24	28	18	35	13	43	9	50	6	56	4	61	3	65	3	68	4	72	6	75	9	77	13	78	18	78	23	77	29	77	36	78	42	80	47	81	53	81	59	80	64	79	70	77	75	74	79	70	83	65	86	59	88	54	90	50	91	47	92	45	92	44	93	44	93	
47:
47	1.128	109	9	108	8	106	6	103	4	99	2	94	1	88	1	83	2	79	4	76	7	73	11	71	16	70	22	69	29	69	37	70	44	72	50	75	55	79	60	84	65	90	71	95	77	101	83	106	88	110	92	114	95	117	97	119	98	120	98	120	97	119	95	117	92	115	88	114	83	114	77	114	70	115	62	117	53	118	45	118	37	118	30	117	24	115	19	112	15	110	12	109	10	109	9	109	9	
48:
48	0.396	67	114	68	113	69	111	70	108	70	104	69	99	67	93	65	86	62	78	58	71	53	65	47	59	40	54	34	50	29	47	25	45	22	44	20	44	19	45	19	47	20	48	22	48	25	47	29	45	34	42	40	40	47	37	54	35	61	34	68	34	74	35	79	36	83	38	87	41	90	45	92	50	93	56	93	63	92	71	91	79	89	86	86	93	82	99	77	104	73	108	70	111	68	113	67	114	67	114	
49:
58	5.827	96	115	96	114	95	112	93	109	90	105	88	100	87	94	85	87	84	80	84	74	85	68	86	63	88	59	91	56	94	54	96	51	97	47	97	42	96	37	94	32	91	28	87	25	82	23	76	22	70	22	65	23	61	25	58	28	56	32	54	37	51	43	49	49	46	54	42	60	37	67	32	74	28	82	25	91	23	99	22	106	22	113	23	119	25	124	27	128	30	131	34	134	39	136	45	137	52	137	60	136	68	134	75	132	81	129	86	125	90	121	93	118	95	116	96	115	96	115	
50:
52	14.934	47	41	46	40	46	38	47	35	49	31	52	27	56	23	60	20	64	18	67	17	69	17	70	18	70	20	69	23	67	27	64	32	61	38	57	45	54	53	52	62	50	71	49	79	49	86	50	92	51	97	51	101	50	104	48	106	45	107	41	107	36	107	30	106	24	104	19	101	15	97	11	92	8	87	6	83	5	79	5	76	6	74	8	71	11	69	15	66	20	62	26	57	32	52	37	48	41	45	44	43	46	42	47	41	47	41	
51:
55	2.586	43	26	44	25	44	23	43	20	42	16	40	11	38	7	37	4	37	2	36	1	34	1	32	2	29	4	27	7	26	11	25	16	23	22	20	29	16	35	12	42	9	48	7	54	6	59	6	63	7	66	9	68	12	69	16	69	21	69	27	68	34	68	42	69	50	71	58	74	65	78	71	82	76	85	80	87	83	88	85	88	86	87	86	85	85	82	83	78	80	73	76	67	71	60	65	53	59	47	54	41	50	36	47	32	45	29	44	27	43	26	43	26	
52:
60	18.952	71	15	70	14	68	13	65	11	61	8	56	5	50	3	43	2	37	2	32	3	27	5	23	8	20	12	18	17	17	23	17	30	18	38	20	46	23	55	25	65	27	75	29	84	32	93	36	101	41	108	47	114	54	119	61	123	69	126	78	128	86	129	93	129	99	128	104	127	108	125	111	122	113	120	114	117	114	115	113	114	111	114	108	113	104	111	99	108	93	104	88	99	84	93	81	86	79	78	78	69	78	60	79	51	80	43	80	36	80	30	79	25	77	21	74	18	72	16	71	15	71	15	
53:
44	13.291	118	59	117	60	116	62	115	65	113	69	110	73	106	78	101	84	95	89	89	93	82	96	74	99	65	101	56	104	48	107	40	109	33	110	27	110	22	110	18	111	15	111	13	110	12	108	12	105	13	101	15	96	18	90	22	85	27	80	33	74	40	69	47	65	55	61	64	58	73	56	82	55	90	55	97	55	103	55	108	55	112	55	115	56	117	58	118	59	118	59	
54:
62	24.22	2	119	3	120	5	122	8	123	12	123	17	122	23	120	29	117	34	113	38	108	41	103	43	97	44	90	45	82	45	73	44	63	42	54	39	46	36	39	34	33	33	28	33	24	34	21	36	19	39	18	43	18	48	19	54	21	61	24	69	28	77	33	85	39	92	46	98	54	103	62	107	69	110	75	113	80	115	84	116	87	116	89	115	90	113	90	110	89	106	87	101	84	95	82	88	80	80	79	71	79	62	80	53	82	44	85	36	89	29	93	23	98	17	104	12	109	8	113	5	116	3	118	2	119	2	119	
55:
51	2.285	19	36	20	37	21	39	21	42	20	46	19	51	17	57	14	63	10	69	6	75	3	80	1	84	0	87	0	89	1	90	3	90	6	89	10	88	15	86	21	83	28	79	36	75	45	71	54	68	63	66	71	65	78	63	84	60	89	57	93	55	96	52	98	48	99	43	99	38	98	34	96	31	93	28	89	26	84	24	78	23	71	23	63	23	55	24	47	26	40	29	34	31	29	34	25	36	22	37	20	37	19	36	19	36	
56:
53	1.836	46	28	45	29	43	31	40	34	36	38	33	41	31	45	30	48	30	50	31	51	33	51	36	52	40	54	43	57	46	61	50	66	55	71	61	75	68	78	75	81	83	83	90	84	97	84	103	83	108	81	112	78	116	74	119	69	121	63	122	56	122	48	121	39	121	30	122	22	122	15	121	9	119	4	117	0	114	-3	110	-5	105	-6	100	-6	94	-5	87	-3	80	0	73	4	67	8	61	13	56	18	52	22	49	25	47	27	46	28	46	28	
57:
52	5.607	62	21	63	20	65	18	67	15	68	13	69	12	70	12	71	13	71	15	70	18	70	22	71	27	72	33	74	40	77	48	81	56	86	63	92	69	99	74	105	78	110	81	114	85	117	90	119	96	120	102	120	107	119	111	117	115	114	118	110	120	105	121	100	121	94	120	87	119	81	117	74	114	68	110	63	105	59	99	56	92	54	84	52	75	50	66	49	57	49	49	50	42	52	36	54	31	57	27	59	24	61	22	62	21	62	21	
58:
61	12.112	47	84	48	83	48	81	48	78	49	74	51	69	54	63	57	56	59	49	61	42	63	35	66	27	68	20	69	14	69	9	70	5	72	2	74	0	77	-1	81	-1	86	0	90	2	93	5	95	9	96	14	96	20	95	27	93	35	91	44	89	54	87	64	86	73	86	81	87	88	89	94	92	99	96	103	101	106	106	108	110	109	113	109	116	108	118	106	119	103	119	99	118	95	116	90	113	84	109	79	104	75	98	72	91	70	83	69	75	69	68	70	62	72	57	75	53	78	50	81	48	83	47	84	47	84	
59:
39	0.052	77	82	78	83	80	83	82	82	85	81	89	79	93	76	96	72	98	67	99	62	99	56	98	51	96	46	93	42	89	39	84	37	78	36	71	36	65	36	58	36	52	37	47	38	43	40	40	43	38	47	37	52	37	58	38	65	40	71	43	76	47	80	51	83	56	85	62	86	67	86	71	85	74	83	76	82	77	82	77	82	
60:
54	9.68	92	77	91	78	89	80	86	81	82	81	77	80	71	78	66	75	62	71	59	66	57	60	55	53	52	45	48	37	43	30	38	24	32	19	27	14	23	10	20	7	18	5	17	4	17	4	18	5	20	7	23	10	27	14	32	19	38	25	45	32	53	40	62	49	71	58	79	66	86	73	92	79	99	84	105	88	110	91	114	93	117	94	119	94	120	93	120	91	119	88	117	86	114	85	111	85	107	85	102	84	98	82	95	80	93	78	92	77	92	77	
61:
52	4.62	73	38	72	37	70	37	67	38	64	38	60	39	55	41	49	44	42	48	34	53	27	59	21	65	15	71	10	78	6	84	3	90	1	95	0	100	0	104	1	107	3	109	6	110	10	111	15	111	21	110	28	108	36	107	45	105	55	103	64	101	73	98	81	94	88	89	94	83	99	76	103	70	106	63	108	55	109	48	109	42	109	37	108	33	106	30	103	28	99	27	94	27	88	28	83	30	79	32	76	35	74	37	73	38	73	38	
62:
62	21.167	54	26	53	25	51	24	48	23	44	23	39	22	34	21	28	19	22	17	17	16	13	16	10	17	8	19	7	22	7	26	8	29	10	31	13	34	17	38	22	43	28	47	35	52	43	58	52	65	62	71	72	76	81	80	89	85	96	91	102	97	107	103	111	108	114	112	117	115	119	117	122	118	126	118	131	117	135	115	138	112	140	108	141	103	141	97	140	90	138	82	136	73	133	63	129	54	124	46	119	39	113	33	106	28	98	24	90	21	82	19	75	18	69	18	64	19	60	21	57	23	55	25	54	26	54	26	
63:
56	0.763	108	79	107	80	105	81	102	83	98	85	93	88	87	90	80	91	73	91	67	90	62	88	58	85	55	81	53	76	52	70	52	63	52	55	53	48	55	42	58	37	61	33	63	30	64	28	64	26	63	25	61	25	58	26	54	28	50	31	45	35	39	39	33	44	28	50	24	57	21	65	19	73	18	80	18	86	19	91	21	96	24	100	28	103	33	106	39	108	46	109	54	109	63	108	72	106	80	103	87	99	93	94	98	89	102	85	105	82	107	80	108	79	108	79	
64:
58	0.421	33	86	34	86	36	86	39	87	43	89	48	90	54	91	61	91	68	91	76	90	83	88	89	86	95	83	101	79	106	74	111	68	115	63	118	57	120	51	121	46	121	42	121	39	120	37	118	36	115	36	111	37	106	39	100	42	93	45	85	49	76	52	66	54	56	55	46	55	37	54	29	52	22	49	16	45	11	41	7	37	4	34	1	32	-1	31	-2	31	-2	32	-2	34	-1	37	1	41	4	46	8	52	13	59	17	65	21	71	24	76	27	80	30	83	32	85	33	86	33	86	
65:
49	0.779	41	47	40	46	38	44	36	41	34	39	31	37	29	35	27	32	26	28	26	23	27	18	29	13	32	7	36	2	41	-2	47	-5	54	-7	62	-8	71	-8	80	-7	88	-5	95	-2	101	2	106	7	110	13	113	20	115	28	116	37	116	46	115	54	113	61	110	67	106	72	101	76	96	79	92	81	87	82	81	82	75	81	69	79	63	76	57	72	52	67	48	62	45	57	43	53	42	50	42	48	41	47	41	47	
66:
50	3.953	105	62	105	61	105	59	104	56	102	52	100	47	97	43	93	39	90	36	88	34	86	33	83	33	79	34	74	36	68	38	61	39	53	39	45	38	37	37	30	36	24	36	19	37	15	39	12	42	10	46	9	51	9	57	10	64	12	71	15	77	19	83	24	88	30	92	37	95	45	97	54	98	63	98	72	98	80	98	87	97	93	95	98	92	102	88	105	83	107	77	108	72	108	68	107	65	106	63	105	62	105	62	
67:
64	4.64	0	112	0	111	0	109	1	106	3	102	6	97	8	91	9	84	10	76	11	67	11	57	10	48	8	39	6	31	4	24	3	18	3	13	4	9	6	6	9	3	13	1	17	0	20	0	22	1	23	3	23	6	22	8	22	10	23	12	25	13	28	15	32	18	37	20	43	21	50	21	58	20	66	18	73	16	79	15	84	14	88	14	91	13	93	13	94	14	94	16	93	18	91	21	88	25	84	30	79	36	73	43	66	49	59	56	51	64	42	72	34	80	27	87	21	93	15	98	10	102	6	106	3	109	1	111	0	112	0	112	
68:
50	1.824	31	98	32	99	34	101	37	102	41	103	46	104	52	104	59	104	67	104	75	103	83	101	91	98	98	94	104	89	109	83	113	76	116	68	118	59	119	50	119	42	119	35	118	29	116	24	113	20	109	17	104	15	98	14	92	13	85	13	77	14	68	16	58	19	49	23	41	28	34	33	28	39	23	46	19	54	16	62	14	70	13	77	13	83	14	88	16	92	19	95	22	97	25	98	28	98	30	98	31	98	31	98	
69:
50	15.228	79	110	80	111	82	112	85	112	88	111	92	109	95	106	97	102	98	97	98	91	97	84	95	76	92	68	89	60	87	53	86	47	86	42	87	38	89	35	90	33	90	30	89	28	87	27	85	27	82	28	78	30	73	33	67	37	60	41	53	46	47	52	42	59	38	67	35	76	33	84	32	91	32	97	33	102	35	106	38	110	42	113	47	115	52	116	58	116	64	115	69	113	73	111	76	110	78	110	79	110	79	110	
70:
60	11.094	99	74	99	75	98	77	96	80	94	84	92	89	89	95	85	100	80	104	75	107	69	109	62	110	55	110	49	109	44	107	40	104	36	100	33	95	31	89	30	82	30	74	31	65	33	55	36	46	40	38	45	31	51	25	58	20	66	16	75	13	83	10	90	6	97	3	103	1	108	0	112	0	115	1	117	3	118	6	118	10	117	14	115	18	112	21	108	25	103	30	97	35	92	41	88	47	85	52	83	56	82	60	82	65	83	69	85	72	88	74	92	75	95	76	97	76	98	75	99	74	99	74	
71:
54	2.065	43	32	43	31	43	29	44	26	45	23	47	19	50	15	54	11	58	8	63	6	69	5	74	5	78	6	81	8	83	11	86	15	90	20	94	26	97	33	101	41	104	49	106	56	107	62	107	67	106	71	104	74	101	76	97	78	92	81	87	85	81	90	74	95	66	99	57	102	49	104	41	105	34	105	28	104	23	103	19	101	16	98	14	94	13	89	13	83	14	76	16	68	19	60	23	53	28	47	33	42	37	38	40	35	42	33	43	32	43	32	
72:
65	38.027	103	92	104	91	106	90	109	88	112	85	115	81	117	76	118	70	118	63	117	55	115	46	112	38	108	31	103	25	97	20	90	16	82	13	73	11	63	10	52	9	42	9	31	10	21	12	12	15	4	19	-4	24	-11	30	-17	37	-22	45	-26	54	-29	64	-31	73	-32	81	-32	88	-31	94	-29	99	-26	103	-22	106	-17	108	-12	109	-6	109	0	108	5	106	9	103	12	99	15	94	19	89	24	83	29	77	35	72	42	68	50	65	59	63	68	62	76	62	83	63	89	65	94	68	98	72	101	77	103	82	104	86	104	89	104	91	103	92	103	92	
73:
55	3.931	93	109	94	108	96	106	98	104	101	101	105	97	109	92	112	86	114	79	115	71	115	62	114	53	112	44	109	36	105	29	100	23	94	18	87	14	81	11	76	9	72	8	69	8	67	9	66	11	66	14	67	18	69	23	72	28	76	32	81	35	85	37	88	38	90	38	93	37	97	35	101	33	106	32	110	32	115	33	119	35	122	38	124	42	125	47	125	53	124	60	122	68	120	76	117	83	113	89	108	94	103	99	99	103	96	106	94	108	93	109	93	109	
74:
50	4.361	99	107	100	108	102	110	105	112	109	113	112	113	115	112	118	110	121	107	123	103	124	98	124	92	123	85	121	77	118	68	114	60	109	53	103	47	96	42	88	38	79	35	69	33	60	32	52	32	45	33	39	35	34	38	30	41	27	45	25	50	23	55	22	61	22	68	23	74	25	80	28	85	32	89	37	92	43	95	50	98	56	100	63	101	71	101	78	101	84	102	89	103	93	105	96	106	98	107	99	107	99	107	
75:
54	3.943	22	17	21	18	19	20	16	23	12	27	8	32	4	38	1	45	-1	53	-2	61	-2	68	-1	74	0	79	2	83	5	87	9	90	14	92	20	93	27	94	35	94	44	93	54	91	63	88	71	84	78	79	84	75	90	72	95	70	99	68	102	67	104	67	105	68	105	70	104	73	102	75	99	77	96	78	92	79	87	79	81	78	74	76	66	73	57	69	49	64	42	58	36	52	31	45	27	38	24	32	22	27	21	23	21	20	22	18	22	17	22	17	
76:
69	14.207	28	72	27	71	25	69	22	66	18	64	14	63	11	63	9	64	8	66	8	69	9	73	11	77	14	80	18	84	23	88	29	93	36	97	44	100	53	102	62	103	71	103	80	102	88	100	95	97	101	93	106	88	110	82	114	75	117	67	119	58	120	48	120	38	119	29	117	21	114	14	110	8	105	3	99	-1	92	-5	84	-8	75	-10	65	-11	54	-11	44	-10	35	-8	27	-5	20	-1	14	4	9	8	5	11	2	13	0	15	-1	17	-1	19	0	20	2	21	5	23	9	26	14	30	19	35	23	40	26	46	29	52	31	57	32	62	32	66	31	69	29	71	28	72	28	72	
77:
51	1.526	93	72	94	72	96	73	99	75	103	77	108	78	112	79	115	80	117	82	118	85	118	89	117	94	115	98	112	101	108	103	103	104	97	104	90	103	84	101	78	98	71	94	64	89	56	84	48	79	41	75	35	72	30	70	25	69	21	69	18	70	16	70	14	69	13	67	13	64	14	60	16	55	19	51	23	48	28	46	34	45	41	45	49	46	57	48	65	50	72	53	78	57	83	62	87	66	90	69	92	71	93	72	93	72	
78:
55	18.854	60	36	59	37	59	39	59	42	60	46	60	51	61	57	63	64	66	72	69	81	73	89	77	96	81	102	84	107	86	111	87	114	87	116	86	117	84	117	81	116	77	114	72	111	66	107	59	102	51	96	43	89	36	81	30	72	24	62	19	52	15	43	12	35	10	28	9	22	9	16	10	11	12	7	15	4	19	2	24	1	30	1	36	2	43	2	49	2	54	3	58	5	61	8	63	12	65	17	66	22	66	26	65	30	63	33	61	35	60	36	60	36	
79:
54	4.267	76	57	77	57	79	56	82	54	86	52	91	51	97	51	102	51	106	52	109	54	111	57	112	61	112	66	111	72	109	79	106	85	102	91	97	96	91	100	84	103	76	105	67	106	58	106	50	105	43	103	36	100	30	96	25	91	21	85	18	78	16	70	15	61	14	52	14	44	14	37	13	31	12	26	12	22	12	19	13	17	15	16	18	16	22	17	27	19	33	22	40	26	48	31	55	36	61	42	66	47	70	51	73	54	75	56	76	57	76	57	
80:
66	16.447	14	106	15	105	17	104	20	102	24	99	29	95	34	90	40	84	45	77	49	69	52	60	54	50	55	40	55	31	54	23	52	16	49	10	45	5	40	1	35	-2	30	-4	26	-5	23	-5	21	-4	20	-3	20	-1	21	2	23	6	26	10	30	13	35	15	41	18	48	20	56	21	65	21	74	21	83	20	91	20	98	21	104	23	109	26	113	30	116	35	118	40	119	46	119	53	118	61	116	68	113	74	109	79	104	83	98	86	91	88	83	89	75	89	66	89	57	89	49	90	42	92	35	94	29	96	24	99	20	101	17	103	15	105	14	106	14	106	
81:
41	1.871	103	51	104	52	105	54	105	57	105	60	104	64	102	69	99	75	95	82	90	89	84	96	78	102	71	107	63	111	56	114	50	116	45	117	41	117	38	116	36	114	35	111	35	107	36	102	38	96	41	89	43	83	44	76	46	70	49	65	53	61	57	58	62	56	68	55	75	55	82	54	88	54	93	53	97	53	100	52	102	52	103	51	103	51	
82:
53	3.376	7	80	8	79	10	79	13	80	17	81	22	81	28	82	35	84	43	87	52	91	61	96	69	102	76	107	82	111	87	114	91	117	95	119	98	120	100	120	101	119	101	117	100	114	98	110	97	105	97	99	98	92	98	85	97	77	96	68	95	60	93	52	90	45	86	39	81	34	75	30	68	27	61	25	55	24	50	24	45	25	41	27	38	30	36	34	34	39	32	45	29	52	25	59	20	65	16	70	13	74	10	77	8	79	7	80	7	80	
83:
65	2.641	117	65	117	64	116	62	114	59	111	55	107	50	102	45	96	41	89	38	81	36	74	35	67	35	61	35	56	36	52	38	49	41	47	45	46	50	46	55	47	59	49	63	52	68	55	73	59	79	62	84	64	88	65	92	65	95	64	98	62	100	59	101	55	101	50	100	44	98	38	95	32	91	26	86	21	80	17	73	14	65	12	56	11	47	9	39	8	32	8	26	9	21	11	17	14	14	18	12	23	11	29	11	36	12	44	14	53	17	62	21	72	26	81	31	89	37	96	44	102	50	107	55	111	59	114	62	116	64	117	65	117	65	
84:
55	2.652	70	77	69	78	67	80	66	83	66	87	67	92	69	96	72	101	74	105	75	110	75	116	74	121	72	125	69	130	65	134	60	137	54	139	47	140	39	140	32	139	26	137	19	134	13	130	8	125	4	119	1	112	-1	104	-2	95	-2	85	-1	75	1	66	4	57	8	49	13	42	19	36	24	31	30	27	37	24	44	22	51	21	57	21	62	22	66	24	70	27	73	31	76	36	78	42	79	49	79	56	78	62	76	67	74	71	72	74	71	76	70	77	70	77	
85:
49	3.499	5	0	5	1	4	3	2	6	1	10	1	13	2	16	4	19	7	22	11	25	16	29	22	34	29	39	37	43	46	48	55	53	65	58	75	62	84	65	92	69	99	72	105	75	110	77	114	78	117	78	119	77	120	75	120	72	119	68	117	63	114	57	110	50	105	42	99	35	92	29	84	24	76	20	67	17	57	14	48	10	40	6	33	3	26	0	20	-2	15	-3	11	-3	8	-2	6	-1	5	0	5	0	
86:
56	24.612	102	114	103	113	105	111	106	108	106	104	105	99	103	93	102	87	101	80	99	72	96	63	92	53	87	44	81	36	75	29	70	22	66	16	63	11	61	7	60	4	60	2	61	1	63	1	66	2	70	4	73	7	75	11	76	16	76	22	75	29	73	37	70	45	66	53	61	61	55	70	50	79	46	87	43	94	41	100	40	105	40	109	41	112	43	114	46	117	50	121	55	124	61	126	68	127	75	127	81	126	87	125	92	123	96	120	99	117	101	115	102	114	102	114	
87:
62	8.27	75	71	74	71	72	72	69	74	65	77	60	81	54	84	48	88	41	92	35	95	29	97	24	98	20	99	17	99	15	98	14	96	14	93	15	89	17	86	20	82	24	78	29	73	34	67	40	61	47	54	53	46	58	39	62	33	65	28	67	24	68	21	68	19	67	18	67	18	68	19	70	21	73	24	75	28	78	33	82	39	87	46	91	54	96	63	100	71	104	78	107	84	110	89	112	93	113	96	113	98	112	99	110	99	107	98	103	96	98	93	94	89	90	84	85	80	81	77	78	74	76	72	75	71	75	71	
88:
49	0.965	88	84	87	83	86	81	85	79	85	76	86	72	88	68	91	64	95	59	100	53	105	46	110	39	114	33	117	27	119	21	120	16	120	12	119	9	117	7	114	6	110	6	105	6	99	6	92	7	84	9	75	12	67	16	60	21	54	27	49	34	45	42	42	51	40	60	39	68	39	75	40	81	41	86	43	90	46	93	50	95	55	96	61	96	67	96	73	95	78	93	82	90	85	87	87	85	88	84	88	84	
89:
50	0.486	82	92	82	93	82	95	82	97	81	98	79	100	76	102	72	103	67	105	61	106	54	106	46	105	39	103	33	100	28	96	24	91	21	85	19	78	18	70	18	61	19	53	21	46	24	40	27	34	31	29	36	25	42	21	49	18	57	16	66	15	75	15	83	16	90	16	96	17	101	19	105	22	108	26	110	30	111	35	111	41	110	48	108	56	105	64	101	71	97	77	92	82	88	86	85	89	83	91	82	92	82	92	
90:
53	1.916	66	71	65	72	63	72	60	71	56	69	51	66	45	62	40	57	36	51	32	45	29	40	27	36	24	33	20	31	17	30	14	30	12	31	11	33	11	36	12	40	14	45	17	51	21	57	26	64	31	72	37	81	44	89	52	96	61	102	69	107	78	111	86	114	93	116	99	117	104	117	108	116	111	114	113	111	114	108	114	104	113	99	111	94	108	90	104	87	99	84	93	82	87	79	81	76	76	73	72	71	69	70	67	70	66	71	66	71	
91:
56	4.326	104	60	103	59	102	57	100	54	99	50	99	45	100	40	102	34	104	27	106	21	107	15	108	10	108	6	107	3	105	1	102	0	98	0	94	1	90	3	85	6	79	10	72	15	65	21	59	26	53	30	46	33	38	35	30	36	23	36	17	35	12	33	8	30	5	28	3	26	2	25	2	25	3	26	5	28	8	31	12	35	17	40	23	44	29	48	36	53	44	58	53	62	62	65	70	67	77	68	83	69	89	69	94	68	98	66	101	63	103	61	104	60	104	60	
92:
52	1.141	3	108	3	107	3	105	4	102	6	98	8	93	10	87	11	80	11	72	12	63	14	55	17	46	21	37	26	29	32	22	39	16	46	11	54	7	63	4	73	2	82	1	90	1	97	2	103	4	108	7	112	11	115	16	117	21	119	27	120	34	120	42	119	50	117	57	114	63	110	68	105	72	99	75	92	77	84	78	75	80	65	82	56	85	47	89	39	93	31	97	24	100	18	103	13	106	9	108	6	109	4	109	3	108	3	108	
93:
64	1.742	45	98	46	99	46	100	45	102	43	105	40	107	37	108	35	108	33	107	31	105	28	102	25	98	21	93	16	87	12	80	7	72	3	64	-1	56	-5	47	-8	39	-10	32	-11	26	-11	21	-10	17	-8	13	-5	10	-1	8	4	7	10	7	17	8	25	10	34	13	44	16	55	20	65	25	74	31	82	38	89	46	95	55	100	65	104	74	107	83	110	91	112	98	113	104	113	109	112	113	110	116	107	118	103	119	99	119	94	118	88	116	81	113	75	109	70	104	66	100	62	97	58	95	55	94	51	94	48	95	46	97	45	98	45	98	
94:
67	58.216	36	114	37	115	39	116	42	117	46	117	51	117	57	117	63	118	69	119	74	119	78	118	81	116	83	113	84	109	84	104	83	98	81	91	79	83	77	74	76	66	76	58	77	51	79	44	82	38	86	33	91	29	97	26	103	24	108	23	112	22	115	20	117	17	118	13	118	8	117	2	115	-4	112	-9	108	-13	104	-18	99	-22	93	-25	86	-27	78	-28	69	-28	59	-27	49	-25	40	-22	32	-18	25	-13	19	-7	14	0	10	8	7	17	5	27	4	38	4	48	5	59	7	69	10	78	13	86	17	93	21	99	26	104	30	108	33	111	35	113	36	114	36	114	
95:
59	5.33	29	61	30	60	32	58	34	55	37	51	39	46	40	40	40	34	39	29	37	25	34	22	30	20	25	19	19	19	13	20	8	22	3	25	-1	29	-4	34	-6	40	-7	47	-7	53	-6	58	-4	64	-1	71	3	77	8	82	14	86	21	89	29	91	38	92	46	92	53	91	59	89	64	86	68	82	71	77	73	71	74	65	76	60	78	56	81	53	83	51	84	50	84	48	83	46	81	44	78	43	74	43	69	44	63	46	57	49	50	51	44	52	39	53	35	55	32	58	30	60	29	61	29	61	
96:
57	6.66	50	63	49	64	47	66	46	69	45	73	45	78	45	83	46	88	48	92	51	97	55	101	60	104	66	106	73	107	81	107	89	106	96	104	103	101	109	97	114	92	118	86	121	79	123	71	124	63	124	55	125	48	125	42	124	37	122	33	119	30	115	28	110	27	104	26	97	24	91	21	86	17	81	13	77	9	72	6	66	4	59	3	52	3	46	4	41	6	37	9	34	13	32	17	31	22	31	28	32	35	34	42	37	48	41	53	44	57	47	60	49	62	50	63	50	63	
97:
59	1.055	34	29	35	28	37	26	40	23	44	19	48	14	53	10	57	7	60	5	62	4	63	4	65	5	68	7	71	10	75	14	79	18	84	23	90	29	96	34	102	38	107	41	111	45	114	50	116	56	117	63	117	71	116	80	114	90	111	99	107	107	102	114	96	120	89	125	81	129	72	132	64	134	56	135	48	135	39	134	31	132	24	129	18	125	13	120	9	114	6	108	4	102	3	95	3	87	4	78	5	69	7	61	10	54	14	48	19	43	24	39	28	35	31	32	33	30	34	29	34	29	
98:
51	2.446	39	30	38	29	36	28	33	28	30	29	26	30	23	31	20	32	18	33	17	34	17	36	18	39	20	43	22	48	23	54	23	61	23	67	22	72	22	77	23	81	25	84	28	86	32	87	37	87	43	86	50	84	56	81	61	77	66	72	71	66	75	59	78	51	80	42	81	34	81	27	80	21	78	16	75	12	71	9	67	7	62	6	56	6	51	7	47	9	44	12	42	16	41	20	41	24	41	27	40	29	39	30	39	30	
99:
61	10.924	83	93	84	93	86	93	89	94	93	96	98	99	102	103	105	108	108	112	111	115	113	117	115	118	117	118	120	117	123	115	127	112	130	108	133	103	135	97	136	90	136	82	135	73	133	63	130	54	126	46	123	39	119	33	114	28	108	24	102	21	95	19	87	18	78	18	69	19	60	21	52	24	45	28	38	33	32	39	27	46	23	54	20	62	18	70	17	77	17	85	18	92	20	98	23	103	27	107	32	110	37	112	43	113	50	113	57	112	63	110	68	107	73	103	77	99	80	96	82	94	83	93	83	93	