0:
23	0.027	10	9	11	10	11	12	12	15	12	17	11	18	9	19	6	19	4	18	2	16	1	14	1	11	2	7	3	4	5	2	7	1	9	0	10	0	10	1	10	3	9	6	9	8	10	9	10	9	
1:
24	0.067	19	8	18	9	17	11	17	14	17	16	17	18	16	19	15	19	13	18	10	17	7	16	4	15	2	13	1	10	1	6	2	3	4	1	6	0	9	0	13	1	16	3	18	5	19	7	19	8	19	8	
2:
27	0.038	13	3	12	4	10	6	9	7	9	8	10	8	12	7	15	5	17	4	18	4	18	5	17	7	15	10	12	13	10	15	9	18	9	20	10	21	12	21	15	20	17	18	18	16	18	13	17	9	16	6	14	4	13	3	13	3	
3:
21	0.014	19	5	18	6	18	8	18	10	19	13	19	16	18	18	16	19	13	19	9	19	6	18	4	16	3	13	3	9	4	6	6	4	9	3	13	3	16	4	18	4	19	5	19	5	
4:
28	0.132	8	1	8	2	8	4	9	5	11	6	13	6	14	5	14	4	13	2	11	1	8	1	4	2	1	4	-1	7	-2	11	-2	15	-1	18	1	20	4	21	6	21	9	20	11	18	12	15	12	11	12	7	11	4	9	2	8	1	8	1	
5:
21	0.215	16	1	17	2	17	4	17	7	16	10	14	13	12	15	9	16	6	16	4	17	3	18	3	18	4	18	6	17	8	15	10	12	11	8	13	5	14	3	15	2	16	1	16	1	
6:
23	0.032	2	16	3	15	4	13	6	12	9	12	11	12	12	13	12	13	11	12	9	10	8	7	8	5	9	3	9	1	8	0	6	0	4	1	2	3	1	6	0	10	0	13	1	15	2	16	2	16	
7:
27	0.127	1	13	1	14	0	15	0	17	1	19	2	20	4	20	7	19	10	17	12	15	14	13	16	12	18	12	19	11	19	9	18	6	16	3	13	1	9	0	5	0	2	1	0	2	-1	4	-1	7	-1	10	0	12	1	13	1	13	
8:
25	0.022	2	6	3	7	3	8	2	10	2	12	3	13	5	13	7	12	9	10	12	9	14	9	15	10	16	11	18	11	20	10	21	8	21	5	20	3	18	1	15	0	11	0	8	1	5	3	3	5	2	6	2	6	
9:
24	0.045	17	0	16	1	14	3	12	4	10	5	8	5	6	4	3	4	0	5	-2	7	-3	10	-3	12	-2	15	0	17	3	18	7	18	11	17	14	15	16	12	17	8	17	5	16	3	16	1	17	0	17	0	
10:
23	0.042	0	1	1	0	3	0	6	0	9	0	12	0	15	1	17	3	18	5	18	7	17	8	15	10	13	13	11	15	8	16	5	16	2	15	0	13	-1	10	-2	7	-2	4	-1	2	0	1	0	1	
11:
18	0.032	0	17	0	16	0	14	-1	12	-1	9	0	6	1	4	3	3	6	3	8	3	9	3	9	4	8	6	6	8	3	11	1	14	0	16	0	17	0	17	
12:
20	0.019	4	9	5	9	7	9	8	10	8	12	8	15	8	17	8	18	9	18	11	17	13	15	15	12	16	9	16	7	15	6	13	5	10	5	7	6	5	8	4	9	4	9	
13:
21	0.052	1	7	1	8	1	10	2	12	4	14	7	15	10	15	13	15	15	14	16	13	16	11	15	9	13	8	10	8	8	7	7	5	6	4	4	4	2	5	1	6	1	7	1	7	
14:
20	0.026	16	11	15	11	13	11	10	11	6	10	3	8	1	7	0	7	0	8	1	10	3	13	5	16	8	18	12	19	15	19	17	18	18	16	18	14	17	12	16	11	16	11	
15:
22	0.096	14	3	14	2	13	1	11	0	9	0	8	1	8	3	7	6	7	9	8	13	10	16	12	18	13	19	14	19	14	18	13	16	13	13	14	11	15	9	15	6	14	4	14	3	14	3	
16:
20	0.039	1	3	2	3	4	4	7	6	9	9	11	12	14	14	16	15	17	15	18	14	18	12	18	9	17	6	16	3	14	1	11	0	7	0	4	1	2	2	1	3	1	3	
17:
21	0.226	17	19	16	19	14	19	12	18	10	16	8	13	6	9	5	6	5	4	6	3	8	2	11	2	13	3	14	5	14	8	15	10	17	12	18	14	18	16	17	18	17	19	17	19	
18:
22	0.156	14	10	15	10	16	11	17	13	17	15	16	17	14	18	11	19	8	19	5	18	3	16	2	14	1	13	1	13	2	14	4	15	7	15	9	14	10	13	12	11	13	10	14	10	14	10	
19:
23	0.073	1	11	2	10	4	8	7	5	10	3	12	2	13	2	14	3	14	5	13	8	11	10	9	11	8	11	8	12	8	14	9	16	10	17	10	17	9	16	7	14	4	13	2	12	1	11	1	11	
20:
17	0.014	6	3	6	4	5	6	3	9	2	12	2	14	3	15	5	15	6	14	6	12	6	9	6	6	5	4	4	3	4	2	5	2	6	3	6	3	
21:
20	0.058	1	7	2	6	4	5	7	3	9	1	11	0	14	0	16	1	17	3	18	4	19	5	19	6	18	6	16	6	14	5	11	4	7	4	4	5	2	6	1	7	1	7	
22:
21	0.046	14	16	13	17	11	17	8	16	5	14	3	11	1	7	0	4	0	2	1	1	3	1	6	1	9	0	12	0	14	1	15	3	15	6	15	10	15	13	15	15	14	16	14	16	
23:
23	0.079	14	1	13	2	11	3	8	5	5	6	3	8	2	9	2	9	3	10	5	12	8	13	11	13	13	14	14	16	15	17	17	17	18	16	18	14	17	11	15	7	14	4	14	2	14	1	14	1	
24:
22	0.105	0	4	1	5	2	6	4	6	7	5	10	3	12	2	14	2	16	3	17	5	17	8	16	10	14	12	11	14	7	15	4	15	2	14	1	12	1	9	0	7	0	5	0	4	0	4	
25:
25	0.284	17	14	18	13	19	11	20	8	20	5	19	3	17	1	14	0	11	0	9	0	8	1	7	3	7	5	6	8	5	10	3	11	2	12	2	12	3	13	5	13	8	14	11	15	14	15	16	15	17	14	17	14	
26:
24	0.069	15	2	14	3	13	5	11	7	8	8	6	8	5	7	3	6	2	5	2	5	3	6	5	8	8	11	12	13	15	14	17	15	18	15	18	14	17	13	15	11	14	8	14	5	15	3	15	2	15	2	
27:
20	0.069	11	12	10	12	8	12	5	13	3	15	2	17	2	19	3	20	4	20	6	19	9	19	12	19	14	18	15	16	16	14	16	12	15	11	13	11	12	11	11	12	11	12	
28:
21	0.057	6	15	5	16	5	17	5	18	4	18	4	17	5	15	6	12	8	8	10	5	11	3	13	2	15	2	16	3	16	4	15	6	13	8	10	10	8	12	7	14	6	15	6	15	
29:
22	0.016	13	12	14	13	14	15	13	17	11	18	9	18	8	17	6	15	5	12	5	8	6	5	8	3	10	1	12	0	15	0	17	1	18	3	18	5	17	7	15	9	14	11	13	12	13	12	
30:
23	0.132	1	10	0	9	0	7	1	6	3	6	6	5	9	4	12	4	14	5	15	6	15	8	14	10	12	12	10	13	8	15	7	17	7	18	7	18	7	17	6	15	4	13	2	11	1	10	1	10	
31:
19	0.103	1	12	2	12	4	12	6	12	9	11	13	9	16	6	18	3	19	1	19	0	18	-1	16	-1	15	0	13	2	10	4	7	7	4	9	2	11	1	12	1	12	
32:
25	0.09	3	6	2	7	0	9	-1	11	-1	13	0	14	2	14	5	13	9	11	12	10	14	9	15	8	15	7	16	7	17	8	18	8	19	7	19	5	18	3	16	2	13	2	9	2	6	3	4	5	3	6	3	6	
33:
23	0.027	7	13	6	14	6	15	5	15	4	14	4	12	3	11	1	9	0	8	0	6	1	5	3	5	6	6	8	8	11	9	13	11	14	14	14	16	13	17	11	17	9	16	8	14	7	13	7	13	
34:
22	0.301	19	9	18	8	17	7	15	5	12	4	10	3	9	2	9	1	10	0	12	0	15	1	18	3	20	6	21	9	21	12	21	14	20	15	19	15	19	14	20	12	20	10	19	9	19	9	
35:
18	0.017	9	12	8	13	7	14	7	16	8	18	10	19	12	19	14	18	16	16	17	13	17	11	16	10	14	10	11	9	9	9	8	10	8	11	9	12	9	12	
36:
23	0.068	19	5	19	4	19	2	18	1	16	0	13	-1	10	-1	8	0	6	2	5	5	5	8	4	10	2	11	1	12	1	14	2	15	4	15	7	14	10	12	13	9	16	7	18	6	19	5	19	5	
37:
22	0.063	4	19	5	18	7	18	10	17	13	17	15	17	16	16	16	14	15	11	13	7	10	4	8	2	7	1	6	1	6	2	6	4	7	6	7	9	6	13	5	16	4	18	4	19	4	19	
38:
22	0.023	8	13	8	14	8	16	9	17	11	17	13	16	15	15	16	13	16	10	15	8	13	7	10	7	7	8	4	9	2	11	1	13	1	15	2	16	3	16	5	15	7	14	8	13	8	13	
39:
17	0.018	5	0	4	1	3	3	3	6	2	9	2	12	3	14	5	15	8	15	10	14	11	12	11	9	10	7	8	5	6	3	5	1	5	0	5	0	
40:
26	0.23	10	0	11	1	13	3	15	6	16	10	16	13	15	15	13	16	10	16	6	17	3	17	1	16	0	14	0	12	1	11	3	11	6	11	10	11	13	12	15	12	16	11	16	9	15	6	13	3	11	1	10	0	10	0	
41:
22	0.069	18	11	18	12	19	12	19	11	19	9	19	7	18	5	16	4	13	4	9	5	6	7	4	9	3	10	2	10	2	10	3	11	5	12	8	12	12	13	15	13	17	12	18	11	18	11	
42:
21	0.054	2	3	3	2	5	0	6	-1	8	-1	11	0	13	2	14	5	14	9	13	13	12	16	10	18	9	19	7	19	6	18	5	16	4	13	3	9	3	6	2	4	2	3	2	3	
43:
21	0.08	7	15	8	15	10	14	12	12	14	9	15	7	15	6	14	5	13	3	12	2	12	0	11	-1	9	-1	7	-1	6	0	5	2	5	5	5	9	5	12	6	14	7	15	7	15	
44:
20	0.043	2	18	1	19	0	19	0	18	1	16	3	13	4	9	4	5	3	2	3	0	4	-1	5	-1	6	0	6	2	5	5	3	8	2	12	1	15	1	17	2	18	2	18	
45:
25	0.082	14	4	15	3	17	2	19	1	20	1	20	2	19	4	17	7	14	11	12	14	11	16	9	17	7	17	5	16	2	15	0	13	-1	10	-1	6	0	3	2	1	5	0	8	0	11	1	13	3	14	4	14	4	
46:
27	0.163	1	9	2	10	2	12	2	13	3	14	5	14	8	15	10	17	11	18	12	18	12	17	12	16	12	14	12	11	13	7	15	4	17	2	18	0	18	-1	17	-1	15	0	12	1	9	3	7	6	4	8	2	9	1	9	1	9	
47:
23	0.096	8	16	8	15	8	13	7	11	5	9	3	7	1	4	0	1	0	-1	1	-2	3	-2	6	-1	10	1	13	2	15	4	16	7	17	11	17	14	16	16	14	17	11	17	9	16	8	16	8	16	
48:
26	0.028	17	2	16	1	15	0	13	0	10	1	7	3	4	6	2	10	1	13	1	16	1	18	2	19	4	19	7	18	10	16	13	14	16	13	18	13	19	14	19	14	18	13	16	11	15	8	15	5	16	3	17	2	17	2	
49:
24	0.054	10	5	11	4	13	2	15	1	16	1	16	1	15	1	13	1	10	0	7	0	5	1	4	3	4	6	5	9	6	12	8	14	11	15	13	15	14	14	14	13	14	11	13	8	11	6	10	5	10	5	
50:
23	0.127	15	8	14	9	12	11	9	13	6	16	4	18	1	19	-1	19	-2	18	-2	16	-2	13	-1	9	1	5	4	2	8	0	12	-1	15	-1	17	0	18	2	18	5	17	7	16	8	15	8	15	8	
51:
21	0.031	2	16	2	15	2	13	3	11	5	8	8	6	10	4	13	3	16	3	18	4	19	6	19	8	19	11	18	14	17	16	15	17	12	18	8	18	5	17	3	16	2	16	2	16	
52:
20	0.043	11	16	12	17	13	18	14	18	14	17	13	15	11	12	8	9	6	6	5	4	5	3	6	3	7	3	8	4	8	6	8	9	8	12	9	14	10	15	11	16	11	16	
53:
25	0.186	15	10	15	9	15	7	14	5	12	3	10	1	7	0	5	0	4	1	4	3	4	6	5	10	5	13	4	15	2	16	0	17	-1	17	-1	18	0	18	2	18	5	17	9	15	12	13	14	11	15	10	15	10	
54:
23	0.044	14	11	15	12	16	13	17	15	17	16	16	16	14	16	11	15	9	13	7	10	4	7	2	5	1	4	1	2	2	1	4	0	6	0	9	1	11	3	12	5	12	8	13	10	14	11	14	11	
55:
22	0.032	17	9	18	8	19	7	19	6	18	6	16	6	13	6	10	6	6	7	3	9	1	11	0	14	0	16	1	17	3	18	5	18	8	17	11	15	13	13	15	12	16	10	17	9	17	9	
56:
22	0.031	19	0	18	1	16	2	15	4	15	7	14	10	13	13	13	16	12	18	10	19	7	19	5	18	4	16	3	14	3	11	4	7	6	4	9	2	13	0	16	-1	18	-1	19	0	19	0	
57:
25	0.026	16	3	15	4	14	6	14	9	15	12	16	15	17	17	17	18	17	18	16	17	14	15	11	14	7	14	4	14	2	15	1	16	0	17	0	17	1	16	3	14	6	11	10	8	13	6	15	4	16	3	16	3	
58:
24	0.039	3	1	4	1	6	0	9	-1	13	-2	16	-2	18	-1	19	1	19	4	19	6	18	9	16	13	13	16	11	18	8	19	5	19	3	18	2	16	2	13	3	9	4	6	4	4	3	2	3	1	3	1	
59:
24	0.089	16	16	15	17	13	18	10	18	7	17	5	15	3	12	2	10	2	7	3	5	5	3	8	2	10	2	11	3	11	5	10	6	9	6	8	7	8	9	9	10	11	11	13	13	15	15	16	16	16	16	
60:
25	0.03	2	13	3	14	5	15	7	16	9	16	11	15	13	13	14	10	14	6	13	3	13	1	14	0	15	0	15	1	14	3	12	5	9	6	5	6	2	5	0	5	-1	6	-1	8	0	10	1	12	2	13	2	13	
61:
25	0.157	12	14	12	15	11	17	9	19	6	20	3	20	1	19	0	17	0	14	1	12	3	11	6	9	10	7	13	6	15	6	18	7	20	9	21	12	21	15	21	17	20	18	18	18	15	17	13	15	12	14	12	14	
62:
24	0.198	4	17	3	17	1	16	0	14	0	12	0	10	1	7	3	5	6	4	9	4	13	3	16	3	18	4	19	4	19	3	18	3	16	4	13	5	9	6	6	8	4	11	3	14	3	16	4	17	4	17	
63:
25	0.132	17	11	18	10	19	8	19	6	18	4	16	3	13	3	10	4	7	4	5	3	4	1	3	0	1	0	-1	1	-2	3	-2	6	-2	9	-1	12	1	14	4	15	7	15	11	14	14	12	16	11	17	11	17	11	
64:
22	0.139	13	18	14	17	15	15	15	13	15	10	14	8	12	6	9	5	6	5	3	6	1	8	0	9	0	9	1	9	3	9	5	10	8	11	11	12	13	14	14	16	14	17	13	18	13	18	
65:
29	0.156	14	12	14	13	13	15	11	17	8	18	6	18	3	17	1	15	0	12	-1	8	-1	4	0	1	2	-1	5	-2	8	-2	10	-1	12	1	13	4	13	6	12	8	10	9	8	9	7	9	7	9	8	10	10	12	12	13	13	13	14	12	14	12	
66:
22	0.049	6	16	5	17	3	17	2	16	2	14	2	12	3	9	5	6	8	4	12	2	15	1	17	1	18	2	18	3	17	3	15	4	12	5	10	7	9	10	7	13	6	15	6	16	6	16	
67:
23	0.115	4	2	5	1	7	0	9	0	11	1	13	3	16	5	18	7	19	10	19	12	18	15	16	17	14	18	12	18	11	17	11	15	12	12	12	8	11	5	9	3	7	2	5	2	4	2	4	2	
68:
28	0.052	2	4	3	5	5	7	6	10	8	13	10	15	11	17	11	20	10	22	8	23	6	23	4	22	3	20	3	17	4	13	6	10	9	8	12	7	14	7	15	7	15	8	14	8	12	7	9	6	7	6	5	5	3	4	2	4	2	4	
69:
24	0.088	0	3	1	4	2	6	3	8	3	11	3	14	4	16	6	17	9	17	13	17	16	16	18	14	19	11	20	8	20	5	19	3	18	1	16	0	13	0	9	-1	6	-1	3	0	1	2	0	3	0	3	
70:
24	0.033	11	13	10	13	9	14	9	16	10	18	10	19	9	20	7	20	4	19	2	17	1	14	1	10	2	7	4	5	6	4	9	2	12	1	14	1	15	2	15	4	14	7	12	10	11	12	11	13	11	13	
71:
23	0.109	6	13	5	13	4	12	4	10	5	8	6	5	6	3	5	1	5	0	6	0	7	1	9	3	12	4	15	4	17	4	18	5	18	7	17	8	15	8	12	9	9	10	7	12	6	13	6	13	
72:
30	0.102	3	9	3	10	2	12	2	14	3	17	5	19	7	20	9	20	12	20	14	20	15	19	15	17	14	15	12	14	10	14	9	14	9	14	10	13	12	11	15	9	17	6	18	3	18	1	17	0	15	0	12	1	9	3	6	6	4	8	3	9	3	9	
73:
25	0.051	3	13	2	14	1	15	0	16	0	17	1	17	3	17	6	16	10	15	13	15	15	16	16	18	18	19	20	19	22	18	23	16	23	14	22	11	20	9	17	8	13	8	9	9	6	11	4	12	3	13	3	13	
74:
22	0.509	19	19	18	19	16	18	13	18	9	18	6	17	4	15	2	12	1	8	0	5	0	3	1	1	2	0	4	0	7	1	11	3	14	6	16	9	18	13	19	16	19	18	19	19	19	19	
75:
24	0.087	15	4	16	3	17	2	18	2	19	3	20	4	20	6	19	9	17	11	14	12	10	12	7	13	4	13	2	12	1	12	1	12	2	13	4	13	7	12	10	10	12	9	14	7	15	5	15	4	15	4	
76:
23	0.025	16	17	17	16	19	15	20	13	20	10	19	8	17	6	14	5	12	3	10	2	8	1	5	1	3	2	1	4	0	5	0	7	1	9	3	11	6	14	10	16	13	17	15	17	16	17	16	17	
77:
21	0.123	15	11	15	10	15	9	14	8	12	8	10	9	9	11	7	12	5	13	4	15	4	16	5	16	7	17	10	19	13	20	15	20	16	19	17	17	17	14	16	12	15	11	15	11	
78:
23	0.081	6	6	5	5	4	3	4	2	5	2	7	3	10	5	13	6	15	6	16	7	16	7	15	8	13	10	12	13	12	15	12	16	11	16	10	15	9	13	8	10	7	8	6	7	6	6	6	6	
79:
23	0.135	6	16	7	16	9	15	10	13	10	10	9	7	7	5	5	4	3	4	2	5	2	7	3	9	5	10	8	10	11	10	13	11	14	13	14	15	13	17	11	18	9	18	7	17	6	16	6	16	
80:
23	0.073	12	19	13	18	14	18	16	18	17	17	18	16	18	14	17	12	15	11	14	9	13	6	12	3	12	1	12	0	11	0	10	1	10	3	11	6	12	9	12	13	11	16	11	18	12	19	12	19	
81:
19	0.017	4	5	5	4	7	3	10	3	12	4	15	6	17	9	18	12	19	15	19	17	18	18	16	18	13	17	11	15	8	12	6	10	5	8	4	6	4	5	4	5	
82:
28	0.097	8	17	7	16	5	14	4	12	4	9	3	6	3	4	4	3	5	3	5	4	4	6	3	9	3	12	3	14	4	16	6	17	9	17	13	17	16	16	18	14	19	12	19	11	18	11	16	11	13	12	11	14	9	16	8	17	8	17	
83:
20	0.07	18	7	19	7	19	8	18	10	16	11	13	12	10	12	7	11	4	9	2	7	1	4	1	2	2	1	4	1	6	2	9	4	12	5	15	5	17	6	18	7	18	7	
84:
24	0.031	12	16	11	15	10	13	8	11	5	10	3	9	1	9	0	8	0	6	1	3	3	1	6	0	10	0	14	0	17	1	19	1	20	2	20	4	20	6	19	9	17	11	15	13	13	15	12	16	12	16	
85:
22	0.042	6	8	5	9	5	10	4	11	3	11	3	11	4	12	6	14	8	15	11	15	13	14	14	12	14	9	13	6	11	4	8	3	6	2	5	2	4	3	4	5	5	7	6	8	6	8	
86:
25	0.087	14	16	15	16	17	16	18	15	18	13	17	10	15	6	12	3	8	1	5	0	3	0	2	1	2	3	3	6	3	10	3	14	3	17	2	19	2	20	3	20	5	19	8	17	11	16	13	16	14	16	14	16	
87:
23	0.042	1	8	2	7	4	5	7	3	10	1	12	0	13	0	14	1	14	3	13	5	11	8	9	10	8	12	8	15	8	17	9	18	10	18	10	17	9	15	7	12	4	10	2	9	1	8	1	8	
88:
19	0.045	10	10	11	11	13	13	14	14	14	14	13	13	11	13	8	12	6	12	3	12	1	12	0	12	0	13	1	13	3	12	5	10	7	9	9	9	10	10	10	10	
89:
25	0.066	15	9	14	10	13	10	11	9	8	7	5	5	3	3	2	1	2	0	3	0	4	1	6	3	8	6	9	9	9	13	9	16	10	18	12	19	15	19	17	18	18	16	18	13	17	11	16	10	15	9	15	9	
90:
27	0.154	15	10	16	9	17	7	18	5	18	2	17	0	15	-1	12	-2	9	-2	5	-2	2	-1	0	1	-1	4	-1	7	0	11	2	14	4	17	5	19	6	20	8	21	11	21	14	20	16	18	17	15	17	13	16	11	15	10	15	10	
91:
21	0.071	10	14	10	13	11	11	13	9	16	6	18	4	19	1	19	-1	18	-2	16	-2	13	-2	11	-1	9	0	8	1	8	2	9	3	9	5	8	8	8	11	9	13	10	14	10	14	
92:
20	0.017	18	9	19	8	19	6	18	3	16	1	13	0	10	0	7	1	4	3	2	5	1	8	1	10	2	11	3	12	5	13	8	13	12	12	15	10	17	9	18	9	18	9	
93:
23	0.151	0	10	1	11	3	12	5	13	8	14	11	14	14	13	16	11	17	8	17	5	16	3	16	2	16	2	15	3	14	5	14	8	13	11	11	13	9	14	6	14	3	13	1	11	0	10	0	10	
94:
22	0.043	8	19	9	19	11	19	12	18	12	16	12	13	11	10	9	8	7	6	6	3	6	1	7	0	7	0	6	1	4	3	3	6	2	9	2	13	3	16	5	18	7	19	8	19	8	19	
95:
23	0.142	5	16	4	15	2	14	1	12	1	9	2	6	4	3	7	1	11	0	14	0	16	0	17	0	17	0	16	1	14	3	13	6	13	10	13	13	12	15	10	16	8	16	6	16	5	16	5	16	
96:
24	0.146	11	1	12	2	13	4	13	6	12	7	10	9	7	11	5	12	3	13	2	14	2	14	1	13	1	11	2	8	2	6	1	5	0	4	0	3	1	1	3	0	6	0	8	0	10	1	11	1	11	1	
97:
24	0.021	15	9	14	8	12	8	10	9	9	10	9	11	10	12	10	14	9	16	7	17	4	17	2	16	1	14	1	11	2	8	4	5	7	3	11	2	14	2	16	3	17	4	17	6	16	8	15	9	15	9	
98:
22	0.107	17	3	16	2	14	0	12	-1	10	-1	9	0	9	2	9	5	8	9	7	13	6	16	6	18	7	19	9	19	10	18	12	16	15	14	17	12	18	9	18	6	17	4	17	3	17	3	
99:
24	0.085	15	15	15	16	14	18	12	19	10	19	8	18	5	16	3	15	2	15	2	14	2	12	3	9	5	7	8	4	10	2	13	1	15	1	16	2	16	4	15	6	14	9	14	12	14	14	15	15	15	15	