0:
71	130.139	49	174	49	173	48	171	48	168	49	164	51	159	53	154	55	148	58	141	61	134	65	126	70	119	76	113	82	108	89	104	97	101	106	99	114	98	123	98	133	99	143	101	152	103	160	106	167	110	173	114	178	117	182	119	185	120	187	120	188	119	188	117	187	114	185	110	183	105	180	100	176	94	171	87	165	79	158	70	150	62	141	55	131	49	120	44	108	40	97	37	87	35	78	34	70	34	63	35	57	37	52	40	48	44	45	49	43	55	42	62	42	70	43	79	45	89	48	100	51	111	55	121	58	130	60	138	61	146	61	153	60	159	58	164	55	168	52	171	50	173	49	174	49	174	
1:
58	2.032	15	34	16	35	18	37	21	40	25	44	30	48	36	53	43	57	51	60	60	62	70	63	81	64	92	66	102	69	111	72	119	76	126	81	132	87	137	93	141	100	144	108	146	117	148	127	149	137	149	146	148	154	146	161	143	167	139	172	134	176	128	179	121	181	113	182	104	182	95	181	87	179	78	176	70	172	62	168	55	163	49	157	42	150	34	142	27	133	21	123	16	112	12	100	9	89	6	79	4	70	3	62	3	55	4	49	6	44	9	40	12	37	14	35	15	34	15	34	
2:
79	105.812	187	62	188	61	190	59	193	56	195	52	196	47	196	41	195	34	193	27	190	21	186	15	181	10	175	6	168	3	160	1	151	0	141	0	130	1	118	3	105	6	92	10	80	15	69	21	59	27	50	34	41	41	33	49	26	58	20	68	15	79	11	91	8	103	6	115	5	126	5	136	6	145	8	154	11	163	15	171	20	178	26	185	33	192	41	198	50	203	60	207	71	210	83	212	95	213	106	213	116	212	125	210	133	207	140	203	146	199	151	194	155	188	158	181	160	173	161	164	161	154	160	143	158	132	155	122	152	111	150	101	149	92	149	84	150	77	152	71	154	66	157	62	161	59	166	57	172	56	177	56	181	57	184	59	186	61	187	62	187	62	
3:
63	2.345	46	167	46	166	47	164	48	161	50	157	52	152	54	146	56	139	58	131	60	122	63	113	67	104	72	94	77	83	81	72	84	62	86	52	87	43	87	35	86	28	84	21	83	15	82	10	82	6	83	3	85	1	88	0	92	0	97	1	103	3	110	6	117	9	125	13	132	18	138	24	144	29	149	33	153	38	156	44	158	50	159	57	159	65	158	74	156	83	153	91	149	98	144	104	138	109	131	115	124	122	116	128	107	133	98	138	89	143	81	147	74	150	67	154	61	158	56	161	52	164	49	166	47	167	46	167	46	167	
4:
69	12.172	47	11	46	10	44	8	41	5	37	3	32	1	26	0	20	0	15	1	11	3	8	6	6	10	5	15	5	21	6	28	8	36	11	45	15	55	20	66	26	78	33	91	40	105	48	118	57	130	67	141	77	151	86	160	94	168	102	175	111	181	120	187	130	192	141	196	151	199	160	201	168	202	175	202	181	201	186	199	190	196	193	192	196	187	198	181	199	174	199	166	198	157	196	148	193	138	189	127	184	115	178	104	171	93	163	83	154	74	145	66	135	59	124	53	113	47	102	41	92	36	83	31	75	26	68	22	62	19	57	16	53	14	50	12	48	11	47	11	47	11	
5:
65	41.15	66	19	66	20	65	22	63	25	60	29	57	34	53	40	48	46	42	52	35	59	29	67	24	76	20	86	16	97	13	109	10	120	8	130	7	139	7	147	8	154	10	160	13	165	17	169	21	172	25	174	30	175	36	175	41	174	47	172	54	171	62	171	71	172	80	174	90	177	100	179	109	182	117	185	124	187	130	188	135	188	139	187	142	185	144	182	145	178	145	173	144	167	142	160	140	152	137	143	133	133	128	122	122	110	115	97	107	85	100	74	93	64	87	55	82	47	78	40	75	34	72	29	69	25	67	22	66	20	66	19	66	19	
6:
66	82.941	70	150	71	151	73	153	76	156	80	159	85	161	91	162	98	162	106	161	114	159	123	156	133	152	143	147	152	141	160	134	167	126	173	117	178	107	182	96	185	86	187	77	188	69	188	62	187	56	185	50	182	45	178	41	173	38	167	36	160	35	152	35	143	36	133	38	122	41	111	45	101	50	91	56	82	63	73	71	65	80	57	90	50	101	44	113	39	124	35	134	32	143	30	151	29	158	29	164	30	169	32	173	35	176	39	178	44	179	50	180	56	180	61	179	65	177	68	174	70	170	71	165	71	160	70	156	69	153	69	151	70	150	70	150	
7:
84	22.273	16	171	17	170	19	168	22	165	26	161	31	156	37	150	44	143	52	135	61	127	71	120	81	114	92	109	102	104	111	100	119	97	126	95	132	94	137	94	141	93	144	93	146	94	147	96	147	99	146	103	144	108	141	113	139	119	138	125	138	131	139	136	141	140	144	143	148	145	153	146	159	146	166	145	174	143	181	140	187	136	192	131	196	125	199	118	201	110	202	101	202	91	201	80	200	70	198	60	195	51	191	43	186	36	180	30	173	25	165	21	156	18	146	16	135	15	123	15	110	16	97	17	85	19	74	22	64	26	55	31	47	37	40	44	34	52	29	61	25	71	22	82	20	94	19	105	19	116	20	126	22	135	24	143	25	150	25	156	24	161	22	165	19	168	17	170	16	171	16	171	
8:
79	80.66	83	114	82	113	80	112	77	112	73	112	68	113	62	113	55	112	48	110	42	107	36	103	31	98	27	92	24	86	22	79	21	71	21	62	22	52	24	42	27	32	31	23	36	15	42	8	49	2	57	-3	66	-7	76	-10	87	-12	98	-13	109	-13	119	-12	128	-10	136	-7	143	-3	149	2	154	8	158	15	161	23	163	31	164	39	164	48	163	58	161	69	158	80	155	90	151	99	146	107	140	114	133	121	125	129	116	138	108	148	101	157	95	165	90	172	86	178	83	183	81	187	80	190	80	192	79	193	77	193	75	192	74	190	74	187	75	183	77	178	80	172	84	165	87	157	89	149	90	142	90	135	89	129	88	124	86	120	84	117	83	115	83	114	83	114	
9:
71	14.515	73	192	74	191	74	189	75	186	77	182	80	177	84	171	88	165	93	160	99	155	106	151	114	148	123	145	133	141	142	137	150	132	157	127	163	121	168	114	172	106	175	97	177	89	178	80	178	70	177	60	175	51	172	43	168	36	163	30	157	25	150	21	142	18	133	16	123	15	112	15	100	16	89	18	78	21	68	25	59	30	50	36	41	43	32	51	24	60	17	70	11	81	6	93	2	106	-1	119	-3	131	-5	143	-6	154	-6	164	-6	173	-5	181	-3	188	0	194	4	199	9	203	15	206	22	208	30	209	38	209	45	208	52	206	58	203	63	201	67	198	70	195	72	193	73	192	73	192	
10:
75	76.687	148	6	149	7	149	9	150	12	152	16	154	21	157	27	160	34	164	42	167	51	169	61	170	72	170	84	169	96	169	107	170	117	170	126	170	134	171	141	173	147	174	152	174	156	173	159	171	161	169	162	166	162	162	161	157	159	151	156	145	152	138	147	130	141	121	134	113	126	106	117	98	107	89	96	79	84	68	73	58	63	48	54	39	46	31	39	24	33	18	28	13	24	9	21	6	19	4	18	3	18	3	19	4	21	6	24	9	28	13	33	17	39	22	44	28	48	35	51	43	53	52	54	62	54	73	53	84	51	94	48	103	44	112	39	120	33	127	27	133	21	138	16	142	12	145	9	147	7	148	6	148	6	
11:
79	57.435	198	181	198	180	197	178	195	175	192	171	189	166	186	160	184	153	183	145	183	136	184	126	186	115	188	105	189	96	189	87	188	79	186	72	183	66	179	61	174	57	168	54	161	52	153	51	146	50	140	48	135	45	131	42	128	38	126	33	125	28	125	24	124	19	123	15	121	12	118	10	114	9	110	9	105	10	99	12	92	15	84	19	75	24	65	30	56	37	48	45	41	54	35	64	30	75	26	87	23	100	21	114	20	128	20	141	21	153	23	164	26	174	30	183	35	191	41	198	48	204	56	209	65	213	74	216	84	218	95	220	107	221	120	221	132	220	143	218	153	215	162	211	170	207	177	202	183	196	188	191	192	187	195	184	197	182	198	181	198	181	
12:
80	273.739	16	0	17	-1	19	-2	22	-4	26	-7	31	-10	37	-12	44	-13	52	-15	61	-16	70	-16	78	-17	85	-18	92	-18	99	-17	105	-16	110	-14	114	-11	117	-7	119	-2	120	2	120	7	119	13	117	19	114	26	110	34	105	41	99	47	94	54	90	60	87	67	85	75	84	84	84	94	85	105	87	117	89	128	92	139	96	149	101	158	107	166	114	173	122	179	131	184	140	188	149	192	157	195	164	197	170	198	175	198	179	197	182	195	184	192	185	188	185	183	184	177	182	170	179	162	175	153	170	143	164	133	157	122	149	110	140	99	130	89	119	80	107	72	94	65	82	59	71	52	61	44	52	36	44	28	37	21	31	15	26	10	22	6	19	3	17	1	16	0	16	0	
13:
75	30.762	150	157	150	156	150	154	151	151	153	147	155	142	158	136	162	129	167	121	171	112	174	102	176	91	178	79	179	67	179	56	178	46	177	37	175	29	172	22	168	16	163	11	157	7	151	4	145	2	139	1	133	0	128	0	124	1	121	3	119	6	118	10	118	15	119	21	120	28	120	36	119	45	117	55	114	65	110	76	106	88	101	101	95	113	88	124	80	134	71	143	63	152	56	160	50	167	45	173	41	178	38	182	36	186	35	190	35	193	36	195	38	196	41	196	45	195	50	193	56	190	63	187	71	185	79	182	88	178	98	173	107	168	115	164	122	160	129	157	135	155	140	154	144	154	147	155	149	156	150	157	150	157	
14:
72	139.965	119	194	120	195	122	196	125	197	129	198	134	198	140	197	147	195	155	194	163	194	171	193	178	191	184	189	189	186	193	182	196	177	198	171	199	165	199	158	198	150	196	141	193	131	189	120	184	108	178	97	171	87	163	78	154	70	144	63	133	56	121	50	108	45	96	41	85	38	75	36	65	35	56	35	48	36	41	38	35	41	29	45	24	50	20	56	17	62	13	68	10	73	6	79	3	86	1	94	0	101	0	109	1	118	3	128	6	137	10	146	15	155	21	163	28	171	36	178	45	184	55	189	64	193	74	197	83	200	91	202	98	203	104	203	109	202	113	200	116	197	118	195	119	194	119	194	
15:
65	10.954	91	32	92	33	94	35	96	38	98	42	99	47	99	52	98	58	96	65	93	73	89	81	84	88	78	94	71	99	65	103	60	106	56	108	53	109	51	109	50	108	50	107	51	107	53	108	56	110	60	113	65	117	71	122	78	128	86	133	95	139	104	144	114	150	124	155	134	159	143	162	152	164	160	165	167	165	173	164	178	162	182	160	185	157	187	153	188	148	188	142	187	137	185	133	182	128	178	122	173	117	167	112	160	107	152	101	143	94	135	86	128	77	122	68	116	60	110	53	105	47	101	42	97	38	94	35	92	33	91	32	91	32	
16:
70	72.92	141	167	142	168	144	170	146	172	149	175	151	178	152	182	152	185	151	187	149	188	146	188	142	187	138	185	133	182	128	178	122	175	116	173	110	172	103	171	95	171	86	172	76	173	65	174	54	174	43	174	33	173	24	171	16	168	9	164	3	159	-2	153	-6	146	-9	138	-11	129	-12	119	-12	108	-11	97	-9	87	-6	78	-2	70	3	63	9	57	15	52	22	48	30	45	39	43	49	42	60	42	72	43	83	45	93	48	103	52	112	57	120	63	127	70	133	78	138	87	143	97	147	108	150	118	152	127	153	135	153	142	152	148	150	153	147	157	144	161	142	164	141	166	141	167	141	167	
17:
86	59.353	161	62	162	63	164	65	167	68	170	72	174	77	178	83	181	90	185	98	190	107	195	116	199	124	202	131	204	137	205	142	205	146	204	149	202	151	199	152	195	152	190	151	184	149	177	146	169	142	160	137	150	133	140	130	131	128	121	127	110	127	100	128	90	130	81	133	73	137	66	142	60	148	55	155	50	161	46	166	42	170	37	173	31	175	24	176	16	176	8	175	-1	173	-9	170	-16	166	-22	161	-27	155	-32	148	-37	140	-41	131	-44	121	-46	110	-47	98	-47	87	-46	75	-44	64	-41	53	-37	43	-32	34	-26	26	-19	19	-11	13	-2	8	8	4	17	1	26	-1	36	-2	47	-2	58	-1	70	1	83	4	95	8	106	13	116	19	125	26	133	34	140	41	146	47	151	52	155	56	158	59	160	61	161	62	161	62	
18:
84	15.865	176	149	175	148	173	146	170	143	166	139	161	134	155	128	148	123	140	119	131	116	123	114	115	112	107	111	100	111	94	112	89	114	85	117	82	121	80	126	79	132	79	139	80	146	81	154	83	163	86	171	88	178	89	185	89	191	88	196	86	200	83	203	79	205	74	206	69	206	63	205	56	203	48	200	41	197	35	193	30	188	25	182	21	175	18	167	16	158	15	148	15	137	16	125	18	112	21	100	25	88	30	77	36	67	43	58	51	50	59	43	68	37	78	32	89	28	101	25	114	23	126	22	137	22	147	23	157	25	166	28	174	32	181	37	187	43	192	50	196	57	199	65	201	74	202	84	202	94	201	104	199	113	196	121	192	128	187	134	183	139	180	143	178	146	177	148	176	149	176	149	
19:
72	56.193	103	145	102	145	100	145	97	144	93	142	88	139	82	135	75	130	67	124	60	117	52	109	44	100	37	92	31	85	26	79	21	74	17	70	14	67	12	65	11	64	11	64	12	65	14	67	17	70	21	74	25	79	30	83	36	86	43	88	51	89	60	89	70	88	80	86	90	83	99	79	107	74	114	68	121	61	129	53	136	44	142	36	147	29	151	23	154	18	156	14	157	11	158	9	158	8	157	8	155	9	152	11	148	14	145	18	141	23	137	29	133	36	129	44	126	53	123	63	120	74	118	84	117	94	115	103	114	111	112	118	111	124	109	130	107	135	106	139	104	142	103	144	103	145	103	145	
20:
65	8.666	54	187	53	186	51	184	48	181	44	177	39	172	34	166	30	159	27	151	25	142	24	132	24	123	25	115	27	108	30	101	34	95	38	89	43	84	49	80	56	77	64	74	73	72	83	71	93	71	104	72	114	74	123	77	131	81	138	86	144	92	149	98	153	104	156	109	158	113	159	116	159	118	158	119	156	119	153	118	149	116	144	113	138	109	131	106	123	104	114	103	105	102	97	102	89	103	81	105	73	108	66	112	60	117	55	123	51	130	48	137	46	144	45	152	45	159	46	166	48	172	49	177	50	181	51	184	53	186	54	187	54	187	
21:
77	88.103	196	78	195	79	195	81	194	84	194	88	194	93	194	99	193	106	191	114	190	123	188	133	185	144	181	154	176	163	170	171	163	178	157	184	151	189	146	193	140	196	133	198	127	199	122	199	118	198	114	196	109	193	105	189	102	184	100	178	97	171	94	163	92	154	90	145	88	135	85	125	81	115	76	106	70	96	63	87	55	79	46	72	38	66	31	61	25	57	20	54	16	52	13	50	11	47	10	43	10	39	11	36	13	33	16	31	20	30	25	30	31	31	38	33	46	36	55	38	65	39	75	41	86	43	98	46	111	50	123	54	134	58	144	61	153	63	161	65	168	66	175	66	181	67	186	69	190	72	193	75	195	77	196	78	196	78	
22:
70	8.973	193	11	192	12	190	14	188	17	185	21	181	26	178	32	176	39	175	47	174	56	174	66	175	77	176	89	178	100	181	110	185	119	188	129	190	139	191	149	191	158	190	166	188	173	185	179	181	184	176	188	170	191	165	193	159	194	152	194	145	193	139	191	134	188	129	184	124	179	120	173	115	166	109	158	103	149	98	139	92	128	85	116	79	103	74	90	70	78	67	66	65	55	64	45	64	36	65	28	67	20	70	13	74	7	79	2	85	-2	92	-5	100	-7	109	-8	119	-8	128	-7	138	-5	148	-2	157	0	165	1	172	2	178	3	183	5	187	7	190	8	192	10	193	11	193	11	
23:
58	5.413	28	154	27	153	27	151	28	148	30	144	33	139	37	133	42	127	48	121	55	116	63	112	72	109	82	106	93	102	105	97	116	91	126	84	135	76	144	69	153	62	161	56	168	51	174	47	179	44	183	42	186	41	188	41	189	42	190	44	190	47	190	51	189	56	187	62	184	69	180	77	176	86	173	96	169	107	164	117	158	126	151	134	144	141	136	147	127	152	117	156	106	159	94	161	83	162	73	162	64	161	56	161	49	161	43	160	38	160	34	159	31	157	29	155	28	154	28	154	
24:
72	18.693	67	120	66	120	64	120	62	119	59	117	56	114	54	110	53	105	53	101	52	96	50	92	48	89	45	85	41	81	36	78	31	75	26	71	22	66	19	60	17	53	16	45	16	36	17	28	19	21	22	15	26	10	31	6	37	2	44	-1	52	-3	61	-4	71	-4	82	-3	94	-1	107	2	120	5	132	8	143	11	153	15	162	20	170	26	177	33	183	41	188	50	192	60	195	71	197	83	198	94	198	104	197	114	195	123	193	131	190	138	186	144	181	149	175	153	168	156	160	158	151	159	141	159	131	158	122	156	112	153	103	150	95	146	88	141	82	135	77	130	73	126	70	123	68	121	67	120	67	120	
25:
65	12.167	114	160	114	159	114	157	113	155	111	152	108	148	105	143	102	137	100	130	99	122	99	113	99	103	98	92	98	81	97	71	97	62	96	54	95	47	93	41	90	36	86	32	81	29	75	27	68	26	62	26	55	27	48	29	42	32	37	36	33	41	30	47	28	54	27	62	27	71	28	81	29	92	31	104	32	117	34	129	35	141	35	152	34	162	32	171	30	179	28	186	27	192	27	197	28	201	30	204	33	206	37	207	42	207	48	206	55	204	63	201	72	197	80	192	87	187	93	181	99	175	104	170	108	166	111	163	113	161	114	160	114	160	
26:
67	107.91	131	151	132	150	134	148	136	145	139	141	141	136	144	130	147	124	149	117	150	110	150	103	150	95	149	86	147	77	144	69	140	62	135	56	129	51	122	46	114	42	105	39	96	37	87	35	77	34	66	33	56	33	47	34	38	35	30	37	23	40	17	44	12	49	8	55	5	62	3	70	2	79	2	89	3	100	5	110	8	121	10	131	11	140	11	148	10	157	10	165	10	172	11	178	13	183	16	187	20	190	25	192	31	193	38	193	46	192	55	191	65	189	76	186	86	183	95	179	103	174	110	169	116	164	121	160	125	157	128	154	130	152	131	151	131	151	
27:
85	100.796	148	64	149	65	151	67	154	70	157	74	160	79	162	85	163	92	163	100	162	109	160	119	157	130	153	141	148	152	142	162	135	171	127	179	118	186	108	192	97	197	85	201	72	204	60	206	49	207	38	207	28	206	19	204	11	201	4	197	-2	192	-8	186	-13	179	-17	171	-20	162	-22	152	-24	141	-25	129	-25	117	-24	106	-22	94	-19	83	-15	73	-10	64	-6	56	-3	49	1	43	6	38	10	34	13	31	15	29	16	28	17	28	17	29	16	31	16	34	16	38	17	43	19	49	21	56	22	64	22	73	23	82	23	90	24	97	26	103	29	108	33	112	38	115	44	117	51	118	59	118	68	117	78	115	89	112	99	108	108	103	116	97	123	91	129	85	134	79	138	74	142	70	145	67	147	65	148	64	148	64	
28:
66	32.929	38	40	37	41	35	43	32	45	29	48	25	52	22	57	20	63	18	70	17	78	17	87	18	97	20	106	23	115	27	123	32	130	38	136	45	143	53	149	62	154	72	158	83	162	95	165	106	167	117	168	127	168	136	167	144	165	151	162	157	158	162	153	166	147	169	140	171	132	172	123	173	113	173	103	174	93	176	84	179	75	181	67	182	60	182	52	181	45	179	39	176	34	172	30	167	27	161	25	154	24	146	24	137	25	127	27	116	30	104	34	93	39	83	43	74	46	66	48	59	49	53	49	48	48	44	46	41	43	39	41	38	40	38	40	
29:
69	63.429	186	159	186	158	186	156	185	153	183	149	180	144	178	138	175	131	171	123	166	114	161	104	157	95	153	86	150	78	148	71	145	65	141	60	136	56	130	53	123	51	115	50	106	50	96	51	85	53	73	56	62	60	52	65	43	70	35	74	27	78	20	83	14	88	9	94	5	100	2	106	0	111	-1	115	-1	118	0	120	2	121	5	121	9	120	14	118	19	115	25	112	30	108	36	103	43	99	51	95	60	92	69	90	77	89	84	89	92	90	101	92	110	95	120	99	129	104	137	110	144	117	152	125	159	132	165	138	171	144	176	149	180	153	183	156	185	158	186	159	186	159	
30:
78	28.696	23	165	24	164	26	162	28	159	31	155	35	150	40	145	45	140	51	136	58	133	66	131	75	130	85	130	96	131	108	133	120	136	131	140	142	145	152	151	161	156	169	160	176	165	182	169	187	172	191	174	194	175	196	175	197	174	197	172	196	169	194	165	191	160	187	154	182	147	176	139	171	130	166	120	161	109	157	97	154	84	152	72	151	61	151	51	152	42	153	34	153	27	154	21	154	16	153	12	151	9	148	7	144	6	139	6	133	7	126	9	119	12	112	16	106	20	101	25	96	31	92	38	89	46	86	55	82	65	77	76	73	87	69	99	65	110	60	120	54	129	49	137	44	144	38	150	33	155	29	159	26	162	24	164	23	165	23	165	
31:
76	183.081	183	125	182	124	180	123	177	123	173	123	168	123	162	124	155	126	147	129	138	133	128	138	117	144	105	151	93	157	81	162	70	166	58	170	47	173	37	176	28	178	20	179	13	179	7	178	2	176	-2	173	-5	169	-7	164	-8	158	-8	151	-8	143	-7	134	-5	124	-2	113	2	102	7	91	13	80	20	70	28	61	36	53	45	46	54	40	62	35	69	31	75	28	80	26	84	25	87	25	89	26	90	28	90	31	89	33	87	36	84	40	82	45	81	51	81	58	82	66	84	73	87	80	91	86	96	91	102	95	109	98	117	100	126	101	135	101	144	102	152	104	159	107	165	109	170	112	174	115	177	119	180	122	182	124	183	125	183	125	
32:
65	23.466	57	136	56	137	54	139	51	142	47	146	42	150	37	154	33	159	30	164	28	170	27	175	27	180	28	184	30	187	33	189	37	190	42	190	47	189	53	188	60	187	67	185	73	182	78	178	82	174	85	169	87	163	88	156	88	148	88	139	87	129	85	118	82	106	78	94	73	83	67	73	62	64	57	56	53	49	48	43	42	38	37	34	33	31	30	29	28	28	26	28	25	29	25	31	26	34	26	38	26	43	27	49	29	56	32	64	36	72	41	81	46	91	51	100	55	108	58	115	60	121	61	126	61	130	60	133	58	135	57	136	57	136	
33:
77	6.78	192	81	191	82	189	83	186	85	182	88	177	91	171	93	164	94	156	95	147	95	137	94	127	92	118	89	110	85	103	80	97	74	91	67	86	59	82	50	77	42	71	35	64	29	58	24	51	20	43	17	34	15	26	14	18	14	11	15	5	17	0	20	-4	24	-7	29	-9	35	-10	42	-11	50	-11	58	-10	67	-8	77	-5	88	-1	100	4	111	9	123	15	134	22	144	30	154	39	163	47	171	54	178	60	184	65	189	69	193	74	196	79	198	85	199	92	199	100	198	108	196	115	193	121	189	126	184	131	178	136	171	142	163	149	154	157	145	164	135	170	126	175	117	179	109	182	102	185	96	187	91	188	87	189	84	191	82	192	81	192	81	
34:
74	49.836	80	136	79	137	77	138	74	140	70	143	65	146	59	148	52	149	44	149	37	148	30	146	24	143	19	139	15	134	12	128	10	121	9	113	9	104	10	94	12	84	15	74	18	64	22	54	27	45	33	37	40	30	46	23	52	17	59	12	65	8	70	5	74	3	77	2	79	2	80	3	81	5	81	8	80	12	78	17	75	23	71	30	68	37	66	45	65	54	65	64	66	75	68	86	71	96	75	106	80	115	86	124	93	132	101	139	108	145	114	150	119	154	123	157	126	159	128	160	129	160	129	159	128	159	126	160	123	161	119	161	114	160	108	158	101	155	95	151	90	146	86	142	83	139	81	137	80	136	80	136	
35:
63	52.73	9	149	8	148	7	146	7	143	8	139	8	134	9	128	9	121	10	113	11	104	13	94	16	83	20	71	25	60	31	50	38	41	45	33	53	26	62	20	72	15	83	11	95	8	107	6	119	5	130	5	140	6	149	8	157	11	164	15	170	20	175	26	179	33	182	41	184	49	185	58	185	67	184	75	182	82	179	88	175	93	170	97	164	100	157	102	149	105	140	108	130	112	119	117	107	121	94	126	82	132	71	138	61	143	52	148	44	152	37	155	30	157	24	158	19	158	15	157	12	155	10	152	9	150	9	149	9	149	
36:
86	279.249	101	172	100	173	100	175	101	178	102	182	104	187	107	192	111	197	116	201	121	204	126	206	132	207	139	207	147	206	155	204	163	201	170	197	176	192	181	186	185	179	188	171	190	162	191	152	191	142	190	132	188	123	185	114	181	106	176	99	170	93	163	87	155	82	146	78	137	75	128	73	120	70	113	67	107	63	102	58	98	52	95	46	93	39	92	33	92	28	93	24	94	21	94	19	93	18	91	18	88	19	84	21	79	24	73	28	66	33	58	39	49	46	41	54	34	63	27	73	21	84	16	96	12	108	9	119	7	129	5	138	4	148	4	157	5	165	7	172	10	178	14	183	19	187	25	191	32	194	39	196	47	197	56	197	65	196	73	194	80	191	86	187	91	182	95	178	98	175	100	173	101	172	101	172	
37:
62	10.899	155	15	156	16	158	17	159	19	161	22	162	26	162	31	162	37	162	44	161	51	159	57	157	62	156	66	156	71	157	76	159	82	161	88	162	93	162	99	161	106	159	112	156	117	152	121	147	124	141	126	134	127	126	127	117	126	107	124	96	121	86	118	77	115	69	112	62	109	56	105	51	100	47	94	44	87	42	79	41	70	41	60	42	50	44	41	47	32	51	24	56	17	62	11	69	6	77	2	85	-1	94	-3	102	-4	111	-4	119	-4	127	-3	134	-1	140	2	145	5	149	9	152	12	154	14	155	15	155	15	
38:
62	1.345	87	148	86	147	84	145	81	142	77	138	72	133	66	127	60	120	55	113	51	105	48	96	46	86	45	77	45	67	46	56	48	46	51	37	55	29	60	22	66	16	73	11	81	7	89	4	98	2	108	1	117	1	126	2	135	4	143	7	150	11	156	16	161	22	166	29	170	37	175	45	179	54	182	64	184	74	185	85	186	97	186	108	186	118	185	127	183	135	180	142	176	148	171	154	165	159	159	163	152	166	146	168	139	169	131	169	123	168	115	166	108	163	102	159	97	155	93	152	90	150	88	149	87	148	87	148	
39:
70	37.461	177	116	177	117	178	119	180	122	181	126	181	131	180	137	178	144	175	151	171	157	166	162	160	166	154	169	148	171	143	172	138	172	132	171	126	169	119	166	111	164	102	163	92	163	82	164	71	164	61	165	52	166	44	166	37	165	30	163	24	160	19	158	15	156	12	153	10	149	9	144	9	138	10	132	12	127	15	121	19	114	23	106	27	97	30	88	32	79	33	71	33	64	34	58	35	53	37	49	40	46	44	44	49	43	55	43	62	44	70	45	79	47	89	50	100	54	111	59	122	65	132	72	141	80	149	88	156	95	162	101	167	106	171	110	174	113	176	115	177	116	177	116	
40:
73	9.957	171	141	170	140	168	139	165	138	161	138	156	139	150	140	143	141	135	141	126	142	116	144	105	147	93	151	80	155	68	160	57	165	47	169	38	172	30	174	23	175	17	175	12	175	8	174	5	172	3	169	2	165	2	160	3	155	5	149	8	143	12	137	17	130	23	122	30	113	38	103	47	92	57	80	68	69	79	58	89	48	100	39	111	31	121	24	130	18	138	13	145	9	151	6	156	4	160	3	163	3	165	4	166	6	166	9	165	13	163	18	160	24	156	31	153	38	150	46	147	55	145	65	144	75	144	86	145	96	147	105	149	113	152	120	156	126	161	131	165	135	168	138	170	140	171	141	171	141	
41:
67	10.642	143	142	143	143	142	145	140	148	137	152	135	157	132	163	128	170	123	176	117	181	110	185	102	189	93	192	83	194	73	196	63	197	53	197	44	196	36	194	29	191	23	187	18	182	14	176	11	170	9	163	8	155	7	146	5	136	2	125	-2	113	-5	100	-7	88	-9	77	-10	67	-10	58	-9	50	-7	42	-4	35	0	29	5	24	11	20	18	17	26	15	35	14	44	14	54	15	65	17	76	20	88	24	99	29	109	35	118	42	126	50	133	59	139	68	144	78	148	87	151	97	153	106	154	114	154	121	153	127	151	132	148	136	146	139	144	141	143	142	143	142	
42:
54	56.69	181	172	180	172	178	171	175	169	171	166	166	162	160	157	153	152	145	148	136	145	126	143	115	141	103	140	90	140	78	140	67	141	57	143	48	146	40	149	32	151	25	153	19	156	14	158	10	160	7	161	5	161	4	160	4	158	5	155	7	151	10	146	14	140	19	135	25	130	32	126	40	122	49	119	59	117	70	116	82	116	95	117	107	119	118	122	128	126	137	131	145	137	153	144	160	151	166	157	171	162	175	166	178	169	180	171	181	172	181	172	
43:
67	11.98	2	38	3	38	5	39	8	41	12	44	17	48	23	53	30	59	37	65	43	72	48	80	52	89	55	99	57	110	58	122	59	133	61	143	64	152	68	161	73	170	79	178	86	185	94	191	103	196	113	200	124	203	135	205	145	206	154	206	162	205	169	203	175	200	181	196	186	191	190	185	193	178	195	170	197	161	198	151	198	140	197	130	195	121	192	113	188	106	183	100	177	95	170	91	162	88	153	86	143	85	132	85	120	84	107	84	93	83	80	81	68	78	57	74	47	69	38	63	30	58	23	53	17	49	12	46	8	44	5	41	3	39	2	38	2	38	
44:
75	2.566	108	9	109	10	111	12	114	15	118	18	123	22	127	25	131	29	134	34	136	40	137	46	137	53	136	61	134	69	132	77	130	86	129	96	129	105	130	114	132	122	135	129	139	135	144	140	150	144	157	147	163	149	168	151	172	154	175	158	177	163	178	169	178	176	177	184	175	191	172	197	168	202	163	206	157	209	150	211	142	212	133	212	123	211	112	209	100	206	88	202	77	197	67	192	58	188	50	184	43	180	37	177	32	173	28	168	25	162	23	155	22	147	22	138	23	128	25	118	28	109	32	99	37	88	43	77	50	67	58	58	67	50	75	42	82	35	88	29	93	24	98	19	102	15	105	12	107	10	108	9	108	9	
45:
89	69.695	76	152	75	151	73	150	70	150	66	150	61	149	55	149	48	148	40	146	33	143	27	139	21	134	16	128	12	121	9	113	7	104	6	94	6	83	7	73	9	64	12	56	16	49	21	42	27	36	34	31	42	27	51	24	61	22	71	20	82	19	92	18	101	18	109	18	116	18	122	19	127	21	131	24	134	28	136	33	137	39	137	46	136	52	134	57	131	61	127	65	124	70	122	74	121	78	121	83	122	89	124	96	127	104	131	113	136	122	142	132	148	141	155	149	163	156	171	162	178	167	184	171	189	174	193	176	196	179	198	183	199	187	199	192	198	197	196	202	193	206	189	209	184	211	178	212	172	212	165	211	157	209	148	206	138	202	128	197	119	191	111	184	104	177	97	171	91	166	86	162	82	158	79	155	77	153	76	152	76	152	
46:
83	20.783	139	85	139	84	139	82	138	79	136	75	135	70	133	64	130	57	126	50	121	43	116	37	112	32	109	28	107	25	106	23	106	22	106	22	107	23	108	25	109	28	109	32	108	37	107	43	106	50	104	58	101	65	97	71	92	76	86	80	79	83	71	85	62	86	52	86	43	85	35	83	28	80	21	77	15	75	8	74	2	74	-3	75	-8	77	-12	80	-15	84	-17	89	-18	95	-18	102	-17	110	-15	119	-12	128	-8	138	-3	148	3	157	9	165	16	172	24	178	33	183	43	187	54	190	65	192	77	194	89	195	100	195	110	194	119	192	127	189	134	185	140	180	145	174	149	167	152	159	154	150	155	140	155	130	154	121	152	113	149	106	145	100	142	95	140	91	139	88	139	86	139	85	139	85	
47:
70	137.176	157	44	157	45	156	47	154	50	151	54	147	59	144	65	141	72	139	80	138	89	138	99	139	110	141	122	143	135	145	147	147	158	148	168	148	177	148	185	148	192	147	198	145	203	142	207	138	210	133	212	127	213	120	213	112	212	103	210	93	207	83	203	72	198	60	192	49	185	39	177	30	168	22	160	15	151	9	141	4	130	0	118	-3	107	-5	97	-6	88	-6	80	-5	73	-3	67	0	62	4	58	9	55	15	53	22	52	29	52	37	53	46	55	56	58	67	61	79	64	91	66	102	67	112	67	121	66	129	64	136	61	142	58	147	54	151	50	154	47	156	45	157	44	157	44	
48:
75	17.187	92	122	93	123	95	125	96	128	97	132	97	137	96	142	94	148	91	153	87	157	83	160	79	162	74	163	68	163	61	162	54	160	47	157	41	153	35	148	30	142	26	135	23	127	19	119	14	110	10	102	7	95	5	89	4	84	4	80	5	77	7	74	10	72	14	71	19	71	25	72	32	74	40	75	49	75	59	74	70	72	81	69	92	65	102	60	113	54	123	47	132	39	140	32	147	26	153	21	159	17	164	14	168	12	171	11	174	11	176	12	177	14	177	17	176	21	174	26	171	32	167	39	163	47	158	56	152	66	145	76	137	85	128	93	120	100	113	106	107	111	102	115	98	118	95	120	93	121	92	122	92	122	
49:
60	3.899	115	178	114	179	112	180	109	182	105	185	100	189	94	192	87	194	79	195	70	195	61	194	52	192	44	189	37	185	30	180	24	174	19	167	15	159	12	151	10	142	9	132	9	122	10	112	12	103	14	95	17	88	21	82	26	77	32	73	39	70	46	68	54	67	63	67	73	68	82	69	90	71	99	74	109	76	118	77	126	78	133	79	139	81	144	84	148	88	151	93	153	98	154	104	154	111	153	118	151	126	148	134	144	142	139	150	133	157	128	163	124	168	121	172	118	175	116	177	115	178	115	178	
50:
68	18.613	68	40	67	41	65	42	62	44	58	47	53	50	47	54	40	59	34	65	29	72	25	80	22	89	20	99	19	110	19	122	19	134	20	145	22	155	24	164	26	172	29	179	33	185	38	190	44	194	51	197	59	199	66	200	73	200	79	199	84	197	88	194	91	190	93	185	94	181	94	176	93	171	91	167	88	164	84	162	80	159	77	155	75	150	74	144	74	137	75	129	77	122	80	114	84	105	89	95	95	85	100	75	104	66	107	58	109	51	110	45	110	40	109	36	107	33	104	31	100	30	95	30	89	31	83	33	78	36	74	38	71	39	69	40	68	40	68	40	
51:
74	50.664	108	28	107	27	105	25	102	22	98	18	93	13	87	9	80	6	72	4	63	3	55	2	48	2	41	3	35	5	30	8	26	12	23	17	21	23	20	30	20	37	21	45	23	54	26	64	30	75	35	87	41	99	46	112	50	124	53	135	56	145	60	154	65	162	71	169	78	175	86	180	94	184	103	187	113	189	122	190	130	190	137	189	143	188	148	186	152	183	155	179	157	174	158	168	158	163	157	159	155	156	152	153	148	150	143	148	138	147	132	145	125	142	117	138	110	133	104	127	99	120	95	112	92	103	90	93	89	83	89	73	89	64	90	56	92	49	95	43	99	38	102	34	105	31	107	29	108	28	108	28	
52:
70	24.241	42	93	43	92	45	91	48	89	52	87	57	85	63	82	70	80	78	79	87	79	97	79	106	80	114	81	121	81	127	80	132	79	136	77	139	74	141	70	142	66	142	61	141	55	139	50	136	46	132	43	127	41	121	40	114	40	106	41	97	43	87	46	78	50	68	54	59	59	50	63	42	68	33	74	25	81	18	89	12	98	7	108	3	119	0	129	-2	138	-3	146	-3	153	-2	159	0	164	3	168	7	171	11	173	16	174	22	174	29	173	35	171	40	168	44	164	47	159	49	153	50	146	51	138	51	129	50	121	48	114	47	108	46	103	46	99	45	96	43	94	42	93	42	93	
53:
74	1.896	199	199	198	198	196	197	193	195	189	192	184	188	179	185	173	181	166	176	159	170	153	163	148	155	144	146	141	137	139	128	138	120	138	113	139	107	141	101	144	94	148	88	153	83	159	78	164	74	168	71	171	67	173	63	174	59	174	55	173	51	171	46	168	42	164	39	159	37	153	36	146	36	138	37	129	39	119	42	110	46	100	50	91	53	83	57	76	62	70	68	65	75	61	83	58	92	56	101	55	110	55	118	56	125	58	131	61	136	65	141	70	147	76	153	83	160	91	166	100	171	110	175	121	178	133	180	144	181	154	181	163	181	171	182	178	184	184	186	189	189	193	193	196	196	198	198	199	199	199	199	
54:
74	37.834	160	146	161	147	163	149	166	152	169	155	172	159	175	164	177	170	178	176	178	181	177	185	175	188	172	191	168	193	163	194	157	194	150	193	142	191	133	188	123	184	112	180	101	177	91	173	82	168	74	162	67	155	61	147	56	140	52	132	49	123	47	115	46	107	46	100	47	92	49	85	52	78	56	72	61	67	67	61	74	55	82	50	91	46	100	41	109	36	119	32	129	28	139	25	148	23	156	22	163	22	169	23	174	25	178	28	181	32	183	36	184	41	184	47	183	54	181	61	179	67	176	72	172	78	167	85	163	93	159	101	156	110	154	118	153	125	153	131	154	136	156	140	158	143	159	145	160	146	160	146	
55:
72	26.312	32	49	33	50	35	52	38	55	42	59	47	64	53	68	60	72	68	75	77	77	87	78	97	78	108	77	118	75	127	72	135	68	142	63	148	57	153	50	157	43	160	37	162	32	164	28	167	25	171	23	176	22	180	22	184	23	187	25	189	28	190	32	190	37	189	43	187	50	184	58	180	67	175	77	169	86	162	94	154	101	145	107	135	113	126	119	117	126	109	133	102	139	94	144	85	148	75	151	64	153	54	154	45	154	37	153	30	151	24	148	19	144	15	139	12	134	10	128	9	121	9	113	10	104	12	94	15	85	19	77	23	70	27	64	30	59	32	55	33	52	33	50	32	49	32	49	
56:
58	5.178	161	156	160	155	158	153	155	151	151	149	146	148	140	148	133	148	125	149	116	151	106	154	95	158	83	163	71	168	59	172	48	175	38	177	29	178	21	178	14	177	8	175	3	172	-1	168	-4	163	-6	157	-7	150	-7	142	-6	133	-4	125	-1	118	3	112	8	105	14	98	21	92	29	87	37	83	46	80	55	78	64	77	72	77	79	78	85	80	90	83	95	87	99	92	104	98	110	105	117	113	124	121	130	128	136	135	142	141	147	146	151	150	155	153	158	155	160	156	161	156	161	156	
57:
68	13.285	145	107	144	106	142	104	139	101	135	97	130	92	124	88	117	85	109	83	100	82	92	82	85	83	78	85	72	88	67	92	62	96	57	99	51	101	46	102	42	102	39	101	36	99	34	96	33	92	33	87	34	81	36	74	38	66	41	58	45	49	50	39	56	30	63	22	71	15	80	9	90	4	100	0	110	-3	119	-5	128	-6	136	-6	143	-5	149	-3	154	0	158	4	161	9	163	14	164	19	164	23	163	26	161	28	158	31	154	35	149	40	144	46	139	51	135	56	132	62	130	69	129	75	129	80	130	86	132	92	135	97	139	101	142	104	144	106	145	107	145	107	
58:
71	16.64	138	183	138	182	139	180	141	177	143	173	144	168	144	162	143	155	141	147	138	140	134	134	129	128	123	122	116	117	108	112	99	108	89	105	78	103	67	100	56	96	46	91	37	85	29	80	22	76	16	72	11	67	7	61	4	54	2	46	1	37	1	28	2	20	4	13	7	7	11	2	16	-2	22	-5	29	-7	37	-8	46	-8	54	-7	61	-5	67	-2	72	2	76	7	79	13	82	19	84	26	85	34	85	43	84	53	82	62	79	72	77	81	76	89	76	98	77	108	79	119	82	129	86	139	91	148	97	156	104	163	111	169	117	174	123	178	128	181	132	183	135	184	137	184	138	183	138	183	
59:
63	23.878	50	118	51	119	53	120	56	122	60	125	65	127	71	129	77	130	84	131	91	131	99	132	108	134	118	137	129	139	140	141	150	144	159	147	167	149	174	152	180	156	185	161	189	165	192	168	194	170	195	172	195	174	194	175	192	176	189	177	185	179	180	182	174	186	167	191	159	197	150	203	140	208	129	212	117	215	105	217	94	219	83	220	73	220	64	219	56	217	49	215	43	213	38	210	34	206	31	201	29	195	28	188	28	180	29	171	30	163	30	154	31	146	33	139	36	133	40	128	44	124	47	121	49	119	50	118	50	118	
60:
63	10.64	106	43	107	44	109	46	112	48	116	49	121	51	126	52	132	52	139	51	145	49	150	47	154	46	157	46	159	46	160	45	160	43	159	40	157	38	154	37	150	37	145	38	139	40	132	42	124	45	115	49	105	54	94	60	83	67	72	75	62	82	53	88	45	95	38	101	31	106	24	110	17	113	11	115	6	116	2	116	-1	115	-3	113	-4	110	-4	106	-3	101	-1	95	2	88	6	82	11	77	17	73	24	70	32	68	41	65	51	63	61	62	70	62	78	61	85	59	91	56	96	53	100	49	103	46	105	44	106	43	106	43	
61:
65	93.313	186	0	185	-1	183	-3	180	-6	176	-8	172	-9	167	-9	161	-8	154	-7	146	-5	137	-2	127	2	118	7	110	13	103	20	96	28	90	35	84	41	77	46	69	50	62	53	56	55	51	57	47	60	44	64	42	69	41	75	41	82	42	90	44	99	47	108	51	117	56	125	62	132	69	138	77	143	86	147	95	150	105	152	116	153	127	153	137	152	146	150	154	147	161	143	167	138	172	132	176	125	179	117	181	108	182	99	182	89	181	78	181	66	180	55	178	45	176	36	175	28	175	21	176	15	178	10	180	6	183	3	185	1	186	0	186	0	
62:
65	45.226	154	49	154	48	154	46	155	43	157	39	159	35	162	31	165	28	168	25	170	23	171	22	171	21	170	21	168	22	165	22	161	23	156	25	150	27	143	30	135	34	126	39	116	45	105	52	93	60	82	69	72	79	63	89	54	98	46	106	39	113	33	119	28	124	24	128	21	132	19	135	18	137	18	138	19	138	21	137	24	135	28	132	33	130	39	129	46	128	54	128	63	129	73	129	84	128	94	126	105	123	115	120	124	116	132	111	139	105	145	99	150	92	154	85	157	77	159	70	160	64	160	59	159	55	157	52	155	50	154	49	154	49	
63:
67	17.301	172	142	171	143	170	145	168	146	165	146	161	145	156	143	150	142	143	142	135	143	126	144	117	146	108	149	98	153	89	158	80	164	71	171	62	178	52	184	41	189	31	193	20	196	10	198	-1	199	-11	199	-20	198	-28	196	-35	193	-41	189	-46	184	-50	178	-53	171	-55	163	-56	154	-56	144	-55	133	-53	123	-50	113	-46	104	-41	96	-35	89	-28	83	-20	78	-11	74	-1	71	10	69	22	68	33	68	43	69	52	71	62	74	72	78	83	82	93	87	102	93	111	100	119	108	127	115	136	121	144	126	151	130	157	133	162	135	166	137	169	139	171	141	172	142	172	142	
64:
66	16.494	126	173	125	172	123	171	120	170	116	170	111	169	105	167	98	164	90	161	83	157	77	152	70	148	64	145	59	141	55	136	52	130	50	123	49	116	49	109	50	102	52	95	55	87	58	78	62	70	66	62	69	55	71	49	72	42	72	36	71	31	69	27	66	24	62	21	57	19	51	17	44	16	36	16	29	17	23	19	18	22	14	26	11	31	9	37	8	44	8	52	9	61	11	70	14	79	18	89	23	98	29	106	36	113	44	120	53	128	63	137	73	145	82	152	90	158	98	163	105	167	111	170	116	172	120	173	123	174	125	174	126	173	126	173	
65:
79	85.693	4	34	5	35	7	37	10	40	14	44	19	49	25	55	32	61	39	68	46	76	52	85	57	95	61	106	64	117	66	127	67	136	67	144	66	152	64	159	61	165	57	170	54	174	52	177	51	179	51	180	52	180	54	179	55	177	57	174	59	170	62	165	66	159	71	152	77	144	83	135	90	126	98	118	107	111	117	105	127	99	137	94	147	90	156	87	164	85	171	84	177	84	182	85	186	87	189	90	191	93	192	95	192	96	191	96	189	95	186	94	182	92	177	89	171	85	165	80	158	75	150	69	141	64	131	59	120	54	108	49	95	44	82	40	70	37	59	35	49	34	40	34	32	35	25	37	19	38	14	38	10	38	7	37	5	35	4	34	4	34	
66:
82	45.928	122	92	123	91	125	89	127	86	130	82	134	78	139	75	145	73	152	72	160	72	168	73	175	75	181	78	186	81	190	85	194	90	197	96	199	102	200	109	200	116	199	124	197	131	194	137	190	144	185	150	179	155	172	159	164	162	155	164	145	165	134	165	122	164	109	162	96	161	84	161	72	160	61	158	51	155	42	151	34	146	27	140	21	133	16	125	12	117	9	108	7	98	6	89	6	81	7	74	9	67	12	61	16	54	21	46	27	37	34	29	42	22	51	16	61	11	72	7	84	4	95	2	105	1	114	1	122	2	129	4	135	7	140	10	144	14	147	19	149	25	150	32	150	40	149	49	147	57	144	64	141	71	137	77	132	82	128	86	125	89	123	91	122	92	122	92	
67:
65	3.865	120	134	121	135	121	137	121	140	122	144	123	147	125	151	126	155	126	158	126	160	125	161	123	161	120	160	116	158	111	155	105	151	98	146	92	140	87	133	82	125	77	116	73	106	70	96	68	87	66	79	64	72	63	66	63	60	64	55	66	49	69	44	73	40	78	35	84	29	91	22	99	16	108	11	118	7	128	4	138	2	147	1	155	1	162	2	168	4	173	7	177	11	180	16	182	22	183	28	183	34	182	41	180	49	177	58	173	68	168	79	162	89	155	98	148	106	141	113	135	119	130	124	126	128	123	131	121	133	120	134	120	134	
68:
72	134.411	95	103	94	104	92	104	89	103	86	101	83	98	79	94	76	89	74	83	72	76	71	68	71	59	72	51	74	42	77	33	81	25	86	18	92	12	99	7	107	3	116	0	126	-2	136	-3	146	-3	156	-2	165	0	173	3	180	7	186	12	191	18	195	25	198	33	200	42	201	52	201	61	200	69	198	76	195	82	191	88	186	93	180	97	173	100	165	102	156	105	146	109	137	114	129	120	122	126	116	133	111	140	107	146	104	151	102	155	101	158	101	160	102	161	104	161	107	160	111	158	114	156	116	153	117	149	117	144	116	138	114	131	112	124	109	118	105	113	101	109	98	106	96	104	95	103	95	103	
69:
84	37.213	145	86	144	85	142	83	139	80	135	76	131	71	128	65	124	58	119	50	113	42	106	35	98	29	89	24	79	20	68	17	56	15	45	14	35	14	26	15	18	17	11	20	5	24	0	29	-4	35	-7	42	-9	50	-10	59	-10	69	-9	79	-8	88	-6	96	-3	103	1	109	6	114	12	118	17	121	22	123	26	124	29	124	31	124	32	125	32	127	31	130	29	134	26	139	22	145	19	152	17	160	16	168	16	177	17	185	19	192	22	198	26	203	31	207	37	210	44	212	52	213	61	213	71	212	82	210	93	207	103	203	114	199	124	196	133	193	141	189	148	184	154	178	159	171	163	163	166	154	168	146	169	139	169	131	168	122	166	114	163	107	159	101	155	96	151	92	148	89	146	87	145	86	145	86	
70:
72	46.703	164	93	163	94	161	96	158	99	154	103	149	108	143	114	136	121	128	129	120	138	113	147	107	156	101	164	96	171	92	177	89	184	87	190	86	196	86	201	87	205	89	209	92	212	96	214	101	215	107	215	114	214	121	212	129	209	136	205	143	200	149	194	154	187	158	179	161	170	163	160	164	149	166	138	169	127	173	117	178	108	184	99	190	91	196	82	201	73	205	63	208	54	210	46	211	39	211	33	210	28	208	24	205	21	201	19	196	18	192	18	188	19	185	21	183	24	182	28	182	33	183	39	184	46	184	54	184	62	183	69	181	75	178	80	174	84	170	87	167	90	165	92	164	93	164	93	
71:
62	3.651	79	169	78	170	76	172	73	173	69	173	64	173	59	173	54	172	48	170	43	167	39	163	36	158	34	152	33	145	33	137	34	129	36	120	39	110	43	101	48	93	53	86	59	80	66	75	74	71	82	68	89	66	95	65	102	65	110	66	119	68	129	71	139	75	148	80	156	85	163	91	169	98	174	106	178	114	181	123	183	133	184	144	184	154	183	163	181	171	178	178	174	184	169	189	163	193	156	196	149	198	141	199	133	199	124	198	115	196	107	193	100	189	94	184	89	179	85	175	82	172	80	170	79	169	79	169	
72:
72	8.217	30	115	31	114	33	112	36	110	40	109	45	109	50	110	56	112	62	115	67	119	71	124	74	129	76	135	77	140	77	146	76	152	74	157	73	161	73	164	74	168	76	171	79	173	83	175	88	176	94	176	101	175	109	174	118	172	128	169	138	165	147	160	155	154	162	147	169	139	175	130	180	120	184	109	187	97	189	86	190	76	190	67	189	58	187	50	184	43	180	37	175	32	169	28	162	25	154	23	145	22	135	22	124	23	112	23	99	24	87	26	76	29	66	33	57	37	49	42	42	48	36	55	31	63	27	71	24	79	22	87	21	94	21	100	22	105	24	109	27	112	29	114	30	115	30	115	
73:
75	30.048	49	46	48	47	46	49	43	52	39	56	34	61	28	67	21	74	13	82	6	91	0	100	-5	110	-9	119	-12	127	-14	134	-15	141	-15	147	-15	152	-14	156	-12	159	-9	161	-6	162	-2	162	1	161	4	159	6	156	9	152	13	147	18	141	24	135	31	130	39	125	48	121	58	118	69	116	81	115	93	115	104	116	114	118	123	121	131	125	138	130	144	136	149	143	153	150	156	156	158	161	159	165	159	168	158	170	156	171	153	171	149	170	144	168	138	165	131	161	123	156	114	152	104	147	95	141	86	135	78	128	71	120	65	111	60	101	56	91	53	82	50	74	48	67	47	61	47	56	48	52	48	49	48	47	49	46	49	46	
74:
61	16.934	34	109	35	108	35	106	35	103	35	99	35	94	35	88	35	81	36	73	37	65	39	58	42	52	46	47	51	43	57	40	64	38	72	37	81	37	90	38	100	40	111	43	123	47	135	52	146	58	156	65	165	73	173	82	180	92	186	103	191	113	195	122	198	131	200	141	201	150	201	158	200	165	198	171	195	176	191	180	186	183	180	185	173	186	165	186	156	185	146	183	135	180	124	176	114	171	104	165	95	159	86	153	77	146	69	138	62	131	55	125	49	120	44	116	40	113	37	111	35	110	34	109	34	109	
75:
79	43.033	75	81	76	80	78	78	81	75	85	71	88	66	90	60	91	53	91	45	90	37	88	30	85	23	81	17	76	12	70	8	63	5	57	3	50	2	43	2	37	3	32	5	27	8	23	12	18	17	14	23	11	30	9	38	8	47	8	57	7	68	7	80	7	91	7	101	8	111	10	120	13	128	16	135	20	141	25	146	31	150	38	153	46	155	55	157	65	158	76	158	88	157	100	155	111	152	121	149	130	147	139	146	147	146	154	146	160	146	165	145	169	143	172	140	174	137	175	133	175	128	174	123	172	118	169	113	165	108	160	103	154	98	147	93	139	88	130	83	120	79	111	76	103	74	96	73	90	73	85	74	81	76	78	78	76	80	75	81	75	81	
76:
81	52.817	30	5	30	6	30	8	29	11	27	15	24	19	20	24	15	30	11	37	8	45	5	53	3	62	2	72	2	83	3	95	4	106	6	116	9	126	13	135	17	143	22	150	28	156	35	161	42	165	50	168	57	170	65	171	74	171	84	170	95	168	107	165	120	161	132	156	143	150	154	143	164	135	173	126	181	116	188	107	194	97	199	88	203	80	206	72	208	65	209	59	209	54	208	50	206	47	203	45	199	44	194	44	189	45	183	47	176	50	168	54	161	59	155	65	150	71	146	76	143	80	140	83	136	85	131	86	126	86	120	85	113	83	105	80	96	76	86	71	77	65	69	58	62	50	55	41	49	33	44	26	40	20	37	15	34	11	32	8	31	6	30	5	30	5	
77:
77	41.793	166	62	165	63	163	65	160	68	156	72	152	77	149	83	146	89	144	96	143	103	143	109	144	114	146	118	149	121	153	123	158	124	164	124	171	123	178	122	184	122	189	123	193	125	196	128	198	132	199	137	199	143	198	150	196	156	193	161	189	166	184	170	178	173	171	175	163	176	154	177	145	177	137	176	130	174	124	171	119	168	115	164	112	159	110	153	109	146	109	138	110	129	112	119	115	108	118	96	120	84	121	73	121	62	120	52	119	43	118	35	118	28	119	22	121	17	122	13	124	10	127	8	131	7	136	7	142	8	149	10	155	13	160	17	164	22	167	28	169	35	170	41	170	47	169	52	168	56	168	59	167	61	166	62	166	62	
78:
70	10.925	148	154	147	153	145	151	142	148	140	144	137	139	135	133	133	126	132	118	131	110	129	103	126	97	124	91	123	86	123	82	124	79	126	77	129	76	133	75	138	74	144	72	150	69	156	67	161	66	165	64	168	61	170	57	171	52	171	46	170	39	168	32	165	26	161	21	156	17	150	13	143	10	135	8	126	7	116	7	105	8	95	10	86	13	78	17	71	21	65	26	60	31	56	37	53	44	51	52	50	61	50	71	51	81	53	92	56	103	60	113	65	122	71	130	78	137	86	143	95	148	104	152	112	155	120	157	127	158	133	158	138	158	142	157	145	155	147	154	148	154	148	154	
79:
74	13.866	77	75	76	74	74	74	71	74	67	75	62	75	56	75	49	76	41	78	34	81	28	84	23	88	19	93	16	99	14	106	13	114	13	123	14	132	16	141	19	149	23	156	28	162	34	167	41	171	49	174	56	176	62	177	67	177	71	176	74	174	76	171	77	167	77	162	76	156	74	149	71	141	67	132	62	123	56	114	49	104	42	95	36	87	31	80	25	74	18	69	12	63	7	56	3	48	0	39	-2	31	-3	24	-3	18	-2	13	0	9	3	6	7	4	12	3	18	3	25	4	32	6	40	9	47	13	54	18	60	24	66	31	71	39	75	47	78	54	80	60	81	65	81	69	80	72	78	74	77	75	77	75	
80:
67	17.09	31	16	32	16	34	16	37	17	41	19	46	22	52	26	58	31	65	37	73	44	82	52	92	61	102	71	113	82	125	94	136	105	146	115	155	124	164	132	172	139	179	145	185	150	190	154	194	157	197	159	199	162	200	166	200	171	199	175	197	178	194	180	190	181	185	181	179	180	172	178	164	175	155	171	145	166	134	160	124	153	115	145	107	136	100	126	94	115	88	103	82	91	75	78	67	66	58	55	49	45	41	36	34	28	28	21	23	15	19	10	16	6	14	3	13	1	13	0	14	0	16	1	19	3	23	6	26	10	28	13	30	15	31	16	31	16	
81:
78	139.376	3	73	4	72	6	70	9	67	13	63	18	58	23	52	29	45	35	37	40	30	44	24	47	19	49	15	50	12	50	9	49	7	47	6	44	6	41	7	38	9	35	12	33	16	31	21	30	27	30	34	31	42	33	51	36	61	40	72	45	84	51	97	58	110	66	122	75	133	85	143	96	152	106	160	115	167	123	173	130	178	136	182	141	185	145	187	148	188	150	188	151	187	151	186	150	186	148	186	145	186	141	187	136	187	130	186	123	184	115	181	106	177	96	173	85	168	74	164	62	161	51	159	41	157	32	154	24	150	17	145	11	139	6	132	2	124	-1	116	-3	109	-4	101	-4	94	-3	88	-1	83	0	79	1	76	2	74	3	73	3	73	
82:
63	5.32	116	30	116	31	117	33	119	36	120	40	122	45	125	51	129	57	134	62	140	67	146	71	153	74	160	77	166	81	171	86	175	91	178	97	180	104	181	110	181	115	180	119	178	122	175	124	171	125	166	126	160	126	153	125	145	123	136	121	126	118	115	114	105	109	95	103	86	98	78	94	71	89	65	83	60	77	56	70	53	62	51	54	49	45	48	37	48	30	49	24	51	19	54	15	58	10	63	6	69	3	75	1	82	0	88	0	94	1	100	3	105	6	109	10	112	15	114	20	115	24	116	27	116	29	116	30	116	30	
83:
70	61.81	22	27	23	26	25	24	28	21	32	19	37	18	43	18	50	19	58	21	67	24	77	28	88	33	98	37	109	42	119	48	128	55	136	63	143	72	149	82	154	91	158	99	161	106	163	112	164	117	164	121	163	125	161	128	158	132	154	137	149	143	143	150	136	158	128	165	120	171	112	176	105	180	99	183	93	185	88	186	84	186	81	185	79	183	78	180	78	176	79	171	81	165	84	158	88	150	92	141	95	132	97	124	98	116	98	109	97	103	95	98	92	94	88	91	83	87	77	82	70	76	63	69	57	61	50	54	43	48	37	42	32	37	28	33	25	30	23	28	22	27	22	27	
84:
74	26.316	162	169	161	168	159	166	156	163	152	159	147	154	142	148	136	141	129	133	122	124	116	114	111	104	107	95	104	87	102	80	101	74	101	68	102	63	104	59	107	56	111	54	116	52	122	51	129	50	136	50	144	51	151	53	157	54	162	55	166	55	169	54	171	52	172	49	172	45	171	40	169	34	166	28	162	22	157	17	151	13	144	10	136	8	127	7	117	7	108	8	100	10	93	13	87	17	81	22	76	28	72	35	69	43	67	52	66	62	66	72	67	81	69	89	72	97	76	106	81	116	87	126	94	135	102	143	111	150	120	156	128	161	135	165	141	168	147	170	152	171	156	171	159	171	161	170	162	169	162	169	
85:
78	43.615	63	67	64	66	66	64	67	61	67	57	66	52	64	46	61	39	57	32	52	26	47	21	41	17	34	14	26	12	17	11	9	11	1	12	-6	14	-12	17	-17	21	-21	26	-24	32	-26	39	-27	47	-27	56	-26	66	-24	77	-21	89	-17	101	-13	114	-8	126	-3	137	3	147	10	156	18	164	27	171	37	177	48	182	60	186	72	189	85	191	99	192	112	193	124	194	135	195	145	195	154	194	162	192	169	189	175	186	180	183	184	181	187	179	189	176	190	172	190	167	189	161	187	154	184	146	180	138	175	131	169	125	162	119	154	114	145	110	135	106	125	101	116	97	108	94	99	91	91	87	84	82	78	78	73	74	69	71	66	69	64	68	63	67	63	67	
86:
75	107.754	12	156	13	155	14	153	16	150	19	146	23	142	28	139	34	135	41	130	49	125	58	119	68	112	79	105	91	97	104	89	117	81	129	74	140	68	150	63	159	59	167	55	174	52	180	50	185	49	189	49	192	50	194	52	195	55	195	57	194	60	192	62	189	63	185	64	180	64	174	63	167	61	159	58	150	54	140	49	129	43	119	38	109	33	100	27	92	21	85	16	79	11	74	7	70	4	66	2	62	1	58	1	53	2	48	4	42	7	35	11	27	16	19	22	12	29	6	37	1	46	-3	56	-6	67	-8	79	-9	90	-9	101	-9	111	-8	120	-6	128	-3	135	1	141	5	146	8	150	10	153	11	155	12	156	12	156	
87:
77	6.848	160	11	159	12	159	14	160	17	161	21	162	26	162	32	163	39	164	47	164	54	163	62	161	71	158	80	154	88	149	95	143	101	136	106	128	110	121	113	113	115	104	116	94	116	83	115	73	113	64	110	56	107	49	104	43	102	38	101	34	101	31	102	29	104	28	107	28	111	29	116	31	122	34	129	38	137	43	146	48	155	53	164	57	172	61	179	66	185	72	190	77	194	82	197	87	199	93	200	100	200	108	199	117	197	126	194	134	190	141	185	147	179	152	172	156	165	161	157	165	148	168	138	172	127	176	115	179	102	182	89	184	77	185	66	185	56	184	47	182	39	179	32	175	26	170	21	166	17	163	14	161	12	160	11	160	11	
88:
69	157.171	195	138	196	137	198	135	200	132	201	128	201	123	200	118	198	112	195	106	191	101	186	97	180	94	173	90	165	85	157	79	149	72	141	64	134	56	126	49	118	43	109	38	101	34	92	31	82	29	72	28	61	28	49	29	37	31	26	34	16	38	7	43	-1	49	-8	56	-14	64	-19	73	-23	83	-26	93	-28	102	-29	111	-29	119	-28	126	-26	132	-23	137	-19	141	-14	144	-8	146	-1	147	7	147	16	146	26	144	37	141	49	137	62	132	76	128	90	125	104	123	117	122	129	122	140	123	150	125	159	128	167	132	174	135	180	137	185	139	189	140	192	140	194	139	195	138	195	138	
89:
72	3.602	30	56	31	55	33	55	36	56	40	58	45	61	51	64	58	66	66	67	75	67	85	66	96	66	106	65	115	63	123	62	130	62	136	63	142	65	147	68	151	72	154	77	156	83	157	90	157	98	156	106	154	113	151	119	148	124	146	128	144	132	143	135	143	137	144	138	146	138	149	137	153	135	158	132	164	128	171	123	178	117	184	110	189	102	193	93	196	84	198	76	199	69	199	63	198	58	196	54	193	50	189	47	184	45	178	44	171	44	163	45	154	47	144	50	133	54	121	59	108	63	96	66	85	69	75	71	66	72	58	72	51	71	45	69	40	66	36	62	33	59	31	57	30	56	30	56	
90:
80	41.654	37	9	38	8	40	6	43	4	47	2	52	1	58	1	65	2	72	4	80	7	89	11	99	16	110	22	122	29	133	37	143	45	152	54	160	64	167	75	173	87	179	100	184	113	188	125	191	136	195	146	198	155	200	163	201	170	201	176	200	181	198	185	195	188	191	190	186	191	180	191	174	190	168	188	163	185	159	182	156	178	154	174	153	171	153	169	152	168	151	168	149	169	146	171	143	174	139	178	134	182	128	185	121	187	113	188	104	188	94	187	84	185	75	182	67	178	60	173	54	167	49	160	45	152	42	143	40	133	39	123	39	112	40	100	42	87	45	75	48	64	50	54	51	45	51	37	50	30	48	24	46	19	43	15	40	12	38	10	37	9	37	9	
91:
69	26.383	29	151	28	150	26	148	23	145	19	141	14	136	10	130	7	123	5	115	4	106	4	98	5	90	7	82	10	73	14	64	19	56	25	49	32	43	40	38	49	34	59	31	70	29	82	28	95	28	107	27	118	25	129	23	139	20	148	16	156	11	163	7	169	4	174	1	178	-1	181	-2	183	-2	184	-1	184	1	183	3	181	5	178	7	174	10	169	14	163	19	156	25	148	30	139	36	129	42	118	47	108	51	98	55	88	60	78	64	68	69	59	75	51	81	44	88	38	94	33	100	29	107	26	115	24	123	23	130	23	136	23	141	24	145	26	148	28	150	29	151	29	151	
92:
74	22.548	185	167	186	166	188	164	191	161	195	157	200	152	205	146	210	139	214	131	217	122	219	112	220	101	220	91	219	82	217	73	214	65	210	58	205	52	199	47	192	43	184	40	175	38	165	37	154	35	143	32	133	28	124	23	116	17	108	10	99	4	89	-1	78	-5	66	-8	55	-10	45	-11	36	-11	27	-10	19	-8	12	-5	6	-1	1	4	-3	10	-6	17	-8	25	-9	34	-9	44	-8	55	-6	67	-3	80	1	93	6	106	11	118	17	129	24	139	32	148	41	156	51	164	62	171	74	177	87	182	99	186	110	189	120	191	130	192	140	192	149	191	157	189	164	186	170	182	175	177	179	173	182	170	184	168	185	167	185	167	
93:
68	5.239	151	163	150	164	148	165	145	167	141	170	136	172	130	175	123	177	115	178	107	178	98	177	88	175	77	172	66	168	56	163	47	157	38	150	30	142	23	133	17	123	12	113	8	104	5	95	3	85	2	74	2	64	3	54	5	45	8	37	12	30	17	24	23	19	30	15	38	12	47	10	57	8	68	7	80	5	92	2	105	0	117	-2	129	-3	140	-3	150	-2	159	0	167	3	174	7	180	12	185	18	190	25	194	33	197	42	199	52	200	62	200	73	199	85	197	97	194	108	190	118	185	127	179	135	172	142	166	148	161	153	157	157	154	160	152	162	151	163	151	163	
94:
76	24.269	89	151	89	150	88	148	87	145	85	141	84	136	82	130	79	123	75	115	70	106	66	97	63	89	60	82	58	76	56	71	55	67	55	63	56	60	58	58	61	57	65	57	70	58	76	60	82	63	89	67	97	71	104	75	111	78	119	80	128	81	137	81	146	80	154	78	161	75	167	72	172	69	176	67	179	66	181	66	182	67	182	69	183	72	183	76	182	81	180	87	177	94	173	102	169	111	164	121	158	132	151	143	143	153	134	162	124	170	114	177	105	183	97	188	90	192	84	195	78	197	73	198	69	198	66	197	64	195	63	192	63	188	64	183	65	177	67	171	70	166	74	161	79	157	83	154	86	152	88	151	89	151	89	151	
95:
73	51.1	38	74	39	75	41	77	44	80	48	84	53	89	59	93	66	97	74	100	83	102	93	103	104	103	115	103	126	102	136	100	145	97	153	93	160	90	166	86	171	81	175	75	178	68	180	62	181	57	181	53	181	50	180	48	179	47	178	47	178	48	178	50	178	53	179	57	180	62	182	68	183	75	183	83	184	92	185	102	187	113	189	124	190	134	190	143	189	151	187	158	184	164	180	169	175	174	169	178	162	181	154	183	145	184	135	184	124	183	112	181	101	178	91	174	81	169	72	163	64	156	57	148	51	139	46	129	42	119	39	110	37	102	36	95	36	89	37	84	38	80	39	77	39	75	38	74	38	74	
96:
62	7.747	63	180	63	181	62	183	60	184	57	185	53	185	48	184	42	182	37	179	33	175	30	170	28	164	27	157	27	149	28	140	30	130	33	119	36	107	40	96	45	86	51	76	58	66	65	57	71	48	78	40	86	33	95	27	104	22	113	18	121	15	128	13	134	12	139	12	143	13	146	15	148	18	149	22	149	27	150	33	151	40	151	48	151	57	150	67	150	78	149	90	147	103	144	115	140	126	135	136	129	145	123	153	116	160	108	166	99	171	91	175	84	178	78	180	73	181	69	181	66	181	64	180	63	180	63	180	
97:
52	2.344	86	79	87	78	89	78	92	79	96	81	101	83	105	86	108	90	110	95	113	101	115	108	116	116	117	123	117	131	117	138	118	144	120	149	123	153	127	156	132	158	138	159	145	159	153	158	160	156	166	153	171	149	175	144	179	138	182	132	184	125	185	117	186	108	186	100	185	93	183	86	180	80	176	75	171	71	165	67	158	64	150	62	141	60	131	59	122	59	114	60	107	62	101	65	96	69	92	73	89	76	87	78	86	79	86	79	
98:
67	0.815	89	187	90	188	92	190	95	191	99	191	104	190	110	188	117	185	125	181	134	176	144	170	154	163	163	155	171	146	178	136	184	125	189	113	193	101	196	90	198	80	199	71	200	62	200	54	199	47	197	41	194	36	190	32	185	29	179	27	172	26	164	26	155	26	145	27	134	29	122	32	109	36	96	40	84	44	73	47	63	51	54	55	46	60	39	66	33	73	28	80	24	86	21	92	19	97	18	101	18	104	19	106	21	109	24	112	28	116	33	121	39	127	44	134	49	142	55	151	61	159	68	166	74	172	79	177	83	181	86	184	88	186	89	187	89	187	
99:
77	3.069	77	89	78	88	80	86	83	84	87	81	92	77	98	73	105	70	111	68	116	67	122	67	127	68	131	70	134	73	136	77	137	82	137	88	136	95	134	103	132	112	129	121	125	129	120	137	115	145	111	152	108	158	106	163	105	167	105	170	106	172	108	173	111	173	115	172	120	170	126	167	133	163	141	158	149	152	156	145	162	137	167	128	172	118	176	107	179	95	181	83	182	71	182	60	181	50	179	41	176	33	172	26	167	20	161	14	154	9	146	5	137	2	129	0	120	-1	110	-1	101	0	93	2	86	5	80	9	75	14	71	20	68	27	66	35	65	44	65	53	66	61	68	68	71	74	74	79	76	83	77	86	77	88	77	89	77	89	