0:
41	0.853	43	16	44	15	46	13	47	10	47	6	46	2	44	-1	41	-3	37	-4	32	-5	28	-5	23	-4	19	-2	15	1	12	5	10	10	9	15	9	19	10	22	12	24	15	25	19	27	24	30	28	34	32	39	35	43	38	46	40	48	41	49	41	49	40	48	39	46	37	43	36	40	36	36	37	31	39	26	41	22	42	19	43	17	43	16	43	16	
1:
38	0.236	29	41	29	42	28	44	26	45	25	45	23	44	22	42	21	39	19	35	16	31	12	27	9	24	7	22	5	21	4	21	4	20	5	18	6	15	8	11	11	7	15	3	20	0	26	-2	32	-3	37	-3	41	-2	44	0	46	3	47	6	47	10	46	15	44	20	41	26	37	31	34	35	32	38	30	40	29	41	29	41	
2:
40	1.686	6	27	7	26	8	24	10	21	13	17	17	13	22	9	27	6	33	4	38	3	42	3	45	4	48	6	50	9	51	13	51	17	50	20	48	22	45	23	41	23	36	23	30	24	24	26	19	28	14	31	10	35	7	39	5	42	4	44	4	46	5	47	7	47	9	46	11	44	12	41	12	37	11	33	9	30	7	28	6	27	6	27	
3:
31	0.348	0	27	1	28	3	30	6	33	10	36	14	39	17	41	19	42	20	42	20	41	21	39	23	38	26	37	29	35	32	32	34	28	35	23	35	18	34	14	32	11	29	9	25	8	20	8	15	9	10	11	6	14	3	17	1	21	0	24	0	26	0	27	0	27	
4:
36	0.421	28	26	29	25	31	23	33	20	35	16	36	11	37	7	37	4	36	2	34	1	31	0	27	0	22	0	17	1	12	3	8	6	5	10	3	15	2	21	2	27	3	33	5	38	7	42	10	45	12	47	13	48	13	48	12	47	12	45	13	42	15	38	18	35	22	32	25	29	27	27	28	26	28	26	
5:
33	0.161	30	29	29	30	27	32	24	33	22	35	19	36	16	36	13	35	11	33	9	30	8	26	8	22	9	19	11	17	14	15	18	14	23	14	28	14	34	15	39	17	43	20	46	24	48	27	49	29	49	30	48	32	46	33	43	33	39	32	36	32	33	31	31	30	30	29	30	29	
6:
49	0.416	27	28	26	27	24	25	21	22	17	18	12	13	8	9	5	5	3	2	2	0	2	-1	3	-1	4	0	4	2	3	5	1	9	-1	14	-2	18	-2	23	-1	28	1	32	4	36	8	39	13	41	19	42	25	42	31	41	37	39	43	36	48	32	52	27	55	21	57	15	58	10	58	6	57	3	55	1	52	0	49	0	47	1	46	3	45	6	43	10	40	15	37	19	33	22	30	25	28	27	27	28	27	28	
7:
39	0.791	44	13	45	12	46	10	47	7	47	4	46	2	44	-1	41	-4	37	-6	32	-7	26	-7	21	-6	17	-5	14	-3	12	-1	11	2	11	6	12	11	14	17	16	23	19	29	22	34	25	38	27	41	28	43	28	44	27	44	25	43	24	41	24	38	24	34	25	29	27	24	30	20	34	17	38	15	41	14	43	13	44	13	44	13	
8:
35	0.306	21	1	20	2	19	4	17	7	16	10	14	14	11	19	8	25	6	31	5	36	5	40	6	43	7	45	8	46	10	46	13	45	17	43	21	40	25	37	30	33	35	28	39	22	42	16	44	10	45	5	45	1	44	-2	42	-4	39	-5	35	-5	31	-5	27	-4	24	-2	22	0	21	1	21	1	
9:
35	0.419	28	23	29	23	31	24	34	25	37	27	39	30	42	34	44	38	45	42	45	46	44	49	42	51	39	52	35	52	30	51	25	49	19	46	13	43	8	39	4	35	1	30	-1	25	-2	21	-2	18	-1	16	1	15	4	15	7	16	11	18	16	21	20	23	23	24	25	24	27	24	28	23	28	23	
10:
28	0.078	22	31	22	32	23	34	25	35	28	35	32	35	35	34	37	32	38	29	38	25	38	20	37	15	35	11	33	8	30	6	26	5	21	5	17	6	14	8	12	11	11	13	11	16	12	19	14	22	17	25	19	28	21	30	22	31	22	31	
11:
41	0.387	22	19	23	18	25	17	28	17	31	17	33	17	34	18	34	20	33	23	31	26	28	30	26	34	25	38	25	41	26	44	28	46	31	47	35	47	40	46	45	44	49	41	52	37	54	32	55	26	55	20	54	14	52	9	49	5	45	2	40	0	35	-1	30	-1	26	-1	23	0	21	2	19	5	18	9	18	13	19	16	21	18	22	19	22	19	
12:
36	0.706	34	49	33	48	31	47	28	45	24	43	21	42	17	42	14	43	12	44	11	44	11	43	12	41	14	38	16	34	17	29	17	23	17	18	17	13	18	9	20	6	23	4	27	3	30	3	32	4	33	6	33	9	32	13	32	18	31	24	30	30	30	35	31	39	31	43	32	46	33	48	34	49	34	49	
13:
32	0.289	26	4	25	4	23	5	20	7	16	10	12	14	9	19	7	24	6	30	6	35	7	39	9	42	12	44	16	45	20	45	25	45	29	44	32	42	34	40	35	37	36	35	38	34	40	33	41	31	41	28	40	24	38	19	35	14	32	10	29	7	27	5	26	4	26	4	
14:
40	0.603	40	8	39	9	37	11	34	14	30	16	26	18	22	19	19	19	17	18	16	16	16	13	15	10	13	8	10	7	7	7	5	8	3	10	0	13	-2	17	-3	22	-4	28	-4	33	-3	38	-2	42	0	45	3	47	7	48	11	48	16	47	22	45	27	42	31	38	34	34	36	29	37	23	39	18	40	14	41	11	41	9	40	8	40	8	
15:
51	3.742	12	8	11	7	9	6	6	6	2	7	-2	9	-5	12	-7	16	-9	20	-10	25	-10	31	-9	37	-8	42	-8	46	-7	49	-5	51	-3	52	0	52	4	51	9	49	13	46	16	42	18	39	20	37	22	36	25	36	29	37	32	39	36	42	40	45	44	47	47	48	51	48	54	47	56	46	57	44	58	41	58	37	57	32	55	27	52	22	48	18	44	15	39	13	33	12	27	12	22	12	18	12	15	11	13	9	12	8	12	8	
16:
35	0.136	25	9	26	9	28	9	31	9	34	8	38	7	41	7	43	8	44	10	44	13	44	17	44	21	43	25	42	28	40	31	38	33	36	34	33	34	29	33	24	31	20	29	16	26	13	22	11	17	10	12	10	8	10	5	11	3	13	2	16	2	18	3	21	5	23	6	24	8	25	9	25	9	
17:
31	0.18	9	42	9	41	9	39	9	36	8	32	6	27	5	21	5	16	6	12	6	8	7	5	9	3	12	2	15	2	19	3	22	5	25	8	27	12	28	17	30	23	31	29	31	34	30	38	28	41	26	43	23	44	19	44	15	43	12	42	10	42	9	42	9	42	
18:
38	0.731	47	13	48	14	50	16	51	19	51	22	51	26	50	30	48	33	45	36	41	38	36	39	32	39	29	38	27	36	26	33	25	30	23	26	20	23	16	21	11	19	7	18	4	18	2	18	1	17	1	15	2	12	4	10	7	8	11	7	15	7	20	8	26	9	32	9	37	10	41	10	44	11	46	12	47	13	47	13	
19:
35	0.373	22	16	22	15	23	13	23	11	24	8	25	6	27	5	30	5	34	6	38	8	41	11	43	15	44	20	44	25	45	31	47	36	48	41	48	45	47	48	45	51	42	53	38	54	33	54	28	53	24	51	21	49	18	46	16	42	15	37	15	31	16	26	17	22	19	19	21	17	22	16	22	16	
20:
42	0.211	47	17	48	16	49	14	49	11	48	7	46	4	45	2	43	1	40	1	36	2	31	4	25	6	20	9	15	13	11	18	8	24	6	29	5	33	4	36	4	39	5	41	7	42	10	42	14	41	18	39	23	38	29	38	34	39	38	40	41	42	43	43	46	43	48	42	50	41	52	39	53	36	53	32	52	27	51	23	49	20	48	18	47	17	47	17	
21:
38	0.207	4	8	5	9	6	11	8	14	10	17	13	21	17	26	22	32	28	37	34	41	39	44	43	46	46	47	48	47	49	46	49	44	48	41	46	39	43	36	39	32	35	27	32	23	30	20	29	18	29	16	30	15	30	13	29	10	27	6	24	3	20	1	16	0	13	0	11	1	8	3	6	5	5	7	4	8	4	8	
22:
39	0.581	26	16	27	15	29	15	31	16	34	18	37	21	41	25	44	29	46	34	47	40	47	45	46	49	44	52	41	54	37	55	32	55	27	54	22	52	18	50	15	47	12	44	10	40	9	35	9	29	10	22	12	16	14	11	17	7	20	4	23	2	26	1	29	1	31	2	32	4	32	7	31	10	29	13	27	15	26	16	26	16	
23:
41	0.585	18	2	17	3	15	5	14	8	14	12	14	16	14	21	15	27	16	33	16	38	17	42	18	45	19	47	21	48	22	48	23	47	23	45	23	42	24	40	26	38	29	37	33	37	38	38	43	39	47	39	50	38	52	36	53	33	54	29	54	25	53	20	51	14	48	9	44	5	39	2	33	0	28	-1	24	-1	21	0	19	1	18	2	18	2	
24:
33	0.458	16	29	17	30	19	32	20	35	20	39	21	43	22	46	23	48	25	49	28	49	31	48	33	46	34	44	34	41	34	37	33	32	33	26	32	20	30	15	28	11	26	8	25	6	23	5	21	5	18	6	16	8	15	11	15	15	16	19	17	23	17	26	17	28	16	29	16	29	
25:
34	0.327	12	14	13	13	15	11	17	9	18	8	20	8	23	9	27	11	30	14	32	18	33	23	35	27	36	32	36	36	35	39	33	41	30	42	26	42	21	41	16	39	11	36	7	32	4	28	2	23	1	18	1	14	2	11	4	9	7	8	10	8	12	9	13	11	13	13	12	14	12	14	
26:
36	0.515	21	25	22	26	24	27	26	28	29	29	32	29	36	30	39	32	41	34	42	36	42	39	41	43	39	47	36	50	32	52	27	53	21	54	15	54	10	53	6	51	3	48	1	44	0	40	0	36	1	31	1	27	2	24	4	21	7	19	11	18	15	18	18	19	20	21	21	22	21	24	21	25	21	25	
27:
38	0.998	33	49	34	48	36	46	39	43	42	39	45	35	47	31	48	27	48	23	48	20	47	18	45	17	42	17	38	18	33	19	29	20	26	20	24	19	22	17	21	14	20	11	18	9	15	8	12	8	9	9	7	11	6	14	6	18	7	22	9	27	12	33	16	38	20	42	23	45	27	47	30	48	32	48	33	49	33	49	
28:
40	1.27	19	12	20	13	21	15	21	17	22	18	24	18	27	17	31	15	34	12	37	8	40	5	42	3	43	2	43	2	42	3	40	5	38	8	35	12	32	17	30	22	29	28	28	33	26	37	23	40	19	42	14	43	9	43	5	42	2	40	0	37	-1	33	-1	29	0	24	2	20	5	17	9	15	13	14	16	14	18	13	19	12	19	12	
29:
42	1.257	45	2	46	3	48	5	51	8	53	12	54	16	54	21	53	26	51	30	48	33	45	35	42	36	38	36	33	35	27	33	20	31	14	29	9	28	5	28	2	29	0	31	-1	34	-1	38	0	42	2	45	5	47	9	48	14	48	20	47	26	46	32	44	37	41	41	37	45	32	48	27	50	21	51	16	51	12	50	8	48	5	46	3	45	2	45	2	
30:
37	0.758	4	10	4	9	5	7	7	5	9	3	12	2	16	2	20	3	23	5	27	7	31	10	34	14	36	19	38	25	40	31	42	36	45	40	47	43	48	45	48	47	47	49	45	51	42	52	38	52	33	52	27	51	21	49	16	46	12	42	9	37	6	31	4	25	3	20	2	16	2	13	3	11	4	10	4	10	
31:
30	0.033	6	36	5	35	4	34	3	32	3	29	4	25	5	20	7	15	10	10	14	6	19	3	25	1	30	0	34	0	37	1	39	2	41	2	42	3	42	5	41	8	39	12	36	15	32	17	27	19	21	22	16	26	12	30	9	33	7	35	6	36	6	36	
32:
32	0.131	37	3	38	4	40	4	42	5	43	7	44	9	44	12	43	16	41	21	38	25	34	28	29	31	23	33	18	34	13	34	9	33	6	31	4	28	2	24	1	19	1	15	2	11	4	8	7	6	11	5	16	5	22	5	27	6	31	6	34	5	36	4	37	3	37	3	
33:
31	0.033	27	20	28	19	30	18	33	18	37	18	41	18	44	19	46	20	47	20	47	19	46	17	44	15	41	14	37	14	33	13	28	11	22	9	17	8	13	8	10	9	8	11	7	13	7	14	8	14	10	14	13	15	17	17	21	18	24	18	26	19	27	20	27	20	
34:
37	0.276	12	21	13	21	15	22	18	22	21	21	24	20	26	18	27	15	27	11	26	8	26	5	27	3	29	2	31	2	34	2	36	3	37	5	37	8	37	12	37	17	36	23	36	29	36	34	37	38	37	41	38	43	38	44	37	44	35	43	32	41	28	38	23	34	19	30	16	27	14	24	13	22	12	21	12	21	
35:
32	0.502	48	49	47	48	45	46	42	43	40	39	39	35	39	31	40	26	42	20	43	15	43	11	42	7	40	4	37	2	33	1	29	1	26	2	24	4	23	7	22	11	22	16	22	22	23	28	25	33	28	37	31	40	35	44	38	47	42	49	45	50	47	50	48	49	48	49	
36:
39	2.561	28	6	27	7	25	9	22	12	20	15	18	19	17	24	17	30	18	36	20	41	23	45	26	48	30	50	34	51	37	51	39	50	40	49	40	47	39	44	37	41	35	37	33	32	32	26	32	20	32	15	33	11	35	7	38	4	41	2	43	1	44	1	44	2	43	3	41	3	38	4	34	5	31	5	29	6	28	6	28	6	
37:
38	1.81	40	1	40	2	40	4	39	7	37	9	34	10	30	10	25	10	21	10	18	10	15	9	13	9	12	10	12	12	13	15	15	17	18	20	21	24	23	29	24	34	24	38	24	41	23	43	23	44	24	44	26	43	29	42	33	40	37	37	40	33	43	28	45	22	46	16	46	11	45	7	43	4	41	2	40	1	40	1	
38:
41	2.137	28	47	29	47	31	46	33	45	36	43	39	41	42	38	44	34	45	29	45	23	44	18	42	14	39	11	35	8	32	6	29	3	27	1	25	0	24	0	24	1	25	3	25	6	24	9	23	13	21	18	18	22	14	25	10	27	7	28	5	28	4	28	4	29	5	30	7	32	10	34	14	37	18	41	22	44	25	46	27	47	28	47	28	47	
39:
47	0.741	13	49	13	48	14	46	16	43	19	39	22	35	26	32	29	30	31	29	32	29	33	30	34	32	35	35	37	39	40	42	44	44	49	45	53	45	57	44	60	42	62	39	63	35	63	30	62	24	61	18	59	13	56	9	52	6	47	3	41	1	34	0	26	0	19	0	13	1	8	2	4	4	1	7	-1	11	-2	16	-2	22	-1	28	1	34	4	39	7	43	10	46	12	48	13	49	13	49	
40:
36	0.527	8	17	7	18	6	20	5	23	5	26	6	28	7	29	9	29	12	28	16	26	21	24	26	23	30	23	35	24	39	26	42	29	44	33	45	38	45	42	44	46	42	49	39	51	35	52	30	52	24	52	18	51	13	49	9	46	6	42	4	37	3	32	3	27	4	23	5	20	7	18	8	17	8	17	
41:
37	0.369	24	16	23	17	22	19	21	22	21	26	22	31	24	36	26	40	29	43	31	45	33	46	36	46	38	45	39	43	39	40	38	36	36	33	34	31	31	30	27	29	22	29	16	29	11	30	7	32	4	34	2	36	1	37	1	37	2	36	4	35	7	33	11	30	15	26	18	22	21	19	23	17	24	16	24	16	
42:
39	0.094	37	2	36	2	34	2	31	3	27	5	23	8	18	11	14	15	10	18	7	22	5	26	4	31	4	37	5	42	7	46	10	49	14	51	19	52	25	52	30	51	34	49	37	46	39	42	40	37	40	32	39	27	37	23	34	20	31	18	28	15	26	13	25	11	25	9	26	6	28	4	31	2	34	1	36	1	37	2	37	2	
43:
34	0.24	37	22	38	22	40	22	43	23	46	25	48	28	49	32	50	37	50	41	49	44	47	46	44	47	40	47	35	46	29	44	23	43	18	43	14	43	11	43	9	42	8	40	8	37	9	33	11	28	14	24	17	21	20	19	22	17	24	16	27	16	31	17	34	19	36	21	37	22	37	22	
44:
35	0.282	34	23	33	24	32	26	32	29	33	32	35	36	38	40	41	43	43	45	44	48	44	50	43	51	41	51	38	50	34	49	29	47	23	44	18	40	14	35	11	29	9	24	8	20	8	17	9	14	11	12	14	10	18	9	22	9	26	10	29	12	32	15	34	17	35	20	35	22	34	23	34	23	
45:
38	1.13	40	33	39	34	37	36	34	39	30	41	25	42	19	42	14	41	10	39	7	37	5	34	4	30	4	25	5	19	6	13	8	8	11	4	15	1	20	-1	26	-2	32	-2	37	-1	41	1	44	4	46	8	47	13	47	19	46	24	46	28	47	32	48	35	49	37	49	38	48	38	46	37	43	35	41	34	40	33	40	33	
46:
38	0.868	12	31	13	30	15	30	18	29	22	27	26	24	29	20	32	15	34	11	36	7	39	4	41	2	43	1	46	1	48	2	50	4	51	7	52	11	52	16	51	21	49	27	46	32	42	36	37	39	31	41	24	42	18	43	13	43	9	42	6	40	4	37	3	35	3	33	4	32	6	31	9	30	11	30	12	31	12	31	
47:
35	0.27	49	20	50	21	52	23	53	26	53	30	53	34	52	39	50	43	47	46	43	48	38	49	32	49	26	48	20	47	15	47	11	46	7	44	4	41	2	38	1	34	1	29	2	24	4	20	7	17	10	14	14	11	19	9	25	8	31	8	36	9	40	11	43	14	46	17	48	19	49	20	49	20	
48:
39	2.472	43	37	44	38	45	40	45	43	44	46	42	48	39	49	35	49	30	48	24	47	17	46	11	44	6	41	2	37	-1	32	-3	26	-4	20	-4	15	-3	10	-2	6	0	3	3	1	6	0	8	0	9	1	10	3	12	6	13	9	15	13	18	18	22	22	27	25	32	27	36	28	39	29	41	31	42	34	42	36	43	37	43	37	
49:
41	0.314	31	46	32	45	34	43	37	40	41	36	44	31	46	25	47	20	47	15	47	11	47	8	48	6	49	5	49	5	49	6	48	8	46	11	43	13	39	14	34	14	28	13	22	11	16	8	11	5	7	3	4	2	2	2	1	3	1	4	2	5	4	7	7	10	11	14	14	19	16	25	18	31	21	36	25	40	28	43	30	45	31	46	31	46	
50:
42	0.132	17	7	18	6	20	4	22	2	25	1	27	0	29	0	30	1	30	3	29	6	27	10	24	14	20	17	15	19	10	20	6	20	3	19	1	18	0	16	0	13	1	11	3	10	6	10	10	11	14	13	19	15	24	17	29	20	33	24	36	27	38	29	39	30	39	30	38	29	36	27	33	24	29	20	25	16	22	13	20	10	18	8	17	7	17	7	
51:
36	0.171	5	15	6	16	8	18	11	21	14	23	18	26	21	30	23	35	24	39	25	43	25	46	24	48	23	49	21	49	20	48	20	46	21	44	23	41	26	37	30	32	34	27	37	22	39	18	40	13	40	9	39	6	37	4	34	3	30	3	25	3	20	4	15	6	11	9	8	12	6	14	5	15	5	15	
52:
31	0.514	17	21	16	20	14	19	11	18	7	18	4	19	1	21	-1	24	-2	28	-2	33	-1	38	1	42	4	45	8	47	13	48	17	48	20	47	22	45	23	42	23	38	24	33	26	29	28	26	29	24	29	23	28	22	26	21	23	21	20	20	18	20	17	21	17	21	
53:
39	0.66	41	35	40	34	38	32	37	29	37	25	38	20	39	16	41	13	43	9	46	6	48	4	49	2	49	1	48	-1	46	-2	43	-2	39	-1	34	1	28	3	21	4	15	6	10	9	6	13	3	16	1	20	0	25	0	31	1	36	3	40	6	43	10	45	15	46	20	46	26	45	31	43	35	40	38	38	40	36	41	35	41	35	
54:
40	0.443	29	14	30	15	31	15	33	14	36	12	38	9	41	7	44	6	46	6	47	7	47	9	47	12	46	16	45	21	45	26	44	32	42	37	41	41	39	44	36	46	32	47	27	47	21	46	15	44	10	41	6	37	3	32	1	26	0	21	0	17	1	14	3	11	6	9	10	8	14	8	19	8	23	9	26	11	28	13	29	14	29	14	
55:
37	2.933	37	36	36	35	34	34	31	33	27	31	22	28	17	24	12	19	8	15	5	12	3	9	2	6	2	2	3	-1	5	-3	8	-5	12	-6	17	-7	23	-7	29	-6	34	-4	38	-1	41	3	43	7	45	11	46	15	46	18	46	20	45	21	43	21	42	22	42	24	42	27	41	30	40	33	38	35	37	36	37	36	
56:
37	0.281	24	11	23	12	22	14	22	16	22	19	23	23	25	26	28	28	32	29	37	29	41	28	44	28	46	29	47	31	47	34	46	38	45	41	43	43	40	44	36	46	31	47	25	47	19	46	14	44	10	41	7	37	5	32	4	28	4	25	5	23	7	22	10	20	14	17	18	14	21	12	23	11	24	11	24	11	
57:
34	0.205	9	3	10	4	10	6	9	9	7	13	4	17	2	20	1	22	1	23	2	23	3	22	5	20	6	19	8	19	11	20	15	22	18	25	20	28	21	31	23	33	26	34	29	34	31	33	32	31	32	28	31	24	29	21	26	19	23	16	19	12	15	9	12	6	10	4	9	3	9	3	
58:
35	0.755	26	36	25	35	23	33	20	30	16	28	13	25	9	21	6	17	3	14	1	12	0	10	0	8	1	7	3	7	6	7	10	7	15	8	21	8	28	7	34	5	39	3	43	2	46	2	48	3	49	4	49	6	48	9	46	12	43	16	39	21	35	26	32	30	29	33	27	35	26	36	26	36	
59:
36	0.484	43	21	44	21	46	20	47	20	47	20	46	20	44	19	42	17	40	14	39	10	39	7	39	5	38	4	36	4	33	5	30	7	27	10	25	14	24	19	23	25	23	31	24	36	26	40	29	43	33	45	38	46	42	46	45	45	47	43	48	40	48	36	47	31	45	27	44	24	43	22	43	21	43	21	
60:
34	0.193	26	27	25	26	23	26	20	26	17	25	13	23	10	20	8	17	7	13	7	10	8	7	10	5	12	4	15	4	19	5	24	7	28	10	32	14	35	19	37	25	38	30	40	34	43	37	45	39	46	40	46	40	45	40	43	39	40	37	36	34	32	31	29	29	27	28	26	27	26	27	
61:
38	1.072	49	28	48	29	46	31	43	33	39	36	35	40	31	43	27	45	23	46	18	47	14	47	11	46	9	45	8	43	8	40	9	36	10	31	12	25	15	19	18	14	21	10	23	7	24	5	24	4	23	4	22	5	22	7	23	10	25	14	26	18	28	22	31	25	35	27	39	29	43	30	46	30	48	29	49	28	49	28	
62:
27	0.043	29	33	29	32	28	30	28	27	29	24	31	21	34	18	38	16	42	13	45	10	47	8	49	7	50	7	50	8	49	10	49	13	49	17	49	22	48	27	46	31	44	34	41	36	37	37	34	37	32	36	30	34	29	33	29	33	
63:
36	0.162	16	49	16	48	16	46	17	43	18	39	20	35	22	32	25	29	29	27	34	26	38	26	41	27	43	27	44	26	44	24	43	21	41	17	38	14	34	11	30	9	25	8	19	7	14	7	10	8	7	10	4	13	2	17	1	21	1	26	2	30	4	34	7	39	10	43	13	46	15	48	16	49	16	49	
64:
32	0.098	4	6	4	7	4	9	4	12	5	16	7	20	10	24	14	27	19	30	23	32	28	33	34	35	39	36	43	36	46	35	48	33	49	30	49	26	48	21	47	15	45	10	42	6	39	3	35	1	30	0	24	-1	19	-1	14	0	10	2	7	4	5	5	4	6	4	6	
65:
32	0.815	11	26	12	25	14	23	17	21	20	20	24	20	29	21	34	23	38	26	41	29	43	33	44	36	44	38	43	39	41	39	39	38	36	38	32	38	29	39	27	41	25	43	23	45	20	46	17	46	15	45	13	43	11	40	10	36	9	32	9	29	10	27	11	26	11	26	
66:
36	0.674	7	2	8	1	10	0	13	0	17	0	21	1	26	3	31	6	35	10	38	15	40	21	41	27	41	32	40	36	38	39	35	41	32	42	28	42	24	43	21	45	19	47	18	48	16	48	13	47	9	45	6	42	3	38	1	34	-1	29	-2	23	-2	17	-1	12	1	8	4	5	6	3	7	2	7	2	
67:
37	0.785	25	20	24	20	22	21	20	23	19	25	17	27	15	29	12	30	10	30	7	29	4	28	1	28	-1	29	-2	31	-2	34	-1	38	1	43	4	47	8	50	12	52	17	53	23	53	28	52	32	50	35	47	37	43	38	38	40	32	41	27	41	23	40	20	38	18	35	17	31	17	28	18	26	19	25	20	25	20	
68:
42	0.806	22	35	23	34	25	32	28	29	31	25	35	20	38	15	42	11	45	7	47	4	48	2	49	1	49	1	48	2	46	4	43	7	39	11	34	16	28	20	22	23	16	25	11	26	7	26	3	26	0	27	-2	29	-3	32	-3	35	-2	39	0	43	3	46	7	48	11	50	15	51	19	51	22	50	24	48	25	45	25	41	24	38	23	36	22	35	22	35	
69:
40	1.015	44	34	45	35	46	36	47	38	47	41	46	44	46	46	45	47	43	47	40	46	36	44	31	41	26	39	21	38	17	37	14	36	12	36	11	35	11	33	12	30	14	27	16	23	17	18	18	13	20	9	23	6	27	4	31	3	34	3	36	4	37	6	37	9	36	12	36	16	37	21	38	25	39	28	41	31	43	33	44	34	44	34	
70:
39	1.062	25	40	26	41	26	43	27	46	27	48	26	49	24	49	21	48	17	46	13	43	10	39	8	34	7	29	5	23	4	16	4	10	5	5	7	1	10	-2	14	-4	19	-5	25	-5	30	-4	34	-2	37	1	39	4	40	6	40	9	39	12	37	14	35	16	32	18	29	21	27	25	26	30	26	34	26	37	26	39	25	40	25	40	
71:
37	0.373	28	31	27	32	25	34	22	37	20	41	19	44	19	46	18	47	16	47	13	46	9	44	6	41	4	37	2	32	0	26	-1	20	-2	15	-2	11	-1	8	1	5	4	3	8	2	13	2	19	3	25	4	30	4	34	4	37	5	39	7	40	9	40	12	39	16	37	21	34	25	31	28	29	30	28	31	28	31	
72:
32	0.653	12	43	13	42	14	40	15	37	16	33	16	28	15	22	14	16	13	11	13	7	14	4	16	2	19	0	22	-1	26	-1	31	0	35	2	38	3	40	4	41	6	42	9	42	13	41	18	39	23	36	28	32	32	27	35	22	37	18	38	15	40	13	42	12	43	12	43	
73:
33	0.632	33	2	32	2	30	1	27	1	23	0	20	0	17	0	15	1	14	3	14	5	15	8	17	12	20	17	22	23	23	29	23	34	23	38	24	41	24	43	25	44	27	44	28	43	28	41	27	38	27	34	28	29	28	23	28	17	29	12	30	8	32	5	33	3	33	2	33	2	
74:
38	0.319	46	30	47	31	49	33	50	35	50	38	50	42	49	46	47	49	45	51	42	53	38	54	34	54	31	53	29	51	28	48	28	44	29	39	31	34	33	28	34	21	34	15	33	10	31	6	28	3	26	1	25	0	24	0	24	1	25	3	27	6	29	10	31	14	33	19	36	23	40	26	43	28	45	29	46	30	46	30	
75:
33	0.146	45	27	46	26	46	24	45	21	43	17	40	14	36	11	32	9	27	8	22	8	18	8	15	9	13	11	12	14	12	18	13	23	14	29	14	35	13	40	11	44	10	47	10	49	11	50	13	50	16	49	20	47	25	44	30	41	35	37	39	33	42	30	44	28	45	27	45	27	
76:
34	0.131	46	26	47	27	48	29	49	32	49	35	48	39	46	42	43	44	39	45	34	45	28	45	21	46	15	46	10	45	6	43	3	40	1	36	0	31	0	27	1	24	3	22	6	19	10	16	14	14	19	12	25	11	30	11	34	12	37	14	40	17	43	20	45	23	46	25	46	26	46	26	
77:
42	2.152	23	10	22	9	20	9	17	10	13	11	9	13	5	16	2	20	0	25	-1	30	-1	36	0	41	2	45	5	48	8	50	11	51	15	51	20	50	26	48	33	45	39	41	44	36	48	31	51	25	53	19	54	14	54	10	53	7	51	5	49	4	48	4	48	5	48	7	47	10	45	13	42	15	38	16	33	16	29	15	26	13	24	11	23	10	23	10	
78:
31	0.291	17	47	16	47	14	48	12	48	11	48	11	47	12	46	13	44	14	41	14	37	13	33	12	28	12	24	13	21	15	19	18	18	22	18	27	19	31	21	34	24	36	28	37	32	37	35	36	37	34	39	31	41	27	43	23	45	20	46	18	47	17	47	17	47	
79:
30	0.698	44	49	43	48	41	46	39	43	38	39	36	34	35	28	35	22	36	17	36	12	35	8	33	5	31	3	29	2	27	2	25	3	24	5	24	8	25	12	26	17	26	22	27	27	28	33	30	38	33	42	36	45	38	47	41	48	43	48	44	49	44	49	
80:
39	0.168	32	46	31	45	29	43	26	41	22	40	18	40	14	41	11	42	9	44	8	46	8	47	7	47	6	46	5	44	5	41	6	37	7	32	9	26	12	20	16	15	21	11	25	7	28	4	32	2	37	1	42	1	46	2	49	4	51	7	52	10	52	14	51	19	49	25	46	31	42	36	38	40	35	43	33	45	32	46	32	46	
81:
34	0.321	13	18	12	19	10	21	9	24	7	28	6	32	5	35	5	37	5	38	6	38	8	37	11	36	15	34	20	32	26	31	32	31	37	32	41	34	44	36	46	37	47	37	47	36	46	34	44	31	41	27	39	23	36	20	32	17	28	15	23	14	19	14	16	15	14	17	13	18	13	18	
82:
36	0.148	7	35	6	34	4	33	2	31	0	28	-1	24	-1	19	0	14	1	9	3	5	6	2	10	0	14	-1	18	-1	21	0	23	2	24	5	24	9	23	14	22	19	21	25	21	31	22	36	23	40	25	43	26	46	27	48	27	49	26	49	24	48	21	46	17	43	13	40	10	38	8	36	7	35	7	35	
83:
34	0.43	48	1	47	0	45	0	42	0	38	-1	33	-1	29	0	26	2	23	5	21	9	20	13	20	16	21	19	23	22	26	25	29	28	32	32	34	36	35	39	35	41	34	42	33	42	33	41	34	39	36	36	39	32	41	27	42	22	44	16	45	11	45	7	46	4	47	2	48	1	48	1	
84:
31	0.124	7	34	8	35	10	37	13	38	17	38	22	37	28	35	33	32	37	28	40	23	42	19	43	15	43	12	42	10	40	8	37	7	33	6	28	6	23	5	17	5	12	6	8	8	5	10	3	13	2	16	2	20	2	24	3	28	4	31	6	33	7	34	7	34	
85:
37	0.242	41	39	40	38	38	36	35	33	31	30	28	28	26	27	24	27	23	28	22	30	20	32	17	34	13	35	10	35	6	34	3	32	1	29	0	25	0	20	1	15	3	11	6	8	10	6	14	4	19	3	25	3	31	4	36	6	40	9	43	13	45	18	46	24	46	29	45	33	44	36	42	38	41	39	41	39	
86:
35	0.676	13	13	12	12	10	11	7	11	4	12	2	14	0	17	-1	21	-1	24	0	26	2	27	5	27	9	26	14	26	20	26	25	27	29	29	32	32	34	36	35	40	35	43	34	45	32	46	30	46	29	45	29	43	29	40	28	37	26	33	23	28	19	23	16	19	14	16	13	14	13	13	13	13	
87:
44	1.255	6	30	5	31	3	32	2	34	2	37	3	41	4	44	6	46	9	47	13	47	17	46	21	44	24	41	26	37	27	32	27	27	28	22	30	18	33	15	37	13	41	12	44	12	46	12	47	11	47	9	46	6	44	3	41	0	37	-2	32	-3	26	-5	20	-6	14	-6	9	-5	5	-3	2	0	0	4	-1	9	-1	15	0	20	1	24	3	27	5	29	6	30	6	30	
88:
36	0.328	48	27	47	28	45	30	42	33	40	36	38	39	36	42	34	44	31	45	27	45	22	44	18	43	14	42	11	42	7	41	4	39	2	36	1	32	1	27	1	21	1	16	1	12	2	8	4	5	6	3	9	2	13	2	18	3	22	5	27	8	33	12	38	17	42	21	45	24	47	26	48	27	48	27	
89:
37	0.061	25	48	25	47	26	45	26	42	25	38	23	34	20	31	16	28	11	26	7	24	4	23	2	23	1	24	1	24	2	23	4	21	7	18	11	14	16	11	21	8	27	6	33	5	38	5	42	5	45	6	47	8	48	11	48	15	47	20	45	24	42	28	38	33	34	38	31	42	28	45	26	47	25	48	25	48	
90:
37	0.647	19	19	20	20	20	22	19	25	18	27	17	28	15	28	13	27	10	25	8	22	7	18	7	13	8	9	10	6	13	4	17	3	21	2	26	2	32	3	37	5	41	7	44	10	46	14	48	19	49	23	49	26	48	28	46	29	44	29	41	28	37	26	32	24	28	23	25	23	22	22	20	20	19	19	19	19	
91:
41	1.311	17	28	18	29	20	31	23	32	27	32	32	31	37	29	41	26	44	22	46	17	47	11	48	6	48	1	47	-3	45	-6	43	-8	40	-9	36	-10	31	-10	25	-9	19	-7	13	-4	8	-1	4	3	1	8	-1	14	-2	21	-2	27	-1	32	1	36	4	39	8	41	12	42	15	42	17	41	19	39	20	36	20	33	19	31	18	29	17	28	17	28	
92:
30	0.317	10	37	9	37	7	37	4	37	2	36	1	34	1	31	2	28	4	26	7	25	10	24	14	24	19	25	25	25	30	25	34	25	37	26	39	28	40	31	40	33	39	34	37	34	34	34	30	34	25	33	20	33	16	33	13	34	11	36	10	37	10	37	
93:
31	0.163	23	31	22	32	20	33	17	33	15	32	14	31	14	29	15	26	17	22	18	17	20	13	23	10	27	8	32	7	37	7	41	8	44	10	46	12	47	14	47	17	46	21	44	26	42	30	39	33	35	35	31	36	28	36	26	35	25	34	24	32	23	31	23	31	
94:
36	0.541	48	8	48	7	48	5	47	4	45	2	42	0	38	-2	33	-3	27	-3	21	-2	15	0	10	3	6	6	3	10	1	15	0	21	0	26	1	30	3	33	6	36	10	38	14	39	19	39	23	39	27	39	31	38	34	36	37	33	39	29	40	25	40	21	41	17	43	14	45	11	47	9	48	8	48	8	
95:
32	0.57	27	27	26	27	24	27	21	26	19	24	17	21	16	19	16	17	16	16	16	16	15	17	13	19	12	21	10	22	7	23	3	23	0	24	-2	26	-3	29	-3	33	-2	37	-1	40	1	42	4	43	8	43	12	42	15	40	19	37	22	33	24	30	26	28	27	27	27	27	
96:
35	0.178	47	24	46	25	44	27	41	29	37	32	32	35	27	39	23	43	20	46	18	48	15	49	11	49	7	48	4	46	2	43	1	39	1	34	2	29	4	24	7	19	11	15	14	12	16	10	17	9	19	9	21	10	23	12	26	15	30	19	34	22	37	24	41	25	44	25	46	25	47	24	47	24	
97:
34	0.155	35	32	36	33	36	35	35	38	33	42	30	45	26	47	23	48	20	48	18	47	17	45	17	42	17	38	17	33	16	27	14	21	11	16	7	12	4	9	2	6	1	4	1	3	2	2	4	2	7	3	11	5	15	8	20	12	24	17	27	22	29	26	32	29	34	31	35	32	35	32	
98:
37	0.623	34	30	33	31	31	32	29	34	28	35	27	35	27	34	27	32	26	29	24	25	21	22	17	20	12	19	8	18	5	18	3	18	2	17	2	15	3	12	5	8	8	5	12	3	16	2	21	2	26	1	31	0	35	0	38	1	40	3	41	6	41	10	40	15	38	20	36	24	35	27	34	29	34	30	34	30	
99:
36	1.177	34	11	35	10	37	8	39	6	40	3	40	1	40	0	40	0	40	1	40	3	40	6	39	10	37	14	36	19	35	24	33	28	30	31	26	33	22	34	17	34	13	33	10	31	7	28	5	24	4	20	4	16	5	13	7	11	10	10	14	10	19	10	24	10	28	11	31	12	33	12	34	11	34	11	