0:
63	7.4	78	85	79	84	81	83	84	83	87	84	89	86	92	89	94	91	96	92	98	92	100	91	101	89	101	86	100	82	98	77	95	72	91	68	86	65	80	63	73	62	65	62	58	63	51	65	44	66	37	66	31	67	26	67	22	66	19	64	17	61	16	57	16	53	17	48	19	42	22	37	26	33	31	29	37	25	44	21	52	18	59	15	65	13	70	12	74	12	77	11	79	11	80	12	80	14	79	17	77	21	74	26	70	32	67	39	65	47	64	54	64	61	65	67	67	72	69	76	72	79	75	82	77	84	78	85	78	85	
1:
55	10.906	39	41	38	40	36	39	33	38	29	38	25	39	21	41	17	44	14	48	12	53	11	59	11	66	12	72	14	77	17	81	21	86	26	90	32	93	37	95	41	96	45	97	48	97	50	96	51	94	51	91	50	87	50	82	51	78	53	75	56	72	60	69	65	65	71	60	77	54	82	47	86	40	89	34	91	29	92	25	92	22	91	20	89	19	86	19	82	19	77	20	71	22	65	25	60	27	56	30	52	32	48	35	45	38	42	40	40	41	39	41	39	41	
2:
49	0.442	63	46	64	47	64	49	65	52	65	56	66	61	67	67	68	73	68	79	67	84	65	88	62	91	58	93	53	94	47	94	41	93	35	92	30	90	25	87	21	83	17	78	14	72	11	65	9	57	8	48	8	39	9	31	11	24	14	18	18	13	23	9	27	6	30	4	34	3	39	3	45	4	51	6	56	9	60	11	64	13	67	16	69	20	70	25	70	31	69	36	67	40	65	43	64	45	63	46	63	46	
3:
64	7.762	35	22	36	21	38	20	41	18	45	15	50	13	56	11	62	10	68	10	73	11	77	13	80	16	82	20	83	23	83	27	82	32	80	38	77	45	75	52	74	58	74	63	75	67	77	70	80	72	83	73	87	75	90	77	92	80	93	83	93	87	92	91	90	94	87	96	83	97	78	97	72	96	65	95	57	93	48	90	40	86	32	82	25	77	19	71	14	64	10	57	7	51	5	45	4	40	4	35	5	31	7	28	10	26	14	25	18	25	21	26	23	28	24	30	26	31	27	31	29	30	32	28	34	25	35	23	35	22	35	22	
4:
65	12.991	44	54	43	55	41	57	38	60	34	63	31	67	28	71	26	74	25	76	25	77	26	77	28	76	31	75	35	73	40	70	46	66	53	62	61	59	68	55	74	51	80	47	85	42	90	37	94	33	97	29	99	26	100	24	100	23	99	23	97	24	94	26	90	29	86	33	83	36	81	38	79	39	76	39	73	38	69	36	65	33	61	29	56	24	50	18	43	13	35	9	28	6	22	4	17	3	13	3	10	4	8	5	7	5	7	6	8	8	10	11	13	15	17	20	20	26	24	33	29	39	34	44	38	48	41	51	43	53	44	54	44	54	
5:
66	72.519	66	82	65	81	63	79	61	76	58	72	54	67	51	61	47	54	42	47	37	40	32	34	28	28	25	23	21	19	17	16	14	14	11	13	9	13	8	14	7	16	7	19	8	22	8	26	8	31	9	37	11	44	14	52	17	61	19	69	22	76	26	82	31	87	36	91	42	94	49	96	56	97	63	97	69	96	74	94	79	91	83	87	86	82	89	77	91	71	92	65	92	59	92	53	92	48	91	44	89	41	86	39	84	38	81	38	79	39	77	41	76	44	75	48	75	53	74	58	73	62	72	67	72	72	71	76	69	79	67	81	66	82	66	82	
6:
62	4.929	22	10	21	10	19	10	16	11	12	13	8	16	5	20	2	24	0	29	-1	34	-1	38	0	43	2	47	5	50	8	52	10	54	11	55	11	55	10	54	9	52	9	49	10	45	12	42	15	40	19	38	24	37	30	37	37	37	44	36	51	36	58	37	66	39	73	42	79	46	84	50	88	53	91	55	94	57	97	58	101	58	104	57	106	55	107	52	107	48	106	43	104	37	101	30	97	24	93	19	88	14	82	10	75	7	67	4	58	2	50	1	43	1	37	2	32	3	28	5	25	7	23	9	22	10	22	10	
7:
69	29.265	47	20	48	19	50	19	53	19	57	20	62	22	68	25	74	29	80	34	85	40	89	46	92	53	94	59	95	64	95	68	94	71	93	73	91	75	88	77	84	78	80	78	77	77	74	76	72	76	69	77	66	79	64	82	63	86	63	90	64	93	66	95	67	96	67	96	66	95	64	93	61	90	57	88	52	87	46	87	39	88	31	89	23	89	15	88	7	86	0	83	-6	79	-11	74	-15	68	-18	61	-20	53	-21	44	-21	36	-20	28	-19	21	-17	15	-14	10	-10	6	-5	3	1	1	8	0	16	0	23	1	29	3	34	6	38	10	41	14	44	17	46	19	47	20	47	20	
8:
61	21.201	25	29	25	28	26	26	27	23	29	19	32	15	36	12	41	10	47	9	54	9	61	9	68	10	74	12	79	15	83	19	86	24	88	30	89	37	90	44	90	52	89	59	87	65	84	70	80	74	75	78	69	81	62	83	55	84	47	84	40	83	34	82	28	81	23	81	19	82	16	83	14	84	12	85	11	86	11	86	12	85	14	83	17	81	20	78	22	74	23	69	23	63	22	56	20	48	17	41	14	35	12	30	10	26	9	23	9	21	10	20	12	20	15	21	19	23	22	26	24	28	25	29	25	29	
9:
60	14.925	83	74	84	75	86	76	89	78	92	81	94	85	95	89	95	92	94	94	92	95	89	95	87	94	84	92	80	89	75	85	69	80	64	74	60	68	56	61	51	54	45	47	38	41	31	36	25	32	20	29	16	27	13	26	11	26	10	27	9	29	9	31	10	32	12	32	15	31	19	29	22	26	24	22	25	18	27	13	29	9	32	6	36	4	41	3	47	3	54	4	62	6	69	9	75	13	80	18	84	24	87	31	89	39	90	46	90	53	89	59	88	64	86	68	85	71	84	73	83	74	83	74	
10:
62	7.109	97	64	96	65	94	67	91	70	87	74	82	77	76	80	69	82	61	83	52	83	43	82	35	82	28	83	22	85	16	86	11	88	7	89	4	89	2	88	1	87	1	85	2	82	4	78	7	74	11	69	16	63	22	58	29	53	36	49	42	46	47	44	51	41	54	37	56	32	57	26	57	21	56	17	54	14	51	12	47	11	43	11	39	12	36	14	34	17	33	21	33	26	34	32	36	37	38	41	41	44	45	46	50	48	56	51	63	55	70	59	76	62	82	64	87	65	91	66	94	66	96	65	97	64	97	64	
11:
69	94.946	47	69	46	68	44	66	41	65	38	65	35	66	33	68	32	71	32	75	33	80	34	84	35	87	35	89	34	90	32	90	29	89	26	87	22	84	17	80	12	75	8	69	5	62	3	56	2	51	2	47	3	43	5	39	8	36	12	34	17	32	23	30	30	29	38	29	47	30	55	31	63	31	70	31	76	30	81	28	85	26	88	23	90	19	91	14	91	8	90	3	88	-1	85	-5	81	-8	76	-10	70	-11	64	-11	59	-10	55	-8	52	-5	50	-1	49	4	49	10	50	17	50	24	51	32	53	40	55	47	56	53	56	58	55	62	53	65	50	67	48	68	47	69	47	69	
12:
68	4.15	35	64	36	63	36	61	37	58	39	55	42	53	46	52	51	51	55	51	58	52	60	54	61	57	62	61	62	65	61	68	59	70	56	71	53	71	51	72	50	74	50	77	51	79	53	81	56	84	60	86	65	89	71	92	76	94	81	95	85	95	88	94	90	92	91	89	91	85	90	80	88	74	85	69	81	63	76	57	71	52	65	48	58	45	50	41	43	36	37	30	32	23	26	17	21	12	17	8	13	5	9	3	6	2	4	2	3	3	3	5	4	8	5	12	7	17	10	23	14	30	19	37	23	43	26	49	29	54	32	58	34	61	35	63	35	64	35	64	
13:
57	2.181	21	9	22	10	24	12	27	15	30	19	32	24	33	30	33	37	32	45	30	52	27	58	23	63	18	67	13	70	9	73	6	75	4	78	3	82	2	86	2	89	3	91	5	92	8	92	12	91	17	89	23	88	29	88	36	88	43	87	50	85	57	82	64	78	71	75	77	73	82	72	86	70	89	67	91	63	92	59	92	55	91	50	89	44	87	37	84	30	80	23	75	17	69	12	63	8	56	5	49	3	42	2	36	2	31	3	27	5	24	7	22	8	21	9	21	9	
14:
68	59.802	9	80	10	81	12	83	15	86	19	89	24	91	30	92	36	92	41	91	45	89	48	86	50	82	51	77	53	71	56	65	59	59	63	52	68	44	74	36	80	29	85	22	89	16	92	11	94	7	95	4	95	2	94	1	92	1	89	1	85	2	81	4	76	7	70	11	63	16	56	21	50	25	45	28	41	30	38	31	36	31	35	30	35	28	36	25	37	21	37	16	36	11	35	7	33	4	30	2	26	1	23	1	19	2	15	4	12	7	9	11	7	16	6	22	6	29	7	37	8	45	8	52	8	59	7	65	7	70	8	74	9	77	9	79	9	80	9	80	
15:
64	6.492	4	28	5	29	5	31	5	34	5	38	6	43	6	48	5	54	4	61	3	69	3	76	3	82	4	87	6	91	9	94	13	96	18	97	23	97	28	96	34	94	39	91	45	87	51	82	58	76	65	69	71	61	78	54	84	47	89	39	93	32	96	26	98	21	99	17	99	14	98	12	96	11	93	11	89	12	85	13	82	13	79	12	77	10	76	7	76	5	77	4	77	4	77	5	76	7	74	10	72	14	69	19	65	25	60	30	54	34	47	37	39	39	32	40	25	40	19	39	14	37	10	34	7	31	5	29	4	28	4	28	
16:
71	11.126	87	53	86	52	84	50	81	47	77	43	74	38	70	33	65	29	59	25	52	22	44	20	36	19	29	19	22	20	16	22	11	25	7	29	4	33	2	36	1	38	1	39	2	39	4	38	6	36	9	33	13	29	18	24	24	20	31	16	39	13	46	11	52	10	57	9	61	9	64	10	66	12	67	15	67	19	66	24	64	30	61	36	57	42	53	47	48	53	42	59	37	65	33	72	29	79	26	86	24	92	23	97	23	101	24	104	26	106	29	108	33	109	38	109	44	108	51	106	57	103	63	99	69	94	74	88	79	81	83	74	86	68	88	63	89	59	89	56	88	54	87	53	87	53	
17:
64	23.121	96	28	95	29	93	31	92	34	91	38	89	43	86	49	84	56	83	64	81	71	78	78	76	84	73	89	71	93	68	96	64	98	59	99	54	99	49	98	45	96	42	93	40	90	39	86	37	81	34	75	31	68	27	60	22	53	16	47	11	42	7	38	4	35	2	33	1	31	1	29	2	26	4	23	7	21	11	20	16	18	22	17	29	16	37	16	44	15	50	13	55	12	59	12	62	13	64	15	65	18	65	22	64	27	64	31	65	34	67	36	69	38	72	39	76	39	81	38	86	36	90	34	93	31	95	29	96	28	96	28	
18:
72	14.61	29	15	28	16	28	18	27	21	27	25	28	30	30	36	33	43	37	51	42	60	48	68	53	75	57	81	60	86	63	90	65	93	66	95	66	96	65	96	63	95	60	93	56	90	51	86	45	81	38	75	31	68	24	60	18	51	13	42	9	34	6	27	3	19	1	12	0	6	0	1	1	-5	3	-10	6	-14	10	-18	15	-21	21	-23	28	-24	36	-24	44	-23	53	-21	61	-18	68	-14	74	-10	79	-6	84	-1	88	5	91	12	93	20	94	27	94	33	94	38	93	42	91	45	88	47	84	48	79	48	73	47	67	45	60	42	54	38	49	33	44	28	39	24	35	21	32	18	30	16	29	15	29	15	
19:
64	78.413	96	43	97	44	97	46	96	49	94	53	91	57	87	61	83	65	79	69	76	74	74	79	73	83	73	88	72	92	70	95	67	97	63	98	58	99	52	99	46	98	41	96	37	93	33	89	30	84	28	79	27	75	27	72	28	69	30	67	33	66	37	64	42	61	46	57	49	52	52	46	56	39	61	32	66	25	70	19	73	14	75	10	76	7	76	5	75	4	73	4	70	5	67	7	65	10	63	14	62	19	62	24	61	30	61	36	62	41	64	45	67	48	71	50	76	51	81	51	86	50	90	48	93	46	95	44	96	43	96	43	
20:
54	2.87	92	78	91	79	89	81	86	82	82	82	77	81	72	79	67	76	61	74	54	73	48	73	43	74	39	76	35	79	31	82	27	85	24	87	22	88	20	88	19	87	18	85	18	82	18	78	18	73	18	67	18	60	18	52	18	44	18	36	18	29	17	23	15	18	14	14	14	11	15	9	16	8	18	8	19	9	21	10	24	12	28	15	33	19	39	24	46	29	52	35	58	42	64	50	71	57	77	63	82	68	86	72	89	75	91	77	92	78	92	78	
21:
73	13.506	87	63	86	62	84	61	81	59	77	57	72	55	66	54	60	52	53	51	45	51	37	52	30	53	24	55	18	58	13	62	9	67	6	73	4	80	3	87	3	93	4	98	6	102	9	105	13	107	18	108	24	108	31	107	39	105	48	102	57	98	65	93	73	87	80	80	86	73	91	66	95	58	98	49	100	40	101	32	101	25	100	19	98	14	95	10	91	7	86	5	80	3	73	2	67	2	60	3	54	4	47	5	41	6	36	8	32	10	29	13	27	16	26	20	26	25	27	30	29	35	32	40	36	44	41	48	46	52	52	55	59	58	66	60	72	61	77	61	81	61	84	62	86	63	87	63	87	63	
22:
69	9.564	81	42	80	43	78	45	75	47	71	48	66	48	62	47	59	45	56	42	54	38	52	33	49	28	45	24	42	19	40	15	39	10	39	5	40	0	42	-4	45	-7	49	-9	54	-10	60	-10	67	-9	74	-7	80	-4	85	0	89	5	92	11	94	18	95	26	96	35	96	45	95	54	93	62	90	69	86	75	81	80	75	84	68	87	60	89	51	90	42	90	34	89	27	87	21	84	16	82	12	79	9	75	7	70	6	64	6	57	7	51	9	46	12	42	16	39	21	37	27	36	34	36	42	37	50	39	57	42	63	44	68	45	72	46	75	46	78	45	80	43	81	42	81	42	
23:
63	18.471	81	83	80	84	78	86	75	89	71	92	66	94	60	95	53	95	47	94	40	92	34	89	29	85	25	80	21	75	18	71	16	68	15	66	15	65	16	64	18	63	21	61	23	58	25	54	27	49	30	43	34	38	39	34	45	29	52	25	60	22	67	20	73	19	78	19	82	19	85	20	87	22	88	24	88	27	87	29	85	32	82	35	78	37	74	38	70	38	67	39	65	41	64	43	64	45	65	46	67	46	69	46	72	47	76	48	80	50	83	53	85	57	86	62	87	68	87	73	86	77	84	80	82	82	81	83	81	83	
24:
73	6.969	94	59	93	60	91	62	88	64	84	65	79	65	73	64	67	63	62	61	58	58	54	54	51	49	49	43	48	37	48	32	49	27	51	23	54	20	58	18	63	17	67	15	71	13	74	10	76	6	77	3	77	1	76	0	74	-1	71	-1	67	0	62	2	56	5	49	8	41	12	34	17	28	23	23	28	19	32	16	35	14	37	13	38	12	38	11	37	10	36	8	36	7	37	7	39	8	42	9	46	10	51	10	57	10	64	10	72	9	79	9	85	10	90	12	94	15	97	19	99	24	100	30	100	37	99	45	97	54	94	62	90	69	85	75	80	80	74	84	69	88	65	91	62	93	60	94	59	94	59	
25:
63	6.326	94	86	93	85	92	83	90	81	87	80	83	80	78	81	72	83	65	86	57	89	48	91	39	92	31	94	24	95	18	95	13	94	8	92	4	89	1	85	-1	80	-2	74	-2	67	-1	59	1	51	4	44	8	38	13	32	19	27	24	23	28	20	33	18	37	17	42	17	46	17	49	18	51	20	52	23	52	27	51	31	50	36	49	40	49	45	50	49	52	52	55	54	59	55	64	55	70	54	77	52	84	51	90	51	95	51	99	52	102	54	104	57	105	61	105	66	104	71	102	76	100	80	97	83	95	85	94	86	94	86	
26:
65	15.709	77	93	78	92	80	91	83	89	86	87	89	84	91	80	92	75	92	71	91	67	89	62	86	56	82	51	77	47	72	42	68	36	65	31	62	25	60	20	59	16	59	13	60	11	62	10	64	10	66	11	67	13	67	16	67	20	66	25	64	31	61	38	57	44	52	49	46	54	40	58	34	62	27	65	21	67	15	68	10	68	6	67	3	66	1	66	0	66	0	67	1	69	3	72	6	75	9	79	13	82	16	86	18	91	21	96	25	100	30	103	36	105	43	106	50	106	56	105	62	104	67	102	71	99	74	96	76	94	77	93	77	93	
27:
57	4.6	98	38	97	39	95	41	93	44	90	48	86	53	83	59	79	66	74	73	70	79	67	84	65	89	64	93	63	96	62	98	60	99	57	99	53	98	48	96	43	93	39	89	36	84	33	78	31	71	30	63	30	55	29	48	29	42	29	37	29	33	30	30	30	28	29	27	27	27	26	28	26	30	27	33	29	37	32	42	36	48	41	53	46	57	52	60	59	62	67	63	74	63	80	62	86	60	91	59	95	57	98	55	100	52	101	48	101	44	100	41	99	39	98	38	98	38	
28:
63	2.225	68	24	68	23	68	21	69	18	69	14	70	10	70	7	70	5	71	4	73	4	75	5	78	7	81	10	84	14	87	19	91	23	94	26	96	28	97	31	97	35	96	40	94	46	91	53	87	59	82	64	76	70	70	75	64	80	58	84	51	87	45	89	39	90	34	90	30	89	26	87	21	84	16	80	11	75	7	69	4	62	2	54	1	45	1	37	1	29	2	22	4	16	7	11	10	7	13	4	17	2	20	1	24	1	27	2	31	4	36	7	42	11	47	14	53	16	58	19	62	21	65	22	67	23	68	24	68	24	
29:
65	21.185	37	65	38	64	40	62	43	59	47	57	52	55	57	54	63	54	69	55	74	57	79	60	83	64	86	69	89	74	93	79	96	84	98	88	99	91	99	93	98	94	96	94	94	93	91	91	89	88	88	84	88	79	89	73	91	66	93	60	95	53	96	46	96	40	95	35	93	31	90	28	86	26	81	25	75	25	68	26	61	28	54	31	48	35	41	40	34	45	28	49	21	53	15	56	10	59	6	61	3	62	1	64	0	67	0	71	1	75	3	78	6	80	9	81	13	81	18	80	23	78	27	75	31	71	34	68	36	66	37	65	37	65	
30:
63	15.985	67	29	67	28	66	26	64	23	63	19	62	15	61	12	59	9	57	7	56	6	54	6	51	7	48	9	44	12	41	16	38	21	34	26	31	32	28	39	26	47	25	56	25	64	26	71	28	78	31	85	34	91	38	96	43	100	49	103	56	105	64	106	72	106	79	105	85	103	90	101	94	98	97	94	99	89	100	83	100	76	99	68	97	59	94	50	92	42	91	35	91	29	92	24	94	20	96	17	98	15	99	14	99	13	98	13	96	14	93	16	89	19	84	23	79	26	75	28	72	29	70	29	68	29	67	29	67	29	
31:
55	8.761	90	96	91	95	92	93	94	90	96	86	98	81	99	75	99	68	98	60	96	53	93	47	89	42	84	38	78	35	73	32	69	30	66	27	64	24	63	21	62	19	60	18	57	18	54	19	51	21	49	24	47	28	45	32	43	36	42	41	42	47	43	54	43	61	42	69	40	76	37	82	33	87	30	91	28	94	27	96	27	97	28	99	30	100	33	100	37	99	42	98	48	98	55	99	62	100	69	101	75	101	80	101	84	100	87	98	89	97	90	96	90	96	
32:
52	9.041	97	74	97	73	98	71	98	68	97	64	95	59	92	53	89	46	85	38	82	31	80	24	78	18	75	13	71	9	66	6	60	4	55	3	51	3	48	4	45	6	43	8	42	11	42	15	43	19	45	23	48	28	51	34	53	40	54	47	54	55	53	63	52	71	51	78	49	84	48	89	48	93	49	96	51	98	54	99	58	99	62	98	66	96	69	93	72	89	76	84	80	80	85	77	89	75	92	74	94	74	96	74	97	74	97	74	
33:
57	2.249	55	69	54	68	54	66	54	63	55	59	57	55	59	51	60	46	60	42	59	39	57	37	54	36	51	35	47	35	42	36	36	38	30	40	25	43	21	45	17	46	14	46	11	45	9	43	8	40	8	36	9	31	9	25	10	19	12	13	15	8	19	4	24	1	30	-2	37	-4	45	-5	53	-5	61	-4	68	-3	74	-1	79	2	83	6	86	11	88	17	89	24	89	31	89	39	88	46	86	52	83	57	79	61	74	64	69	66	65	67	61	67	58	67	56	68	55	69	55	69	
34:
66	22.444	56	60	57	61	59	63	62	66	66	69	71	73	77	77	83	80	88	82	92	83	95	83	97	82	98	80	98	77	97	73	95	68	92	62	88	55	83	47	77	39	70	32	62	25	55	19	49	14	44	10	39	7	35	5	32	4	30	4	29	5	29	7	30	10	31	14	33	19	35	25	37	30	38	36	38	43	37	50	35	56	32	61	28	65	23	68	17	70	12	72	8	74	4	75	1	77	-1	80	-2	84	-2	88	-1	91	1	93	4	94	8	94	12	93	17	91	22	88	28	84	35	79	41	74	46	70	50	66	53	63	55	61	56	60	56	60	
35:
63	9.902	15	96	16	95	17	93	19	90	20	86	20	81	19	75	17	68	14	60	10	51	7	43	4	35	2	28	1	22	1	17	2	13	3	10	5	8	8	7	12	7	17	8	23	10	29	13	36	17	44	22	53	28	61	34	69	39	76	43	82	46	87	48	91	49	94	49	96	50	97	51	97	53	96	56	94	59	91	61	87	64	84	68	82	73	80	77	78	80	76	82	73	83	69	83	64	82	60	80	56	78	52	77	48	77	45	78	43	80	41	83	38	86	34	88	29	91	25	94	21	96	18	97	16	97	15	96	15	96	
36:
53	18.626	27	23	26	24	24	25	21	27	18	30	16	33	15	37	15	42	16	47	18	51	21	55	25	59	30	62	36	64	41	66	47	67	54	67	61	68	67	70	72	73	76	76	79	79	81	83	83	86	84	88	84	89	83	89	83	88	84	86	84	83	83	79	83	74	84	69	86	65	88	60	90	54	91	48	91	43	90	38	88	34	85	31	81	27	76	24	70	22	63	20	55	18	48	17	42	17	37	18	33	19	30	21	28	22	27	23	27	23	
37:
65	1.72	87	17	86	16	84	14	81	13	78	11	74	10	69	10	65	11	61	13	58	16	55	19	53	23	52	27	51	31	49	34	46	36	43	37	40	37	38	36	37	34	36	31	35	27	33	23	30	20	26	18	21	17	15	17	10	18	6	20	3	23	1	27	0	32	0	38	1	44	3	51	6	57	10	62	15	68	20	73	26	79	33	84	39	88	46	92	53	95	60	97	66	98	71	98	75	97	78	95	80	92	81	88	81	83	80	77	78	70	75	62	73	53	72	45	72	38	73	32	75	27	78	23	81	20	84	18	86	17	87	17	87	17	
38:
73	74.775	6	33	5	32	5	30	6	27	8	23	10	18	13	13	17	8	22	4	28	1	34	-1	41	-2	49	-2	56	-1	64	1	71	4	78	8	84	12	89	17	93	23	96	30	98	38	99	45	99	53	98	62	96	70	93	77	89	83	84	88	78	92	71	95	63	98	55	100	47	101	40	101	33	100	27	98	22	95	18	91	15	86	13	80	12	75	12	71	13	68	15	66	18	65	22	64	27	64	33	63	40	61	47	58	53	54	58	49	62	45	65	41	67	37	68	32	68	26	67	21	65	17	62	14	58	12	53	11	47	11	41	12	34	14	27	17	21	21	16	25	12	28	9	30	7	32	6	33	6	33	
39:
63	35.575	24	74	25	75	27	76	30	78	34	81	39	83	45	85	52	86	60	87	67	87	74	86	80	85	85	84	89	83	92	81	94	79	95	78	95	76	94	73	92	69	89	65	85	60	81	54	78	49	76	44	75	40	75	37	76	35	78	34	81	34	84	35	88	35	91	34	93	32	95	29	96	25	96	20	96	14	96	9	95	5	94	2	92	0	89	-1	85	-1	80	0	74	2	67	5	59	9	51	14	43	18	36	21	30	25	25	30	21	36	18	42	16	49	15	55	15	60	16	64	18	68	21	71	23	73	24	74	24	74	
40:
52	3.151	66	8	67	9	69	11	70	12	71	14	71	17	70	19	68	20	65	20	61	19	56	19	50	19	43	19	37	19	32	19	28	20	25	22	23	25	21	29	20	34	20	39	21	45	23	52	26	59	29	65	33	71	38	76	43	80	49	83	56	85	62	86	67	86	71	85	74	83	76	80	77	76	77	71	78	65	79	58	79	51	80	43	80	35	80	28	81	22	81	17	80	13	78	10	75	8	72	7	69	7	67	8	66	8	66	8	
41:
62	1.871	50	20	51	21	52	23	54	26	56	30	57	35	57	41	57	48	56	56	56	63	56	69	55	74	53	78	50	81	46	83	42	84	38	84	34	83	30	81	25	78	21	74	18	69	16	63	14	56	12	48	11	41	10	34	10	28	11	23	13	18	16	14	20	11	25	9	31	8	38	8	44	9	50	11	55	14	61	17	66	21	71	26	77	31	83	36	88	41	92	46	95	50	97	53	98	55	98	56	97	56	95	56	92	55	88	53	83	50	77	46	71	41	65	35	60	30	56	26	53	23	51	21	50	20	50	20	
42:
64	8.981	73	79	72	80	70	80	67	80	63	79	59	77	54	74	50	70	47	65	45	60	44	56	44	53	45	49	46	46	48	44	51	43	55	43	60	44	65	46	69	49	72	53	74	56	77	58	80	59	83	59	85	58	86	56	87	53	87	49	86	44	84	38	82	31	79	24	75	18	70	13	64	9	57	6	50	4	42	3	34	3	27	4	21	6	16	9	12	13	9	18	7	24	6	31	6	38	7	45	9	51	12	57	16	62	21	66	27	69	34	71	40	73	46	76	52	79	58	81	63	82	67	82	70	81	72	80	73	79	73	79	
43:
57	8.193	38	20	38	21	39	23	39	26	39	30	40	35	40	41	41	48	43	56	46	63	50	69	55	74	60	78	65	83	70	87	74	90	77	92	79	93	80	93	80	92	79	91	77	90	75	90	72	91	68	93	63	96	57	98	50	99	44	99	38	98	32	96	26	93	21	89	17	84	14	78	12	73	11	67	11	62	12	58	14	55	17	53	21	51	26	50	32	50	37	49	41	47	44	44	47	40	49	35	50	30	50	26	49	23	47	21	44	20	41	20	39	20	38	20	38	20	
44:
66	3.167	30	76	31	77	33	79	36	82	40	86	44	89	49	93	53	96	58	98	63	99	68	99	72	98	75	96	77	93	78	89	78	84	77	78	75	72	72	67	68	63	65	60	63	58	62	56	62	55	63	55	65	56	68	58	72	61	77	63	82	65	86	66	89	66	91	65	93	63	94	60	94	56	93	51	91	45	88	38	85	32	81	27	76	21	70	15	63	10	56	6	48	3	40	1	33	0	27	0	22	1	18	3	15	6	13	10	12	15	12	21	13	28	15	36	16	44	18	51	21	57	25	62	28	66	30	70	31	73	31	75	30	76	30	76	
45:
51	1.033	2	48	2	47	1	45	1	42	0	38	0	33	1	27	3	21	4	15	6	10	9	6	13	3	16	1	19	0	23	0	26	1	30	3	34	6	39	8	44	9	48	9	52	8	55	7	58	6	60	6	61	7	61	9	60	11	58	14	55	18	51	21	46	25	42	30	39	36	36	43	34	49	33	54	33	58	34	62	34	65	33	67	31	68	28	68	25	67	21	65	16	62	12	58	8	54	5	51	3	49	2	48	2	48	
46:
69	14.279	61	52	60	51	58	49	55	47	53	44	50	41	48	38	47	36	47	35	48	35	50	36	53	38	57	39	62	41	68	43	75	46	81	49	86	53	90	56	93	58	96	59	99	59	101	58	102	56	102	53	101	49	99	44	96	39	93	35	89	30	84	25	79	21	75	17	72	13	70	9	69	4	68	0	66	-3	63	-5	59	-6	54	-6	48	-5	41	-3	34	0	27	4	21	9	16	14	12	20	9	27	6	34	4	42	2	49	1	56	1	62	2	67	4	71	7	74	11	76	15	77	20	77	26	76	33	74	40	71	46	67	51	62	55	58	58	55	60	53	61	52	61	52	
47:
65	13.127	54	50	53	49	51	49	48	49	44	50	39	50	35	51	31	53	28	56	26	60	25	64	25	69	26	73	26	76	25	78	23	79	20	79	17	78	13	76	10	73	7	69	4	64	1	59	-2	53	-4	46	-5	40	-5	35	-4	31	-2	28	0	26	3	25	6	25	8	26	10	26	12	25	15	23	19	20	23	16	28	13	34	11	41	10	48	9	56	9	64	10	71	12	77	15	82	19	86	24	89	30	91	35	92	41	92	47	91	52	90	56	88	59	86	61	83	62	79	62	74	62	69	61	64	59	60	56	57	53	55	51	54	50	54	50	
48:
77	19.136	8	43	9	44	10	46	12	49	14	53	17	58	21	64	25	70	28	75	30	81	32	86	33	90	33	93	32	95	32	96	33	96	35	95	37	93	40	90	43	86	47	82	52	79	56	77	59	76	61	76	62	77	63	79	64	82	66	86	69	89	73	91	77	92	82	92	87	91	92	89	96	86	99	82	101	77	102	71	102	64	101	57	99	51	96	46	92	42	87	39	81	37	76	36	72	36	69	37	67	38	66	39	66	39	67	38	69	36	71	33	74	29	76	24	77	19	77	14	76	10	74	7	71	5	67	4	62	4	56	5	49	7	43	8	36	10	30	13	24	17	19	22	15	28	12	33	10	37	9	40	8	42	8	43	8	43	
49:
66	7.49	36	46	37	47	39	49	42	52	45	56	47	61	48	65	48	69	47	72	45	75	42	77	39	79	37	82	35	84	34	87	34	91	34	95	35	98	37	100	40	101	44	101	49	100	55	98	62	95	68	91	73	86	77	80	80	73	82	65	83	56	83	46	83	37	82	29	80	22	77	16	73	11	69	7	64	4	58	2	52	1	45	1	37	2	30	4	24	7	19	11	15	16	12	20	10	25	9	29	9	32	10	34	12	35	15	35	19	35	24	36	29	36	33	35	36	35	39	34	41	34	42	35	42	37	41	40	39	43	37	45	36	46	36	46	
50:
56	2.875	61	47	60	46	58	44	55	42	51	41	47	41	44	42	42	44	40	47	37	50	33	52	28	53	23	53	17	52	12	50	8	48	5	45	3	41	1	36	0	30	0	24	1	19	3	14	6	10	10	7	15	5	21	4	28	4	35	5	43	6	52	8	60	10	67	11	75	12	82	14	88	17	93	21	97	26	100	32	102	39	103	46	103	52	102	57	100	61	97	64	93	66	88	67	83	67	78	66	73	64	69	61	66	57	64	53	62	50	61	48	61	47	61	47	
51:
65	5.524	37	64	38	63	38	61	37	58	36	55	34	51	31	46	27	42	22	38	18	34	15	31	13	27	12	22	12	17	13	12	15	7	18	1	22	-4	27	-8	33	-11	40	-13	48	-14	56	-15	64	-16	71	-16	77	-15	82	-13	86	-11	89	-8	91	-4	92	1	92	5	91	10	89	16	86	21	82	27	77	34	71	42	64	49	56	57	48	65	40	72	32	78	25	83	19	87	14	90	9	92	5	93	2	93	0	92	-2	90	-3	87	-3	83	-2	80	0	76	3	72	7	69	12	67	18	65	23	64	27	64	31	64	34	65	36	65	37	64	37	64	
52:
75	11.87	0	73	0	72	1	70	3	68	5	66	8	65	12	65	16	66	20	68	25	71	31	75	37	80	44	84	52	87	60	89	67	90	73	90	78	89	82	87	86	84	89	80	91	75	92	70	92	64	91	57	89	49	88	42	88	35	88	29	87	24	85	20	84	17	83	15	81	14	79	14	77	15	75	17	73	20	70	23	66	27	62	30	58	32	55	34	53	35	52	35	52	34	53	32	55	29	57	25	58	20	58	14	57	8	55	3	52	-1	48	-4	43	-6	37	-7	30	-7	22	-6	14	-4	7	-1	1	3	-4	8	-8	14	-11	21	-13	29	-14	37	-14	45	-13	52	-11	58	-8	63	-5	67	-3	70	-1	72	0	73	0	73	
53:
60	16.06	26	62	27	61	29	61	31	61	34	62	37	64	40	67	44	71	49	76	54	80	60	84	65	87	69	89	72	90	74	90	75	89	76	87	76	84	75	80	73	75	70	69	66	62	61	54	56	45	52	36	49	28	47	21	46	15	46	10	46	6	45	3	44	1	42	0	39	0	37	1	35	3	32	6	30	10	27	15	25	21	22	28	19	35	16	43	13	50	11	56	8	61	6	66	4	70	2	73	1	75	1	76	2	76	4	75	7	73	11	70	16	68	20	65	23	63	25	62	26	62	26	62	
54:
62	25.445	58	8	59	9	59	11	60	14	61	18	63	23	65	29	66	36	68	42	70	47	73	51	77	54	82	56	87	58	91	61	94	64	96	68	97	73	97	79	96	84	94	88	92	91	90	93	89	94	88	94	87	93	87	91	86	88	84	84	81	81	77	77	72	74	66	72	59	71	51	70	42	70	34	70	27	70	21	71	16	72	11	73	7	74	4	74	2	73	1	71	1	68	2	66	4	63	7	59	11	54	16	49	22	45	29	41	36	37	42	33	47	28	51	23	54	18	56	14	57	11	57	9	58	8	58	8	
55:
66	8.897	98	37	97	36	95	35	92	33	88	31	83	30	77	30	71	31	66	32	62	34	59	37	57	41	56	45	56	50	57	56	59	61	62	66	66	70	71	74	76	77	80	79	84	80	87	80	89	79	90	77	90	75	89	74	87	74	84	75	80	77	75	80	69	84	62	87	54	89	47	90	41	90	36	89	32	87	28	86	25	84	23	81	21	77	18	73	14	69	11	64	9	58	8	51	8	44	9	38	11	32	14	27	18	23	23	20	29	18	36	17	44	17	53	18	62	20	70	22	77	24	83	27	88	31	92	34	95	36	97	37	98	37	98	37	
56:
59	8.139	65	63	64	64	62	66	59	69	57	72	56	74	56	77	57	81	59	85	60	89	60	92	59	94	57	95	56	96	54	96	53	95	52	93	51	90	51	86	50	81	49	75	47	68	44	60	41	51	39	43	38	35	38	27	39	20	40	14	42	9	45	5	48	2	51	0	54	-1	57	-1	59	0	61	2	62	5	62	9	62	14	63	20	65	26	68	31	71	35	74	38	76	41	79	43	82	44	84	44	85	44	85	45	84	47	82	49	79	51	75	54	71	57	68	60	66	62	65	63	65	63	
57:
62	26.268	21	73	20	74	20	76	21	79	23	83	25	88	28	92	30	95	32	97	35	98	38	98	40	97	41	95	42	92	44	88	45	83	47	77	50	70	54	63	58	56	62	50	67	45	72	40	77	36	81	33	84	30	86	26	87	23	87	19	86	15	84	10	81	6	77	3	72	1	67	0	62	0	58	1	55	3	52	6	50	9	47	12	43	14	39	15	34	15	28	14	23	13	19	13	16	14	14	16	13	19	13	23	14	27	14	32	13	38	12	45	12	52	12	58	13	63	15	67	18	70	20	72	21	73	21	73	
58:
57	1.845	72	97	73	96	75	94	77	91	79	87	80	82	80	76	80	70	81	64	83	59	84	54	84	48	83	42	82	36	80	31	77	27	73	23	68	20	62	18	55	17	47	17	39	18	31	20	24	23	18	27	13	32	9	38	6	44	4	51	3	58	2	64	1	69	1	74	2	78	4	81	7	83	11	84	15	84	20	83	25	82	30	80	34	77	37	74	39	71	40	69	41	68	42	68	44	69	47	71	51	74	56	78	60	82	63	87	66	91	69	94	71	96	72	97	72	97	
59:
64	4.385	99	19	98	20	96	22	93	25	89	29	84	33	80	36	76	39	73	41	70	42	67	42	63	41	60	39	58	36	57	32	57	27	58	22	59	16	60	11	60	6	59	2	57	-1	54	-3	50	-4	45	-4	41	-3	38	-1	36	2	35	6	34	11	33	17	31	23	28	29	24	35	20	40	16	44	11	49	7	54	4	60	2	66	1	72	1	77	2	81	4	85	7	88	11	90	16	91	22	91	29	90	37	88	46	85	56	81	65	76	73	70	80	63	86	55	91	47	95	40	98	34	100	29	101	25	101	22	100	20	99	19	99	19	
60:
71	37.006	3	70	4	71	6	73	9	76	13	80	18	85	24	89	29	92	34	94	38	96	42	97	45	97	47	96	50	94	54	91	59	88	65	86	70	85	76	85	81	86	85	87	88	87	90	87	91	87	91	88	90	88	88	87	85	85	81	82	76	78	70	75	63	71	55	66	48	61	42	57	37	52	33	46	30	39	27	31	25	24	24	18	24	13	25	9	27	6	30	4	34	3	39	3	45	4	50	6	55	9	59	13	62	18	64	24	65	30	65	37	65	44	64	52	62	59	59	65	55	70	50	74	44	77	38	79	31	80	24	80	18	79	13	78	9	76	6	73	4	71	3	70	3	70	
61:
65	11.351	0	82	1	81	3	79	6	76	10	72	15	67	21	61	27	56	34	52	42	48	51	45	59	43	67	42	75	42	82	43	88	45	93	48	97	52	100	57	102	63	103	69	103	75	102	80	100	84	99	87	97	89	94	90	90	90	85	89	79	88	72	86	64	83	56	80	49	78	43	76	38	73	34	69	31	65	29	60	28	54	28	49	29	44	31	40	34	35	37	31	39	28	40	26	40	25	39	25	37	26	34	28	30	29	25	31	19	34	13	38	8	43	4	49	1	56	-1	62	-2	67	-2	72	-1	76	0	79	0	81	0	82	0	82	
62:
65	17.791	88	65	89	64	90	62	91	59	92	55	92	50	91	44	89	38	87	32	84	27	80	23	75	20	69	18	63	17	56	17	48	17	41	17	35	18	30	20	26	23	23	27	21	32	20	36	20	39	20	41	20	42	19	42	18	41	16	39	13	36	9	32	6	27	4	21	2	16	1	10	0	5	0	1	1	-2	3	-4	6	-5	10	-6	15	-7	20	-7	26	-6	32	-4	37	-1	41	3	44	8	46	14	47	21	47	29	46	36	46	43	47	50	49	56	52	61	56	65	61	68	67	70	73	71	78	71	82	70	85	68	87	66	88	65	88	65	
63:
65	1.584	68	11	69	12	70	14	72	17	75	21	79	26	82	31	86	36	89	40	91	44	92	47	93	49	93	50	92	50	90	49	87	47	83	44	78	41	72	38	65	35	59	33	54	32	49	32	45	33	42	35	39	38	37	42	36	47	36	53	37	60	39	68	42	75	44	81	45	86	45	90	44	93	42	95	39	96	35	96	31	95	26	93	20	90	15	88	11	85	8	81	6	76	5	70	5	64	6	57	7	51	9	45	12	38	16	31	21	25	27	20	33	15	39	11	46	8	52	6	57	5	61	5	64	6	66	8	67	10	68	11	68	11	
64:
58	2.778	24	5	23	4	21	2	18	1	15	1	13	1	12	2	12	4	13	7	15	11	18	16	21	21	25	27	30	32	34	36	37	39	39	41	40	43	40	44	41	44	42	43	44	41	47	38	51	34	54	29	57	23	60	17	63	12	66	8	69	5	73	3	78	1	84	0	89	0	94	1	98	3	101	6	103	10	104	15	105	20	105	25	104	29	102	32	99	34	95	35	90	35	84	34	77	32	69	29	60	25	52	21	45	17	39	14	34	12	30	10	27	8	25	6	24	5	24	5	
65:
56	8.285	11	35	11	34	12	32	14	29	16	25	19	20	23	16	28	11	34	7	39	4	44	2	50	1	55	1	59	2	62	4	64	6	65	9	65	11	64	12	63	13	63	15	64	18	66	21	68	25	69	30	71	36	72	43	72	51	71	58	71	66	71	73	71	79	71	84	70	88	69	91	68	93	66	94	65	94	64	93	64	91	63	88	62	84	60	79	57	73	53	66	49	59	46	53	42	48	37	44	32	41	26	38	21	36	17	35	14	34	12	34	11	35	11	35	
66:
66	4.306	35	18	36	19	38	20	41	20	44	21	46	23	47	26	47	29	46	32	44	34	41	35	37	36	32	36	26	35	21	33	15	30	10	27	6	25	2	24	-2	24	-5	25	-7	27	-9	30	-10	34	-10	39	-9	45	-7	52	-5	60	-2	67	2	73	7	78	13	82	19	86	26	89	34	91	41	92	47	92	52	91	56	89	59	86	61	82	62	77	62	71	63	64	64	56	65	47	67	39	70	31	74	23	77	16	79	10	80	5	80	1	79	-2	77	-4	74	-5	71	-5	67	-4	62	-2	56	1	50	5	45	9	41	12	38	15	36	17	35	18	35	18	
67:
63	7.836	54	11	55	10	56	8	57	6	57	4	56	2	54	1	53	1	51	2	49	4	46	6	42	9	37	11	31	12	25	12	19	11	14	11	10	12	7	14	4	17	2	21	1	26	0	32	0	38	1	44	3	51	6	57	10	62	15	66	21	69	28	71	36	72	45	72	53	71	60	69	66	66	71	63	75	61	78	60	80	60	81	61	81	63	80	66	78	68	75	69	71	69	66	69	61	68	56	66	52	63	49	59	47	54	46	50	46	45	47	39	49	34	52	29	54	25	55	21	56	17	56	14	55	12	54	11	54	11	
68:
62	3.914	67	97	66	96	66	94	67	91	68	87	70	82	73	76	77	69	82	62	87	54	91	45	94	37	96	30	97	24	97	18	96	13	94	9	91	6	87	4	82	3	76	2	70	2	63	1	57	0	51	-1	46	-1	41	-1	37	0	34	2	32	5	31	8	31	12	32	15	33	17	33	18	32	18	30	17	27	17	23	18	19	20	16	23	13	27	11	31	9	36	8	41	7	45	7	48	8	52	10	55	13	58	17	61	22	65	28	70	33	76	39	82	46	87	52	91	57	94	61	96	64	97	66	97	67	97	67	97	
69:
68	30.354	49	72	48	71	46	69	43	66	39	62	34	57	30	51	27	44	25	36	24	29	24	22	25	16	27	11	29	6	32	2	36	-1	41	-3	47	-4	54	-4	62	-4	71	-3	79	-1	86	2	93	6	99	11	104	17	108	24	112	32	115	40	117	48	118	55	118	61	117	67	115	72	112	76	108	79	104	81	99	82	93	82	86	82	79	83	71	85	62	88	54	92	47	95	41	97	36	98	32	98	29	97	27	95	26	92	26	88	27	83	29	77	32	72	36	68	39	65	42	62	46	60	49	59	52	59	54	60	55	62	55	65	54	68	52	70	50	71	49	72	49	72	
70:
65	11.675	77	80	76	81	75	82	74	83	74	85	75	86	77	86	80	85	83	83	87	80	91	76	94	71	96	65	97	58	98	51	98	44	97	38	95	33	92	29	88	25	83	22	77	20	72	19	66	19	61	20	56	22	52	25	49	29	47	33	46	36	46	38	45	39	44	39	42	38	39	36	35	33	30	29	24	26	18	23	13	21	7	20	2	20	-2	21	-5	23	-7	26	-8	30	-8	35	-7	41	-5	47	-2	52	2	56	7	59	13	61	20	62	28	62	37	62	45	62	52	63	58	65	63	68	67	72	71	75	74	77	76	79	77	80	77	80	
71:
65	28.765	32	96	31	97	29	98	26	98	22	97	17	95	11	92	5	88	0	83	-5	77	-10	70	-14	62	-17	53	-19	44	-21	35	-22	27	-22	20	-21	14	-19	9	-17	5	-14	2	-10	0	-5	-1	1	-1	6	0	10	2	13	5	16	9	20	14	25	20	30	27	34	35	38	44	43	53	49	61	54	68	60	74	65	79	71	83	77	86	82	88	86	89	89	89	91	88	92	86	92	84	91	81	89	77	86	74	82	72	77	71	71	71	66	72	62	73	58	75	55	78	52	82	50	87	48	91	45	94	42	96	38	97	35	97	33	97	32	96	32	96	
72:
63	4.774	99	48	98	49	96	51	93	54	89	56	84	58	78	59	71	59	63	58	56	56	49	53	42	49	35	44	29	38	24	32	20	27	17	23	15	19	14	15	14	12	15	9	16	7	16	6	15	6	13	7	11	9	9	12	8	16	8	20	8	25	9	31	11	38	14	45	18	52	21	59	25	65	28	70	30	74	31	78	31	81	30	83	28	84	27	85	27	87	28	90	30	93	33	95	37	96	42	97	48	97	55	96	63	94	71	91	78	87	84	82	89	76	93	69	96	63	98	58	99	54	100	51	100	49	99	48	99	48	
73:
57	9.127	77	96	76	97	74	99	71	100	67	100	63	100	60	99	58	97	56	94	55	91	55	87	54	82	52	77	49	72	45	68	40	63	35	58	31	52	28	47	26	43	25	39	25	36	26	34	28	33	30	33	31	34	31	36	32	39	33	43	35	47	38	50	42	52	47	53	53	54	60	54	67	53	73	51	78	49	82	48	85	48	87	48	88	49	88	51	87	52	86	54	85	57	85	60	86	64	88	69	89	74	89	80	88	85	86	89	83	92	80	94	78	95	77	96	77	96	
74:
62	2.327	71	76	70	75	68	73	65	70	61	68	56	67	50	67	43	68	35	70	28	72	22	74	17	75	13	75	10	74	8	72	7	69	7	65	8	60	10	55	12	51	15	48	19	44	24	39	28	34	31	30	33	26	34	22	34	19	33	17	31	16	28	16	25	16	21	16	18	15	16	13	15	10	15	6	16	2	18	-1	21	-5	25	-8	30	-10	36	-11	43	-11	50	-10	58	-8	65	-5	71	-1	76	4	80	10	83	16	85	23	86	31	86	40	85	48	83	55	80	61	77	66	74	70	72	73	71	75	71	76	71	76	
75:
68	17.392	77	47	76	46	74	44	71	41	67	38	63	34	59	30	55	27	52	25	50	24	48	24	47	25	47	27	46	30	46	34	47	39	49	45	52	52	56	59	61	66	67	72	72	77	76	81	79	84	81	86	82	88	82	89	81	90	79	92	76	94	72	96	67	97	61	97	55	96	49	94	42	91	34	87	27	83	21	79	16	75	12	71	9	66	7	60	6	53	6	45	7	37	9	29	12	22	16	16	21	11	26	7	32	4	38	2	45	1	53	1	60	2	66	4	71	7	75	11	78	15	80	20	81	26	81	32	80	37	78	41	77	44	77	46	77	47	77	47	
76:
63	15.286	8	28	7	29	6	31	5	34	4	38	4	43	5	49	7	56	10	63	14	70	19	76	24	81	29	85	33	88	36	90	38	91	39	91	40	90	40	88	39	85	37	81	36	76	36	72	36	69	37	67	39	66	42	65	46	65	51	65	56	66	62	68	68	71	74	75	79	80	83	84	86	87	88	89	90	90	92	90	94	89	95	87	95	84	95	80	95	75	94	70	92	65	89	59	85	53	81	47	77	41	72	36	66	32	59	29	52	27	44	26	36	26	29	27	23	29	18	30	14	30	11	30	9	29	8	28	8	28	
77:
66	13.01	40	28	39	29	37	31	34	34	31	36	27	38	22	39	18	39	15	38	13	36	12	33	11	29	11	24	12	20	14	16	17	13	21	11	26	10	32	8	39	7	47	7	55	8	62	8	68	7	73	5	77	3	80	1	83	0	87	0	90	1	92	3	93	6	93	10	93	15	93	21	92	28	90	36	88	45	87	54	87	62	88	69	89	75	91	81	93	86	94	90	94	93	93	95	91	96	88	96	86	95	85	93	85	90	85	86	84	81	82	75	79	68	76	61	72	55	67	50	61	44	55	39	50	35	46	32	43	30	41	29	40	28	40	28	
78:
66	52.824	79	96	78	96	76	95	73	94	69	92	65	89	61	85	56	80	52	74	49	67	47	59	45	52	44	46	44	41	45	37	47	34	50	32	54	31	59	31	63	32	66	34	68	37	70	39	71	40	71	40	70	39	68	37	65	34	62	30	60	25	57	19	53	13	48	8	42	4	35	1	28	-1	22	-3	17	-5	12	-6	8	-6	5	-5	3	-3	2	0	2	4	3	9	5	15	6	22	7	30	8	39	10	49	11	59	13	68	16	76	20	83	25	89	30	94	36	98	43	101	51	103	58	104	64	104	69	103	73	101	76	99	78	97	79	96	79	96	
79:
68	34.93	83	5	82	5	80	6	77	8	73	11	69	15	66	20	64	26	63	33	63	41	63	49	64	57	66	64	69	70	73	76	77	81	82	85	87	89	91	92	94	94	96	95	97	95	97	94	96	92	95	89	93	85	90	81	86	78	82	76	78	75	73	75	67	75	60	75	53	75	45	76	36	78	28	81	21	84	15	86	10	89	6	91	3	92	1	92	0	91	0	89	1	86	3	82	6	78	10	74	15	71	21	68	28	66	36	65	45	63	53	60	61	57	68	54	74	50	79	45	83	39	86	33	88	26	89	20	89	15	88	11	86	8	84	6	83	5	83	5	
80:
58	9.819	73	99	74	100	76	100	78	99	81	97	83	94	84	91	84	87	83	82	81	77	79	71	78	64	78	56	79	48	81	41	84	35	86	30	87	26	87	23	86	21	84	20	82	20	80	21	77	23	73	26	68	28	62	29	55	29	47	28	38	26	30	24	23	23	16	23	10	23	5	24	1	26	-2	29	-4	33	-5	38	-5	44	-4	51	-2	58	0	64	3	71	7	77	12	82	18	86	25	89	33	91	41	92	48	92	54	92	59	92	63	93	67	94	70	96	72	98	73	99	73	99	
81:
62	11.456	1	30	2	29	4	28	7	26	11	23	16	19	22	14	29	9	36	4	44	0	53	-3	61	-5	69	-6	76	-6	82	-5	87	-3	91	0	94	4	96	9	97	14	97	19	96	23	94	27	91	30	87	33	84	36	82	40	81	45	81	51	82	56	82	60	81	63	79	65	76	66	72	66	68	65	63	65	57	66	51	68	46	71	42	74	38	78	35	81	33	83	32	84	32	84	33	83	34	81	36	79	37	76	37	72	36	67	34	63	31	59	27	55	22	50	16	45	11	40	7	36	4	33	2	31	1	30	1	30	
82:
62	1.384	11	99	10	98	8	97	5	95	3	94	2	92	1	89	1	85	2	82	4	79	7	75	10	70	12	64	13	57	13	49	12	42	10	36	8	31	6	27	5	24	5	22	6	21	8	21	11	21	14	20	18	19	23	17	29	14	35	11	42	9	49	8	56	7	64	7	71	8	77	10	82	13	86	17	89	22	91	28	93	35	96	41	98	46	99	50	99	55	98	61	96	67	93	74	89	82	84	89	78	95	71	100	63	104	54	107	46	109	39	110	32	110	26	109	21	107	17	104	14	102	12	100	11	99	11	99	
83:
55	65.518	65	21	66	20	68	20	71	21	75	23	78	26	80	28	81	29	81	31	80	34	78	38	75	43	71	48	67	54	63	60	60	65	57	69	53	72	48	74	42	75	35	75	28	74	21	72	15	69	10	65	6	60	3	56	1	52	0	49	0	47	0	46	1	46	2	47	4	49	7	52	11	55	16	57	20	59	25	60	29	60	32	59	34	57	35	54	35	50	35	45	36	39	38	34	41	30	45	26	50	23	55	21	59	20	62	20	64	21	65	21	65	21	
84:
67	14.184	88	62	89	63	90	65	90	68	89	72	87	77	84	83	80	88	76	92	71	95	65	97	58	98	51	98	44	97	38	95	32	92	27	88	23	83	20	78	18	73	17	68	17	64	17	61	16	59	15	58	13	58	10	59	6	59	3	58	1	56	0	53	0	49	1	44	2	38	4	33	7	29	11	26	16	23	22	21	29	20	37	20	46	21	55	21	63	20	71	19	78	19	84	19	89	19	93	19	96	20	98	20	99	19	99	18	98	18	96	19	93	21	89	23	86	26	83	30	81	35	80	41	80	47	81	52	83	56	85	59	87	61	88	62	88	62	
85:
55	10.601	90	87	90	86	90	84	89	81	87	77	84	74	80	72	77	71	73	70	68	70	64	71	59	73	53	74	46	74	39	73	32	71	26	68	21	64	17	59	14	53	12	46	11	40	11	35	12	31	14	26	17	22	21	19	25	17	30	16	36	16	41	17	45	19	48	21	50	22	52	22	53	21	55	20	57	20	58	21	58	23	59	26	61	30	64	35	68	40	73	45	79	49	84	54	88	60	91	66	93	72	94	77	94	81	93	84	91	86	90	87	90	87	
86:
61	1.836	18	51	19	51	21	51	24	52	27	52	31	51	36	49	41	46	45	42	48	37	50	31	53	24	57	18	61	13	65	9	70	6	75	4	79	3	82	3	84	4	85	6	85	9	84	12	82	15	80	19	79	24	79	30	80	37	82	45	84	53	85	61	86	68	86	74	85	79	83	85	80	90	76	94	71	97	65	99	58	100	50	100	41	100	33	99	26	97	20	94	15	90	11	85	7	81	4	78	1	76	-1	73	-2	69	-2	64	-1	60	1	57	4	54	8	52	12	51	15	50	17	50	18	51	18	51	
87:
64	5.245	62	43	62	42	61	40	60	37	58	33	55	29	51	26	46	24	40	22	33	21	26	21	19	22	13	24	8	27	4	31	1	36	-1	42	-2	49	-2	56	-1	64	1	71	4	77	8	82	12	86	17	89	23	91	30	92	38	92	46	91	55	89	63	86	70	82	77	77	83	71	88	65	92	58	95	50	97	41	98	32	98	24	97	17	95	11	92	6	88	2	83	-1	77	-3	70	-4	63	-4	57	-3	52	-1	48	2	45	6	43	9	42	13	42	18	43	24	44	29	46	33	49	37	53	40	56	42	59	43	61	43	62	43	62	43	
88:
62	6.025	36	12	35	11	33	9	30	8	26	8	22	9	17	10	13	12	10	15	6	19	3	24	1	30	0	37	0	45	1	54	3	63	5	71	8	78	12	84	17	89	23	93	30	96	38	98	45	99	51	99	56	98	60	96	63	93	65	89	66	84	66	80	66	77	67	75	68	74	70	74	73	75	77	77	82	78	87	78	91	77	94	75	96	72	97	68	98	63	98	57	97	52	95	48	92	45	88	43	83	42	77	41	70	41	63	40	57	38	51	35	46	31	42	26	39	22	37	18	36	15	36	13	36	12	36	12	
89:
59	4.468	42	70	41	71	39	73	38	76	36	79	34	82	33	84	32	85	30	85	27	84	23	82	18	79	14	75	11	70	9	64	7	57	6	49	6	40	7	32	9	25	12	19	14	14	17	10	21	7	25	5	28	4	30	4	32	5	33	7	35	10	38	14	42	19	47	24	53	30	60	35	66	39	71	42	75	46	78	51	80	57	81	62	81	66	80	70	78	75	75	79	71	82	68	84	66	85	65	85	65	84	64	82	62	79	59	76	55	74	52	73	48	71	45	70	43	70	42	70	42	70	
90:
61	3.631	41	13	40	13	38	13	35	14	31	16	26	19	22	23	17	26	13	28	10	30	8	32	7	35	7	38	8	41	10	43	13	44	17	44	22	43	28	42	35	42	43	43	50	45	57	48	64	52	70	57	75	62	79	68	82	74	84	79	85	83	85	86	84	88	82	89	79	89	75	88	70	86	65	83	61	79	58	74	56	68	55	61	55	53	56	46	58	39	61	33	65	27	68	22	70	18	71	15	71	13	70	12	68	12	65	13	62	15	59	17	55	18	51	18	47	17	44	15	42	14	41	13	41	13	
91:
61	31.947	63	76	63	77	64	79	64	81	63	84	61	86	58	88	55	90	51	91	46	91	41	90	36	88	30	85	24	83	17	82	11	81	6	80	2	78	-1	75	-3	71	-4	66	-4	60	-3	53	-1	45	2	37	6	29	11	22	17	16	24	11	32	7	41	3	50	0	59	-2	67	-3	74	-3	80	-2	85	0	89	3	92	7	95	12	97	17	98	21	98	24	97	26	95	27	92	27	88	27	83	27	78	28	74	30	71	33	69	37	68	42	68	48	69	55	69	61	68	66	66	70	64	73	63	75	63	76	63	76	
92:
72	59.978	50	66	49	67	47	69	44	71	40	73	35	74	31	74	27	73	24	71	22	68	21	64	21	61	22	58	24	54	27	49	31	45	36	42	42	40	48	38	55	37	63	37	71	38	78	40	84	42	89	45	93	47	96	48	98	48	99	47	99	45	98	42	96	38	93	34	89	29	84	25	78	21	71	18	63	16	54	15	44	15	35	16	27	17	20	19	14	22	8	26	3	31	-1	37	-4	44	-6	52	-7	61	-7	69	-6	76	-4	83	-2	89	1	94	5	98	9	101	14	103	20	104	27	104	34	103	40	101	45	98	49	94	52	89	54	84	55	79	55	75	54	72	53	69	51	67	50	66	50	66	
93:
75	23.198	5	34	4	33	2	31	0	28	-2	24	-3	19	-3	14	-2	9	0	5	3	2	7	0	12	-1	18	-1	25	0	33	0	42	1	52	2	61	4	69	7	76	10	82	14	87	19	91	25	94	32	96	40	97	49	97	58	96	66	94	73	91	79	87	85	82	90	76	94	69	97	61	99	52	100	43	101	35	101	28	100	22	98	17	95	13	91	10	86	8	82	7	79	7	77	8	75	10	73	13	72	17	72	22	71	28	69	33	67	39	65	45	62	50	59	54	55	57	51	59	46	60	42	60	39	59	37	57	36	54	36	50	37	45	37	39	37	32	36	26	36	20	35	15	34	11	33	8	33	6	33	5	34	5	34	
94:
65	12.069	38	52	37	53	35	55	32	58	30	62	28	67	27	73	27	79	27	85	28	90	30	94	33	97	37	99	42	100	48	100	53	99	57	97	60	94	62	91	63	87	63	83	62	78	60	73	57	67	53	60	49	53	45	47	41	41	36	34	32	27	29	20	27	14	26	9	26	5	27	2	29	0	32	-1	36	-1	41	0	47	0	54	-1	62	-1	69	0	75	1	80	2	84	4	87	7	89	11	90	14	90	17	89	21	87	24	85	26	82	28	78	31	73	35	67	38	60	40	54	42	49	44	45	46	42	48	40	50	39	51	38	52	38	52	
95:
70	28.308	20	78	21	77	23	75	26	73	29	72	33	71	36	71	38	72	39	74	39	77	38	81	38	84	38	86	39	87	41	87	44	86	48	84	53	81	58	77	62	72	65	66	68	60	70	53	71	45	71	36	70	28	70	21	69	15	67	10	65	5	62	1	58	-2	53	-4	47	-5	42	-5	37	-4	33	-2	30	0	28	3	27	6	27	8	28	9	30	9	33	10	36	12	39	15	41	19	42	24	42	30	41	37	39	45	36	52	32	58	27	63	22	67	17	70	12	72	8	73	5	73	3	74	2	74	2	73	3	73	5	74	8	76	12	78	15	79	17	79	19	79	20	78	20	78	
96:
59	8.111	67	41	68	42	70	43	73	44	76	44	80	43	84	41	87	38	89	34	90	29	90	23	90	18	89	14	87	11	84	9	80	8	75	8	69	8	62	9	55	11	48	14	42	18	37	23	33	29	30	35	28	42	27	49	27	56	28	64	28	71	27	77	25	82	22	87	18	91	13	94	9	96	6	97	4	97	3	96	3	94	4	93	6	92	9	92	13	93	18	93	24	92	30	90	36	87	41	84	45	80	48	75	50	69	52	62	55	56	59	51	62	47	64	44	66	42	67	41	67	41	
97:
64	8.597	37	45	38	44	38	42	39	39	41	35	44	30	47	24	51	19	56	14	62	10	69	7	75	5	80	4	84	4	87	4	89	3	90	2	90	2	89	2	87	2	84	3	80	4	77	6	75	9	74	13	74	18	75	24	77	31	79	38	82	46	84	54	85	61	85	67	84	72	82	76	79	79	75	83	70	86	64	88	57	89	49	89	40	88	32	86	24	83	17	81	11	78	6	74	2	69	-1	64	-3	59	-4	55	-4	52	-3	49	-1	45	2	42	6	40	11	39	16	38	22	38	27	39	31	41	34	42	36	44	37	45	37	45	
98:
48	1.079	89	87	88	86	86	85	83	84	79	84	74	84	68	84	61	85	53	87	44	88	36	89	28	89	21	88	15	86	10	83	6	79	3	74	1	68	0	61	0	54	0	48	1	43	3	39	6	36	10	33	14	31	18	30	22	30	25	31	27	33	28	36	30	40	32	45	35	51	39	58	43	64	48	70	54	76	59	81	63	85	67	88	70	90	74	91	79	91	83	91	86	90	88	88	89	87	89	87	
99:
64	2.964	39	63	40	64	42	64	43	64	45	63	46	61	46	58	45	54	43	49	41	43	39	36	38	30	38	25	39	20	41	16	44	13	48	11	53	10	59	10	64	11	68	13	71	16	73	20	74	25	75	31	76	37	78	44	81	52	83	60	85	68	88	75	90	81	91	86	91	92	90	98	88	104	85	109	81	113	76	116	70	118	63	119	56	119	48	118	39	116	31	113	24	109	18	104	13	98	9	91	6	83	4	76	3	70	3	65	4	61	6	58	9	56	13	55	18	54	24	54	29	55	33	57	36	60	38	62	39	63	39	63	