0:
68	34.68	85	2	85	3	86	5	88	8	91	12	94	17	98	23	103	30	107	38	110	46	114	55	117	63	119	70	120	76	120	82	121	87	121	91	120	94	118	96	115	97	111	97	106	98	100	100	93	103	85	106	78	109	71	113	65	116	60	118	56	119	53	119	51	118	50	116	50	113	51	109	52	104	54	98	57	91	61	83	66	74	70	66	73	59	75	53	76	48	76	44	75	41	73	39	70	38	66	38	61	38	56	37	52	35	49	32	47	28	46	24	46	19	47	14	49	10	52	7	56	5	61	4	67	4	72	5	76	6	79	6	82	5	84	3	85	2	85	2	
1:
69	34.293	12	3	11	3	9	4	8	6	7	9	7	11	8	13	10	14	13	14	17	13	22	13	28	12	35	11	43	11	52	12	61	13	70	13	79	12	87	11	94	10	100	10	105	10	109	9	112	9	114	10	115	12	115	14	114	16	112	19	109	22	105	26	100	31	94	37	87	44	79	51	70	57	61	62	53	66	45	69	38	71	32	72	27	73	23	73	20	72	18	70	17	69	17	67	18	66	20	64	23	61	26	58	30	54	33	49	35	43	36	36	36	28	36	21	36	15	35	10	34	6	33	3	31	1	29	0	26	0	22	0	18	1	15	2	13	3	12	3	12	3	
2:
84	24.867	28	80	27	79	25	79	22	80	19	82	17	85	16	89	16	94	16	100	16	105	17	111	19	116	22	121	26	126	31	130	37	133	44	135	52	136	61	136	70	135	78	133	85	130	91	126	96	122	100	119	103	116	105	114	106	113	106	112	105	111	103	111	100	110	96	108	91	105	85	101	78	97	71	92	65	86	60	79	55	72	50	65	44	59	37	54	30	49	24	45	19	42	15	40	12	39	10	39	9	40	9	42	10	45	11	49	12	53	14	56	17	58	21	59	26	59	32	58	39	56	47	53	55	49	62	44	68	39	73	35	77	32	80	30	82	29	83	29	83	30	82	32	80	34	77	37	73	41	68	46	62	52	56	59	49	65	43	70	38	74	34	77	31	79	29	80	28	80	28	80	
3:
67	30.044	118	66	117	66	115	66	112	67	108	67	103	66	97	64	90	63	82	61	75	60	67	58	60	57	52	56	43	56	35	57	28	59	22	62	17	66	13	71	10	77	8	84	7	92	6	99	6	105	7	110	9	114	12	117	16	119	21	120	26	120	30	119	33	117	35	114	37	110	38	105	38	99	37	92	35	85	32	77	29	68	26	59	22	51	19	44	16	38	14	33	13	29	13	26	14	24	16	22	19	21	23	21	28	22	34	24	41	27	49	31	58	36	66	41	75	47	83	52	90	57	97	61	103	64	108	66	112	67	115	67	117	66	118	66	118	66	
4:
78	50.668	65	48	66	47	68	47	71	46	75	46	80	47	86	49	92	51	97	52	101	53	105	55	108	58	110	62	111	65	111	67	110	68	108	68	105	67	101	65	96	62	90	58	83	53	75	47	68	40	62	33	57	27	53	21	49	15	44	10	39	6	33	3	27	1	20	0	12	0	4	1	-3	3	-9	6	-14	10	-18	15	-21	21	-23	28	-24	36	-24	44	-23	53	-21	63	-18	73	-14	82	-10	90	-5	97	1	104	8	110	16	115	25	119	33	122	40	124	46	125	51	125	55	124	58	122	60	119	61	115	61	110	60	104	59	97	58	90	56	82	53	74	51	67	50	61	49	56	49	52	50	49	52	47	55	46	59	46	62	47	64	48	65	48	65	48	
5:
80	29.273	20	102	19	101	17	99	14	96	11	92	9	87	8	81	8	74	9	66	11	57	14	47	17	38	20	30	24	23	29	17	35	12	42	8	50	5	59	3	69	2	78	1	86	1	93	1	99	1	104	2	108	4	111	6	113	7	114	7	114	6	113	6	111	7	108	9	104	12	99	16	93	20	86	25	78	31	71	38	65	45	60	53	56	61	53	68	51	75	50	81	50	88	51	96	53	104	56	111	60	117	65	122	71	126	78	129	85	131	91	132	96	132	100	131	103	129	106	126	108	124	109	121	109	118	108	116	106	115	103	115	99	116	94	116	88	117	81	117	73	116	64	114	56	112	48	111	41	111	35	111	30	110	26	108	23	105	21	103	20	102	20	102	
6:
66	1.625	87	82	88	81	90	79	93	76	96	72	100	68	103	65	105	63	106	60	106	56	105	51	103	47	100	44	96	42	92	41	89	40	87	40	86	40	86	39	87	37	88	34	90	31	93	28	95	24	96	19	96	14	95	10	93	6	90	3	86	1	81	0	75	0	68	1	60	1	51	2	41	2	32	3	24	5	17	8	11	11	5	15	0	20	-4	26	-7	33	-9	41	-10	50	-10	60	-9	69	-7	77	-4	84	0	90	5	95	11	99	18	102	25	104	33	105	42	105	51	104	59	102	66	99	72	96	77	92	81	88	84	85	86	83	87	82	87	82	
7:
78	7.91	95	56	94	57	92	59	89	62	87	66	85	71	84	76	84	82	84	87	85	91	87	94	90	96	94	97	99	97	104	97	109	98	113	100	116	103	118	107	119	110	119	114	118	118	116	121	113	124	109	126	104	127	98	127	91	126	83	124	76	121	70	117	65	113	61	108	58	102	56	95	55	88	54	80	53	73	51	67	48	62	45	58	41	55	36	53	30	52	23	52	16	53	10	55	5	57	1	58	-2	58	-5	57	-7	55	-8	53	-8	50	-7	46	-5	41	-2	35	2	28	7	22	12	17	16	13	20	10	24	8	27	7	31	7	36	8	42	10	49	13	57	17	65	22	72	28	78	35	83	41	87	46	90	50	92	53	94	55	95	56	95	56	
8:
75	74.196	94	110	93	109	91	107	89	104	86	100	82	95	77	89	71	82	66	76	61	71	57	67	54	64	52	61	51	59	51	58	52	57	54	57	57	57	59	56	60	54	60	51	59	47	57	42	54	36	50	31	45	26	39	22	32	19	26	17	21	15	17	14	14	14	12	15	11	17	11	20	12	23	14	26	17	28	21	29	26	29	31	28	37	26	43	23	48	19	52	14	55	8	59	3	63	-2	68	-6	74	-9	81	-11	88	-12	95	-12	101	-11	106	-9	110	-6	113	-2	115	2	116	7	116	13	115	20	113	28	110	37	106	47	101	57	97	66	94	74	91	82	89	89	88	95	88	100	89	104	91	107	93	109	94	110	94	110	
9:
74	10.962	32	35	33	34	35	33	38	31	40	30	41	29	41	28	40	28	38	28	35	27	33	25	31	22	30	18	30	13	30	8	31	3	33	-1	36	-4	40	-6	45	-7	51	-7	58	-6	65	-4	71	-1	76	2	80	6	83	11	85	17	86	24	86	32	85	40	83	49	81	58	78	67	74	75	70	82	66	88	61	93	56	97	52	100	49	102	47	103	46	104	46	105	47	106	49	107	52	109	54	112	55	115	55	119	54	122	52	124	49	125	45	125	40	125	34	124	27	123	21	121	16	118	12	114	9	109	7	103	6	96	6	88	7	80	9	71	12	63	16	56	20	50	24	45	27	41	29	38	31	36	32	35	32	35	
10:
68	17.314	10	2	11	1	13	-1	16	-4	20	-7	25	-9	31	-10	38	-10	46	-9	54	-7	62	-4	69	-2	75	0	81	2	86	5	90	9	93	14	95	20	96	27	96	35	96	43	95	52	94	62	92	71	90	79	87	86	83	92	78	97	72	102	65	106	57	109	49	111	42	112	36	112	31	112	27	111	24	111	22	112	21	113	21	113	22	112	24	110	27	107	31	103	36	98	42	92	47	85	51	77	56	69	60	62	63	56	65	49	66	41	66	34	65	26	63	19	60	13	56	8	51	4	45	1	38	-1	31	-2	25	-2	20	-1	16	1	13	2	11	2	10	2	10	2	
11:
65	15.581	53	25	54	26	56	27	59	27	63	26	68	24	74	21	80	17	86	14	92	12	97	11	101	11	104	12	106	12	107	11	107	10	106	9	104	9	101	10	97	12	92	15	86	18	80	22	75	27	71	33	68	40	66	48	65	56	65	63	65	70	64	76	62	81	59	85	55	88	51	90	46	91	40	91	33	90	27	88	22	85	17	81	12	76	8	70	5	63	2	55	0	48	-1	41	-1	34	0	28	1	23	3	19	6	16	8	14	10	13	13	13	17	14	22	16	28	19	34	21	39	22	43	22	47	23	50	23	52	24	53	25	53	25	
12:
64	15.677	16	104	17	104	19	104	22	105	26	107	31	108	37	110	44	113	51	115	59	116	67	116	74	115	80	113	85	110	89	106	92	101	95	95	98	88	100	81	103	73	105	65	108	57	110	50	111	44	111	39	110	34	108	30	105	27	101	25	97	24	93	24	88	25	82	27	75	30	67	33	58	35	50	36	43	36	37	35	32	34	28	34	25	34	23	35	22	37	22	40	23	44	24	49	25	55	25	62	24	68	22	74	19	79	15	83	11	86	8	88	6	90	5	92	5	95	6	99	8	102	11	104	13	105	15	105	16	104	16	104	
13:
51	0.512	80	111	79	112	77	113	74	113	70	112	65	110	59	109	52	109	44	108	37	108	31	107	26	105	22	102	19	98	16	93	14	88	13	82	13	77	14	71	16	65	19	60	23	56	28	53	34	51	41	50	48	50	55	50	62	51	69	53	75	56	80	59	85	61	89	62	94	62	98	61	102	60	105	60	107	61	108	63	108	66	108	70	107	75	105	81	102	88	99	94	95	99	90	103	86	106	83	108	81	110	80	111	80	111	
14:
60	0.906	1	65	2	64	4	62	7	59	11	57	16	55	20	52	25	49	31	47	37	46	42	46	46	47	49	49	52	52	54	56	57	59	61	61	66	62	71	62	77	61	83	59	88	56	92	52	95	48	97	43	98	38	98	34	97	31	95	28	92	26	88	25	85	25	81	26	77	28	74	31	72	35	71	40	71	46	72	53	73	61	73	69	72	76	70	82	68	87	65	91	61	94	56	96	51	97	45	97	40	96	36	94	32	92	27	89	22	85	16	80	11	75	7	71	4	68	2	66	1	65	1	65	
15:
70	41.166	9	118	10	117	11	115	13	112	16	108	20	104	25	99	31	93	37	86	43	79	48	73	52	68	55	64	57	61	58	59	58	58	57	58	56	59	54	60	51	61	48	61	44	60	40	58	37	55	35	51	33	46	31	40	30	34	30	28	31	23	33	19	36	16	40	14	45	13	50	13	56	14	63	16	71	19	79	23	86	28	94	34	101	41	107	49	112	57	116	66	119	75	121	83	122	90	122	96	121	101	119	105	116	108	112	110	107	111	101	111	94	110	86	108	78	106	69	104	59	103	50	103	42	104	35	106	29	109	24	113	19	116	15	118	12	119	10	119	9	118	9	118	
16:
67	20.515	14	57	15	56	16	54	18	51	21	47	25	43	30	40	36	36	43	31	51	27	60	24	70	22	81	21	91	21	100	22	108	24	115	27	121	31	126	36	130	42	133	49	135	56	136	64	136	72	135	79	133	85	130	90	126	94	121	97	115	99	108	100	100	100	93	100	87	99	81	99	75	99	70	98	66	96	63	93	61	89	60	85	60	80	61	74	61	67	60	60	58	53	55	47	51	41	46	36	41	32	35	29	28	26	22	24	16	23	11	23	7	24	4	26	2	29	1	33	1	37	2	42	4	47	7	51	10	54	12	56	13	57	14	57	14	57	
17:
75	17.127	98	55	99	54	101	53	103	53	106	53	108	54	109	56	109	59	108	63	106	68	103	74	99	79	94	83	88	86	82	88	75	89	67	89	58	88	50	86	42	84	35	81	29	77	24	73	20	68	17	62	15	55	14	47	14	39	15	32	17	26	19	21	22	17	26	14	31	12	36	11	42	11	49	12	55	14	60	17	64	21	67	26	69	32	70	39	70	46	69	54	67	63	64	72	60	80	55	87	50	93	44	98	39	102	35	105	32	107	30	108	29	110	29	113	30	115	32	116	35	116	39	115	44	113	50	110	57	106	65	101	72	96	78	90	84	83	89	76	93	70	96	65	98	61	99	58	99	56	98	55	98	55	
18:
68	43.084	42	119	42	118	41	116	40	113	38	109	35	104	31	98	27	91	22	83	16	74	11	64	6	54	1	45	-3	37	-6	29	-8	22	-9	16	-9	11	-8	7	-6	4	-4	2	-1	1	3	1	6	2	10	4	14	7	19	10	25	13	31	15	36	16	41	16	46	15	51	13	56	10	60	8	63	7	65	7	66	8	66	10	66	13	66	17	65	22	63	28	61	35	59	42	58	49	58	55	58	61	59	67	61	72	64	76	68	79	72	81	75	83	77	84	78	86	78	89	77	91	75	94	72	97	68	101	63	106	57	110	52	113	48	116	45	118	43	119	42	119	42	119	
19:
73	82.114	114	41	114	40	115	38	117	35	119	31	120	26	120	20	119	15	117	11	114	8	110	6	105	5	99	5	92	6	85	7	77	8	68	10	58	13	47	15	37	18	28	21	20	25	13	30	7	36	2	43	-2	51	-5	59	-7	67	-8	74	-8	80	-7	85	-5	89	-2	92	2	94	7	96	12	97	16	97	19	96	21	94	22	91	22	87	21	82	19	76	18	70	18	65	19	61	21	58	24	56	28	55	33	54	38	54	44	55	51	57	59	60	68	64	76	69	83	73	89	76	94	78	98	79	101	79	103	78	104	76	105	73	107	69	109	65	110	60	112	56	113	51	114	47	115	44	115	42	114	41	114	41	
20:
55	11.345	71	97	70	98	68	100	65	103	62	105	58	106	53	107	47	107	40	106	34	104	29	101	25	97	22	92	20	86	18	79	17	71	16	62	14	53	11	44	7	36	4	29	2	23	1	18	1	14	2	11	4	9	7	8	11	8	16	9	22	10	29	12	37	14	45	15	53	16	60	17	68	17	75	18	81	20	86	23	90	27	93	32	95	38	96	45	96	53	96	62	95	70	93	77	90	83	86	88	83	92	80	95	77	97	74	98	72	98	71	97	71	97	
21:
69	12.908	3	81	4	81	6	82	9	84	13	87	18	90	24	94	30	98	36	101	42	104	49	106	56	107	63	107	69	106	74	104	78	101	81	97	85	92	89	86	94	79	99	71	104	62	108	53	111	44	113	35	114	27	114	20	113	14	113	9	113	5	112	2	112	0	111	-1	109	-1	106	0	102	2	99	5	96	9	92	14	87	19	81	23	74	27	67	30	59	32	50	33	42	33	34	32	27	30	21	27	15	23	10	20	6	18	3	17	1	17	0	18	0	20	0	23	-1	27	-2	32	-3	38	-3	45	-2	53	0	60	1	66	3	71	4	75	4	78	3	80	3	81	3	81	
22:
76	7.972	63	2	62	1	60	0	57	0	53	1	48	3	42	6	35	10	29	13	23	15	18	17	14	20	11	23	9	26	8	30	8	35	9	41	10	46	12	50	15	53	19	55	24	56	30	56	35	57	39	59	42	62	44	66	45	71	45	77	44	83	42	89	41	94	39	98	36	101	32	104	27	106	21	109	15	111	10	112	6	112	3	111	1	109	0	106	0	104	1	103	3	103	6	104	10	106	15	108	21	111	28	115	36	118	44	120	53	121	62	121	70	120	77	118	83	115	88	111	92	106	95	100	97	93	98	85	98	76	97	66	95	56	92	47	88	38	83	30	78	23	73	17	69	12	66	8	64	5	63	3	63	2	63	2	
23:
71	210.957	62	110	63	111	65	112	68	114	71	115	75	115	79	114	82	114	84	113	85	111	85	108	84	104	82	99	79	93	75	86	71	78	68	69	66	59	65	49	65	40	66	32	68	25	70	19	73	14	75	10	76	7	77	5	77	4	76	4	74	5	71	5	67	5	62	4	56	2	49	1	41	-1	33	-2	26	-2	19	-1	13	1	8	4	4	7	1	11	-1	16	-2	22	-2	28	-1	33	1	37	4	40	8	42	13	43	19	44	24	45	28	45	31	45	33	46	34	48	34	51	33	55	32	60	32	66	33	72	35	78	38	83	42	89	47	95	52	100	56	104	59	107	61	109	62	110	62	110	
24:
67	42.112	4	72	3	71	2	69	2	66	3	62	4	57	6	51	9	45	13	40	18	36	24	33	31	30	39	28	47	27	56	27	64	28	71	30	77	32	82	35	86	38	89	40	91	41	92	41	92	40	91	38	89	35	86	32	82	30	77	29	71	29	65	30	60	32	55	35	50	39	45	43	41	48	38	54	36	60	35	66	35	72	36	78	38	85	41	91	44	96	48	100	53	103	58	106	62	108	65	109	67	109	68	108	68	106	67	103	65	99	62	94	58	90	53	87	47	85	40	84	32	83	25	83	19	82	14	80	10	77	7	75	5	73	4	72	4	72	
25:
74	10.502	111	40	110	40	108	41	105	41	101	41	96	40	90	38	84	35	78	31	71	26	65	22	58	17	50	13	41	10	33	7	26	5	20	4	15	4	11	5	8	7	6	10	5	14	5	19	6	25	8	32	11	39	15	46	20	52	26	59	33	65	40	72	48	80	57	87	65	93	73	98	81	103	88	107	94	110	100	112	105	113	109	113	112	112	114	111	115	109	115	106	114	103	112	100	109	96	105	91	101	85	96	79	92	72	89	64	87	57	85	49	84	42	84	36	85	31	87	27	90	24	94	22	99	21	104	21	109	22	113	24	116	27	118	31	119	35	119	38	118	40	116	41	114	41	112	41	111	40	111	40	
26:
86	146.646	36	37	37	37	39	36	42	34	46	33	51	32	57	31	64	30	72	28	80	25	87	23	93	22	98	21	102	19	105	16	107	13	108	10	108	6	107	1	105	-3	102	-6	98	-8	93	-9	87	-9	80	-8	72	-6	63	-4	53	-1	44	2	35	6	27	10	20	14	14	17	9	21	5	25	2	30	0	36	-1	43	-1	51	0	58	2	66	5	75	9	83	14	91	20	98	26	104	33	109	41	113	49	116	56	119	62	121	67	122	71	122	74	121	76	119	77	116	77	112	76	109	74	105	71	100	67	95	62	91	56	88	50	86	45	85	40	83	34	80	29	77	25	73	22	68	20	62	19	55	19	48	19	42	20	37	21	33	22	30	24	28	25	27	27	27	30	28	33	30	35	33	36	35	36	36	36	37	36	37	
27:
70	4.497	98	116	99	116	101	115	104	114	108	113	111	112	114	111	116	111	117	112	117	114	116	116	114	119	111	121	107	122	102	122	96	121	89	119	83	116	76	113	68	111	59	109	49	107	40	104	32	102	25	101	19	100	14	99	10	97	7	94	5	90	4	86	4	82	5	77	7	71	10	65	14	59	19	54	25	48	32	42	40	37	48	33	57	30	66	28	74	27	81	27	87	28	92	30	96	33	99	37	101	42	102	48	102	54	101	61	99	67	96	72	92	76	88	79	84	81	81	82	79	83	78	85	78	88	79	92	81	96	84	101	88	106	92	110	95	113	97	115	98	116	98	116	
28:
74	40.324	20	98	21	97	23	95	25	92	28	88	31	83	33	77	34	70	34	62	34	53	34	45	34	38	33	32	31	27	28	23	24	20	21	18	19	16	18	15	18	15	19	16	21	18	23	19	26	19	30	18	35	17	41	15	48	12	56	10	65	9	75	9	86	10	96	11	105	13	114	16	122	20	129	25	135	31	140	38	144	45	148	53	151	62	153	71	154	79	154	86	153	92	151	97	148	101	144	104	139	106	133	107	126	107	118	106	111	104	105	101	100	97	96	92	93	86	91	81	89	77	86	74	82	72	77	71	71	71	64	72	56	74	48	76	41	79	35	83	30	88	26	92	23	95	21	97	20	98	20	98	
29:
69	20.3	11	102	12	103	12	104	12	105	11	105	11	104	11	102	12	99	14	96	17	93	21	91	26	90	32	90	39	91	47	93	56	96	65	100	73	103	81	105	89	106	96	106	102	105	107	103	111	100	114	96	116	91	117	85	117	79	116	74	114	69	111	65	108	60	106	54	105	49	104	45	103	42	101	39	98	37	94	36	89	36	83	37	76	37	68	36	60	34	53	31	45	27	36	23	26	20	17	18	9	17	2	17	-4	18	-9	20	-13	23	-16	27	-18	32	-19	38	-19	45	-18	53	-16	62	-13	70	-9	77	-4	83	1	88	5	92	8	96	10	99	11	101	11	102	11	102	
30:
70	22.076	84	43	83	42	81	40	78	37	75	33	73	29	72	26	72	22	73	19	75	17	78	15	81	14	85	14	90	15	94	17	99	20	104	24	109	29	113	35	116	42	118	50	119	59	119	69	120	78	122	86	123	93	123	99	122	104	121	108	120	111	118	113	115	114	111	114	106	113	100	111	94	108	87	104	79	99	70	94	60	88	51	81	43	73	36	65	30	56	25	48	21	41	18	35	15	30	12	26	9	23	7	20	6	18	6	17	7	17	9	18	12	20	16	23	21	27	27	30	34	33	42	36	50	38	57	39	63	39	69	40	74	42	78	43	81	44	83	44	84	43	84	43	
31:
75	16.949	76	58	76	57	75	55	74	52	72	48	69	43	65	38	60	33	54	29	47	25	39	22	31	20	24	19	18	19	13	20	9	22	6	23	4	23	3	22	3	20	4	17	6	13	9	9	13	5	18	0	24	-5	31	-9	39	-12	48	-14	58	-15	69	-15	79	-14	88	-12	96	-10	103	-7	109	-3	114	2	118	8	121	14	123	21	124	28	124	36	123	43	121	49	118	54	114	58	109	61	103	63	96	64	88	64	79	64	70	63	62	63	55	64	48	66	42	69	37	71	33	74	30	76	28	77	27	79	27	82	28	84	30	85	33	85	37	84	42	82	48	80	55	77	61	73	66	68	70	64	73	61	75	59	76	58	76	58	
32:
73	60.49	58	2	59	1	61	-1	64	-4	68	-6	73	-7	78	-7	83	-6	87	-4	90	-1	92	3	93	8	93	14	92	21	91	28	91	34	92	39	94	44	97	48	100	51	103	53	106	54	109	55	111	55	112	54	112	53	111	53	109	54	106	56	102	59	97	63	91	67	85	72	79	78	74	84	70	89	67	94	65	98	64	102	64	106	63	109	63	111	62	112	60	112	59	111	57	109	54	106	50	102	45	98	39	95	34	93	30	92	27	91	25	89	24	87	24	86	25	84	27	81	30	77	34	73	39	68	44	62	48	55	52	47	55	38	58	30	60	23	61	17	61	12	60	8	59	5	58	3	58	2	58	2	
33:
63	8.641	89	25	88	24	86	22	83	19	79	17	74	16	69	15	65	15	62	16	60	18	59	21	58	24	56	26	53	27	49	27	44	28	38	30	32	33	26	36	21	40	17	45	14	51	12	58	11	66	11	75	10	84	8	92	6	99	4	105	3	111	3	116	4	120	6	123	9	125	13	126	18	126	24	125	31	123	39	120	48	117	56	113	65	110	74	106	83	101	91	95	98	90	104	84	109	79	113	75	116	72	118	70	119	67	119	63	118	58	116	52	113	46	109	40	104	35	99	31	95	28	92	26	90	25	89	25	89	25	
34:
65	15.376	24	92	24	91	24	89	23	86	21	82	20	77	20	71	21	64	23	56	26	49	30	43	35	38	41	34	48	31	56	29	65	28	74	28	82	29	89	31	95	34	100	38	104	42	107	46	109	49	110	51	110	53	109	54	107	54	105	53	104	51	103	48	101	44	98	40	94	37	89	34	83	30	77	25	71	20	66	15	62	9	59	4	55	0	50	-3	44	-5	39	-6	33	-6	28	-5	24	-3	20	0	16	4	13	9	11	15	9	22	8	30	8	38	9	47	11	56	12	64	14	71	16	77	18	82	19	86	21	89	23	91	24	92	24	92	
35:
66	6.325	72	12	71	11	69	9	66	7	62	6	57	6	51	7	46	9	42	12	38	16	35	20	33	25	32	31	31	37	30	42	28	46	25	49	22	51	19	52	17	52	16	51	16	51	17	52	19	53	21	55	22	58	22	62	21	67	21	73	22	80	22	87	21	93	20	98	20	104	20	109	21	113	23	116	26	118	30	119	35	119	41	118	48	116	56	114	64	112	73	111	81	111	88	111	94	110	99	108	103	105	106	101	108	96	109	90	109	83	108	75	106	66	103	57	99	48	95	40	90	33	85	27	81	22	78	18	75	15	73	13	72	12	72	12	
36:
57	27.881	56	9	55	9	53	9	50	8	47	7	43	5	38	4	34	3	31	3	29	4	27	6	26	9	26	13	27	17	28	22	29	26	29	30	28	35	26	40	23	46	19	52	14	59	10	66	7	72	5	77	3	81	2	84	2	87	3	89	5	90	8	90	12	89	17	87	23	84	29	80	36	75	44	70	52	66	59	61	65	55	71	50	76	46	80	43	83	41	85	39	86	38	86	37	85	35	83	32	80	29	76	25	71	22	66	18	62	15	59	12	57	10	56	9	56	9	
37:
59	9.737	20	16	19	16	17	17	14	19	10	21	6	24	3	28	1	33	0	39	0	46	1	54	3	62	6	69	10	75	15	80	21	85	28	89	35	92	42	94	48	95	53	95	57	94	60	92	62	89	63	85	63	80	64	74	66	68	69	62	73	57	78	53	84	50	90	48	95	47	99	45	102	42	104	38	106	34	108	29	109	25	109	22	108	20	106	18	103	17	99	17	94	18	88	20	81	22	73	23	64	23	56	24	48	24	41	23	35	21	30	18	26	16	23	15	21	15	20	16	20	16	
38:
78	78.08	40	51	41	50	43	49	46	47	50	44	55	40	61	37	68	33	75	28	81	23	86	19	90	16	94	14	97	13	99	13	100	14	100	16	99	19	97	23	94	28	90	34	85	40	79	47	74	55	70	64	67	73	65	81	64	88	64	95	65	101	67	106	70	110	74	113	79	115	85	116	92	116	98	115	104	113	109	110	113	106	116	101	118	95	119	88	119	82	119	77	118	72	116	68	113	65	109	63	104	62	98	62	91	63	83	65	76	68	70	72	63	77	55	81	46	86	38	90	31	93	25	95	20	96	16	96	13	95	11	93	10	90	10	86	11	81	13	75	15	69	18	64	22	60	27	57	31	54	34	52	37	51	39	51	40	51	40	51	
39:
76	16.354	104	94	105	93	107	91	110	88	113	84	115	79	116	73	116	67	115	62	113	57	110	53	106	50	101	48	95	47	90	46	84	46	79	46	75	46	72	45	70	45	69	44	69	42	70	40	72	37	75	33	79	29	84	24	89	20	95	17	100	14	104	12	107	11	109	10	110	9	110	8	109	6	107	3	104	-1	100	-4	95	-6	89	-7	82	-7	74	-7	65	-6	55	-4	46	-1	38	2	31	6	25	11	20	17	16	24	13	32	11	41	10	51	9	61	8	70	8	78	9	85	11	91	14	96	18	100	23	103	29	105	35	108	42	110	50	111	59	112	68	112	76	111	83	109	89	106	94	102	98	99	101	97	103	95	104	94	104	94	
40:
66	7.499	56	14	55	15	53	17	51	20	50	24	50	29	51	34	53	40	56	45	60	49	65	52	71	54	78	55	85	55	91	56	96	57	100	59	103	62	105	66	106	71	106	77	105	84	103	92	100	99	96	105	92	111	87	116	81	120	74	123	67	126	59	128	50	129	42	129	34	128	27	126	21	123	16	120	12	118	9	117	7	115	6	112	6	108	7	103	9	99	12	96	14	92	15	87	15	81	14	74	12	66	10	57	9	48	9	40	10	33	12	27	15	22	19	18	24	15	29	13	35	12	41	12	46	13	50	13	53	13	55	14	56	14	56	14	
41:
61	10.659	15	108	14	109	14	111	15	112	16	112	18	111	21	109	25	106	30	102	35	97	41	91	48	86	54	81	59	77	63	74	68	72	72	70	75	67	77	65	78	63	78	62	77	61	75	59	72	57	69	55	67	53	66	51	66	48	67	44	69	39	72	35	76	31	81	26	85	22	88	19	90	16	91	14	91	11	90	9	88	8	85	8	81	8	76	9	70	11	64	14	57	18	49	23	42	29	35	36	29	44	24	53	19	63	15	72	12	80	10	87	9	93	9	98	10	102	12	105	14	107	15	108	15	108	
42:
74	25.362	63	72	64	71	66	69	69	67	73	66	78	65	84	65	91	65	98	64	104	62	109	59	113	57	116	54	118	50	119	45	119	39	118	33	116	26	113	20	109	13	104	6	98	0	91	-5	83	-9	74	-12	65	-14	55	-15	45	-15	36	-14	28	-12	21	-9	15	-5	10	0	6	5	3	10	1	16	0	23	0	31	1	40	2	50	4	59	7	67	11	75	16	82	22	88	29	93	37	98	44	102	50	105	55	108	59	110	62	111	64	112	65	112	65	111	64	109	62	106	59	102	55	97	50	92	46	88	43	85	41	82	40	80	40	78	41	77	43	76	46	75	49	75	53	76	57	76	60	75	62	73	63	72	63	72	
43:
62	14.724	17	13	18	13	20	13	23	14	27	16	32	19	38	21	44	24	51	27	57	31	62	36	66	41	69	47	71	54	72	62	73	69	73	76	74	82	76	87	79	91	83	94	88	96	93	97	99	97	104	96	108	94	111	91	113	87	114	82	114	76	114	69	114	61	115	53	117	45	119	37	120	30	120	24	119	19	117	15	114	12	110	10	106	9	103	7	100	6	98	4	97	1	95	-1	92	-2	88	-2	83	-1	77	1	70	4	62	8	53	12	45	15	38	17	32	18	27	18	23	17	20	16	18	14	17	13	17	13	
44:
53	2.102	109	61	108	62	106	62	103	62	99	63	94	65	88	68	81	71	73	75	64	79	55	82	47	84	40	85	34	85	29	86	25	88	22	91	20	93	19	94	19	96	20	99	22	103	25	108	29	112	34	115	40	117	47	118	54	118	60	118	66	117	71	117	75	116	78	114	80	111	81	108	81	104	80	100	78	95	76	89	74	82	73	75	73	69	74	64	76	60	79	57	83	55	88	54	94	54	99	55	103	57	106	59	108	60	109	61	109	61	
45:
70	24.035	42	10	43	9	45	7	48	4	52	0	56	-4	61	-7	67	-9	74	-10	82	-10	90	-10	97	-9	103	-7	108	-4	112	0	115	5	117	11	118	18	118	26	117	35	115	45	112	55	108	64	103	72	98	79	92	85	85	90	78	94	70	98	63	101	57	103	52	104	48	104	45	103	43	101	42	98	42	94	43	89	44	83	46	76	49	68	53	61	56	55	58	50	59	46	59	43	58	41	56	40	53	40	50	41	46	43	41	44	35	44	30	43	25	41	21	38	18	34	16	29	15	25	15	22	16	19	18	16	21	14	25	13	29	12	32	10	36	9	39	9	41	9	42	10	42	10	
46:
62	2.982	43	57	44	58	46	60	49	63	52	65	56	66	61	66	66	65	70	63	73	60	75	56	78	53	82	51	87	50	92	50	96	51	101	53	105	56	108	60	111	65	113	69	114	74	114	80	113	87	111	93	108	98	105	102	101	105	96	107	90	108	83	108	77	107	71	105	66	102	61	98	57	93	54	87	50	80	45	73	40	65	34	58	29	52	25	47	22	41	19	36	17	32	16	28	16	25	17	23	19	22	22	22	24	23	27	25	30	28	34	32	38	37	41	42	43	47	44	51	44	54	44	56	43	57	43	57	
47:
64	5.027	108	27	109	28	111	30	112	33	112	37	111	42	109	47	106	51	102	54	97	56	91	58	84	61	76	63	67	66	57	70	48	75	40	81	33	88	27	95	22	101	17	106	13	110	10	113	8	115	7	116	6	116	5	115	5	113	4	110	4	106	5	102	7	97	9	91	12	84	14	76	15	67	15	58	14	50	12	43	10	37	7	31	5	26	4	22	4	18	5	15	7	13	10	11	14	10	19	10	25	10	32	11	39	13	47	14	56	15	65	16	73	17	80	17	87	17	93	18	98	19	102	21	105	24	107	26	108	27	108	27	
48:
62	25.563	86	26	87	27	89	29	92	32	94	36	95	41	95	47	95	54	94	61	92	67	89	72	85	78	80	85	74	92	67	98	59	103	51	107	43	110	34	112	26	113	19	113	13	112	8	110	4	107	1	103	-1	98	-2	92	-2	85	-1	77	1	70	4	64	8	58	13	53	19	49	26	46	34	44	42	42	51	41	59	40	68	40	77	41	85	43	92	46	98	49	104	51	109	52	113	52	116	51	118	49	119	46	119	42	118	38	116	33	113	29	109	26	105	24	101	23	96	22	92	22	89	23	87	25	86	26	86	26	
49:
68	4.049	84	117	83	118	81	120	78	121	74	121	69	120	63	119	58	117	53	114	49	110	46	105	44	99	43	92	42	84	40	75	37	65	33	55	30	46	26	37	22	29	19	22	16	16	14	11	13	7	13	4	14	2	16	1	19	1	22	2	26	4	31	7	36	11	40	16	43	20	46	23	48	25	49	26	49	26	48	25	48	23	49	21	51	19	54	16	58	14	63	13	68	13	72	14	75	16	77	19	78	23	78	28	77	34	75	41	72	49	68	56	65	63	63	70	62	78	62	86	63	93	65	99	68	104	72	108	76	111	79	114	81	116	83	117	84	117	84	117	
50:
66	3.53	18	57	18	56	18	54	18	51	19	47	21	43	24	40	28	38	33	36	38	34	43	31	48	27	53	22	57	18	62	15	66	13	71	12	75	12	78	13	80	15	81	18	81	22	80	26	80	29	81	31	83	32	86	32	90	31	95	29	101	28	106	28	110	29	113	31	115	34	116	38	116	43	115	49	113	56	110	64	107	73	103	81	98	88	92	94	86	99	81	103	77	106	74	108	72	109	70	109	69	108	68	106	68	103	67	99	65	94	62	88	59	82	55	76	50	71	45	66	39	62	33	59	28	57	24	56	21	56	19	57	18	57	18	57	
51:
72	12.068	114	97	113	96	111	94	108	91	105	88	101	86	96	85	90	85	83	86	76	88	70	91	64	95	58	98	53	100	47	101	40	101	34	100	28	98	22	95	15	91	8	86	1	80	-5	74	-10	67	-14	59	-17	50	-19	42	-20	35	-20	28	-20	22	-19	17	-17	13	-14	10	-10	8	-5	7	1	7	8	8	16	10	23	13	31	17	38	22	46	27	55	31	65	34	74	36	82	37	89	37	95	36	100	34	104	31	107	27	109	24	110	22	110	21	111	21	113	22	114	24	115	27	115	31	115	36	116	42	116	48	117	55	119	63	120	70	120	76	119	82	117	87	116	91	116	94	115	96	114	97	114	97	
52:
67	5.662	82	92	81	93	80	95	80	97	79	98	77	99	74	99	71	98	67	96	63	93	58	89	52	85	47	82	42	80	38	79	35	78	33	78	32	77	32	75	33	72	35	70	38	67	41	63	44	58	46	52	47	46	47	41	46	36	44	32	41	29	38	27	35	26	32	25	30	25	29	24	29	22	30	19	32	17	35	16	39	16	44	17	49	19	55	20	62	21	70	23	79	25	87	28	94	32	100	37	105	43	109	50	112	56	115	63	117	69	118	74	118	80	117	85	115	89	112	92	108	95	103	97	97	98	92	98	88	97	85	95	83	93	82	92	82	92	
53:
71	19.268	42	30	41	29	40	27	38	24	37	20	37	15	38	9	40	4	43	0	47	-3	52	-5	58	-6	64	-6	71	-5	79	-3	86	0	94	4	101	9	107	15	112	21	117	28	121	35	124	43	126	52	127	60	127	67	126	73	124	78	121	82	117	85	112	87	106	88	99	88	91	87	82	85	72	83	62	82	53	82	45	82	38	83	31	85	25	88	20	92	16	97	13	102	11	106	10	110	10	113	11	115	11	116	12	116	12	115	11	113	9	110	8	106	8	101	9	95	11	88	14	81	18	75	23	70	29	64	34	59	38	55	41	50	43	45	44	40	44	36	43	33	43	31	42	30	42	30	
54:
75	14.386	61	27	62	26	64	24	67	21	70	18	73	14	75	10	76	7	78	5	79	4	81	4	83	5	84	7	85	10	85	14	84	19	82	25	79	32	75	38	70	43	64	47	59	50	55	52	52	53	50	54	49	56	49	59	50	63	52	68	55	74	59	80	64	87	70	94	75	100	79	105	82	109	84	112	85	116	85	120	84	123	82	125	79	126	75	126	70	126	64	125	57	123	49	120	41	116	34	111	27	105	21	99	16	93	12	86	9	79	7	71	6	62	6	53	6	44	7	36	9	29	12	23	16	18	21	14	27	11	33	9	40	8	46	8	51	9	55	11	58	14	60	18	61	21	62	24	62	26	61	27	61	27	
55:
67	5.941	71	68	70	67	68	65	65	62	61	58	56	53	52	47	49	41	47	35	45	28	44	22	44	17	45	12	47	8	50	5	54	3	59	2	65	2	72	1	79	1	87	2	94	4	100	7	105	10	109	14	112	17	114	21	115	24	115	26	114	27	112	27	109	26	105	24	100	23	95	23	91	24	88	26	86	29	85	33	85	38	86	44	88	51	91	59	93	67	94	75	95	82	95	88	94	93	92	97	89	101	86	104	82	107	77	109	71	110	66	110	62	109	59	107	57	104	56	100	56	95	57	89	59	83	62	78	65	74	68	71	70	69	71	68	71	68	
56:
51	2.503	100	69	99	70	97	72	94	75	90	79	85	83	79	86	72	88	66	89	61	89	57	88	54	86	51	83	48	79	44	74	39	68	33	61	26	54	20	48	15	41	10	34	6	28	3	22	1	17	0	13	0	10	1	8	3	7	6	7	9	8	13	10	16	12	20	15	25	19	30	24	36	30	43	35	51	40	59	45	67	49	74	52	80	54	86	55	91	56	95	58	98	60	100	62	101	64	101	66	100	68	100	69	100	69	
57:
76	198.777	86	102	85	103	83	103	80	103	76	103	71	103	65	104	58	106	50	109	41	111	33	112	25	112	18	111	12	109	7	106	3	102	0	97	-3	91	-5	84	-6	76	-6	67	-5	58	-3	49	0	41	4	33	9	26	15	20	22	15	30	11	39	8	49	6	59	5	68	5	76	6	83	8	90	11	96	14	102	17	107	21	111	26	114	30	116	33	117	35	117	36	116	36	114	35	111	33	107	30	102	27	96	24	90	21	83	19	75	16	68	14	62	13	57	13	52	14	48	16	44	18	41	21	39	25	38	30	38	36	39	43	41	51	44	60	48	68	53	75	59	81	65	86	71	90	76	93	80	96	83	99	85	101	86	102	86	102	
58:
68	23.57	64	37	63	36	61	34	58	31	54	29	49	28	43	28	37	28	32	29	28	31	25	34	23	38	22	43	20	49	19	56	19	63	19	70	19	77	20	85	22	92	25	98	28	103	31	107	33	110	34	112	34	113	33	113	31	112	29	110	28	107	28	103	28	98	29	92	31	87	34	82	38	78	43	75	49	72	56	70	63	67	71	63	80	58	88	54	95	49	101	43	106	36	110	28	113	21	115	15	116	10	117	6	117	3	116	1	114	0	113	0	112	1	110	3	107	6	103	10	98	15	92	21	85	26	79	30	74	33	70	35	67	36	65	37	64	37	64	37	
59:
74	2.764	55	66	54	67	52	68	49	69	45	69	42	68	40	66	39	63	38	59	37	54	37	48	38	42	38	37	39	33	39	30	38	28	36	27	34	27	31	28	27	30	22	33	16	37	11	40	7	42	4	43	2	43	1	42	1	40	0	37	0	33	1	28	3	23	6	18	10	14	15	11	21	9	28	8	35	8	41	9	48	11	56	14	65	18	75	23	85	29	94	36	102	44	109	53	115	63	120	73	124	82	127	90	129	97	130	103	130	108	129	112	128	115	126	118	123	120	120	121	117	121	115	120	112	118	108	115	103	111	97	106	90	100	83	93	76	87	70	81	65	76	61	72	58	69	56	67	55	66	55	66	
60:
64	18.156	56	46	57	47	59	49	62	52	64	55	67	59	69	64	70	70	70	77	69	84	69	90	69	95	70	99	72	102	74	104	77	105	81	105	86	104	92	102	98	99	104	95	109	90	113	84	116	77	118	69	119	60	119	52	118	45	117	39	115	34	112	30	108	26	103	23	97	21	90	19	82	18	75	18	69	19	64	20	60	20	57	19	55	17	53	14	51	10	48	7	44	4	39	2	34	1	30	1	27	1	25	2	24	4	24	7	25	10	27	14	30	19	34	24	39	30	44	35	48	39	51	42	53	44	55	45	56	46	56	46	
61:
74	26.766	8	24	9	23	11	22	14	21	18	21	23	22	29	22	36	21	44	21	51	20	57	18	63	15	68	11	72	8	75	6	79	5	84	4	90	4	96	5	103	7	109	10	115	14	120	19	124	25	127	32	129	40	130	49	130	58	130	66	129	73	127	79	124	84	120	88	116	91	113	93	111	94	110	94	109	93	109	91	109	89	108	86	106	82	103	77	99	72	94	68	88	65	81	63	73	62	66	62	58	63	49	65	40	68	31	72	23	76	16	80	10	83	5	85	1	86	-4	86	-8	85	-11	83	-13	80	-14	76	-14	71	-13	65	-11	58	-9	51	-6	45	-3	39	1	34	4	30	6	27	7	25	8	24	8	24	
62:
62	7.233	71	103	72	102	73	100	74	97	76	94	79	91	83	89	88	88	93	88	99	89	104	91	108	94	111	97	114	99	116	100	118	100	119	99	120	97	121	94	121	90	120	86	118	83	115	79	111	76	106	74	102	72	99	69	97	65	96	60	96	55	95	50	93	46	90	43	86	41	81	40	75	40	69	41	62	41	54	41	46	40	39	40	33	41	28	42	24	44	21	46	19	49	18	52	18	56	19	61	21	65	24	68	28	70	32	72	37	75	43	79	50	84	56	88	61	93	65	97	68	100	70	102	71	103	71	103	
63:
82	33.66	43	36	44	35	46	33	48	30	51	26	55	21	60	17	65	12	69	8	74	5	80	3	87	2	94	2	100	3	105	5	109	8	112	12	114	17	116	23	117	30	117	37	116	45	114	54	111	63	107	72	102	81	96	89	90	96	83	102	76	107	69	111	61	114	52	116	43	117	35	117	28	116	22	114	17	111	13	107	10	102	8	96	7	89	7	81	8	72	10	64	12	56	15	49	19	43	24	38	30	34	37	31	44	29	52	28	60	28	67	29	73	31	78	34	82	37	85	41	87	46	88	52	88	58	87	64	85	69	82	73	78	76	73	78	67	79	61	79	56	78	52	76	49	74	47	71	45	67	44	62	44	57	45	51	45	46	45	42	44	39	43	37	43	36	43	36	
64:
60	3.473	76	12	75	13	73	15	70	16	66	17	62	17	57	17	53	16	50	16	48	17	45	19	42	22	38	26	35	31	33	37	31	44	29	52	27	60	26	67	26	73	27	78	29	82	32	85	36	87	41	88	46	88	52	87	59	85	67	84	75	84	82	85	88	87	93	89	97	92	100	94	102	95	104	95	105	94	105	92	104	89	102	85	101	80	101	74	102	67	104	59	107	52	109	44	110	37	110	31	109	25	107	20	104	16	100	13	95	11	90	9	86	8	82	8	79	9	77	11	76	12	76	12	
65:
69	37.927	80	81	81	80	82	78	83	75	85	71	88	66	91	61	93	55	94	48	96	42	97	35	97	29	96	24	94	20	93	17	93	15	94	14	95	14	95	15	94	17	92	20	89	24	85	27	80	29	74	30	67	30	60	29	53	27	46	24	40	22	35	21	31	21	28	22	26	24	25	27	25	31	26	36	28	42	30	49	32	57	34	65	37	72	40	78	42	83	43	87	43	90	44	92	46	93	49	93	53	92	58	92	63	93	68	95	72	98	75	102	78	105	81	107	83	108	86	108	89	107	91	105	92	103	92	100	91	96	89	91	86	87	83	84	81	82	80	81	80	81	
66:
71	56.536	75	43	74	42	72	40	69	37	65	33	61	28	58	23	55	19	53	16	52	14	52	13	53	13	55	14	58	16	60	18	63	19	67	19	72	18	76	16	80	13	85	9	89	5	93	2	98	0	104	-1	109	-1	113	-1	116	0	118	2	119	4	119	5	118	7	116	9	113	12	111	16	110	21	109	27	109	34	110	42	111	49	111	55	110	60	108	64	105	68	102	71	98	73	93	74	87	74	81	73	74	73	66	74	59	75	53	77	48	78	44	80	41	81	39	81	38	80	38	78	39	76	41	75	44	73	48	70	53	66	59	61	64	56	68	52	71	49	73	46	74	44	75	43	75	43	
67:
80	22.529	77	83	78	84	78	86	78	89	77	93	75	98	72	102	68	105	63	107	57	108	51	108	46	107	42	105	39	102	36	98	34	93	33	89	33	86	34	84	35	83	37	82	38	82	38	83	37	85	35	88	32	92	28	96	24	99	21	101	19	102	17	102	16	101	14	99	11	96	8	92	5	87	3	81	1	74	0	66	-1	57	-2	48	-3	40	-4	33	-4	26	-3	20	-1	15	1	11	4	8	8	6	13	5	19	5	25	6	32	8	40	11	49	15	58	20	66	25	75	31	83	38	91	45	98	51	104	57	109	62	113	66	116	69	118	71	119	74	119	78	118	83	116	87	113	90	109	92	104	93	98	93	92	92	87	91	83	89	80	86	78	84	77	83	77	83	
68:
71	4.911	112	55	111	54	109	52	106	50	102	47	97	43	91	40	85	38	79	37	74	37	70	38	67	40	64	43	62	45	60	46	58	46	57	45	57	43	58	40	60	36	62	31	65	27	69	23	74	20	78	18	81	17	83	16	84	14	84	12	83	10	81	9	78	8	74	8	69	9	63	11	57	14	50	17	42	21	35	26	29	32	24	39	20	45	16	50	13	56	11	63	10	71	10	80	10	88	11	95	13	101	16	106	20	110	25	113	31	115	38	116	46	116	53	115	59	113	64	110	68	106	72	101	77	95	82	88	88	81	94	75	99	70	103	65	106	61	109	58	111	56	112	55	112	55	
69:
70	46.517	81	112	82	111	84	109	87	106	90	102	94	97	99	91	104	86	108	81	111	77	113	74	114	72	114	70	113	69	111	69	108	69	104	70	101	70	99	69	98	67	98	64	99	60	100	55	102	49	103	42	103	34	102	27	100	21	98	16	96	12	94	9	91	7	87	6	82	6	78	7	75	9	73	12	70	16	68	21	67	27	67	34	66	42	64	51	61	61	57	70	52	78	47	85	41	91	35	96	30	100	26	103	23	105	21	106	20	106	20	105	21	103	23	102	26	102	30	103	35	105	41	108	48	112	55	115	61	117	66	118	71	118	75	117	78	115	80	113	81	112	81	112	
70:
64	5.111	26	52	26	51	25	49	25	46	26	42	27	38	29	33	32	27	36	21	40	16	44	12	47	9	49	7	50	6	51	6	51	7	50	9	48	12	45	16	42	21	38	27	33	33	29	40	26	48	23	57	20	65	18	74	17	83	17	91	18	98	20	104	23	109	27	113	32	116	36	118	40	119	45	119	50	118	56	116	63	113	70	109	76	104	81	98	85	91	88	85	90	80	91	75	91	71	90	68	88	66	85	65	81	65	76	66	70	68	64	69	58	69	53	68	47	67	41	65	36	62	32	58	29	55	27	53	26	52	26	52	
71:
85	35.995	119	5	118	4	116	3	113	3	109	4	104	6	98	8	91	11	83	15	74	20	64	25	54	31	44	37	35	44	27	52	20	61	14	71	9	80	5	88	2	95	0	101	-1	106	-1	110	0	113	2	115	5	116	9	116	14	115	20	113	27	110	34	106	42	101	51	95	60	88	68	80	77	72	85	65	92	59	99	54	105	50	110	47	114	45	117	44	119	44	120	45	120	47	119	50	117	54	116	59	114	65	113	70	113	76	114	83	116	89	119	94	121	98	122	102	122	105	121	107	119	108	116	108	112	107	107	105	102	102	96	98	90	93	85	87	81	80	78	72	76	63	75	53	75	44	76	36	78	29	81	23	85	17	90	12	94	8	99	5	104	3	109	2	113	2	116	3	118	4	119	5	119	5	
72:
84	55.974	30	96	29	95	27	93	24	90	20	86	15	81	11	75	8	68	6	60	5	53	5	46	6	40	7	35	9	31	12	28	16	25	21	23	27	22	34	22	41	23	47	25	52	28	56	32	59	37	61	43	64	49	68	55	73	60	79	64	85	67	90	69	94	72	97	76	99	81	101	87	102	94	102	101	101	107	99	112	96	116	92	119	87	122	81	124	74	125	68	125	63	124	59	122	56	119	54	115	53	110	53	104	54	97	55	89	57	82	60	76	64	71	69	67	75	63	82	58	89	52	95	45	100	39	104	34	107	30	109	27	110	25	110	24	109	24	107	25	104	27	100	30	95	34	89	39	82	45	74	52	66	60	58	68	51	75	45	81	40	86	36	90	33	93	31	95	30	96	30	96	
73:
77	48.049	119	32	118	33	116	35	113	38	109	40	104	42	98	43	91	43	83	43	76	42	69	40	63	37	58	33	54	28	51	22	47	16	42	11	38	7	33	4	27	2	21	1	16	1	10	2	5	4	1	7	-4	11	-8	16	-11	22	-14	29	-16	37	-18	46	-19	54	-20	61	-20	67	-19	72	-17	76	-14	79	-10	81	-5	82	1	82	7	81	12	79	17	77	23	75	29	74	34	74	39	75	43	77	47	80	50	84	52	89	53	93	53	96	52	99	50	101	49	103	49	106	50	108	52	109	54	109	57	108	61	106	64	103	68	99	73	94	79	89	86	83	93	76	99	68	104	60	108	53	111	47	113	42	115	38	116	35	118	33	119	32	119	32	
74:
68	37.308	26	73	25	74	23	76	20	79	16	82	13	86	11	89	9	91	8	92	8	92	7	91	7	89	8	86	10	82	13	77	17	71	22	64	28	57	35	50	43	43	52	37	61	32	71	28	80	25	88	21	95	16	101	12	106	9	110	7	113	6	115	6	116	7	116	9	115	12	113	16	110	20	107	23	103	25	98	26	92	27	85	28	78	30	70	31	63	31	55	30	46	28	37	25	29	22	22	18	16	15	11	13	7	12	4	12	2	13	1	15	1	18	2	22	4	27	7	33	11	40	16	47	20	53	23	58	25	63	26	67	27	70	27	72	26	73	26	73	
75:
71	7.194	96	15	95	16	94	18	92	21	89	25	85	29	80	34	74	40	68	45	62	49	55	54	49	60	44	65	40	69	37	73	35	76	34	78	34	79	35	79	37	78	38	76	38	73	38	69	37	64	35	58	32	51	28	44	24	38	21	31	19	24	18	18	18	13	19	9	20	6	22	4	25	3	29	3	34	4	40	6	47	9	54	13	60	18	65	24	69	31	74	39	78	48	82	56	87	63	92	69	98	74	104	78	109	81	113	83	116	84	118	84	119	83	121	81	122	78	122	74	121	69	119	63	117	56	116	48	115	41	113	35	110	30	106	25	102	21	99	18	97	16	96	15	96	15	
76:
69	2.357	41	104	40	105	39	107	37	108	34	108	30	107	25	105	19	102	14	98	8	93	3	88	-1	82	-4	76	-6	69	-7	61	-7	54	-6	46	-4	39	-1	33	2	28	6	24	11	21	15	19	18	18	20	18	21	19	21	21	20	24	18	28	17	33	16	39	16	45	17	50	19	54	22	57	25	60	29	62	34	63	40	63	47	62	55	60	63	57	71	53	78	48	84	42	89	37	93	33	98	30	102	28	105	27	107	27	108	28	108	30	107	33	105	37	102	42	98	47	93	53	87	60	80	68	74	76	67	83	61	89	56	94	51	98	47	101	44	103	42	104	41	104	41	104	
77:
68	58.751	81	107	80	107	78	108	75	108	71	109	67	111	62	113	56	115	50	116	45	116	41	115	38	113	36	110	35	108	35	105	36	101	38	96	41	90	45	83	50	75	56	66	61	56	66	46	71	37	75	29	78	22	80	16	81	11	81	7	80	4	79	2	79	1	80	1	80	2	79	4	77	6	74	9	70	11	65	12	59	12	52	11	44	9	36	6	29	3	23	1	18	0	14	0	11	1	9	3	8	6	8	10	9	15	11	21	14	28	18	36	23	45	29	54	35	62	41	70	48	78	55	85	61	91	66	96	71	100	75	103	78	105	80	106	81	107	81	107	
78:
70	13.044	55	41	56	42	57	44	59	47	61	51	63	56	66	61	70	65	75	68	79	70	83	71	86	71	89	70	93	68	97	65	102	61	107	56	111	50	114	43	116	35	117	28	117	22	116	17	114	13	111	10	107	8	102	7	96	7	89	8	81	10	73	12	64	15	55	18	47	20	39	21	32	21	26	22	21	22	17	23	14	25	12	28	10	31	9	35	7	40	4	46	2	53	1	60	1	68	2	75	4	81	7	86	11	90	16	93	22	95	28	96	34	96	39	95	43	93	46	90	49	86	52	81	54	75	55	69	55	62	54	56	53	51	53	47	54	44	54	42	55	41	55	41	
79:
76	38.601	63	41	62	42	60	44	57	46	53	49	50	51	46	52	41	52	35	51	30	49	25	46	21	42	16	37	12	32	9	26	6	21	4	16	2	12	1	9	1	7	2	6	2	6	1	7	-1	9	-3	12	-4	16	-4	21	-3	27	-1	34	2	42	6	51	11	61	17	71	24	80	32	88	40	95	49	101	57	106	64	110	70	113	75	115	79	116	82	116	84	115	85	113	86	110	86	106	86	101	86	95	86	88	86	80	87	73	89	66	92	60	96	55	101	51	106	48	110	46	113	45	115	45	116	46	116	47	115	49	113	52	110	55	106	57	101	58	95	58	88	57	82	55	77	52	73	48	69	45	66	43	64	42	63	41	63	41	
80:
58	18.963	33	13	32	13	30	14	27	16	23	19	19	22	16	26	14	31	13	37	13	44	14	52	16	60	19	69	23	78	28	86	34	93	41	99	48	104	54	108	59	111	63	113	66	116	68	118	69	119	69	119	68	119	67	118	66	116	66	113	66	109	67	104	69	100	72	97	76	94	79	92	82	91	86	91	90	92	93	92	95	91	96	89	96	86	95	82	93	77	90	73	86	69	81	64	75	58	68	51	61	44	55	38	50	33	45	28	41	23	38	19	36	16	34	14	33	13	33	13	
81:
65	7.455	23	63	22	64	20	66	17	68	13	69	10	69	8	68	6	66	5	63	5	60	6	56	8	51	11	45	15	39	19	33	24	28	30	24	35	21	39	19	42	18	44	18	45	19	45	21	45	24	46	28	46	32	47	35	49	37	51	38	53	38	55	37	58	35	62	32	67	28	72	24	78	21	85	19	92	18	98	18	103	19	107	21	110	24	112	28	114	32	115	37	115	43	114	49	112	54	109	59	105	63	101	66	96	68	90	69	83	69	76	68	68	67	59	67	51	68	44	69	38	69	33	69	29	68	26	66	24	64	23	63	23	63	
82:
82	15.5	63	110	62	109	60	107	57	104	53	102	48	101	42	101	36	102	31	103	26	105	22	108	19	111	16	114	14	116	13	117	13	117	14	116	15	114	15	111	15	107	15	102	15	98	14	94	12	90	9	87	7	85	6	84	6	82	7	80	9	77	12	75	16	74	19	72	23	69	27	65	30	60	32	54	33	48	33	43	32	38	30	33	27	27	24	22	20	17	15	13	11	10	8	8	6	7	5	7	5	8	6	9	8	9	11	8	15	6	20	3	26	1	33	0	41	0	50	1	59	2	67	4	74	7	80	11	86	15	91	20	95	26	98	32	100	39	101	47	101	56	100	66	98	75	95	83	91	90	86	96	80	101	75	105	71	108	68	110	66	111	64	111	63	110	63	110	
83:
67	35.342	109	95	109	94	108	92	106	89	104	85	101	80	99	75	96	69	92	62	87	56	82	51	78	45	75	39	73	34	72	28	72	22	73	17	74	13	76	10	78	8	80	7	81	7	81	8	80	10	78	13	75	17	71	22	66	26	60	29	53	31	45	32	37	32	29	32	22	33	16	35	10	38	5	42	1	47	-2	53	-4	59	-5	65	-5	72	-4	80	-2	87	1	94	5	100	10	105	16	109	23	112	31	114	39	115	47	115	54	114	60	112	65	109	69	105	72	100	76	96	79	93	83	91	88	90	94	90	99	90	103	91	106	92	108	94	109	95	109	95	
84:
71	5.56	118	110	117	111	115	112	112	112	108	111	103	109	99	108	95	106	92	103	88	101	83	100	77	100	70	101	62	103	53	106	44	109	36	113	28	116	21	118	15	119	10	119	6	118	3	116	1	113	0	109	0	104	1	98	3	91	6	84	10	76	15	67	21	58	28	50	35	43	41	37	46	32	51	28	57	24	63	21	70	19	77	18	83	18	89	19	94	21	98	24	101	27	103	31	104	35	104	38	103	40	101	41	98	41	94	40	90	39	87	39	85	40	84	42	84	45	85	49	87	54	89	60	91	67	93	75	96	82	100	89	105	95	109	100	112	104	115	107	117	109	118	110	118	110	
85:
70	36.688	61	2	62	3	63	5	65	8	68	11	72	15	77	19	82	22	88	24	93	25	97	25	100	24	103	22	105	19	106	15	106	12	105	10	105	9	105	9	104	10	104	12	105	15	107	19	109	24	112	30	114	37	117	45	119	53	120	62	120	71	119	79	118	86	116	92	113	97	110	101	106	105	101	109	95	113	88	117	80	120	71	122	61	123	51	123	41	122	32	120	24	117	17	113	11	108	6	102	2	95	-1	87	-3	78	-4	70	-4	61	-3	52	-1	44	2	37	6	31	11	26	17	22	24	19	32	16	39	13	45	10	50	8	54	7	57	6	59	5	60	3	61	2	61	2	
86:
70	46.716	13	92	14	92	16	91	19	89	23	87	28	84	33	80	38	75	44	69	51	62	58	55	64	49	71	44	78	40	84	37	89	35	93	34	96	34	98	35	101	37	105	40	108	44	111	49	113	55	114	62	114	70	113	77	112	83	110	88	107	92	103	95	98	97	94	98	91	98	89	97	88	95	87	92	86	88	85	83	83	77	80	70	76	63	73	56	69	50	64	45	59	41	53	38	46	36	38	35	31	35	25	36	19	37	14	37	10	37	7	37	5	37	4	38	4	40	5	43	7	47	9	52	12	58	14	64	15	71	15	77	14	82	13	86	12	89	12	91	13	92	13	92	
87:
57	8.817	102	11	103	10	105	9	108	8	111	6	113	4	114	3	114	3	113	4	111	6	108	9	104	13	101	18	97	24	92	31	87	39	82	48	78	57	75	66	71	75	68	83	66	90	63	96	59	101	54	105	48	108	41	111	35	113	28	114	22	114	17	113	13	111	10	108	8	104	7	99	7	93	7	86	8	78	10	69	13	60	17	51	22	43	27	36	33	30	40	25	48	21	57	18	65	16	73	15	80	15	86	16	91	17	95	17	98	16	100	14	101	12	102	11	102	11	
88:
60	7.712	80	19	81	18	83	17	86	17	90	18	95	20	100	23	104	27	107	32	109	38	110	45	110	53	109	60	107	66	104	71	100	75	95	78	89	80	82	81	74	81	66	80	59	78	53	75	47	71	42	66	37	60	32	53	28	46	24	39	21	31	18	24	16	18	15	13	15	9	15	6	15	4	16	3	18	3	21	4	23	6	24	9	24	12	25	15	27	17	29	18	32	18	34	17	35	15	37	12	40	10	44	9	48	9	53	10	59	12	65	13	70	13	74	14	77	16	79	18	80	19	80	19	
89:
66	51.429	22	31	21	30	19	28	17	25	16	21	16	16	17	11	18	7	20	4	23	2	27	1	32	1	38	2	45	4	53	7	62	11	70	16	77	22	83	29	88	36	92	44	95	52	97	59	98	65	99	70	99	74	98	77	96	79	93	80	89	80	85	79	80	79	76	80	73	82	70	85	68	87	67	90	67	94	68	97	69	99	69	102	68	104	66	106	63	108	59	109	54	109	48	108	41	106	34	103	28	99	23	94	18	88	14	81	11	73	9	65	7	58	6	52	6	47	7	43	9	40	12	38	16	36	19	35	21	33	22	32	22	31	22	31	
90:
64	22.811	42	104	41	104	39	104	36	104	32	103	27	103	22	104	17	105	13	105	10	104	8	102	7	99	7	95	8	90	10	84	13	77	17	69	22	61	28	54	35	48	42	41	50	35	58	29	65	24	71	20	76	16	80	13	84	11	87	10	89	10	91	11	92	13	92	16	91	19	89	23	87	28	84	33	82	39	81	46	81	54	82	62	84	69	87	76	91	82	94	87	96	91	97	94	97	97	96	100	94	103	91	105	87	108	82	112	76	115	69	117	63	118	58	118	53	117	49	115	46	112	44	110	43	107	43	105	42	104	42	104	
91:
63	1.876	64	62	65	63	65	65	66	68	68	72	70	77	71	83	72	88	73	92	75	95	76	97	76	98	75	98	73	97	71	95	68	92	64	88	59	83	55	77	52	70	49	62	47	55	46	48	46	42	47	37	47	33	46	28	44	24	41	21	39	19	38	18	38	18	39	18	41	17	44	17	48	18	53	20	59	23	66	25	74	27	82	28	89	28	95	28	100	28	104	28	107	29	110	31	112	33	113	36	113	39	112	42	110	45	107	48	103	51	98	54	92	57	85	59	79	61	74	62	70	63	67	63	65	63	64	62	64	62	
92:
64	1.446	29	103	30	102	32	100	35	98	37	97	38	96	38	94	37	91	35	88	33	84	32	80	32	75	33	70	35	66	38	62	42	59	47	57	52	56	57	56	61	57	64	59	66	62	69	65	73	67	78	68	83	68	87	67	90	65	92	62	94	58	95	53	95	47	94	40	92	32	89	25	85	19	80	14	74	9	67	5	59	2	52	0	44	-2	36	-3	29	-3	23	-2	18	0	14	3	11	7	8	12	6	18	5	25	5	33	4	41	4	49	4	58	5	67	7	75	10	82	14	88	19	93	23	97	26	100	28	102	29	103	29	103	
93:
60	10.936	105	24	104	25	103	26	101	28	98	29	94	29	89	28	83	26	76	24	68	23	59	22	50	22	42	23	34	25	27	28	20	32	14	37	9	43	3	50	-2	58	-6	67	-9	76	-11	84	-12	91	-12	97	-12	102	-11	106	-9	109	-6	111	-2	113	1	114	3	114	4	113	6	111	9	108	13	104	18	99	24	93	31	88	39	82	48	76	58	71	67	67	76	64	84	61	91	59	97	56	102	52	106	48	110	45	113	42	115	40	116	38	116	35	115	31	113	28	110	26	108	25	106	24	105	24	105	24	
94:
63	2.535	85	115	86	114	87	112	88	110	88	107	87	103	86	98	84	93	81	87	79	81	78	75	77	69	77	63	78	58	80	54	83	51	86	49	90	48	94	47	99	45	104	44	109	44	113	43	116	42	118	42	119	41	119	39	118	36	116	32	113	29	109	27	104	25	98	24	91	22	83	19	74	15	65	10	56	6	48	3	41	1	35	0	30	0	26	1	23	3	21	6	20	10	20	15	21	21	23	28	26	36	30	45	35	54	41	62	48	71	54	79	59	87	64	94	70	100	75	105	79	109	82	112	84	114	85	115	85	115	
95:
69	16.615	114	110	113	109	111	107	108	104	104	100	99	95	94	89	89	82	85	76	81	70	76	65	72	61	68	58	65	56	61	55	57	55	54	56	52	58	51	61	51	65	51	70	51	76	52	81	54	85	55	88	56	90	56	91	55	91	53	90	50	88	46	86	41	83	37	79	32	74	27	68	23	62	20	55	18	47	17	38	17	30	18	23	20	17	23	12	27	8	32	5	38	3	45	1	53	0	60	0	68	1	77	3	85	6	94	10	102	15	109	21	115	28	120	36	124	45	127	55	129	65	130	74	130	82	129	89	127	95	124	100	120	104	117	107	115	109	114	110	114	110	
96:
82	26.423	90	8	89	8	87	7	84	5	80	2	76	-1	71	-3	65	-4	58	-4	50	-3	42	-1	35	2	29	6	24	11	19	17	15	24	12	32	10	39	9	45	9	50	10	54	12	57	15	59	19	60	24	60	30	59	37	58	45	58	54	58	62	59	69	61	75	64	80	67	84	71	87	76	89	81	90	86	90	90	90	93	89	95	87	96	85	96	82	95	78	93	74	91	70	90	65	90	60	91	55	92	51	94	48	97	46	100	45	104	45	109	45	114	46	119	48	123	51	126	55	128	60	129	66	129	73	128	81	126	89	123	96	119	102	114	107	108	111	101	114	93	116	84	117	74	117	63	116	53	114	44	112	36	109	29	105	23	100	18	96	14	93	11	91	9	90	8	90	8	
97:
58	4.628	23	83	24	82	26	81	27	79	28	76	28	73	27	69	25	65	22	61	20	57	19	52	19	46	19	40	20	34	22	28	25	23	29	19	34	16	40	13	45	10	49	6	53	3	58	1	64	0	70	0	77	1	83	3	88	6	92	10	95	15	97	20	98	25	98	31	98	36	97	41	95	45	92	48	88	50	83	52	77	55	70	59	63	64	57	70	52	77	48	83	45	88	43	92	42	95	41	97	39	98	36	98	32	97	28	95	25	92	23	89	22	86	22	84	23	83	23	83	
98:
78	62.958	35	54	35	53	34	51	32	48	31	45	29	42	26	40	22	39	19	39	17	40	16	42	15	45	13	49	12	54	11	60	11	67	11	74	11	80	11	85	12	90	13	94	15	97	18	99	22	100	27	100	33	99	38	97	42	94	45	91	47	88	48	86	49	85	50	85	51	86	53	88	56	89	59	90	63	90	67	90	70	91	72	93	73	96	73	100	72	105	71	109	71	112	72	114	74	115	77	115	81	114	86	112	92	109	98	105	104	100	109	94	113	87	116	79	118	70	119	62	119	55	118	48	116	42	113	37	109	33	104	30	98	28	91	27	83	27	75	28	68	30	62	33	56	36	50	40	45	44	41	48	38	51	36	53	35	54	35	54	
99:
75	3.467	77	71	77	70	76	68	76	65	75	61	73	56	70	50	66	43	61	35	57	28	54	22	52	17	51	13	51	10	52	8	54	7	56	7	58	8	61	10	63	13	65	17	67	22	68	27	68	33	67	38	65	42	62	46	58	49	53	51	48	52	43	52	37	52	30	51	23	49	17	46	12	42	8	37	5	33	3	30	2	27	2	25	3	24	5	24	8	25	12	27	17	30	23	34	30	39	38	45	47	52	55	60	64	69	74	77	83	84	91	91	98	97	104	102	109	106	113	109	116	111	118	112	119	112	119	111	118	109	116	107	113	104	109	100	104	95	98	89	92	84	87	80	83	77	80	74	78	72	77	71	77	71	