0:
86	38.42	87	102	86	103	84	105	81	108	77	112	73	117	68	123	62	128	55	132	47	135	39	137	31	138	24	139	18	139	13	138	9	136	6	133	4	129	3	124	2	118	2	111	3	103	3	94	4	84	6	75	8	66	11	58	15	51	20	45	26	40	33	36	41	33	50	31	60	30	70	30	80	31	89	33	97	36	104	40	111	44	117	49	122	55	126	62	129	70	131	78	132	87	132	97	132	106	132	114	133	121	135	127	138	132	141	136	143	139	144	141	145	142	145	142	145	141	144	139	142	137	139	134	135	130	130	125	124	119	117	112	111	104	104	96	98	89	92	83	87	78	83	74	80	71	78	69	77	68	75	68	74	69	74	71	75	74	77	78	80	83	83	88	85	92	87	96	88	99	88	101	87	102	87	102	
1:
67	66.339	15	81	16	82	18	84	21	86	25	88	29	90	34	91	40	91	47	90	55	89	64	87	74	85	83	84	91	84	98	83	104	81	109	78	113	75	116	71	118	66	119	60	119	55	118	49	116	42	113	35	109	28	104	22	98	17	91	13	83	10	75	8	68	7	62	7	57	8	53	10	50	13	48	16	47	20	47	25	48	31	50	38	51	46	51	55	50	65	48	75	45	84	41	92	37	99	34	105	31	110	29	114	26	117	22	119	19	120	16	120	14	119	13	117	13	114	14	111	14	107	15	102	17	96	18	91	18	87	17	84	16	82	15	81	15	81	
2:
67	7.389	55	132	56	133	58	135	61	137	65	139	70	140	76	140	83	139	89	137	94	134	99	130	103	125	106	119	108	112	110	104	111	95	111	85	111	76	111	67	110	58	110	50	111	43	112	37	113	32	113	28	112	25	110	23	107	22	103	22	98	23	92	25	86	27	79	28	72	28	66	28	61	27	57	25	54	22	52	19	49	17	45	16	40	16	35	17	31	19	26	21	21	24	15	28	10	32	6	37	3	42	1	47	0	51	0	56	1	62	3	69	6	77	10	86	15	95	21	103	28	110	34	116	40	121	45	125	49	128	52	130	54	131	55	132	55	132	
3:
74	25.104	84	106	83	105	81	105	78	105	74	104	69	103	63	101	56	98	49	94	41	89	34	83	28	77	23	72	19	68	16	65	14	63	13	62	11	62	10	62	10	61	11	59	13	56	16	52	20	47	25	43	31	39	38	36	45	34	51	33	56	33	60	34	63	36	65	39	66	43	67	48	69	52	71	55	74	57	78	58	82	58	87	57	91	55	94	52	96	48	97	43	99	37	102	31	105	26	108	22	111	19	115	17	120	16	126	16	131	17	135	19	138	22	140	26	141	31	141	37	140	44	139	52	137	60	134	69	130	77	125	84	119	90	112	95	105	99	99	102	94	104	90	106	87	107	85	107	84	106	84	106	
4:
87	92.656	62	91	63	90	65	88	68	86	72	84	77	82	81	79	85	75	88	70	90	64	91	57	91	49	90	41	88	34	85	28	81	23	76	19	71	16	65	14	58	13	50	13	43	14	36	16	30	19	24	23	19	28	15	34	11	41	8	49	6	58	5	68	4	78	4	88	5	97	7	105	10	112	14	118	19	123	25	127	32	130	40	132	49	133	59	133	70	132	81	131	91	129	101	126	110	122	118	117	125	111	131	104	136	96	140	87	143	77	145	66	146	56	146	47	146	37	145	28	143	20	140	13	136	7	131	2	125	-2	118	-5	110	-7	102	-8	95	-8	89	-7	84	-5	80	-2	77	2	75	7	74	13	74	20	75	28	77	37	78	46	78	55	78	63	77	70	75	76	72	81	68	85	65	88	63	90	62	91	62	91	
5:
94	262.189	137	87	136	88	134	90	131	93	127	97	122	101	117	106	113	112	110	119	107	126	105	132	104	137	104	141	105	144	107	146	110	147	114	147	119	146	125	144	131	141	137	137	143	132	150	126	157	119	163	111	169	102	174	92	178	81	181	70	183	59	184	49	184	40	183	32	181	25	178	19	174	14	169	10	163	7	156	5	148	4	139	4	129	4	118	3	106	2	93	1	80	-1	68	-2	56	-2	45	-1	35	0	26	2	18	5	11	9	5	14	0	20	-4	27	-7	35	-9	44	-10	54	-10	63	-10	71	-9	78	-7	84	-4	89	-1	93	2	96	6	98	11	99	16	99	21	98	26	96	32	93	39	89	45	84	50	78	54	72	57	66	59	61	61	57	64	54	68	52	73	51	79	51	86	52	93	54	101	57	109	61	116	66	122	72	127	77	131	81	134	84	136	86	137	87	137	87	
6:
73	3.582	126	31	125	32	123	34	120	35	116	35	111	34	105	32	99	29	92	25	84	21	75	16	65	12	55	9	46	7	38	6	31	6	25	7	20	9	16	12	13	16	10	21	8	27	7	34	7	42	8	51	10	61	13	70	17	79	22	87	28	95	35	102	41	108	46	113	51	118	55	122	58	125	60	127	63	128	66	128	70	127	75	125	79	122	82	118	84	113	85	107	86	101	86	96	85	92	83	89	81	87	79	86	78	86	78	87	79	89	81	92	84	94	88	95	93	95	99	94	105	92	110	89	115	85	119	80	122	74	124	67	126	59	128	52	129	46	129	41	129	37	128	34	127	32	126	31	126	31	
7:
77	57.295	43	147	44	148	46	150	49	151	53	152	58	152	63	151	69	149	74	146	78	142	81	137	85	133	88	130	92	128	96	127	99	127	103	128	108	130	112	131	116	131	119	130	121	128	122	125	123	121	123	116	122	110	121	103	121	96	122	89	124	81	126	72	127	63	127	54	126	46	124	39	121	33	117	28	112	24	106	21	99	19	91	18	82	18	74	19	66	21	59	23	53	26	48	28	44	31	41	33	39	36	38	38	38	39	39	40	41	42	44	45	47	49	51	52	54	55	56	58	58	62	59	67	59	71	58	76	56	82	53	89	49	97	44	106	40	114	37	121	35	127	34	132	34	136	35	139	37	142	40	144	42	146	43	147	43	147	
8:
78	413.241	128	21	127	21	125	22	122	24	119	27	115	31	110	36	104	41	97	45	89	48	81	50	73	52	66	53	60	53	55	52	51	50	48	47	46	43	45	38	45	32	44	27	42	23	39	20	35	18	30	17	24	17	19	18	13	20	7	23	0	27	-6	32	-11	38	-15	45	-18	53	-21	62	-23	71	-24	79	-24	86	-23	94	-21	102	-18	109	-14	115	-9	120	-3	124	4	127	12	129	21	130	31	130	42	129	54	127	67	126	80	126	92	127	103	129	113	130	122	130	131	129	139	127	146	124	152	120	157	115	161	109	164	102	166	94	167	85	167	75	166	66	164	58	161	51	157	45	152	39	147	34	143	30	138	27	134	24	131	22	129	21	128	21	128	21	
9:
77	9.319	61	145	60	144	58	143	55	141	51	138	46	136	40	133	35	130	30	126	25	121	21	117	18	113	16	109	15	104	15	98	16	92	18	85	21	78	25	72	30	66	36	61	41	56	46	52	50	48	53	43	55	38	56	32	56	25	55	19	53	14	51	9	48	5	44	2	39	0	33	-1	28	-1	24	0	21	2	19	4	18	7	18	11	19	14	21	18	24	21	28	25	33	28	39	30	46	32	54	34	63	36	72	37	81	39	89	42	96	45	102	49	107	54	112	59	116	65	119	72	121	80	122	89	122	97	121	104	119	110	116	115	112	119	107	122	101	124	94	125	87	126	81	128	76	131	71	135	67	139	64	142	62	144	61	145	61	145	
10:
86	36.178	40	81	41	82	43	84	44	87	44	91	43	96	43	102	42	107	40	111	37	114	34	116	32	119	31	123	31	126	32	128	34	129	37	129	41	128	46	127	52	127	59	127	66	128	74	130	83	133	92	135	101	136	109	136	116	135	122	133	127	130	131	127	134	125	136	124	137	123	137	121	136	118	134	115	131	112	127	110	122	108	116	105	110	101	105	96	101	91	98	85	96	79	95	74	95	68	96	61	98	54	101	48	105	43	110	39	116	35	123	32	129	30	134	27	138	24	141	20	143	15	144	10	144	6	143	3	141	0	138	-3	134	-5	129	-6	123	-6	116	-5	108	-3	100	0	93	4	87	9	82	15	78	22	75	30	73	39	70	47	66	54	61	60	55	66	50	71	46	75	43	78	41	80	40	81	40	81	
11:
82	36.08	117	23	116	24	114	26	111	29	108	33	105	38	103	44	102	51	102	59	103	68	105	78	108	87	112	95	117	102	122	110	126	118	129	125	131	131	132	136	132	140	131	143	129	145	126	146	124	146	121	145	117	143	112	140	106	136	100	133	94	131	87	130	79	130	70	131	61	133	53	135	45	136	38	136	31	136	25	135	20	134	16	132	13	129	11	125	10	120	10	114	11	107	13	99	16	90	20	80	23	71	25	63	26	56	26	50	25	45	24	41	24	38	25	36	27	35	30	35	33	36	35	38	36	41	36	45	37	50	37	55	38	59	40	62	43	64	47	65	52	65	58	64	65	62	73	59	81	55	89	50	96	44	102	38	107	33	111	29	114	26	116	24	117	23	117	23	
12:
81	15.464	127	35	126	34	125	32	123	29	120	26	116	23	111	21	105	20	99	20	94	21	88	23	83	26	78	30	73	34	69	37	66	39	64	40	63	40	62	39	62	37	63	34	63	30	63	25	62	21	60	18	57	16	53	15	48	14	42	14	35	15	27	17	20	20	14	24	9	29	5	35	2	42	0	50	-1	59	-1	69	0	80	2	90	5	99	9	108	14	116	20	123	27	130	35	136	44	141	54	145	64	148	75	150	86	152	96	153	105	153	113	152	120	150	126	147	131	143	135	138	138	134	140	131	141	128	141	125	140	123	138	121	135	118	131	114	126	109	122	103	118	96	115	88	113	79	112	71	112	63	113	56	115	50	118	45	121	41	124	38	126	36	127	35	127	35	
13:
63	21.294	114	53	113	54	111	56	108	58	104	59	99	59	95	59	91	58	86	56	81	53	75	49	68	45	62	40	56	34	51	29	46	25	41	22	37	20	33	19	30	19	28	20	27	22	27	25	27	29	27	34	28	40	30	47	33	55	36	64	38	74	39	83	39	91	39	98	38	104	37	110	35	115	33	119	31	122	29	124	26	125	24	125	23	124	23	122	24	119	26	115	29	110	33	104	38	99	44	93	51	88	59	84	68	81	77	79	85	78	92	77	98	75	103	72	107	68	110	63	112	59	113	56	113	54	114	53	114	53	
14:
79	41.523	109	19	110	18	112	16	115	13	118	9	120	5	121	2	121	0	120	-1	118	-1	115	0	111	2	106	4	100	7	93	9	85	11	76	14	66	18	56	22	45	27	35	33	26	40	18	48	11	57	5	66	0	76	-5	86	-10	96	-14	105	-17	113	-19	120	-20	126	-20	131	-19	135	-17	138	-14	140	-10	141	-5	141	0	140	6	138	13	135	20	131	28	126	36	120	43	113	49	107	56	102	64	98	72	95	80	93	87	92	93	92	98	93	103	95	107	98	110	100	112	102	113	103	113	103	112	102	110	100	107	97	103	93	98	88	94	82	91	75	89	68	88	62	88	56	88	49	89	42	91	36	94	31	97	27	101	24	104	22	106	20	108	19	109	19	109	19	
15:
67	11.103	143	33	144	34	146	36	147	39	149	43	150	48	150	54	149	61	147	69	145	78	144	88	144	99	145	109	145	118	144	126	142	133	140	139	138	144	135	148	131	151	126	153	120	154	113	154	105	153	97	151	89	148	82	145	76	143	70	140	65	137	61	135	58	134	56	133	55	132	55	130	56	129	58	127	61	124	64	120	66	115	67	109	67	103	66	96	64	88	62	79	61	70	61	62	61	55	61	49	62	44	64	40	67	37	70	35	74	34	79	32	85	29	92	26	99	24	107	22	115	21	122	21	128	22	133	24	137	27	140	30	142	32	143	33	143	33	
16:
88	83.877	35	75	34	76	32	77	29	79	26	82	24	86	23	91	23	96	24	101	26	106	29	111	33	116	38	122	44	128	51	134	59	140	68	145	78	149	89	152	99	154	108	155	116	155	123	154	129	152	134	149	138	147	141	144	143	140	144	135	144	129	143	122	141	115	138	108	135	102	132	97	128	92	123	88	119	85	116	83	114	82	113	82	113	83	114	83	116	82	119	80	123	77	126	73	128	68	130	62	131	55	131	47	130	39	128	31	125	24	121	18	118	13	116	9	113	6	109	4	104	3	99	3	95	4	91	6	87	9	83	13	78	18	72	23	65	28	57	32	48	35	40	39	33	42	27	44	22	45	18	45	15	44	13	44	12	45	12	47	13	50	15	53	18	56	22	60	26	65	29	69	32	72	34	74	35	75	35	75	
17:
80	22.744	59	97	60	96	62	94	65	91	69	87	73	82	76	76	78	69	79	62	81	54	82	45	82	36	81	28	80	21	78	15	75	10	72	6	70	3	68	1	65	0	63	0	61	1	60	3	60	6	61	10	63	15	66	21	70	28	74	34	79	39	85	43	92	47	100	50	109	52	118	53	126	53	133	54	139	56	144	59	148	63	151	68	153	74	154	81	154	89	153	97	151	105	148	112	144	118	139	123	134	127	128	130	121	132	113	133	105	133	96	132	86	130	76	129	66	128	57	128	49	127	42	125	36	124	31	123	27	123	24	124	22	126	21	128	21	129	22	129	24	128	26	126	29	123	33	119	38	115	44	111	49	107	53	103	56	100	58	98	59	97	59	97	
18:
59	2.693	81	130	80	131	78	132	75	132	71	131	66	129	61	126	57	122	53	117	49	111	46	104	44	96	43	87	43	79	44	72	46	66	49	61	53	57	58	54	64	50	71	45	77	39	83	34	88	29	92	24	95	20	97	16	98	12	99	9	100	7	100	6	101	6	103	7	106	9	110	12	114	16	119	21	124	27	128	33	131	40	134	48	136	57	137	65	137	72	136	78	135	83	133	87	130	90	126	93	121	97	115	101	108	106	102	110	96	115	91	120	87	124	84	127	82	129	81	130	81	130	
19:
83	79.959	36	136	37	137	39	139	42	140	46	140	51	139	56	137	62	134	69	130	76	125	84	119	92	112	99	104	105	95	110	85	114	74	117	63	119	53	120	44	120	36	119	29	117	23	114	18	110	13	105	9	99	6	92	4	84	3	75	3	65	4	54	5	44	7	34	8	25	8	16	8	8	8	1	9	-5	11	-11	14	-16	18	-20	23	-23	28	-25	34	-27	41	-28	49	-28	58	-27	66	-25	73	-22	79	-18	84	-13	88	-7	91	0	93	8	94	17	94	27	93	37	92	47	92	56	92	64	93	71	95	77	98	82	101	86	105	89	110	91	116	92	122	92	129	91	135	90	140	88	144	85	147	81	149	76	150	70	150	63	149	57	148	51	146	46	143	42	141	39	139	37	137	36	136	36	136	
20:
76	33.046	133	104	132	105	130	106	127	108	123	110	118	111	112	113	105	114	97	114	88	114	78	114	69	113	61	111	54	108	46	104	39	99	33	93	26	86	20	79	15	73	11	68	8	64	6	59	5	54	5	50	6	47	8	45	11	44	15	43	20	42	26	42	33	43	41	45	49	47	57	48	65	48	72	49	78	51	83	53	87	56	90	59	92	61	93	62	93	64	92	67	90	69	87	71	83	74	78	77	72	79	65	82	59	86	54	90	50	95	47	101	45	107	44	112	44	118	45	123	47	127	50	130	54	132	59	134	65	135	72	135	80	134	89	133	97	131	105	128	112	124	118	119	123	114	127	110	130	107	132	105	133	104	133	104	
21:
85	147.76	123	63	124	64	126	65	128	65	131	65	133	66	134	68	134	71	133	74	131	78	128	81	124	85	119	90	113	96	106	101	98	105	89	109	79	112	68	114	58	115	49	115	41	115	34	116	28	118	23	121	19	125	16	130	14	135	13	141	13	146	14	151	16	155	18	159	21	163	25	167	30	170	36	172	43	174	51	175	60	175	68	174	75	172	81	169	86	165	90	160	93	154	95	147	96	141	96	136	95	132	93	128	90	123	86	117	83	110	81	102	79	93	77	83	76	73	75	64	75	56	76	49	78	43	81	38	85	34	89	31	93	29	97	28	100	28	102	29	103	31	103	34	102	38	102	43	103	49	104	54	106	59	107	63	108	66	109	68	111	69	114	69	117	68	120	66	122	64	123	63	123	63	
22:
80	41.241	104	136	103	137	101	139	98	142	95	145	93	147	92	148	91	148	89	147	87	145	84	142	80	138	75	133	70	127	64	120	58	113	51	105	45	96	40	86	35	75	30	65	25	55	21	46	17	38	14	31	12	25	11	20	11	16	12	13	14	11	17	10	21	10	26	11	32	13	39	16	46	19	52	23	57	28	63	33	68	38	72	42	76	45	81	47	87	48	94	48	101	47	109	45	118	42	126	39	133	37	139	36	145	36	150	37	154	39	157	42	159	45	160	49	161	53	161	58	160	63	158	67	155	70	151	72	147	73	143	73	138	74	134	76	131	79	127	83	123	88	119	94	116	101	112	108	108	115	105	121	103	126	102	130	102	133	103	135	104	136	104	136	
23:
77	83.608	73	100	73	99	73	97	73	94	72	91	70	88	67	85	63	81	58	76	52	70	45	63	37	56	29	50	22	44	16	39	11	35	7	32	4	30	2	29	1	28	1	26	2	23	4	19	7	14	11	10	16	7	22	5	29	4	37	4	46	5	56	6	66	8	75	11	83	15	90	18	96	22	101	27	105	32	108	36	110	39	111	41	111	42	110	42	108	42	105	42	102	43	98	45	95	48	93	52	92	57	92	63	93	70	95	78	98	87	102	97	105	106	107	114	108	121	108	127	107	132	105	136	102	139	98	141	93	142	88	142	83	141	79	139	75	136	72	132	70	127	69	121	68	115	68	110	69	106	71	103	72	101	73	100	73	100	
24:
73	13.717	81	54	82	55	84	57	87	60	89	64	91	69	94	75	98	82	103	90	109	98	116	105	123	111	129	118	134	124	138	129	141	135	143	140	144	144	144	147	143	149	141	150	138	150	134	149	129	147	123	144	116	140	108	135	99	129	91	122	84	114	78	106	73	98	69	91	66	85	63	80	61	76	60	73	60	71	61	70	63	70	66	71	69	71	73	70	78	68	84	65	91	61	97	56	103	50	108	43	112	36	115	30	119	23	123	17	127	12	131	8	134	5	136	3	137	2	137	2	136	3	134	5	131	8	127	12	122	16	116	21	109	27	102	33	96	39	91	44	87	48	84	51	82	53	81	54	81	54	
25:
90	80.762	147	147	147	146	146	144	145	141	143	137	140	132	136	126	132	120	127	113	121	105	114	96	106	86	97	76	87	67	78	58	70	50	63	43	57	37	51	32	46	28	41	25	37	23	34	22	32	22	31	23	29	25	26	28	22	32	17	37	11	43	6	50	2	58	-3	67	-7	76	-10	86	-12	95	-13	103	-13	110	-12	116	-11	121	-9	125	-6	128	-2	130	3	131	9	131	14	130	18	128	21	125	25	121	30	116	36	110	43	103	50	95	58	86	67	77	75	68	82	60	88	53	94	47	99	41	103	35	106	30	108	25	109	21	111	18	114	16	118	15	123	15	128	16	134	18	141	21	149	25	156	30	162	36	167	43	171	51	174	60	176	70	177	81	177	92	176	102	174	111	171	119	167	126	162	132	157	137	153	141	150	144	148	146	147	147	147	147	
26:
87	24.035	88	113	88	112	88	110	87	107	85	103	82	98	80	92	79	85	79	77	80	68	82	58	85	49	89	41	94	34	100	28	107	23	115	19	122	16	129	14	135	13	140	13	144	13	147	14	149	16	150	19	150	23	149	28	147	34	144	41	142	49	139	58	137	67	135	75	134	82	134	88	135	93	137	97	139	100	141	102	142	103	142	105	141	106	139	106	136	105	132	103	127	100	121	96	114	91	106	85	97	78	87	71	78	64	70	56	62	47	55	38	49	30	44	23	39	17	34	12	28	8	21	5	15	3	10	2	6	2	3	3	1	5	0	8	0	12	1	17	3	23	6	29	9	36	13	44	17	52	22	60	28	68	35	76	43	84	52	91	60	97	67	102	73	106	78	109	82	111	85	112	87	113	88	113	88	113	
27:
82	35.818	122	92	123	93	125	95	128	98	131	102	133	106	134	110	134	115	133	121	131	128	128	135	124	141	119	146	113	150	106	153	98	155	89	156	79	156	69	155	60	153	52	150	45	146	39	141	34	135	30	128	27	120	25	111	24	103	24	95	25	88	27	82	30	75	34	68	39	61	45	55	52	48	60	42	68	35	77	27	87	20	96	14	104	9	111	5	117	2	122	0	126	-1	129	-1	131	0	132	2	132	5	131	9	129	14	126	20	124	26	123	31	123	35	124	38	126	40	128	42	129	45	129	49	128	54	126	60	123	67	119	75	114	82	110	88	107	93	104	97	101	100	99	103	98	105	98	106	99	106	101	105	104	103	108	100	112	98	116	97	119	95	121	93	122	92	122	92	
28:
83	32.39	111	98	112	99	114	101	116	104	118	108	119	113	119	118	118	124	116	130	113	135	109	139	104	142	98	144	91	145	83	145	75	144	66	142	56	140	46	138	36	137	27	135	18	133	10	130	3	127	-3	123	-8	118	-12	112	-15	105	-17	97	-18	88	-18	78	-17	67	-15	56	-12	46	-8	37	-3	29	3	22	10	16	18	11	26	7	35	4	45	2	54	1	63	0	73	0	82	1	90	3	97	6	103	10	108	15	112	19	115	24	117	29	118	34	118	38	117	41	115	43	112	44	108	44	103	44	97	45	90	47	84	48	79	49	74	50	70	52	67	54	65	57	64	61	64	66	65	70	67	73	70	76	74	78	79	81	85	83	90	86	96	89	101	92	105	94	108	95	110	97	111	98	111	98	
29:
76	2.602	86	52	86	51	87	49	87	46	86	43	84	41	81	40	77	40	72	41	66	41	60	40	55	39	51	37	46	35	41	34	37	34	34	33	32	33	31	34	31	35	32	36	34	38	37	41	40	45	42	48	44	52	45	57	45	62	44	66	42	70	39	75	35	80	30	85	24	89	19	92	15	94	12	96	10	99	9	101	9	103	10	105	12	108	15	112	19	117	23	123	28	129	34	135	41	142	49	148	57	153	66	157	76	160	86	162	95	163	103	163	110	162	116	160	121	157	125	153	128	148	130	142	131	135	131	127	130	118	128	108	125	98	121	89	116	81	110	74	104	68	99	63	95	59	92	56	89	54	87	53	86	52	86	52	
30:
79	49.156	10	137	10	136	9	134	9	131	10	127	12	122	14	116	15	109	15	101	15	92	14	82	14	73	14	65	14	58	14	52	15	47	16	43	18	40	21	38	25	37	30	37	34	38	39	40	45	43	52	47	60	52	69	58	78	65	87	73	95	80	104	86	112	91	119	95	125	99	130	102	134	104	137	105	140	105	143	104	145	102	146	99	147	95	147	90	146	84	144	77	141	70	138	62	135	54	133	47	131	40	130	34	130	29	131	25	132	22	132	20	131	19	129	19	126	20	124	22	121	25	117	29	112	34	107	39	101	45	94	52	87	60	80	69	72	79	63	89	54	98	46	106	38	113	31	119	25	124	20	128	16	131	13	134	11	136	10	137	10	137	
31:
76	59.684	0	56	-1	57	-3	59	-5	62	-8	66	-11	71	-13	77	-14	84	-14	92	-13	99	-13	106	-12	113	-10	119	-7	124	-3	128	2	131	8	133	15	134	23	134	32	133	42	131	53	130	65	130	76	130	87	129	97	128	106	128	114	127	121	125	127	124	132	122	136	119	139	116	141	112	142	107	142	101	141	94	140	86	140	77	141	67	143	58	144	50	144	43	144	37	145	32	146	28	146	25	145	23	145	22	146	22	147	23	147	25	146	28	144	32	141	35	137	38	133	40	128	41	122	41	115	40	107	38	98	37	88	37	77	38	66	40	55	43	45	47	36	51	28	54	21	57	15	59	10	60	6	60	3	59	1	57	0	56	0	56	
32:
75	9.0	83	64	83	63	82	61	82	58	83	54	85	49	88	43	92	36	97	29	103	23	108	17	114	12	120	8	125	5	129	3	132	2	134	2	135	3	135	5	135	8	135	12	134	17	132	23	130	30	129	38	129	47	130	55	132	64	134	72	136	80	137	88	137	97	136	105	134	112	131	118	127	123	122	127	116	130	109	132	101	133	94	133	88	132	83	130	78	127	74	123	70	118	67	112	65	105	62	97	58	88	53	78	48	69	44	61	40	54	36	48	32	43	29	39	27	36	26	34	26	32	27	31	29	31	32	32	36	34	41	37	47	41	54	46	61	51	67	55	72	59	76	62	79	64	81	65	82	65	83	64	83	64	
33:
85	18.801	35	15	34	16	32	18	29	21	25	25	21	30	17	35	14	41	12	48	10	56	9	64	8	73	7	82	7	92	6	101	6	109	7	116	9	122	12	127	16	131	21	134	27	136	32	137	36	137	39	136	41	134	42	133	42	132	41	132	39	131	36	129	34	126	33	122	33	117	34	112	34	106	34	100	34	95	35	91	36	88	38	86	41	85	45	85	50	86	56	88	63	91	71	95	80	100	90	106	99	111	107	117	114	123	121	128	127	132	132	135	136	137	139	138	141	138	142	137	143	135	144	132	145	128	145	123	145	117	145	110	144	102	142	93	139	84	135	75	130	65	124	56	117	48	109	41	100	35	90	30	80	26	71	22	63	19	56	17	50	16	45	15	41	15	38	16	36	16	35	15	35	15	
34:
73	39.055	56	123	55	124	53	124	50	124	46	125	41	126	35	127	29	127	22	126	16	124	11	121	7	117	4	112	2	107	1	103	1	98	2	92	4	85	5	77	5	68	5	58	5	49	6	41	8	34	11	28	15	23	20	19	26	16	33	14	39	12	46	11	52	11	57	12	61	14	64	17	66	21	67	26	68	32	68	39	67	46	67	53	68	60	69	67	71	73	74	78	78	82	83	85	89	87	95	90	102	92	108	93	113	93	117	92	120	90	122	87	123	84	123	82	122	81	120	81	117	82	114	84	110	87	105	91	99	96	92	101	84	106	77	111	71	115	66	118	62	120	59	122	57	123	56	123	56	123	
35:
79	29.915	20	125	19	124	17	123	15	123	12	124	10	126	9	128	9	131	10	135	12	139	15	143	19	146	24	149	30	151	37	152	45	152	54	151	64	149	75	147	86	144	96	140	105	135	113	129	120	122	126	114	131	106	135	98	138	91	140	84	141	76	141	68	140	60	138	53	135	47	131	42	126	36	120	30	113	25	105	21	96	17	88	14	79	12	69	9	59	7	50	5	42	4	35	4	29	4	24	5	20	7	17	10	15	13	14	17	14	20	15	22	17	25	20	29	24	33	29	36	35	40	40	44	44	48	48	51	51	55	53	59	54	64	54	70	53	77	51	85	48	92	44	99	39	105	35	110	32	115	29	119	26	122	23	124	21	125	20	125	20	125	
36:
75	21.754	3	1	3	2	4	4	5	7	7	11	9	16	12	22	16	27	21	31	27	34	34	36	42	37	50	37	59	36	69	34	80	31	90	28	99	24	107	21	114	19	120	18	125	17	129	17	132	18	134	18	135	19	135	21	134	24	132	28	129	32	125	37	120	43	114	49	107	54	101	60	96	67	92	74	89	81	87	88	86	94	86	99	87	103	89	106	92	108	96	109	101	109	106	108	111	106	115	103	118	99	120	95	121	90	121	84	121	77	120	71	118	66	115	62	111	59	106	55	100	52	93	49	85	45	76	40	66	34	56	29	47	24	39	19	31	15	24	12	18	9	13	7	9	6	6	4	4	2	3	1	3	1	
37:
64	10.25	71	84	71	83	70	81	68	78	65	74	61	69	56	63	51	56	47	48	44	40	42	32	41	24	40	17	40	11	41	6	43	2	46	-1	50	-3	55	-4	61	-4	68	-3	76	-1	83	2	89	6	94	11	98	16	101	20	103	25	104	31	104	36	103	40	101	43	98	45	94	47	90	49	87	52	85	56	84	59	84	63	85	68	87	74	90	80	94	87	99	93	103	98	107	102	111	105	114	107	116	108	117	110	117	112	116	113	114	113	111	113	107	112	102	110	96	107	90	103	85	98	81	94	77	90	74	87	72	85	71	84	71	84	
38:
67	7.919	47	93	46	92	45	90	45	88	45	85	46	82	48	80	51	79	54	79	58	80	63	82	69	85	76	89	84	94	93	99	102	104	110	109	117	113	123	118	128	122	132	125	135	127	137	129	138	130	138	130	137	129	135	127	132	124	128	121	123	118	118	114	114	111	111	107	109	102	107	96	106	90	106	83	107	77	109	71	112	65	115	60	118	55	121	49	123	42	124	36	124	31	123	27	121	24	118	22	114	21	109	21	103	22	96	24	90	27	85	31	81	36	78	42	76	49	74	57	71	65	67	72	62	78	57	83	53	87	50	90	48	92	47	93	47	93	
39:
65	20.871	129	109	128	108	126	108	123	107	119	105	114	104	108	104	101	104	93	103	86	101	80	98	75	94	71	89	68	83	66	76	64	68	62	60	59	53	55	47	50	42	44	38	37	34	29	31	22	29	16	28	11	27	6	27	2	28	-1	30	-3	33	-4	37	-4	42	-3	48	-1	55	2	63	6	72	11	81	17	89	24	96	32	102	40	107	48	111	56	114	65	116	75	117	84	118	92	120	99	123	105	127	110	131	114	134	117	136	119	138	120	139	122	139	125	138	128	136	130	133	131	129	132	124	132	119	131	115	131	112	130	110	129	109	129	109	
40:
76	18.845	69	81	68	82	67	84	66	87	66	91	67	95	69	100	72	106	76	112	81	119	87	125	94	130	102	134	110	137	117	139	123	140	128	140	132	139	136	137	139	134	141	130	142	125	142	119	141	112	139	104	136	95	133	85	129	75	124	65	118	56	112	48	105	41	97	35	89	29	80	24	71	20	63	17	56	13	50	10	45	8	41	7	37	7	34	8	32	10	31	13	31	17	32	22	34	28	37	35	40	43	44	52	47	60	50	69	52	78	53	87	53	95	52	102	50	108	47	113	44	117	41	120	39	122	38	123	38	123	39	122	41	120	44	117	48	113	52	108	55	102	57	96	60	91	63	87	66	84	68	82	69	81	69	81	
41:
90	25.677	47	92	46	91	44	89	41	86	38	82	36	77	35	71	35	64	36	57	38	50	41	43	45	37	48	32	52	28	55	25	57	23	58	22	58	22	57	23	55	25	52	28	48	32	43	37	37	43	30	49	23	54	17	59	12	65	8	72	5	80	3	89	2	99	2	109	3	118	5	126	8	133	12	139	17	144	23	149	30	153	38	156	47	158	57	159	68	159	80	158	92	156	103	153	113	149	122	144	130	138	137	131	143	123	148	114	152	104	155	93	157	82	158	72	158	63	157	55	155	48	152	42	150	37	149	33	147	30	144	28	142	27	139	27	135	28	130	30	125	33	120	37	116	42	113	47	111	53	108	60	104	68	99	75	93	81	86	86	80	90	75	94	71	97	68	99	64	100	60	100	56	99	53	97	50	95	48	93	47	92	47	92	
42:
71	70.867	36	87	37	88	39	90	42	92	46	95	51	99	57	103	64	106	71	109	79	111	86	112	92	112	97	111	102	109	107	106	111	102	114	97	116	91	117	85	117	78	116	70	114	61	111	53	107	46	102	39	96	33	89	28	81	24	72	21	63	19	55	18	48	18	41	19	35	21	30	24	26	28	23	33	20	39	18	46	17	54	17	63	16	73	14	83	12	94	9	104	6	113	4	121	3	128	3	134	4	139	6	143	9	146	13	148	17	149	22	150	28	150	33	149	37	147	40	144	42	140	44	135	45	129	45	122	44	115	42	108	39	102	37	97	36	93	35	90	35	88	36	87	36	87	
43:
60	3.632	35	9	36	10	38	12	41	15	44	19	48	24	53	28	59	32	66	35	74	37	82	38	91	38	100	38	108	37	115	35	121	33	127	30	132	28	136	26	139	24	141	23	142	23	142	24	141	25	140	27	138	30	135	34	132	39	130	45	129	51	129	57	130	62	132	66	135	70	137	74	138	79	138	83	137	86	135	88	132	89	128	89	123	88	117	86	112	83	108	79	103	74	98	68	93	61	88	53	83	45	77	37	70	30	63	24	56	19	50	15	45	12	41	10	38	9	36	9	35	9	35	9	
44:
71	2.183	3	12	4	11	6	9	9	6	13	4	18	3	24	3	31	4	39	6	48	9	56	13	63	17	69	22	75	26	81	29	88	31	94	32	99	32	103	31	106	31	108	32	109	34	109	37	108	41	107	46	105	50	103	53	102	55	102	56	103	56	105	55	108	53	112	51	117	50	122	49	127	49	131	50	136	52	140	55	143	59	146	64	148	69	149	75	149	82	148	89	146	95	143	100	139	104	134	107	128	109	121	110	113	110	104	109	94	107	85	104	77	100	69	95	62	89	56	82	50	74	43	65	35	56	28	48	22	40	17	33	13	27	9	22	6	18	4	15	3	13	3	12	3	12	
45:
77	18.343	106	87	107	88	109	90	112	93	115	95	119	96	124	96	130	95	135	93	139	90	142	86	144	81	145	75	145	69	144	63	142	58	139	54	135	51	130	49	124	48	118	46	111	43	104	39	98	34	93	28	88	23	83	19	78	16	74	14	71	13	69	13	66	14	62	16	58	19	53	23	47	26	40	28	33	30	26	33	20	36	15	40	11	45	8	50	6	56	5	63	5	69	6	74	8	78	11	83	15	89	20	96	26	103	33	111	40	119	47	126	55	132	64	137	73	141	81	144	88	146	94	147	99	147	103	146	106	144	108	141	109	137	110	132	111	127	113	121	114	114	114	108	113	102	112	97	111	93	109	90	107	88	106	87	106	87	
46:
65	9.452	20	37	21	38	22	40	24	43	27	47	31	52	34	58	38	65	42	71	45	77	47	82	48	87	48	91	47	94	46	96	44	97	43	97	43	96	43	94	44	91	46	87	49	82	53	76	58	71	64	66	70	62	76	59	83	57	89	56	94	56	99	57	105	59	112	62	119	64	125	66	130	67	134	67	137	66	139	64	140	61	141	57	141	52	140	46	139	41	137	36	134	32	130	28	125	25	119	23	112	22	104	22	96	23	88	25	81	28	73	32	65	36	56	39	48	41	41	42	35	42	30	41	26	40	23	39	21	38	20	37	20	37	
47:
78	24.91	44	58	45	57	45	55	44	52	44	48	44	43	43	38	42	34	42	29	42	25	43	22	45	20	48	19	52	19	57	20	61	21	64	23	66	26	67	30	67	35	66	41	64	48	61	55	57	63	52	70	46	77	39	84	33	90	28	95	24	99	21	104	19	109	18	115	18	121	19	126	21	132	24	138	28	143	33	147	39	150	46	152	54	153	63	153	72	153	82	152	92	150	101	147	110	143	118	138	125	132	131	125	136	117	140	108	143	98	146	87	148	77	149	68	149	60	148	53	146	47	143	42	139	38	134	35	128	33	121	32	113	32	105	33	96	35	87	38	79	40	72	43	65	47	59	51	54	54	50	56	47	57	45	58	44	58	44	58	
48:
81	23.908	38	126	37	125	35	123	32	120	28	116	25	111	22	105	20	98	19	90	19	81	20	71	22	60	25	49	29	39	34	30	40	22	47	15	55	9	64	4	72	0	81	-3	91	-5	100	-6	108	-6	115	-5	122	-3	128	0	133	4	137	9	140	15	142	22	143	30	143	39	142	48	140	58	137	69	135	80	134	90	134	99	135	108	137	116	139	123	142	129	145	134	147	138	148	141	148	143	147	144	145	144	142	143	138	141	134	138	131	135	128	131	126	126	125	120	125	114	126	107	128	100	129	93	129	87	128	82	126	78	125	75	123	73	120	72	116	72	111	73	105	75	98	78	91	82	83	87	74	93	66	100	59	106	53	111	48	116	44	120	41	123	39	125	38	126	38	126	
49:
86	64.438	28	29	27	28	26	26	25	23	25	19	24	15	24	12	25	10	27	9	30	8	32	8	34	9	37	11	41	14	46	16	52	18	59	19	66	19	74	18	82	16	91	13	99	11	106	10	112	10	117	11	121	13	124	16	126	20	127	25	127	31	126	38	125	46	124	55	124	65	125	76	127	88	130	100	134	111	137	121	139	130	140	138	140	145	139	151	137	156	134	160	130	163	125	165	119	166	112	167	104	167	95	166	85	164	74	161	64	157	55	152	47	146	40	139	34	133	29	128	25	122	22	116	19	111	17	107	16	104	16	102	17	101	19	101	22	101	26	100	31	99	36	97	40	94	43	90	46	87	48	83	49	78	49	72	48	65	47	57	45	50	42	44	38	39	34	35	31	32	29	30	28	29	28	29	
50:
81	14.913	31	57	32	56	34	55	37	53	41	50	46	46	50	41	53	37	55	32	56	26	56	20	55	15	53	11	50	7	46	4	41	2	36	1	32	1	29	2	27	4	26	7	26	11	27	15	29	19	32	22	36	24	40	25	45	25	51	24	58	23	66	21	75	18	83	14	90	11	96	9	101	8	106	8	110	9	113	11	115	14	116	18	116	23	115	29	113	35	110	42	106	50	101	59	97	68	93	78	90	88	88	99	86	109	83	118	79	126	74	133	68	139	61	144	53	148	45	151	37	153	30	154	24	154	18	153	13	151	9	148	6	144	4	139	3	133	3	126	4	119	6	111	9	102	11	93	13	85	16	78	20	72	24	67	27	63	29	60	30	58	31	57	31	57	
51:
95	31.34	61	55	62	56	62	58	63	61	65	65	66	70	67	76	69	83	72	89	75	94	79	98	83	101	86	103	88	104	89	104	90	103	90	101	90	98	90	94	89	89	87	84	84	78	80	71	76	64	71	56	65	48	58	41	50	35	42	30	34	26	26	23	19	21	13	20	8	20	3	21	-1	23	-4	26	-6	30	-7	35	-7	41	-6	48	-5	56	-4	64	-2	73	1	83	4	93	8	103	13	112	19	120	26	127	34	133	43	138	53	142	62	145	72	148	82	150	93	151	105	151	116	150	126	148	135	145	143	141	150	136	156	130	161	123	165	115	168	106	170	96	171	85	171	73	170	62	168	52	165	43	161	35	156	28	150	22	143	17	135	13	126	10	116	8	106	7	97	7	89	8	82	10	76	13	71	17	67	22	63	28	60	34	58	40	57	45	57	49	58	52	60	54	61	55	61	55	
52:
67	23.338	82	66	83	65	85	63	88	60	92	56	97	53	102	50	107	48	111	47	114	47	117	48	119	49	120	51	120	54	119	58	117	63	114	69	110	76	105	84	100	92	96	100	93	107	91	113	90	118	90	122	90	125	89	127	87	128	84	128	80	127	75	125	70	122	64	118	57	113	49	107	41	101	34	96	27	91	21	86	16	80	12	74	9	67	7	59	6	52	6	46	7	40	9	35	12	31	16	28	21	26	27	25	34	25	41	25	49	26	57	26	64	27	70	29	75	32	79	36	82	41	84	47	85	52	86	56	86	60	85	63	83	65	82	66	82	66	
53:
89	34.073	115	121	116	120	116	118	117	115	117	111	118	106	120	100	123	94	127	87	131	79	134	72	137	66	139	61	140	57	140	53	139	50	137	48	134	47	130	47	125	48	119	49	112	50	105	50	98	49	92	49	87	50	83	51	80	53	78	55	77	56	77	56	78	55	80	53	82	50	85	46	89	42	94	37	99	32	103	26	106	20	108	14	109	9	109	5	108	2	106	0	103	-1	99	-1	94	0	88	2	81	3	73	3	64	4	54	5	44	7	34	10	25	14	17	19	10	25	4	32	-1	40	-5	49	-8	59	-10	70	-11	82	-13	93	-14	103	-14	112	-13	121	-11	129	-8	136	-4	142	1	147	7	151	14	154	22	156	31	157	41	157	51	157	60	156	70	154	79	151	87	147	94	142	100	136	105	131	109	127	112	124	114	122	115	121	115	121	
54:
79	46.417	146	104	145	105	143	107	140	110	136	112	131	113	125	114	118	114	110	113	101	111	92	108	82	105	73	103	63	102	54	102	46	103	38	105	31	108	25	112	20	115	16	117	13	118	11	118	10	117	10	115	11	112	13	108	16	103	19	97	23	90	28	82	33	73	37	63	40	54	42	45	43	37	43	30	42	24	41	19	39	15	36	12	34	10	33	9	33	9	34	10	36	12	39	15	43	19	48	23	54	26	61	29	69	31	78	32	88	32	97	31	105	29	112	26	118	23	123	21	127	20	130	20	132	21	133	23	133	26	132	30	131	34	129	39	127	45	126	52	126	60	127	68	129	76	132	83	136	89	140	94	143	98	145	101	146	103	146	104	146	104	
55:
80	39.537	144	88	143	89	141	91	138	93	134	96	129	99	123	103	117	108	112	114	106	120	99	125	91	129	84	132	78	134	73	135	69	135	66	134	64	132	63	129	63	125	63	120	64	114	66	107	69	99	72	90	76	81	81	73	85	65	88	56	90	48	91	39	91	31	90	24	88	18	85	13	81	9	76	6	70	4	63	3	55	3	46	4	37	6	29	9	22	13	16	18	11	24	7	31	4	38	2	44	1	49	1	53	1	56	2	58	4	59	5	59	5	58	6	56	8	53	10	49	13	45	17	41	22	38	28	36	34	35	41	34	49	34	58	35	68	37	79	40	89	44	99	49	108	54	116	60	123	67	129	73	134	78	138	82	141	85	143	87	144	88	144	88	
56:
62	107.375	55	124	54	123	52	121	49	118	46	114	44	109	43	103	43	96	44	88	46	79	49	71	53	63	58	56	63	50	67	45	70	39	72	32	73	26	73	21	74	17	75	14	77	11	80	9	84	8	89	8	95	9	102	11	108	14	115	18	121	22	126	27	132	33	137	40	141	46	144	51	146	55	147	58	147	60	146	61	144	61	141	60	137	59	132	58	126	58	119	57	111	57	102	58	93	60	85	63	78	67	72	72	67	77	62	83	58	90	55	97	53	103	52	109	52	114	52	118	53	121	54	123	55	124	55	124	
57:
76	128.146	144	114	143	113	141	111	138	108	134	104	131	99	129	93	127	86	126	78	126	69	126	60	127	52	129	43	131	35	133	28	135	22	136	17	136	13	135	10	133	8	130	7	126	7	121	8	116	10	110	13	103	17	95	22	86	28	76	33	65	37	55	40	46	43	38	45	31	46	25	46	19	47	14	47	10	46	6	44	3	43	1	42	0	42	0	43	1	45	3	48	6	52	10	57	15	61	21	64	28	66	36	68	45	69	54	69	62	70	69	72	75	75	80	78	84	82	87	86	89	90	90	95	90	100	91	104	93	109	96	113	100	116	105	119	111	121	118	122	124	122	129	121	134	119	138	118	141	116	143	115	144	114	144	114	
58:
55	1.671	10	97	9	98	7	100	6	103	5	107	5	112	6	118	8	124	11	129	15	133	20	136	25	138	31	139	36	139	40	139	43	138	45	136	47	133	49	131	52	130	56	130	60	131	64	131	69	130	75	128	81	125	87	121	92	116	96	110	99	103	101	95	103	87	105	80	106	74	106	68	105	63	103	59	100	56	96	53	91	51	85	50	79	50	74	51	68	53	61	56	53	60	45	65	38	70	31	76	25	82	20	87	16	91	13	94	11	96	10	97	10	97	
59:
81	4.481	104	4	104	5	104	7	105	10	107	14	109	19	112	23	115	26	119	30	124	33	128	35	131	36	133	36	134	36	134	37	133	39	131	42	128	45	124	49	119	54	113	60	107	65	100	69	92	72	85	74	78	75	72	75	67	74	63	73	60	73	58	73	57	74	57	76	58	79	60	83	62	88	65	93	69	99	73	106	76	113	78	119	79	126	79	132	78	137	76	141	73	144	69	146	64	147	58	147	51	146	43	144	35	141	28	137	22	132	17	126	13	119	10	111	8	102	7	92	5	81	4	69	4	57	5	46	7	36	10	27	14	19	19	12	25	6	32	1	40	-3	49	-6	59	-8	68	-9	76	-9	83	-8	89	-6	94	-3	98	0	101	2	103	3	104	4	104	4	
60:
98	42.858	61	20	62	21	64	23	67	26	70	30	74	35	79	41	84	46	88	50	91	53	93	55	94	56	94	56	93	55	91	53	88	52	86	52	84	53	83	55	83	58	84	62	86	67	88	73	91	80	94	88	96	96	97	104	97	113	96	121	94	128	91	135	87	141	82	146	76	150	69	153	61	155	53	156	44	156	36	155	28	153	21	150	15	146	10	141	6	135	3	128	1	121	0	115	0	110	1	106	3	103	5	101	8	100	12	99	17	99	21	100	24	102	26	105	29	109	33	114	38	119	44	123	51	126	59	128	68	129	78	129	89	128	99	126	109	123	118	119	126	114	133	108	139	101	145	93	150	84	154	74	157	63	159	52	160	42	160	33	159	25	157	18	154	12	150	7	145	3	139	0	132	-2	124	-3	115	-3	106	-2	97	0	89	3	82	7	76	11	71	14	67	17	64	19	62	20	61	20	61	20	
61:
75	9.4	18	129	17	128	15	126	12	123	8	119	5	115	3	110	2	104	1	97	1	90	2	82	4	75	7	69	11	64	16	60	21	57	27	55	34	54	41	54	48	54	56	55	63	57	69	60	74	64	78	67	83	69	87	70	90	70	92	69	93	67	93	64	93	60	92	55	92	49	92	42	91	35	90	29	90	24	90	20	91	17	93	15	95	14	98	14	102	15	107	17	112	19	118	22	124	26	129	31	133	37	136	44	138	52	139	61	139	71	138	80	136	88	133	95	129	101	124	107	118	113	111	120	103	126	94	131	84	135	73	138	63	140	54	141	46	141	39	140	33	138	28	135	24	132	21	130	19	129	18	129	18	129	
62:
83	50.031	38	143	38	144	38	146	39	149	41	152	44	155	48	157	53	158	59	158	66	157	74	156	81	154	87	151	92	147	96	142	99	136	101	129	102	122	102	114	101	105	99	95	96	85	92	76	87	67	81	58	75	50	69	42	62	35	54	29	46	24	39	20	33	17	28	14	24	12	21	10	19	8	18	5	18	3	19	0	21	-2	24	-3	28	-4	33	-5	39	-5	46	-4	54	-3	63	-1	73	2	84	4	95	5	105	5	114	5	122	6	129	7	135	9	140	10	144	12	147	15	149	19	150	24	150	30	149	35	147	39	144	43	140	46	135	48	129	51	122	55	114	60	106	66	97	73	87	81	78	90	70	98	63	107	57	115	52	122	48	128	45	133	42	137	40	140	39	142	38	143	38	143	
63:
85	62.139	57	149	56	148	54	147	51	145	47	142	43	138	38	134	32	130	26	126	20	123	14	121	9	119	5	117	2	114	0	110	-1	105	-1	100	0	94	2	87	5	79	9	70	14	60	18	51	22	41	27	32	33	24	38	15	44	7	50	0	57	-6	65	-11	73	-15	82	-18	90	-20	97	-21	103	-21	108	-20	112	-19	115	-17	117	-14	118	-10	118	-5	117	1	115	6	112	12	108	17	103	21	97	26	92	30	88	33	85	35	83	36	82	36	82	35	83	34	85	33	88	33	92	34	97	36	103	39	109	43	114	48	119	54	123	61	126	69	128	78	129	88	129	99	129	109	128	118	126	126	123	133	119	139	114	144	108	148	101	151	93	153	85	154	78	154	72	155	67	155	63	154	60	152	58	150	57	149	57	149	
64:
72	47.53	46	72	47	73	49	75	50	78	51	82	51	86	51	91	50	96	50	102	51	109	53	115	56	120	60	124	65	127	71	129	77	130	84	130	90	130	95	130	99	129	102	128	104	126	105	124	105	123	104	123	102	123	99	124	95	126	90	129	84	133	77	136	69	138	61	140	52	142	44	143	37	143	31	142	25	141	20	139	16	136	13	132	11	127	10	121	10	114	11	106	11	97	10	87	8	78	5	70	2	62	0	55	-1	49	-1	44	0	40	2	37	5	35	9	34	13	33	18	33	24	34	30	36	36	39	41	43	45	46	48	49	50	53	51	58	51	62	50	66	49	69	47	71	46	72	46	72	
65:
93	52.908	102	136	103	135	105	133	108	130	112	126	117	121	121	115	124	109	126	102	127	96	127	91	126	87	124	83	121	80	117	76	113	71	109	65	106	59	104	52	103	45	103	39	104	33	106	28	109	24	113	21	118	19	124	18	130	18	137	19	143	21	148	24	152	28	155	33	157	39	158	46	158	53	157	61	155	70	152	80	148	90	144	99	140	107	135	114	129	120	122	125	114	129	105	132	95	134	84	135	72	135	61	134	51	132	42	129	33	125	24	120	16	114	9	107	3	99	-2	90	-6	80	-9	70	-11	61	-12	53	-12	46	-11	40	-9	35	-6	30	-2	26	3	23	9	21	15	20	21	20	28	21	36	23	44	26	53	30	62	35	70	41	77	48	84	55	90	63	95	72	99	82	102	91	104	100	105	108	106	115	106	121	106	126	106	130	105	133	103	135	102	136	102	136	
66:
82	39.282	148	118	147	119	145	120	142	122	138	124	133	127	127	131	120	135	112	138	103	141	93	143	83	144	72	144	62	143	53	141	45	139	38	137	31	134	25	130	19	125	14	121	10	118	7	115	5	113	4	112	4	112	3	113	3	115	4	118	6	121	9	124	13	127	18	129	23	130	29	130	34	129	38	127	41	124	43	120	45	115	48	109	52	102	56	94	61	86	67	79	73	73	79	68	84	64	88	59	91	53	93	46	94	38	94	30	95	23	97	17	100	12	104	8	108	5	113	3	119	2	126	2	132	3	137	5	143	8	150	12	156	17	161	23	165	30	168	38	170	47	172	57	173	67	173	76	172	84	170	91	167	97	163	103	158	108	154	112	151	115	149	117	148	118	148	118	
67:
83	177.139	17	137	17	136	17	134	18	131	20	127	23	122	27	117	32	112	38	106	45	99	52	92	59	85	67	79	76	74	84	70	91	67	97	65	102	64	107	64	113	65	119	67	124	70	128	74	131	79	133	85	134	92	135	100	135	108	134	115	132	121	130	126	127	130	125	133	124	135	124	136	125	136	127	135	130	133	134	130	139	126	144	121	148	115	151	108	153	100	154	91	154	81	153	70	151	60	148	51	144	43	139	35	133	28	126	22	118	17	109	13	99	10	88	8	78	7	69	7	61	8	53	10	46	13	40	17	35	22	31	28	28	35	26	43	24	52	21	62	17	73	12	83	8	92	5	100	3	108	2	115	2	121	3	126	5	130	8	133	11	135	14	136	16	137	17	137	17	137	
68:
78	24.034	58	68	57	67	55	65	52	62	50	60	49	58	49	55	50	51	52	47	55	42	59	38	64	35	70	33	76	30	83	26	89	21	95	17	100	14	106	12	112	11	118	11	123	12	127	14	131	17	135	21	139	26	142	32	144	38	145	45	145	53	144	62	142	70	139	77	135	83	130	88	126	92	123	95	121	97	120	98	120	98	121	97	123	95	126	92	130	90	135	89	141	89	146	89	150	90	153	92	155	95	156	99	156	104	155	110	153	117	150	123	146	128	141	132	135	135	128	137	120	138	111	138	102	137	93	135	85	132	78	129	72	126	67	122	63	117	60	111	58	104	57	96	56	89	56	83	57	78	58	74	59	71	59	69	58	68	58	68	
69:
83	237.394	144	39	143	38	141	36	138	33	134	29	129	24	123	18	116	12	108	6	99	1	89	-3	80	-6	72	-8	65	-9	59	-9	54	-8	50	-6	47	-3	45	1	44	6	44	12	45	19	46	27	47	35	47	43	46	50	44	56	41	61	37	65	32	68	26	70	21	71	17	73	14	76	12	80	11	85	11	91	12	96	14	100	17	103	21	105	26	106	32	106	39	105	47	103	55	100	63	98	70	97	76	97	81	98	85	100	88	103	90	107	91	112	91	118	90	124	89	129	89	133	90	136	91	138	93	139	96	139	100	138	105	136	111	135	117	133	122	130	128	126	135	121	141	115	146	108	150	101	153	93	155	84	156	75	156	67	156	60	155	54	153	49	150	45	147	42	145	40	144	39	144	39	
70:
75	84.151	46	111	47	110	49	108	52	106	56	103	60	101	65	98	71	96	78	95	86	95	95	96	105	98	114	101	122	104	129	107	135	109	140	110	144	110	147	109	149	107	150	104	150	100	150	95	149	89	147	82	145	75	142	69	138	63	134	58	130	54	125	51	119	49	114	48	110	47	107	46	105	44	104	41	102	38	99	36	95	35	90	35	84	36	77	38	69	39	60	40	51	40	43	39	36	37	30	34	24	30	19	26	15	22	12	19	8	17	5	16	3	16	2	17	1	19	1	22	2	26	4	31	5	37	7	44	10	52	14	61	17	69	21	77	25	84	30	90	34	96	38	101	41	105	43	108	45	110	46	111	46	111	
71:
69	184.121	16	36	17	37	19	39	22	42	26	46	31	50	37	53	44	55	52	56	61	56	71	55	81	53	92	51	103	50	113	50	122	51	130	52	137	54	143	57	148	61	152	66	155	72	157	79	158	87	158	96	157	105	155	114	152	122	148	129	144	135	139	140	133	144	126	148	118	151	109	153	101	154	93	154	86	153	80	151	75	148	71	144	68	139	66	133	65	126	65	118	66	109	66	99	65	89	63	80	61	72	58	65	54	58	50	52	46	47	43	41	41	36	40	32	40	28	41	25	41	23	40	22	38	22	35	23	31	25	26	28	22	31	19	33	17	35	16	36	16	36	
72:
76	24.566	68	45	69	45	71	44	74	42	78	41	83	41	89	41	95	41	102	42	108	42	113	43	117	45	120	47	123	50	125	54	126	58	126	63	125	69	123	74	120	78	116	81	112	85	108	88	105	90	103	91	102	92	102	94	103	97	105	99	108	100	112	101	115	102	118	104	120	107	121	111	121	116	120	122	118	127	115	133	111	139	106	144	101	148	95	151	88	153	80	154	72	154	65	153	59	151	53	148	48	144	44	139	41	133	39	126	38	120	36	113	33	107	31	102	28	98	25	95	22	93	20	92	19	91	19	90	20	88	22	85	25	82	29	78	34	73	40	67	47	62	53	57	58	53	62	50	65	48	67	46	68	45	68	45	
73:
72	22.696	45	47	46	48	48	48	51	47	55	45	60	44	66	42	73	39	81	35	90	32	98	29	105	27	111	26	116	26	120	27	123	29	125	32	126	36	126	41	125	47	123	54	120	62	117	71	115	79	114	86	113	92	113	97	112	101	110	104	109	106	107	107	105	107	102	106	98	104	94	101	89	99	83	97	78	96	74	96	70	97	67	99	65	102	64	106	63	111	61	116	58	121	56	125	53	128	49	131	44	133	38	134	31	134	24	133	18	131	13	128	9	124	6	119	4	113	3	106	3	98	4	91	6	85	9	78	13	72	18	67	24	63	30	60	35	57	39	53	42	50	44	48	45	47	45	47	
74:
74	29.086	65	104	66	105	67	105	69	104	72	102	75	99	79	95	82	90	85	84	88	77	92	69	95	60	97	51	98	43	98	35	97	28	96	22	94	17	91	13	87	10	82	8	76	7	69	7	63	8	58	10	54	13	51	17	49	22	48	27	48	33	49	38	51	42	54	45	58	47	63	48	69	48	76	47	84	46	92	45	101	44	110	44	118	45	125	47	131	50	136	54	140	59	143	65	145	72	146	80	146	89	145	98	143	107	140	115	136	122	131	128	125	133	119	137	112	140	104	143	95	145	87	146	80	146	74	145	69	143	65	140	62	136	60	131	59	125	59	119	60	114	62	110	64	107	65	105	65	104	65	104	
75:
71	9.369	51	55	50	56	49	58	48	61	46	64	43	66	39	67	34	67	30	68	27	69	24	71	22	74	21	78	21	83	22	89	24	96	27	104	31	112	36	119	42	125	49	130	57	134	66	137	75	139	85	140	95	140	104	139	113	137	121	134	128	130	134	125	139	119	143	112	146	104	148	95	149	87	149	80	148	74	146	68	143	62	139	56	134	51	129	45	125	40	122	35	120	30	117	24	113	19	108	15	102	12	95	10	87	9	78	9	69	9	61	9	54	9	48	8	43	8	39	9	36	11	34	14	33	18	33	23	34	28	36	34	39	40	42	45	45	49	48	52	50	54	51	55	51	55	
76:
78	41.027	124	113	125	114	126	116	127	119	127	123	126	128	125	133	123	138	120	142	116	145	113	147	109	148	104	148	98	147	91	145	83	142	74	138	66	133	59	127	52	120	46	112	41	105	37	99	33	93	28	88	22	84	17	81	13	78	10	75	8	71	7	66	7	60	8	53	10	45	13	37	16	29	20	22	25	16	31	11	38	7	46	4	55	2	65	1	75	1	86	2	96	3	105	5	113	7	120	8	126	8	131	7	135	5	138	4	141	4	145	5	150	7	155	10	161	14	166	19	170	25	173	32	175	40	176	49	176	59	175	69	173	78	170	86	166	93	161	99	156	104	150	108	144	111	139	113	134	114	130	115	127	115	125	114	124	113	124	113	
77:
74	14.08	46	44	45	45	43	46	40	48	36	49	33	49	31	48	30	46	29	43	29	40	30	36	32	31	35	25	37	19	38	14	38	10	37	7	35	5	32	3	28	2	23	2	19	3	14	5	10	8	7	12	5	17	4	23	4	30	4	38	5	47	7	55	10	63	14	70	19	76	25	81	32	85	40	88	49	90	59	91	69	92	80	92	90	91	99	89	108	86	116	82	123	77	129	71	134	64	138	56	141	47	143	39	144	32	144	26	143	21	141	17	138	14	134	11	129	9	123	8	116	8	108	9	100	11	93	14	87	18	82	23	78	28	73	32	67	36	61	39	56	41	52	43	49	44	47	44	46	44	46	44	
78:
88	49.844	11	91	12	90	14	88	17	85	21	81	25	77	28	72	31	66	34	59	36	51	37	44	37	38	36	32	34	26	33	21	33	17	34	13	36	10	39	8	43	7	48	7	54	7	61	7	68	8	74	10	79	13	83	16	86	20	88	25	89	31	89	38	88	46	86	54	84	61	82	67	81	72	81	76	82	79	84	81	87	82	91	82	96	81	102	79	109	77	116	74	122	70	127	66	131	61	134	55	136	48	137	42	137	37	138	33	140	30	142	28	145	27	149	27	153	28	157	30	160	33	162	37	163	42	163	48	163	55	162	63	160	72	157	82	153	91	148	99	142	106	135	112	127	117	119	121	110	124	100	126	89	127	77	127	66	126	56	124	47	121	39	117	32	112	26	106	21	101	17	97	14	94	12	92	11	91	11	91	
79:
68	17.342	81	115	80	116	78	118	75	120	71	122	67	124	63	125	60	125	58	124	57	123	57	121	58	118	60	115	63	111	67	106	70	100	72	93	73	85	73	78	73	72	72	67	70	61	67	55	63	50	59	45	55	41	52	38	50	35	49	33	49	30	50	27	52	23	55	18	59	12	64	7	70	2	77	-2	84	-5	92	-7	101	-8	110	-8	118	-7	125	-5	131	-2	136	2	140	7	143	12	145	17	146	23	146	30	145	37	143	45	140	53	136	62	132	71	129	80	126	88	123	95	119	101	114	106	108	110	102	113	96	115	91	116	87	116	84	115	82	115	81	115	81	115	
80:
72	1.818	118	149	119	150	121	150	124	150	128	149	132	147	135	144	139	140	143	135	146	130	148	124	149	117	149	109	148	101	146	94	144	87	142	81	141	76	141	71	140	67	138	64	136	62	133	61	129	61	124	62	120	64	116	67	111	71	105	75	99	79	92	84	84	89	76	93	68	96	61	98	55	99	50	99	45	98	39	96	33	93	27	89	22	84	18	78	13	71	9	64	6	58	4	53	3	49	2	46	2	44	3	43	5	43	8	44	12	46	17	49	23	53	30	58	38	64	46	70	55	77	63	85	72	94	80	104	87	113	93	121	98	128	103	134	108	139	112	143	115	146	117	148	118	149	118	149	
81:
70	156.837	38	55	39	55	41	55	44	54	48	52	53	51	59	51	66	52	72	54	77	57	81	59	84	60	86	60	87	59	87	57	86	54	84	50	81	45	78	39	75	32	72	26	70	20	67	15	63	11	58	8	53	6	47	5	41	5	35	6	29	8	24	11	20	15	17	20	14	26	12	33	11	40	11	48	12	57	14	67	16	78	17	89	17	99	16	108	14	116	11	123	8	129	6	134	4	138	3	141	3	143	4	144	6	144	9	143	13	141	18	138	22	134	25	129	27	123	28	116	28	108	28	100	28	91	29	83	31	76	33	70	35	65	36	61	37	58	37	56	38	55	38	55	
82:
73	4.028	143	106	142	107	141	109	141	112	140	116	138	120	135	123	132	127	130	131	127	134	123	136	118	137	112	137	106	136	101	134	97	131	94	127	92	122	91	117	91	113	92	110	92	108	91	106	89	105	86	105	82	106	77	108	72	111	68	113	64	114	61	114	59	113	57	111	54	108	50	104	45	99	39	93	34	86	30	78	26	69	23	60	20	51	18	42	17	34	17	27	18	20	20	14	23	9	27	5	32	2	38	0	45	-1	53	-1	60	0	68	2	76	5	83	9	89	14	94	20	100	27	105	34	109	42	112	51	116	61	121	70	127	78	132	85	136	91	139	96	141	100	142	103	143	105	143	106	143	106	
83:
70	287.328	48	107	48	106	47	104	45	101	42	98	38	94	33	89	28	85	24	81	21	76	18	70	16	63	15	55	15	46	16	37	18	29	21	22	25	16	30	11	36	7	43	4	50	2	57	1	65	1	72	2	78	4	83	7	87	11	90	16	92	22	93	29	93	37	92	46	91	55	89	65	88	76	88	87	88	97	89	106	90	114	91	121	91	127	92	132	92	136	91	139	89	141	86	142	82	142	78	141	73	140	67	139	60	139	52	140	45	142	39	145	34	147	30	148	27	148	25	147	24	145	24	142	25	138	27	133	30	128	34	122	38	117	42	113	45	110	47	108	48	107	48	107	
84:
76	8.468	107	19	108	20	110	22	113	25	117	29	121	34	125	39	128	43	130	47	131	50	131	52	130	53	128	53	125	52	121	50	116	47	110	43	103	39	95	36	86	34	76	32	65	31	55	30	45	30	36	31	28	33	21	36	15	40	10	45	6	51	3	58	1	66	-1	74	-2	83	-2	93	-1	103	1	112	4	120	8	127	13	133	19	138	25	142	32	145	40	147	48	148	55	148	61	147	66	146	71	144	75	141	78	138	80	134	81	130	82	127	84	125	85	124	85	122	84	119	82	115	79	110	77	104	75	98	73	91	72	83	72	74	73	66	75	58	78	51	82	45	87	39	92	34	97	29	101	25	104	22	106	20	107	19	107	19	
85:
75	6.897	137	39	137	38	136	36	136	33	136	29	137	25	138	21	138	17	138	14	137	12	135	11	132	11	130	12	128	14	126	17	123	21	121	26	118	32	116	39	115	47	115	56	116	64	118	73	121	81	125	88	129	96	132	105	134	113	135	121	135	128	134	134	132	139	129	144	125	148	121	151	116	153	110	155	103	156	95	156	86	157	76	157	65	156	55	154	46	151	38	147	31	143	25	138	20	133	16	128	13	122	11	115	10	107	10	100	11	94	13	89	16	84	20	80	25	75	31	71	38	68	46	65	55	63	64	60	74	56	84	51	93	46	101	42	109	39	116	37	122	36	127	35	131	35	134	36	136	38	137	39	137	39	
86:
94	104.603	149	26	148	27	146	28	143	29	139	31	134	34	128	38	121	43	113	49	105	55	98	61	92	66	85	70	78	73	71	75	64	76	56	76	49	75	43	73	38	70	34	66	31	61	29	55	28	50	28	46	29	43	31	41	34	40	38	40	43	40	49	41	55	43	60	45	64	46	67	46	69	45	70	43	70	40	71	36	73	31	75	25	78	18	82	12	87	7	91	3	96	0	102	-2	109	-3	117	-3	125	-2	134	0	143	3	151	7	158	12	164	18	169	25	173	33	176	42	178	51	179	61	180	72	180	83	179	93	177	102	174	110	170	117	165	123	159	128	152	132	145	135	139	137	133	138	128	138	124	137	121	135	119	133	116	130	114	126	113	121	112	115	112	108	113	100	115	91	116	81	118	71	121	62	125	54	130	47	135	41	139	36	143	32	146	29	148	27	149	26	149	26	
87:
76	40.85	37	139	36	138	34	138	31	139	27	139	22	138	16	136	10	133	5	129	0	124	-4	118	-7	111	-9	103	-10	94	-10	84	-9	73	-7	63	-4	53	0	44	5	36	11	29	18	23	26	18	35	14	45	11	56	9	67	8	77	8	86	9	94	11	101	14	107	18	112	22	116	27	119	33	121	40	122	46	122	53	121	59	119	64	116	68	112	71	107	73	101	74	94	74	87	73	81	73	76	74	72	75	69	77	67	80	66	84	66	89	67	95	69	100	70	104	71	109	71	113	70	116	68	118	65	119	62	119	58	118	53	117	47	117	42	117	38	118	35	120	33	122	32	124	31	127	31	131	32	134	34	136	36	138	37	139	37	139	
88:
65	1.777	4	40	5	39	7	39	10	40	14	42	18	45	21	48	23	51	25	55	26	60	26	66	25	73	23	80	21	88	20	95	20	102	20	108	21	113	23	117	26	120	30	122	35	123	41	123	47	122	54	120	62	117	69	113	75	108	81	102	88	97	96	93	103	88	110	82	117	77	123	73	128	69	133	64	137	59	140	53	142	46	143	40	143	33	142	27	140	22	137	18	133	15	128	13	122	12	115	12	108	13	100	15	91	18	81	21	70	23	59	25	49	27	40	30	32	32	25	33	19	35	14	38	10	40	7	41	5	41	4	40	4	40	
89:
80	29.007	132	22	131	23	131	25	130	28	130	32	130	37	131	43	131	50	132	58	132	66	133	75	133	85	132	95	130	104	127	112	123	120	118	127	114	133	109	138	103	142	96	145	90	147	84	148	77	149	70	149	64	148	59	146	55	143	52	139	50	134	49	128	48	121	48	113	48	104	47	94	47	84	47	74	47	65	48	57	49	50	49	44	50	39	51	35	52	32	54	30	57	29	59	29	60	30	61	32	62	35	62	39	63	44	65	50	67	57	70	65	72	72	74	78	76	83	77	87	77	90	78	92	80	93	83	93	86	92	88	91	90	89	93	86	97	82	102	77	107	71	113	64	118	57	122	50	125	43	128	37	130	32	132	28	133	25	133	23	132	22	132	22	
90:
81	61.05	41	22	41	23	41	25	42	28	44	32	45	37	47	41	50	44	54	47	59	51	65	54	72	56	79	59	85	63	90	68	94	74	97	79	99	84	100	89	100	95	99	102	97	108	94	113	90	118	85	124	79	130	72	135	66	139	59	142	52	144	46	145	40	145	35	146	31	147	28	147	26	148	25	150	25	153	26	156	28	158	31	159	35	159	40	158	46	157	53	157	60	158	68	159	77	159	86	158	96	156	105	153	113	149	120	144	126	138	131	131	135	123	138	114	140	104	141	93	141	82	141	71	140	61	138	52	135	44	131	37	126	31	120	25	114	20	108	16	101	12	94	9	86	7	77	6	69	6	62	7	56	9	51	12	47	16	44	19	42	21	41	22	41	22	
91:
62	10.656	39	31	40	30	42	28	44	26	46	24	47	23	47	23	46	24	44	26	41	29	37	33	32	38	27	44	23	51	20	58	18	66	17	75	17	85	17	94	17	103	16	111	16	118	17	125	19	133	22	140	26	146	31	151	36	155	42	158	49	160	57	161	66	161	75	160	83	158	90	155	96	151	101	146	105	140	108	134	110	129	111	124	111	120	110	117	108	114	105	112	102	110	98	107	93	104	87	100	82	95	78	89	73	82	67	74	60	67	54	59	49	52	45	46	42	41	40	37	39	34	39	32	39	31	39	31	
92:
57	0.778	137	90	136	89	135	88	133	87	130	87	126	86	121	85	115	83	110	80	106	76	103	71	101	67	99	62	98	58	97	55	96	53	94	52	91	52	88	53	84	55	80	58	75	61	69	63	62	64	56	64	51	63	47	61	44	58	42	54	41	49	41	43	42	37	44	31	47	26	51	22	55	19	60	16	66	14	73	13	81	13	90	14	98	16	107	19	115	23	122	28	128	34	133	40	137	47	140	55	142	62	143	69	143	75	142	80	140	84	138	87	137	89	137	90	137	90	
93:
95	69.494	145	33	144	32	142	30	140	27	137	23	133	19	128	16	123	14	119	13	116	13	114	14	113	16	113	19	113	23	114	28	116	34	118	41	119	49	119	57	118	66	116	75	113	84	109	93	104	101	98	108	91	114	83	119	74	123	66	126	59	128	53	129	48	129	44	128	41	126	39	123	38	119	38	114	39	108	41	101	44	93	48	86	52	80	57	75	61	71	64	68	66	66	67	65	67	65	66	66	64	68	61	71	57	75	52	80	46	86	39	92	32	97	24	101	16	104	9	107	3	109	-2	110	-6	110	-9	109	-11	107	-13	104	-14	100	-14	95	-13	89	-11	82	-8	74	-4	66	1	57	7	49	14	41	22	33	30	25	39	18	49	12	60	7	72	3	83	0	93	-2	102	-3	111	-3	119	-2	126	0	132	3	137	7	141	12	144	18	146	23	147	27	147	30	146	32	145	33	145	33	
94:
70	4.628	84	27	83	28	82	30	80	31	77	31	73	30	68	28	62	25	55	22	47	20	39	19	31	19	24	20	18	22	13	25	9	29	6	34	4	40	2	47	1	55	1	64	2	74	4	84	7	93	9	103	12	113	16	122	21	130	27	137	34	143	42	148	50	152	59	155	68	157	76	158	83	158	89	157	94	155	98	152	101	148	103	143	104	139	104	136	103	133	101	130	98	128	94	126	91	123	88	121	86	118	85	114	85	111	86	109	88	106	91	102	95	97	98	93	101	88	103	82	104	75	104	67	103	60	102	54	100	48	97	42	94	37	90	33	87	30	85	28	84	27	84	27	
95:
67	27.162	3	44	4	43	6	41	9	38	13	34	18	31	23	28	29	26	36	25	44	25	51	26	57	28	62	31	66	35	70	40	73	46	75	52	77	57	79	61	81	64	84	66	88	67	92	67	95	66	97	65	98	65	98	66	97	68	95	71	92	74	88	76	83	77	78	79	73	80	68	82	64	85	61	89	59	94	58	100	58	107	59	114	61	120	62	125	62	129	61	132	61	134	60	135	58	135	56	134	53	132	49	129	44	126	38	122	31	117	25	111	20	104	15	96	11	88	8	80	6	72	5	65	5	59	6	54	6	50	5	47	4	45	3	44	3	44	
96:
77	25.606	92	81	91	80	89	78	86	75	84	71	82	67	81	62	81	56	81	49	82	43	83	38	84	34	86	30	88	27	89	25	89	24	88	24	86	25	83	27	80	30	76	34	73	39	71	45	70	52	70	60	70	69	71	78	73	86	76	93	79	99	83	105	88	110	94	115	99	120	103	124	106	127	108	129	109	131	109	132	108	132	106	131	103	129	99	126	94	122	88	117	81	112	73	108	64	105	55	103	46	100	38	98	31	96	25	95	20	93	16	90	13	86	11	81	10	75	10	70	11	65	13	61	16	58	20	56	25	55	31	55	38	56	46	58	55	61	63	65	70	68	76	71	81	75	85	78	88	80	90	81	91	81	92	81	92	81	
97:
92	54.493	95	70	96	71	98	73	100	76	102	80	103	85	103	91	103	98	102	105	100	112	97	118	93	124	88	130	82	135	75	140	67	144	60	147	53	149	47	150	42	151	38	151	35	150	33	148	32	145	32	141	33	136	35	130	37	125	38	121	38	118	37	116	35	114	32	112	28	110	23	108	18	105	14	101	11	97	9	92	8	86	7	79	7	71	8	62	10	52	13	43	17	35	22	28	28	22	35	17	43	13	52	10	62	8	73	7	84	7	94	8	103	10	111	13	118	17	124	22	129	28	133	35	136	43	138	52	139	62	139	71	139	81	138	90	138	98	139	106	141	113	143	119	146	124	148	128	149	131	149	133	148	134	146	134	143	133	139	131	136	128	133	124	131	119	128	113	124	106	119	98	115	91	110	85	105	80	101	76	98	73	96	71	95	70	95	70	
98:
72	14.521	119	114	118	115	116	116	113	117	109	118	104	119	99	121	93	124	86	127	78	129	69	130	59	130	48	131	38	131	29	130	21	128	14	125	8	121	3	116	-1	110	-4	103	-6	95	-7	86	-8	77	-8	67	-7	58	-5	49	-3	41	0	34	4	28	9	23	13	19	18	16	22	14	25	13	27	13	28	14	30	16	31	19	31	23	32	28	34	34	37	40	41	45	46	49	51	52	57	54	64	55	71	56	78	56	84	55	90	53	95	51	99	49	102	48	104	48	105	49	107	51	109	54	110	58	110	63	109	69	109	76	110	84	111	91	113	97	115	102	116	106	117	109	117	111	118	113	119	114	119	114	
99:
84	150.364	76	91	75	92	74	94	74	97	74	101	75	106	77	112	80	118	84	125	89	131	95	136	101	140	106	143	110	146	114	148	117	149	119	149	120	148	120	146	119	143	117	139	114	135	112	130	111	126	111	123	112	121	114	120	117	119	121	117	126	114	130	110	133	105	136	99	138	92	139	84	139	75	138	66	136	58	133	51	129	45	124	39	118	34	111	30	105	27	100	25	94	24	89	24	85	25	82	27	79	30	77	34	75	39	72	45	68	52	63	59	57	65	50	72	42	78	35	83	29	87	24	90	20	92	17	93	15	94	14	96	14	99	15	103	17	106	20	108	24	109	29	109	35	108	42	106	50	103	57	99	63	95	68	92	72	90	75	88	77	87	78	87	78	88	77	90	76	91	76	91	