67	93	193	125	148	191	73	82	109	60	192	3	46	112	46	57	74	7	99	3	108	139	140	35	119	56	50	97	93	95	100	86	
49	131	44	87	0	147	135	68	41	44	94	84	30	123	154	159	178	20	165	168	154	34	131	148	1	179	182	91	84	62	81	162	
180	132	84	155	1	177	183	138	91	149	50	132	132	187	57	14	74	70	181	7	112	59	172	115	156	55	51	77	67	69	66	81	
73	124	181	171	149	187	147	151	72	130	64	30	118	103	77	161	77	185	183	30	131	196	77	12	156	65	131	140	136	137	179	118	
83	127	139	125	22	159	49	168	180	55	187	150	79	184	60	197	80	40	169	63	133	104	153	2	4	5	98	131	110	22	169	118	
191	168	81	124	42	9	101	113	121	159	56	48	106	172	129	54	86	161	45	152	43	116	37	10	1	23	190	102	81	182	62	108	
80	5	132	148	148	28	1	181	158	104	187	169	157	46	81	39	11	167	88	44	113	19	83	136	62	75	17	113	180	151	49	38	
27	112	112	161	183	12	171	65	5	196	152	179	115	147	38	141	13	173	14	152	35	137	185	95	72	117	0	184	29	37	35	37	
100	143	185	183	57	6	54	81	10	192	187	124	104	182	167	188	69	144	194	190	29	51	26	124	42	129	159	15	71	83	42	48	
30	140	91	195	101	189	86	152	194	168	167	47	32	100	173	127	82	93	138	188	116	4	67	67	177	74	18	18	190	29	97	193	
125	172	153	31	62	85	144	51	113	1	57	96	103	72	125	59	190	182	176	36	50	9	167	103	152	134	125	142	158	15	20	101	
119	68	80	161	90	99	15	134	26	37	45	83	49	190	124	92	13	136	1	12	148	93	186	29	76	175	139	174	75	183	183	119	
197	86	108	28	60	34	23	148	154	152	191	21	129	19	166	197	28	183	17	15	127	29	88	121	192	11	65	190	73	14	39	100	
133	31	104	92	128	95	13	138	76	72	2	144	109	10	69	187	198	127	195	153	77	164	6	198	137	84	163	18	76	2	63	0	
131	82	194	13	194	5	108	3	116	120	147	82	1	24	7	2	104	188	28	95	19	46	151	33	106	127	20	6	128	78	4	167	
170	101	44	68	182	121	192	12	136	108	126	14	71	176	79	45	62	73	161	195	78	72	15	85	32	72	138	103	105	111	16	100	
87	139	179	107	80	62	61	185	105	199	127	144	36	118	1	161	3	180	43	107	72	149	98	7	151	123	159	143	67	0	89	19	
141	159	11	16	52	120	144	110	70	78	106	196	116	55	194	90	3	56	129	170	119	33	13	75	186	28	96	196	90	166	58	82	
113	127	143	142	102	164	60	86	112	150	42	78	147	54	116	107	91	56	53	116	13	121	99	5	30	167	137	177	170	27	24	3	
142	117	172	33	66	149	125	158	110	1	60	178	197	80	118	121	87	169	181	173	88	169	41	136	38	191	133	50	88	6	86	171	
145	23	47	109	4	175	103	161	74	36	100	13	118	72	129	71	98	160	195	169	146	163	97	193	174	122	97	11	70	137	96	157	
190	183	105	119	128	15	159	77	192	91	30	66	35	2	67	58	65	47	67	36	121	190	193	131	59	154	58	8	65	112	26	142	
167	82	9	89	162	25	104	131	101	194	13	85	62	19	87	62	151	115	59	139	80	123	116	3	169	21	129	54	133	111	105	170	
3	100	34	17	150	72	198	114	124	21	86	162	68	182	137	199	32	176	45	161	10	24	79	141	155	109	149	143	127	67	112	68	
92	185	135	106	105	120	126	148	66	0	14	69	138	24	173	104	90	194	190	2	197	81	84	93	150	199	24	145	57	152	195	9	
182	85	173	24	181	13	3	150	195	6	110	178	82	108	24	126	134	92	26	162	156	24	105	6	93	79	88	191	176	40	6	173	
94	43	120	127	159	156	49	27	114	109	165	102	177	7	101	180	19	180	93	53	163	108	170	148	149	57	119	125	73	185	38	11	
56	105	179	3	99	113	76	96	76	191	157	44	188	179	25	55	91	173	82	31	46	158	161	125	90	193	81	64	118	31	198	8	
15	153	67	64	198	150	169	137	60	50	171	184	29	175	46	3	154	50	87	109	8	132	124	131	79	67	20	66	69	133	26	87	
32	177	29	75	74	90	163	129	46	160	171	30	82	84	178	115	77	0	166	58	135	58	78	19	8	83	170	113	40	119	55	182	
22	35	154	127	52	110	62	157	40	94	113	186	5	105	65	133	95	68	43	105	166	66	148	120	42	149	128	79	165	2	48	135	
70	68	185	152	81	8	119	17	123	144	25	96	188	15	133	154	173	96	148	160	105	75	192	159	168	44	186	154	94	89	145	62	
91	121	173	10	91	60	193	137	78	170	166	117	1	116	60	17	99	137	171	10	188	150	8	164	47	14	36	69	113	137	94	64	
18	36	9	49	192	189	128	80	58	168	5	91	90	171	129	68	84	43	165	44	11	161	128	154	27	101	73	77	9	109	12	129	
86	154	82	169	10	31	0	82	54	54	130	112	122	121	64	136	76	26	70	160	98	0	130	102	47	158	23	12	1	26	158	45	
100	39	196	7	15	71	94	181	99	120	32	7	116	193	182	168	145	98	122	196	21	46	76	52	112	94	176	79	183	66	72	151	
71	54	114	182	34	56	93	195	64	114	13	124	30	88	38	121	36	143	45	43	32	31	81	7	113	191	184	35	166	172	127	100	
76	5	162	113	6	46	145	168	159	79	115	19	131	105	36	183	67	148	170	169	135	136	14	148	62	22	133	147	130	33	62	159	
110	103	6	150	177	38	7	74	196	125	135	33	135	104	28	77	122	135	38	154	23	132	93	111	165	191	97	27	38	143	1	126	
114	127	107	9	133	59	42	50	196	158	53	168	101	154	83	64	188	138	37	162	146	23	60	75	159	101	98	79	152	130	68	162	
156	123	180	36	24	170	70	135	171	143	192	166	171	162	188	116	62	139	114	69	61	110	86	181	67	14	130	187	171	157	52	122	
71	189	127	132	69	6	151	147	68	12	54	166	108	140	180	196	123	52	27	112	148	116	112	121	82	37	197	84	99	52	44	184	
175	146	198	142	16	83	186	91	91	33	129	132	20	109	53	109	40	154	18	158	12	190	37	178	27	85	121	157	156	100	80	73	
130	102	6	149	124	158	90	99	133	98	126	52	95	137	197	91	144	73	76	162	55	63	25	149	8	148	32	129	170	168	117	48	
65	61	75	61	103	35	83	190	118	179	184	163	105	3	103	97	176	69	133	90	186	84	96	189	173	60	23	198	41	148	197	114	
170	99	41	26	68	140	169	137	129	160	61	83	150	175	168	116	164	34	128	82	194	7	23	152	95	74	162	167	53	173	175	11	
49	4	43	96	111	183	113	72	35	133	87	130	138	129	154	119	111	164	66	180	49	15	185	79	121	58	12	105	106	6	196	31	
25	92	14	28	140	184	14	174	95	69	51	59	177	54	51	160	29	7	111	45	196	94	122	177	168	176	27	102	196	108	154	1	
119	198	54	176	15	2	76	184	90	198	69	106	143	42	191	145	67	102	187	2	56	72	22	192	88	0	97	148	63	58	67	198	
126	144	55	26	180	121	184	1	183	178	104	131	112	8	160	150	141	23	42	190	63	193	90	121	20	6	163	197	175	133	54	185	
115	149	69	5	175	130	101	62	155	7	194	2	176	156	188	124	110	12	23	125	31	190	57	24	120	54	149	15	8	120	44	167	
81	112	123	61	36	168	7	195	153	87	125	171	108	18	150	127	114	186	184	11	91	187	8	176	114	196	42	117	143	183	187	84	
21	166	70	150	47	64	187	68	190	175	150	163	174	199	171	3	182	166	87	196	198	194	169	54	139	59	0	83	198	175	46	163	
99	131	194	84	164	93	195	44	197	179	64	189	83	71	125	43	174	130	64	197	198	113	58	189	169	41	65	6	106	59	81	161	
142	43	42	12	191	171	61	96	59	159	89	125	199	197	10	44	189	163	41	104	117	156	30	186	0	192	138	128	15	55	89	162	
194	82	180	40	45	71	189	179	84	103	27	175	79	149	198	121	0	45	108	59	185	78	50	153	187	70	126	159	170	8	153	17	
20	188	106	198	96	20	53	194	35	127	3	87	165	196	3	63	10	52	150	81	141	195	16	165	103	157	35	126	29	138	117	3	
31	61	33	185	173	135	147	129	188	186	133	105	182	197	111	114	184	59	91	78	141	80	142	180	167	10	91	65	77	143	178	148	
73	41	13	13	24	19	170	83	140	6	197	42	7	60	197	86	53	136	79	190	132	80	104	135	176	97	67	84	95	110	178	39	
11	108	89	143	102	100	23	174	111	93	14	5	10	54	145	190	150	198	93	62	160	40	88	5	93	118	71	19	85	48	139	113	
99	25	115	1	57	7	141	59	72	13	69	174	125	86	144	151	151	160	3	72	44	99	12	80	75	149	106	75	21	195	33	142	
133	166	45	97	46	143	128	121	148	168	142	169	10	137	53	76	3	188	75	74	140	53	39	109	86	177	129	86	129	66	86	129	
188	85	36	18	66	129	180	90	70	179	125	66	135	162	52	138	134	4	193	31	164	131	166	167	129	16	33	82	103	34	152	103	
157	75	36	79	15	192	29	90	19	10	53	109	14	46	178	165	109	189	51	11	120	96	107	35	64	5	139	74	9	86	42	3	
147	20	160	151	131	104	48	183	62	121	132	119	37	15	114	104	147	139	155	18	116	97	108	101	160	123	46	170	165	91	113	27	
195	12	29	131	24	190	88	163	124	44	108	2	158	28	88	80	69	74	198	152	196	153	197	128	165	71	157	38	102	108	95	56	
40	95	79	8	36	117	90	19	64	71	97	140	47	151	128	185	63	94	128	97	124	101	0	193	122	198	195	194	167	54	162	161	
103	57	34	115	161	162	96	90	87	174	121	104	179	60	159	159	84	187	13	74	0	47	91	140	139	186	109	27	158	195	182	128	
187	198	106	118	173	16	72	37	148	29	63	130	78	55	8	157	9	37	0	94	52	6	57	52	182	0	119	52	78	122	77	154	
81	50	162	103	82	99	14	16	92	71	166	126	147	125	175	95	41	143	127	65	20	187	15	142	92	188	188	104	43	76	101	27	
77	72	151	145	94	80	100	46	115	122	147	97	0	177	80	155	9	71	44	47	188	12	111	118	35	42	2	165	0	31	177	166	
2	46	165	120	36	98	0	12	11	16	177	181	136	80	0	43	116	23	44	116	120	37	143	151	47	110	11	175	59	63	69	112	
148	54	56	9	199	190	125	85	35	78	14	176	7	157	114	19	39	141	146	21	53	145	34	126	171	75	92	160	167	63	94	52	
88	94	75	190	45	71	127	31	93	96	20	21	89	157	50	89	77	187	188	60	181	20	29	158	124	87	104	181	56	27	119	63	
122	32	44	125	73	170	187	156	62	18	0	160	89	19	45	143	195	46	20	87	109	59	75	125	198	197	181	123	146	48	60	197	
109	9	165	25	55	66	68	160	33	80	22	69	53	3	182	129	164	146	111	41	186	25	48	53	123	104	69	157	193	1	170	49	
101	5	186	62	35	83	46	160	74	190	50	153	176	186	25	172	165	179	160	62	6	154	152	106	90	61	141	151	113	90	156	169	
87	80	57	184	136	194	54	96	190	144	71	78	134	107	98	164	17	61	13	178	54	187	104	57	173	81	153	45	54	176	102	158	
95	14	21	91	148	154	55	12	177	194	171	162	43	43	134	101	29	60	32	169	7	8	115	54	48	6	85	139	180	14	172	135	
64	122	65	35	10	79	85	183	118	63	168	88	43	165	112	154	181	68	182	8	35	59	37	29	192	81	188	126	151	25	163	94	
127	82	194	173	62	134	164	198	74	197	90	188	27	181	100	136	108	56	155	41	104	162	18	1	57	190	131	0	187	148	86	96	
39	57	27	52	76	115	97	157	64	118	55	10	77	80	167	187	54	22	131	74	128	25	63	79	70	185	182	159	60	132	1	40	
141	66	58	139	80	48	63	7	85	72	145	190	142	33	124	14	32	88	105	110	81	131	7	194	75	45	81	182	166	148	40	59	
60	83	25	185	14	179	114	57	28	13	141	156	2	5	87	110	78	196	114	41	45	140	55	88	93	72	191	193	141	128	160	29	
193	126	181	143	130	136	166	174	194	146	151	97	141	135	84	6	67	164	82	143	90	113	161	130	72	149	110	60	198	165	52	161	
32	136	138	146	184	170	136	3	83	99	195	8	99	19	72	172	156	85	149	117	58	181	147	7	103	111	128	75	59	6	81	172	
116	45	28	23	117	125	179	132	42	156	124	5	1	102	94	41	108	179	87	94	51	21	104	105	87	180	26	179	153	87	169	18	
81	137	134	96	59	46	11	172	3	121	112	156	177	139	162	132	16	42	91	133	184	148	13	45	155	78	63	142	125	133	170	62	
188	32	142	179	151	152	109	81	155	134	129	97	96	7	169	95	35	62	62	24	53	126	28	110	96	34	37	18	185	84	39	109	
145	126	158	59	37	192	156	4	22	126	76	104	35	181	70	119	106	107	196	146	157	144	75	49	41	116	6	50	194	86	181	75	
91	111	194	164	145	97	100	116	159	31	12	38	180	26	61	191	176	52	145	175	70	109	86	58	43	0	175	170	133	170	7	115	
62	134	88	34	112	127	41	59	178	123	143	182	57	185	114	124	178	63	64	100	3	58	15	61	177	170	36	39	132	137	9	98	
39	97	154	122	52	39	128	166	180	120	143	108	116	46	106	106	139	126	30	19	192	26	68	173	80	94	88	163	37	177	103	76	
82	90	157	134	58	44	148	192	49	112	41	20	155	6	72	37	64	143	167	186	113	57	64	126	4	40	1	196	82	62	37	60	
58	71	101	164	95	123	9	102	84	104	104	114	192	44	80	104	149	196	55	100	18	92	136	118	24	20	153	20	129	194	112	47	
84	74	182	71	21	151	180	132	74	84	170	98	129	20	199	0	188	154	186	45	103	158	22	71	48	125	181	33	60	60	67	128	
147	64	123	35	178	20	64	157	62	48	121	113	72	11	23	168	156	53	131	105	155	12	176	118	81	73	32	174	121	165	91	133	
4	85	58	68	32	175	33	86	5	168	130	33	83	84	150	133	7	177	151	148	172	41	138	94	47	58	104	88	99	83	187	120	
130	125	157	55	189	187	99	43	26	104	25	40	189	52	16	195	50	106	146	147	102	97	198	20	165	125	159	177	13	146	111	77	
138	92	56	182	115	45	91	55	162	156	146	57	73	14	23	109	0	100	8	168	75	185	50	116	31	174	42	70	69	28	123	65	
