5	42	4	23	12	53	32	9	0	4	31	17	48	35	5	18	36	49	28	0	31	56	14	31	58	10	30	30	50	17	10	3	
11	47	6	59	4	48	4	45	24	8	59	32	36	8	24	21	53	57	51	30	53	14	43	49	8	24	52	2	32	11	21	45	
50	3	4	11	38	40	38	3	15	20	25	57	35	36	24	49	32	27	9	34	15	58	6	58	32	56	59	17	56	58	57	8	
31	54	59	33	14	58	25	18	0	44	21	32	53	18	39	30	52	33	30	18	38	7	29	3	28	53	13	57	57	57	12	51	
6	32	51	24	24	54	25	44	28	0	47	58	18	23	12	27	7	20	54	45	4	54	4	19	40	16	59	25	55	16	36	20	
26	57	20	28	39	18	34	26	34	12	54	25	46	18	28	13	1	32	40	7	42	13	21	32	21	34	37	1	22	44	16	12	
24	37	9	33	41	32	53	48	42	0	15	19	57	36	1	31	55	0	58	21	49	15	38	43	18	37	50	13	14	37	28	6	
55	4	51	20	1	24	37	25	26	47	34	3	15	4	9	15	0	26	34	21	39	37	27	44	44	54	16	2	23	17	9	23	
32	22	38	47	51	13	55	58	23	27	39	17	40	6	0	18	17	21	21	33	50	34	2	34	7	1	17	34	2	22	34	59	
46	2	6	4	27	39	13	10	0	50	58	41	0	39	32	11	2	52	6	0	12	7	29	10	22	54	38	27	5	36	47	41	
50	14	10	58	25	47	49	15	50	54	18	15	35	19	23	16	58	45	23	38	43	55	23	31	53	28	27	32	37	54	29	22	
27	24	56	49	41	4	2	46	44	17	44	23	26	20	20	10	26	30	38	15	5	18	24	18	38	9	39	41	30	16	38	18	
6	49	26	37	23	31	53	10	12	16	52	26	59	48	56	9	5	56	8	59	8	57	25	59	30	24	52	30	36	3	44	52	
54	41	9	15	31	31	5	53	6	3	14	31	47	15	17	16	7	59	29	10	23	15	9	26	19	4	8	51	28	6	43	1	
0	1	20	45	14	36	26	0	59	50	33	58	58	23	9	0	42	15	48	53	1	36	20	50	13	19	20	41	12	38	41	21	
16	51	29	5	2	39	4	42	2	17	15	43	17	11	40	32	43	0	58	47	28	1	50	4	51	11	7	2	25	53	16	35	
29	28	38	34	28	39	40	4	4	24	42	38	18	24	44	37	57	14	0	24	47	2	8	59	18	29	59	8	43	54	51	52	
27	43	0	12	20	49	56	6	57	2	58	11	58	12	15	27	9	53	23	12	17	30	37	28	21	37	26	38	7	39	55	48	
19	14	59	51	58	40	59	28	16	57	9	55	30	35	4	10	30	5	14	7	48	17	25	19	33	27	53	44	31	20	11	6	
45	8	10	39	39	36	2	29	50	35	21	17	40	52	59	1	26	41	12	21	59	43	29	23	6	43	56	59	1	5	31	43	
44	28	35	24	53	38	27	41	14	26	8	33	38	39	17	33	49	19	36	27	50	41	40	37	50	37	54	53	3	31	39	35	
25	28	48	15	57	49	57	14	52	20	48	59	54	45	45	53	4	41	43	44	5	27	2	9	48	1	48	40	59	10	48	41	
47	34	54	59	36	18	12	30	10	2	21	51	6	33	35	42	22	57	25	39	16	40	11	55	42	34	35	14	3	1	24	2	
11	59	40	8	8	32	57	54	53	12	53	13	52	27	24	16	28	13	5	10	51	8	32	34	44	58	52	45	49	48	38	26	
0	11	32	30	35	31	22	53	3	18	42	6	10	56	27	26	30	26	17	41	2	20	32	30	55	59	34	40	15	3	47	20	
7	46	36	13	43	52	34	44	20	20	37	12	46	4	8	25	3	4	43	38	37	3	27	9	39	15	32	32	51	35	41	53	
7	36	9	57	42	6	46	39	44	38	50	13	42	13	55	41	31	3	48	14	32	33	14	29	51	16	1	55	36	20	27	0	
9	29	27	35	30	14	8	1	33	32	29	32	37	21	37	41	11	15	39	54	7	43	52	58	4	23	10	7	33	33	29	7	
16	17	33	50	21	43	7	15	26	9	21	9	26	8	20	50	43	59	34	9	18	52	57	22	25	52	51	50	12	26	4	32	
29	20	21	1	6	1	35	33	53	27	27	40	55	13	39	48	10	21	55	39	9	29	29	39	42	31	39	46	4	47	26	43	
15	53	17	15	0	1	56	58	34	20	31	46	35	12	7	3	57	28	15	48	36	57	37	13	5	32	36	2	21	6	17	29	
19	30	58	37	17	50	27	55	18	34	1	25	6	34	50	2	23	47	38	36	23	0	4	22	31	35	48	54	51	24	25	26	
13	13	24	16	28	5	23	16	29	31	8	3	48	2	39	29	29	7	39	31	26	27	2	12	42	32	36	15	5	55	29	34	
44	32	54	0	0	5	49	56	38	36	46	35	9	49	34	22	50	5	32	2	18	6	16	23	22	30	3	15	9	10	33	12	
32	9	5	6	59	47	47	36	13	33	1	33	28	26	36	38	55	47	59	44	13	43	44	8	23	27	31	4	10	54	17	0	
46	29	29	9	28	58	7	3	43	30	34	5	31	21	40	44	11	2	5	0	52	4	16	3	7	49	10	48	32	58	57	12	
46	28	6	33	31	22	36	35	36	15	40	56	5	51	54	50	3	22	50	36	24	9	44	52	21	38	53	1	51	50	10	14	
35	14	8	38	52	8	59	34	59	24	45	36	18	19	14	13	39	7	9	48	27	9	34	54	55	28	8	14	51	51	35	55	
34	23	22	40	42	59	23	24	17	9	55	31	22	2	25	5	34	45	52	38	46	12	52	26	13	24	23	52	0	33	33	10	
42	47	33	52	11	47	32	14	37	57	11	0	25	35	34	21	8	39	49	23	6	43	30	44	32	2	53	29	26	54	6	12	
8	57	49	40	14	33	6	12	20	26	13	15	4	14	33	18	34	47	32	40	25	53	34	51	44	58	27	55	13	48	36	25	
55	55	14	22	27	45	14	2	13	14	48	8	33	12	31	8	36	11	55	56	49	18	34	12	24	48	21	20	34	19	2	44	
48	55	48	45	38	57	35	47	17	10	54	15	57	8	43	38	29	45	29	19	16	39	21	26	12	32	59	34	39	26	5	6	
10	43	46	37	7	11	9	16	35	7	53	28	24	19	33	21	41	27	49	9	16	4	23	50	45	46	4	8	41	57	8	51	
58	9	37	26	3	11	8	4	0	15	18	36	10	56	57	12	5	38	12	34	0	36	21	12	19	17	50	38	52	53	47	3	
24	50	1	16	16	36	53	20	51	15	5	46	47	3	56	36	49	3	53	3	35	15	30	56	49	35	27	1	4	9	54	45	
54	54	34	44	19	10	23	0	13	59	53	6	12	53	25	37	20	48	34	6	55	21	22	17	12	50	40	35	26	2	58	53	
11	53	51	45	36	2	38	52	2	59	55	8	47	17	36	7	47	6	21	41	31	23	53	4	47	43	40	10	16	27	58	9	
45	39	53	38	31	43	55	3	17	30	31	40	25	32	38	49	37	16	31	59	34	13	44	20	31	23	21	33	3	12	38	3	
24	24	16	33	12	54	9	2	30	54	25	42	47	53	42	0	19	32	32	4	42	17	14	6	3	0	45	32	24	34	30	51	
21	0	44	1	36	30	36	56	14	2	37	47	59	24	40	11	20	57	24	8	42	54	43	6	32	35	41	27	21	44	43	59	
24	58	45	15	13	39	16	30	5	29	38	22	59	26	8	51	5	2	2	16	2	49	20	35	17	40	41	14	16	34	56	40	
0	16	14	1	8	18	50	56	58	5	53	59	1	47	7	56	34	53	36	10	33	12	20	50	7	46	16	34	27	45	9	1	
22	12	16	5	6	14	13	37	26	32	18	34	39	9	20	54	1	20	16	16	25	35	55	27	6	35	8	45	40	13	31	56	
17	40	3	30	37	52	25	18	40	11	29	59	27	18	39	44	57	1	22	5	9	40	21	25	45	34	39	17	1	33	37	34	
18	18	47	19	19	39	7	19	45	6	29	42	3	2	56	2	4	10	28	45	41	26	43	1	52	26	10	29	24	57	51	59	
16	19	35	23	38	11	38	31	8	25	4	20	1	32	0	46	2	8	48	40	1	14	56	15	48	5	12	25	23	33	25	34	
56	47	16	27	15	53	18	23	26	8	56	31	23	28	46	26	12	19	16	6	33	34	24	19	9	13	39	13	16	38	4	20	
41	50	6	28	3	0	7	55	22	31	42	53	48	11	55	19	14	11	9	36	41	6	16	16	10	32	49	13	18	32	7	41	
56	48	37	11	9	45	38	22	5	26	41	29	39	36	21	16	59	4	50	52	13	33	35	30	43	20	15	6	24	10	30	40	
48	17	21	18	40	35	50	17	10	16	47	31	30	19	10	38	4	6	38	20	17	55	49	47	49	42	25	11	16	52	18	10	
30	8	17	55	6	19	11	44	26	59	22	39	56	57	9	9	52	24	40	35	42	57	14	49	28	14	26	8	41	15	6	54	
17	3	26	37	29	15	6	2	52	53	15	6	4	54	55	44	28	32	49	45	10	54	15	36	23	16	40	13	19	34	42	37	
42	53	20	20	35	54	50	32	57	24	26	30	44	17	59	40	7	16	53	46	14	30	51	17	3	24	1	38	54	9	26	7	
37	41	15	13	31	45	43	42	41	38	26	57	43	2	57	9	17	38	23	55	50	18	42	24	39	45	38	43	1	21	23	16	
49	32	34	58	37	19	5	15	35	24	48	6	49	57	41	18	24	0	33	46	2	45	25	33	28	5	43	28	42	21	40	27	
46	19	43	41	56	33	21	52	19	38	21	57	6	23	52	56	50	19	13	21	39	20	2	31	1	26	7	10	32	6	17	37	
14	4	36	33	50	41	58	57	31	4	22	50	10	16	13	43	35	11	32	43	31	10	39	31	31	46	59	32	39	31	19	25	
14	36	30	30	26	18	12	5	12	54	46	46	45	10	48	38	12	8	46	56	39	12	32	17	10	27	39	34	27	24	48	48	
16	43	8	28	4	25	3	9	28	40	4	43	43	56	37	2	32	38	2	44	24	25	43	48	57	14	59	32	32	42	38	18	
36	25	16	47	8	5	44	24	43	14	43	35	20	35	45	35	48	29	29	47	52	41	18	5	44	12	55	26	18	33	25	10	
53	9	28	27	18	35	22	8	44	55	44	53	52	53	7	0	44	36	31	14	25	13	25	55	12	11	38	57	49	43	39	53	
36	13	1	21	6	25	30	39	16	41	11	25	19	34	31	2	23	13	52	31	37	56	14	4	37	40	29	31	41	34	34	3	
32	19	7	48	24	18	42	49	58	54	3	3	41	0	18	4	5	7	28	36	38	30	59	29	10	50	0	26	39	22	2	4	
22	17	57	32	8	12	8	27	51	59	33	3	42	42	43	3	15	9	26	12	34	40	3	45	31	55	23	49	57	50	1	19	
49	21	28	5	38	59	39	53	14	57	26	53	46	57	18	35	41	20	12	39	11	22	34	14	41	50	2	48	16	26	9	32	
10	25	12	43	38	35	36	55	16	54	59	18	2	19	35	52	10	49	36	22	19	34	41	9	52	59	44	11	20	55	37	37	
33	35	53	30	52	37	14	36	29	59	7	49	8	0	39	29	31	38	58	43	24	39	31	5	19	57	6	58	13	20	1	28	
41	48	19	59	56	53	41	57	4	32	1	34	45	43	41	51	51	28	32	56	37	18	4	28	55	33	12	14	8	54	14	5	
10	56	29	24	38	5	37	29	25	13	40	57	13	36	1	37	7	59	24	51	9	33	24	7	43	56	17	9	39	0	43	58	
37	59	29	31	46	24	23	1	5	33	9	18	57	7	4	53	6	59	47	10	2	31	8	57	24	4	55	29	15	34	44	45	
33	53	1	39	29	15	53	37	0	46	20	1	55	21	16	56	33	11	25	20	15	25	47	20	41	50	32	1	57	9	49	22	
36	53	49	32	57	12	50	20	5	23	8	15	25	2	52	53	51	9	54	29	32	34	37	25	19	34	13	41	27	28	35	31	
15	29	27	30	7	43	27	19	12	15	47	43	21	33	53	42	33	12	9	30	56	51	23	35	13	20	34	38	19	35	17	2	
56	20	25	10	24	6	54	10	30	3	31	33	53	54	9	44	54	31	32	57	13	59	56	35	20	0	34	2	43	51	39	3	
39	49	16	31	54	28	26	41	51	40	9	53	19	34	55	38	23	8	29	32	50	50	20	5	47	6	35	43	45	24	58	15	
43	13	20	48	6	42	51	7	6	0	37	59	41	56	15	53	55	21	44	6	43	57	47	52	7	45	3	55	39	25	21	6	
5	49	21	27	25	50	42	0	56	4	22	23	25	32	37	21	15	59	27	35	40	56	30	49	28	11	47	24	35	22	4	48	
40	11	55	11	33	56	29	38	52	48	9	22	21	47	18	25	11	46	0	23	41	29	48	16	13	42	18	37	43	35	8	32	
57	44	53	52	36	14	55	51	27	52	18	10	39	9	57	7	58	14	24	46	46	18	25	56	46	12	34	51	37	53	23	11	
35	48	48	3	32	59	53	43	56	28	17	17	53	20	30	32	17	43	47	17	3	55	46	6	41	59	45	28	24	36	11	21	
27	51	48	42	19	52	17	52	16	32	10	14	10	58	50	31	11	49	13	46	24	14	38	42	15	56	52	57	3	23	56	13	
52	8	40	31	31	23	42	12	30	35	36	57	57	51	16	30	4	52	34	51	53	18	41	55	58	55	43	3	52	2	4	28	
19	5	18	13	46	48	8	51	35	39	48	30	12	10	48	17	37	55	49	3	42	40	39	38	14	44	42	21	10	18	21	41	
36	53	12	36	43	10	35	59	55	2	6	54	30	43	59	18	26	44	51	42	19	18	9	47	22	15	0	3	53	50	22	33	
37	31	7	12	37	5	44	10	29	46	42	39	23	15	7	11	18	25	32	4	57	32	38	45	23	0	22	57	36	2	43	32	
21	13	10	13	26	30	2	36	29	17	36	19	47	37	38	44	2	44	51	10	50	57	2	33	44	3	28	55	1	15	25	38	
46	29	39	0	37	28	58	11	56	36	19	41	45	26	4	47	37	51	54	30	51	45	54	59	6	59	54	34	51	0	15	38	
53	24	20	56	45	7	22	49	10	23	0	25	23	1	55	38	24	11	47	34	52	49	40	26	44	18	11	41	34	2	57	45	
53	26	26	8	8	32	0	58	14	34	31	59	56	22	13	29	46	16	43	29	22	44	54	55	39	30	24	55	42	4	8	58	
