30	144	146	148	86	22	98	5	53	146	139	22	36	41	95	83	53	130	70	27	124	64	47	93	123	81	98	134	121	111	31	126	44	148	
111	141	82	112	56	24	113	27	72	134	125	74	108	12	62	117	24	71	122	1	120	117	107	143	65	134	118	17	2	76	95	42	15	94	
85	123	24	44	35	13	85	141	133	33	94	64	125	91	17	31	107	97	60	123	35	147	103	124	39	89	35	89	89	15	27	1	61	24	
93	143	65	146	132	15	95	143	123	71	97	104	86	13	50	77	57	78	117	71	43	20	36	41	66	110	145	3	73	76	147	48	138	108	
27	43	27	136	91	62	99	108	49	2	92	55	113	106	40	45	76	137	86	18	10	99	18	20	6	126	47	66	118	73	133	84	124	15	
1	135	30	75	87	44	37	87	49	30	36	10	28	28	116	120	81	100	38	77	77	137	9	97	76	123	102	18	41	104	23	10	57	138	
33	105	96	81	138	53	79	138	116	140	119	132	24	92	57	147	6	142	65	117	11	64	87	137	136	98	56	84	81	63	103	31	80	59	
127	2	98	63	142	36	113	52	81	136	124	19	38	80	146	82	70	37	92	70	82	70	34	16	59	14	87	54	101	20	73	34	60	108	
79	117	131	8	134	127	37	58	113	41	73	122	100	126	13	22	126	44	21	77	15	39	29	107	139	57	102	53	134	105	63	116	80	109	
35	84	56	105	54	88	97	108	112	77	146	137	145	139	2	11	7	101	109	31	110	81	53	29	132	111	97	30	69	46	25	19	122	132	
121	24	108	115	9	5	25	39	114	2	131	57	117	48	46	55	135	115	104	136	108	118	99	147	110	134	120	22	38	97	134	114	14	110	
132	17	96	128	142	110	48	143	134	70	60	77	23	117	123	130	6	16	148	113	108	79	97	104	71	144	50	132	18	103	26	112	27	66	
55	83	8	101	52	35	66	115	147	87	88	19	43	127	103	132	140	19	98	67	36	23	9	99	62	62	56	114	51	14	35	8	5	72	
30	99	8	84	124	31	53	28	43	143	73	65	141	113	148	25	21	117	123	112	54	87	13	75	82	117	41	21	60	89	67	125	42	101	
110	10	56	100	44	124	89	72	35	44	139	2	45	84	1	13	69	63	55	116	68	139	50	82	22	78	39	99	118	14	131	83	64	6	
101	123	5	129	31	135	67	123	77	57	137	6	7	54	89	15	54	81	15	34	138	29	92	28	143	56	6	36	117	19	75	85	96	91	
78	41	35	115	19	38	126	29	93	98	31	49	57	143	96	19	63	8	56	10	48	69	42	62	129	71	34	95	79	59	147	138	120	59	
137	0	22	9	101	95	32	18	19	67	110	76	149	127	20	82	38	72	17	80	21	97	50	139	93	76	27	13	129	75	4	47	126	44	
30	94	26	25	11	88	46	10	22	27	101	15	109	48	139	79	125	96	116	35	1	10	130	4	53	46	60	119	121	95	112	81	2	19	
140	102	117	102	63	120	77	23	26	24	21	130	10	16	135	70	135	106	34	146	60	59	6	125	120	18	70	129	69	27	56	19	33	77	
61	11	52	71	4	60	43	133	7	69	38	67	112	123	90	120	16	46	79	6	98	89	127	79	64	135	66	109	40	4	35	75	98	93	
93	46	67	43	20	22	41	20	102	118	32	12	148	83	109	40	17	147	137	79	101	129	22	66	78	22	135	85	5	78	115	2	41	52	
17	127	125	24	142	147	59	113	78	84	78	43	44	60	139	56	115	107	114	76	61	62	77	108	99	61	144	80	109	58	131	108	100	109	
148	98	115	99	37	122	22	5	133	63	96	82	58	21	26	62	55	69	146	15	49	21	111	142	55	51	45	147	70	74	18	70	142	113	
37	2	5	0	106	18	42	29	146	78	72	79	98	149	25	59	119	45	7	15	120	73	128	122	42	137	21	66	13	50	72	35	120	40	
105	68	2	140	89	33	124	60	31	103	105	67	75	120	1	108	121	56	92	113	115	145	135	44	75	92	87	90	85	58	26	78	5	6	
66	15	49	88	74	13	84	70	137	63	101	79	76	26	91	121	113	75	83	14	123	5	96	100	52	7	55	77	146	136	34	118	82	76	
104	33	15	75	41	42	104	27	137	123	77	148	134	12	43	70	11	0	96	110	34	19	122	82	18	132	37	111	4	48	144	14	41	5	
56	20	11	39	98	88	61	48	124	38	31	113	70	127	62	118	131	89	37	18	22	22	5	79	130	50	94	40	26	82	91	50	84	17	
132	43	31	105	90	85	58	86	118	9	64	87	146	103	95	15	91	135	48	53	61	118	82	100	116	115	142	83	32	111	12	13	96	75	
149	99	89	25	75	81	55	90	39	44	13	100	135	2	18	42	93	124	7	78	111	90	118	18	2	34	77	1	10	20	78	102	55	59	
137	79	6	98	119	86	61	21	92	135	149	63	66	39	129	97	93	96	117	20	3	87	86	48	4	50	72	95	75	35	63	89	133	12	
101	63	40	122	58	97	141	88	93	87	54	42	34	140	135	89	41	73	114	57	44	23	109	41	55	118	79	84	66	4	59	82	99	133	
115	60	41	125	9	102	136	54	136	140	55	125	110	31	62	71	145	133	42	30	120	17	60	3	4	11	26	75	15	53	21	132	45	2	
7	28	13	98	10	126	112	53	92	109	65	33	67	72	10	62	84	146	39	77	112	119	25	22	86	57	73	0	82	114	71	93	20	50	
113	107	55	130	119	13	32	74	0	124	80	4	40	26	1	62	2	53	137	50	8	105	104	7	70	54	75	14	110	129	117	56	0	128	
124	110	24	127	100	62	5	114	58	76	99	119	87	75	30	51	6	95	81	119	100	78	23	24	141	10	125	14	89	143	4	105	6	26	
141	33	98	57	79	30	78	2	106	99	75	101	66	54	14	113	127	79	134	100	125	17	139	17	11	25	42	132	102	105	31	70	90	81	
134	19	145	77	67	141	5	3	99	25	22	25	106	126	59	30	97	18	72	41	75	64	69	16	37	14	129	96	44	32	145	104	74	51	
45	33	105	34	58	33	4	70	20	105	26	42	57	82	22	123	58	36	111	83	80	3	98	21	67	49	35	74	113	20	138	91	50	49	
85	130	8	91	74	107	28	41	100	8	139	79	122	62	64	7	142	90	20	59	105	116	76	13	21	69	119	63	62	120	129	136	133	106	
122	54	79	35	36	47	105	66	56	55	92	100	7	88	8	22	148	56	110	78	97	100	21	35	59	10	16	47	140	131	78	0	26	130	
135	2	102	36	142	136	68	119	88	41	138	85	9	75	4	76	29	38	5	136	14	134	145	33	30	21	129	120	23	81	96	77	20	131	
65	145	36	86	21	6	68	72	149	20	126	95	36	99	120	1	82	51	66	80	42	82	28	149	59	8	65	101	21	132	72	107	80	124	
100	134	139	31	114	144	22	46	75	56	117	20	17	55	33	55	50	143	147	8	21	65	39	144	89	78	45	47	127	67	33	82	113	58	
6	50	109	34	142	14	73	66	56	39	16	79	136	60	133	80	146	121	54	90	79	28	73	96	109	116	45	82	14	30	72	47	139	3	
56	11	66	23	93	41	45	138	69	94	26	54	102	1	59	79	21	42	104	145	40	2	77	144	30	66	135	40	59	53	81	18	147	112	
124	95	134	60	148	78	66	139	106	55	15	104	132	101	121	149	143	73	98	88	127	135	139	12	136	49	64	116	133	100	65	21	108	101	
63	105	24	29	81	117	60	111	42	123	108	137	142	1	24	3	6	62	112	149	69	58	5	34	104	66	134	61	2	125	79	22	85	96	
57	119	15	3	33	60	6	16	44	147	35	14	91	60	35	110	136	132	52	134	125	19	77	37	148	73	100	111	148	140	139	101	0	19	
40	61	103	102	108	79	0	35	114	113	85	117	66	92	44	39	71	82	34	9	48	58	143	137	6	93	10	116	100	68	27	147	45	56	
138	41	67	49	86	144	38	6	91	57	65	79	55	46	77	72	131	83	9	109	82	59	108	128	19	125	91	78	120	21	92	39	35	112	
44	38	83	10	89	13	45	148	3	131	27	9	94	65	65	56	49	86	103	83	83	120	135	89	71	143	6	50	106	143	51	147	63	94	
103	81	65	78	74	95	55	56	132	1	107	93	34	0	132	69	52	7	117	43	49	39	41	53	99	94	83	9	107	134	130	45	48	24	
68	46	78	120	96	24	58	102	90	39	135	23	111	118	26	98	48	130	88	32	40	30	86	29	90	107	79	130	18	135	133	21	20	17	
147	6	17	37	118	18	41	16	138	137	47	21	95	105	82	110	54	27	95	18	51	139	30	148	141	50	94	79	81	0	69	82	85	34	
99	31	49	56	124	104	96	111	5	35	149	17	19	17	77	130	8	1	116	47	89	97	110	70	119	63	116	34	69	10	52	122	42	28	
1	104	27	92	100	91	148	136	74	130	109	105	17	89	56	86	125	63	101	103	61	149	31	9	132	147	88	132	124	101	72	99	76	6	
100	122	37	119	25	32	0	30	32	18	118	120	31	27	106	65	2	3	47	64	1	97	116	137	130	77	111	72	37	106	8	21	133	84	
102	14	3	60	17	103	131	79	68	24	134	62	111	10	108	86	74	32	29	135	137	31	42	101	145	72	127	41	134	11	116	85	77	51	
139	89	34	128	32	131	20	31	107	35	144	8	11	74	98	72	21	106	57	97	96	117	148	23	115	37	65	148	59	30	100	7	36	101	
93	66	138	102	139	147	27	80	11	98	109	38	18	12	122	104	76	53	87	115	85	52	80	89	149	75	120	107	49	145	115	141	126	46	
19	112	141	119	47	6	106	80	13	137	134	90	66	76	75	52	5	53	112	94	23	45	126	42	1	141	85	75	45	37	72	102	48	52	
52	108	116	35	47	32	130	23	71	47	77	89	54	56	109	107	128	105	123	0	71	49	20	113	34	51	4	83	31	146	1	120	148	129	
83	69	148	106	22	29	98	66	114	140	125	89	75	10	136	66	13	114	1	113	26	90	41	92	143	98	135	0	11	75	15	140	61	50	
74	4	38	99	23	100	86	125	87	82	64	112	36	92	111	130	104	134	37	45	25	39	132	112	49	14	25	38	51	110	125	72	143	75	
129	50	85	144	104	21	101	37	9	95	18	35	22	130	122	6	104	93	88	33	14	48	46	139	93	7	85	140	126	40	125	144	139	90	
110	108	71	116	25	98	32	37	31	98	95	117	25	101	75	28	116	145	69	3	110	84	8	95	131	46	33	90	5	7	123	21	137	17	
28	55	127	25	5	30	66	34	87	4	36	59	75	59	24	109	122	128	105	84	105	61	22	51	51	44	67	81	131	88	71	70	104	139	
93	132	134	29	95	149	92	25	140	69	54	111	105	60	86	38	76	5	80	64	57	100	3	86	47	57	35	103	142	135	127	84	106	140	
81	68	1	66	94	46	93	18	147	63	123	81	44	129	30	97	25	65	48	124	98	116	39	80	123	141	38	83	86	79	41	72	118	110	
83	16	96	108	23	58	59	58	103	54	95	38	35	140	99	3	84	23	115	83	19	22	73	92	108	82	49	117	22	20	63	6	73	2	
13	60	127	149	88	55	116	16	60	149	139	49	147	26	20	108	8	85	93	77	3	89	127	7	85	66	75	120	104	135	38	48	16	30	
8	137	142	46	114	26	54	134	29	59	69	127	46	113	42	106	7	73	97	99	77	71	36	54	75	132	39	66	100	144	40	39	110	36	
97	62	11	78	146	47	109	115	71	97	50	99	104	72	142	129	57	22	117	78	7	22	121	80	83	41	37	58	14	96	93	43	47	148	
18	21	59	18	41	107	77	87	33	1	23	81	41	121	33	131	33	34	144	11	7	93	113	87	144	83	33	37	9	135	76	84	52	54	
104	24	82	107	132	74	119	105	85	71	125	145	87	43	142	93	89	83	73	79	143	36	94	85	65	105	11	120	38	10	27	145	78	31	
27	85	140	0	47	103	51	94	17	86	113	43	45	49	9	71	3	22	38	132	86	50	90	50	116	72	124	57	62	77	77	47	148	94	
14	112	124	115	63	39	86	40	63	98	56	62	10	15	100	127	46	115	52	143	31	101	8	55	5	35	95	101	29	106	85	130	10	113	
124	57	64	116	128	35	23	46	82	2	142	134	5	134	94	55	76	97	116	43	31	33	81	125	13	77	95	66	130	61	61	24	52	89	
9	63	66	106	81	14	107	100	2	14	108	24	24	33	131	65	136	57	86	38	105	112	43	140	129	70	72	76	3	8	148	9	115	93	
110	125	116	80	149	85	67	100	131	117	3	79	128	16	117	121	13	45	107	86	71	65	22	100	36	3	104	60	111	15	131	62	106	132	
66	64	115	63	141	49	21	31	135	148	43	34	64	92	66	131	0	8	93	26	147	10	130	10	128	36	0	33	135	149	11	118	74	142	
24	45	52	89	12	1	78	147	149	109	47	128	142	126	34	139	74	32	30	134	72	61	5	27	77	3	45	85	59	55	13	116	127	119	
73	132	80	9	128	8	111	138	119	85	94	50	72	126	33	96	34	54	93	109	137	104	6	126	124	139	99	45	67	49	58	98	60	95	
88	117	103	14	105	63	73	135	46	49	134	146	2	88	19	37	20	43	56	8	106	125	122	144	120	3	127	77	21	47	37	138	27	119	
33	124	107	82	136	76	38	8	44	84	10	107	102	61	81	70	128	76	4	68	45	84	54	99	78	31	103	101	55	140	25	83	122	79	
82	115	99	77	133	117	146	3	133	96	106	29	74	72	97	40	96	148	36	73	17	115	28	124	83	142	124	49	2	80	46	32	149	73	
23	132	11	120	50	19	122	30	114	132	33	116	29	37	115	137	141	98	115	29	23	112	72	94	35	137	27	141	85	4	18	35	57	61	
47	4	60	37	138	136	85	113	49	47	98	116	82	130	137	144	9	27	115	114	86	139	8	104	44	98	92	48	23	52	100	146	148	75	
148	24	43	106	102	17	127	107	20	126	41	136	148	148	133	99	32	100	97	50	14	41	36	63	19	64	97	72	105	19	76	43	70	106	
16	10	132	136	25	66	140	92	70	88	74	110	111	149	3	149	92	41	139	111	46	140	33	43	37	0	7	19	63	114	114	60	85	29	
89	53	39	125	90	20	64	50	40	59	47	8	123	123	25	91	70	74	66	121	140	46	6	73	45	102	27	59	94	6	52	134	92	34	
4	94	27	103	54	13	138	127	109	131	0	2	59	120	106	28	66	53	65	31	82	57	23	28	27	83	125	15	55	120	111	3	135	51	
37	138	54	128	118	46	71	129	9	97	35	11	60	149	24	64	0	125	95	133	44	7	63	27	147	101	140	110	11	71	68	38	3	6	
133	17	71	32	64	119	33	14	71	65	89	147	79	2	48	114	104	140	48	147	119	23	27	146	79	86	128	10	53	27	49	108	58	79	
76	141	132	54	98	45	66	64	94	75	79	66	88	38	66	106	22	138	55	68	21	105	65	7	95	13	104	65	114	67	141	77	126	147	
101	89	149	35	110	59	10	45	114	62	74	96	91	140	2	125	81	57	44	22	143	118	16	63	130	118	81	86	28	29	22	3	38	5	
34	137	108	17	68	53	42	18	36	79	5	23	59	120	93	44	106	148	41	105	18	31	94	116	76	23	102	0	48	119	135	85	1	61	
13	105	55	59	97	147	26	65	26	31	75	143	82	5	126	27	91	76	59	32	98	138	107	58	32	27	63	73	142	101	117	79	9	17	
