8	27	27	17	8	26	21	15	38	8	29	20	39	17	14	33	22	1	12	5	4	18	36	19	10	11	34	28	34	18	2	25	27	14	6	16	
18	35	14	16	37	10	13	26	12	20	0	38	9	28	10	23	22	38	26	20	29	8	22	36	26	3	17	13	13	38	23	2	36	15	10	38	
22	6	13	33	17	33	21	6	37	22	16	30	2	8	5	29	11	0	27	38	22	23	30	22	35	14	12	34	34	27	37	38	26	32	25	28	
12	1	19	5	22	18	3	38	11	35	10	9	23	25	38	7	9	34	21	0	33	4	39	15	17	18	28	4	31	4	20	15	16	18	37	30	
25	38	23	35	31	19	4	21	38	37	19	33	31	30	11	6	34	34	28	26	19	16	2	11	25	14	3	6	1	8	8	14	1	36	24	33	
17	13	23	21	20	33	21	18	27	1	35	28	11	22	9	0	5	34	35	8	27	2	34	5	3	30	38	24	20	9	9	13	12	20	23	4	
20	2	34	29	11	15	33	31	7	26	16	6	27	36	12	39	10	11	5	1	2	32	37	25	27	26	7	1	22	36	25	7	27	2	28	38	
34	19	34	19	35	19	31	6	1	0	7	27	26	23	15	28	18	27	32	37	12	25	15	19	26	18	16	26	12	30	24	9	12	25	9	4	
2	5	8	38	12	36	2	17	37	0	5	28	30	26	36	15	35	19	10	6	28	33	32	16	27	10	33	11	29	30	18	21	33	4	7	25	
22	4	9	21	26	12	20	20	20	9	28	13	19	28	15	6	32	6	21	14	29	33	21	30	33	37	18	3	12	4	18	20	37	19	38	10	
35	37	13	32	23	13	36	0	9	8	0	8	18	28	4	31	30	17	14	16	28	11	35	18	14	1	11	25	27	21	7	13	4	16	15	36	
4	33	24	15	16	18	19	22	5	8	16	9	9	37	17	12	34	11	35	21	27	6	15	13	13	7	8	33	26	9	4	29	37	34	29	36	
13	32	34	22	23	29	14	13	3	16	2	22	7	33	30	1	24	25	26	5	32	4	27	4	25	20	26	21	7	3	22	12	19	21	17	18	
19	23	0	34	31	32	4	10	23	34	22	34	25	29	16	12	38	25	14	7	12	29	10	10	30	17	23	34	31	28	38	16	13	35	12	2	
26	39	13	28	39	25	33	3	33	21	12	14	13	8	28	33	15	32	27	31	30	7	5	19	12	18	27	3	1	36	29	34	23	18	7	9	
9	35	2	25	36	14	19	39	23	8	25	4	39	8	8	16	3	25	10	35	31	12	13	23	4	39	24	5	3	5	23	11	26	27	30	23	
0	29	1	19	10	19	34	5	32	3	4	1	9	4	36	5	11	28	0	9	16	31	0	17	26	4	8	16	6	5	7	2	38	20	26	15	
1	21	34	31	37	36	12	38	5	35	39	6	21	31	8	35	10	16	25	23	23	11	0	3	1	38	35	38	20	16	18	5	31	34	5	31	
19	38	4	28	17	26	37	10	9	9	0	35	22	23	23	22	6	38	33	16	8	10	22	31	22	37	28	3	34	7	39	17	5	14	8	22	
18	6	20	20	2	38	37	12	0	31	38	0	36	17	0	11	37	35	10	24	39	7	13	12	21	0	5	33	0	0	3	31	29	19	7	1	
28	26	35	2	28	4	3	10	5	16	9	33	22	39	21	30	12	1	17	4	12	7	26	26	7	25	18	37	12	11	35	29	36	32	38	25	
31	35	26	39	36	38	32	20	29	26	26	4	24	1	12	23	2	3	34	25	31	19	33	27	37	21	11	27	30	14	34	37	27	32	37	20	
37	17	8	26	7	7	21	7	16	26	33	9	5	5	34	9	11	3	12	6	18	10	27	8	37	31	26	27	21	22	18	21	29	27	22	14	
33	2	19	3	32	15	5	23	16	35	5	39	8	12	23	16	0	8	39	8	21	30	3	21	2	17	12	37	16	33	6	36	37	8	15	20	
19	6	12	28	7	33	31	15	18	36	37	15	4	11	12	14	28	8	9	33	28	21	31	10	25	39	4	32	1	20	13	13	37	1	34	27	
30	26	4	36	28	14	11	22	9	29	28	7	35	10	16	2	9	7	16	13	37	2	3	22	7	18	10	34	35	29	35	2	1	26	25	3	
26	29	29	8	2	37	22	38	33	30	27	12	3	11	17	21	39	28	17	3	29	7	16	17	32	38	2	5	28	29	17	32	1	31	7	19	
37	12	35	25	39	1	31	11	7	12	24	4	4	34	8	1	38	6	38	28	34	32	20	30	19	16	8	22	37	38	4	11	4	24	1	25	
20	7	8	20	2	38	17	38	23	31	4	6	21	20	13	16	2	39	5	18	2	39	35	2	17	39	1	2	5	29	35	5	25	28	34	1	
15	14	23	33	29	17	27	13	8	12	11	8	6	39	25	22	13	21	29	16	33	15	18	38	19	37	5	39	21	11	17	16	33	7	30	39	
25	35	23	26	34	11	34	1	26	36	35	5	8	30	2	27	34	16	35	17	33	31	28	28	2	26	8	20	6	21	10	36	16	8	22	17	
14	12	25	23	17	25	16	27	31	7	14	16	32	39	0	25	29	12	18	8	20	36	28	33	8	13	23	14	14	6	26	23	18	27	33	21	
0	20	37	28	14	35	14	27	38	32	12	1	18	18	37	6	16	4	17	35	21	18	10	23	30	23	39	14	1	21	8	0	18	31	27	36	
9	38	29	39	17	30	20	21	4	37	17	27	18	32	19	22	32	17	14	27	28	8	19	12	31	13	25	12	4	16	17	15	37	21	23	17	
12	39	4	18	31	32	25	18	29	34	22	31	13	21	24	15	13	6	24	4	0	24	32	20	25	1	25	26	4	27	9	13	12	38	8	34	
23	39	25	24	13	15	37	8	7	3	26	39	5	27	35	18	8	8	34	37	30	15	9	8	3	13	13	30	20	38	27	3	23	39	21	1	
7	11	29	31	36	5	2	7	31	12	32	18	3	4	34	35	30	30	34	5	23	30	1	17	1	37	27	23	37	11	17	1	31	34	10	7	
39	2	19	34	8	28	11	17	29	30	20	25	38	2	11	21	2	27	25	2	15	37	18	12	36	39	18	3	32	24	15	28	4	3	34	13	
35	1	15	9	10	18	36	12	17	7	15	4	9	39	15	4	32	11	20	6	16	32	27	11	31	17	18	2	31	39	2	12	4	6	26	16	
6	20	15	0	28	9	17	30	33	30	33	12	19	28	15	23	13	9	17	15	15	9	21	22	4	23	39	34	25	39	6	25	37	1	16	0	
27	20	22	32	12	29	11	21	26	10	37	12	32	31	30	17	5	20	21	2	15	1	5	28	19	23	23	0	27	5	3	25	9	19	2	28	
0	39	15	36	25	26	36	18	19	13	0	6	20	37	30	20	20	8	1	13	9	27	35	25	12	19	13	6	10	20	17	16	39	8	35	13	
5	7	30	35	3	24	10	1	25	34	35	7	7	17	30	19	4	8	4	32	20	23	25	12	35	25	6	15	39	13	10	12	2	7	7	21	
36	11	1	31	23	29	25	23	12	39	16	15	3	8	15	2	15	22	27	39	32	16	6	13	2	2	0	4	11	37	37	35	34	34	16	12	
35	35	13	24	15	7	27	16	0	24	24	33	1	11	31	35	4	35	5	6	38	17	10	34	21	20	18	26	33	2	3	19	8	8	0	14	
20	12	12	24	39	4	11	27	31	2	18	19	4	23	7	15	5	1	3	25	19	26	11	4	30	30	6	17	19	25	9	30	15	2	30	20	
13	24	27	27	27	32	23	4	3	16	39	10	21	27	31	30	34	33	12	14	3	18	14	2	32	24	11	3	12	6	37	23	37	32	22	37	
26	0	2	33	6	18	3	13	33	29	26	13	29	7	1	37	37	27	5	33	18	34	17	8	7	3	14	14	12	16	30	29	25	23	0	8	
8	33	13	3	28	2	17	34	33	30	13	36	9	5	18	27	13	10	16	3	29	22	20	13	30	27	0	0	18	8	28	18	6	33	18	32	
4	23	31	0	17	11	13	7	25	10	14	36	38	38	12	0	16	26	3	32	6	31	39	0	10	23	26	22	3	29	5	32	28	15	24	11	
2	18	29	18	18	17	31	23	17	1	16	9	13	3	23	10	17	39	17	35	22	25	6	22	12	3	4	32	0	7	1	17	39	7	9	25	
9	3	24	1	1	14	25	11	9	30	21	39	2	30	24	28	8	33	37	23	36	37	33	34	36	2	37	12	37	22	29	25	32	14	37	30	
10	35	12	35	38	14	0	21	21	17	9	23	22	12	10	4	8	1	25	12	36	29	0	1	7	35	20	4	13	30	3	17	10	10	2	4	
9	24	36	6	8	4	7	32	26	5	1	18	36	9	16	17	20	2	38	11	26	33	19	8	10	13	37	23	26	0	2	2	7	31	6	15	
12	4	32	3	18	33	6	37	3	2	34	13	23	16	36	31	2	22	14	8	13	26	23	11	1	17	39	9	2	31	25	19	24	27	22	5	
16	27	22	8	17	8	26	28	27	8	5	9	34	36	25	0	9	38	21	27	8	9	12	13	8	21	1	7	29	5	30	8	18	15	4	1	
11	39	13	34	19	16	21	20	30	1	31	12	9	39	28	33	22	12	22	34	3	4	10	31	26	8	4	26	19	2	29	17	29	27	15	36	
35	20	17	29	35	31	37	25	35	17	23	9	5	38	1	13	25	33	33	14	0	31	20	14	38	31	35	23	18	0	12	36	0	39	36	8	
37	11	15	25	26	30	34	16	1	19	32	8	12	31	25	9	30	14	9	8	25	18	36	13	22	18	23	8	36	13	18	24	23	33	9	26	
9	29	2	26	39	23	33	17	34	18	38	36	38	24	0	20	31	32	3	15	23	37	21	19	28	34	31	34	14	13	31	7	22	23	34	35	
26	29	30	19	6	31	5	26	4	11	37	23	4	5	13	35	6	12	10	9	28	12	0	10	13	11	4	28	12	34	14	22	23	3	12	34	
27	18	1	0	37	1	36	27	19	35	21	3	9	21	2	14	0	4	32	11	17	23	37	29	7	34	10	16	10	19	30	3	31	13	30	10	
5	23	17	30	10	9	7	19	36	26	1	15	36	0	11	26	29	21	14	38	3	34	27	12	22	11	34	8	29	22	8	19	23	17	31	3	
20	16	31	25	2	8	10	14	13	11	30	11	22	32	11	36	12	22	4	39	23	21	34	7	24	17	36	32	39	19	19	22	13	22	2	15	
24	27	18	17	5	2	27	9	7	6	7	33	13	19	33	37	10	22	35	35	22	25	29	4	10	33	17	27	9	14	2	1	34	31	13	19	
9	8	0	33	37	17	0	11	12	28	7	26	19	10	17	16	18	26	31	5	36	39	29	39	36	21	38	13	35	16	15	8	30	33	33	30	
35	31	8	13	28	13	24	9	29	37	32	2	8	33	14	13	16	17	10	4	34	30	39	29	39	10	36	28	30	2	32	38	22	34	4	11	
33	11	2	38	5	11	19	29	28	9	15	0	3	19	21	16	7	14	3	37	11	17	39	35	22	15	11	18	2	15	15	17	7	9	1	7	
22	8	15	29	2	38	29	19	32	0	18	22	15	8	13	18	34	25	13	2	19	34	22	33	26	34	31	4	19	4	15	22	37	31	8	7	
6	29	13	26	20	22	29	2	38	0	25	32	1	37	26	35	23	18	35	37	10	15	22	38	39	15	2	8	29	38	2	30	20	18	1	33	
18	31	26	24	8	11	12	11	12	11	25	28	0	24	24	27	7	2	1	21	24	7	6	8	35	31	25	6	32	39	15	35	23	1	12	12	
9	28	1	14	14	13	8	8	16	26	16	23	37	31	27	36	2	23	29	35	26	0	8	3	30	11	2	37	14	6	24	35	38	24	36	38	
4	17	33	11	37	35	39	20	7	17	34	39	1	27	13	21	39	3	12	17	26	23	15	2	12	11	18	39	33	10	9	22	9	33	33	34	
25	32	10	15	2	6	16	18	33	32	33	9	21	5	1	20	32	1	9	31	28	36	38	22	23	39	13	36	17	18	4	7	18	20	20	3	
25	0	26	33	31	25	37	20	9	10	18	17	20	28	28	24	27	13	31	35	28	9	19	2	10	32	13	8	3	12	33	37	24	37	28	33	
21	34	22	18	7	6	21	2	10	29	28	25	29	18	2	26	21	7	23	20	13	23	10	31	39	27	13	33	21	23	34	37	0	24	7	14	
2	29	36	37	39	23	29	21	5	7	19	7	4	18	38	23	8	3	5	18	12	29	29	18	9	27	23	24	13	23	20	5	22	3	28	37	
13	7	36	17	7	31	14	31	6	8	34	7	31	32	3	28	13	7	4	38	11	37	1	24	14	34	1	11	0	12	25	30	9	0	5	32	
8	16	7	28	24	21	33	15	6	33	23	10	6	12	14	22	37	1	10	16	16	37	3	19	12	11	6	37	31	30	10	7	36	36	17	12	
20	28	7	21	23	20	7	6	27	17	0	1	35	35	14	29	0	36	37	18	5	14	1	20	36	6	1	34	14	25	17	18	24	1	31	2	
33	35	29	5	31	1	37	25	18	31	27	1	0	12	11	28	24	39	20	1	18	35	29	12	27	9	19	26	22	25	12	37	38	12	22	12	
16	8	9	27	5	33	3	10	14	17	2	4	0	36	4	14	22	26	34	10	22	25	11	24	36	23	5	8	26	1	30	6	1	35	0	18	
25	5	11	18	28	29	29	39	33	7	13	1	5	22	13	0	20	5	13	0	4	15	35	8	10	31	0	23	22	5	15	19	10	38	7	31	
8	23	24	1	17	21	34	13	17	3	16	17	32	33	20	23	20	38	4	0	18	11	2	3	3	19	1	10	27	10	27	36	5	32	7	13	
25	10	16	31	24	30	25	18	15	33	21	7	15	7	11	37	13	39	38	30	12	32	18	18	0	35	2	6	38	14	31	24	8	18	35	25	
28	35	4	23	12	25	4	6	24	7	28	27	7	23	1	37	13	32	7	16	6	30	18	31	25	29	3	37	8	17	23	8	35	36	4	19	
28	21	36	7	13	9	28	21	29	17	7	34	34	16	19	0	33	23	37	37	1	16	31	1	29	11	0	25	16	7	13	27	26	33	11	30	
1	2	38	32	35	32	11	35	15	4	10	21	12	11	31	2	17	19	32	24	28	27	17	15	14	24	35	27	3	16	27	31	39	37	22	8	
12	0	2	11	0	22	32	28	4	28	6	12	7	26	17	14	8	23	7	14	3	10	18	6	10	16	25	7	29	22	9	32	37	36	8	6	
26	20	34	17	28	6	20	22	30	18	6	14	14	10	22	34	1	17	39	33	4	3	17	8	30	26	33	29	17	10	9	0	39	18	35	23	
9	7	6	12	34	23	35	5	10	23	10	16	38	18	37	0	13	6	6	16	22	4	12	35	37	12	9	38	28	27	39	27	30	18	0	19	
23	12	21	22	15	35	38	34	5	8	33	22	8	37	14	26	1	1	22	5	4	7	19	18	5	27	3	16	8	27	6	29	32	21	7	6	
25	27	16	14	2	7	13	8	25	36	27	26	11	12	1	8	19	24	20	34	7	39	25	28	26	5	20	8	27	7	37	1	37	9	10	14	
32	36	15	2	6	39	34	4	7	17	35	16	13	17	0	1	20	34	7	9	1	22	5	22	19	37	36	27	31	34	0	16	37	34	10	31	
8	26	30	29	3	29	39	24	23	39	3	3	17	32	25	27	8	8	22	37	12	3	7	31	18	2	32	39	4	6	19	12	21	33	5	15	
26	3	2	13	20	13	24	4	19	6	9	23	4	0	3	8	2	30	18	2	19	29	37	24	33	11	13	4	9	32	25	32	8	16	39	11	
9	17	13	9	36	24	29	25	1	18	23	12	25	17	33	23	13	6	18	5	8	14	4	21	7	18	23	27	26	39	26	21	10	38	4	4	
1	0	25	37	26	26	32	3	5	25	9	27	5	27	36	36	37	26	4	17	36	29	3	36	18	28	7	0	10	24	2	19	7	36	31	6	
3	4	16	35	19	9	29	10	38	6	30	7	28	27	2	36	35	35	0	15	37	20	34	15	21	34	34	16	24	8	13	9	25	20	12	6	
13	30	25	23	37	37	6	12	25	38	25	3	9	10	4	32	7	18	24	0	17	10	26	9	26	15	38	33	32	14	16	10	8	11	1	39	
