5	19	11	27	14	16	18	25	23	0	26	24	11	3	15	7	2	4	13	28	11	21	0	19	14	4	15	11	1	24	9	10	16	6	19	23	15	17	21	0	
12	13	3	19	0	6	18	14	2	16	15	8	29	9	21	28	28	25	27	25	25	7	21	9	8	5	24	1	15	24	12	29	4	4	4	15	17	3	11	5	
13	18	12	4	5	9	19	16	17	1	14	21	23	7	17	21	4	19	16	11	8	23	1	18	19	3	12	24	24	10	13	9	14	17	19	2	17	24	15	18	
29	6	7	23	13	1	3	26	6	28	24	0	20	18	4	22	2	20	1	25	23	14	0	13	25	17	19	24	23	15	2	8	27	2	29	7	19	10	1	17	
4	16	9	13	9	8	22	22	28	7	27	15	22	2	24	25	7	0	27	20	27	7	8	1	9	19	20	7	10	11	20	13	10	9	25	18	21	19	29	22	
28	28	21	17	23	15	25	5	6	4	5	13	15	4	4	28	24	15	16	1	11	24	27	17	16	19	6	8	2	11	26	13	25	19	12	17	5	0	25	27	
22	11	25	10	15	19	13	3	10	3	0	14	12	8	10	3	19	14	16	14	20	21	18	0	25	8	12	23	29	2	10	19	14	23	15	8	15	13	13	17	
14	21	0	16	26	8	4	12	23	28	2	1	15	11	11	15	29	10	13	5	1	2	3	26	16	25	3	3	25	21	20	21	19	7	29	11	2	27	12	17	
2	20	11	11	19	2	24	19	27	29	2	12	2	4	25	3	6	29	2	3	15	10	25	17	24	15	15	20	18	18	26	18	25	16	15	22	7	24	28	23	
2	25	5	14	18	3	7	7	19	11	6	16	5	28	7	8	10	21	22	5	21	13	18	16	13	18	2	17	26	20	23	5	3	19	5	1	13	0	13	14	
0	29	14	18	14	0	18	5	18	9	29	1	15	19	3	16	25	0	20	10	20	27	5	4	7	13	17	28	21	2	21	21	24	3	16	2	22	8	25	18	
9	22	2	2	10	25	6	14	21	2	2	9	20	19	9	11	14	9	16	7	7	14	10	29	14	12	0	9	14	6	8	28	28	12	26	20	4	0	27	5	
12	23	21	24	20	19	10	24	17	19	7	4	9	0	23	28	1	18	19	11	3	28	1	26	24	11	0	28	9	3	5	14	5	23	21	15	13	5	0	4	
11	25	27	15	12	23	28	9	8	3	11	6	3	10	22	14	6	28	4	28	27	5	8	11	29	4	7	27	1	29	10	8	1	5	29	23	2	2	9	21	
25	23	29	28	23	19	8	7	7	6	0	6	16	7	23	27	1	2	5	19	5	9	22	29	0	19	20	7	19	7	9	17	27	6	18	25	10	3	10	22	
17	5	10	18	24	9	13	5	24	3	27	29	11	19	18	7	27	2	25	26	15	27	5	21	12	18	19	16	12	17	27	18	23	6	25	0	1	16	8	14	
14	18	10	23	11	24	12	3	9	22	8	24	9	16	29	15	5	14	9	17	17	10	22	2	1	29	0	9	1	19	0	12	13	25	4	21	7	24	26	2	
17	17	20	7	11	17	6	27	22	28	11	2	15	29	13	6	2	22	3	2	14	22	24	22	3	10	22	23	11	20	24	26	22	7	15	19	16	2	1	20	
2	6	5	2	22	23	17	2	2	27	28	9	0	16	3	9	0	25	3	0	15	29	17	10	7	6	23	7	10	22	10	0	1	28	3	19	22	22	10	13	
22	13	5	20	7	2	21	5	21	12	4	11	15	16	20	15	3	25	25	18	5	8	15	1	9	24	7	25	23	15	19	8	16	22	27	23	10	25	7	19	
17	4	0	18	1	26	26	5	19	6	26	17	25	28	11	24	7	13	15	25	1	25	15	6	24	10	17	2	27	0	3	18	21	27	14	26	6	7	29	21	
22	15	4	0	27	23	27	28	9	15	23	19	24	28	2	18	7	5	15	16	9	16	8	16	17	19	17	2	4	20	13	26	20	6	27	11	21	4	19	0	
25	8	17	25	11	21	10	20	22	27	17	15	19	24	1	4	0	8	6	5	14	22	25	4	20	27	16	6	18	12	12	3	10	8	20	16	28	12	0	4	
10	25	10	19	7	2	10	5	20	0	14	17	14	5	11	22	24	25	21	15	3	12	12	15	11	23	4	4	24	26	15	29	0	13	15	1	22	19	17	11	
18	5	10	20	0	10	20	15	11	22	25	29	22	16	24	4	9	20	17	21	11	1	5	6	3	5	12	15	27	20	9	17	2	12	8	26	25	19	5	0	
17	12	14	25	7	29	21	29	11	5	24	10	22	25	15	2	22	19	17	11	20	26	17	24	29	17	18	6	3	7	6	5	29	3	0	24	18	28	3	9	
15	2	1	27	19	5	24	16	5	13	1	10	23	12	12	20	25	8	16	22	3	20	24	9	0	11	10	14	13	18	29	17	26	9	20	2	20	7	6	12	
16	11	0	16	6	20	14	26	4	21	21	18	26	17	5	21	29	23	18	13	22	24	23	14	18	10	17	28	27	28	25	27	12	1	16	19	21	21	25	25	
9	26	0	19	24	1	22	13	10	13	25	23	27	5	25	22	8	2	4	17	13	18	22	8	24	26	4	14	4	12	28	13	25	22	6	29	5	18	5	21	
17	5	22	13	26	26	22	22	3	15	23	3	6	23	0	25	15	20	5	3	11	26	20	5	25	1	2	2	19	21	17	0	21	29	13	2	7	5	11	17	
17	18	9	28	11	12	23	29	25	27	15	8	13	0	25	26	28	9	23	13	10	9	13	2	21	5	6	23	29	3	3	23	21	4	28	5	1	19	22	13	
15	6	14	28	29	8	15	13	17	24	13	4	12	7	1	7	5	17	9	8	15	23	4	9	5	20	26	8	14	25	20	7	6	9	13	1	25	25	24	16	
9	2	21	11	17	6	10	27	23	29	5	19	1	17	10	1	19	27	15	13	1	22	9	20	7	5	10	23	14	14	2	7	28	26	7	11	5	22	4	18	
12	8	18	0	12	14	12	16	22	5	4	13	4	25	19	27	27	12	15	27	3	2	27	10	20	2	25	16	8	18	1	16	27	28	22	26	29	14	23	11	
19	11	28	0	17	13	25	14	5	20	21	9	4	20	28	4	6	7	26	26	7	3	8	17	15	19	17	25	20	25	21	16	27	11	29	4	20	12	22	0	
23	13	3	7	2	2	23	15	26	24	21	21	14	6	20	15	26	2	13	23	26	4	11	27	27	7	20	2	7	19	4	28	1	8	25	21	1	1	11	29	
23	4	14	12	20	26	26	1	19	7	16	19	7	26	26	6	28	24	15	6	3	13	12	16	18	7	11	4	19	15	5	5	29	18	25	9	17	12	16	5	
0	0	1	17	29	27	15	12	25	28	12	28	4	13	20	27	27	13	14	28	10	14	1	27	19	22	3	24	18	7	6	1	0	15	24	5	28	20	11	28	
29	10	26	9	9	12	11	14	24	12	5	13	20	12	22	5	11	9	14	4	25	19	22	10	7	24	15	27	4	26	4	24	27	12	27	9	23	3	6	2	
23	6	13	16	5	27	27	29	8	9	10	23	26	3	10	27	14	5	27	18	21	26	18	17	28	4	8	14	22	25	17	19	15	10	15	11	1	6	4	24	
19	9	26	1	28	8	2	18	18	0	9	27	7	3	9	13	9	0	10	26	3	10	4	13	7	6	14	6	20	21	1	15	1	29	3	3	1	2	15	2	
4	14	9	11	24	26	16	29	14	17	11	16	19	7	24	22	0	8	14	20	26	21	5	13	19	22	9	5	16	28	15	0	13	27	3	20	4	17	5	4	
22	29	19	6	4	9	20	11	14	2	11	27	3	15	23	4	12	3	20	1	3	23	17	15	4	7	19	29	9	9	17	10	1	3	0	2	6	4	22	4	
16	26	22	9	17	27	1	25	7	18	12	28	16	10	8	20	0	14	18	15	23	5	16	10	6	19	27	9	3	1	19	5	21	26	18	13	26	8	27	12	
25	9	2	10	15	28	28	13	0	6	3	26	8	16	15	23	1	29	4	25	3	8	23	15	28	8	8	25	14	22	0	26	5	22	15	11	20	0	29	2	
7	0	28	18	17	13	21	16	29	16	23	15	11	15	29	29	25	23	3	19	6	11	1	24	14	25	27	2	2	27	24	18	13	0	13	24	2	21	24	28	
3	14	28	5	8	7	12	26	27	25	20	14	22	15	19	16	5	5	21	23	23	15	26	8	28	4	5	22	28	8	29	17	4	19	27	5	26	11	12	11	
8	2	1	0	5	10	6	6	24	22	25	22	28	7	7	13	15	0	22	16	17	29	0	19	23	1	24	1	6	11	19	26	7	9	16	13	8	13	14	8	
4	24	19	20	17	12	6	2	6	26	4	12	2	9	11	11	15	8	16	1	27	1	18	6	11	5	26	18	23	2	18	12	23	11	24	23	18	9	8	25	
27	1	27	4	1	26	13	8	3	16	17	16	17	25	18	15	29	14	10	10	23	0	7	8	18	6	4	15	24	21	21	0	21	27	15	7	12	26	15	25	
18	23	7	10	15	28	23	8	6	15	12	24	21	22	7	10	3	13	0	28	25	26	2	20	10	28	0	19	17	0	14	5	23	8	29	26	11	15	8	6	
8	8	24	3	23	25	19	29	23	21	18	18	6	23	11	11	1	28	22	14	16	26	24	28	23	3	4	10	2	20	16	25	7	5	26	28	19	8	8	12	
8	3	8	18	10	15	20	9	13	3	23	17	17	27	7	0	15	20	3	26	0	15	3	6	14	7	17	10	1	25	3	27	4	28	17	1	15	5	5	2	
19	16	1	9	14	20	27	14	17	12	15	5	12	14	29	14	13	20	10	20	27	29	13	29	18	27	28	3	12	14	20	21	18	3	14	8	9	1	20	12	
6	10	1	1	16	10	25	16	4	25	17	0	7	25	3	22	25	6	1	6	28	24	25	27	11	24	24	19	14	9	24	16	28	2	21	16	4	26	2	14	
6	1	8	26	15	20	10	11	26	6	14	4	27	2	13	27	21	1	28	7	7	17	10	0	18	19	4	22	14	14	12	1	25	21	12	28	26	13	13	13	
12	3	24	29	5	11	5	9	15	4	6	15	0	18	10	21	2	9	0	12	8	0	8	18	10	4	22	12	19	0	24	24	10	3	21	16	24	16	17	10	
26	27	12	23	24	11	13	0	25	19	15	20	24	21	3	25	8	12	24	3	4	2	15	27	25	3	27	8	18	22	25	1	25	21	27	1	22	19	18	8	
19	11	12	16	28	23	15	23	12	14	24	17	28	0	12	7	1	27	23	18	26	21	0	28	17	14	18	9	2	15	13	19	16	18	21	3	9	19	24	17	
24	14	6	28	6	15	8	19	6	6	12	2	3	26	9	6	24	22	19	6	5	7	4	6	19	5	6	3	13	14	9	7	8	14	23	9	22	16	24	22	
3	27	24	2	15	3	21	12	21	23	6	12	17	12	4	6	12	0	8	12	15	8	5	20	7	4	10	10	11	25	3	18	20	12	13	12	5	22	16	1	
12	15	0	27	2	7	6	21	3	29	2	19	23	2	22	17	26	29	29	8	17	19	11	23	14	9	26	23	6	9	24	21	8	13	23	2	27	7	13	0	
23	11	26	28	17	11	19	26	10	21	8	9	0	8	26	0	25	27	9	22	0	16	14	18	25	29	7	17	0	11	27	16	3	3	6	17	18	16	16	20	
26	25	10	29	8	16	6	6	12	8	24	2	16	26	27	24	24	17	29	4	6	21	6	7	1	15	9	19	10	16	6	16	17	26	29	1	17	15	21	28	
11	0	29	11	20	19	7	3	21	15	20	23	15	14	11	28	14	22	6	2	4	26	20	19	20	19	1	17	15	15	3	17	11	25	26	25	28	22	3	10	
6	9	14	1	7	15	9	20	22	28	9	4	19	2	20	29	7	25	22	21	28	3	23	13	9	9	3	20	6	26	13	0	0	17	11	7	2	21	4	9	
28	8	10	17	17	9	28	23	12	28	6	21	26	25	3	13	8	2	8	5	4	27	7	29	15	18	10	4	2	17	6	8	29	26	22	28	20	24	29	14	
6	17	13	23	27	22	20	12	7	8	21	18	18	14	21	26	9	24	27	10	21	23	9	22	6	1	15	22	26	18	10	12	17	14	15	8	1	5	1	24	
13	6	6	5	14	9	23	25	29	13	29	8	22	22	21	14	21	0	7	0	5	0	17	18	2	27	10	11	6	6	0	25	7	12	29	21	22	0	25	27	
14	19	6	9	11	1	18	19	13	17	19	16	29	24	29	29	3	19	24	3	4	26	22	0	24	26	22	6	2	12	8	19	0	18	26	29	11	17	29	5	
11	16	4	6	2	15	10	19	29	22	29	9	5	29	7	29	5	7	8	12	22	8	11	28	3	21	6	28	18	5	5	10	8	10	20	10	4	4	23	11	
2	7	13	20	26	13	12	12	19	7	15	1	14	20	5	7	6	4	5	19	24	17	6	9	22	27	9	23	11	18	7	0	7	13	5	7	17	16	22	19	
19	19	11	14	14	28	14	6	3	5	11	10	16	22	28	3	8	1	19	4	18	4	10	12	13	18	7	15	5	6	12	6	1	7	25	0	26	8	16	5	
2	8	22	21	6	1	23	1	20	10	13	12	20	9	10	12	11	2	27	18	26	10	3	5	12	27	16	20	28	4	10	5	10	5	25	6	29	27	29	25	
15	14	16	20	25	11	20	7	24	18	16	2	23	26	13	0	24	3	8	20	17	2	14	8	15	1	2	23	2	11	16	10	16	11	8	14	26	13	19	22	
19	2	9	24	2	21	22	21	10	8	3	3	13	5	19	8	18	14	17	17	11	1	23	5	27	15	29	16	4	4	23	19	19	22	24	24	9	18	24	2	
20	14	21	2	9	7	28	15	11	4	17	26	7	0	2	0	16	13	28	0	23	7	17	24	5	10	7	6	8	4	2	19	5	22	27	13	15	21	13	26	
14	21	5	22	11	18	20	16	26	19	14	0	10	19	0	14	10	10	6	23	9	8	6	16	0	14	28	18	14	18	19	8	16	15	9	28	3	17	24	16	
27	27	3	24	25	14	2	17	16	20	16	27	0	10	17	16	12	26	12	26	24	21	28	0	9	23	29	27	21	1	4	3	25	16	25	4	0	15	17	7	
20	27	6	28	1	25	24	11	7	7	13	16	1	21	23	14	11	25	24	19	6	22	5	5	27	15	4	11	9	5	0	14	20	11	16	21	4	26	9	11	
21	29	18	23	21	17	12	5	25	7	24	27	23	27	8	16	19	4	9	19	20	25	18	25	21	2	28	24	21	22	28	11	29	16	11	28	22	23	14	6	
8	9	7	22	28	6	3	17	4	18	19	15	15	12	11	11	23	6	7	5	16	10	28	20	16	2	0	24	10	0	8	1	19	19	18	25	11	2	10	12	
28	9	28	21	8	19	10	19	13	21	4	29	1	20	22	24	28	9	1	2	23	7	20	25	25	17	12	22	4	22	16	19	14	7	6	7	7	0	0	27	
11	26	25	8	15	9	6	14	25	9	16	6	9	16	17	13	16	12	17	27	12	20	8	2	8	3	26	19	12	6	21	4	16	5	24	10	28	6	9	17	
14	16	7	18	18	1	13	17	16	16	17	20	15	27	12	7	1	25	22	23	3	20	7	1	0	24	27	10	23	28	25	4	18	5	10	27	9	13	22	14	
28	5	29	7	4	11	2	16	16	10	20	14	10	12	11	22	10	23	5	22	24	28	25	0	14	18	0	13	1	0	19	15	26	13	13	19	19	20	3	5	
12	7	6	3	26	14	18	20	13	14	19	14	8	6	10	15	18	7	12	7	16	11	1	14	18	24	20	5	29	13	14	26	16	3	20	12	21	3	10	8	
2	7	15	16	23	3	26	23	21	6	25	27	3	17	9	26	25	1	7	25	26	21	27	29	27	29	14	1	8	7	20	25	14	9	15	29	11	9	8	3	
25	19	10	21	11	6	17	2	29	20	12	11	6	22	25	10	8	29	4	10	25	19	18	7	22	28	12	23	18	2	6	14	23	5	20	16	12	13	5	24	
1	15	3	1	9	10	13	7	22	2	8	19	19	18	21	12	3	0	28	4	6	6	28	11	15	2	3	4	7	25	3	5	8	8	4	5	3	11	29	20	
6	16	2	27	6	8	28	8	1	17	15	27	3	21	15	25	6	16	14	9	26	25	27	2	15	17	10	6	4	3	15	13	9	21	20	22	23	20	15	18	
1	29	14	16	13	20	12	4	7	11	15	21	17	18	29	10	27	16	11	12	22	24	2	10	8	27	8	27	15	6	16	22	17	5	26	19	26	19	26	11	
13	3	20	18	10	13	22	15	17	2	13	21	1	17	15	14	5	27	23	8	14	6	26	16	12	7	17	11	18	1	27	12	3	7	10	23	17	13	10	28	
23	7	14	4	9	16	28	11	1	17	25	23	28	0	10	13	18	17	19	24	15	15	7	22	2	25	17	1	26	4	20	12	9	27	28	9	16	26	2	7	
6	29	2	15	29	12	20	28	4	25	15	12	25	7	15	26	13	23	8	15	17	1	7	17	21	17	7	7	24	15	14	29	27	11	15	8	11	25	15	12	
2	19	26	14	0	4	0	28	15	5	21	18	26	11	25	26	17	22	15	18	29	23	4	26	26	7	13	22	10	13	25	21	3	16	8	10	8	24	13	12	
25	23	8	5	7	22	22	24	22	6	25	22	4	0	2	0	4	16	18	9	10	29	29	14	27	2	25	8	24	7	28	22	14	10	18	25	4	25	3	21	
17	10	0	16	23	8	27	12	2	9	2	29	14	0	8	10	27	14	20	19	26	9	17	2	17	2	20	29	29	28	27	8	3	22	19	9	5	3	6	23	
3	24	1	23	9	11	24	7	16	15	3	11	15	8	15	0	22	15	10	3	28	22	9	26	6	2	5	14	14	24	25	0	24	8	28	14	25	17	1	26	
5	8	26	4	7	3	1	6	18	21	20	1	12	13	21	19	15	1	21	8	5	10	27	14	24	6	6	22	19	20	28	16	27	20	6	10	13	24	23	28	
