59	58	11	17	0	52	11	40	43	35	31	48	35	7	26	19	1	0	31	16	44	44	3	16	43	57	56	53	2	29	4	4	28	26	46	33	35	14	47	37	44	16	26	52	37	50	12	33	14	52	
34	51	20	5	13	53	2	36	28	54	14	13	26	52	27	55	59	12	4	27	21	27	10	55	36	23	56	48	26	40	7	46	49	2	25	51	35	21	59	14	1	29	23	27	53	36	56	55	9	24	
9	6	25	34	34	42	4	33	6	6	12	9	38	41	32	57	15	29	22	32	33	16	30	56	19	54	18	19	52	15	58	7	53	0	19	13	47	6	32	15	16	44	48	52	45	11	19	57	41	15	
13	5	52	48	21	17	1	34	31	30	3	3	20	24	48	40	8	9	38	47	14	4	18	4	48	24	20	26	41	48	13	6	44	9	41	31	12	34	33	48	34	4	4	23	32	28	26	54	23	50	
58	54	7	56	21	8	55	22	0	16	20	12	58	5	40	11	56	1	39	37	31	59	23	19	56	11	21	17	51	31	28	3	33	49	26	31	7	48	1	53	32	19	46	20	24	52	35	24	0	34	
16	14	14	0	4	25	30	19	33	36	15	30	51	29	55	0	21	41	5	15	35	55	1	48	59	36	15	36	28	0	46	46	13	47	32	38	19	18	22	2	58	50	6	4	13	20	45	25	14	6	
0	33	40	1	38	40	5	5	35	24	44	50	57	33	4	1	48	30	23	47	38	6	49	14	48	36	13	27	35	51	10	59	46	27	0	30	56	9	14	1	28	5	29	36	30	50	3	5	18	39	
28	20	35	46	10	4	1	30	59	27	16	22	25	6	25	12	28	52	31	8	44	37	23	58	21	7	48	35	30	53	14	57	55	33	40	41	36	32	5	3	0	39	56	13	31	49	7	21	10	24	
14	8	41	50	18	32	3	18	28	46	3	31	12	29	27	13	34	36	9	10	36	46	35	53	28	42	59	43	42	12	36	54	58	3	53	31	34	14	56	15	37	1	44	38	24	18	40	21	36	56	
31	47	59	52	20	2	0	19	10	44	16	32	54	53	2	4	22	20	31	48	42	10	4	26	46	31	46	57	2	52	8	55	19	1	36	56	27	57	35	17	12	56	11	27	54	50	42	31	26	49	
1	35	52	45	37	6	21	20	30	48	58	55	14	10	24	22	8	46	21	20	46	8	17	28	34	33	22	44	39	35	46	51	49	22	14	54	22	1	53	50	1	30	31	2	23	49	52	5	23	59	
45	32	44	32	1	46	20	10	1	20	25	29	54	28	41	33	37	29	10	7	9	18	33	9	5	45	34	0	57	6	46	15	15	17	25	49	27	28	3	27	8	58	23	26	54	58	10	5	32	44	
27	8	6	51	7	5	1	59	24	26	32	41	15	32	0	10	47	39	4	17	6	40	34	1	38	12	25	44	25	38	15	37	37	56	16	49	19	18	58	1	45	25	9	39	19	4	30	24	15	26	
36	21	8	31	15	31	17	24	28	50	36	54	30	4	53	35	31	32	10	13	24	54	44	12	0	42	59	39	28	18	0	42	11	48	35	11	59	41	13	26	3	52	12	24	6	27	11	4	31	28	
30	10	12	47	38	34	4	8	25	8	31	25	16	46	32	3	46	13	46	6	26	34	26	34	30	25	54	36	50	5	59	22	28	40	12	32	2	20	14	4	35	51	57	33	43	16	32	56	29	27	
9	56	50	20	13	36	20	55	39	23	3	0	40	52	17	7	10	28	24	55	14	2	31	53	45	57	6	22	31	53	4	57	31	32	44	40	43	19	40	30	35	46	33	11	30	20	3	19	42	8	
30	17	56	30	31	5	19	26	48	29	45	49	55	18	33	37	30	45	13	34	0	48	48	6	17	0	25	49	15	37	30	56	9	19	59	44	9	55	39	52	26	58	18	8	2	38	14	52	48	17	
7	13	14	44	41	2	2	24	0	11	6	21	52	43	56	41	25	17	31	4	34	51	0	43	5	58	41	37	30	9	3	30	33	44	9	3	31	0	33	19	33	58	42	6	31	34	52	23	8	0	
35	7	27	46	13	17	7	15	8	56	21	31	59	58	46	35	8	11	24	17	37	5	22	11	37	0	55	1	32	17	57	0	3	45	14	49	17	36	12	48	27	51	19	7	15	19	15	26	9	56	
2	57	31	26	35	20	57	52	9	47	49	7	55	35	6	17	4	54	2	43	4	59	14	57	49	29	48	46	36	18	35	56	13	51	10	42	58	31	24	53	8	1	38	44	8	16	28	44	0	7	
53	44	30	58	45	58	2	24	21	55	1	42	25	10	55	12	23	25	13	59	53	51	4	3	33	26	10	20	48	37	50	16	40	38	24	40	40	47	31	45	58	14	46	5	41	15	26	39	53	46	
22	24	19	47	58	20	42	31	6	17	12	20	35	47	15	32	16	13	55	35	46	24	37	55	6	13	6	37	5	22	45	31	18	34	56	16	41	5	6	9	40	53	23	42	1	14	33	20	46	53	
46	46	5	0	59	22	6	30	4	40	8	6	11	38	28	37	7	51	45	22	41	54	3	42	13	34	39	2	35	56	0	9	21	37	4	6	3	31	34	42	47	43	24	34	6	32	31	26	7	35	
34	18	2	55	36	38	22	32	14	34	44	37	36	59	57	43	37	17	14	45	2	6	38	22	20	0	22	10	2	7	50	45	53	26	21	40	43	20	41	25	43	31	37	0	40	1	4	29	34	43	
47	18	13	7	43	58	12	37	25	26	30	30	35	15	21	50	47	41	20	57	52	9	19	12	53	31	26	18	47	30	38	58	24	56	45	0	45	30	53	52	40	13	3	14	2	28	34	53	32	50	
3	55	38	27	9	59	1	19	58	50	35	31	1	50	1	21	8	37	16	30	46	22	53	35	32	35	7	17	33	48	3	47	19	43	55	47	2	2	29	24	18	33	42	59	40	28	47	39	27	6	
20	3	43	27	56	48	39	37	42	21	12	10	45	43	18	34	59	5	37	9	36	17	8	11	26	2	58	16	17	39	37	43	5	4	40	15	8	23	22	45	26	25	57	29	25	32	42	47	38	30	
14	57	50	20	1	41	45	53	31	42	40	1	4	24	39	30	46	13	42	34	34	57	29	27	56	27	36	5	59	42	49	50	9	10	8	16	9	33	24	7	20	21	20	9	6	2	47	12	52	5	
33	52	27	7	10	42	47	56	53	37	47	31	18	52	47	52	2	4	4	57	48	24	51	46	4	47	32	56	59	47	6	1	10	12	36	42	57	7	48	25	33	9	28	46	30	0	30	2	35	26	
33	4	35	29	50	40	56	31	29	10	32	18	24	15	4	43	3	6	18	25	2	22	11	58	39	52	13	42	49	5	11	52	45	18	55	58	1	9	5	52	55	36	14	41	15	4	20	50	26	51	
30	25	34	27	24	38	32	51	55	24	57	45	47	39	56	44	11	57	26	50	47	12	8	34	13	21	6	27	30	31	34	54	19	18	11	7	23	38	3	29	13	39	36	45	23	47	46	8	30	37	
55	38	5	49	53	0	50	41	58	9	0	19	34	37	30	16	9	3	49	18	56	21	57	13	13	18	54	36	47	24	2	7	31	3	16	41	26	19	15	57	29	38	41	2	56	6	27	16	40	54	
50	25	18	47	36	5	0	51	53	10	50	38	6	57	59	2	39	50	27	37	33	46	17	41	43	48	2	52	50	49	57	29	45	1	54	7	58	24	49	53	55	1	20	32	29	14	10	50	43	57	
15	52	0	16	13	7	10	57	13	3	51	40	14	32	38	21	40	14	4	53	13	28	1	57	13	45	33	7	56	8	43	50	56	15	5	13	46	12	44	45	37	47	39	8	10	22	58	53	23	22	
48	48	59	52	42	14	5	50	29	31	13	40	4	58	23	26	38	16	30	11	58	43	29	24	44	5	10	4	21	32	9	21	36	18	24	4	27	15	19	41	49	11	21	30	1	22	15	57	1	6	
23	5	14	49	27	11	27	8	40	34	14	15	56	22	38	14	34	5	36	54	24	47	37	18	57	57	7	37	59	53	12	25	21	1	20	37	29	30	1	56	35	16	46	35	1	37	32	29	23	46	
7	37	52	17	16	52	12	21	6	58	50	28	57	5	58	33	19	52	40	55	52	14	23	53	52	46	59	58	4	46	3	4	15	49	59	26	36	14	51	56	41	5	5	24	26	40	44	51	36	7	
59	25	54	53	25	41	13	21	20	21	12	46	36	11	6	31	37	46	28	48	5	28	48	57	36	24	17	33	58	55	6	40	20	8	41	5	35	38	20	20	34	35	42	0	48	42	52	33	41	17	
36	12	34	50	44	36	11	56	0	45	21	58	58	4	9	56	39	3	4	14	54	15	14	59	24	20	50	46	18	4	0	47	16	40	6	33	33	48	17	28	9	26	36	32	19	35	11	45	18	46	
13	5	10	18	4	8	49	55	46	39	24	48	34	41	24	40	5	14	46	10	20	13	31	36	35	41	6	9	22	16	44	3	16	29	57	24	52	16	52	20	9	40	5	49	15	57	8	10	0	1	
35	35	58	57	25	5	26	20	50	6	33	4	39	45	44	28	6	51	1	46	59	35	14	38	34	30	54	41	48	1	58	57	46	41	47	6	29	8	29	54	4	9	54	33	33	44	25	14	34	50	
28	31	25	1	9	29	50	29	4	36	21	58	4	3	12	9	37	47	6	58	1	42	44	12	27	35	16	49	31	37	56	20	21	57	18	46	54	28	14	41	46	38	17	23	28	26	51	7	50	16	
32	13	29	22	4	57	37	10	14	4	47	51	9	58	52	10	5	16	26	16	17	57	1	59	5	28	24	36	19	2	51	41	23	57	46	7	35	6	28	14	58	27	20	8	57	5	57	48	12	49	
20	33	8	58	24	52	17	20	20	3	51	48	32	34	10	25	54	36	19	53	31	36	8	44	47	58	39	51	35	45	46	37	57	18	42	49	5	31	21	55	34	31	44	12	29	32	11	1	39	59	
29	47	27	58	59	39	10	22	44	45	55	4	11	47	23	8	44	4	41	46	46	6	24	10	29	41	58	29	57	58	29	33	44	12	40	18	41	3	47	27	27	3	57	22	23	31	4	43	41	8	
4	36	10	52	37	17	55	57	10	59	0	59	58	37	24	17	6	3	13	40	6	35	32	41	33	37	34	2	27	34	42	41	58	1	26	41	57	39	58	50	54	45	32	12	16	20	34	7	41	1	
11	51	29	43	4	47	10	50	48	43	5	6	30	7	23	57	27	6	37	26	49	9	46	11	25	50	6	6	18	57	24	28	39	3	2	7	11	44	29	34	57	7	20	31	26	22	30	1	35	47	
40	3	32	58	49	49	23	56	12	7	23	26	40	9	13	0	40	30	32	26	14	24	29	53	54	20	38	17	4	39	40	50	14	10	20	45	57	40	30	55	11	42	30	54	1	58	49	3	47	37	
12	7	13	16	8	41	39	18	5	42	1	49	52	34	48	26	25	34	16	18	42	22	6	43	58	24	19	17	55	16	20	51	26	49	22	10	14	56	33	29	47	27	29	29	1	56	20	40	58	45	
47	17	52	38	41	12	20	34	38	17	39	41	26	50	39	2	0	50	43	29	2	16	37	10	15	1	37	18	24	51	11	2	18	48	18	18	17	23	39	42	33	30	25	45	25	11	22	11	28	49	
59	33	53	48	51	37	48	13	38	27	4	44	25	25	20	27	13	50	48	29	28	45	5	32	5	49	17	21	0	45	26	13	23	43	15	20	0	25	32	11	10	8	22	55	8	45	22	26	33	19	
36	33	31	48	22	59	7	27	3	58	37	2	2	8	1	55	14	21	1	27	35	56	47	20	8	44	23	56	48	34	30	56	21	8	27	25	32	36	43	34	14	27	8	23	27	25	10	42	16	19	
1	57	24	25	20	48	49	38	47	20	2	5	29	1	13	46	0	33	50	26	21	7	54	43	57	51	46	48	47	44	57	22	1	8	57	29	44	19	42	2	55	51	4	5	44	19	50	58	31	44	
17	48	13	37	12	39	13	40	51	41	58	51	3	5	12	15	16	31	37	57	50	39	32	7	25	57	56	38	24	49	48	41	53	52	28	33	35	7	12	29	26	53	56	9	4	17	31	36	38	10	
22	35	5	42	29	9	59	33	14	16	37	3	42	30	54	49	28	50	47	55	53	25	55	38	50	6	7	1	49	54	30	23	47	16	27	51	3	17	44	17	56	12	15	35	5	54	52	12	14	28	
53	2	4	38	17	34	10	33	52	22	15	8	42	27	7	49	49	13	53	23	28	49	52	43	13	10	46	44	6	19	43	44	35	13	18	26	5	52	26	34	48	24	48	28	40	15	16	49	53	45	
56	7	5	1	40	35	35	19	29	26	21	24	45	21	43	31	15	39	43	36	56	34	26	19	29	32	29	33	13	0	30	23	40	8	37	54	34	48	38	4	29	2	29	34	25	52	21	17	38	55	
55	34	18	28	58	10	21	38	29	39	42	55	37	39	19	56	5	7	32	16	1	51	23	5	42	33	4	20	47	15	8	7	33	10	26	12	29	5	41	48	23	52	7	33	44	28	28	2	5	32	
0	34	12	56	18	36	51	21	56	33	7	44	8	35	20	25	2	55	34	42	45	51	5	24	20	47	26	34	5	37	29	5	44	27	19	9	39	29	45	10	7	32	4	53	31	3	33	30	52	40	
49	43	28	27	37	4	53	4	23	35	19	50	32	30	26	17	39	23	29	13	56	56	3	37	22	38	44	55	12	56	30	48	58	13	31	0	28	2	14	52	39	25	1	22	44	35	5	4	35	5	
37	39	28	8	54	38	14	6	48	58	20	17	23	58	2	35	25	6	2	52	27	4	15	40	43	35	11	37	48	11	31	21	26	57	1	56	38	29	11	2	34	10	51	36	6	31	12	34	34	53	
42	4	0	52	46	18	34	54	29	54	45	50	12	16	53	10	58	42	1	42	13	38	23	54	51	18	5	18	56	26	3	24	41	16	21	26	17	49	10	35	32	48	39	57	32	58	22	14	36	17	
18	56	25	29	11	57	33	33	39	15	6	26	52	13	31	35	2	28	34	57	26	42	34	18	54	49	54	22	48	24	47	41	56	3	26	48	41	48	45	35	28	59	35	27	52	10	28	38	16	54	
59	36	27	27	37	24	30	14	15	57	7	45	31	3	17	44	20	3	21	4	22	54	12	57	18	45	40	57	36	27	9	43	40	40	0	53	26	35	6	59	41	42	16	58	55	41	12	58	51	37	
16	15	58	12	38	58	3	55	51	12	58	40	6	7	23	29	54	14	28	49	44	20	19	2	23	49	53	5	45	1	44	59	38	50	47	44	36	33	59	22	22	8	15	19	27	39	22	56	36	37	
26	0	35	34	41	45	15	55	59	30	31	26	14	48	10	29	22	30	29	6	25	50	5	1	47	54	17	26	0	5	35	21	51	7	51	52	47	18	8	12	50	52	32	0	9	38	1	20	6	51	
57	18	33	30	30	55	6	12	6	20	1	28	39	7	16	10	52	2	26	27	19	8	33	3	3	12	46	59	2	23	53	41	16	24	59	31	44	26	12	5	47	58	50	48	50	4	29	53	10	45	
41	33	24	7	30	43	40	25	31	51	21	29	29	22	10	36	4	40	37	30	44	50	5	27	58	38	51	46	49	44	45	32	53	27	22	13	27	44	3	56	14	3	12	40	11	9	35	51	43	51	
45	34	3	5	18	20	33	42	24	54	6	59	25	36	16	15	50	41	9	39	28	56	3	39	16	22	43	30	19	45	20	6	49	16	25	8	28	36	44	27	49	20	2	23	50	28	48	46	15	53	
36	27	11	57	40	19	52	5	44	9	55	53	28	13	17	15	41	46	29	4	17	26	27	40	18	27	21	33	40	31	42	35	51	56	32	56	43	46	29	23	24	26	53	31	14	25	0	46	13	15	
7	7	34	26	30	29	54	18	40	18	45	15	14	37	43	30	31	8	27	37	26	21	1	6	50	56	10	46	50	18	23	19	28	49	23	48	33	13	41	39	16	27	10	42	28	49	48	21	8	45	
45	51	9	19	36	23	2	55	52	12	17	28	52	6	42	7	50	36	53	7	25	39	33	25	3	15	56	28	42	33	55	32	0	57	30	10	36	7	5	8	29	46	54	50	24	44	24	40	29	6	
33	50	16	11	31	39	16	35	57	38	41	7	4	49	28	11	6	55	27	13	40	40	32	25	39	17	38	2	57	29	27	33	34	20	46	4	11	1	26	34	19	47	40	37	3	6	45	13	16	53	
55	17	57	10	29	44	20	17	12	15	55	9	9	42	47	35	33	12	15	36	48	55	3	15	25	9	53	26	16	6	5	35	37	39	49	11	37	41	44	6	12	19	45	28	30	20	17	4	56	9	
36	28	58	15	5	2	42	30	8	46	55	27	13	5	57	40	21	6	23	29	48	51	15	34	34	47	42	12	31	23	58	22	59	24	52	50	40	56	11	8	17	40	53	31	3	50	27	50	31	31	
51	3	35	10	32	40	56	13	1	2	6	36	44	3	2	8	35	31	32	0	10	28	12	56	3	43	56	36	54	55	17	7	53	29	38	38	49	45	54	31	32	13	17	19	30	0	7	56	6	55	
26	48	57	24	50	4	27	51	27	41	15	30	25	53	6	24	49	34	0	46	8	28	9	10	33	28	7	30	40	5	49	10	54	26	41	54	29	23	28	22	44	14	10	27	17	6	53	27	27	20	
22	6	2	8	55	49	17	43	44	3	11	23	29	43	59	20	22	44	31	6	18	49	13	28	55	18	31	49	46	19	36	58	55	48	56	20	43	29	46	48	38	29	22	12	17	19	26	40	40	20	
50	7	46	52	23	41	37	43	1	51	38	20	9	45	30	14	2	15	7	0	16	58	34	15	27	23	53	13	50	15	34	33	19	18	42	2	36	6	6	35	57	59	7	25	38	57	41	56	24	2	
22	47	26	59	39	17	0	29	33	43	4	41	14	24	7	14	41	16	32	39	20	24	41	5	3	3	18	38	26	52	58	36	24	9	20	45	4	31	3	24	26	35	43	30	58	35	16	19	56	18	
43	36	7	32	51	38	10	34	25	32	34	51	32	9	33	44	39	49	36	54	31	44	31	49	20	34	31	11	48	33	29	39	47	52	41	26	17	5	58	34	0	47	20	38	38	38	54	48	59	15	
36	12	39	28	32	14	58	5	48	41	42	26	19	4	7	5	12	14	18	18	17	26	23	39	46	16	0	50	14	19	3	35	4	31	17	24	26	42	38	11	54	8	33	11	18	37	1	21	10	41	
14	2	31	38	53	19	34	53	34	34	2	11	0	5	31	18	0	4	32	45	36	39	10	4	55	42	26	49	29	42	13	37	16	57	2	12	3	57	9	37	48	9	0	12	29	53	47	33	8	45	
26	30	59	11	10	25	59	58	48	17	8	42	13	12	10	37	8	54	24	39	11	0	46	0	42	39	59	3	2	36	37	43	36	14	7	1	42	51	48	48	11	1	10	15	40	36	55	49	44	28	
53	39	12	10	29	37	8	52	49	31	9	31	22	5	47	28	49	22	32	23	36	39	32	16	58	51	44	15	23	58	26	8	49	19	55	8	27	31	28	15	4	1	51	15	21	43	22	33	21	31	
6	16	54	39	53	43	40	15	2	8	34	46	11	40	5	52	49	21	17	31	48	39	11	52	42	38	25	10	21	49	6	54	57	37	18	57	32	50	29	47	50	43	36	0	26	44	4	42	58	56	
27	32	35	29	27	5	48	42	38	17	29	4	24	16	37	12	27	33	53	16	17	3	32	21	33	45	11	6	31	41	42	3	22	23	5	33	27	41	58	54	20	44	16	1	49	49	26	36	7	25	
6	38	11	18	39	56	9	0	18	27	13	45	52	50	8	26	15	14	16	14	56	50	39	16	57	16	26	33	11	26	25	3	41	27	48	54	1	2	24	34	52	58	59	22	2	35	31	16	8	13	
14	25	2	50	15	56	45	3	25	11	5	36	9	47	13	17	59	2	24	38	38	6	16	17	25	36	50	7	1	30	56	53	28	22	47	59	36	5	42	4	26	5	56	28	11	40	14	54	21	33	
52	40	7	28	22	13	2	38	9	51	44	43	16	0	10	53	52	19	6	54	38	44	16	14	24	32	15	38	45	58	29	45	43	8	23	41	51	54	14	42	34	54	46	36	18	11	53	6	1	12	
45	48	56	10	24	9	52	6	33	58	21	6	40	0	51	46	26	44	50	55	38	22	59	48	5	48	0	25	49	17	26	13	34	18	41	43	6	23	10	41	5	59	50	50	9	51	37	43	40	26	
19	9	18	20	58	45	47	7	34	0	9	50	34	10	19	52	39	47	52	45	12	2	31	10	52	22	1	14	45	45	2	50	38	11	5	54	28	41	26	2	2	41	50	20	11	55	25	35	5	17	
33	21	11	19	59	22	28	57	27	5	55	30	6	57	56	35	44	5	41	57	36	12	42	55	51	33	39	5	56	38	31	10	59	0	38	53	37	11	17	12	24	44	50	45	17	25	24	34	50	37	
28	27	31	13	37	16	52	31	31	10	25	29	14	30	42	34	55	25	54	34	48	54	24	55	48	30	55	25	18	27	20	30	31	13	58	18	28	37	51	35	42	32	10	9	1	48	55	59	52	46	
48	26	27	40	38	22	31	5	25	34	51	44	5	32	0	22	4	59	38	1	33	54	10	37	20	46	16	5	46	3	58	48	16	4	16	42	54	13	20	3	13	26	41	18	46	35	52	54	43	7	
35	26	9	2	45	35	16	19	36	25	46	46	17	51	2	15	18	35	29	47	22	14	45	21	7	8	14	46	10	33	14	14	23	53	17	4	44	42	0	32	19	55	43	19	12	3	51	19	26	16	
51	2	31	56	7	22	46	20	54	43	20	24	29	4	11	33	17	44	51	28	42	57	43	48	10	28	57	25	49	25	30	57	15	36	29	28	36	13	36	43	49	48	8	21	8	14	53	3	46	14	
5	50	16	27	12	48	47	11	54	23	37	16	12	22	38	18	5	54	21	39	40	36	4	51	55	58	15	12	32	39	31	9	48	33	16	30	40	42	53	29	44	51	56	29	48	6	55	41	58	26	
52	3	54	57	7	34	21	18	9	53	9	44	41	7	22	0	0	52	9	15	21	23	18	56	48	11	52	9	51	47	42	48	15	25	2	55	57	6	5	57	4	13	58	35	20	10	56	39	34	0	
58	42	26	59	46	10	59	6	10	13	17	5	23	57	45	42	53	45	26	19	49	7	51	37	46	16	39	12	1	58	8	35	36	17	21	42	50	17	35	27	49	8	34	51	46	43	37	54	54	16	
