24	26	24	2	3	43	8	47	16	23	47	13	30	36	
28	1	4	47	34	44	23	3	49	21	48	37	8	24	
37	23	10	12	21	2	30	49	16	47	41	48	18	24	
41	5	27	6	15	42	10	18	40	27	38	35	27	47	
42	35	49	37	45	8	5	4	38	49	4	9	3	16	
17	34	33	29	13	24	13	47	29	38	33	17	20	46	
48	16	33	15	9	3	32	28	34	33	4	16	30	0	
13	20	14	4	46	38	29	1	41	29	14	14	46	16	
47	36	1	33	17	33	40	3	46	15	18	27	20	21	
30	28	44	45	23	21	47	38	14	2	16	44	23	46	
10	43	30	35	31	10	41	28	5	41	33	14	33	13	
18	31	15	33	38	37	39	3	22	23	26	34	6	24	
21	34	45	35	5	11	25	34	29	14	10	30	48	26	
39	49	23	43	4	5	7	33	32	34	18	41	23	8	
41	22	1	11	27	37	36	16	30	43	31	24	24	38	
5	31	0	11	38	35	12	23	16	31	9	0	10	46	
16	44	16	48	44	28	27	34	34	47	37	30	37	26	
49	15	46	12	11	25	13	42	30	29	23	31	42	13	
11	22	15	13	14	47	47	25	33	48	48	46	38	35	
2	19	11	1	20	27	40	43	16	46	39	44	4	33	
45	42	1	47	46	45	6	30	46	32	27	23	18	47	
27	0	20	29	17	29	6	43	10	37	24	1	38	37	
16	25	25	41	31	42	8	43	2	39	41	34	30	44	
43	37	33	31	47	26	14	49	9	15	34	20	23	30	
3	42	5	30	20	21	23	36	37	11	25	12	6	28	
45	29	9	5	1	43	34	15	12	6	30	27	5	3	
46	5	45	47	24	2	36	29	2	45	48	19	41	13	
45	12	48	47	3	16	39	15	21	37	39	46	27	19	
3	35	45	39	22	41	40	26	34	25	8	5	42	41	
37	3	28	36	34	41	41	24	19	40	8	46	30	32	
49	31	33	22	9	44	3	32	36	32	22	20	46	5	
21	14	1	27	23	19	25	5	28	10	12	36	44	9	
9	7	38	34	20	17	38	14	39	40	33	2	32	32	
8	10	23	24	39	4	17	0	28	3	8	34	0	49	
9	28	14	30	16	28	14	14	21	28	40	22	3	19	
42	15	41	44	31	48	8	35	25	49	13	33	3	26	
25	1	44	2	23	23	7	36	30	44	18	12	27	13	
2	24	49	45	1	26	40	48	11	41	5	4	36	0	
3	28	15	33	25	16	9	42	17	30	19	21	32	4	
36	42	42	19	25	5	32	40	12	1	7	5	28	26	
34	3	28	24	41	7	30	6	41	48	7	41	45	1	
46	16	3	45	21	26	45	17	11	34	38	25	9	6	
40	10	35	16	44	47	3	14	41	16	10	29	30	37	
22	9	15	45	38	18	48	20	20	38	33	28	33	33	
29	0	32	25	25	21	5	15	43	41	39	32	32	32	
6	45	10	12	49	11	14	15	26	16	32	35	39	49	
32	48	46	17	36	27	38	31	18	27	39	16	3	15	
41	28	22	42	41	6	4	12	31	39	39	28	5	26	
34	29	6	10	42	2	44	25	20	46	12	9	46	6	
17	5	11	28	40	30	4	18	11	24	8	44	10	49	
40	39	25	6	5	28	36	37	3	5	17	15	30	1	
32	14	26	0	31	37	49	8	4	19	37	42	41	45	
27	49	0	44	13	16	26	46	36	38	29	12	35	34	
6	17	49	46	37	32	18	7	24	49	0	0	49	34	
1	17	4	35	9	25	14	24	20	12	10	31	46	48	
16	47	30	6	48	32	47	0	35	38	23	27	29	21	
33	8	16	44	23	15	44	6	35	15	0	43	30	20	
33	27	24	42	3	26	6	44	33	40	46	13	18	49	
36	7	30	3	41	5	39	3	43	33	17	32	20	47	
14	32	13	5	43	48	31	21	48	44	4	14	40	30	
25	43	33	19	27	23	1	15	33	16	44	43	43	12	
40	45	13	25	17	13	10	0	35	33	18	44	46	15	
45	13	32	4	6	12	40	36	47	2	17	37	24	35	
21	20	15	28	34	13	49	33	16	42	27	29	16	19	
9	41	45	18	19	2	39	12	49	32	28	18	36	9	
5	25	10	6	44	14	47	12	3	5	19	10	11	47	
19	15	0	13	23	16	20	15	21	5	5	37	31	46	
37	43	26	43	9	43	17	3	47	36	40	47	3	8	
26	0	40	33	16	26	5	18	44	42	24	34	7	2	
13	32	12	46	9	36	45	1	2	45	21	0	12	29	
42	42	25	38	17	42	6	30	10	40	34	0	14	43	
1	17	24	28	12	11	3	42	23	2	5	41	11	29	
38	4	9	31	34	2	42	28	43	43	6	40	49	45	
36	11	16	9	17	28	38	41	2	3	21	34	40	49	
48	20	20	39	49	41	44	32	11	36	11	42	11	28	
26	30	45	37	38	10	0	14	28	42	34	14	1	3	
41	14	40	8	28	21	18	1	35	21	19	40	13	17	
34	33	48	30	44	42	30	17	28	27	34	2	37	18	
36	20	22	39	32	28	19	14	39	19	1	47	45	43	
26	43	17	11	35	4	10	49	2	32	30	41	14	0	
45	33	49	34	30	24	34	32	45	15	16	8	49	21	
25	26	37	3	36	34	26	37	43	2	14	10	37	23	
39	10	7	19	6	47	24	30	8	30	36	27	34	11	
27	4	20	5	24	40	36	0	7	21	2	14	27	9	
44	41	32	15	5	11	42	13	42	39	8	22	28	39	
6	11	35	34	25	0	20	48	6	45	18	49	21	16	
19	6	2	27	5	36	11	20	24	10	49	7	38	45	
39	32	30	43	30	7	8	16	22	30	41	3	39	6	
30	42	19	42	3	18	40	2	39	2	22	21	48	36	
12	0	17	45	2	33	24	44	37	5	11	25	36	7	
5	19	0	10	10	9	40	33	18	4	41	5	23	41	
9	34	30	19	12	16	24	28	30	48	44	8	18	15	
33	4	10	33	28	41	18	14	5	27	30	43	33	0	
8	32	15	6	15	33	6	19	26	32	31	27	47	29	
4	0	19	6	31	21	37	36	49	39	21	20	48	46	
37	49	3	30	48	19	49	42	41	37	5	11	49	43	
23	0	5	49	32	28	39	29	16	46	15	7	48	42	
1	46	4	37	29	21	28	10	3	37	42	21	9	38	
5	6	15	17	46	42	17	47	14	44	29	13	30	43	
18	38	18	15	11	30	10	17	15	27	9	33	31	44	
