87	102	145	141	132	114	75	68	41	33	3	94	7	134	126	62	96	87	
15	81	88	84	34	91	35	103	51	53	16	99	118	66	55	9	17	120	
55	132	104	123	56	24	18	26	110	51	49	17	0	51	112	25	111	79	
84	106	10	62	135	66	49	94	92	54	56	33	121	16	80	58	13	62	
62	91	15	34	19	123	68	15	125	111	78	52	74	13	90	64	128	0	
137	87	129	4	21	98	76	51	11	9	2	96	122	145	104	140	147	4	
126	31	117	35	129	41	11	64	78	86	63	128	102	93	50	117	55	9	
43	147	77	143	121	33	41	112	99	127	59	71	119	130	122	89	38	38	
128	21	115	31	37	19	11	21	146	124	48	47	75	126	144	31	4	127	
61	145	26	23	48	5	96	45	19	4	15	104	122	97	47	51	56	32	
40	81	100	89	141	20	31	126	100	0	96	61	104	136	137	123	41	109	
117	23	102	58	45	136	33	36	18	133	124	146	97	132	43	64	23	71	
127	35	26	129	62	39	57	16	91	22	1	85	140	123	118	96	104	20	
114	53	96	59	56	34	26	125	39	94	31	19	53	87	103	72	25	117	
109	19	121	2	7	63	88	52	6	138	100	7	113	103	76	94	94	31	
143	33	74	34	144	92	76	143	62	44	67	107	140	139	55	132	61	62	
35	75	91	6	23	96	79	17	144	129	123	77	113	82	14	44	39	123	
59	97	65	19	68	1	144	59	100	50	22	129	146	115	62	128	91	131	
81	130	44	96	126	30	100	6	43	81	59	124	85	32	136	78	108	106	
36	136	10	94	45	92	76	125	89	142	31	8	105	9	10	8	92	122	
133	104	88	57	62	84	8	64	38	98	93	63	37	97	89	114	52	131	
123	63	109	68	114	95	102	29	86	117	133	74	13	141	96	138	75	59	
104	136	92	148	147	73	11	18	32	69	138	74	81	47	140	36	19	10	
73	100	110	42	70	88	107	132	48	66	1	28	81	140	77	12	102	43	
81	54	144	147	113	34	91	61	78	68	60	71	136	3	110	99	69	71	
147	147	20	34	31	115	111	18	147	24	33	22	80	60	9	131	101	38	
88	113	28	8	142	104	95	33	134	88	38	79	72	58	16	50	148	15	
122	92	26	85	132	4	102	99	126	138	124	38	98	106	127	41	56	45	
111	98	118	38	105	12	10	130	97	45	26	7	51	139	65	70	101	143	
86	52	84	41	9	103	40	34	15	112	32	36	130	142	53	38	45	62	
10	137	145	102	101	84	141	70	131	19	50	102	29	37	15	106	98	48	
0	56	37	132	140	82	91	37	141	112	133	40	144	41	145	23	20	134	
83	64	137	88	83	130	129	43	67	112	134	2	134	17	26	32	36	48	
35	15	34	112	139	138	9	64	131	67	33	122	41	85	16	131	42	132	
56	123	1	100	123	82	5	75	77	111	75	79	62	15	91	88	5	54	
20	125	9	128	119	123	29	119	48	92	52	57	135	47	14	19	51	85	
3	1	18	9	118	66	47	24	96	109	135	20	111	59	87	88	10	18	
71	84	101	43	87	74	117	112	103	98	86	54	96	107	42	4	98	16	
47	93	123	42	106	83	90	27	54	79	128	121	138	130	45	86	84	94	
129	109	52	44	8	27	44	109	102	104	71	89	120	139	29	31	102	125	
69	81	56	13	67	95	128	140	138	135	38	123	49	66	41	7	110	46	
47	92	3	89	141	27	58	22	38	50	17	59	108	60	130	138	60	100	
36	87	38	20	8	107	108	105	42	92	16	73	41	142	44	135	3	133	
35	9	129	89	118	34	137	74	109	80	142	23	129	57	48	24	80	41	
3	12	45	8	147	92	102	56	131	50	109	34	53	78	79	28	131	108	
106	87	69	13	99	147	51	24	122	96	41	120	11	45	111	43	144	63	
20	37	131	67	53	76	99	57	31	52	96	23	43	97	75	31	55	74	
44	58	58	61	146	47	95	149	79	40	33	147	44	46	45	20	18	115	
38	126	148	142	125	118	143	37	66	3	126	126	135	80	118	72	25	49	
28	29	52	18	121	13	140	142	31	130	44	89	32	8	17	101	128	92	
31	57	29	19	90	88	9	148	29	2	106	8	53	37	57	146	81	15	
61	55	1	83	143	141	89	89	58	41	12	20	102	7	59	144	86	103	
82	66	90	124	91	113	79	36	119	49	102	50	41	101	14	77	21	26	
115	121	108	14	130	81	4	149	139	50	77	56	110	50	80	3	10	25	
146	104	37	13	126	54	98	110	50	24	73	103	43	30	133	23	11	118	
144	88	79	40	85	65	69	135	5	59	81	73	22	13	17	41	108	118	
55	124	147	60	52	111	58	90	80	9	89	8	67	45	93	60	53	63	
144	114	89	90	90	98	51	69	126	67	84	29	128	7	0	42	30	46	
10	97	38	139	106	74	74	51	5	111	48	132	39	139	103	87	69	130	
104	4	11	25	134	36	116	57	59	73	126	34	63	147	77	116	85	74	
61	20	93	55	83	145	139	0	51	126	83	58	21	100	96	96	14	145	
18	129	48	54	113	118	133	95	92	69	1	93	93	64	90	23	102	15	
38	143	98	138	101	105	80	88	111	5	140	10	149	35	19	0	38	145	
57	149	0	110	32	130	109	43	13	62	117	1	121	136	82	36	50	0	
46	72	16	136	105	124	48	49	65	139	10	87	51	91	0	55	50	101	
102	136	28	21	126	87	78	49	132	117	9	21	104	52	143	21	51	132	
148	118	4	112	137	5	29	130	31	134	88	59	72	74	102	10	28	132	
17	137	40	104	134	115	124	135	107	64	139	35	4	128	16	75	36	21	
58	68	72	126	112	11	83	26	120	98	146	128	146	89	144	62	49	58	
144	39	39	105	85	100	125	128	14	76	44	6	94	139	105	136	44	56	
46	111	27	32	145	75	105	44	10	18	111	100	140	66	102	38	147	109	
16	36	68	139	133	144	38	22	65	89	45	45	143	57	31	50	52	55	
68	45	99	149	53	148	125	69	28	98	120	47	102	92	19	91	121	114	
45	47	107	107	77	96	63	43	123	29	5	88	36	56	38	134	116	75	
65	104	109	44	48	33	91	71	98	35	77	97	142	63	76	7	65	140	
51	55	22	74	147	71	46	64	36	11	125	40	95	140	71	9	118	26	
124	113	138	4	131	7	146	110	108	148	75	1	32	92	46	4	8	71	
46	44	80	92	30	46	7	55	35	25	23	2	32	31	108	9	73	32	
11	91	132	59	81	76	81	75	34	26	146	27	142	106	36	32	89	33	
81	115	73	72	114	106	57	121	67	106	71	122	146	30	132	71	49	33	
118	149	80	91	5	43	130	61	42	97	147	127	141	72	102	77	134	145	
38	55	57	51	80	43	28	98	53	6	15	24	5	144	87	58	17	98	
143	106	110	45	91	114	76	5	20	51	117	137	61	114	89	105	49	103	
48	107	75	3	83	142	16	63	24	145	65	139	34	90	18	70	90	60	
107	19	83	126	10	45	1	112	61	147	72	80	85	124	131	51	80	134	
137	39	118	73	133	11	58	62	135	125	24	137	10	100	123	21	23	77	
149	26	64	76	30	42	52	42	121	43	149	6	124	137	67	46	83	11	
37	139	5	36	29	139	101	74	68	118	67	80	121	40	32	134	38	118	
4	40	81	102	25	73	81	21	20	104	143	36	69	113	20	47	132	65	
132	22	131	46	58	29	55	143	127	112	113	64	81	93	48	115	77	88	
41	22	140	104	133	127	46	145	85	124	26	148	100	95	47	41	114	20	
39	31	24	143	111	121	47	49	47	23	17	101	87	100	16	111	62	69	
137	90	43	34	51	63	107	77	72	62	94	15	133	87	96	53	140	55	
145	33	3	109	128	1	114	14	4	53	48	129	32	97	67	65	118	66	
84	27	21	130	103	60	101	88	5	87	86	118	35	19	80	31	103	133	
3	44	81	64	74	49	44	25	13	92	73	80	97	65	59	135	88	76	
92	81	89	24	76	71	11	65	81	52	102	123	70	64	109	132	77	95	
95	70	94	8	17	104	98	116	146	134	32	145	35	114	82	135	139	77	
119	114	87	54	34	34	29	15	39	131	21	128	95	123	10	22	103	48	
76	91	112	121	128	112	89	24	62	60	14	97	77	87	118	149	84	125	
