0:
54	29.798	47	58	47	57	47	55	47	52	48	48	50	44	52	39	54	34	56	30	59	27	63	25	66	24	69	24	71	25	72	27	72	30	71	33	69	37	66	40	62	42	57	44	51	46	44	49	37	52	30	54	24	55	19	55	15	54	12	52	10	49	9	45	8	42	6	40	3	39	0	39	-2	40	-4	42	-6	45	-7	48	-7	52	-6	57	-4	61	-1	64	3	67	8	69	14	70	20	70	26	69	32	68	37	66	41	64	44	61	46	59	47	58	47	58	
1:
53	2.444	38	22	39	21	41	20	44	19	47	18	51	18	56	17	60	15	63	14	65	14	66	14	66	15	65	17	63	20	62	24	60	29	59	34	59	39	60	43	62	46	63	50	63	55	62	59	60	62	57	64	53	65	49	65	46	64	43	62	40	60	36	57	31	53	26	49	21	46	16	44	12	43	9	43	6	44	4	46	3	47	2	47	2	46	3	44	5	41	8	37	12	33	17	29	23	26	28	24	32	22	35	21	37	21	38	22	38	22	
2:
60	173.485	52	6	53	6	55	6	58	6	62	7	66	9	69	12	71	16	72	21	73	27	73	34	72	41	72	47	71	52	69	56	66	59	62	61	58	62	54	62	51	61	49	59	46	56	42	54	38	53	33	51	27	49	22	48	17	47	13	47	10	48	8	50	7	53	6	57	6	60	5	62	3	63	0	63	-2	62	-3	60	-4	57	-4	53	-3	48	-1	44	2	41	6	39	11	38	17	38	24	37	31	37	37	36	42	34	46	31	50	27	53	24	55	20	56	16	56	12	55	9	53	7	52	6	52	6	
3:
59	57.212	22	42	22	43	21	45	21	48	20	52	18	55	15	59	11	62	7	64	4	65	2	65	1	64	1	62	2	60	4	59	7	59	11	60	16	62	22	65	29	68	36	71	43	73	50	74	56	74	61	73	65	71	68	68	70	66	71	63	71	59	70	54	68	48	65	43	61	38	56	33	50	29	45	24	40	18	36	13	33	9	31	6	30	4	30	2	31	0	33	-1	36	-1	38	0	40	2	41	5	42	9	42	14	41	20	39	26	36	31	32	35	28	38	25	40	23	41	22	42	22	42	
4:
53	24.615	62	8	63	9	65	10	66	12	66	15	65	19	63	24	60	28	56	33	53	39	51	46	50	52	50	57	51	61	53	64	56	66	58	68	59	69	59	69	58	68	56	66	53	63	49	59	44	54	39	48	35	41	32	35	30	30	28	26	25	23	21	20	17	18	12	17	8	16	5	14	3	11	2	9	2	8	3	8	5	9	8	11	12	12	17	12	22	12	28	12	35	11	41	11	47	12	52	12	56	12	59	11	61	9	62	8	62	8	
5:
51	6.514	7	51	8	50	10	50	13	51	17	53	21	55	26	58	32	61	39	63	45	65	51	66	56	66	60	65	63	63	65	61	67	60	68	60	68	59	67	57	65	55	62	53	58	50	55	47	51	43	48	38	46	33	45	29	45	26	46	23	48	19	49	16	49	13	48	11	46	10	43	10	39	10	35	11	32	13	30	16	28	20	27	24	27	29	27	33	26	38	24	42	21	46	17	49	13	51	10	52	8	52	7	51	7	51	
6:
54	5.567	4	41	4	40	4	38	5	35	5	31	6	28	7	25	7	23	6	21	5	18	4	14	4	11	5	8	7	6	10	5	14	5	18	6	23	8	27	10	30	13	32	17	33	22	33	28	32	33	30	37	29	40	29	42	30	43	32	43	35	42	39	41	44	41	48	41	52	41	55	42	57	44	58	47	58	51	57	56	55	60	52	63	48	65	43	66	38	66	33	65	27	63	21	60	16	57	12	53	9	50	7	47	5	44	4	42	4	41	4	41	
7:
54	240.69	45	19	44	18	42	17	39	17	35	18	31	20	26	22	20	25	15	29	11	32	8	34	6	35	5	35	5	34	6	33	8	32	11	32	15	33	20	34	24	36	27	38	29	41	31	45	32	49	32	52	31	55	31	57	32	58	34	58	37	57	41	55	45	52	49	48	54	43	58	37	61	30	63	24	64	19	64	15	63	11	61	8	59	6	58	5	58	5	59	6	59	8	58	11	57	15	55	18	52	20	50	21	48	21	46	20	45	19	45	19	
8:
54	88.991	32	27	33	27	35	26	38	24	41	22	44	19	48	17	53	16	58	16	64	17	69	19	73	22	76	26	78	31	79	37	79	43	78	49	76	54	73	58	69	61	66	63	62	64	57	64	52	63	48	61	45	58	43	54	40	49	37	43	35	37	34	31	34	26	35	20	36	15	36	11	35	8	33	6	30	5	26	5	21	5	17	6	14	6	12	5	11	4	11	4	12	5	14	7	17	10	21	14	25	18	28	21	30	24	31	26	32	27	32	27	
9:
47	9.276	66	59	66	58	65	56	65	53	66	49	66	45	66	42	65	40	63	39	60	39	56	40	52	40	49	39	47	38	46	37	45	37	44	38	42	40	39	43	35	46	31	49	26	51	21	52	16	52	12	51	9	49	7	46	5	43	4	41	3	40	3	40	4	41	6	43	9	46	13	49	17	53	22	57	27	60	33	62	39	64	45	65	51	65	56	64	60	62	63	60	65	59	66	59	66	59	
10:
57	63.008	31	60	32	59	34	58	37	56	40	53	44	49	49	46	55	44	60	43	64	43	67	43	69	44	70	46	70	49	69	53	68	57	66	60	63	62	59	63	56	63	54	62	53	60	53	57	53	53	52	48	50	42	49	37	47	31	46	26	45	22	45	19	46	17	47	16	47	16	46	17	44	19	41	22	37	24	32	25	27	25	23	24	20	22	16	21	12	21	9	22	7	24	6	27	6	31	7	36	9	40	12	44	16	48	21	52	25	55	28	57	30	59	31	60	31	60	
11:
53	14.121	65	34	66	33	67	31	67	28	67	25	66	22	64	20	61	19	57	19	52	20	47	21	43	22	40	22	37	21	35	19	34	16	34	13	34	11	34	10	34	10	33	11	31	13	28	15	24	17	21	20	19	23	18	27	18	31	19	35	21	39	24	42	28	46	33	51	39	56	44	60	48	63	51	65	53	66	54	66	55	65	55	63	54	62	52	60	50	58	49	55	49	51	50	46	52	42	55	39	59	37	62	36	64	35	65	34	65	34	
12:
55	2.812	67	0	66	-1	64	-1	61	-1	57	0	52	1	46	3	40	5	34	8	29	12	25	17	22	21	20	24	19	26	19	27	20	28	22	30	25	32	29	34	33	37	37	41	40	46	42	52	43	57	43	61	42	64	40	66	37	68	33	69	28	69	22	68	16	66	11	64	7	62	4	59	2	55	0	50	-1	44	-1	37	0	29	2	22	5	15	9	9	14	4	19	0	25	-3	32	-6	39	-8	46	-9	52	-9	57	-8	61	-6	64	-3	66	-1	67	0	67	0	
13:
56	38.708	32	55	33	56	35	58	38	61	41	63	45	65	50	67	55	68	59	68	62	68	64	67	65	65	65	62	65	58	64	53	62	47	60	40	59	33	59	27	60	22	61	18	61	15	60	13	58	12	56	12	55	13	53	15	50	18	48	22	46	27	45	33	45	40	44	47	42	53	40	58	37	62	33	65	30	67	26	68	21	68	17	67	14	65	12	62	11	58	11	54	12	50	14	47	17	45	21	44	25	44	28	45	30	47	32	50	33	52	33	54	32	55	32	55	
14:
53	3.071	35	18	36	19	37	20	39	20	42	19	44	17	45	14	47	10	48	7	48	4	47	2	45	1	42	1	38	2	33	4	27	7	21	11	16	16	11	22	7	29	4	36	2	43	1	49	1	54	2	59	4	63	7	66	11	68	16	69	20	69	25	68	31	66	36	64	41	63	47	63	53	63	58	64	62	66	65	67	67	67	68	66	68	64	67	61	65	57	62	52	58	46	53	39	49	33	45	28	41	24	38	21	36	19	35	18	35	18	
15:
53	33.397	1	24	0	25	-1	27	-2	30	-2	34	-1	38	1	41	4	43	8	44	13	46	19	49	25	51	32	52	40	52	47	51	53	50	58	50	62	51	65	52	67	53	68	53	68	52	67	50	65	47	63	43	61	38	59	32	57	27	56	23	56	19	57	16	58	14	60	12	62	11	63	11	63	12	63	14	62	17	60	19	58	21	55	22	51	22	47	21	42	19	36	17	29	16	22	16	16	17	11	19	7	21	4	23	2	24	1	24	1	24	
16:
54	4.759	25	50	24	49	23	47	21	46	18	44	14	42	10	41	6	41	3	42	1	44	0	47	0	51	1	54	3	56	6	58	10	59	15	60	21	61	28	61	34	62	41	63	47	64	52	64	56	63	59	62	61	60	62	57	62	53	61	48	59	42	56	35	54	27	53	20	53	14	52	9	50	5	47	2	43	0	38	-1	34	-1	29	0	25	2	22	5	20	9	19	14	19	20	20	27	22	33	24	38	26	42	27	45	27	47	26	49	25	50	25	50	
17:
58	46.039	54	42	53	42	52	43	50	45	47	46	43	46	40	45	38	43	37	40	37	36	38	32	40	29	43	27	46	26	50	26	53	25	55	24	56	22	56	19	55	16	53	13	51	11	48	10	45	10	43	11	41	13	38	16	34	20	29	25	23	29	17	33	12	38	8	44	5	49	3	54	2	60	2	65	3	70	5	74	8	77	12	79	17	80	22	80	28	79	35	77	42	74	48	70	53	65	57	60	60	56	62	53	63	49	63	46	62	44	60	42	57	41	55	41	54	42	54	42	
18:
57	41.157	68	64	67	63	65	61	62	58	59	54	55	50	50	45	45	39	41	33	36	28	30	23	24	19	18	16	13	14	9	11	6	8	4	5	3	3	3	2	4	2	6	3	9	5	13	8	18	10	24	11	31	11	37	10	43	10	48	11	52	12	55	14	57	16	58	18	58	20	57	22	55	23	52	25	48	28	43	32	39	37	35	41	32	45	30	48	29	50	29	53	30	57	32	62	35	66	39	69	44	71	50	72	55	72	59	71	62	69	65	67	67	65	68	64	68	64	
19:
59	18.266	62	67	62	66	61	64	61	61	62	57	63	52	63	46	63	39	64	31	66	24	67	17	67	11	67	6	66	2	64	-1	61	-3	57	-4	52	-4	46	-3	39	-1	32	2	26	6	20	10	15	15	11	20	8	24	6	28	5	31	5	33	6	34	8	34	11	33	15	31	19	30	23	30	26	31	28	33	29	36	29	40	28	45	26	50	23	55	20	59	18	62	17	64	17	65	18	67	20	69	23	70	27	70	31	69	36	69	41	68	47	68	52	68	56	67	59	66	61	66	62	67	62	67	
20:
61	165.554	69	62	68	61	66	60	63	60	59	59	55	57	52	54	50	50	49	45	49	39	49	32	49	25	50	19	51	14	51	9	50	5	48	2	45	0	42	-1	38	-1	35	0	32	2	30	5	29	8	28	11	26	13	23	14	19	14	15	13	12	13	8	14	5	15	3	17	2	18	2	19	3	21	5	23	8	24	12	25	15	26	18	28	21	31	23	35	24	39	24	44	23	50	22	55	22	59	23	62	25	64	28	66	32	67	37	67	43	66	49	66	54	67	59	67	63	66	66	65	68	63	69	62	69	62	
21:
51	7.452	58	56	57	55	56	54	54	53	51	53	47	54	42	56	37	59	32	61	28	62	25	62	23	61	21	59	20	56	20	52	21	48	23	43	25	37	26	30	28	24	29	18	29	13	28	9	26	6	23	4	19	3	15	2	11	2	6	3	1	5	-3	8	-6	12	-8	17	-9	23	-9	30	-8	37	-6	44	-3	50	0	55	4	59	9	62	15	64	22	65	30	66	37	66	43	65	48	64	52	62	55	59	57	57	58	56	58	56	
22:
57	45.09	61	10	60	11	60	13	59	16	59	20	59	25	58	30	56	36	54	42	53	48	53	54	54	59	56	63	58	66	60	68	61	69	63	69	64	68	64	66	63	63	61	59	58	54	54	50	50	47	45	45	39	44	34	44	30	44	27	45	25	45	23	44	22	43	22	41	23	38	23	34	22	29	20	23	17	17	13	12	10	8	8	5	7	2	7	0	8	-1	10	-1	13	0	17	2	22	5	28	9	34	12	40	14	46	15	51	15	55	14	58	12	60	11	61	10	61	10	
23:
46	13.178	32	6	31	7	29	9	26	12	22	16	17	20	12	23	8	25	5	26	3	26	2	25	2	25	3	25	5	26	8	28	12	31	17	35	22	40	26	46	29	51	32	56	34	60	35	63	35	65	34	67	32	68	29	68	26	67	23	67	20	68	16	68	12	67	9	65	7	62	6	58	6	53	7	47	9	40	12	33	16	27	21	21	25	16	28	12	30	9	31	7	32	6	32	6	
24:
57	79.91	43	16	44	15	46	14	49	14	53	14	56	15	58	17	59	19	59	22	59	26	58	29	56	31	53	33	49	35	44	36	38	38	31	39	25	39	19	39	14	39	10	40	7	42	5	45	4	48	4	52	5	56	7	59	9	61	12	62	16	62	21	61	27	59	32	58	38	57	44	57	50	56	55	54	59	51	62	47	65	42	67	36	68	29	69	22	69	16	68	11	66	7	63	4	59	2	56	1	52	1	48	2	45	4	43	7	42	10	42	13	43	15	43	16	43	16	
25:
52	1.458	14	38	15	38	17	38	18	37	20	36	21	34	21	31	20	27	19	22	17	17	16	12	16	8	17	5	19	3	22	1	26	0	31	0	37	1	43	3	48	6	52	10	55	15	57	20	58	26	58	32	57	37	55	41	52	44	50	47	49	51	49	54	50	56	52	57	53	59	53	61	52	64	50	67	47	69	43	71	38	72	33	72	29	71	26	69	24	66	23	62	23	58	23	53	22	48	20	44	17	41	15	39	14	38	14	38	
26:
60	255.792	65	36	66	35	67	33	69	30	71	26	72	23	72	21	71	19	69	18	66	18	62	19	57	21	52	24	46	28	41	31	37	33	32	34	28	34	25	34	22	34	20	35	19	37	19	40	19	44	19	48	20	53	22	57	24	60	26	62	27	63	27	63	26	62	24	60	21	57	18	53	15	49	13	44	12	38	11	31	11	24	12	18	14	13	17	9	21	6	24	4	26	3	27	3	27	4	28	6	30	9	33	13	36	18	40	22	45	25	50	28	55	30	59	32	62	34	64	35	65	36	65	36	
27:
50	11.768	43	34	44	33	46	31	48	28	50	24	52	20	53	15	53	10	53	5	52	1	50	-2	47	-4	43	-5	38	-5	33	-4	28	-2	24	1	21	5	19	9	18	12	18	14	19	15	21	15	24	15	26	16	27	17	27	19	26	21	24	24	22	28	20	32	19	36	19	39	20	41	22	43	25	44	28	44	32	44	37	44	42	45	46	47	49	48	51	48	52	47	52	45	51	43	49	40	46	37	44	35	43	34	43	34	
28:
52	14.106	51	43	52	42	52	40	51	37	51	33	51	28	52	22	52	17	51	12	49	8	46	4	42	1	38	-1	34	-2	29	-2	23	-1	18	1	13	4	7	8	2	13	-2	17	-5	22	-7	28	-8	34	-8	39	-7	43	-5	46	-2	48	2	49	7	49	12	48	16	46	19	43	21	39	22	34	23	29	23	25	22	22	22	20	23	18	25	17	28	17	31	18	35	19	40	21	44	24	47	28	49	33	51	37	52	40	52	42	51	43	51	43	
29:
54	41.504	37	2	36	3	34	5	31	8	28	12	25	17	21	22	18	28	15	33	13	37	12	41	12	44	13	46	15	47	18	47	21	46	25	44	30	42	36	40	41	38	46	37	50	37	53	38	55	40	56	43	56	47	55	50	53	52	50	54	46	55	41	55	36	56	30	58	25	61	19	63	14	64	9	64	5	63	2	61	0	58	-1	55	-1	51	0	46	2	40	4	33	7	27	11	21	16	16	22	12	27	8	31	5	34	3	36	2	37	2	37	2	
30:
61	24.207	30	26	29	25	27	24	24	22	22	20	21	17	21	13	22	9	22	6	21	4	19	3	16	2	13	2	11	3	10	5	10	8	10	12	10	17	9	23	7	30	6	38	6	45	5	51	4	56	4	60	5	63	7	65	10	66	12	66	13	65	14	63	16	60	19	57	23	55	28	54	33	54	39	55	46	56	54	56	61	55	67	53	72	50	76	46	79	41	81	35	82	29	82	23	81	18	79	14	76	11	72	9	67	8	61	8	56	9	50	11	45	13	40	16	36	20	33	23	31	25	30	26	30	26	
31:
58	73.164	54	37	53	38	51	39	48	41	44	44	40	46	35	49	29	53	23	56	17	58	12	60	8	61	5	61	3	60	2	58	2	55	3	53	5	51	8	49	12	47	16	45	19	42	22	39	24	35	26	30	27	24	28	19	28	15	27	12	26	10	26	9	27	9	29	10	32	12	35	15	37	19	39	23	40	27	40	32	40	38	40	45	41	51	43	56	46	60	50	63	55	65	59	66	62	66	64	65	65	63	66	60	66	56	65	52	63	47	60	43	57	40	55	38	54	37	54	37	
32:
54	165.695	5	5	4	6	4	8	4	11	5	15	5	20	5	26	6	32	8	39	11	45	15	50	19	54	23	57	28	60	33	62	39	63	44	63	48	63	51	62	54	60	57	59	61	59	64	59	66	58	67	56	67	53	66	49	64	45	61	40	57	34	53	27	50	21	48	16	47	11	47	7	48	4	50	2	52	1	53	1	54	2	54	3	53	3	51	2	48	1	44	1	39	1	33	1	26	1	20	2	15	3	11	5	8	6	6	6	5	5	5	5	
33:
59	22.569	12	27	13	26	15	26	18	26	20	27	21	29	21	31	21	34	22	38	24	41	27	43	31	44	36	44	42	43	48	42	54	42	59	43	63	45	66	47	68	48	69	48	69	47	68	45	66	42	64	38	61	35	57	31	53	26	50	22	48	18	47	15	47	11	48	8	50	6	53	5	55	5	56	5	56	6	55	8	53	10	50	12	46	13	41	13	35	12	28	10	22	7	17	5	13	3	10	2	7	2	5	3	4	5	4	8	5	12	7	17	9	21	11	24	12	26	12	27	12	27	
34:
50	8.368	32	32	33	33	35	33	38	32	42	32	47	31	51	29	54	26	57	23	61	21	64	20	66	20	67	21	67	23	67	26	66	30	64	35	61	41	57	46	52	51	46	55	39	58	32	60	26	61	21	61	16	60	12	58	9	55	7	51	5	46	4	40	4	33	5	26	7	20	9	15	10	11	10	8	11	6	13	5	16	5	18	6	19	8	19	10	20	13	22	17	25	22	28	26	30	29	31	31	32	32	32	32	
35:
54	5.815	44	49	45	50	47	52	50	55	54	59	58	62	62	64	65	65	67	65	68	64	68	62	67	60	65	57	64	53	64	48	65	42	66	36	66	31	65	27	63	24	60	21	56	19	51	18	45	17	38	15	32	12	27	8	23	4	20	1	17	-1	14	-2	11	-2	9	-1	8	1	8	4	9	7	11	11	14	15	16	18	17	20	17	23	16	26	15	30	15	35	16	40	18	44	21	47	25	50	30	52	34	53	38	53	41	52	43	50	44	49	44	49	
36:
61	59.604	66	62	65	61	63	59	60	56	58	52	57	47	57	41	58	34	60	27	61	21	62	16	62	12	61	9	59	7	56	6	52	6	47	7	41	8	34	10	26	13	19	17	13	22	8	27	4	31	1	34	-1	37	-2	40	-2	44	-1	48	1	52	4	56	8	59	13	61	19	62	25	62	30	61	34	59	37	56	39	52	40	48	40	44	39	41	37	39	34	38	30	38	27	39	25	41	24	44	24	48	25	52	27	56	30	59	34	62	39	64	45	65	51	65	56	66	60	66	63	65	65	63	66	62	66	62	
37:
60	13.441	66	3	65	4	65	6	65	9	66	13	66	18	65	24	63	29	60	33	58	36	57	38	55	39	52	39	49	38	47	36	45	33	43	29	40	24	36	20	31	16	26	12	22	8	17	5	13	3	9	2	6	2	4	3	3	5	2	8	2	12	3	17	3	23	2	30	1	38	1	45	1	51	1	56	1	60	2	64	4	67	7	69	11	70	16	70	22	69	29	67	37	64	45	60	52	55	58	51	63	47	67	42	70	36	72	30	73	24	73	18	72	13	71	9	69	6	67	4	66	3	66	3	
38:
52	6.073	1	14	2	13	4	11	7	10	11	10	16	11	21	12	25	14	28	17	30	21	31	26	31	32	30	38	28	45	25	51	23	56	22	60	22	63	22	65	23	66	25	66	28	65	32	63	37	60	43	57	49	54	54	52	58	51	61	50	63	49	65	47	66	44	66	40	65	37	63	34	60	32	56	31	51	31	45	32	38	33	31	35	24	36	18	36	13	35	9	33	6	31	4	28	3	24	3	20	3	17	2	15	1	14	1	14	
39:
52	1.169	67	63	68	62	70	60	72	57	73	53	74	48	74	42	73	35	71	29	68	23	64	18	59	13	53	9	46	6	40	4	34	2	29	1	23	1	18	1	14	2	11	4	9	7	8	11	8	14	9	18	11	21	12	23	12	24	11	24	9	25	7	27	5	29	3	32	2	35	1	38	1	42	2	47	4	52	7	56	11	59	16	61	22	64	28	66	35	69	42	71	48	72	53	72	57	71	61	69	64	66	66	64	67	63	67	63	
40:
61	11.153	19	39	20	38	22	37	25	37	29	37	32	38	34	40	37	43	41	47	45	50	48	54	50	58	51	61	51	63	50	65	48	67	46	68	45	68	45	67	46	65	48	62	51	58	53	53	54	47	54	40	54	33	53	27	52	21	52	16	53	12	55	9	58	7	61	6	63	4	64	1	64	-2	63	-4	61	-5	58	-5	54	-4	49	-4	43	-3	36	-1	29	1	23	4	17	8	12	13	8	19	5	26	3	32	2	37	2	41	3	44	5	46	7	47	9	47	11	46	14	44	16	42	18	40	19	39	19	39	
41:
63	77.44	4	59	4	58	5	56	6	53	8	49	11	44	15	38	20	33	26	29	33	25	39	22	45	20	50	19	54	18	57	16	59	13	60	9	60	4	59	0	57	-4	54	-7	50	-10	45	-12	39	-13	32	-13	25	-13	19	-12	14	-10	10	-7	7	-3	4	2	2	7	1	12	1	18	2	24	4	30	7	35	11	39	16	42	22	45	29	47	35	49	40	50	45	50	49	49	52	49	54	50	55	52	55	55	54	57	52	58	49	58	45	59	40	61	35	63	29	64	24	65	19	65	14	64	10	62	7	60	5	59	4	59	4	59	
42:
58	259.217	3	5	4	5	6	5	9	6	13	8	18	9	24	9	31	9	37	8	43	8	48	9	52	10	55	12	57	15	58	18	58	20	57	21	55	21	52	21	48	21	43	20	37	18	30	17	22	17	15	18	9	20	4	23	0	27	-3	32	-5	38	-6	44	-6	50	-5	55	-3	59	0	62	4	64	9	66	15	67	22	67	28	66	33	64	37	61	40	57	42	52	43	46	43	41	42	37	40	34	37	31	33	28	29	26	24	23	18	19	13	15	9	11	6	8	4	6	3	5	3	5	
43:
57	78.995	59	62	58	63	56	63	53	63	49	64	45	64	40	64	34	64	29	64	25	65	22	65	20	66	19	67	19	67	20	66	22	64	25	61	29	57	34	52	38	47	42	43	46	40	50	38	53	36	55	35	56	35	56	34	55	32	53	29	50	26	46	22	42	18	37	15	31	13	25	12	20	12	16	13	13	14	11	16	10	17	10	17	11	16	13	15	16	15	20	16	25	18	31	21	37	25	42	30	47	36	51	41	54	47	56	52	57	56	57	59	58	61	59	62	59	62	
44:
55	20.756	17	61	18	62	20	63	23	64	25	64	26	63	27	61	28	58	29	54	31	49	34	44	38	38	43	33	49	29	54	26	58	24	62	23	65	22	67	22	68	23	68	25	67	28	65	30	63	32	60	33	56	33	52	32	47	30	43	27	40	23	37	18	35	13	34	9	34	6	35	4	35	3	34	3	32	3	29	3	25	3	21	4	16	6	11	9	7	13	4	18	2	24	1	31	1	38	2	44	4	49	7	53	11	56	14	58	16	60	17	61	17	61	
45:
52	1.593	13	11	12	12	10	14	8	17	7	21	5	25	4	29	4	34	5	38	6	41	8	43	11	44	15	45	20	45	26	44	31	42	35	40	38	39	40	39	43	40	45	42	48	44	52	46	56	47	59	47	61	46	62	44	62	41	61	38	59	34	58	30	58	25	59	21	61	17	64	13	66	10	67	8	67	6	66	4	64	2	61	-1	57	-3	52	-4	47	-4	41	-3	34	-1	28	2	23	5	19	8	16	10	14	11	13	11	13	11	
46:
55	112.478	61	32	62	31	62	29	61	26	59	24	56	23	53	23	51	24	49	26	46	29	43	33	41	38	40	44	39	51	37	57	34	62	32	66	29	69	25	71	20	72	15	72	10	71	6	69	3	67	1	65	0	64	0	63	1	63	3	62	5	60	6	57	6	53	5	48	5	43	6	37	8	32	11	27	15	23	20	20	26	17	33	15	41	14	48	14	54	13	59	12	63	12	66	12	68	13	69	15	69	18	68	22	66	26	64	29	62	31	61	32	61	32	
47:
61	98.62	50	25	49	26	47	28	44	29	40	29	35	28	31	26	28	25	26	25	25	25	25	26	26	28	28	30	31	33	35	37	40	42	46	47	52	53	57	58	61	64	64	69	66	73	67	76	67	80	66	83	64	85	61	86	57	86	52	85	46	83	39	82	32	82	25	81	19	79	14	76	10	72	7	67	5	61	4	54	4	46	4	38	5	31	7	25	10	20	14	16	19	11	25	7	31	4	36	2	40	1	43	0	45	0	46	1	47	3	47	6	46	10	46	15	47	19	49	22	50	24	50	25	50	25	
48:
51	11.637	46	45	45	46	43	48	40	50	38	53	37	57	37	60	38	62	39	64	41	65	44	65	46	64	47	62	49	60	52	59	55	59	57	58	58	56	58	53	59	49	60	44	60	38	59	33	57	29	54	25	50	21	45	18	39	16	32	15	26	15	21	16	16	18	12	21	9	25	6	30	4	36	3	42	3	47	4	51	6	54	9	56	13	57	18	57	24	56	29	54	33	51	36	48	40	46	43	45	45	45	46	45	46	45	
49:
50	34.697	3	67	3	66	2	64	2	61	1	57	1	54	2	50	4	47	6	45	9	44	13	44	18	45	22	46	25	46	28	45	30	43	32	41	33	39	33	36	32	32	32	27	33	22	35	18	37	15	40	13	44	12	48	12	51	13	53	15	55	18	56	22	56	27	55	32	55	38	56	43	56	47	55	50	53	52	50	54	46	55	41	55	36	54	30	54	24	55	18	56	13	58	9	61	6	64	4	66	3	67	3	67	
50:
50	38.432	65	50	64	51	63	53	61	56	60	59	58	63	55	66	51	68	46	69	40	69	34	68	29	66	25	63	22	59	20	54	19	48	19	41	20	35	22	29	25	24	29	20	34	17	39	15	43	12	46	9	48	6	49	4	50	3	51	3	51	4	52	6	52	9	51	13	49	16	46	19	43	21	40	24	38	26	37	29	37	33	38	36	40	38	43	41	47	45	52	48	56	50	59	51	62	51	64	51	65	50	65	50	
51:
48	7.071	41	57	40	57	39	58	37	58	34	59	31	59	29	59	28	60	27	62	25	63	23	63	21	62	19	60	17	58	16	55	16	52	17	48	19	44	22	40	26	36	30	31	34	27	37	22	39	18	41	15	43	13	45	12	48	12	52	13	55	15	59	18	62	22	64	27	65	33	67	40	68	46	68	51	67	56	65	60	62	63	58	65	53	66	49	66	46	65	44	63	42	60	41	58	41	57	41	57	
52:
57	30.965	24	31	25	30	27	29	30	27	33	24	36	20	39	15	43	11	47	8	52	5	58	3	63	2	67	2	70	3	72	5	73	8	73	12	72	17	70	23	67	29	63	35	58	40	52	45	45	50	37	55	30	59	24	62	19	64	15	65	12	65	10	64	9	62	9	60	10	58	12	55	15	51	19	46	23	40	26	33	28	26	29	20	29	15	29	11	28	8	27	6	26	5	24	5	23	6	21	8	20	11	19	15	18	20	18	24	19	27	21	29	23	30	24	31	24	31	
53:
58	64.299	32	5	31	5	29	6	26	8	23	11	19	13	16	16	14	20	11	25	8	31	5	38	3	45	2	51	2	56	3	60	3	63	4	65	4	66	4	66	5	65	7	63	10	60	14	56	17	51	19	46	20	41	22	37	25	34	29	32	34	31	40	31	45	32	49	34	52	37	54	41	56	46	57	52	57	57	57	61	57	64	56	66	54	67	51	67	48	66	45	64	42	61	38	57	35	52	33	46	32	40	32	33	33	26	35	20	36	15	36	11	35	8	33	6	32	5	32	5	
54:
57	60.423	52	3	51	4	49	6	48	9	48	13	49	18	51	23	54	29	58	36	62	42	65	48	67	53	68	57	68	61	67	64	65	66	62	67	58	68	53	68	47	67	40	67	34	68	29	69	25	70	22	70	20	69	19	67	19	64	20	60	22	55	25	49	28	44	31	38	33	33	34	28	34	24	33	21	31	19	28	18	24	18	20	17	17	17	15	17	14	18	14	18	15	18	17	17	19	15	22	12	26	8	31	5	37	3	42	2	46	2	49	3	51	3	52	3	52	3	
55:
56	11.0	33	64	34	63	34	61	33	60	31	60	28	61	24	61	20	60	17	58	15	55	13	52	12	48	12	43	11	37	9	30	6	24	3	19	1	13	0	8	0	4	1	1	3	-1	6	-2	9	-2	12	-1	16	1	19	4	23	8	27	11	30	13	32	14	33	14	33	13	33	11	34	8	36	6	39	5	43	5	48	4	52	4	55	5	57	7	59	10	61	14	62	19	62	24	61	29	59	34	56	39	52	45	47	50	43	54	39	58	36	61	34	63	33	64	33	64	
56:
49	9.545	8	55	7	54	6	52	6	49	7	45	9	40	12	34	16	29	21	25	27	22	34	19	41	17	47	14	52	10	56	7	59	5	61	4	63	4	65	5	66	7	66	10	67	14	68	19	68	24	67	28	65	31	63	33	60	34	58	34	55	33	51	31	46	30	41	30	37	31	33	33	30	36	26	40	22	45	19	49	16	52	14	55	12	58	11	60	10	61	8	61	7	60	7	58	7	56	8	55	8	55	
57:
52	20.049	11	63	12	62	13	60	14	57	15	53	15	49	14	44	12	40	11	37	11	35	12	33	14	30	17	27	21	23	26	19	32	16	37	14	41	13	44	13	46	14	47	16	47	19	46	23	46	28	47	34	49	40	51	46	52	52	54	57	55	61	55	64	56	66	58	67	61	67	63	66	64	64	65	61	65	58	64	55	62	52	59	50	55	49	50	48	44	48	38	48	32	49	26	51	21	54	17	57	14	60	12	62	11	63	11	63	
58:
57	21.473	50	48	51	49	52	51	53	52	53	52	52	51	52	49	52	46	53	42	55	37	58	31	62	25	65	20	67	16	68	12	68	9	67	7	65	6	62	5	58	4	53	2	49	-1	44	-3	39	-4	35	-4	31	-3	28	-1	26	2	25	6	25	11	25	16	26	22	26	28	26	35	25	41	23	46	20	50	16	53	11	55	7	56	4	56	2	55	1	54	1	52	2	49	4	46	7	42	11	39	16	37	22	36	29	36	35	37	40	39	44	42	47	45	49	47	50	48	50	48	
59:
48	1.018	30	23	30	22	31	20	31	17	30	14	29	12	27	11	24	11	20	12	15	13	11	15	8	18	6	22	5	26	5	30	6	34	8	39	10	45	12	51	13	56	15	60	18	63	22	65	25	66	27	68	28	69	30	69	33	68	37	67	42	65	48	62	53	58	57	53	60	47	62	41	63	35	63	30	62	26	60	22	57	19	53	17	48	16	44	16	40	17	36	19	33	20	31	22	30	23	30	23	
60:
52	4.827	17	48	18	49	19	51	20	53	21	56	21	60	20	63	20	66	21	68	23	69	26	69	30	68	34	66	37	63	39	59	42	54	46	48	50	42	53	37	57	33	61	28	64	24	66	21	67	19	67	18	66	18	64	17	62	15	59	12	55	8	52	4	48	1	44	-1	39	-2	33	-2	26	-1	20	1	15	4	11	7	8	10	6	13	5	16	5	19	6	23	8	26	11	29	14	33	16	38	17	42	17	45	17	47	17	48	17	48	
61:
61	160.56	69	29	68	28	66	27	63	26	59	26	54	25	48	25	43	26	37	27	31	29	25	32	20	36	15	40	11	45	8	51	6	56	5	60	5	63	6	65	8	66	11	68	15	69	19	69	24	68	30	67	37	66	43	66	49	67	54	67	59	66	63	64	66	61	68	58	69	56	69	55	68	55	66	55	63	55	60	54	56	52	52	49	48	47	43	44	39	40	36	36	34	31	33	26	33	21	34	17	36	14	39	12	43	11	48	11	54	12	59	14	63	17	66	21	68	24	69	26	69	28	69	29	69	29	
62:
57	106.311	45	58	46	59	46	61	45	63	43	66	40	68	36	69	31	69	27	68	23	66	20	64	18	61	17	57	17	54	18	52	20	49	23	46	27	42	32	39	38	37	44	36	49	36	53	37	56	38	58	38	59	37	59	35	58	32	56	28	53	23	49	18	45	13	42	9	39	5	36	2	32	0	27	-1	23	-1	20	0	18	2	17	5	17	7	18	9	20	10	23	11	25	13	28	16	30	20	32	25	35	31	38	37	40	43	42	48	43	52	44	55	44	57	45	58	45	58	
63:
53	13.073	26	67	27	67	29	68	32	68	36	67	40	65	44	62	47	58	49	54	52	51	55	49	58	48	60	48	61	48	61	47	62	45	64	42	67	38	69	33	70	27	70	22	69	18	67	15	65	13	62	12	58	11	53	10	47	10	40	11	34	13	29	15	25	16	22	18	20	19	19	19	19	20	20	22	22	24	25	27	29	29	33	31	36	32	39	34	41	37	42	41	42	45	41	49	39	53	36	57	32	61	29	64	27	66	26	67	26	67	
64:
59	12.333	41	21	42	22	44	24	46	25	49	26	53	26	57	25	60	25	62	26	63	28	63	31	62	35	60	40	58	46	55	51	51	56	48	60	46	63	45	65	44	66	42	66	41	65	40	63	38	61	37	60	37	59	36	59	35	60	33	62	30	65	26	67	21	68	15	68	10	68	6	67	3	65	1	62	0	58	0	53	1	47	3	40	6	32	10	25	15	19	20	14	24	10	27	7	29	4	30	2	30	1	29	1	29	2	29	4	30	7	32	11	35	15	38	18	40	20	41	21	41	21	
65:
51	5.915	64	69	63	70	61	70	58	69	54	68	49	66	45	64	42	61	40	59	39	57	39	54	40	52	41	51	42	51	42	52	41	54	39	56	36	59	32	62	27	64	21	65	15	65	10	64	6	63	3	62	1	60	0	58	0	57	1	56	3	54	6	51	8	47	10	42	11	37	12	33	14	30	16	28	19	27	23	27	28	28	34	30	40	33	46	37	51	42	55	48	59	54	62	59	64	63	65	66	65	68	64	69	64	69	
66:
61	55.605	1	28	0	27	-1	25	-1	22	0	18	1	15	3	11	6	6	10	2	15	-1	21	-3	28	-5	35	-6	41	-6	46	-5	50	-3	53	0	56	4	58	9	61	14	65	20	68	26	70	33	71	41	71	48	70	54	68	59	65	63	61	66	56	68	50	69	43	69	35	69	28	69	22	70	17	70	13	69	10	68	8	67	7	66	7	64	8	62	10	59	13	55	17	51	21	48	24	46	26	45	28	45	29	46	29	47	28	47	26	46	23	44	20	41	16	38	11	35	7	33	4	31	2	29	1	28	1	28	
67:
54	83.723	52	58	53	57	54	55	54	52	53	48	52	45	51	42	49	39	46	37	42	36	39	36	37	37	36	39	35	42	34	46	34	49	34	53	33	56	31	58	28	59	24	60	19	61	13	61	7	62	2	62	-2	61	-5	59	-7	56	-8	52	-8	47	-7	41	-5	36	-3	32	0	29	3	27	5	26	6	26	6	27	5	28	4	30	4	33	5	37	7	42	10	47	14	51	19	55	25	58	31	60	37	61	42	62	46	62	49	61	51	59	52	58	52	58	
68:
54	32.491	39	31	38	30	36	28	33	25	29	21	24	17	19	14	15	12	12	11	9	11	7	11	6	12	6	14	7	17	9	19	11	21	12	24	12	28	13	33	15	39	18	45	22	50	27	54	33	57	38	59	42	60	45	60	47	59	49	57	52	54	54	50	56	45	57	39	57	32	56	25	54	19	52	14	51	9	51	5	52	2	54	0	57	-1	59	-1	60	0	60	2	59	4	58	7	56	11	53	16	49	21	45	25	42	28	40	30	39	31	39	31	
69:
60	41.279	4	69	3	68	1	66	0	63	0	59	1	54	3	50	6	45	10	40	13	34	15	28	16	23	16	19	15	16	13	14	12	13	10	13	7	14	5	15	4	17	4	20	5	24	7	29	9	35	11	40	14	45	18	49	23	52	29	54	35	55	40	55	44	54	48	52	52	49	57	45	61	40	64	34	66	27	67	21	68	16	68	12	67	9	66	7	64	6	61	6	59	7	58	9	56	12	53	16	49	21	44	27	38	34	31	41	25	48	19	54	14	59	10	63	7	66	5	68	4	69	4	69	
70:
59	195.411	41	24	40	25	38	27	37	30	36	34	36	39	36	43	37	46	39	48	41	49	42	50	42	51	41	51	39	50	36	50	32	51	27	52	21	53	16	53	11	52	7	50	4	49	2	47	1	45	1	44	2	44	4	45	7	45	9	44	11	42	12	39	12	35	11	31	10	27	10	23	11	20	13	18	16	17	20	17	25	18	31	19	38	19	45	20	51	20	56	20	60	19	63	17	65	14	66	11	66	9	65	8	63	8	60	9	56	11	51	14	47	18	44	21	42	23	41	24	41	24	
71:
64	87.729	40	69	39	70	37	71	34	71	30	70	26	68	22	65	19	62	17	58	16	53	16	47	17	42	19	37	22	32	26	27	30	23	35	18	41	14	46	11	50	9	53	8	55	8	56	9	56	9	55	8	53	6	50	3	46	1	41	-1	35	-2	30	-2	26	-1	23	1	20	4	18	8	17	13	16	19	16	26	16	32	17	37	19	42	21	46	24	49	28	51	33	52	39	52	46	52	52	52	57	53	61	54	64	56	66	59	67	61	67	64	66	68	64	71	62	73	59	74	55	75	50	75	46	74	43	72	41	70	40	69	40	69	
72:
63	222.5	57	67	57	66	56	64	56	61	57	57	59	53	62	48	65	42	67	37	68	32	68	28	67	25	65	23	62	22	58	22	54	22	49	23	43	25	36	28	30	32	25	37	21	43	17	48	13	54	10	59	8	63	7	66	7	68	8	69	10	69	11	68	13	66	15	63	16	59	16	54	15	48	13	41	11	33	10	26	9	20	9	14	9	9	8	5	6	2	4	0	2	-1	1	-1	1	0	2	2	4	5	7	9	11	14	16	20	22	26	29	32	35	39	40	46	44	52	47	57	51	61	54	64	56	66	57	67	57	67	
73:
56	60.515	62	58	63	57	64	55	65	53	65	52	64	52	62	53	60	55	57	58	53	61	48	63	42	65	35	66	28	66	22	65	17	63	12	60	8	56	5	52	3	49	2	47	2	46	3	45	5	44	8	42	12	39	16	35	19	30	21	24	24	19	26	15	27	12	27	10	26	9	24	9	22	8	21	6	21	3	22	1	24	0	27	0	30	1	34	3	37	6	39	10	42	15	45	21	47	27	49	33	50	39	51	44	53	48	56	52	59	55	61	57	62	58	62	58	
74:
53	7.898	55	68	54	67	52	66	49	65	46	63	42	60	37	56	31	53	25	50	18	48	12	46	7	44	2	41	-2	37	-5	32	-7	26	-8	19	-8	13	-7	8	-5	4	-2	1	2	-1	7	-2	13	-2	20	-1	28	1	36	4	43	8	49	12	54	17	58	22	61	26	63	29	64	32	64	34	63	35	61	35	58	35	54	34	50	33	46	33	43	34	41	36	40	39	40	43	41	48	43	52	46	55	49	59	52	62	54	65	55	67	55	68	55	68	
75:
56	12.811	37	68	36	67	34	65	33	62	33	58	34	53	35	47	37	42	40	38	42	35	43	33	43	32	42	32	40	33	37	34	33	36	30	39	27	43	24	46	22	50	19	54	15	58	10	61	6	63	3	64	1	64	0	63	0	61	1	58	3	54	5	49	7	43	9	36	12	30	16	25	21	21	25	18	29	16	34	15	40	15	46	16	51	18	55	21	58	25	60	30	61	36	61	42	60	48	58	54	55	59	51	63	47	66	43	68	40	69	38	69	37	68	37	68	
76:
52	4.146	65	3	64	4	62	6	59	9	55	13	50	16	45	18	39	19	34	20	30	20	26	19	23	17	21	16	20	14	20	13	19	13	17	14	14	14	10	14	7	15	5	17	3	20	2	24	2	28	3	33	5	39	8	44	12	48	17	51	22	53	28	54	34	54	41	53	47	52	52	52	56	53	59	54	62	54	65	53	67	51	69	48	70	44	70	39	69	33	67	26	64	20	62	15	61	11	61	8	62	6	64	4	65	3	65	3	
77:
55	11.915	39	42	38	41	37	39	35	36	34	33	34	30	35	28	37	27	38	25	38	22	37	18	36	14	34	11	31	9	27	7	22	6	18	6	14	7	11	9	9	12	8	16	8	20	9	25	11	31	13	37	16	44	20	50	25	55	31	59	38	62	44	64	49	65	53	65	56	64	58	62	59	59	59	56	60	52	60	47	60	43	60	38	60	33	61	29	63	26	64	24	64	23	63	23	61	24	58	26	54	29	49	32	45	36	42	39	40	41	39	42	39	42	
78:
55	16.384	68	30	69	31	71	33	73	36	76	40	78	45	79	50	79	54	78	57	76	59	74	61	72	62	69	62	65	61	60	59	54	58	47	58	40	58	34	57	29	55	25	53	22	51	20	50	18	50	17	51	17	53	18	56	18	59	17	61	15	62	12	62	8	63	5	63	3	62	1	60	0	57	0	53	1	48	2	42	4	35	6	29	8	24	11	20	15	17	20	15	26	14	33	14	40	15	47	17	53	20	58	24	62	27	65	29	67	30	68	30	68	30	
79:
42	8.302	30	69	29	68	29	67	30	65	31	62	33	58	34	53	34	47	35	42	37	37	38	33	39	30	41	28	44	25	47	21	49	17	51	12	52	8	52	5	51	3	49	2	48	2	47	3	47	5	48	8	50	12	53	17	56	23	58	29	59	35	59	42	58	49	56	55	54	60	51	64	47	67	43	69	39	70	36	70	33	69	31	69	30	69	30	69	
80:
54	13.976	4	67	3	66	1	64	0	62	0	59	1	56	3	54	6	53	9	51	13	48	16	44	18	40	19	36	19	33	19	31	19	30	20	30	21	31	23	33	25	35	28	36	30	36	31	35	32	33	34	30	36	27	38	23	41	18	45	14	50	11	56	9	61	8	65	8	68	9	70	11	71	14	71	18	70	23	68	29	65	35	61	42	57	48	54	53	50	57	45	60	39	62	32	63	25	63	19	62	14	62	10	63	7	64	5	66	4	67	4	67	
81:
56	6.14	34	18	33	19	31	20	28	22	26	25	25	29	25	34	26	39	28	44	31	48	34	51	38	53	42	54	45	54	47	55	48	56	48	58	47	60	45	63	42	66	38	68	33	69	28	69	24	68	21	66	19	63	16	60	13	58	9	55	6	51	4	46	3	40	3	35	3	31	4	28	6	25	9	21	13	18	18	16	24	15	30	15	36	14	41	12	45	10	48	8	50	6	51	4	51	3	50	3	49	4	47	6	44	9	40	12	37	15	35	17	34	18	34	18	
82:
55	20.798	24	58	24	59	25	61	27	64	30	67	34	70	39	72	43	73	47	73	50	72	52	71	53	69	53	66	52	62	50	57	47	51	45	46	44	42	44	39	45	37	46	36	47	36	47	35	46	35	44	35	41	35	37	34	34	32	32	29	30	25	29	20	29	15	30	11	31	8	33	5	35	3	36	2	36	2	35	3	33	4	30	6	26	9	21	13	17	18	14	23	12	29	11	36	11	42	12	47	13	51	15	54	18	56	21	57	23	57	24	58	24	58	
83:
54	38.109	25	2	26	2	28	1	31	1	35	1	40	2	46	4	51	7	55	11	59	16	63	22	67	28	70	33	72	37	73	40	73	43	72	45	70	46	67	46	63	45	59	43	56	41	54	40	53	39	51	39	50	40	48	42	45	44	41	45	38	45	34	46	31	48	29	50	28	53	26	55	25	58	23	60	20	61	16	61	11	60	7	58	4	55	2	51	1	46	1	40	2	33	4	26	7	20	11	15	15	11	19	8	22	5	24	3	25	2	25	2	
84:
62	76.178	25	41	24	40	23	40	23	41	24	42	26	44	29	47	33	51	38	54	42	56	46	58	49	60	51	63	52	66	52	69	51	72	49	74	46	75	42	75	37	74	31	72	24	69	18	65	13	60	9	54	6	47	4	39	3	31	1	24	0	18	0	13	1	9	3	6	6	4	10	3	15	3	20	4	26	5	33	7	40	10	46	14	51	19	55	25	59	30	62	34	65	37	67	40	68	42	68	43	67	43	66	42	64	40	61	37	57	35	52	34	46	33	40	33	35	34	31	36	28	38	26	40	25	41	25	41	
85:
56	16.146	59	44	60	44	61	43	63	41	65	39	67	36	68	32	68	29	67	27	65	26	62	26	58	27	53	28	49	28	46	28	43	27	41	26	39	24	37	21	34	19	30	18	25	18	19	19	14	21	10	24	7	28	5	32	4	36	4	40	5	43	7	47	10	52	14	56	19	59	25	61	31	62	36	62	41	62	45	63	48	65	50	66	51	68	51	69	50	69	48	68	46	66	44	64	43	61	43	57	44	54	46	52	49	51	53	49	56	47	58	45	59	44	59	44	
86:
55	3.43	30	0	29	1	27	3	24	5	20	8	16	12	11	17	7	23	4	28	2	32	1	35	1	38	2	41	4	44	7	48	11	52	15	55	20	57	26	58	31	60	35	63	38	67	42	70	47	72	52	73	57	73	61	72	64	70	66	67	67	65	67	62	66	58	64	53	61	47	57	41	54	35	52	30	51	26	51	23	52	21	54	20	57	20	59	20	60	20	60	19	59	17	57	14	54	11	50	7	45	4	40	2	36	1	33	1	31	1	30	0	30	0	
87:
54	7.554	36	28	35	29	33	31	32	33	32	36	33	40	35	43	37	45	38	47	38	50	37	54	35	57	32	59	29	60	26	60	24	59	23	57	23	56	22	56	22	57	21	59	20	61	18	63	15	65	11	66	8	66	6	65	5	63	4	60	3	56	3	51	4	45	4	38	5	31	6	24	8	18	11	13	15	9	18	6	20	4	21	2	21	1	22	1	22	2	21	4	20	7	20	11	21	16	23	20	26	23	30	25	33	27	35	28	36	28	36	28	
88:
53	84.169	46	43	45	44	43	45	40	45	36	45	33	44	29	42	26	39	24	36	22	34	21	33	19	33	18	34	17	36	17	39	18	43	18	47	17	51	15	54	12	56	8	57	5	57	3	56	1	54	-1	51	-2	47	-2	43	-1	38	1	32	3	27	6	23	10	20	13	18	16	17	18	15	19	12	20	9	20	6	20	4	19	3	18	3	18	4	19	6	21	9	24	13	28	17	33	22	37	28	40	33	42	37	43	40	45	42	46	43	46	43	
89:
50	10.566	31	33	32	33	34	33	36	33	38	32	40	31	42	31	43	32	43	34	42	37	40	41	37	45	33	48	28	50	22	51	17	51	13	50	10	49	8	49	7	50	7	52	8	55	10	59	13	63	16	66	20	68	25	69	31	70	36	70	40	69	43	67	47	64	50	60	52	55	53	49	53	43	54	38	54	34	53	31	51	29	48	28	46	26	44	25	41	24	38	24	35	25	33	27	32	30	32	32	31	33	31	33	
90:
55	39.167	13	11	14	12	16	13	19	15	22	16	25	16	27	15	28	13	30	11	33	10	37	10	40	11	42	13	45	16	47	20	48	25	48	30	47	35	45	39	42	42	38	44	33	45	29	46	26	47	24	49	23	52	23	55	24	58	26	60	29	61	33	61	38	60	43	58	47	55	51	51	56	46	60	40	63	33	65	26	66	20	66	15	65	11	63	7	60	4	56	2	51	1	45	1	39	1	33	2	28	4	23	6	19	7	16	8	14	10	13	11	13	11	
91:
55	8.173	46	6	47	7	47	9	47	12	48	16	48	21	47	26	45	32	43	38	41	45	39	51	36	56	32	60	27	63	22	65	17	66	13	66	10	65	8	64	7	62	6	59	6	56	7	54	9	53	12	53	16	54	21	56	27	58	33	59	39	60	44	60	49	59	53	57	56	54	58	50	59	45	59	39	58	33	56	28	53	23	49	19	45	15	40	12	36	10	33	7	31	5	30	2	30	0	31	-1	33	-1	36	0	40	2	43	4	45	5	46	6	46	6	
92:
61	57.209	27	66	28	67	30	68	33	69	37	69	42	68	47	66	53	64	58	61	62	57	65	53	67	49	68	45	68	42	67	40	65	39	62	39	60	40	59	42	57	43	55	43	53	42	50	40	48	37	47	33	47	28	48	24	49	21	51	19	52	17	54	16	56	16	57	15	57	13	56	10	54	6	51	3	47	0	42	-2	36	-3	30	-3	24	-2	19	0	15	3	12	7	10	12	9	18	9	25	8	33	8	41	8	48	9	54	9	59	10	63	12	66	15	68	19	69	22	69	24	68	26	67	27	66	27	66	
93:
44	14.363	16	32	17	33	18	35	18	38	19	42	21	46	24	49	27	52	29	55	32	57	36	58	40	58	43	59	46	61	48	63	49	64	49	64	48	63	46	61	44	58	41	54	37	49	32	44	28	39	24	33	19	28	15	22	12	17	9	13	6	10	4	8	2	7	0	7	-2	8	-3	10	-3	13	-2	17	0	21	3	25	7	28	10	30	13	31	15	32	16	32	16	32	
94:
54	4.231	14	6	15	6	17	6	20	7	24	9	29	11	35	14	40	17	45	20	49	24	53	27	58	29	62	30	65	30	67	29	68	27	68	24	67	20	66	15	64	11	61	8	57	6	52	5	48	5	45	6	43	8	42	11	41	15	41	20	41	26	41	33	42	40	42	46	43	51	43	55	42	58	40	60	37	61	34	62	30	62	25	61	19	59	14	56	10	52	7	47	5	41	4	34	4	27	5	21	7	16	10	12	12	9	13	7	14	6	14	6	
95:
59	6.898	22	20	23	19	25	17	28	14	30	10	31	6	31	2	30	-1	28	-3	25	-4	21	-4	17	-3	14	-1	11	2	9	6	8	11	8	17	9	24	11	32	12	39	12	45	13	50	15	54	18	57	22	60	27	62	33	63	39	63	45	63	50	62	54	60	57	57	59	55	61	52	62	48	62	43	63	38	65	33	66	29	67	26	68	24	68	23	67	23	67	24	67	26	66	29	64	33	62	36	59	38	56	39	52	39	47	38	42	36	37	33	32	29	28	26	25	23	23	21	22	20	22	20	
96:
57	77.064	2	3	3	4	4	6	6	9	8	12	10	16	13	20	16	23	18	25	21	26	24	26	26	25	27	23	28	20	29	16	31	12	34	9	38	6	42	4	46	3	49	3	51	2	52	1	52	1	51	2	49	4	47	7	46	11	46	16	47	20	49	25	52	30	55	34	57	38	58	42	58	45	57	47	55	49	52	50	48	51	43	52	37	52	30	52	23	51	17	49	11	46	6	43	2	39	-1	34	-3	28	-4	23	-4	18	-3	13	-1	9	1	6	2	4	2	3	2	3	
97:
58	7.418	51	36	52	35	54	34	56	33	57	32	58	31	58	31	57	32	55	34	52	37	48	41	44	46	39	50	34	53	30	57	27	60	25	62	24	65	24	69	25	74	27	78	30	81	34	83	39	84	45	84	51	83	56	81	60	78	63	74	65	69	66	63	66	56	65	49	65	41	66	33	68	26	70	20	71	15	71	11	70	7	68	3	65	0	61	-2	56	-3	51	-3	47	-2	44	-1	41	1	39	4	38	8	38	13	39	17	41	22	44	26	46	30	48	33	50	35	51	36	51	36	
98:
59	107.458	67	48	67	49	66	51	64	54	61	57	57	59	52	61	46	62	39	62	31	62	24	63	18	64	13	65	9	65	6	64	4	62	3	59	3	55	4	50	6	44	9	37	13	31	18	26	24	21	31	17	38	13	44	9	49	5	53	2	56	0	58	-1	59	-2	59	-2	58	-1	56	1	53	3	50	6	46	10	41	15	35	21	30	26	26	30	23	34	21	37	20	40	20	43	21	46	23	48	26	50	30	51	35	51	41	51	47	50	52	48	57	47	61	47	64	48	66	48	67	48	67	48	
99:
58	12.568	28	49	27	48	25	47	22	46	18	44	13	43	8	42	4	42	1	41	-1	39	-2	36	-2	32	-1	27	1	21	2	16	4	10	7	5	11	1	16	-2	22	-4	28	-5	33	-5	37	-4	40	-2	42	1	43	5	43	8	42	10	40	13	37	17	33	21	29	26	25	32	20	39	16	45	13	51	11	56	10	60	10	63	11	66	13	68	16	69	20	70	25	70	30	69	34	69	38	69	41	68	43	66	44	63	44	59	43	56	41	54	38	53	34	53	31	52	29	50	28	49	28	49	