0:
53	27.955	38	50	37	51	35	53	32	54	30	54	27	53	25	51	22	48	19	45	17	41	16	38	14	36	11	35	8	35	5	35	3	34	2	32	2	29	3	27	5	25	8	24	12	24	17	25	23	27	30	28	37	29	44	29	51	28	57	28	62	28	66	29	69	31	71	34	72	38	72	43	71	48	69	54	66	60	62	65	57	69	53	72	49	74	46	75	44	75	43	74	43	72	44	69	44	65	43	60	41	56	39	53	38	51	38	50	38	50	
1:
63	7.76	50	72	49	71	47	69	44	68	40	68	35	69	29	70	23	72	18	75	12	77	7	78	3	78	0	77	-2	75	-3	72	-3	68	-2	63	-1	57	1	50	4	43	6	35	7	28	7	22	6	17	6	13	7	10	8	8	10	7	13	7	16	8	18	10	19	13	19	17	20	20	22	23	24	25	27	26	31	26	36	25	42	23	49	20	56	18	62	17	67	16	73	16	78	16	82	17	85	19	87	22	88	26	88	31	87	37	85	44	82	50	79	56	75	61	70	65	65	68	60	70	56	72	53	73	51	73	50	72	50	72	
2:
45	12.728	77	79	78	78	79	77	79	75	78	72	76	68	74	65	73	61	73	56	74	52	74	49	73	47	71	46	69	46	66	45	62	43	59	40	57	37	55	33	54	30	52	27	50	25	49	24	47	24	46	25	46	27	45	30	43	34	40	39	38	44	37	48	37	51	38	53	40	54	43	54	46	54	50	55	55	57	61	60	66	64	70	69	73	73	75	76	76	78	77	79	77	79	
3:
55	54.93	38	71	37	72	35	73	32	75	28	76	25	76	23	75	21	73	20	70	20	66	21	63	23	59	26	56	29	53	31	49	32	44	34	38	36	31	37	24	37	18	38	13	38	8	37	4	36	1	34	-1	31	-2	28	-2	26	-1	25	1	25	4	26	8	28	13	31	19	35	26	40	33	46	40	53	46	59	52	64	57	68	62	71	66	73	69	74	71	74	73	73	74	71	75	68	75	64	74	59	72	53	71	48	71	44	72	41	72	39	72	38	71	38	71	
4:
65	279.146	14	25	13	26	11	27	9	29	7	32	6	36	6	41	7	47	9	53	12	59	16	65	21	70	27	74	34	77	42	79	50	80	57	80	63	79	68	77	72	74	76	70	79	65	81	60	82	56	82	52	81	49	79	47	76	46	72	46	69	47	67	49	66	52	65	56	63	60	60	63	58	65	55	66	52	66	49	65	47	63	46	60	46	56	46	51	47	46	49	41	52	35	56	29	59	24	61	20	62	17	62	15	61	14	59	14	57	15	54	17	50	20	46	23	41	26	35	28	29	29	24	29	20	29	17	28	15	26	14	25	14	25	
5:
64	39.533	37	55	36	54	34	52	32	49	29	45	25	41	22	36	20	30	19	23	19	16	19	10	19	5	20	1	22	-2	25	-4	29	-5	34	-5	40	-4	45	-2	49	1	52	5	54	10	56	16	57	23	59	31	61	39	64	46	66	52	67	59	68	65	68	70	67	74	65	77	62	79	58	80	53	80	47	79	40	77	32	74	24	70	16	66	9	61	3	56	-2	51	-6	46	-9	40	-11	34	-12	29	-12	25	-11	22	-9	20	-6	19	-2	19	1	20	5	22	10	25	16	29	22	34	27	40	31	45	34	49	36	52	37	54	37	55	37	55	
6:
60	6.731	78	46	77	46	75	46	72	47	68	49	64	52	61	55	59	59	58	64	57	69	55	73	53	76	50	78	46	79	41	79	35	79	30	80	25	81	19	83	14	84	10	84	7	83	5	81	4	78	4	74	5	70	6	66	7	63	7	61	6	58	4	54	2	49	1	45	1	40	2	35	4	30	7	25	11	21	16	18	22	16	29	15	36	14	43	12	49	11	54	9	58	7	61	6	63	6	64	7	65	9	65	12	66	16	66	21	66	26	67	31	69	36	72	40	75	43	77	45	78	46	78	46	
7:
52	5.705	12	41	13	42	14	44	16	47	19	49	22	50	26	50	31	49	37	48	44	46	51	44	57	43	62	43	66	44	70	46	73	49	75	52	76	55	76	57	75	58	74	58	74	57	75	55	76	52	77	48	77	43	76	37	75	31	73	26	70	22	66	19	61	17	55	16	50	15	45	13	40	10	35	7	31	5	28	4	25	4	23	5	22	7	21	10	20	13	19	17	19	22	18	27	16	31	14	35	13	38	12	40	12	41	12	41	
8:
53	4.384	63	3	64	4	66	6	67	8	69	11	71	15	73	20	76	26	78	31	79	37	79	42	78	46	76	49	73	51	70	52	68	52	67	51	65	49	63	46	60	44	58	42	57	41	56	41	56	42	55	44	54	47	52	51	49	54	45	56	41	57	37	57	34	56	31	54	29	52	26	50	22	49	19	47	17	44	16	40	16	35	17	29	19	23	22	18	26	14	31	9	36	5	42	2	48	0	53	-1	57	-1	60	0	62	2	63	3	63	3	
9:
58	6.657	9	40	10	41	12	43	13	46	13	50	13	55	12	60	10	65	9	69	9	72	10	74	12	75	15	75	19	74	24	73	30	73	36	73	42	74	47	76	52	79	57	81	62	82	66	82	69	81	71	79	72	76	72	72	71	67	69	61	67	54	66	46	65	39	65	33	66	28	68	24	70	21	72	19	74	18	75	17	75	15	74	13	72	12	69	12	66	13	64	15	62	18	59	22	55	27	50	32	44	36	37	39	30	41	24	42	19	42	15	41	12	40	10	40	9	40	9	40	
10:
53	57.592	25	8	24	7	22	6	20	4	17	3	14	3	12	4	11	6	11	9	10	13	8	17	5	20	3	23	2	27	2	32	3	38	5	45	8	52	11	58	15	63	19	67	24	70	30	72	37	73	44	73	50	72	55	71	59	71	62	71	64	71	65	71	65	70	64	69	62	69	59	69	55	68	52	66	48	63	44	59	40	54	37	49	35	43	34	38	34	34	35	29	36	23	36	18	35	14	33	11	30	9	28	8	26	8	25	8	25	8	
11:
63	3.717	41	24	40	23	39	21	39	18	40	14	42	10	45	7	49	5	53	3	58	2	63	2	67	3	70	5	72	8	75	11	77	15	78	20	79	26	79	33	78	41	78	50	77	58	75	65	72	71	68	76	63	80	57	83	50	85	42	86	34	86	27	85	21	83	16	81	12	80	9	80	7	79	6	77	6	74	7	70	9	65	12	60	14	56	15	52	15	49	14	45	12	40	9	36	6	33	4	30	3	28	3	25	4	22	6	19	9	17	13	16	17	15	22	15	27	16	31	18	35	21	38	23	40	24	41	24	41	24	
12:
63	280.49	51	7	51	6	52	4	52	2	53	1	53	0	52	0	50	1	47	3	43	6	40	10	38	15	36	20	33	25	29	30	25	34	22	37	18	39	14	40	11	40	9	39	7	37	6	34	6	30	5	25	3	21	2	18	2	16	3	15	5	15	8	16	12	18	17	21	23	23	29	26	36	30	43	35	49	41	54	48	58	55	61	61	63	66	64	70	64	73	63	75	63	76	63	76	64	75	66	73	67	70	67	66	66	61	65	56	63	50	62	43	62	35	62	28	61	22	59	17	57	13	54	10	52	8	51	7	51	7	
13:
69	96.666	63	42	62	41	60	41	57	42	53	43	48	44	43	44	37	45	32	47	28	49	25	50	23	52	22	55	22	59	23	62	25	64	28	65	32	66	37	66	43	65	48	63	52	62	57	62	61	63	64	65	66	67	67	70	67	72	66	73	64	74	61	74	57	75	52	76	46	76	39	77	31	77	23	77	16	77	10	77	5	76	1	74	-2	71	-4	67	-5	62	-5	56	-4	49	-2	41	1	33	5	26	9	20	14	15	20	10	26	6	33	3	40	1	47	0	53	0	58	1	62	3	65	6	68	10	70	15	71	21	71	27	70	32	68	36	66	39	64	41	63	42	63	42	
14:
53	18.904	56	4	55	5	53	7	50	9	47	12	43	16	38	21	32	26	27	31	23	35	20	38	18	40	15	42	13	43	12	43	10	42	7	40	3	38	-2	37	-6	37	-9	38	-11	40	-12	42	-12	45	-11	49	-9	52	-6	54	-2	55	3	55	9	55	16	55	23	56	31	56	39	55	46	53	53	51	59	48	65	45	70	42	74	40	77	37	79	33	80	28	80	22	79	17	77	13	74	10	70	7	66	5	62	4	59	3	57	3	56	4	56	4	
15:
64	26.615	77	70	76	71	74	73	71	75	67	76	62	76	56	75	49	73	41	70	33	66	26	62	20	57	15	51	11	44	7	36	4	29	2	22	1	16	1	11	2	7	4	4	7	2	11	1	15	1	19	2	22	4	24	7	25	11	26	16	26	21	27	26	29	30	30	33	30	35	29	36	28	36	27	35	27	33	28	30	30	26	33	21	37	16	42	11	48	7	55	4	62	2	68	1	73	1	77	2	80	4	82	7	83	11	83	16	83	22	82	29	81	37	79	44	76	50	74	55	73	60	73	64	74	67	76	69	77	70	77	70	
16:
66	112.379	53	30	54	30	56	31	59	33	61	35	62	37	62	40	61	44	59	48	56	51	52	53	47	54	41	55	35	56	29	58	24	61	20	65	17	69	15	72	14	74	13	75	12	75	10	74	9	72	8	69	8	65	8	60	8	54	8	47	9	39	11	32	14	26	18	20	22	15	27	11	33	8	38	6	42	5	45	5	48	6	52	8	56	9	59	9	61	8	64	6	68	4	73	3	78	2	82	2	85	3	87	5	88	8	88	12	87	17	86	23	84	28	81	32	78	35	75	37	72	38	68	38	63	37	59	35	56	33	54	31	53	30	53	30	
17:
63	53.684	10	46	11	47	11	49	12	50	14	50	17	49	21	47	25	44	28	40	30	35	31	29	31	24	32	20	34	17	37	15	39	14	40	14	40	15	39	17	37	19	34	22	30	24	26	25	23	25	20	24	18	22	17	19	17	15	18	10	20	6	23	3	27	0	32	-2	38	-3	45	-4	51	-4	56	-3	60	-1	63	2	65	6	66	11	66	17	65	24	65	32	65	39	66	45	67	50	67	55	66	60	64	64	61	67	57	69	53	70	48	70	43	69	37	67	31	64	25	60	20	56	16	52	13	49	11	47	10	46	10	46	
18:
57	31.023	6	28	7	27	9	26	12	25	16	23	19	20	21	16	22	13	22	10	21	8	19	7	16	7	12	8	8	10	4	13	1	17	-1	22	-2	28	-2	35	-2	42	-2	48	-1	53	1	57	4	62	8	66	13	69	19	71	25	74	32	76	39	77	45	77	52	78	59	78	65	78	70	77	74	75	77	72	79	68	80	65	80	62	79	58	77	53	75	47	72	42	68	38	63	35	57	33	50	32	42	32	34	32	27	33	21	33	16	33	12	32	9	31	7	29	6	28	6	28	
19:
62	17.295	12	1	11	2	11	4	11	7	11	11	10	16	8	22	5	29	2	36	0	42	-2	47	-3	52	-3	56	-2	59	0	61	2	62	5	62	9	61	14	59	20	56	27	52	34	47	40	42	45	38	49	35	52	33	56	32	59	32	61	32	62	33	62	35	62	38	63	42	65	47	68	51	71	56	73	60	74	63	74	66	73	70	71	73	68	76	64	78	61	79	57	79	54	78	52	76	51	73	49	69	46	64	43	58	39	52	35	45	30	37	26	29	23	22	21	16	20	11	18	7	15	4	13	2	12	1	12	1	
20:
61	85.065	14	1	14	2	15	4	17	7	20	11	24	15	29	20	34	26	38	33	43	41	47	49	50	56	52	62	55	67	57	71	58	74	58	76	58	77	58	77	59	76	59	74	59	71	60	67	62	62	64	56	65	49	67	41	69	33	70	26	70	20	69	15	67	11	64	8	60	6	55	5	51	5	48	6	46	8	45	11	44	14	42	17	39	19	35	20	30	22	25	24	21	25	18	25	15	26	13	28	12	29	12	29	13	28	15	26	17	23	19	20	20	16	20	11	19	7	17	4	15	2	14	1	14	1	
21:
67	124.551	13	38	12	37	10	35	7	32	5	29	4	26	4	24	4	23	5	23	7	24	10	25	13	25	15	24	17	22	20	19	24	15	28	11	33	8	39	6	46	5	52	5	58	6	63	8	67	11	70	15	72	20	73	26	73	33	72	41	70	48	68	55	66	61	65	66	64	70	62	73	59	75	56	76	54	76	53	75	53	73	53	70	54	66	54	62	53	59	51	57	48	56	44	56	40	57	36	59	33	62	30	65	26	68	21	71	17	73	12	74	8	74	5	73	3	71	2	68	2	64	3	59	5	53	8	48	10	44	12	41	13	39	13	38	13	38	
22:
61	123.743	14	40	13	41	11	42	9	44	8	47	6	51	4	56	2	62	0	67	-1	71	-1	74	0	76	2	77	5	77	8	76	12	74	16	72	20	71	24	71	27	72	29	72	30	72	30	71	30	69	30	66	31	62	33	57	36	51	40	45	45	38	49	31	54	25	58	19	61	14	63	10	64	7	64	5	63	4	61	4	58	5	54	7	49	10	43	14	36	17	29	19	23	20	17	20	12	19	8	18	5	16	3	15	2	15	2	16	3	18	5	21	7	25	10	30	12	34	13	37	14	39	14	40	14	40	
23:
57	21.342	24	28	23	29	21	31	18	34	14	36	10	39	7	41	5	42	4	43	4	45	5	46	7	48	10	51	14	55	19	60	25	64	30	68	35	72	39	75	42	77	45	78	47	78	48	77	49	75	51	72	54	69	58	67	63	66	68	65	72	65	75	66	77	68	78	71	78	74	77	76	77	77	78	77	80	76	81	74	82	72	82	69	81	65	79	61	78	56	76	52	73	48	69	45	64	43	58	40	52	36	45	33	39	30	34	28	30	27	27	27	25	27	24	28	24	28	
24:
61	38.672	10	56	11	55	11	53	12	50	12	46	12	41	11	35	9	28	8	22	8	17	8	13	8	10	8	8	9	7	11	7	14	8	18	9	23	11	29	13	36	14	44	14	51	13	57	11	62	8	67	4	71	1	74	-1	76	-2	77	-2	77	-1	76	1	74	3	71	5	67	7	63	10	59	14	56	19	54	25	53	32	53	39	54	46	56	52	59	57	62	61	64	64	65	66	65	67	64	67	62	66	59	64	55	61	50	58	44	55	38	53	31	51	25	50	20	50	16	51	13	53	11	55	10	56	10	56	
25:
62	129.425	42	64	41	63	39	63	36	64	34	64	32	65	31	67	31	70	32	73	34	75	37	76	41	76	46	75	51	73	55	70	58	66	60	63	61	61	63	59	65	58	68	58	72	59	75	60	78	60	80	59	83	57	85	54	86	50	86	45	85	39	83	33	80	28	76	23	71	19	66	16	60	14	53	13	45	13	37	13	30	14	24	16	19	19	15	23	12	27	10	32	9	37	9	41	10	44	12	46	15	47	19	47	24	46	29	45	33	45	37	46	40	48	42	51	43	54	43	58	42	61	42	63	42	64	42	64	
26:
58	27.143	41	0	40	-1	38	-3	35	-5	31	-6	26	-6	22	-5	19	-3	17	0	15	4	14	9	14	15	15	22	15	29	14	35	13	40	11	44	8	47	5	49	3	50	2	50	2	49	3	49	5	48	8	48	12	48	17	49	22	51	26	53	29	56	32	60	34	64	35	68	35	71	36	73	38	74	41	74	44	73	46	71	49	68	51	64	54	59	58	55	61	52	63	50	64	47	64	43	63	39	61	34	58	30	55	25	53	20	52	15	50	10	47	6	44	3	42	1	41	0	41	0	
27:
63	38.44	3	7	4	7	6	8	8	10	10	13	13	16	17	20	21	23	25	25	28	26	31	26	34	25	38	23	43	20	49	16	56	13	62	10	67	8	71	7	74	7	76	8	77	10	77	13	76	17	75	22	75	28	74	34	73	39	71	43	68	46	64	48	59	49	53	49	46	48	39	47	33	47	27	48	22	50	18	52	15	55	13	59	12	64	10	68	7	71	3	73	0	74	-2	74	-3	73	-3	71	-2	68	0	65	2	61	3	56	5	50	7	43	8	35	9	28	9	22	8	17	6	13	4	10	3	8	3	7	3	7	
28:
64	73.556	35	43	36	44	36	46	35	48	34	51	34	55	33	59	31	64	28	69	24	73	19	76	14	78	9	79	5	79	2	78	-1	76	-4	73	-6	69	-7	64	-7	58	-6	51	-4	45	-1	40	3	36	8	33	14	30	20	28	25	27	29	26	32	25	34	23	35	20	35	16	35	12	36	9	38	7	41	6	45	6	50	7	56	9	61	12	65	16	69	21	72	27	74	34	76	42	78	49	79	55	79	60	78	64	76	67	73	69	69	70	66	70	64	69	62	67	59	64	55	60	50	56	45	52	41	49	38	46	36	44	35	43	35	43	
29:
47	1.403	20	63	21	63	23	62	26	61	30	59	33	57	35	54	36	50	36	47	35	45	33	42	30	40	26	39	23	39	20	38	18	38	17	37	17	35	18	32	20	28	23	24	27	21	32	18	38	15	44	13	49	10	53	8	57	6	60	5	62	5	63	6	65	8	66	11	66	15	65	20	63	26	60	33	56	39	52	44	47	48	41	51	35	53	30	56	26	58	23	60	21	62	20	63	20	63	
30:
56	55.641	19	13	20	14	22	14	25	13	29	13	34	12	40	10	47	7	53	4	59	2	64	1	68	0	71	0	73	1	74	2	74	4	73	7	72	11	70	15	69	20	68	26	68	33	67	41	67	49	66	56	65	62	64	67	64	71	65	74	67	76	69	77	71	77	72	76	72	74	71	71	69	68	66	64	63	59	60	53	56	47	51	42	45	38	38	35	31	33	25	32	20	32	16	33	13	33	11	32	10	30	10	27	11	23	13	19	16	16	18	14	19	13	19	13	
31:
58	46.061	0	33	1	34	3	36	6	39	10	41	15	42	19	42	22	41	24	39	26	38	27	38	27	39	26	41	24	44	21	48	19	53	18	57	18	60	19	62	21	63	24	63	28	63	32	64	35	65	37	66	38	66	38	65	39	63	41	60	44	57	48	54	52	52	57	50	62	47	66	43	69	39	71	34	72	29	72	24	71	19	69	15	66	12	62	9	57	6	51	4	44	3	36	3	28	4	21	5	15	7	10	10	6	14	3	19	1	23	0	27	-1	30	-1	32	0	33	0	33	
32:
58	15.125	4	52	5	51	7	49	9	46	12	42	16	39	20	37	23	36	26	36	30	37	34	39	37	42	41	46	45	51	50	56	56	60	61	63	66	66	70	68	73	69	75	69	76	68	76	66	75	63	74	59	74	54	75	49	75	44	74	40	73	37	71	35	68	32	64	30	59	29	55	27	50	24	44	20	39	15	35	10	31	6	28	3	25	1	21	0	16	0	10	1	5	3	1	6	-2	9	-4	13	-5	18	-5	24	-4	31	-2	37	-1	42	0	46	2	49	3	51	4	52	4	52	
33:
55	5.809	77	49	78	50	79	52	79	55	78	58	76	60	73	61	69	61	64	60	60	58	57	55	55	51	54	47	54	44	54	42	55	41	57	41	60	42	64	43	68	43	71	42	74	40	76	37	77	33	78	29	78	25	77	21	75	18	72	16	69	15	65	15	60	16	54	18	47	21	41	25	36	30	32	36	29	42	27	49	26	55	26	60	27	64	29	67	32	69	36	70	41	70	47	69	53	67	58	64	63	62	67	59	71	55	74	52	76	50	77	49	77	49	
34:
63	8.755	21	72	20	72	18	71	15	69	11	66	7	62	4	57	1	51	-1	44	-2	37	-2	30	-1	24	1	19	4	15	8	12	13	10	19	9	26	8	33	8	40	7	46	5	51	2	55	0	59	-1	62	-1	64	-1	65	0	65	2	64	5	62	8	59	10	55	11	52	13	50	15	49	18	49	21	50	25	52	28	55	30	59	31	64	31	69	32	74	34	78	36	81	39	83	43	84	48	84	54	83	59	81	63	78	66	74	68	69	69	63	70	56	70	49	70	42	71	36	71	31	70	27	70	24	71	22	72	21	72	21	72	
35:
62	176.391	1	28	2	27	4	25	7	22	10	18	14	13	19	9	25	5	32	2	38	0	43	-1	48	-1	52	0	55	2	58	5	62	9	67	13	71	16	75	20	78	25	80	30	81	36	81	43	80	49	78	54	75	58	73	61	70	63	67	64	65	64	64	63	63	61	61	58	58	55	54	53	50	51	45	49	41	48	37	48	33	49	30	51	28	54	25	58	23	63	20	67	16	70	12	72	7	73	3	73	0	72	-2	70	-4	67	-5	63	-6	58	-6	54	-5	49	-5	43	-4	38	-3	34	-2	31	0	29	1	28	1	28	
36:
56	16.213	71	59	72	58	73	56	75	53	76	49	76	44	75	38	74	32	73	26	71	20	68	15	64	11	59	8	53	6	46	4	39	3	33	3	28	4	24	6	21	8	19	10	18	11	18	13	19	16	21	19	24	23	28	28	33	34	37	41	40	47	42	54	43	60	43	65	42	69	40	72	39	74	37	75	34	75	32	74	31	72	31	69	30	65	30	61	31	57	33	53	35	50	38	48	42	47	47	47	52	48	57	49	61	51	65	54	68	56	70	58	71	59	71	59	
37:
67	60.979	55	25	55	24	54	22	52	19	49	17	45	16	41	16	38	17	35	19	33	22	30	26	27	31	24	37	21	44	17	51	12	57	8	62	5	66	3	70	2	74	2	79	3	83	5	86	8	88	12	89	17	89	23	88	30	86	36	84	43	81	49	77	54	72	58	67	61	63	63	60	64	58	64	57	63	57	61	56	58	54	54	51	50	47	45	42	39	36	34	31	28	25	23	19	19	14	16	10	14	7	13	3	13	0	14	-3	16	-5	19	-6	23	-6	28	-5	34	-3	40	0	45	4	49	8	52	11	54	15	55	19	56	22	56	24	55	25	55	25	
38:
49	8.331	75	72	74	71	72	69	69	68	65	68	62	69	60	71	58	74	55	76	51	77	46	77	40	76	34	74	29	71	24	67	20	62	17	56	15	49	14	41	14	33	14	26	13	20	12	15	11	11	11	8	10	6	10	5	11	5	13	6	16	8	20	11	25	14	31	16	38	18	46	20	54	23	61	26	67	28	72	31	76	35	79	40	81	46	82	52	82	57	81	62	79	66	78	69	76	71	75	72	75	72	
39:
63	67.509	74	40	73	39	71	39	68	38	64	37	59	35	53	34	47	32	41	29	35	25	29	21	24	16	20	12	17	9	15	7	12	6	9	6	6	7	4	9	3	12	3	16	3	21	4	27	6	34	9	40	13	47	17	54	22	60	27	65	31	69	35	73	38	76	40	78	41	79	43	79	45	78	47	76	48	73	48	69	47	64	45	58	44	51	43	44	43	36	43	29	44	23	46	18	48	14	51	11	55	9	60	8	65	8	70	9	74	11	77	14	79	17	80	21	80	25	79	30	77	34	75	37	74	39	74	40	74	40	
40:
56	49.223	6	23	5	24	4	24	3	23	3	21	4	18	6	14	9	11	12	8	14	6	16	5	17	5	17	6	18	8	20	11	21	15	22	20	23	26	25	33	26	41	26	48	25	54	23	59	20	63	18	66	17	68	17	69	18	71	20	73	23	76	26	78	30	79	35	79	41	78	47	76	52	73	56	69	59	64	61	60	62	56	62	53	61	50	59	48	56	47	52	46	47	45	41	45	36	44	32	42	27	39	21	36	16	32	12	29	9	26	7	24	6	23	6	23	
41:
66	48.028	6	22	7	23	9	24	11	26	14	29	16	33	17	38	17	42	16	45	14	47	11	50	9	54	8	59	8	64	9	68	9	71	9	74	8	76	7	77	7	77	7	76	8	74	10	71	13	67	17	63	22	60	28	57	35	55	43	54	51	54	58	55	64	57	69	60	73	62	76	63	78	63	79	62	79	60	78	57	76	53	73	48	70	42	66	36	63	29	61	22	59	16	58	11	58	7	58	4	57	2	55	1	52	1	50	2	47	4	43	5	38	5	32	4	26	4	21	5	17	7	14	10	12	14	11	17	9	19	7	21	6	22	6	22	
42:
52	22.111	15	55	14	56	12	58	9	60	6	62	3	64	1	65	0	67	0	68	1	69	3	70	6	70	10	69	15	67	21	64	27	60	33	55	40	50	48	44	56	39	63	35	69	32	74	28	78	23	81	17	83	12	84	8	84	5	83	3	81	2	78	2	74	2	69	3	63	4	56	4	48	3	41	2	35	2	30	3	25	5	21	8	18	12	16	17	15	22	15	28	15	34	15	40	16	45	16	49	16	52	16	54	15	55	15	55	
43:
59	9.08	28	22	29	21	30	19	30	16	29	12	29	8	30	5	32	3	35	2	39	2	43	3	48	5	53	7	57	10	61	14	65	19	68	25	70	31	71	38	71	44	70	49	68	53	65	56	62	58	59	59	57	59	56	58	56	56	55	55	53	54	51	54	49	55	46	57	42	60	37	64	33	68	28	72	22	75	17	77	13	79	9	80	6	80	4	79	3	78	3	76	4	74	6	71	9	67	13	64	17	60	22	55	26	49	29	43	31	37	32	32	32	28	31	25	29	23	28	22	28	22	
44:
62	10.454	13	19	13	20	14	22	15	23	16	25	18	26	19	26	20	25	21	23	23	20	26	17	30	13	35	10	41	7	48	5	56	4	63	3	69	3	74	4	78	6	81	9	84	13	86	18	87	24	87	31	86	38	84	44	81	49	77	54	72	58	66	61	60	63	53	64	45	64	37	65	30	67	24	70	19	73	15	76	12	78	10	79	9	79	8	78	8	76	9	73	11	69	12	64	12	58	11	52	9	47	6	42	3	38	1	35	0	33	0	30	1	26	3	23	5	21	7	19	10	18	12	18	13	19	13	19	
45:
60	56.373	12	8	11	9	9	9	6	10	4	11	2	13	1	16	1	20	2	24	4	27	7	29	11	30	15	30	18	31	20	33	21	36	23	38	26	39	29	41	31	43	32	46	32	50	31	55	29	61	26	66	23	70	20	73	18	75	17	76	17	76	18	75	20	73	23	70	27	66	32	61	37	55	43	50	49	46	55	43	60	41	64	40	67	40	69	41	70	43	70	44	69	44	67	43	64	41	60	38	55	34	49	30	44	27	38	23	32	19	27	16	22	13	18	11	15	9	13	8	12	8	12	8	
46:
61	122.819	27	77	26	76	24	74	22	72	20	69	19	67	19	66	20	65	22	65	25	66	29	68	34	71	40	73	47	74	54	76	60	77	65	77	69	76	72	74	75	71	77	67	78	62	78	57	78	52	79	48	79	45	78	43	76	42	73	42	69	42	64	43	58	43	51	43	44	42	36	40	29	37	23	33	18	30	14	27	10	25	6	24	3	24	0	25	-2	27	-3	30	-3	34	-2	39	0	45	3	51	5	56	6	62	6	67	7	71	9	75	12	78	16	80	20	81	23	81	25	80	26	78	27	77	27	77	
47:
70	69.265	58	53	59	54	61	56	64	59	68	63	71	67	73	70	74	72	74	73	73	73	71	72	68	70	64	68	59	67	53	67	46	67	38	68	29	68	21	68	14	67	8	65	3	62	-1	58	-4	53	-6	47	-7	40	-7	32	-7	24	-6	17	-4	11	-1	6	3	2	8	-1	13	-3	19	-4	24	-4	29	-3	34	-1	40	2	47	5	53	7	58	8	62	8	65	8	67	7	68	5	68	3	67	2	65	2	62	3	58	5	54	8	49	12	43	17	38	23	34	29	31	35	29	41	28	46	28	51	29	55	31	58	34	60	38	61	43	61	48	60	52	58	55	56	57	54	58	53	58	53	
48:
67	43.497	53	21	52	22	52	24	52	27	52	31	53	36	55	42	56	49	56	55	56	60	55	64	53	67	50	69	47	70	44	71	42	73	41	75	41	77	42	79	44	80	47	80	51	79	56	78	62	76	67	73	71	69	75	64	78	58	80	51	81	45	81	38	80	30	78	23	75	17	72	12	68	8	63	5	57	3	50	2	42	2	33	3	25	5	18	8	12	12	7	17	3	23	0	30	-2	36	-3	42	-3	47	-2	51	0	54	3	56	7	57	12	57	17	56	22	54	28	52	33	49	37	45	40	40	42	35	45	31	48	27	50	24	52	22	53	21	53	21	
49:
50	15.772	43	65	44	66	46	66	49	65	53	64	57	62	60	59	63	55	67	50	70	44	72	39	74	33	76	28	77	24	77	21	76	19	74	18	71	18	67	19	62	21	56	24	50	28	45	33	39	39	33	44	26	48	19	51	13	53	8	54	4	54	1	55	-1	57	-2	60	-2	64	-1	68	1	71	4	73	7	74	10	74	13	73	16	71	19	68	22	65	25	63	29	62	33	61	37	61	40	62	42	64	43	65	43	65	
50:
64	132.075	73	2	74	3	76	3	78	2	79	0	79	-2	78	-3	76	-3	73	-2	69	-1	64	1	58	4	51	8	43	13	35	18	28	24	21	31	15	39	10	46	6	53	3	59	1	64	0	68	-1	71	-1	73	0	74	2	74	4	73	6	71	9	68	13	65	16	63	20	61	23	60	25	60	26	61	26	63	27	66	28	70	30	74	32	77	35	80	39	82	44	83	50	83	55	82	59	80	63	78	66	75	68	71	69	66	69	61	68	55	66	49	64	42	62	35	61	28	61	22	62	17	64	12	67	8	70	5	72	3	73	2	73	2	
51:
53	7.674	54	8	55	9	57	11	59	14	60	18	60	23	60	27	61	31	63	36	66	40	69	44	71	47	72	49	72	52	71	55	70	57	68	58	65	58	61	58	56	59	51	60	45	62	38	65	31	68	25	71	20	73	16	75	13	76	11	76	10	75	9	73	9	70	10	66	12	61	14	55	15	49	15	43	15	36	15	29	16	22	16	16	17	11	19	7	22	4	26	2	31	1	36	1	41	1	45	2	48	4	51	6	53	7	54	8	54	8	
52:
59	1.802	25	7	26	8	28	8	31	9	35	11	40	14	44	18	48	21	52	23	57	24	63	24	68	24	72	24	75	23	77	21	78	18	78	14	77	11	75	9	72	8	68	8	63	9	59	11	56	14	53	18	51	23	50	29	50	35	51	42	53	48	56	53	58	57	59	60	59	64	58	69	56	73	53	76	49	78	44	79	38	79	33	78	29	76	26	73	23	69	20	65	16	61	12	57	9	53	7	48	6	44	6	39	7	33	9	27	12	22	15	17	19	13	22	10	24	8	25	7	25	7	
53:
61	71.189	5	17	6	16	8	14	9	12	9	10	10	9	12	9	14	10	15	12	15	15	14	19	12	24	9	30	5	37	1	45	-2	52	-4	58	-5	64	-5	69	-4	73	-2	76	0	78	3	79	5	79	6	78	6	76	7	73	9	69	12	64	16	58	21	51	26	45	32	39	37	34	42	30	48	27	55	25	61	24	66	24	70	25	73	26	75	28	76	30	76	33	75	37	73	41	70	44	66	46	61	47	55	47	48	47	41	46	34	44	28	41	22	37	17	32	13	27	10	23	8	20	6	18	5	17	5	17	
54:
61	27.569	53	63	52	64	52	66	51	69	51	73	52	76	54	78	57	79	60	79	63	78	66	76	69	73	71	70	72	66	72	61	71	55	71	48	71	42	72	37	74	33	75	30	75	28	74	27	72	27	70	26	67	26	63	26	58	25	52	23	45	20	39	16	34	11	30	7	27	4	25	2	23	1	21	1	18	2	14	4	10	7	7	11	5	16	4	22	3	28	3	35	3	42	3	48	4	53	6	57	8	60	11	62	15	63	20	64	26	66	32	67	38	67	43	66	47	64	50	63	52	63	53	63	53	63	
55:
53	1.464	51	45	52	45	53	45	55	44	58	42	61	39	63	35	65	30	66	25	66	20	65	16	63	11	60	6	56	2	51	-2	45	-5	38	-7	30	-8	23	-8	17	-7	12	-5	8	-2	4	1	1	5	-1	10	-2	16	-2	22	-1	27	1	31	4	34	8	36	13	37	18	37	22	37	25	36	27	36	28	37	28	39	28	42	28	46	27	50	27	54	28	57	30	59	33	60	35	60	38	59	42	57	45	54	48	51	50	48	51	46	51	45	51	45	
56:
56	44.022	19	17	18	16	16	14	15	11	15	8	16	6	18	4	20	3	23	3	25	4	26	6	26	9	26	13	26	18	25	24	23	30	20	36	16	42	11	47	6	53	2	59	-1	65	-3	70	-4	74	-4	77	-3	79	-1	80	2	80	4	79	6	77	9	74	13	70	18	67	23	65	29	64	36	64	42	65	47	67	51	68	54	70	56	71	58	71	59	70	59	68	58	65	56	61	53	56	49	51	45	45	40	38	34	32	29	27	25	23	22	20	20	18	19	17	19	17	
57:
59	20.41	30	39	30	40	31	42	32	45	34	47	37	48	41	48	45	49	50	50	56	52	62	55	67	59	71	62	74	66	76	70	77	73	77	75	76	78	74	82	71	85	67	87	62	88	56	88	49	87	41	85	32	82	24	78	17	73	11	67	6	60	2	52	-1	44	-3	37	-4	31	-4	26	-3	22	-1	19	2	17	6	16	11	16	16	16	21	15	27	13	32	12	36	12	39	13	41	15	43	18	45	20	46	23	46	27	45	30	43	32	40	33	38	35	36	37	33	38	31	39	30	39	30	39	
58:
56	3.214	9	45	8	44	7	42	7	39	8	36	10	32	13	28	17	23	22	19	26	15	29	10	33	6	36	3	40	1	45	0	49	0	52	1	54	3	55	6	55	10	54	15	53	20	53	26	52	33	50	41	48	48	47	55	47	61	48	66	50	70	53	73	57	76	62	78	67	80	71	81	74	81	76	80	77	78	77	75	76	71	74	66	71	60	68	54	64	48	59	43	54	39	48	36	43	34	37	33	30	33	24	34	19	36	15	39	12	42	10	44	9	45	9	45	
59:
66	104.904	68	54	67	53	65	53	63	54	60	55	56	55	51	55	45	54	38	52	30	50	23	48	17	47	12	47	8	48	5	50	3	53	2	57	2	60	3	64	5	68	8	71	12	74	17	76	23	77	30	77	38	76	45	76	51	75	56	73	60	70	64	66	67	61	69	55	70	48	70	40	69	32	67	24	64	17	60	11	55	6	49	2	42	-1	35	-3	28	-4	22	-4	17	-3	13	-1	10	2	8	5	7	7	7	10	8	14	10	19	13	23	17	26	22	30	28	33	35	35	41	38	47	42	53	46	58	49	62	51	65	53	67	54	68	54	68	54	
60:
54	1.455	79	44	78	45	78	47	78	50	77	53	76	56	74	59	71	61	67	62	63	62	60	61	58	60	56	60	54	61	52	62	49	62	45	61	40	59	34	56	29	53	25	49	21	44	18	38	16	32	15	27	13	21	11	15	10	10	9	6	9	3	10	1	12	0	15	0	19	1	24	2	28	3	33	3	39	2	44	0	48	-1	52	-1	55	0	57	2	58	5	58	9	59	14	60	19	62	25	65	30	69	34	73	38	76	41	78	43	79	44	79	44	
61:
61	54.129	55	70	54	69	52	69	49	68	45	67	41	65	38	62	36	58	35	53	34	47	34	40	34	34	35	29	37	25	40	22	43	20	46	19	48	18	49	17	49	15	48	12	46	9	43	7	39	6	35	6	30	7	25	9	19	12	14	16	10	20	7	24	5	28	4	31	4	34	5	37	7	41	10	45	14	50	19	55	25	61	32	66	38	70	44	73	51	75	58	76	64	76	69	75	73	74	76	72	78	69	79	66	79	63	78	61	76	60	73	60	69	61	65	62	61	64	58	67	56	69	55	70	55	70	
62:
67	101.682	31	67	30	66	28	64	26	61	24	58	23	55	23	52	24	50	26	49	29	49	33	49	38	49	44	48	50	46	57	43	63	39	68	34	72	28	75	23	77	19	78	15	78	12	77	9	75	7	72	5	68	4	63	4	57	5	51	7	45	9	38	10	31	11	24	13	18	15	13	17	9	18	6	18	4	19	3	20	3	20	4	19	6	19	9	20	13	22	18	25	24	27	31	29	37	32	44	36	50	41	55	47	59	53	62	60	64	66	65	71	65	75	64	78	62	80	59	81	55	81	50	80	46	78	41	75	37	73	34	70	32	68	31	67	31	67	
63:
56	53.241	11	18	11	17	12	15	14	14	16	14	19	15	21	17	22	20	22	24	22	29	23	35	25	42	28	50	32	57	35	63	37	68	39	72	41	75	42	77	42	78	41	78	39	77	38	75	36	72	34	68	33	63	33	57	34	51	36	45	39	40	43	36	48	33	54	31	59	30	63	30	67	29	70	27	72	24	73	20	73	16	73	12	72	9	70	7	67	6	63	6	58	6	52	5	46	4	39	4	32	5	26	7	21	10	17	13	14	15	12	17	11	18	11	18	
64:
58	13.358	6	32	7	31	9	29	12	26	16	22	21	19	26	17	32	15	38	14	44	12	51	9	57	7	62	6	66	6	70	7	73	9	75	12	76	16	76	21	75	26	73	30	70	33	66	37	61	41	56	46	50	50	44	53	38	57	33	61	29	66	26	70	24	73	23	75	23	77	24	78	26	79	29	79	33	79	38	78	42	76	45	73	48	69	50	65	51	62	51	60	50	58	48	56	45	55	41	53	36	52	30	50	25	47	21	44	16	40	12	37	9	35	7	33	6	32	6	32	
65:
60	131.388	68	13	67	12	65	10	63	7	62	4	61	2	61	1	62	0	64	0	67	1	71	3	74	6	78	10	83	15	87	21	90	28	92	35	93	43	94	50	95	56	95	61	94	65	92	69	89	72	86	74	82	75	79	75	76	74	72	72	67	70	62	67	56	64	49	62	41	60	34	59	27	59	21	59	16	60	12	60	9	61	7	61	6	60	6	59	7	59	9	60	12	60	16	59	21	57	26	55	32	52	39	49	45	45	50	40	54	34	57	28	61	23	64	19	66	16	67	14	68	13	68	13	
66:
48	9.249	34	75	35	74	37	72	38	69	39	65	39	60	38	54	36	47	35	39	35	32	36	26	36	21	35	17	33	14	31	12	30	11	30	11	31	12	33	14	34	17	34	21	33	24	32	26	30	27	27	27	23	26	18	24	12	23	7	22	3	22	0	23	-2	25	-3	28	-3	31	-2	35	0	39	3	42	7	44	12	46	16	48	20	51	24	55	27	60	29	65	31	69	33	72	34	74	34	75	34	75	
67:
62	46.812	74	20	73	21	73	23	73	26	73	30	73	34	72	39	70	45	67	51	63	56	58	60	53	63	48	66	44	68	41	69	39	69	37	68	35	66	32	63	28	59	23	54	17	50	10	46	4	41	-1	35	-5	28	-8	22	-10	17	-11	12	-11	8	-11	5	-10	3	-8	2	-5	2	-1	3	3	5	8	8	13	12	19	17	26	22	32	26	37	29	41	31	44	32	46	32	47	31	47	29	46	26	46	22	46	17	47	13	49	10	51	8	54	7	58	7	63	8	67	10	70	12	72	14	73	17	73	19	74	20	74	20	
68:
55	52.512	4	54	5	53	6	51	6	48	7	44	9	40	12	36	16	33	20	31	24	28	27	24	30	19	32	15	33	12	33	9	32	6	30	4	27	3	23	3	18	4	12	6	7	9	3	13	0	18	-2	24	-3	31	-3	37	-2	42	0	46	3	49	7	51	12	52	18	52	25	53	32	55	38	56	43	56	47	55	50	54	52	54	53	55	53	57	52	60	50	62	47	63	43	63	38	63	32	62	25	60	19	57	14	55	10	54	7	54	5	54	4	54	4	54	
69:
61	154.61	6	77	6	76	5	74	5	71	6	67	6	62	6	56	6	49	6	41	7	34	9	28	12	22	16	17	21	13	27	10	34	8	41	7	48	7	54	8	59	10	63	13	66	17	68	22	69	28	69	34	68	39	66	44	63	50	60	57	57	63	55	68	54	72	54	75	55	77	57	78	60	78	64	77	68	75	71	72	73	68	74	63	74	58	74	52	73	47	72	43	70	40	67	38	63	37	58	37	53	38	47	40	41	43	34	47	27	52	21	57	16	62	12	67	9	71	7	74	6	76	6	77	6	77	
70:
61	32.941	61	61	62	62	62	64	61	67	59	71	58	74	56	76	53	77	49	77	44	76	40	74	35	71	31	67	27	62	22	57	18	52	13	48	9	45	6	43	4	42	3	42	3	41	4	41	6	41	9	40	13	39	17	37	20	35	22	32	23	28	23	23	22	17	21	12	20	8	20	5	21	3	23	2	26	2	30	3	35	5	39	8	43	12	46	16	48	20	49	23	50	26	50	28	49	29	47	29	45	30	44	32	44	35	45	37	47	40	50	43	54	47	57	51	59	55	60	58	61	60	61	61	61	61	
71:
51	124.723	4	74	4	73	4	71	4	68	5	65	7	61	10	56	14	50	19	44	25	39	32	35	40	32	47	29	53	27	60	26	66	26	71	27	75	29	78	32	80	34	81	37	81	39	80	40	78	40	75	39	72	37	68	34	63	30	57	26	50	22	44	19	39	17	35	16	31	16	27	15	24	15	22	16	21	18	20	21	18	25	15	30	12	36	8	42	5	47	3	53	2	59	2	64	3	68	4	71	4	73	4	74	4	74	
72:
50	13.242	50	22	51	21	53	20	56	20	59	19	61	17	62	16	62	16	61	17	59	17	56	16	53	15	49	14	44	14	38	15	31	15	24	14	18	13	13	13	9	14	6	15	4	17	3	20	3	24	4	28	5	31	7	33	10	34	14	34	19	33	25	32	32	32	40	32	47	33	53	35	58	38	62	41	65	43	67	44	68	44	68	44	67	43	65	41	62	38	58	35	55	32	53	28	52	25	51	23	50	22	50	22	
73:
61	42.129	1	38	0	37	-1	35	-2	32	-4	28	-5	23	-5	18	-4	14	-2	11	1	9	5	8	10	7	15	7	21	8	28	10	36	11	44	11	52	10	59	9	65	9	70	9	74	10	77	12	79	15	80	19	80	24	79	29	77	34	74	38	70	41	65	43	59	44	53	44	47	44	42	45	38	47	35	48	33	48	32	49	32	51	33	54	35	58	38	63	42	67	45	70	47	72	48	73	48	73	47	72	45	70	42	67	38	63	33	60	28	57	22	53	16	48	11	44	7	41	4	39	2	38	1	38	1	38	
74:
67	194.531	9	17	10	18	12	20	15	23	18	27	22	30	27	32	31	33	35	33	40	32	44	31	47	31	49	32	50	34	50	37	49	41	47	45	44	48	40	50	35	52	30	53	26	53	23	54	21	55	20	57	20	60	21	64	23	68	26	71	30	73	35	74	41	74	48	73	55	71	61	68	66	64	70	59	73	53	77	46	80	38	82	31	83	25	83	20	82	16	80	13	77	11	73	10	68	10	63	11	59	13	55	14	52	14	50	13	49	11	48	8	47	6	45	4	42	2	38	1	33	1	27	2	22	4	18	7	15	11	12	14	10	16	9	17	9	17	
75:
61	14.585	11	6	12	7	13	9	14	12	14	16	13	20	11	24	9	29	8	34	7	40	7	45	8	50	10	54	13	57	17	60	22	63	28	67	34	70	41	72	49	73	56	74	62	74	67	73	71	71	74	68	76	64	77	61	77	59	76	58	74	56	71	53	67	50	62	48	58	46	55	43	52	39	50	34	49	29	49	24	50	20	52	17	55	15	58	14	61	12	63	9	64	7	64	6	63	5	61	4	58	2	54	1	50	0	45	0	39	1	32	3	26	4	21	5	17	6	14	7	12	7	11	6	11	6	
76:
52	20.721	11	25	12	26	14	28	15	31	15	35	15	39	14	42	12	45	9	49	6	53	4	58	3	64	3	69	4	73	5	76	7	78	10	79	14	79	17	78	19	76	20	73	22	69	25	64	27	58	30	52	33	46	37	40	42	35	47	31	53	28	59	26	64	25	68	25	71	26	73	28	74	31	74	35	73	38	71	40	68	41	64	41	59	40	53	39	46	39	39	39	32	38	26	36	21	34	17	31	14	28	12	26	11	25	11	25	
77:
68	902.624	54	25	53	24	51	22	48	19	44	17	39	16	33	15	27	15	21	14	16	14	12	15	9	17	7	20	6	24	6	29	7	35	9	42	12	48	16	54	21	61	27	67	34	72	41	76	48	79	54	81	59	82	63	82	66	81	68	81	69	80	69	78	68	77	66	75	63	73	59	70	54	66	48	61	41	55	34	48	28	42	23	37	19	33	16	30	14	27	13	25	13	24	14	23	16	22	19	20	23	17	28	13	34	9	40	5	46	2	52	-1	57	-3	61	-4	64	-4	66	-3	67	-1	67	2	66	6	65	11	63	15	60	19	57	22	55	24	54	25	54	25	
78:
62	39.487	33	65	32	64	30	63	27	63	25	64	23	66	22	69	22	73	23	76	25	78	28	79	32	79	37	78	43	76	50	73	56	70	62	66	67	61	71	56	74	50	76	43	77	36	77	29	76	23	74	18	72	14	69	11	65	9	60	7	54	6	47	6	40	6	32	5	25	3	19	2	14	2	10	2	7	3	5	5	4	6	4	8	5	11	7	15	10	19	14	22	19	24	24	25	29	25	34	26	38	28	42	30	45	33	47	37	48	41	48	45	47	49	45	54	42	58	39	61	36	63	34	64	33	65	33	65	
79:
57	29.048	19	56	18	57	18	59	17	62	15	65	14	69	14	72	15	74	17	75	20	75	24	74	29	72	34	69	39	65	43	60	46	54	50	48	53	42	55	35	58	29	60	24	61	20	61	17	62	14	63	12	65	11	68	11	70	12	71	14	72	17	74	21	76	26	77	32	77	39	78	45	80	50	81	55	81	60	80	65	78	69	75	72	72	74	68	75	63	75	59	74	56	72	54	70	51	67	48	63	44	59	39	56	34	54	29	53	25	53	22	54	20	55	19	56	19	56	
80:
50	6.548	41	55	40	54	38	53	35	51	33	49	32	46	32	42	31	37	29	31	26	26	22	22	19	18	17	15	16	13	15	12	15	12	16	12	18	13	20	15	23	16	27	16	32	15	37	13	41	11	44	8	46	6	49	5	52	5	56	6	59	8	61	11	62	15	62	20	63	26	64	33	65	40	65	46	64	52	62	57	61	61	60	64	58	66	55	67	51	67	48	66	46	64	44	61	42	58	41	56	41	55	41	55	
81:
53	33.659	56	38	55	38	53	39	50	41	48	44	47	48	46	52	46	57	47	62	49	66	52	69	55	71	59	72	63	72	66	71	68	69	69	66	69	62	70	57	70	51	69	44	67	37	64	30	60	24	55	19	49	15	43	12	36	10	28	9	21	9	15	10	10	11	6	13	3	15	1	17	0	20	0	22	1	23	3	23	6	22	10	22	15	21	21	21	28	21	35	21	41	22	46	24	50	27	53	31	55	34	56	36	56	37	56	38	56	38	
82:
67	263.976	65	19	64	19	62	20	59	22	55	23	52	23	50	22	49	20	49	17	50	13	50	10	49	7	48	5	47	3	45	2	43	2	41	3	38	5	34	8	30	12	27	17	23	23	18	29	14	35	10	41	7	46	4	52	2	58	1	63	1	67	2	70	2	72	1	73	-1	73	-2	72	-2	70	-1	67	1	64	2	60	4	55	5	51	7	48	10	46	14	45	19	45	25	46	32	48	40	51	49	55	57	59	64	62	70	64	75	65	79	65	82	64	84	62	85	59	85	55	85	51	84	46	82	40	79	34	75	29	71	25	68	22	66	20	65	19	65	19	
83:
61	35.858	45	48	46	48	48	48	50	47	51	45	51	42	50	38	48	35	45	33	41	32	37	30	33	29	29	28	24	28	19	29	13	31	8	34	4	37	1	41	-1	46	-2	52	-2	57	-1	61	1	64	4	66	8	67	13	67	19	67	26	67	32	68	39	70	46	72	53	73	59	73	64	72	68	70	71	67	73	63	75	58	76	52	76	45	75	38	75	32	74	27	73	22	71	18	68	15	64	13	59	12	54	12	50	13	47	15	45	18	44	22	43	27	43	33	43	38	43	42	44	45	45	47	45	48	45	48	
84:
59	23.79	8	72	9	71	10	69	11	66	13	62	14	57	16	52	19	48	23	44	26	41	28	38	29	36	29	35	28	35	27	36	27	38	27	41	28	44	30	47	33	51	37	55	42	58	47	60	51	62	55	64	58	65	60	65	62	64	63	62	64	59	66	55	69	50	71	45	73	39	74	33	74	26	73	20	71	15	68	11	64	8	59	6	53	5	46	5	38	6	31	8	25	11	20	15	16	20	13	26	10	32	8	39	7	46	7	52	8	57	9	62	10	66	10	69	9	71	8	72	8	72	
85:
65	64.703	26	78	25	77	24	75	22	72	19	68	15	63	11	58	7	52	3	45	0	37	-2	30	-3	23	-3	17	-2	12	-1	8	1	5	4	3	8	2	13	2	19	3	25	5	31	8	36	12	40	15	43	18	45	20	48	21	51	21	55	20	58	18	60	15	61	11	61	8	60	6	58	5	55	5	51	6	47	8	43	11	40	15	37	20	35	25	34	29	34	32	35	34	37	35	40	36	44	38	48	41	51	45	53	50	54	56	55	63	56	69	56	74	55	78	53	81	50	83	46	84	41	84	36	84	32	83	29	81	27	79	26	78	26	78	
86:
55	11.252	33	18	34	19	34	21	35	24	37	28	39	33	42	38	44	44	45	49	46	53	46	57	45	61	43	64	40	66	36	67	31	68	26	68	22	67	18	66	15	65	13	63	12	60	12	56	13	51	15	45	17	38	18	30	18	23	17	17	17	12	18	8	20	5	23	3	27	2	32	2	38	2	44	3	49	5	53	8	57	12	60	16	62	20	63	23	63	27	63	30	62	32	60	33	57	33	53	32	48	30	43	27	39	24	36	21	34	19	33	18	33	18	
87:
51	12.159	28	16	29	15	30	13	30	10	29	7	27	5	24	3	22	2	21	0	21	-3	22	-7	23	-10	25	-14	28	-17	32	-19	37	-20	43	-20	50	-19	56	-17	61	-14	65	-10	68	-5	70	1	71	8	71	15	70	21	68	27	67	34	65	40	63	46	61	51	60	55	60	58	60	60	59	61	59	61	60	60	60	58	59	55	59	51	58	46	56	41	53	36	49	32	44	29	40	27	37	25	34	22	31	19	29	17	28	16	28	16	
88:
62	27.541	49	22	50	23	51	25	53	26	56	26	60	27	65	27	70	26	74	24	77	21	79	17	80	12	80	7	79	2	77	-2	74	-5	70	-7	65	-8	59	-8	52	-7	44	-6	36	-4	29	-1	23	2	17	5	12	8	8	12	5	17	3	23	2	28	2	34	3	40	5	45	8	49	11	52	14	54	18	55	23	55	29	55	36	55	42	56	47	58	51	61	54	64	57	67	60	69	64	70	68	70	71	69	73	67	74	64	74	60	74	55	73	50	71	45	68	41	64	37	59	32	55	28	52	25	50	23	49	22	49	22	
89:
53	13.462	14	17	15	16	17	16	20	17	24	18	29	18	35	17	40	16	44	16	47	16	49	17	51	19	52	22	52	26	52	31	53	37	55	43	58	48	62	52	66	55	70	57	73	58	75	58	76	58	76	58	75	59	73	59	70	60	66	62	61	65	55	69	48	73	42	76	35	78	29	79	24	79	20	78	16	78	13	77	11	75	9	72	8	68	8	63	9	57	11	51	14	45	16	38	17	32	17	27	16	23	15	20	14	18	14	17	14	17	
90:
61	41.795	78	20	77	19	75	18	72	16	70	14	67	13	63	13	60	14	58	15	57	17	57	20	57	24	58	29	60	35	63	42	65	49	66	55	66	60	67	64	67	68	66	71	64	73	63	74	62	74	62	73	62	71	61	68	59	65	56	62	52	60	47	59	41	59	34	60	27	60	20	59	14	57	9	54	5	50	2	45	0	40	-1	35	-1	31	0	28	2	24	5	20	9	17	14	14	20	12	26	9	32	6	39	4	47	3	54	3	60	4	65	6	69	9	72	13	75	16	77	18	78	19	78	20	78	20	
91:
64	111.7	34	55	33	56	31	58	29	61	26	65	23	69	21	72	20	74	20	75	21	75	23	74	26	72	30	69	35	66	41	64	48	63	54	63	59	64	63	65	66	66	68	66	70	65	71	64	71	62	70	59	68	55	65	50	61	44	56	37	51	30	47	24	43	18	40	13	38	9	35	5	32	2	28	0	25	-1	23	-1	22	0	22	2	22	5	23	9	24	14	24	20	23	25	21	29	18	32	14	34	10	35	7	35	5	35	4	35	4	36	5	38	7	39	10	41	14	43	19	46	24	49	28	52	31	54	33	55	34	55	34	55	
92:
50	20.078	63	72	64	71	65	69	65	66	64	62	62	57	60	51	57	46	53	41	48	36	44	32	39	29	34	27	30	26	26	26	23	27	21	29	20	32	20	35	21	39	21	44	20	48	19	51	17	53	14	56	12	58	11	59	10	59	10	58	11	56	13	55	16	54	20	54	25	54	29	55	32	57	34	60	35	64	35	69	35	73	36	76	38	78	41	79	44	80	48	80	53	79	57	77	60	75	62	73	63	72	63	72	
93:
57	9.348	39	48	40	49	40	51	41	54	43	57	46	60	50	62	55	63	61	63	66	62	70	60	73	57	75	53	76	48	76	42	75	35	73	28	72	21	72	15	72	10	71	6	69	3	67	1	64	0	60	0	55	1	49	3	42	5	34	8	26	11	19	14	12	18	6	23	1	29	-3	36	-6	44	-8	52	-9	59	-9	65	-8	70	-6	74	-3	77	0	79	4	80	8	80	11	79	13	77	14	74	15	70	17	65	20	61	24	57	29	54	33	51	36	49	38	48	39	48	39	48	
94:
63	272.288	0	4	1	5	3	7	4	10	4	14	4	19	3	25	2	32	0	39	-3	46	-5	53	-6	59	-6	64	-5	68	-3	71	0	73	4	74	9	74	15	73	21	71	28	68	36	66	43	63	49	61	54	60	59	60	63	60	66	59	68	57	69	54	69	50	68	46	66	42	63	38	61	34	60	30	58	27	55	25	51	24	47	24	44	25	42	27	41	30	41	34	42	38	44	41	46	44	48	46	49	47	49	47	48	46	46	45	43	43	39	40	34	36	28	31	21	25	15	19	10	14	6	10	3	7	1	5	0	4	0	4	
95:
55	18.371	66	54	67	53	69	51	70	48	70	44	69	40	67	37	64	35	60	34	55	34	49	35	44	36	40	38	37	41	35	43	34	46	32	48	30	49	27	49	25	48	22	46	18	43	13	39	9	34	6	28	4	21	3	15	3	9	3	4	4	0	6	-3	9	-6	13	-8	18	-9	24	-10	31	-10	39	-9	47	-7	54	-4	60	0	65	4	70	8	74	12	77	16	79	21	81	27	82	34	82	40	81	45	79	49	76	52	72	54	69	55	67	55	66	54	66	54	
96:
60	44.147	45	39	46	40	48	40	51	41	55	43	60	45	65	48	70	50	74	51	77	51	79	50	80	48	82	45	85	41	87	36	88	30	89	23	89	17	88	12	86	8	83	5	79	3	74	2	68	2	62	2	55	2	49	3	43	5	38	7	33	10	29	14	26	19	24	25	21	31	18	36	15	40	13	43	12	45	12	46	13	46	13	45	14	43	16	40	19	36	23	31	28	26	33	22	37	19	40	17	44	16	47	16	50	17	52	19	53	22	53	25	52	29	50	33	48	36	46	38	45	39	45	39	
97:
59	28.949	39	27	38	28	36	30	33	33	29	35	26	38	22	41	18	45	14	49	9	52	5	54	2	55	-1	55	-3	54	-4	52	-4	49	-4	45	-3	40	-1	34	2	28	6	23	10	19	15	16	21	14	28	13	36	13	44	14	52	16	59	19	65	23	70	28	74	34	77	40	79	47	80	53	80	58	79	62	77	65	74	69	70	72	66	74	61	76	55	77	49	77	44	77	40	76	37	74	35	71	34	67	34	62	35	58	35	53	36	47	38	42	39	37	39	33	39	30	39	28	39	27	39	27	
98:
65	114.586	4	57	5	58	6	60	8	63	11	67	15	72	20	76	26	79	32	81	39	82	47	82	54	81	60	79	65	77	69	74	72	72	74	70	75	68	75	65	74	61	72	56	69	51	65	47	60	44	54	42	47	41	40	41	32	41	25	40	19	38	14	35	10	31	7	27	5	24	4	20	4	17	5	14	7	12	10	11	14	11	19	12	25	14	32	15	38	15	43	14	47	12	51	11	54	11	56	12	57	14	57	16	56	18	54	21	51	25	47	30	42	35	36	41	30	46	25	50	19	53	14	55	10	56	7	56	5	56	4	57	4	57	
99:
60	14.922	31	62	32	63	34	63	36	62	39	60	41	57	42	53	42	48	41	43	39	39	37	36	34	33	31	29	29	24	28	19	28	15	27	12	25	10	22	9	19	9	16	10	12	11	9	12	7	12	6	11	6	9	7	6	9	3	12	0	15	-3	19	-5	24	-6	30	-6	36	-5	42	-3	47	0	51	4	56	9	62	15	67	22	71	30	74	39	76	47	78	54	79	60	79	65	79	69	78	73	76	76	73	78	69	79	64	79	58	78	52	76	46	73	41	71	37	68	34	65	32	63	31	62	31	62	