0:
48	3.49	91	8	90	7	88	5	85	2	81	0	76	-1	70	-1	63	0	55	0	46	-1	36	-1	27	0	19	2	12	5	6	9	1	14	-3	20	-6	27	-8	35	-9	44	-10	53	-10	61	-9	68	-8	74	-7	79	-6	83	-4	86	-1	88	2	89	6	89	11	88	17	86	23	83	30	79	37	74	43	68	48	61	52	53	55	44	59	36	64	29	70	23	76	18	81	14	85	11	88	9	90	8	91	8	91	8	
1:
47	0.712	35	62	34	61	33	60	31	58	28	55	25	51	23	46	22	40	22	35	23	31	25	27	28	24	32	22	36	21	41	21	47	22	52	24	56	27	59	31	61	36	62	42	64	48	67	54	71	59	76	65	82	72	87	78	91	83	94	87	96	90	97	92	97	93	96	93	94	93	91	93	87	92	82	90	76	87	69	83	63	80	56	77	50	75	45	72	41	68	38	65	36	63	35	62	35	62	
2:
48	0.183	66	31	67	31	69	32	72	33	76	34	81	36	87	38	92	41	96	45	99	50	101	56	102	62	102	68	101	73	99	77	96	80	92	82	87	83	81	84	74	84	66	83	57	81	47	78	38	74	30	69	23	63	17	57	12	52	8	48	5	44	3	39	2	35	2	32	3	30	5	29	8	29	12	30	17	32	23	34	30	36	38	37	45	37	51	36	56	34	60	32	63	31	65	31	66	31	66	31	
3:
43	0.553	79	17	78	18	77	19	75	21	72	22	68	22	63	21	57	19	50	17	44	16	39	16	35	17	31	19	28	22	26	26	25	30	25	35	26	41	28	47	31	52	34	56	38	61	43	66	48	70	54	73	61	75	68	76	75	76	81	75	86	73	90	70	93	66	95	61	96	55	96	48	95	42	93	36	90	31	87	27	85	23	82	20	80	18	79	17	79	17	
4:
43	0.625	27	37	26	38	25	40	24	43	23	47	23	52	24	58	24	65	24	73	23	80	21	86	20	92	20	97	21	101	23	104	26	106	30	107	35	107	41	106	48	104	55	101	62	97	68	92	73	88	77	84	80	81	82	77	83	72	83	67	82	63	80	60	77	57	73	55	68	53	62	50	55	46	48	42	42	39	37	37	33	36	30	36	28	36	27	37	27	37	
5:
46	1.127	7	16	8	15	10	15	13	16	17	17	22	18	28	20	34	23	41	25	48	28	54	32	60	37	66	41	71	44	75	47	78	49	80	51	81	54	81	58	80	63	78	68	75	74	71	79	66	83	60	87	53	90	46	92	40	93	34	93	29	92	25	90	22	87	19	83	17	78	15	72	13	65	12	59	12	52	12	44	11	37	9	31	7	26	6	22	6	19	6	17	7	16	7	16	
6:
46	0.932	79	61	80	60	81	58	83	57	85	55	86	52	86	48	85	43	83	38	80	34	76	31	71	29	65	27	58	24	52	22	47	21	42	21	38	22	34	24	29	27	23	31	18	36	13	41	9	47	6	54	4	62	2	69	1	76	1	82	2	87	4	91	7	94	11	96	16	97	22	97	28	96	35	94	43	91	51	87	58	82	64	76	69	71	73	67	76	64	78	62	79	61	79	61	
7:
45	0.913	22	92	23	93	24	95	26	97	29	98	33	98	38	97	42	95	46	92	50	88	55	84	59	79	62	73	64	66	65	59	65	51	64	42	62	34	59	27	55	21	50	16	44	12	37	9	31	7	25	6	20	6	16	6	13	7	11	9	10	12	10	16	11	21	13	27	16	33	20	40	23	48	25	56	26	64	26	71	26	77	25	82	24	86	23	89	22	91	22	92	22	92	
8:
47	6.054	74	34	75	33	77	32	79	30	82	27	86	24	90	22	93	21	95	21	96	22	96	24	95	27	93	31	92	36	91	42	90	49	88	57	86	64	83	72	79	80	74	87	68	93	61	98	53	102	46	105	39	107	33	109	28	110	24	110	21	109	19	107	18	104	18	100	19	95	21	89	24	82	28	74	33	66	39	59	46	53	53	48	59	44	64	41	68	39	71	37	73	35	74	34	74	34	
9:
42	0.291	86	23	87	24	89	25	92	25	95	24	97	23	98	21	98	18	97	14	95	10	92	7	88	5	83	4	77	4	71	5	65	7	59	10	54	14	50	19	47	25	45	32	43	38	42	43	42	49	43	54	44	58	46	61	49	63	53	64	57	64	62	63	68	61	73	58	77	54	80	49	82	43	83	38	83	33	83	29	84	26	85	24	86	23	86	23	
10:
48	1.797	14	50	15	51	17	53	20	54	24	54	28	53	33	52	39	50	45	47	50	43	54	38	57	33	59	29	61	26	63	24	66	23	68	23	70	24	73	26	76	29	80	33	84	38	87	44	89	51	90	57	90	64	90	71	90	77	89	82	87	86	84	90	80	93	75	95	69	96	62	96	55	95	49	93	44	90	39	86	35	81	32	75	30	69	27	64	24	60	20	56	17	53	15	51	14	50	14	50	
11:
42	0.254	40	29	41	28	43	27	46	27	50	28	55	30	59	33	64	37	68	41	71	46	74	52	76	58	77	63	77	67	76	70	74	72	71	73	67	73	62	72	56	71	49	71	41	71	34	72	27	73	21	75	16	76	12	76	9	77	7	77	6	76	6	74	7	71	9	67	12	62	16	56	20	50	25	44	30	39	34	35	37	32	39	30	40	29	40	29	
12:
39	0.147	11	59	12	58	14	56	17	53	21	51	25	48	30	44	36	41	43	38	50	36	57	35	63	35	68	36	72	38	75	41	77	45	78	50	78	55	77	61	75	68	72	74	68	80	63	85	57	89	50	92	42	94	35	95	29	95	24	94	20	92	17	89	13	85	10	80	8	74	7	69	7	65	8	62	10	60	11	59	11	59	
13:
45	2.251	69	10	68	10	66	11	63	12	59	14	54	17	50	20	47	22	44	23	42	23	41	22	41	21	42	21	44	22	47	24	50	26	53	29	55	33	56	38	56	44	57	51	59	58	62	64	66	69	70	73	75	76	81	78	87	79	92	79	96	78	99	76	101	73	102	69	102	64	101	58	99	51	96	43	92	36	87	30	82	25	78	20	75	16	72	13	70	11	69	10	69	10	
14:
48	0.559	37	90	36	89	34	88	31	86	27	83	22	81	16	79	11	77	7	74	4	70	2	67	1	65	1	62	2	59	4	56	7	54	11	53	16	53	22	52	28	50	35	48	43	47	52	47	61	48	69	49	76	51	82	53	87	54	91	56	94	59	96	63	97	68	97	74	96	81	94	87	91	92	87	96	82	99	76	101	69	102	62	102	56	101	51	99	47	98	43	96	40	93	38	91	37	90	37	90	
15:
39	0.826	13	90	14	91	16	93	19	94	23	95	27	95	32	94	36	92	39	89	41	85	42	80	42	74	41	67	41	59	40	51	38	44	37	38	37	33	36	29	34	26	31	24	28	23	24	23	20	24	17	26	15	29	14	33	14	38	14	44	14	51	14	59	15	66	17	72	18	77	18	81	17	84	16	87	14	89	13	90	13	90	
16:
55	4.486	66	48	67	47	69	47	72	48	76	50	81	53	85	56	88	60	90	65	91	71	91	78	90	84	88	90	85	95	81	99	76	102	70	104	63	105	55	105	46	104	36	102	26	99	17	96	9	92	1	87	-6	81	-12	74	-17	66	-21	57	-24	47	-26	38	-27	30	-27	23	-26	17	-25	12	-23	8	-20	5	-16	3	-12	2	-7	2	-1	3	4	5	8	8	12	12	17	17	23	23	30	29	38	34	45	38	51	41	56	43	60	45	63	47	65	48	66	48	66	48	
17:
54	1.832	91	85	92	84	94	82	96	79	97	75	98	70	99	64	99	57	98	49	96	42	93	36	90	31	86	27	81	24	75	22	68	20	60	19	51	19	43	20	35	21	28	21	22	20	17	18	13	15	10	11	8	7	7	4	5	2	2	1	-2	1	-5	2	-7	4	-8	7	-8	11	-7	16	-5	22	-2	29	2	37	7	46	12	55	18	63	25	70	33	76	42	81	50	85	57	88	64	90	70	91	76	91	81	90	85	88	88	86	90	85	91	85	91	85	
18:
38	0.251	43	56	44	57	46	57	49	56	53	54	58	52	63	49	67	45	71	40	74	34	76	28	77	22	77	16	76	11	74	7	71	4	67	2	62	1	57	1	51	2	44	2	38	3	33	5	29	7	26	10	23	14	21	18	20	23	20	29	21	34	23	38	26	41	29	43	33	46	37	50	40	53	42	55	43	56	43	56	
19:
50	3.016	11	33	10	34	10	36	11	39	13	43	14	48	15	54	16	59	17	64	17	68	18	72	19	75	19	77	20	78	22	78	25	77	29	75	33	72	37	68	42	63	48	57	54	52	60	48	67	45	74	43	80	42	85	40	89	37	92	33	94	28	95	22	95	17	94	12	92	8	89	5	86	3	82	2	77	2	71	3	64	4	56	6	47	9	39	13	32	18	26	23	21	27	17	30	14	32	12	33	11	33	11	33	
20:
42	1.345	86	31	85	32	83	34	81	37	80	41	78	45	75	50	72	56	69	63	67	69	64	74	60	78	55	81	49	83	42	84	34	84	27	83	21	81	16	78	12	74	9	69	7	63	6	57	6	52	7	47	8	43	10	40	13	38	17	37	22	35	28	32	35	28	42	25	50	23	58	22	65	22	71	23	76	25	80	28	83	30	85	31	86	31	86	31	
21:
45	1.612	79	42	78	43	76	43	73	43	70	42	67	40	65	38	64	35	64	31	65	26	67	21	68	17	69	14	69	12	68	11	66	11	64	12	63	14	61	17	60	21	58	26	57	32	57	39	58	46	60	54	63	61	67	67	72	72	78	76	83	79	88	81	92	82	95	82	97	81	98	79	99	76	99	72	98	68	96	63	93	57	89	52	85	48	82	45	80	43	79	42	79	42	
22:
44	0.079	78	81	79	80	81	80	84	79	88	77	91	74	93	70	94	65	94	59	93	52	91	45	88	38	84	31	80	24	75	18	69	13	62	9	54	6	46	4	38	3	31	3	25	4	20	6	16	9	13	13	11	17	10	22	10	27	11	33	13	38	16	42	20	45	25	47	31	49	38	52	45	56	52	59	58	62	63	66	68	71	72	75	75	78	77	80	78	81	78	81	
23:
40	1.937	93	14	92	15	90	16	87	17	83	18	78	19	72	19	66	20	61	22	57	25	53	29	50	34	46	38	41	41	35	43	29	44	24	46	20	48	17	51	15	55	14	60	14	64	15	67	17	69	20	70	24	70	29	69	35	67	42	64	49	60	55	55	61	49	66	42	72	35	78	29	83	24	87	20	90	17	92	15	93	14	93	14	
24:
47	0.857	49	87	48	88	46	90	43	92	39	93	34	93	28	92	21	90	15	87	10	83	5	78	1	72	-2	65	-4	59	-5	54	-5	50	-4	47	-2	45	1	44	5	44	10	45	16	47	22	50	28	54	35	59	42	65	49	72	57	78	64	83	70	87	75	90	79	93	82	95	84	96	85	96	85	95	84	94	82	93	79	92	75	91	70	90	64	89	59	89	55	89	52	88	50	87	49	87	49	87	
25:
49	0.476	47	19	48	18	50	16	53	13	57	10	60	6	63	3	65	1	66	0	66	0	65	1	63	3	60	6	56	10	51	15	45	21	39	27	34	34	28	41	23	49	19	58	16	66	14	73	13	80	13	86	14	91	16	95	19	98	23	100	28	101	34	101	41	100	47	98	52	95	56	91	59	87	61	82	62	76	62	69	61	61	59	53	56	46	54	40	53	34	53	29	52	25	50	22	48	20	47	19	47	19	
26:
43	6.781	4	10	5	11	7	13	10	16	12	20	13	25	13	31	12	38	11	45	10	51	10	56	11	60	13	63	16	65	20	66	25	66	31	65	38	63	46	60	53	56	59	51	64	45	68	38	71	31	73	25	74	19	74	14	73	10	71	7	68	4	64	2	59	1	53	1	47	2	40	3	32	5	25	8	19	10	14	11	10	12	7	12	5	11	4	10	4	10	
27:
38	0.312	78	47	77	48	75	48	72	47	68	45	65	42	61	38	56	33	52	29	49	26	46	24	44	22	43	21	43	21	44	21	46	22	49	24	53	27	58	31	64	36	70	42	75	49	79	55	82	60	84	64	85	67	86	69	88	70	90	70	91	69	91	67	90	64	88	60	86	57	84	53	81	50	79	48	78	47	78	47	
28:
45	2.342	49	10	48	9	46	8	43	6	39	5	34	5	28	6	23	8	19	11	16	15	14	20	13	26	12	33	12	41	13	50	15	58	18	65	20	71	21	76	21	80	21	83	22	85	22	86	22	86	23	85	24	83	26	80	29	76	33	71	38	65	44	59	50	54	55	50	59	47	62	45	64	43	65	40	65	36	64	31	62	25	59	20	55	16	52	13	50	11	49	10	49	10	
29:
52	7.575	25	82	24	81	22	79	20	76	19	72	19	67	20	62	22	57	25	53	29	49	34	46	40	44	47	43	55	43	63	44	70	45	76	45	81	44	85	42	88	39	90	35	91	30	91	24	90	18	88	12	85	7	81	3	76	0	70	-2	63	-3	55	-3	46	-2	37	-2	29	-1	22	1	16	4	11	7	7	11	4	16	2	22	1	29	1	37	2	44	4	50	7	56	10	61	14	67	17	72	19	76	22	79	24	81	25	82	25	82	
30:
50	0.894	35	37	34	38	32	40	29	43	25	46	22	48	19	49	17	50	16	52	16	55	17	58	19	62	22	66	26	70	31	73	37	75	43	78	50	80	57	81	65	82	74	82	83	81	91	79	98	76	104	72	109	67	113	61	116	54	118	46	119	38	119	30	118	23	116	17	113	12	109	8	104	5	98	3	91	2	85	2	80	3	75	5	69	8	62	12	56	17	50	22	45	27	41	31	38	34	36	36	35	37	35	37	
31:
49	1.452	80	70	79	70	77	70	74	70	70	70	65	70	59	71	52	72	44	72	36	72	29	73	22	75	16	77	11	78	7	78	4	77	2	77	1	78	1	79	2	79	4	78	7	77	11	75	16	72	22	68	28	63	33	57	39	50	46	44	53	38	61	33	68	29	74	26	79	24	84	23	88	23	92	24	95	26	97	29	98	33	98	38	97	43	95	49	93	55	90	60	86	64	83	67	81	69	80	70	80	70	
32:
51	2.253	95	46	94	47	92	49	89	52	85	56	80	61	76	67	72	73	67	79	63	84	60	88	58	91	57	93	57	94	58	94	58	93	57	91	55	88	52	84	48	79	43	74	37	68	31	61	24	53	18	44	13	36	9	29	6	23	4	18	3	14	3	11	4	9	6	8	9	8	11	9	14	11	18	14	23	18	29	22	35	27	42	32	50	36	59	40	67	44	74	47	80	49	85	50	89	50	92	49	94	47	95	46	95	46	
33:
48	3.016	1	87	2	86	4	84	6	81	7	77	7	73	7	68	7	62	8	55	10	47	11	40	13	34	16	29	20	24	25	20	31	17	38	15	46	14	54	14	63	15	71	17	78	20	84	24	89	29	93	34	96	40	98	47	99	55	99	62	98	68	96	73	93	77	89	80	84	82	78	83	71	83	63	83	54	84	46	86	37	87	29	87	22	87	16	86	11	86	7	86	4	86	2	87	1	87	1	87	
34:
49	1.15	38	99	37	98	36	96	34	93	32	90	29	86	25	81	21	75	16	68	12	60	9	51	7	43	6	35	6	28	7	22	9	17	12	13	16	9	21	6	27	4	34	2	42	1	51	1	59	1	66	2	74	4	81	7	87	11	92	16	96	22	99	29	101	37	102	46	102	55	101	63	99	70	96	76	92	81	87	85	81	88	74	90	66	91	59	92	53	94	48	96	44	97	41	98	39	98	38	99	38	99	
35:
45	4.322	15	73	15	72	16	70	17	67	19	65	22	64	26	63	29	63	31	64	34	66	37	69	41	73	46	77	51	82	57	86	64	90	70	93	75	95	80	96	84	96	87	95	89	93	90	90	90	86	89	81	87	75	84	70	80	65	75	61	69	57	62	54	54	52	46	51	39	49	32	48	26	48	21	49	17	51	14	54	12	58	11	63	11	67	12	70	14	72	15	73	15	73	
36:
47	0.045	88	23	88	22	88	20	88	17	87	13	86	9	84	5	81	2	78	0	74	-1	69	-1	63	0	57	2	50	5	43	9	37	14	32	19	28	25	24	32	21	40	17	48	14	57	12	65	9	72	7	78	6	83	6	87	6	90	7	92	8	93	10	93	13	92	17	90	22	87	28	83	35	78	43	72	52	65	60	57	67	50	73	44	78	38	82	33	85	29	87	26	88	24	88	23	88	23	
37:
42	0.066	39	61	38	60	37	58	37	55	38	51	40	46	43	41	47	35	52	30	57	26	63	23	70	21	77	20	83	20	88	21	92	23	95	26	97	30	98	35	98	41	97	48	95	56	94	64	92	71	89	77	85	82	81	86	78	89	76	91	74	92	71	92	67	91	62	89	56	86	51	82	47	77	44	72	41	68	39	65	38	63	38	62	39	61	39	61	
38:
44	1.103	3	4	2	5	2	7	3	10	5	14	8	19	12	25	17	32	23	39	30	47	38	54	46	60	55	65	64	69	72	72	79	74	85	75	90	75	94	74	97	72	100	69	102	65	103	60	103	54	102	47	100	41	98	34	95	28	91	23	86	19	80	15	73	11	65	8	57	6	48	4	39	2	31	1	24	1	18	1	13	0	9	0	6	1	4	3	3	4	3	4	
39:
45	0.252	41	25	42	26	44	28	47	31	51	34	56	38	62	43	68	48	74	52	80	55	85	57	89	58	92	58	94	57	95	55	95	52	94	49	92	47	89	45	85	44	80	44	74	45	67	47	59	50	50	54	42	58	35	61	29	63	24	64	20	64	17	63	14	61	12	58	11	54	11	49	12	45	14	42	17	39	21	37	26	36	31	34	35	31	38	28	40	26	41	25	41	25	
40:
41	1.607	50	62	49	61	48	59	47	56	47	52	48	48	49	43	51	37	54	30	56	24	57	18	58	13	58	9	57	6	55	4	52	3	48	3	43	4	37	6	32	9	28	13	25	18	23	24	22	30	22	35	21	40	20	45	18	49	17	52	17	56	18	60	20	63	23	65	27	66	32	66	37	65	41	65	44	64	47	63	49	63	50	62	50	62	
41:
36	0.058	51	40	50	41	48	43	45	46	42	48	40	49	39	49	39	48	39	46	40	43	42	39	45	34	49	28	54	23	59	18	65	14	72	11	78	9	83	8	87	8	90	9	92	11	93	14	93	17	92	19	90	20	87	21	83	22	78	24	72	25	66	27	61	30	57	34	54	37	52	39	51	40	51	40	
42:
46	0.253	5	53	6	52	8	50	10	47	13	44	15	40	17	36	18	31	18	25	18	20	18	16	19	13	21	11	24	10	28	10	33	11	39	13	44	16	48	20	51	25	53	31	54	38	54	45	55	53	55	61	54	68	52	74	49	79	45	84	40	88	34	91	28	93	23	94	19	94	16	93	13	91	10	88	8	84	7	79	7	74	6	68	4	63	3	59	3	56	4	54	5	53	5	53	
43:
42	0.28	85	2	84	3	84	5	84	8	84	12	85	17	86	23	88	29	90	35	91	42	93	49	95	57	96	65	96	73	95	80	93	86	90	91	86	95	82	98	77	100	71	101	65	101	60	100	55	98	51	95	48	91	46	86	45	80	44	74	44	67	45	59	47	50	50	41	54	33	59	26	64	20	70	15	75	11	79	8	82	5	84	3	85	2	85	2	
44:
41	0.871	21	14	20	13	19	13	17	14	14	16	11	19	9	23	7	28	6	34	6	41	7	49	9	57	12	65	16	72	21	78	27	83	34	87	40	90	45	92	49	93	53	93	56	92	58	90	59	87	59	83	58	78	56	72	53	66	49	60	44	54	38	49	32	45	27	42	23	38	20	34	18	29	17	24	17	20	18	17	20	15	21	14	21	14	
45:
41	0.52	49	20	48	21	48	23	48	26	48	30	49	35	51	40	53	44	54	49	54	54	53	59	51	65	48	70	44	74	39	77	33	79	26	80	20	80	15	79	11	77	7	74	3	70	-1	65	-4	59	-6	52	-7	44	-7	37	-6	30	-4	24	-1	19	3	15	8	12	14	10	21	9	28	9	34	10	39	12	43	15	46	17	48	19	49	20	49	20	
46:
49	3.583	9	37	10	38	12	40	15	43	19	47	24	52	30	58	36	64	43	71	50	77	58	82	65	86	71	89	76	91	80	92	83	92	85	91	86	89	86	86	85	82	83	77	81	71	78	64	74	58	69	52	65	46	62	39	60	33	59	28	59	24	60	21	62	19	64	18	65	18	65	19	64	21	62	24	59	28	55	32	50	36	44	39	37	41	30	42	24	43	19	43	15	42	12	40	10	38	9	37	9	37	
47:
53	3.383	15	96	14	95	12	93	11	90	11	86	12	81	14	75	16	68	18	60	21	51	25	43	30	36	36	29	43	23	49	18	54	14	58	11	61	9	63	8	64	8	64	9	63	10	61	12	58	15	54	19	49	24	45	30	42	37	40	45	39	54	39	62	40	69	42	75	45	80	49	84	53	89	56	93	58	97	59	102	59	106	58	110	56	113	54	115	51	116	47	116	42	115	36	113	30	110	25	106	21	102	18	99	16	97	15	96	15	96	
48:
45	1.204	16	93	17	93	19	92	22	92	26	91	31	89	37	88	44	86	52	84	60	82	68	79	75	75	81	71	86	66	90	60	93	53	95	46	96	39	96	31	95	24	93	18	90	13	86	9	81	6	75	4	68	3	61	3	55	4	50	6	46	9	42	13	37	18	31	24	25	31	20	39	16	48	13	57	11	65	10	72	10	78	10	83	11	87	13	90	15	92	16	93	16	93	
49:
43	0.484	84	12	85	13	87	15	89	18	90	22	90	27	89	33	87	39	84	45	80	50	75	55	69	59	62	62	54	64	45	65	36	65	28	64	21	62	15	59	10	55	6	50	3	44	1	37	0	31	0	26	1	22	3	19	6	17	10	16	15	16	21	17	28	19	36	21	43	23	51	24	58	24	64	24	69	23	74	21	78	18	81	15	83	13	84	12	84	12	
50:
49	1.146	23	92	23	91	22	89	20	86	17	82	14	77	12	71	10	64	9	56	7	49	6	43	5	37	4	32	4	28	5	25	7	23	10	22	14	22	19	23	25	25	32	28	40	31	49	34	58	36	66	37	73	38	79	40	84	42	88	45	91	49	93	54	94	60	94	66	93	71	91	75	88	78	84	81	79	84	73	86	66	87	59	87	51	86	44	86	38	86	33	87	29	89	26	90	24	91	23	92	23	92	
51:
48	0.715	71	4	70	3	68	2	65	2	61	3	56	5	50	7	45	10	40	14	36	19	33	25	31	32	30	39	30	47	31	56	33	65	36	73	39	80	43	86	48	91	54	95	60	98	66	100	71	101	75	101	78	100	80	98	81	96	81	93	80	89	78	84	75	78	71	71	66	64	61	58	57	53	54	49	52	45	51	41	51	36	52	30	54	24	57	19	61	14	65	10	68	7	70	5	71	4	71	4	
52:
50	1.036	87	66	86	67	85	69	83	72	80	76	77	81	75	86	72	90	70	93	69	96	69	98	69	99	69	99	69	98	68	96	66	93	63	89	59	84	54	78	49	71	43	63	37	54	32	45	27	36	23	28	20	21	18	15	17	10	17	5	18	1	20	-2	23	-4	27	-5	32	-5	38	-4	45	-2	52	1	60	5	67	10	73	16	78	23	82	30	85	38	87	45	88	51	88	56	87	60	86	63	86	65	87	66	87	66	
53:
52	11.768	5	27	6	26	8	25	11	24	15	24	20	24	26	25	32	27	39	28	45	28	50	27	54	25	57	22	59	18	60	13	60	8	60	4	61	1	63	-1	65	-2	68	-2	72	-1	77	1	81	4	84	8	86	13	87	19	87	26	88	33	88	41	87	48	86	55	84	61	81	66	77	70	72	73	66	75	59	76	53	76	47	75	41	73	34	70	27	66	21	61	16	55	12	48	9	42	7	37	5	33	4	30	4	28	5	27	5	27	
54:
39	0.249	95	63	94	63	92	62	89	62	85	61	80	59	74	56	67	52	59	48	51	45	44	43	38	41	32	40	26	40	21	39	17	39	14	40	12	40	11	39	11	37	12	34	14	30	17	27	21	25	26	23	32	22	39	22	47	23	55	25	63	28	70	32	76	37	81	42	85	48	89	53	92	57	94	60	95	62	95	63	95	63	
55:
52	2.228	31	63	30	64	28	66	25	69	22	72	19	76	17	81	16	85	16	88	17	90	19	91	22	91	26	90	31	88	37	85	44	81	52	76	60	70	68	63	75	57	81	51	86	46	90	40	93	33	95	26	96	20	96	14	95	9	93	5	90	1	86	-2	81	-5	75	-7	68	-8	60	-8	52	-7	45	-5	38	-2	32	2	27	7	23	13	20	18	18	24	17	31	17	38	18	44	20	49	22	53	25	57	28	60	30	62	31	63	31	63	
56:
51	3.356	92	86	91	86	89	85	86	85	82	84	77	83	71	82	64	80	58	77	53	73	49	68	46	62	44	55	43	47	43	40	44	34	45	29	46	24	47	20	47	17	46	15	44	14	41	14	38	15	36	17	35	20	35	24	34	29	32	35	29	42	27	48	25	55	24	62	23	70	23	78	24	85	26	91	29	96	33	100	38	103	44	105	51	106	59	106	66	105	72	103	77	100	82	96	86	92	89	89	91	87	92	86	92	86	
57:
45	0.269	87	66	86	65	85	63	84	60	82	56	80	52	78	47	77	41	76	34	76	28	75	22	73	17	70	13	66	10	62	8	59	7	55	7	50	8	46	10	43	13	40	17	38	22	37	28	36	35	36	42	37	50	37	58	38	65	40	71	43	76	47	80	50	84	54	87	59	89	63	90	67	90	72	89	76	87	80	84	83	80	85	76	86	72	86	69	86	67	87	66	87	66	
58:
34	0.659	70	5	71	6	72	8	73	11	73	15	72	19	70	23	67	28	63	34	58	39	54	43	49	46	43	48	37	49	32	49	28	48	25	46	23	43	22	39	21	36	21	33	22	31	24	30	27	30	31	30	36	29	42	27	49	24	55	20	60	15	64	11	67	8	69	6	70	5	70	5	
59:
46	0.713	39	2	40	1	42	-1	44	-2	47	-2	51	-2	54	-1	56	1	57	4	57	8	58	13	59	19	61	25	64	32	67	40	69	49	70	57	70	64	69	70	67	77	64	83	60	88	55	92	49	95	42	97	34	98	27	98	21	97	16	95	12	92	9	88	6	83	4	77	3	70	3	62	4	53	6	44	9	36	13	29	18	23	24	17	29	12	33	8	36	5	38	3	39	2	39	2	
60:
40	0.631	84	26	83	25	81	23	78	20	74	17	69	14	63	12	57	11	52	11	48	12	45	14	43	17	42	21	42	26	43	32	45	37	48	42	52	46	57	49	63	52	68	56	72	60	75	64	77	67	80	69	84	70	87	70	89	69	90	67	90	64	89	60	88	55	86	50	83	46	81	41	80	36	80	32	81	29	83	27	84	26	84	26	
61:
50	3.808	97	87	96	88	94	90	91	93	87	96	82	99	78	101	74	102	71	102	68	101	66	99	65	96	64	92	62	87	59	82	55	76	50	69	44	62	37	56	31	50	25	45	20	40	16	36	13	33	11	29	10	25	10	21	11	16	13	12	15	9	18	7	22	6	27	6	33	7	40	9	47	12	55	16	62	21	68	27	73	34	77	42	80	51	82	59	83	66	85	72	88	77	91	81	94	84	96	86	97	87	97	87	
62:
44	0.392	76	86	77	87	79	89	80	91	80	94	79	96	77	97	74	97	70	96	65	94	59	91	52	87	46	82	40	76	34	69	28	61	23	52	19	44	16	37	14	31	13	26	13	22	14	19	16	17	19	16	23	15	28	15	34	16	41	18	49	21	56	25	62	30	67	36	72	42	76	47	79	52	81	58	82	65	82	71	81	76	79	80	77	83	76	85	76	86	76	86	
63:
56	8.651	68	92	67	91	65	89	62	86	58	82	53	77	47	71	40	65	33	60	26	56	19	53	13	51	8	50	4	50	1	51	-1	53	-2	54	-2	55	-1	55	1	54	4	52	8	49	13	45	19	41	26	38	34	34	43	29	53	23	63	17	72	12	80	8	87	5	93	1	99	-2	105	-4	110	-5	114	-5	117	-4	119	-2	120	1	120	5	119	10	118	16	116	23	113	30	110	38	106	47	101	56	95	64	89	71	83	77	78	82	74	86	71	89	69	91	68	92	68	92	
64:
44	0.496	8	54	9	55	11	57	14	58	18	60	23	63	28	66	34	69	41	72	49	75	58	77	66	78	73	78	79	77	84	75	88	72	91	68	93	63	94	57	94	50	93	42	91	35	88	28	84	22	79	17	73	13	66	10	58	8	51	6	43	5	35	5	28	6	22	8	17	11	12	15	8	20	5	26	3	33	2	39	2	44	3	48	5	51	7	53	8	54	8	54	
65:
42	0.156	97	31	98	30	99	28	99	25	99	22	98	20	98	19	97	19	95	20	92	22	88	25	84	29	80	34	77	40	74	47	71	55	69	63	67	70	66	77	66	83	66	88	67	92	69	95	72	97	76	98	81	98	87	97	92	95	96	92	99	88	101	83	102	77	102	70	103	64	103	57	102	51	100	46	98	41	97	37	96	34	96	32	97	31	97	31	
66:
47	2.508	73	16	74	17	74	19	75	22	77	26	79	31	82	35	85	38	89	42	92	45	94	48	95	51	95	55	94	60	92	66	89	73	85	81	80	88	74	94	67	99	59	103	50	106	42	108	35	109	29	109	24	108	19	106	15	103	12	99	10	94	9	88	9	81	10	74	12	67	15	60	19	54	24	49	30	44	37	40	45	37	52	33	58	30	63	26	67	22	70	19	72	17	73	16	73	16	
67:
48	0.394	68	67	68	66	67	64	65	62	62	59	58	57	53	56	47	56	40	57	32	59	24	60	17	60	10	60	4	59	-1	57	-5	54	-8	50	-10	45	-11	40	-11	35	-10	29	-8	24	-5	18	-1	13	4	9	10	5	17	2	25	0	34	-1	43	-1	52	0	60	2	67	4	73	7	78	11	82	16	85	22	87	29	88	37	88	44	87	50	85	55	82	59	78	62	74	64	71	66	69	67	68	67	68	67	
68:
53	5.851	58	28	57	29	56	31	56	34	57	38	58	43	60	48	61	53	62	59	64	64	67	68	70	71	74	73	79	74	85	74	90	73	94	71	97	68	99	64	100	59	100	53	99	46	97	38	94	29	90	21	85	14	79	8	72	3	64	-1	55	-4	46	-6	38	-8	31	-9	25	-9	20	-8	16	-7	13	-5	11	-2	10	1	10	5	11	8	13	12	16	16	20	20	25	23	31	26	37	28	43	29	48	30	52	30	55	30	57	29	58	28	58	28	
69:
44	0.601	81	93	80	94	78	95	75	97	71	99	66	101	60	102	55	102	49	101	42	99	35	96	27	93	20	89	14	84	9	78	5	72	2	65	0	57	-2	50	-3	44	-3	39	-2	35	0	32	3	30	7	27	12	25	18	24	25	24	33	25	42	27	51	30	59	34	66	39	72	44	77	50	81	57	84	65	86	72	87	78	87	83	86	87	84	90	82	92	81	93	81	93	
70:
47	0.855	50	40	49	41	49	43	49	46	48	50	46	55	43	59	40	62	36	64	31	66	25	67	20	67	15	66	11	64	8	61	6	57	5	52	5	46	6	39	7	31	9	24	11	18	14	13	18	9	23	6	29	4	36	3	44	3	51	4	58	5	64	7	69	10	73	14	76	19	78	25	79	31	79	36	78	40	76	43	73	45	69	46	65	46	60	46	56	45	53	43	51	41	50	40	50	40	
71:
46	0.878	41	50	40	49	38	47	35	44	32	40	30	35	28	30	27	25	27	21	28	18	30	15	33	13	37	12	42	12	48	13	55	15	61	18	66	21	70	25	73	30	75	36	76	43	76	51	75	59	75	66	76	72	78	78	79	83	79	87	78	90	76	92	73	93	70	93	68	92	67	90	67	87	66	83	65	79	63	74	60	68	56	63	51	59	47	56	44	53	42	51	41	50	41	50	
72:
38	0.371	79	13	78	14	76	16	75	19	73	23	71	28	69	34	66	40	62	46	59	53	56	61	54	69	52	76	51	82	51	87	52	91	54	94	57	96	61	97	66	97	71	96	77	94	83	91	88	87	92	82	95	76	97	69	98	62	98	55	97	48	95	41	92	34	88	28	85	23	82	19	80	16	79	14	79	13	79	13	
73:
46	0.514	94	57	93	57	91	56	89	54	86	51	84	47	83	42	83	36	83	31	82	27	80	24	77	22	73	21	69	21	64	22	58	24	51	27	43	31	35	36	28	42	22	49	17	57	13	65	10	73	7	80	5	86	4	91	4	95	5	98	7	100	10	102	14	103	19	103	25	102	32	100	40	97	49	93	58	88	66	82	73	76	79	71	84	67	88	63	91	60	93	58	94	57	94	57	
74:
44	0.667	55	65	55	64	56	62	58	59	60	55	63	50	67	45	72	40	76	34	79	29	81	25	82	21	82	18	81	16	79	15	76	15	72	16	67	18	63	21	59	25	54	30	48	36	42	43	37	51	33	59	30	67	28	74	27	80	27	85	27	89	28	92	29	94	31	95	34	95	37	94	39	92	40	89	42	85	45	80	48	75	51	71	53	68	54	66	55	65	55	65	
75:
38	0.462	87	64	86	63	84	61	81	58	77	54	72	49	66	43	59	38	51	32	43	26	36	21	30	16	25	11	21	7	17	4	14	2	12	1	11	1	10	2	10	4	11	7	12	11	14	16	17	22	21	29	25	37	30	44	36	50	43	55	51	59	59	62	66	65	72	67	77	68	81	68	84	67	86	65	87	64	87	64	
76:
44	1.688	84	94	83	93	81	91	78	88	74	85	69	82	63	78	58	73	54	67	51	61	49	56	48	52	48	49	49	47	51	46	52	46	52	47	51	49	49	52	46	56	42	60	37	65	32	71	28	77	25	82	23	86	21	89	20	91	20	92	21	92	23	91	26	90	30	90	35	91	41	92	48	92	56	93	63	93	69	92	74	91	78	91	81	92	83	93	84	94	84	94	
77:
45	0.534	47	73	46	74	44	75	41	76	37	76	32	75	28	73	25	70	23	66	21	61	20	55	20	48	21	41	23	35	26	30	30	26	35	23	41	21	48	20	55	20	63	21	70	23	76	25	81	28	85	32	89	36	93	39	96	41	98	43	99	44	99	45	98	46	96	48	93	49	90	51	86	53	81	56	75	59	68	63	62	67	57	70	53	72	50	73	48	73	47	73	47	73	
78:
40	0.539	40	17	39	16	37	15	35	14	34	14	34	15	33	17	33	20	32	24	31	29	30	35	30	41	31	48	31	56	30	63	30	70	31	76	33	81	36	85	40	88	45	90	51	91	57	91	62	90	66	88	69	85	71	81	72	76	72	70	71	64	69	57	66	49	62	42	57	36	52	31	48	27	45	23	43	20	41	18	40	17	40	17	
79:
45	0.376	5	27	4	28	2	30	1	33	1	37	1	42	2	48	4	55	7	62	11	68	16	73	22	77	29	80	37	82	45	83	53	83	61	82	68	80	74	77	80	73	85	68	89	62	92	55	94	47	95	39	95	31	94	24	92	18	89	13	85	9	81	6	76	4	70	3	63	3	55	4	46	4	38	5	31	7	25	10	20	13	15	17	11	21	8	24	6	26	5	27	5	27	
80:
42	1.535	88	80	87	79	86	77	84	75	81	73	77	71	72	70	66	69	59	69	51	68	42	66	34	65	27	64	21	62	16	59	12	55	9	50	7	44	6	39	6	35	7	31	9	26	11	22	14	19	18	17	23	16	29	16	36	17	44	19	53	22	61	26	68	31	74	37	79	44	83	52	86	59	88	65	89	70	90	74	90	77	89	79	88	80	88	80	
81:
39	0.142	32	86	31	87	29	87	26	86	22	84	19	82	16	79	14	75	13	70	13	65	14	61	16	57	19	54	23	52	28	51	34	50	41	50	49	50	56	51	62	53	67	56	71	60	74	65	76	71	77	76	77	80	76	83	74	85	71	86	67	88	62	89	56	89	51	89	47	88	42	87	38	86	35	85	33	85	32	86	32	86	
82:
45	0.109	25	89	26	90	28	91	31	93	35	96	40	98	46	99	53	99	59	98	66	96	73	94	80	91	86	87	91	82	95	76	99	69	102	61	104	53	105	45	105	37	104	30	102	24	99	19	95	15	90	12	85	10	79	9	74	9	68	10	61	12	53	15	46	19	40	24	34	30	29	37	25	45	22	53	20	61	19	68	19	74	19	79	20	83	22	86	24	88	25	89	25	89	
83:
58	22.4	16	49	17	50	19	52	20	55	22	59	23	63	23	68	22	74	20	79	17	83	14	86	12	88	11	89	10	89	10	88	11	86	13	83	16	79	20	74	25	68	31	63	38	59	46	56	54	54	63	53	71	53	78	54	84	54	89	54	93	53	96	51	98	48	99	44	99	39	98	33	96	26	93	20	89	14	84	9	78	5	71	2	64	0	56	-1	47	-1	39	0	32	1	26	3	21	6	17	10	14	15	12	21	11	28	10	34	10	39	11	43	13	46	15	48	16	49	16	49	
84:
51	0.986	45	57	44	56	42	54	39	51	35	48	31	45	28	42	26	40	23	39	21	39	20	40	19	41	18	43	16	46	13	48	9	49	5	49	2	48	0	46	-1	43	-2	39	-2	34	-1	28	1	21	4	13	8	6	13	0	19	-5	26	-9	33	-13	41	-16	49	-18	56	-19	62	-19	67	-18	71	-16	74	-13	76	-9	77	-4	77	2	76	8	74	14	71	21	67	29	62	36	57	42	53	47	50	51	48	54	46	56	45	57	45	57	
85:
50	6.46	88	51	87	51	85	50	82	49	80	47	79	44	79	40	80	35	82	29	83	23	84	18	84	13	83	9	81	6	78	4	74	3	69	3	63	4	56	6	48	8	40	11	32	14	25	18	19	23	14	28	10	34	7	41	5	49	4	57	4	64	5	71	7	77	10	82	14	86	18	89	23	91	29	92	36	92	44	91	53	89	61	86	68	82	74	77	79	72	83	66	86	61	88	57	89	54	89	52	88	51	88	51	
86:
46	0.938	88	89	89	88	91	86	94	83	96	79	98	74	99	68	99	61	98	53	96	46	93	40	89	35	84	30	78	26	71	23	63	21	54	20	45	20	37	21	30	23	24	26	19	29	15	33	12	38	10	44	9	50	9	55	10	59	12	62	15	64	19	65	24	65	28	65	31	64	35	63	40	63	46	64	53	65	60	67	67	70	73	74	78	79	82	83	85	86	87	88	88	89	88	89	
87:
44	0.313	97	54	98	53	98	51	99	48	99	44	98	39	96	35	93	32	89	28	84	25	78	23	71	22	63	22	54	23	44	25	35	28	27	32	20	35	14	39	9	44	5	48	2	53	0	59	-1	65	-1	72	0	78	2	83	5	87	9	90	14	92	20	93	27	93	35	92	43	90	52	87	61	83	69	78	76	72	82	67	87	63	91	60	94	57	96	55	97	54	97	54	
88:
48	1.91	84	92	83	91	81	90	79	88	76	85	72	81	67	78	61	75	54	73	46	72	37	72	29	73	22	75	16	77	11	78	7	78	4	77	2	75	-1	72	-3	68	-4	63	-4	57	-3	50	-1	43	2	37	6	32	11	28	17	25	24	23	31	21	39	20	48	20	57	21	65	23	72	26	78	30	83	35	87	41	90	48	92	56	93	64	93	71	92	77	90	82	87	86	85	89	84	91	84	92	84	92	
89:
50	3.228	93	60	93	61	92	63	90	66	87	70	85	75	82	80	79	84	75	87	70	89	64	90	59	90	54	89	50	87	47	84	45	80	42	76	38	71	34	65	29	58	25	52	20	47	14	43	9	39	5	35	2	30	0	24	-1	17	-1	11	0	6	2	2	5	-1	9	-3	13	-4	18	-4	24	-3	31	-1	39	2	48	6	56	11	63	17	69	24	74	32	78	39	81	45	84	50	87	54	90	57	92	59	93	60	93	60	
90:
44	0.156	11	17	12	16	14	14	17	11	19	8	21	5	22	3	22	2	21	2	19	3	17	5	14	8	10	12	5	17	1	23	-2	30	-4	38	-5	47	-5	55	-4	62	-2	68	1	74	5	79	8	83	10	86	13	88	15	89	16	89	16	88	15	86	14	83	13	79	13	74	14	68	16	61	18	53	19	45	20	38	20	32	19	27	17	23	14	20	12	18	11	17	11	17	
91:
45	0.664	13	63	14	63	16	62	19	60	23	58	28	56	33	53	39	50	44	46	48	41	51	35	54	28	56	22	57	17	57	13	56	10	54	7	51	5	47	4	43	4	40	5	38	7	37	9	37	12	38	16	40	21	43	27	47	33	50	40	52	48	54	55	55	61	55	66	54	70	52	73	49	75	45	76	40	76	34	75	28	73	23	70	19	67	16	65	14	64	13	63	13	63	
92:
39	1.862	23	20	24	21	26	23	29	26	33	30	36	35	38	41	39	48	40	56	41	63	43	69	46	74	50	79	55	83	61	86	67	88	73	89	78	89	82	88	85	87	87	85	88	83	88	80	87	77	85	75	82	72	79	68	75	65	70	62	64	58	58	53	51	47	44	41	38	35	33	30	29	26	26	23	24	21	23	20	23	20	
93:
52	4.015	12	8	13	9	15	11	18	13	22	15	27	16	32	18	38	19	45	21	52	23	58	24	63	24	67	24	70	25	72	26	73	28	73	31	72	33	70	34	67	35	63	37	58	40	52	44	45	49	37	55	29	62	22	69	16	75	11	80	7	84	4	87	2	89	1	90	0	90	0	89	1	87	3	84	5	80	8	76	12	71	15	65	17	58	18	50	18	42	17	35	15	29	13	23	11	18	10	14	10	11	11	9	12	8	12	8	
94:
41	0.296	77	33	78	32	80	32	82	33	85	35	87	38	88	42	88	47	87	52	85	56	82	61	78	66	73	70	67	73	60	75	53	76	47	76	41	75	36	73	32	70	28	66	25	61	23	55	22	48	22	41	23	35	25	30	26	26	28	22	31	19	34	17	38	16	43	16	49	17	56	18	62	20	67	23	71	27	74	30	76	32	77	33	77	33	
95:
42	0.331	36	16	37	16	39	15	42	15	46	16	51	18	57	21	62	25	67	30	71	36	74	43	77	50	79	58	80	65	80	71	79	76	77	80	74	83	70	85	65	86	59	86	52	85	44	83	36	80	29	76	23	71	18	66	14	62	11	59	9	57	8	56	8	54	9	51	11	47	14	42	17	36	21	31	26	26	30	22	33	19	35	17	36	16	36	16	
96:
50	2.299	74	0	75	1	77	2	80	3	83	5	85	8	86	12	86	17	85	23	83	30	80	38	76	47	73	56	71	64	70	71	68	77	66	82	63	86	59	89	54	91	48	92	41	92	34	92	28	91	22	89	16	86	11	82	6	77	2	71	-1	64	-3	56	-4	47	-4	37	-3	28	-1	20	2	13	6	7	11	2	17	-2	24	-5	32	-7	40	-8	47	-8	53	-7	59	-5	64	-2	68	0	71	1	73	1	74	0	74	0	
97:
42	0.154	72	88	71	89	69	90	66	90	62	89	58	88	53	86	48	83	42	79	37	74	33	68	30	62	28	55	26	47	25	39	25	31	26	24	28	18	30	13	33	9	37	6	42	4	48	3	55	3	62	4	68	6	73	9	77	13	81	18	84	23	86	29	87	36	87	44	86	52	84	60	81	67	77	73	74	78	72	82	71	85	71	87	72	88	72	88	
98:
43	2.63	23	65	22	66	20	67	17	69	15	71	13	72	12	72	12	71	13	69	15	66	18	62	22	57	26	51	29	44	32	37	36	30	41	24	47	19	54	15	61	12	67	9	72	7	77	6	81	6	84	7	86	9	87	12	87	16	86	21	84	27	81	34	77	41	72	48	66	54	59	59	51	63	44	66	38	68	33	69	29	69	26	68	24	66	23	65	23	65	
99:
52	16.275	88	87	87	88	85	88	82	88	78	88	73	89	67	89	61	88	54	86	48	83	43	79	39	74	36	68	34	62	33	56	32	51	31	47	29	44	26	42	22	41	17	39	12	38	8	36	5	33	3	29	2	24	2	18	3	12	5	7	8	3	12	0	16	-2	21	-3	27	-3	34	-2	41	0	47	3	52	7	56	12	59	18	61	25	62	33	63	42	64	51	66	59	69	66	73	72	78	77	82	81	85	84	87	86	88	87	88	87	