0:
37	0.225	57	26	56	27	54	29	52	31	49	34	45	37	41	39	38	40	36	40	35	39	33	37	30	34	26	32	22	30	18	29	15	29	13	30	12	32	12	35	13	39	13	44	14	48	16	51	17	53	19	54	22	55	26	55	30	54	35	52	39	49	42	45	46	41	49	36	51	32	54	29	56	27	57	26	57	26	
1:
32	0.255	36	46	35	47	33	48	30	49	26	49	21	48	17	46	14	43	12	39	11	34	11	28	11	22	12	17	14	13	17	9	21	6	26	4	30	3	33	3	35	4	36	5	37	7	37	10	36	14	34	19	32	25	31	31	31	36	32	40	33	43	35	45	36	46	36	46	
2:
35	0.395	5	35	5	34	6	32	8	30	11	28	15	27	20	27	26	28	33	30	39	32	44	35	49	39	53	42	56	44	58	45	59	45	59	44	58	42	56	39	54	35	51	30	47	25	42	21	36	18	29	16	23	15	18	15	13	16	9	18	6	21	4	25	3	29	3	32	4	34	5	35	5	35	
3:
39	0.406	56	5	55	6	53	8	50	11	46	15	43	20	40	26	38	33	37	39	37	44	37	48	38	51	39	53	39	54	38	54	36	53	35	51	33	48	30	44	27	39	25	33	22	26	19	20	17	14	15	8	14	3	14	-1	15	-5	17	-8	20	-10	24	-11	29	-11	35	-10	41	-8	46	-5	50	-1	53	2	55	4	56	5	56	5	
4:
37	0.095	39	16	38	15	36	13	33	10	29	7	24	4	20	2	17	1	15	1	14	2	14	4	15	7	16	11	18	16	20	22	23	29	25	36	26	42	26	47	26	51	26	54	27	56	29	57	32	57	36	56	41	54	45	51	48	47	50	42	51	36	51	31	50	26	48	22	45	19	42	17	40	16	39	16	39	16	
5:
30	0.293	8	53	7	52	7	50	8	47	10	43	13	38	17	34	22	31	26	29	29	26	31	22	32	18	32	14	31	11	29	9	26	8	22	8	18	9	14	11	10	14	6	18	3	23	1	29	0	35	0	40	1	44	3	47	5	50	7	52	8	53	8	53	
6:
44	2.06	56	26	55	27	53	29	50	30	46	30	42	30	39	29	37	27	36	24	36	20	35	15	33	10	30	6	26	3	21	1	15	0	9	0	4	1	-2	3	-8	6	-13	10	-17	15	-20	21	-22	28	-23	35	-23	41	-22	46	-20	51	-17	55	-13	58	-8	60	-3	61	3	61	10	60	18	58	25	55	31	51	36	46	41	41	46	36	50	32	53	29	55	27	56	26	56	26	
7:
37	0.194	6	52	5	51	3	49	2	46	2	42	3	37	3	31	3	25	4	19	5	13	6	8	8	3	11	-1	15	-4	20	-6	26	-7	32	-7	38	-6	43	-4	47	-2	50	1	52	5	53	10	53	16	52	23	50	30	47	36	43	41	38	45	32	48	26	50	21	51	16	51	12	50	9	50	7	51	6	52	6	52	
8:
40	0.852	33	57	32	56	30	55	27	53	23	52	19	52	15	53	12	55	9	56	7	56	5	55	2	53	0	50	-3	46	-5	41	-6	35	-6	28	-5	21	-4	15	-2	10	1	6	5	3	10	1	16	0	21	0	25	1	28	3	30	5	31	8	33	12	34	17	34	23	35	30	35	36	35	42	35	47	34	51	34	54	34	56	33	57	33	57	
9:
35	0.668	47	22	48	22	50	23	53	25	55	27	56	29	56	32	55	36	53	40	50	45	46	50	41	54	35	57	28	59	21	61	15	62	10	62	6	61	3	59	1	56	0	53	0	51	1	50	3	50	6	49	10	48	15	46	20	43	26	39	32	35	37	31	41	28	44	25	46	23	47	22	47	22	
10:
26	0.014	10	3	11	2	13	1	16	1	20	1	25	0	31	0	36	0	41	1	45	3	48	6	50	10	51	14	51	17	50	20	48	22	45	23	41	23	36	22	30	20	25	17	20	13	16	9	13	6	11	4	10	3	10	3	
11:
26	0.046	17	13	16	13	14	12	13	10	13	8	14	7	16	6	19	6	23	7	28	9	33	10	37	12	40	15	42	18	43	21	43	24	42	26	40	27	37	27	34	26	30	24	27	21	23	18	20	16	18	14	17	13	17	13	
12:
36	1.116	22	12	21	13	20	15	18	18	16	22	15	26	15	31	16	37	18	43	21	48	24	52	28	56	32	59	37	61	42	62	47	62	51	61	54	59	56	57	57	56	57	56	56	55	54	55	51	54	47	52	42	50	36	47	31	43	27	38	24	33	22	27	21	22	20	18	20	15	21	13	22	12	22	12	
13:
34	0.075	35	33	36	34	37	36	38	39	38	42	37	44	35	45	32	46	28	46	24	45	20	43	17	40	15	36	13	31	12	25	12	19	13	14	15	10	18	7	22	5	27	4	32	4	37	5	41	7	44	10	46	14	47	19	47	24	46	28	44	31	41	33	38	34	36	34	35	33	35	33	
14:
29	0.163	28	16	27	17	26	19	25	22	25	26	26	31	28	37	31	42	35	46	38	49	41	51	44	53	46	54	49	54	51	53	52	51	52	48	51	44	49	39	47	34	44	29	42	24	40	20	38	17	35	15	32	14	30	14	29	15	28	16	28	16	
15:
43	0.351	19	45	18	46	17	48	15	51	12	54	9	56	5	57	2	57	0	56	-1	54	-1	51	0	47	0	42	1	37	3	31	4	24	5	18	7	12	10	7	14	3	19	0	25	-2	32	-3	39	-3	45	-2	50	0	54	3	57	7	59	12	60	18	60	25	59	31	57	36	54	41	50	45	45	48	40	50	34	51	29	51	25	50	22	48	20	46	19	45	19	45	
16:
33	0.132	53	40	54	39	55	37	55	34	55	31	54	27	52	22	49	16	45	11	40	7	34	3	28	0	23	-2	18	-3	14	-3	11	-2	8	0	6	3	5	7	5	12	6	18	8	23	11	28	15	33	20	37	26	40	32	42	38	43	43	43	47	42	50	41	52	40	53	40	53	40	
17:
34	1.384	50	36	49	37	47	39	44	42	40	45	35	47	29	48	24	48	19	48	15	47	12	45	9	42	6	38	3	33	1	29	0	25	0	22	1	20	2	19	2	19	2	20	3	22	5	25	8	28	12	31	17	34	23	37	29	39	35	40	40	40	44	39	47	38	49	37	50	36	50	36	
18:
37	0.141	38	18	37	17	36	15	35	12	35	9	36	6	38	4	40	3	41	3	41	4	40	6	38	9	36	13	33	16	31	20	29	24	28	29	28	35	29	41	31	46	34	50	38	53	43	55	48	56	52	56	55	55	57	53	58	51	58	48	57	44	55	39	52	33	48	28	44	24	41	21	39	19	38	18	38	18	
19:
37	0.252	59	36	60	37	61	39	62	41	62	43	61	45	59	46	56	46	52	45	47	43	41	40	34	37	27	34	20	31	14	29	9	27	5	24	2	20	0	16	-1	11	-1	7	0	4	2	2	5	1	9	0	14	0	19	1	25	3	31	6	38	10	44	15	49	21	53	26	56	30	58	33	59	35	59	36	59	36	
20:
29	0.061	26	43	27	44	29	44	31	44	33	43	35	41	36	38	36	34	35	30	33	26	30	23	26	21	22	20	18	20	15	21	13	23	12	26	10	30	8	34	7	39	7	43	8	46	10	48	13	49	16	49	20	48	23	46	25	44	26	43	26	43	
21:
31	0.198	50	54	50	53	50	51	49	48	47	44	46	39	44	33	41	28	37	24	32	19	26	15	21	12	16	10	12	9	9	8	7	8	6	9	6	11	7	13	9	16	11	20	14	25	18	30	23	35	29	39	35	44	40	48	44	51	47	53	49	54	50	54	50	54	
22:
34	0.124	1	39	0	38	-1	36	-1	33	0	30	2	26	5	22	8	19	12	17	17	15	23	14	29	14	35	14	40	15	45	17	49	20	52	24	54	28	55	33	55	39	54	44	52	48	49	51	45	53	40	54	34	54	27	53	21	51	16	48	11	45	7	42	4	40	2	39	1	39	1	39	
23:
37	0.424	35	4	36	5	38	7	41	10	45	12	48	13	50	15	51	16	51	18	50	20	48	23	45	25	41	28	37	30	34	33	32	35	31	38	30	41	28	43	25	44	21	44	16	43	12	41	9	38	7	34	6	29	6	23	7	18	9	14	12	11	16	8	21	6	25	5	29	4	32	3	34	3	35	4	35	4	
24:
33	0.13	8	54	7	53	6	51	5	49	5	46	6	43	8	39	10	34	13	28	17	22	22	16	26	11	30	7	33	4	37	2	41	1	44	1	47	2	49	4	50	7	50	11	49	16	47	21	44	27	40	32	35	36	29	39	23	41	18	44	14	48	11	51	9	53	8	54	8	54	
25:
31	0.051	23	35	24	34	24	32	24	29	25	26	27	22	30	17	34	13	37	10	39	8	42	7	44	7	45	8	46	10	47	13	48	17	49	22	49	28	48	33	48	37	48	40	48	43	47	45	45	46	42	46	38	45	33	43	29	40	26	38	24	36	23	35	23	35	
26:
39	0.116	13	19	12	18	12	16	13	13	15	9	18	5	22	2	27	0	33	-1	38	-1	43	-1	47	0	50	2	52	5	53	9	53	13	52	18	50	23	47	27	44	30	40	32	35	33	29	33	24	32	20	30	15	27	10	23	6	19	3	15	1	12	0	10	0	9	1	9	3	10	6	12	9	15	11	17	12	18	13	19	13	19	
27:
29	0.091	56	35	55	35	53	35	50	36	47	38	44	41	42	44	41	46	41	47	42	47	42	46	41	44	39	41	36	39	33	36	30	32	28	28	27	25	27	22	28	20	30	19	33	19	37	20	41	22	46	25	50	29	53	32	55	34	56	35	56	35	
28:
38	0.12	15	50	16	49	18	48	21	48	24	47	28	47	33	48	38	50	42	53	45	55	47	56	48	56	48	55	47	53	45	50	42	46	39	41	37	35	34	29	30	23	25	18	20	14	16	11	12	9	9	8	7	8	6	9	5	11	5	14	6	18	8	23	11	29	13	35	15	40	16	44	16	47	15	49	15	50	15	50	
29:
30	0.083	54	21	55	22	55	24	55	27	56	31	56	36	56	42	55	48	53	53	50	57	46	60	41	62	35	63	30	64	26	64	23	63	21	61	20	58	20	54	21	49	23	43	26	38	30	33	35	29	40	26	44	23	48	21	51	20	53	20	54	21	54	21	
30:
36	0.016	46	18	47	19	49	21	51	24	53	28	54	32	54	37	53	43	51	48	48	52	44	55	39	57	34	58	30	58	27	57	23	55	19	52	16	48	14	43	13	37	13	30	12	23	11	17	11	12	12	8	14	5	16	3	19	2	23	2	27	3	31	5	36	8	40	12	43	15	45	17	46	18	46	18	
31:
39	0.163	42	45	41	44	41	42	42	39	44	35	47	31	51	28	54	25	56	23	57	21	57	18	56	15	54	12	51	10	47	8	42	7	36	5	30	4	24	4	18	5	13	5	9	6	6	8	3	11	1	15	0	20	0	26	1	31	3	35	6	38	10	40	15	41	21	41	27	40	32	40	36	41	39	42	41	44	42	45	42	45	
32:
36	0.209	28	24	27	25	27	27	28	30	30	34	33	38	37	43	42	47	46	50	49	52	51	53	52	53	52	54	51	54	49	54	46	53	42	51	37	48	32	44	27	39	23	33	20	27	18	22	17	18	17	15	17	12	18	10	20	9	21	9	21	10	21	12	22	15	24	18	26	21	27	23	28	24	28	24	
33:
39	0.404	29	14	30	14	32	15	35	15	39	16	43	17	47	17	50	17	52	17	53	18	53	20	52	23	50	27	47	30	43	32	38	34	32	36	25	39	19	41	14	44	10	48	6	52	3	55	1	57	0	58	-1	58	-1	57	0	55	2	52	5	49	9	45	14	40	19	34	23	29	26	24	28	20	29	17	29	15	29	14	29	14	
34:
38	0.193	52	27	52	26	51	24	50	21	48	17	47	12	45	8	42	5	38	3	33	2	29	2	25	3	21	5	18	8	16	12	13	17	9	23	4	28	0	34	-3	39	-5	43	-6	47	-6	50	-5	52	-3	53	0	53	3	52	7	50	12	47	18	43	25	39	31	36	37	33	42	31	46	30	49	28	51	27	52	27	52	27	
35:
32	0.106	43	15	44	15	46	16	48	17	50	19	51	21	51	24	50	28	48	33	45	39	41	44	36	48	30	51	25	53	21	54	18	54	15	53	13	51	12	48	12	44	12	39	13	33	14	27	16	22	19	18	23	15	28	13	33	12	37	12	40	13	42	14	43	15	43	15	
36:
38	1.267	26	54	26	53	27	51	29	50	32	49	35	49	38	50	40	52	43	54	46	55	50	55	53	54	57	52	60	50	62	47	63	43	63	38	62	32	60	26	58	21	56	17	54	14	51	12	49	11	46	11	43	12	40	14	38	17	36	21	34	25	33	30	33	36	32	41	32	45	31	48	29	51	27	53	26	54	26	54	
37:
39	0.293	10	23	11	22	13	22	15	22	18	23	22	25	27	28	31	32	34	37	36	43	37	48	38	52	39	55	39	57	38	58	37	58	37	57	38	55	39	52	41	48	44	43	47	37	49	30	50	24	50	18	50	13	49	9	48	6	46	4	43	3	39	3	34	4	28	6	23	9	19	13	16	17	13	20	11	22	10	23	10	23	
38:
34	0.403	37	44	38	45	39	47	40	50	41	54	41	58	40	61	38	63	35	64	31	64	26	65	21	65	16	64	12	62	9	59	6	55	4	50	3	44	3	39	4	35	6	32	9	30	12	27	15	25	19	24	24	24	28	25	31	27	33	30	35	34	36	38	36	41	36	43	37	44	37	44	
39:
32	0.049	50	32	51	32	52	31	52	29	51	28	49	27	47	27	44	28	40	30	35	33	29	37	22	42	16	46	11	49	7	51	4	53	2	54	1	55	1	56	2	56	4	55	7	54	11	52	16	49	22	46	29	42	35	39	40	37	44	36	47	35	49	33	50	32	50	32	
40:
37	0.434	33	43	32	44	32	45	33	46	35	46	38	45	42	43	46	40	49	36	51	31	52	25	52	20	51	16	49	13	46	11	42	8	37	6	32	5	26	5	21	4	17	3	13	1	10	0	8	0	7	1	7	3	7	6	8	9	10	13	13	18	17	23	21	28	24	33	27	37	30	40	32	42	33	43	33	43	
41:
39	0.174	7	25	7	24	7	22	6	19	5	15	3	10	2	6	2	3	3	1	5	0	8	-1	10	-1	13	0	15	2	16	5	16	9	16	14	17	19	18	25	20	32	21	39	21	45	20	50	18	54	15	57	13	59	10	60	6	60	2	59	-1	57	-3	54	-4	50	-4	45	-3	40	-1	35	1	31	4	28	6	26	7	25	7	25	
42:
31	0.092	27	34	26	35	24	35	22	36	20	37	19	38	19	40	20	42	22	44	25	47	29	50	34	52	40	53	45	54	49	54	52	53	55	51	57	48	58	44	58	39	57	35	55	32	52	29	48	27	43	26	38	26	34	27	31	29	29	31	28	33	27	34	27	34	
43:
38	0.137	21	3	22	2	24	0	27	-1	31	-2	34	-2	37	-1	41	1	46	4	50	8	53	13	55	19	56	26	56	33	55	39	53	44	51	48	48	51	44	54	39	56	33	57	26	57	20	56	15	54	11	51	8	47	5	42	3	37	2	33	2	30	3	27	5	23	8	18	11	13	15	9	18	6	20	4	21	3	21	3	
44:
37	0.996	10	5	11	6	13	8	16	11	19	15	23	20	27	26	30	32	32	39	34	45	36	50	38	54	39	57	39	59	39	60	39	60	40	59	42	57	45	54	48	50	50	45	51	39	51	32	52	25	52	19	51	14	49	10	46	6	42	3	37	1	31	0	25	0	20	0	16	1	13	3	11	4	10	5	10	5	
45:
36	0.221	40	27	41	26	42	24	42	21	42	17	41	12	39	8	36	5	33	2	31	0	28	-1	24	-1	20	0	16	2	13	5	11	9	10	13	10	18	11	24	13	31	16	37	20	42	25	46	29	49	34	51	39	52	43	52	46	51	48	49	49	46	49	42	48	37	46	33	43	30	41	28	40	27	40	27	
46:
35	0.366	21	57	22	56	24	55	27	53	31	51	34	48	38	46	43	43	47	39	50	34	52	30	53	26	53	23	52	21	51	20	51	20	52	21	54	22	57	24	59	27	60	31	61	36	61	41	60	46	58	50	55	53	51	55	46	56	40	57	35	58	31	59	27	59	24	59	22	58	21	57	21	57	
47:
41	0.301	29	15	30	14	32	12	34	9	36	5	37	2	37	-1	36	-3	34	-5	31	-6	27	-6	22	-5	18	-3	13	0	8	4	4	9	1	15	-1	21	-2	28	-2	34	-1	40	1	46	4	51	8	55	13	58	19	60	25	61	30	61	35	60	39	58	42	55	44	51	45	47	45	42	44	36	42	30	39	25	35	21	32	18	30	16	29	15	29	15	
48:
28	0.148	51	10	51	11	50	13	48	15	45	17	42	19	38	22	35	24	32	25	30	25	29	24	27	22	24	20	21	18	19	15	18	11	18	8	19	6	21	5	24	5	28	6	33	8	38	10	42	11	45	12	48	12	50	11	51	10	51	10	
49:
36	0.126	51	30	51	31	50	33	49	36	47	40	44	44	40	47	35	49	29	50	24	50	19	50	15	49	12	48	10	46	9	43	9	39	10	34	12	28	14	21	16	15	19	10	23	6	28	3	34	1	40	0	45	0	49	1	52	3	54	6	55	10	55	15	54	20	54	24	53	27	52	29	51	30	51	30	
50:
31	0.187	4	22	5	21	7	19	10	18	14	18	19	19	24	21	30	24	36	27	42	30	47	33	51	35	54	36	57	36	59	35	60	33	60	30	59	27	57	25	54	22	50	19	45	17	39	16	32	15	25	15	19	16	14	17	10	19	7	20	5	21	4	22	4	22	
51:
41	0.625	6	57	6	56	6	54	7	51	9	48	12	45	16	43	20	42	25	42	31	43	36	45	40	47	43	49	47	50	50	50	52	49	53	47	53	44	52	40	51	35	49	30	46	25	42	21	37	17	32	14	27	12	23	11	18	11	13	12	9	14	6	17	4	21	3	25	3	30	2	36	1	42	1	47	2	51	3	54	5	56	6	57	6	57	
52:
38	0.167	29	58	30	57	32	56	35	55	39	53	42	50	46	46	51	41	55	35	58	28	60	22	61	17	61	13	60	10	59	8	57	7	54	7	50	8	45	10	39	13	33	15	26	17	20	20	15	24	11	28	8	31	6	33	5	34	5	36	6	39	8	41	11	44	15	46	19	49	23	52	26	55	28	57	29	58	29	58	
53:
37	0.167	0	39	1	39	3	40	5	42	6	45	7	47	8	49	10	51	11	52	13	52	14	51	16	49	18	46	21	43	24	39	26	34	27	28	27	22	26	16	26	11	25	7	23	4	20	2	16	1	11	1	6	2	1	4	-3	6	-6	9	-8	13	-9	18	-9	24	-8	29	-6	33	-3	36	-1	38	0	39	0	39	
54:
36	0.183	28	31	29	32	30	34	30	36	29	39	27	43	24	47	20	50	15	52	11	54	7	55	4	55	2	54	1	53	1	51	2	48	4	44	7	39	9	33	11	27	14	21	17	16	21	12	26	9	30	7	33	6	35	6	36	7	36	9	35	12	33	16	32	21	32	25	31	28	29	30	28	31	28	31	
55:
37	0.268	34	5	33	4	31	2	30	1	28	0	26	0	25	1	25	3	26	6	28	10	30	15	31	21	31	28	30	35	29	41	28	46	28	50	29	53	31	56	34	58	38	59	43	59	47	58	51	56	54	53	56	49	57	44	57	38	56	33	54	28	51	24	47	19	44	15	40	11	37	8	35	6	34	5	34	5	
56:
40	0.664	31	23	32	22	34	20	36	18	39	15	43	13	47	12	50	10	52	7	53	4	53	2	52	1	50	1	47	2	43	4	38	7	32	10	26	14	21	19	17	25	14	32	12	38	11	44	11	49	12	53	14	56	17	58	19	59	22	59	26	58	30	56	33	53	35	49	36	44	37	38	37	33	36	29	34	26	32	24	31	23	31	23	
57:
37	0.222	18	44	19	45	21	47	24	50	28	52	33	53	38	55	44	57	49	59	53	60	56	60	58	59	59	57	59	54	58	50	56	46	53	42	49	39	44	35	39	30	35	25	30	21	24	18	18	16	13	15	9	14	6	14	4	15	3	17	3	20	4	24	6	29	9	34	12	38	15	41	17	43	18	44	18	44	
58:
40	0.207	34	30	35	31	37	32	39	32	42	31	44	29	45	26	45	22	44	17	42	13	39	9	35	6	30	4	26	3	23	3	20	4	17	6	14	9	12	13	11	18	10	24	10	31	9	38	7	44	5	49	4	53	3	56	3	58	4	59	6	59	9	58	13	56	18	53	23	49	27	44	30	40	32	36	33	33	33	31	34	30	34	30	
59:
29	0.192	28	4	27	5	25	6	22	7	18	7	15	6	11	6	7	7	3	9	0	12	-2	16	-3	21	-3	26	-2	30	0	33	1	35	3	36	6	36	10	35	14	33	17	31	20	28	22	24	23	19	23	14	24	10	26	7	27	5	28	4	28	4	
60:
31	0.016	35	41	36	40	38	39	41	37	45	35	48	32	50	29	51	25	51	20	50	16	48	13	45	11	41	10	36	9	30	9	25	10	21	11	17	11	14	12	12	13	11	15	11	18	12	21	14	23	17	25	21	28	25	31	29	35	32	38	34	40	35	41	35	41	
61:
39	0.179	28	39	29	40	31	42	34	44	38	45	43	45	48	44	53	42	57	39	60	35	62	30	63	25	63	21	62	17	60	14	57	11	53	9	48	8	42	8	35	9	27	10	20	12	14	13	9	13	5	12	2	11	0	10	-1	9	-1	9	0	10	2	12	5	15	9	19	13	24	18	29	22	33	25	36	27	38	28	39	28	39	
62:
39	1.051	16	42	17	41	19	39	22	37	26	35	30	34	35	34	40	35	44	37	47	39	49	41	50	42	50	42	49	41	47	39	44	36	40	34	35	32	29	31	24	31	20	32	17	34	13	37	10	41	8	46	7	51	6	55	6	58	6	60	5	61	5	61	6	60	7	58	9	55	12	51	14	48	15	45	15	43	16	42	16	42	
63:
39	0.315	51	3	52	3	53	2	55	1	58	1	61	2	64	4	67	7	69	11	70	16	70	21	69	27	67	32	64	36	60	39	55	41	49	42	42	42	36	41	30	40	25	38	21	35	18	31	15	26	13	21	12	15	12	10	13	6	15	3	18	0	21	-3	25	-5	30	-6	36	-6	41	-5	45	-3	48	0	50	2	51	3	51	3	
64:
36	0.265	57	37	57	36	56	34	54	31	52	27	49	23	45	20	40	17	34	15	27	14	20	14	14	15	9	17	5	19	2	22	0	26	-1	31	-1	36	0	40	2	45	5	49	9	52	14	54	20	55	27	57	34	58	40	58	45	57	49	55	52	52	54	48	55	44	55	41	55	39	56	38	57	37	57	37	
65:
32	0.121	33	57	33	56	32	54	31	51	29	47	27	43	26	38	25	32	25	25	25	19	24	14	22	10	20	7	17	5	13	3	8	2	4	2	1	3	-1	5	-2	8	-2	12	-1	17	1	23	4	28	8	32	13	37	18	42	23	47	27	51	30	54	32	56	33	57	33	57	
66:
31	0.143	14	11	15	11	17	12	20	14	23	17	27	20	32	22	38	23	43	23	49	22	54	20	58	18	61	15	63	11	64	7	64	3	63	0	62	-2	60	-3	57	-3	53	-2	48	0	42	3	36	7	31	10	27	12	23	13	20	13	17	12	15	11	14	11	14	11	
67:
37	0.373	34	10	33	9	31	8	28	6	24	5	19	5	13	6	7	8	2	11	-2	15	-5	19	-7	24	-8	30	-8	35	-7	39	-5	42	-2	44	1	45	5	45	9	44	14	42	20	39	27	35	33	32	38	30	42	28	45	27	47	26	48	26	48	25	47	23	45	20	42	18	39	16	37	13	35	11	34	10	34	10	
68:
28	0.029	26	58	26	57	25	55	24	52	23	48	23	43	22	37	21	32	21	28	21	25	22	23	24	21	27	20	31	20	36	21	40	23	43	26	45	30	46	35	46	41	45	46	43	50	40	53	36	55	32	56	29	56	27	57	26	58	26	58	
69:
35	0.719	33	52	32	53	30	53	28	53	26	52	25	50	25	47	25	43	26	38	26	32	26	26	25	21	23	17	21	13	20	10	19	8	19	7	20	7	22	8	24	10	27	13	31	17	36	22	40	28	43	35	45	41	46	46	46	50	45	53	43	55	40	56	37	56	35	55	34	53	33	52	33	52	
70:
33	0.077	21	58	22	57	24	55	27	52	31	48	36	43	40	38	44	33	47	27	49	22	50	17	50	13	49	10	47	8	44	7	40	7	35	7	29	8	24	9	19	9	15	10	11	12	8	15	6	19	5	24	5	30	6	37	8	43	11	48	15	52	18	55	20	57	21	58	21	58	
71:
33	0.237	26	10	25	9	23	7	21	4	20	2	19	1	19	1	20	2	22	3	25	5	29	8	34	12	38	17	41	23	43	29	44	34	44	38	43	41	41	43	38	44	35	45	33	45	32	44	32	42	32	39	33	35	34	30	34	25	33	20	31	16	29	13	27	11	26	10	26	10	
72:
39	0.205	42	43	43	44	45	46	46	48	47	50	47	53	46	57	44	60	41	62	37	63	32	63	26	62	21	60	17	57	14	53	12	48	11	42	11	35	12	29	14	23	17	18	21	14	25	11	30	8	35	6	39	5	42	5	44	6	45	8	45	11	45	15	46	20	47	24	48	29	48	33	47	37	45	40	43	42	42	43	42	43	
73:
32	0.118	45	16	46	15	47	13	47	11	46	10	44	10	41	11	37	13	32	16	26	19	20	23	15	27	11	31	8	34	6	36	5	39	5	43	6	46	8	48	11	49	15	49	20	48	26	46	32	43	37	39	41	35	44	31	46	26	47	22	47	19	46	17	45	16	45	16	
74:
35	0.029	32	30	33	31	35	33	38	36	41	39	45	42	49	46	53	49	56	51	58	52	59	52	60	51	60	49	59	46	57	42	56	37	55	31	55	24	55	18	54	13	52	9	49	6	46	4	43	3	41	3	38	4	35	6	33	9	32	13	32	16	31	20	30	24	30	27	31	29	32	30	32	30	
75:
32	0.456	49	55	48	56	46	56	45	57	43	57	42	57	42	56	41	54	39	52	36	51	32	51	27	51	22	52	17	53	13	53	10	52	8	50	7	47	7	44	8	41	10	38	13	36	17	35	22	35	28	36	34	38	39	41	43	45	46	49	48	52	49	54	49	55	49	55	
76:
33	0.394	19	45	20	46	20	48	21	51	23	54	26	57	29	59	33	60	38	60	44	59	49	57	53	54	56	50	58	46	59	41	60	36	60	31	59	27	57	24	54	22	50	21	47	21	44	22	42	24	41	27	39	31	36	35	33	38	29	40	25	41	22	42	20	44	19	45	19	45	
77:
32	0.202	0	45	-1	44	-1	42	-1	39	0	35	2	30	5	26	9	23	14	21	20	20	27	19	33	19	38	20	42	22	45	25	47	29	48	34	49	38	49	43	48	47	46	50	43	52	39	53	34	53	28	52	21	52	15	51	10	49	6	47	3	46	1	45	0	45	0	45	
78:
34	0.134	25	27	24	26	22	24	20	21	19	17	19	14	20	11	22	9	24	8	27	8	31	9	34	11	37	14	39	18	40	23	41	29	43	36	45	42	47	47	48	51	48	54	47	56	45	57	42	57	38	56	34	54	30	51	27	47	25	42	24	37	24	33	24	30	25	28	25	27	25	27	
79:
27	0.108	7	26	8	27	8	29	7	32	5	36	4	40	4	45	5	49	7	52	10	54	14	55	18	55	22	55	26	54	29	52	31	49	32	45	32	40	31	35	29	31	26	28	22	26	17	25	13	24	10	24	8	25	7	26	7	26	
80:
38	0.123	39	23	40	22	42	20	45	19	49	19	53	20	57	22	60	25	62	28	63	32	63	37	62	41	61	44	59	46	56	47	52	47	47	47	41	47	34	47	27	46	21	44	16	41	12	37	9	32	7	26	6	21	6	17	7	14	9	12	12	11	15	11	19	11	24	12	29	14	33	17	36	20	38	22	39	23	39	23	
81:
44	0.749	41	3	40	4	38	6	36	9	33	13	29	18	24	23	20	28	16	34	13	39	10	43	7	46	4	49	2	51	1	52	1	52	2	51	4	49	7	46	11	44	16	43	22	43	29	44	35	46	40	49	44	53	47	56	49	58	51	59	52	59	52	58	53	56	55	53	57	49	58	44	58	38	57	31	55	24	52	18	49	13	47	9	44	6	42	4	41	3	41	3	
82:
34	0.102	18	15	18	16	17	18	15	19	12	21	9	22	6	22	4	23	2	25	1	28	1	32	2	36	4	39	7	41	11	42	15	44	20	45	25	45	29	44	33	42	37	39	40	35	42	30	43	24	43	19	42	15	40	12	37	10	33	9	28	9	24	10	21	12	19	14	18	15	18	15	
83:
36	0.886	25	51	26	51	28	51	31	51	35	51	40	52	45	52	49	53	52	53	54	52	55	50	55	47	54	43	52	38	49	33	45	28	40	24	34	21	29	19	24	18	20	18	16	19	12	21	9	24	7	28	6	33	6	38	6	42	7	46	9	49	12	51	15	52	19	52	22	51	24	51	25	51	25	51	
84:
45	2.063	50	12	49	12	47	13	44	15	40	17	36	18	31	18	25	17	19	16	14	14	10	11	7	7	5	4	4	2	4	1	5	1	7	2	10	4	14	7	19	11	23	16	27	21	30	27	32	34	33	40	33	45	32	50	32	54	33	57	35	59	38	60	41	60	45	59	49	57	53	54	56	50	58	45	59	39	59	33	59	27	58	22	56	18	53	15	51	13	50	12	50	12	
85:
41	0.314	29	48	28	49	26	51	23	53	20	55	16	57	11	58	7	59	3	59	0	58	-2	56	-3	53	-5	49	-6	44	-6	38	-5	31	-3	24	0	17	4	11	9	6	15	2	22	-1	30	-3	37	-4	43	-4	48	-3	52	-1	55	2	57	6	58	10	58	15	57	20	55	24	52	27	48	31	44	35	39	38	35	42	32	45	30	47	29	48	29	48	
86:
31	0.154	13	11	12	12	10	12	9	13	9	15	10	18	12	21	15	24	19	27	24	29	30	30	36	31	41	31	45	30	49	28	52	26	54	23	55	19	55	15	54	11	52	8	49	6	45	5	40	5	34	5	28	6	23	8	19	10	16	11	14	11	13	11	13	11	
87:
36	0.209	0	31	1	30	3	28	6	25	9	21	13	16	18	12	23	9	27	7	30	6	32	6	33	7	33	9	33	12	32	16	32	21	33	27	35	33	36	39	37	44	37	49	37	53	37	56	37	58	36	59	34	59	31	58	27	56	22	53	18	49	14	45	10	41	6	37	3	34	1	32	0	31	0	31	
88:
43	0.717	14	42	15	42	17	41	20	39	23	36	26	33	28	31	29	30	29	29	28	29	26	28	23	26	19	23	16	19	14	15	13	12	13	8	14	4	16	1	19	-1	23	-2	28	-2	34	-1	40	1	45	4	49	8	52	13	54	19	55	25	56	32	56	38	55	43	53	47	50	50	46	52	41	53	35	53	29	52	24	50	20	48	17	45	15	43	14	42	14	42	
89:
28	0.024	4	21	5	21	6	20	8	18	11	16	15	14	20	13	26	13	32	14	37	16	41	18	44	21	46	25	47	28	47	31	46	35	45	38	43	40	40	41	36	41	31	40	25	38	19	35	14	31	10	27	7	24	5	22	4	21	4	21	
90:
40	1.76	46	14	45	15	43	16	40	18	37	21	35	25	33	30	32	34	32	37	33	39	35	41	36	43	38	45	39	47	39	48	38	48	36	47	33	45	29	42	24	38	18	33	13	29	9	26	6	24	4	23	3	21	3	18	4	14	6	11	9	9	13	8	17	7	22	7	28	8	33	8	37	8	40	9	43	11	45	13	46	14	46	14	
91:
33	0.124	0	3	-1	4	-2	6	-3	9	-3	13	-2	18	0	24	3	29	7	33	12	36	18	38	23	39	28	40	33	40	37	39	41	38	44	36	46	33	47	29	47	24	46	18	44	12	41	7	37	3	32	0	27	-2	21	-3	15	-3	10	-2	6	0	3	2	1	3	0	3	0	3	
92:
30	0.154	53	6	52	7	50	8	47	9	43	9	38	8	32	6	25	5	19	5	14	5	10	6	7	8	5	11	4	15	4	19	5	23	7	26	10	28	14	29	19	30	25	30	31	29	36	27	40	24	44	20	47	16	49	12	50	9	52	7	53	6	53	6	
93:
41	1.259	56	49	55	50	53	52	50	53	46	53	42	53	39	52	37	50	36	47	35	43	35	38	34	32	32	26	29	20	25	15	21	11	17	7	14	3	12	0	11	-3	11	-6	12	-8	14	-10	17	-12	20	-13	24	-13	29	-12	35	-10	42	-7	48	-3	53	2	57	8	60	14	62	21	63	28	63	34	62	39	60	43	58	46	57	48	56	49	56	49	
94:
37	0.382	14	34	15	35	17	37	19	40	21	44	22	47	22	49	23	50	25	50	28	49	32	47	37	45	42	43	47	42	51	42	54	43	56	45	57	48	57	52	56	55	54	58	51	61	47	64	42	66	36	67	29	67	23	66	18	64	14	61	11	57	9	53	8	49	8	44	9	40	11	37	13	35	14	34	14	34	
95:
40	0.526	27	55	28	54	30	52	33	50	37	49	41	49	45	49	48	50	50	52	52	55	53	57	53	58	54	58	56	57	59	55	61	52	62	48	62	43	61	37	59	30	56	24	53	19	49	15	44	12	38	10	32	9	26	9	21	10	17	12	14	15	12	19	11	23	11	28	12	34	14	40	17	45	21	49	24	52	26	54	27	55	27	55	
96:
39	0.989	19	49	18	48	16	47	13	45	10	42	7	38	5	33	4	28	4	24	5	21	7	17	10	13	14	10	19	8	25	7	31	6	37	5	43	4	48	4	52	5	55	6	57	8	58	10	58	11	57	11	55	10	52	10	48	11	43	13	39	16	36	20	34	25	33	31	31	36	28	40	25	43	22	46	20	48	19	49	19	49	
97:
33	0.13	15	24	16	25	18	27	20	30	22	34	24	37	25	39	25	40	24	40	22	39	19	39	15	38	10	36	6	33	2	29	-1	24	-3	18	-4	13	-4	9	-3	6	-1	3	2	1	6	0	10	0	14	1	17	3	19	6	20	10	20	14	19	18	17	21	16	23	15	24	15	24	
98:
36	0.114	12	37	11	36	9	35	6	33	4	31	3	28	3	24	4	21	6	17	9	14	13	10	18	7	24	5	31	4	38	4	44	5	49	7	53	10	56	14	58	19	59	25	59	30	59	34	58	38	56	42	53	45	49	47	44	48	38	48	32	47	27	45	22	42	18	40	15	38	13	37	12	37	12	37	
99:
34	0.136	41	20	42	19	44	19	47	20	51	21	54	23	56	24	57	24	57	24	56	24	54	24	51	25	47	26	42	27	38	29	33	32	28	34	23	35	19	35	16	34	14	32	12	29	11	25	11	21	12	17	14	14	17	12	21	11	26	11	31	12	35	14	38	17	40	19	41	20	41	20	