0:
44	8.017	41	36	40	37	38	39	35	42	32	45	30	48	29	50	29	51	30	51	32	50	35	49	39	48	42	48	46	49	49	49	52	48	54	46	55	43	55	39	54	34	52	30	49	26	45	22	40	19	35	17	29	16	23	16	18	16	14	16	11	17	9	18	8	20	8	21	9	22	11	23	14	23	18	24	23	24	27	25	31	27	35	30	38	33	40	35	41	36	41	36	
1:
49	3.451	5	38	6	39	7	41	8	44	10	48	11	52	13	55	16	57	20	58	25	58	31	57	37	55	43	52	48	48	52	43	55	38	57	34	58	31	58	27	57	22	55	18	52	15	49	13	45	12	41	10	38	9	36	8	35	7	35	7	36	8	38	10	41	13	44	17	46	22	47	27	47	31	46	35	45	40	43	44	40	47	36	49	31	50	26	50	20	49	15	47	11	44	8	41	6	39	5	38	5	38	
2:
47	6.298	23	57	24	56	24	54	23	51	21	48	19	46	16	45	12	45	9	46	6	48	4	49	3	49	3	50	4	50	6	49	9	47	13	44	18	40	24	36	29	31	33	25	36	19	40	13	43	8	45	4	46	1	46	-1	45	-2	43	-2	40	-1	38	1	37	4	37	8	38	13	39	19	40	26	42	32	43	38	43	44	42	49	40	53	37	56	33	58	29	59	26	59	24	58	23	57	23	57	
3:
33	0.167	30	26	30	27	30	29	31	30	33	30	34	29	34	27	33	24	31	20	30	15	30	11	31	8	32	6	33	5	33	5	32	6	30	8	27	9	23	9	20	8	17	7	15	6	14	6	14	7	15	7	17	8	20	10	23	13	26	16	28	20	29	23	29	25	30	26	30	26	
4:
43	3.945	54	53	53	54	51	56	48	58	44	59	40	60	37	60	35	59	33	57	32	54	32	50	31	45	29	39	26	34	22	30	19	27	17	25	16	24	16	22	17	21	18	21	20	20	23	19	27	17	31	14	34	10	36	7	38	5	41	4	44	4	46	5	47	7	47	10	47	14	48	19	50	25	53	32	55	38	56	43	56	47	56	50	55	52	54	53	54	53	
5:
48	1.747	37	51	38	50	40	49	43	49	46	48	49	48	51	49	52	51	52	54	51	57	49	59	46	60	42	60	37	59	31	57	26	56	22	54	18	51	15	47	13	42	12	36	12	30	13	25	15	21	18	18	22	15	27	13	33	10	38	8	42	7	45	6	48	4	50	3	51	3	51	4	50	6	48	9	45	13	41	17	37	21	34	26	32	32	31	37	31	41	32	45	34	48	36	50	37	51	37	51	
6:
49	2.061	39	31	38	30	36	28	35	26	33	24	32	23	32	23	33	24	35	26	36	29	36	33	36	38	35	42	33	47	30	51	26	54	21	56	15	57	10	57	6	56	3	54	1	51	0	47	-1	42	-1	36	-1	29	0	22	2	15	5	9	9	4	14	-1	20	-5	27	-8	34	-10	40	-11	45	-11	49	-10	52	-8	54	-5	55	-1	55	4	54	9	52	15	49	20	45	24	42	27	40	29	39	30	39	31	39	31	
7:
51	3.204	44	1	45	2	47	4	50	7	54	11	57	16	59	22	60	28	60	34	61	40	62	45	62	49	61	52	59	54	56	55	52	55	49	54	47	52	44	49	40	45	35	40	31	34	26	28	22	23	18	19	14	16	11	14	9	12	6	11	3	11	1	12	-1	14	-2	17	-2	21	-2	25	-1	29	1	32	4	34	6	35	9	35	13	34	18	32	23	29	28	25	32	20	36	16	39	11	41	7	42	4	43	2	44	1	44	1	
8:
46	1.522	34	49	35	50	37	51	40	52	44	52	47	51	49	49	50	46	50	42	49	37	47	31	44	24	40	17	35	11	29	6	23	2	17	-1	12	-3	8	-4	5	-4	3	-3	1	-1	0	1	0	4	1	7	3	11	6	16	10	20	15	23	21	25	27	26	33	26	38	25	42	23	45	22	47	22	48	23	48	25	47	27	45	30	43	34	40	39	38	43	37	46	35	48	34	49	34	49	
9:
47	2.234	3	3	4	3	6	4	9	6	12	9	14	13	17	18	21	23	26	27	31	30	36	32	40	34	43	35	45	35	46	35	46	36	45	37	44	39	43	40	43	42	44	43	46	45	49	48	51	52	52	55	52	59	51	62	49	64	46	66	42	67	37	67	31	67	24	66	17	64	11	61	6	57	2	52	-1	46	-3	39	-5	31	-6	24	-6	18	-5	13	-3	9	0	6	2	4	3	3	3	3	
10:
55	4.297	29	10	30	11	32	13	35	14	38	16	42	18	47	19	51	19	54	19	56	18	57	16	57	13	56	9	55	5	53	1	50	-2	46	-4	41	-5	35	-6	28	-6	21	-5	15	-3	10	0	6	4	3	9	1	15	0	22	0	30	0	38	1	45	3	51	6	56	10	60	15	63	21	67	28	70	35	72	41	73	46	73	50	72	53	70	55	67	56	63	56	58	55	52	53	47	50	41	46	36	41	31	37	25	34	20	32	16	30	13	29	11	29	10	29	10	
11:
46	0.378	41	27	40	27	38	27	35	27	31	28	27	30	24	32	22	34	21	37	21	39	21	40	22	40	22	39	21	37	19	34	16	30	14	25	13	19	12	14	12	9	13	5	15	2	18	0	21	-1	25	-1	30	0	36	2	42	5	47	9	51	14	55	20	58	25	60	29	61	33	61	37	60	40	60	42	59	43	57	43	56	42	54	40	51	37	47	33	44	30	42	28	41	27	41	27	
12:
50	4.763	35	21	34	20	32	19	29	17	26	15	24	14	23	14	23	15	24	17	26	20	28	24	29	29	29	35	28	40	26	44	23	47	20	49	18	50	16	50	15	49	15	47	16	44	18	42	21	41	25	41	30	42	36	44	41	46	45	49	48	53	50	56	53	58	56	59	59	59	61	58	62	56	62	53	61	49	59	44	56	38	54	32	52	27	51	23	50	20	48	18	45	17	41	17	38	18	36	20	35	21	35	21	
13:
48	1.335	27	47	26	46	24	45	21	43	19	40	18	36	18	31	19	27	21	23	23	20	26	16	30	13	33	11	36	9	38	7	39	4	39	2	38	1	36	1	33	2	29	3	24	5	18	8	13	11	9	15	6	19	4	24	3	30	3	37	4	44	5	50	7	55	10	59	14	62	18	64	23	65	28	66	32	66	35	65	37	63	38	60	38	56	37	53	35	50	32	48	30	47	28	47	27	47	27	47	
14:
42	2.603	10	7	11	8	12	10	13	11	15	12	17	12	20	11	24	9	28	6	33	4	37	3	40	3	42	4	44	6	45	9	45	13	44	18	44	23	45	29	47	34	50	38	53	41	55	43	56	44	56	46	55	47	53	47	50	46	46	45	41	45	35	44	29	42	24	40	20	37	16	33	13	28	11	22	10	17	10	13	11	10	11	8	10	7	10	7	
15:
46	4.131	24	20	25	21	26	23	26	25	26	28	25	32	23	36	20	41	16	45	13	48	10	50	8	51	7	51	7	50	8	50	10	49	13	49	17	50	22	50	28	51	35	51	41	50	46	48	50	46	53	43	55	39	56	34	57	30	57	26	56	23	54	19	51	15	48	12	44	9	41	6	39	4	37	3	34	3	32	4	31	6	31	9	30	12	29	14	27	17	25	19	24	20	24	20	
16:
52	0.858	23	45	24	44	26	42	28	39	29	37	29	35	28	34	26	34	23	35	19	37	16	38	13	39	11	39	8	38	6	36	5	33	5	29	5	24	6	18	8	11	11	5	15	0	20	-4	26	-7	32	-9	38	-10	43	-10	47	-9	50	-7	52	-4	53	0	53	5	52	11	51	18	51	26	51	34	52	41	54	47	56	52	57	56	57	59	56	61	54	62	51	62	47	61	42	59	37	56	33	52	29	49	26	47	24	46	23	45	23	45	
17:
48	6.67	33	6	34	5	36	4	39	3	43	3	48	2	52	2	55	3	57	5	58	6	58	7	57	9	55	12	52	16	49	20	47	25	46	31	46	36	46	40	45	43	45	46	46	49	46	51	45	52	43	52	41	52	38	52	34	52	29	51	23	49	17	46	12	42	8	38	5	33	3	27	2	21	2	16	3	12	5	9	7	7	10	5	14	3	18	2	23	2	27	2	30	3	32	5	33	6	33	6	
18:
40	0.882	37	57	36	56	34	55	31	55	27	54	22	54	18	53	15	51	13	49	12	47	12	46	13	46	13	45	14	43	15	40	17	36	20	31	24	27	29	22	35	17	40	12	44	8	48	5	51	3	55	2	58	2	61	3	63	5	64	8	64	12	63	17	61	23	58	29	55	36	51	42	47	47	43	51	40	54	38	56	37	57	37	57	
19:
39	0.86	49	6	49	5	49	3	50	1	52	0	54	0	56	1	57	3	57	6	58	10	58	15	58	19	58	24	57	28	55	31	52	33	50	34	48	34	45	33	41	31	38	28	35	24	33	20	32	16	32	11	32	7	31	4	29	2	28	1	28	-1	29	-2	31	-2	33	-1	36	1	39	4	43	6	46	7	48	7	49	6	49	6	
20:
51	2.51	12	0	13	0	15	-1	18	-1	22	-1	26	0	29	2	31	4	32	7	32	11	31	15	31	20	30	24	28	27	25	31	23	34	22	36	22	37	23	37	25	37	28	37	32	38	37	39	42	40	47	40	51	41	54	43	56	46	57	49	57	53	56	57	54	60	51	62	47	63	42	63	36	62	29	61	22	59	16	56	11	52	7	47	4	41	2	34	1	27	1	21	2	15	4	10	6	6	9	3	11	1	12	0	12	0	
21:
43	1.67	17	30	16	31	16	33	16	36	15	39	14	43	14	47	15	50	17	52	20	53	23	53	26	52	29	50	32	47	36	43	39	38	43	34	46	31	49	29	53	28	56	26	58	23	59	19	59	14	58	10	56	6	53	3	49	1	46	0	44	0	43	1	43	3	42	6	42	9	41	11	39	14	36	18	32	22	27	25	23	27	20	29	18	30	17	30	17	30	
22:
40	0.18	29	10	30	11	32	13	34	15	37	16	41	16	44	17	46	18	47	20	48	23	48	27	47	32	47	38	46	43	44	47	41	50	37	52	32	53	26	53	21	52	16	50	12	47	8	43	5	38	3	32	2	27	2	22	3	18	5	15	8	13	10	12	11	12	12	13	14	15	16	16	19	16	23	15	26	13	28	11	29	10	29	10	
23:
50	15.216	33	18	32	17	30	15	27	14	23	14	19	15	16	17	14	20	13	24	13	29	13	35	13	41	12	46	12	50	12	53	11	55	9	56	6	56	4	55	3	53	2	50	2	46	1	41	1	35	2	28	4	21	7	13	11	6	16	0	22	-5	29	-9	36	-12	42	-14	48	-15	53	-15	57	-14	60	-12	62	-9	63	-5	63	0	62	5	60	9	57	12	53	14	48	16	43	18	39	19	36	19	34	19	33	18	33	18	
24:
45	8.766	32	10	31	9	29	9	26	10	22	10	19	11	17	13	16	14	15	16	15	17	16	17	18	18	19	20	19	23	18	27	17	32	17	38	18	43	20	47	23	50	27	52	30	53	32	53	34	52	35	50	35	47	34	43	34	38	34	34	33	29	33	24	34	19	36	15	39	11	42	8	44	6	45	5	45	5	44	6	43	8	41	10	38	11	35	11	33	11	32	10	32	10	
25:
40	1.422	0	32	0	31	0	29	1	26	3	22	6	19	10	17	15	16	21	16	26	16	30	17	33	19	36	22	39	26	42	31	46	35	50	38	53	40	55	42	56	43	56	44	55	46	53	49	50	51	46	52	41	54	35	55	29	57	23	58	18	58	14	57	11	55	9	53	8	50	6	46	3	42	1	38	0	35	0	33	0	32	0	32	
26:
50	2.109	0	42	1	41	3	40	4	38	6	35	8	31	10	27	11	24	12	22	13	21	15	21	17	22	20	24	22	27	25	31	27	36	28	40	29	43	31	45	34	47	36	48	37	48	37	47	36	45	35	42	34	38	34	33	34	27	35	20	35	14	36	9	36	5	35	1	33	-2	30	-4	26	-5	21	-5	15	-4	10	-2	5	1	1	5	-2	10	-4	15	-5	21	-5	27	-4	32	-2	36	-1	39	0	41	0	42	0	42	
27:
49	3.161	34	27	34	26	34	24	35	22	36	20	37	19	39	19	40	20	42	21	44	22	45	22	45	21	44	19	44	16	45	14	47	13	50	12	53	12	56	13	59	15	61	18	62	22	62	27	62	32	61	37	59	41	56	44	52	46	47	47	41	47	34	46	27	45	21	43	16	41	12	38	9	34	7	29	6	25	6	21	7	18	9	16	12	15	15	15	19	16	24	18	28	21	31	24	33	26	34	27	34	27	
28:
47	3.998	38	13	37	12	35	11	32	9	28	8	24	8	21	9	19	11	18	14	18	17	18	21	19	25	21	28	22	30	22	31	22	31	21	30	19	28	16	26	14	25	11	25	9	26	8	28	7	31	7	35	8	39	10	43	13	46	16	50	20	53	25	55	31	56	36	56	41	55	45	53	48	51	50	48	52	44	53	39	53	33	52	28	50	23	47	19	44	16	41	14	39	13	38	13	38	13	
29:
41	1.369	8	27	7	28	5	29	2	29	0	28	-1	26	-1	23	0	19	2	14	5	10	8	7	12	5	15	4	17	4	18	5	18	7	19	9	21	11	24	12	27	12	31	11	34	10	36	10	38	10	39	11	39	13	38	16	38	20	38	25	38	29	37	32	35	34	33	35	30	35	27	34	23	32	18	30	14	28	11	27	9	27	8	27	8	27	
30:
42	0.055	9	34	10	33	11	31	11	28	10	25	8	23	5	20	3	16	2	11	2	6	3	2	5	-1	8	-3	12	-4	17	-5	21	-5	24	-4	26	-2	28	1	29	5	29	10	28	15	28	20	29	26	29	33	28	39	26	44	23	48	19	51	14	53	9	54	5	55	2	55	0	54	-1	52	-1	49	0	45	2	42	5	40	7	37	8	35	9	34	9	34	
31:
44	8.531	2	15	1	16	0	18	-1	20	-1	22	0	25	2	27	5	28	9	28	14	27	20	25	27	22	33	19	38	17	42	16	45	16	48	16	50	17	51	19	51	22	50	26	50	29	51	31	52	32	54	33	57	33	59	32	60	30	60	27	59	23	57	18	54	14	51	10	47	7	42	5	36	4	29	4	23	5	17	7	12	10	8	12	5	14	3	15	2	15	2	15	
32:
38	0.285	26	39	27	38	29	38	32	39	34	41	35	44	35	48	34	52	33	55	32	57	32	58	33	58	35	57	38	56	41	55	45	53	48	50	50	46	51	41	51	35	50	29	49	24	47	20	44	16	41	13	39	11	38	10	38	10	39	11	39	13	38	16	36	20	33	24	31	29	30	33	29	36	27	38	26	39	26	39	
33:
48	7.376	35	0	35	1	35	3	34	6	32	9	29	13	25	17	20	22	15	27	11	31	7	34	4	36	2	37	1	37	1	36	2	34	4	31	7	29	11	28	16	28	21	29	27	30	33	32	38	35	42	39	45	42	47	46	48	50	48	53	49	56	49	58	50	59	52	59	54	58	56	56	57	53	58	49	58	44	57	38	55	31	54	24	52	18	49	13	45	9	41	6	38	3	36	1	35	0	35	0	
34:
43	3.317	8	42	7	41	6	39	6	38	7	38	9	38	12	39	16	41	21	43	27	44	32	44	36	43	39	41	41	38	42	34	43	29	44	25	46	22	48	19	49	17	49	15	48	14	46	12	43	10	39	8	34	7	30	7	27	8	25	9	24	11	24	13	25	14	27	15	28	16	28	18	27	21	25	25	22	30	18	34	14	37	11	39	9	41	8	42	8	42	
35:
45	1.284	59	55	59	54	58	52	57	49	56	45	56	41	57	36	57	30	56	25	54	21	53	16	51	12	48	9	46	7	43	6	39	6	35	7	32	9	30	12	29	16	29	21	28	25	27	30	25	36	22	42	18	47	15	51	13	54	12	56	12	57	13	57	15	56	18	54	22	52	27	49	33	46	39	44	45	43	50	43	54	44	57	46	59	49	60	52	60	54	59	55	59	55	
36:
36	0.306	20	25	19	24	17	22	14	21	11	21	8	21	6	21	5	20	5	18	6	16	8	15	11	15	15	14	20	13	26	13	33	13	39	14	44	14	48	15	51	17	54	19	56	21	57	24	57	28	56	31	54	33	51	34	47	34	42	33	38	32	34	30	30	27	26	25	23	24	21	24	20	25	20	25	
37:
44	0.632	47	46	46	46	44	46	41	46	37	47	32	47	26	48	20	50	15	53	11	55	8	56	6	56	5	56	5	57	6	57	8	56	11	54	15	53	18	51	20	48	21	44	22	40	22	35	21	31	20	28	20	26	21	25	22	23	24	21	27	18	31	16	36	15	41	15	46	16	50	18	53	21	55	25	56	30	56	35	55	39	53	42	50	44	48	45	47	46	47	46	
38:
40	2.982	10	26	9	25	7	23	6	20	6	17	7	14	9	12	12	11	16	11	21	12	26	14	32	16	37	17	41	17	44	16	46	14	47	13	49	13	50	14	50	16	50	19	49	23	47	27	44	32	40	36	35	39	29	41	23	42	17	42	12	42	8	43	5	43	3	42	2	40	2	37	3	33	5	30	7	28	9	27	10	26	10	26	
39:
51	3.725	59	10	60	11	61	13	62	15	62	18	61	21	59	23	56	24	53	24	50	23	48	21	45	19	43	18	40	18	38	18	36	19	35	21	35	24	36	28	38	33	41	38	43	42	44	47	44	52	43	56	41	59	38	61	34	62	29	62	24	62	19	62	15	61	11	59	8	56	6	52	5	47	5	41	6	34	8	28	11	23	15	18	20	14	25	11	31	8	38	6	44	5	49	5	53	6	56	7	58	9	59	10	59	10	
40:
40	0.164	33	22	34	22	36	23	39	25	42	28	45	31	47	35	48	39	50	44	51	48	51	52	50	55	50	57	49	58	47	58	44	57	40	55	35	54	29	54	24	54	18	55	13	56	9	56	6	55	4	53	1	50	-1	46	-2	42	-2	37	-1	31	1	26	4	22	8	19	13	17	18	16	23	16	27	17	30	19	32	21	33	22	33	22	
41:
52	3.269	6	31	7	30	9	30	12	30	16	29	19	27	21	25	22	22	22	20	21	18	19	16	18	13	18	10	19	8	21	7	24	7	28	8	33	9	38	11	42	12	46	12	50	11	53	9	55	6	56	4	56	3	55	3	55	4	55	6	56	9	58	13	61	18	64	24	67	31	69	38	70	44	70	49	69	53	67	56	64	58	60	59	55	59	49	58	42	56	34	53	27	49	21	44	16	40	12	37	9	34	7	32	6	31	6	31	
42:
44	0.292	21	1	22	2	24	4	27	6	29	7	32	8	34	8	37	7	41	5	44	3	48	2	51	1	55	1	58	2	60	4	61	7	61	11	60	16	58	21	55	27	51	34	47	40	42	45	36	49	31	52	26	55	22	57	19	58	16	58	14	57	13	55	13	53	14	50	16	46	17	41	18	35	20	28	21	22	21	16	20	11	19	7	19	4	20	2	21	1	21	1	
43:
45	1.859	1	41	2	42	4	44	6	47	9	49	12	50	14	50	15	49	15	47	16	44	18	40	21	37	25	35	30	34	36	34	41	35	46	36	51	37	55	37	58	36	60	34	61	31	61	27	60	22	58	17	55	13	51	9	47	5	44	2	40	0	35	-1	29	-1	24	0	18	2	12	5	7	9	3	13	0	17	-2	22	-3	26	-3	31	-2	35	-1	38	0	40	1	41	1	41	
44:
42	1.542	59	15	58	16	56	18	55	21	55	24	54	28	52	33	50	37	47	40	44	42	41	43	37	43	32	42	28	40	25	38	23	37	22	35	22	34	23	34	23	33	22	33	21	32	19	30	16	27	14	23	13	18	12	12	12	7	12	3	13	0	15	-2	18	-3	22	-3	27	-2	33	0	39	3	44	7	49	10	53	12	56	14	58	15	59	15	59	15	
45:
44	3.06	15	56	16	55	18	53	20	50	22	46	23	42	23	38	22	33	20	29	17	26	14	24	12	22	11	19	11	15	12	11	13	8	15	6	18	5	21	5	23	6	24	8	25	11	25	15	26	18	28	20	31	21	35	21	40	20	44	18	47	16	49	15	50	15	50	16	49	18	47	21	44	25	40	30	35	35	30	41	25	46	21	50	18	53	16	55	15	56	15	56	
46:
40	0.43	19	20	18	19	16	19	13	20	10	22	7	24	5	26	4	29	4	33	5	38	7	42	10	45	14	47	19	50	25	53	32	55	39	57	45	58	50	58	54	57	57	56	59	54	60	52	60	50	59	47	59	43	60	40	60	36	59	31	57	27	54	24	50	20	45	17	40	15	34	14	29	14	25	15	22	17	20	19	19	20	19	20	
47:
43	3.165	9	4	8	3	6	2	4	2	2	3	1	5	0	8	0	12	1	17	3	22	5	28	8	35	11	41	14	46	18	50	23	53	27	55	30	56	32	56	34	55	35	53	35	50	35	46	36	43	38	41	41	40	45	39	48	37	50	34	51	30	51	25	50	21	48	18	45	15	41	13	36	12	30	11	24	9	19	7	15	6	12	5	10	5	9	4	9	4	
48:
36	0.377	24	3	24	2	25	2	27	3	29	5	31	8	32	11	32	15	31	20	29	26	28	32	27	37	27	42	26	46	24	49	21	51	17	52	12	53	8	53	5	52	3	50	1	47	0	43	0	38	0	32	0	27	0	23	1	18	3	13	6	9	10	6	14	4	18	3	21	2	23	2	24	3	24	3	
49:
49	2.859	22	9	21	9	19	9	17	10	16	12	16	15	17	18	19	21	21	24	24	26	28	27	33	27	39	26	44	24	50	22	55	21	59	21	62	22	64	24	65	27	65	30	64	34	62	39	59	43	55	46	50	48	44	49	37	49	30	49	23	49	17	50	12	52	8	55	5	57	3	58	2	58	2	57	3	55	5	52	8	48	12	43	16	37	19	30	21	24	23	19	24	15	24	12	23	10	22	9	22	9	
50:
48	3.399	6	50	7	49	8	47	8	45	8	42	7	40	5	38	2	37	0	35	-1	32	-1	28	0	23	2	19	5	15	8	11	10	8	13	6	15	5	17	5	18	6	19	8	19	11	20	14	20	16	21	18	23	19	26	19	30	18	35	16	40	15	44	15	47	16	49	18	50	21	50	25	49	30	47	35	44	39	40	42	35	44	30	45	25	45	21	44	16	44	12	45	9	47	7	49	6	50	6	50	
51:
47	2.834	11	50	12	49	14	49	17	50	21	51	26	53	31	54	37	55	43	55	48	54	52	52	55	49	57	45	58	41	58	36	57	30	55	25	52	21	48	18	44	16	40	15	37	15	35	15	34	14	34	12	34	9	33	6	31	2	28	-1	25	-3	22	-5	18	-6	13	-6	9	-5	6	-3	4	0	3	4	3	9	4	15	4	22	3	29	3	35	4	40	6	44	8	47	10	49	11	50	11	50	
52:
46	2.009	54	28	53	29	52	31	51	34	51	37	51	39	52	40	54	40	56	40	57	41	58	43	58	46	57	50	55	55	52	59	48	62	43	64	37	65	30	65	24	64	19	62	15	59	12	56	10	52	9	47	9	41	9	34	8	27	8	21	9	15	11	10	14	6	18	3	23	1	28	0	33	0	37	1	40	3	42	6	43	9	45	13	46	18	48	22	51	25	53	27	54	28	54	28	
53:
42	2.919	48	9	47	10	45	12	42	14	38	16	33	17	27	17	22	16	17	14	13	13	9	12	6	12	4	13	3	15	3	18	4	21	6	23	9	25	13	27	18	30	24	33	29	37	33	42	37	47	40	51	42	54	43	56	44	57	45	57	45	56	45	54	44	51	43	47	41	42	40	36	40	30	41	24	43	19	45	15	47	12	48	10	48	9	48	9	
54:
47	3.402	12	48	12	49	13	51	15	54	17	56	20	57	24	57	29	56	35	55	41	53	46	50	50	46	53	42	55	37	56	31	56	25	55	20	53	16	50	13	46	10	41	8	35	7	30	7	25	8	21	10	18	13	16	15	15	16	14	16	12	15	11	14	10	12	8	11	5	11	2	12	0	14	-1	17	-1	20	0	24	2	28	5	31	8	34	10	38	11	42	11	45	11	47	12	48	12	48	
55:
47	3.975	36	52	37	53	39	55	42	56	46	56	50	57	53	57	55	57	56	56	56	54	55	51	53	47	50	42	46	37	41	33	35	30	28	28	22	25	16	22	11	20	7	19	4	19	2	20	1	22	1	25	1	29	2	34	4	40	7	45	11	49	14	52	18	54	21	55	23	55	24	54	24	52	23	49	21	47	20	45	20	44	21	44	23	45	26	46	30	48	33	50	35	51	36	52	36	52	
56:
45	2.416	55	23	56	22	58	20	59	17	60	13	60	9	59	6	57	4	54	3	50	3	45	4	39	6	34	7	30	7	27	7	24	8	22	10	21	13	21	16	22	20	24	25	26	31	27	36	28	40	28	43	27	45	25	46	22	47	19	48	17	48	16	49	16	51	17	52	19	52	22	52	25	51	29	49	34	46	38	42	41	37	45	33	49	29	52	26	54	24	55	23	55	23	
57:
48	0.779	59	56	58	56	57	55	55	53	52	50	48	46	43	42	37	38	30	35	23	33	17	30	12	26	8	21	5	15	3	9	2	4	2	-1	3	-5	4	-8	6	-10	9	-12	13	-13	18	-13	24	-12	30	-11	35	-9	39	-6	42	-3	44	1	45	4	45	6	44	7	42	9	39	12	37	16	35	19	34	21	34	24	34	28	35	33	37	39	40	44	44	48	49	51	53	53	56	55	58	56	59	56	59	56	
58:
44	0.879	40	6	39	7	39	9	40	10	42	10	45	9	49	7	53	5	56	4	58	3	59	3	59	4	58	6	56	9	54	13	51	18	47	24	42	31	36	38	29	44	22	49	15	53	9	56	4	58	0	59	-3	59	-6	58	-8	56	-9	53	-9	49	-8	44	-6	38	-3	31	1	25	6	20	11	16	17	12	22	9	27	7	31	6	34	6	37	7	39	7	40	6	40	6	
59:
43	0.865	58	54	57	53	57	51	56	49	54	46	51	42	48	37	45	32	41	26	36	20	32	15	27	10	23	6	20	3	18	1	15	0	13	0	12	1	12	3	11	6	11	10	10	15	8	21	6	27	4	32	2	36	1	39	1	41	2	42	4	44	7	46	11	48	16	51	21	53	27	56	34	58	40	59	45	59	49	58	52	56	55	55	57	54	58	54	58	54	
60:
49	1.311	26	51	27	50	29	48	32	45	35	41	38	36	40	32	41	29	41	26	40	24	38	22	35	21	31	21	26	21	20	21	15	22	11	24	8	25	6	25	5	24	5	22	6	19	8	15	11	12	15	10	20	8	26	7	33	7	39	7	44	7	48	8	51	10	53	13	56	17	58	22	60	28	61	34	61	40	60	45	58	49	55	52	51	54	46	55	41	56	36	56	32	55	29	54	27	52	26	51	26	51	
61:
45	0.718	32	12	31	11	29	10	26	9	22	8	19	8	17	9	15	11	14	14	14	18	15	23	16	28	18	32	21	35	23	37	24	38	24	39	23	41	22	44	22	48	22	53	23	57	25	60	28	62	32	63	37	63	42	62	47	60	51	57	54	53	56	48	57	42	57	35	57	28	57	22	56	17	54	13	51	10	47	8	42	7	38	7	35	8	33	9	32	11	32	12	32	12	
62:
45	16.403	18	35	17	36	15	38	12	41	9	44	6	48	4	51	3	53	3	54	4	54	6	53	9	51	13	48	18	44	24	39	30	33	36	27	41	21	45	16	48	12	51	9	53	7	55	6	58	6	60	6	61	5	61	3	60	1	58	0	55	0	51	1	46	2	41	3	35	3	30	4	26	6	23	9	21	13	20	18	20	23	21	27	21	30	20	32	19	34	18	35	18	35	
63:
41	1.09	2	3	3	4	4	5	5	7	5	10	5	14	5	19	6	24	8	30	11	37	14	43	18	48	21	52	23	55	26	57	28	58	29	58	31	57	34	55	37	52	41	48	46	43	50	37	53	32	55	28	56	24	56	21	55	19	53	17	50	14	46	10	41	7	35	5	28	3	22	2	17	2	12	2	8	3	5	3	3	3	2	3	2	3	
64:
52	9.532	3	14	3	13	4	11	6	9	9	6	13	4	18	3	24	3	31	4	39	6	46	9	52	13	57	18	61	24	64	31	67	38	69	44	70	49	70	53	69	56	67	58	64	59	62	59	59	58	57	56	55	53	54	49	52	44	49	38	45	33	40	29	35	26	31	24	28	23	24	23	21	24	19	26	17	29	16	33	15	36	13	38	10	39	7	39	3	38	0	36	-2	33	-3	29	-3	24	-2	20	0	17	2	15	3	14	3	14	
65:
48	2.686	44	59	43	58	41	56	39	53	37	49	36	44	36	38	37	31	39	24	41	18	43	13	46	9	49	6	51	4	52	3	52	3	51	4	49	6	46	9	42	13	37	17	32	20	28	22	25	23	23	23	22	22	20	20	17	18	13	16	10	15	7	15	5	16	4	18	4	21	4	25	5	28	7	30	10	32	14	34	19	36	24	38	29	41	33	45	36	49	39	53	41	56	43	58	44	59	44	59	
66:
43	0.35	54	32	53	32	51	33	48	35	44	38	39	42	33	47	26	52	19	56	13	59	8	61	4	62	1	62	-1	61	-2	59	-2	56	-1	52	0	47	0	41	0	36	0	30	1	25	3	21	6	18	10	16	15	14	20	13	24	13	27	14	29	16	30	18	30	19	31	19	33	18	35	17	38	17	42	18	46	20	49	23	51	26	53	29	54	31	54	32	54	32	
67:
49	1.673	21	3	22	4	24	4	27	5	31	6	35	8	40	10	45	13	50	16	54	20	57	25	59	31	60	37	60	42	59	46	57	50	55	55	52	60	48	64	43	67	37	69	30	70	24	70	19	69	15	67	12	64	10	60	9	57	9	53	10	50	12	46	13	43	15	40	16	38	16	36	15	33	13	30	11	26	8	21	6	15	5	10	5	6	6	3	8	1	11	0	15	0	18	1	20	2	21	3	21	3	
68:
43	1.119	54	32	53	31	51	30	48	28	44	26	39	23	34	21	28	20	21	19	15	17	10	14	6	11	3	8	1	6	0	5	-2	5	-3	6	-3	8	-2	11	0	15	3	20	7	25	11	29	16	32	22	34	27	36	31	39	34	42	36	46	37	50	37	53	38	55	39	56	41	56	44	55	47	53	50	50	52	46	53	42	53	38	53	35	54	33	54	32	54	32	
69:
39	1.112	14	17	15	16	17	15	20	15	24	15	29	16	33	18	36	21	38	25	40	30	41	36	41	41	40	45	39	48	39	50	39	51	40	51	40	50	40	48	39	45	37	42	35	40	32	39	29	39	27	40	25	42	23	44	22	45	20	45	17	44	15	42	14	39	13	36	13	32	14	27	14	23	13	20	13	18	14	17	14	17	
70:
42	3.076	4	52	3	51	3	49	3	46	3	42	4	37	5	31	7	26	10	21	14	17	17	14	19	12	20	11	20	11	19	11	19	12	20	14	22	16	25	17	29	18	34	18	40	19	45	19	49	20	52	22	54	25	55	29	55	33	54	38	52	42	49	45	45	47	40	48	35	48	29	49	24	51	19	52	14	52	10	53	7	53	5	52	4	52	4	52	
71:
46	1.268	54	56	55	55	56	53	58	50	59	46	59	41	58	36	56	32	53	29	49	27	44	25	38	23	33	20	29	16	25	12	20	9	15	7	11	6	8	6	6	7	4	8	3	10	3	13	4	17	5	22	7	28	9	34	11	39	12	43	12	46	11	48	11	49	11	49	12	48	14	46	17	45	21	44	26	44	32	45	38	47	43	50	47	53	50	55	52	56	53	56	54	56	54	56	
72:
42	0.666	20	3	19	4	17	6	14	9	11	13	8	18	6	24	5	30	5	37	6	43	8	48	10	52	13	55	17	57	22	58	27	58	33	58	38	58	42	59	45	60	47	60	48	59	48	57	47	54	46	51	46	48	47	46	47	45	46	45	44	45	41	44	37	42	34	39	32	35	31	30	29	24	28	18	26	13	23	9	21	6	20	4	20	3	20	3	
73:
45	3.191	46	43	45	42	43	40	40	37	36	33	32	28	28	22	25	16	21	11	18	7	14	4	10	2	5	1	1	1	-2	2	-4	4	-5	7	-5	11	-5	16	-4	22	-3	29	-1	35	2	40	6	44	10	47	15	49	21	50	26	50	30	49	35	47	40	44	45	40	49	36	53	33	56	31	58	30	59	29	59	29	58	30	57	32	55	35	52	38	49	40	47	42	46	43	46	43	
74:
47	0.585	25	36	24	37	22	39	20	42	17	45	13	47	10	50	7	54	5	59	4	63	4	66	5	68	7	69	10	70	14	70	19	69	24	67	30	64	35	60	39	55	42	49	44	42	45	34	45	27	44	21	42	16	39	11	35	7	31	4	26	2	21	1	15	1	10	2	6	4	3	5	1	7	0	9	0	12	1	16	3	20	6	23	10	25	15	27	19	30	22	33	24	35	25	36	25	36	
75:
44	0.842	37	8	36	7	34	7	31	8	27	10	22	12	16	14	11	17	7	20	4	22	2	24	1	26	1	27	2	27	4	27	7	28	11	30	14	33	18	37	21	42	25	46	30	50	35	53	40	55	44	56	47	56	49	55	50	53	50	51	49	50	47	50	45	49	42	47	38	44	34	40	31	35	29	29	28	23	28	18	29	14	31	11	34	9	36	8	37	8	37	8	
76:
42	1.831	51	25	50	25	48	24	45	23	42	23	40	24	39	26	38	29	36	33	33	36	29	38	24	39	18	39	12	38	6	36	1	33	-3	29	-6	24	-8	20	-9	15	-9	11	-8	8	-6	6	-3	5	0	5	4	6	8	8	13	10	19	11	25	11	30	10	34	8	37	7	39	7	41	8	43	10	45	13	48	17	50	20	51	22	51	24	51	25	51	25	
77:
45	8.952	32	17	33	16	33	14	33	11	32	9	30	8	27	8	25	9	23	11	21	14	20	18	20	23	21	27	21	32	20	37	18	41	15	44	11	48	8	51	5	53	3	56	2	59	2	63	3	66	5	68	8	69	12	70	17	71	23	71	28	70	32	68	35	66	37	64	38	61	38	58	37	54	37	49	36	43	35	37	34	32	34	27	33	23	32	20	32	18	32	17	32	17	
78:
40	0.702	55	44	55	43	54	41	54	38	53	34	53	30	52	26	50	23	47	21	43	18	38	15	32	12	26	8	21	5	17	3	14	2	11	2	9	3	8	5	8	8	9	12	9	16	8	19	6	23	5	28	5	32	6	35	8	39	11	42	14	44	18	46	23	47	28	47	34	48	40	49	45	49	49	48	52	46	54	45	55	44	55	44	
79:
48	4.358	2	55	3	54	5	53	8	51	12	50	16	50	20	51	25	53	31	55	36	57	40	58	43	58	45	57	46	55	46	52	45	48	43	44	42	40	42	36	43	33	45	30	47	28	50	25	53	23	56	22	58	22	59	22	59	23	58	23	56	22	53	20	50	17	46	15	41	14	35	13	29	13	24	14	20	16	17	19	15	23	14	28	14	34	13	40	11	45	8	49	5	52	3	54	2	55	2	55	
80:
39	5.355	21	18	20	17	18	16	15	15	13	13	10	12	8	10	5	9	3	9	2	10	2	12	3	15	5	19	8	24	12	28	16	31	21	33	26	34	32	35	37	35	41	34	44	32	46	30	47	28	47	26	46	25	45	25	43	24	42	23	42	21	41	20	40	20	38	20	35	21	31	21	27	20	24	20	22	19	21	18	21	18	
81:
48	12.066	16	3	17	3	19	2	22	1	26	1	31	2	35	4	38	7	40	11	41	16	43	22	46	28	50	33	53	37	55	40	56	42	56	44	55	47	53	51	50	55	46	58	41	60	35	61	29	62	24	62	20	61	17	59	15	58	14	58	14	59	15	60	17	60	20	59	24	57	28	54	31	50	33	46	35	41	36	35	36	29	35	24	33	20	30	17	26	13	22	9	19	6	17	4	16	3	16	3	
82:
45	0.161	36	3	35	4	33	4	30	4	26	3	21	3	16	2	12	1	8	1	5	0	3	0	2	1	2	3	3	6	5	10	6	15	7	21	7	27	6	33	5	38	5	42	6	45	8	47	11	49	15	50	20	51	26	52	32	52	38	51	43	50	47	49	50	48	52	46	53	44	53	41	52	37	50	32	47	26	45	20	42	15	39	11	37	8	36	6	36	4	36	3	36	3	
83:
46	2.495	53	39	53	40	52	42	50	44	47	47	43	49	39	50	34	52	30	55	25	58	19	60	13	61	8	61	4	60	1	58	-1	55	-2	51	-2	46	-1	41	1	37	4	34	8	32	13	30	17	28	20	25	22	21	23	16	23	11	22	7	20	4	18	2	16	1	15	0	15	0	16	1	18	3	21	6	25	9	30	13	36	18	41	24	45	29	48	33	50	36	52	38	53	39	53	39	
84:
42	4.794	0	27	1	26	3	25	6	24	10	24	13	23	15	21	16	18	17	16	17	13	17	11	17	10	18	10	20	11	23	13	27	16	32	20	38	25	43	30	47	36	50	41	52	46	53	50	53	53	53	55	53	56	52	56	50	55	48	53	47	50	45	46	42	42	38	39	33	37	27	36	21	36	15	36	10	35	6	33	3	30	1	28	0	27	0	27	
85:
52	4.02	46	36	45	37	43	37	40	36	36	35	31	33	26	30	22	26	18	23	15	19	13	16	12	14	11	13	9	13	6	14	3	16	1	19	-1	23	-2	28	-2	33	-1	38	1	42	4	47	8	51	13	54	19	56	24	57	29	57	34	56	38	54	41	51	45	47	50	42	54	36	57	31	59	25	60	20	60	16	59	13	57	11	55	10	53	10	51	11	50	13	48	16	47	19	45	23	44	27	44	30	45	33	46	35	46	36	46	36	
86:
44	1.782	2	14	3	13	5	12	8	10	12	9	16	9	19	9	21	10	24	12	28	15	31	19	34	24	36	29	37	33	37	36	36	38	35	40	35	43	35	47	35	52	34	56	32	59	29	61	25	62	21	62	18	61	16	59	15	56	15	52	15	49	16	45	17	42	19	40	21	39	22	39	22	38	21	36	19	33	16	29	12	24	8	20	5	17	3	15	2	14	2	14	
87:
42	2.129	18	50	19	51	20	53	22	56	24	58	27	59	31	59	36	59	41	58	45	56	48	53	50	49	51	44	51	38	50	32	48	26	45	21	41	16	36	12	30	9	25	7	21	6	18	6	16	7	15	7	15	8	16	10	18	13	21	16	24	20	28	25	31	31	33	37	34	42	34	46	33	49	31	51	28	52	24	52	21	51	19	50	18	50	18	50	
88:
44	0.913	22	36	21	37	19	39	16	41	12	43	9	46	7	48	6	49	6	49	7	48	9	46	12	43	14	39	17	34	21	29	26	23	32	18	37	14	42	11	46	9	49	8	51	8	52	9	52	11	52	14	53	18	55	23	57	28	58	34	58	40	59	45	59	49	58	52	56	54	53	55	49	55	46	54	42	52	37	49	32	46	28	42	25	39	23	37	22	36	22	36	
89:
37	0.892	42	16	41	15	40	13	38	11	35	8	31	6	26	5	20	5	14	5	9	6	5	8	2	11	0	13	-2	16	-3	20	-3	24	-2	29	0	33	3	36	5	38	6	39	6	39	6	38	6	36	7	33	9	29	10	26	12	24	15	23	19	23	24	23	29	23	33	22	36	20	39	19	41	17	42	16	42	16	
90:
40	4.224	31	45	30	44	28	42	25	40	23	37	21	35	18	34	16	33	15	33	15	34	16	34	18	33	21	33	23	32	24	30	24	27	24	23	25	18	27	14	29	10	32	7	36	5	41	4	45	4	48	5	50	7	51	10	51	14	51	19	51	24	51	28	51	32	50	37	48	41	45	44	41	46	37	47	34	47	32	46	31	45	31	45	
91:
35	0.294	6	24	5	25	3	27	1	30	-1	34	-3	39	-4	44	-4	48	-3	51	-1	53	2	54	6	54	11	53	16	51	21	48	25	44	28	39	30	33	31	27	31	22	30	18	28	15	25	13	22	12	19	12	17	13	16	15	15	17	14	18	12	18	9	18	7	19	6	21	6	23	6	24	6	24	
92:
43	0.666	22	5	23	6	25	7	26	9	26	11	25	13	23	15	20	16	16	16	12	16	8	16	5	17	3	18	2	19	2	21	3	23	5	26	7	29	10	33	14	38	19	43	23	47	26	50	30	52	35	53	41	53	46	52	50	50	53	47	55	44	56	40	56	35	55	29	53	24	50	18	46	13	41	9	36	6	32	4	28	3	25	3	23	4	22	5	22	5	
93:
46	0.734	17	57	18	56	19	54	19	51	19	47	18	42	16	37	14	31	12	26	11	22	11	19	12	17	14	16	17	16	21	17	26	19	32	21	38	22	44	22	49	21	53	19	56	16	58	14	59	12	59	11	58	11	56	11	53	12	50	14	47	17	44	20	42	24	41	29	41	35	42	42	42	48	42	53	41	57	39	60	36	62	32	63	27	63	23	62	20	60	18	58	17	57	17	57	
94:
45	6.124	26	59	25	58	23	56	20	53	17	49	15	46	12	44	10	43	7	43	5	42	4	40	4	37	5	33	7	28	10	24	13	21	17	18	21	14	26	9	31	5	37	2	42	0	46	-1	49	-1	51	0	52	2	53	4	53	7	52	10	50	12	47	13	43	15	38	16	32	18	27	20	23	23	20	27	18	32	17	38	17	44	18	49	20	53	23	56	25	58	26	59	26	59	
95:
48	1.647	23	10	24	11	26	12	29	13	33	14	37	14	41	15	44	17	46	20	47	24	47	29	46	34	44	39	41	44	37	48	32	52	26	55	21	57	17	58	14	58	12	57	11	55	10	53	10	51	11	49	13	46	16	42	19	37	21	32	22	28	22	25	21	23	19	22	16	22	12	22	9	21	6	19	4	16	3	14	3	11	4	8	6	6	9	5	13	5	17	6	20	7	22	9	23	10	23	10	
96:
50	5.554	12	57	11	56	9	54	6	53	4	53	3	54	2	55	2	55	3	54	5	52	8	49	12	45	17	41	22	38	27	35	31	33	34	32	36	32	37	33	37	35	38	38	39	40	41	41	44	41	48	40	52	38	56	35	59	31	61	26	62	20	62	15	61	11	59	8	56	6	52	5	47	5	41	6	34	8	28	11	22	15	17	20	13	26	10	33	8	39	7	44	7	48	8	51	10	54	11	56	12	57	12	57	
97:
44	6.745	33	33	32	32	30	31	29	29	27	26	26	22	26	17	25	13	25	10	25	8	25	7	26	7	28	8	29	10	31	13	34	17	37	22	39	28	42	33	44	37	45	42	46	46	46	49	45	51	43	52	40	52	36	51	31	49	25	48	20	48	16	49	13	50	11	52	10	53	10	53	11	52	13	50	16	47	19	43	23	40	27	38	30	36	32	34	33	33	33	33	
98:
45	3.409	23	49	24	48	26	47	29	46	33	46	38	47	44	48	49	48	53	49	56	51	58	52	59	52	59	52	58	51	56	49	53	47	49	45	44	43	38	40	33	36	29	33	25	29	22	24	20	18	19	13	19	9	20	6	20	4	19	3	17	3	14	4	10	6	7	9	5	13	4	17	4	22	4	27	5	33	7	38	10	42	13	45	17	47	20	48	22	49	23	49	23	49	
99:
49	8.057	23	12	24	11	26	11	29	12	33	13	38	15	42	18	46	21	49	25	51	30	52	36	52	41	51	45	49	48	46	50	42	51	37	51	31	51	24	50	18	48	13	45	9	43	6	41	4	40	2	40	1	40	1	41	2	41	4	42	7	42	10	41	13	39	15	36	16	32	16	28	17	23	17	17	17	12	16	8	14	5	12	3	11	2	11	2	12	3	14	5	17	8	20	10	22	11	23	12	23	12	