0:
20	0.171	6	5	6	4	6	3	7	2	9	2	10	1	10	0	9	0	7	0	5	0	4	0	4	1	3	1	1	2	0	4	0	6	1	7	3	7	5	6	6	5	6	5	
1:
21	0.112	7	1	7	0	6	0	4	0	2	0	1	0	1	1	2	3	2	6	3	8	4	9	6	9	8	8	9	8	9	9	8	9	7	8	6	6	6	4	7	2	7	1	7	1	
2:
20	0.209	4	2	3	2	1	2	0	3	0	3	1	3	2	4	2	6	1	7	0	8	0	8	1	7	2	5	4	3	6	2	7	2	7	1	6	1	5	2	4	2	4	2	
3:
21	0.167	0	5	-1	4	-1	2	0	1	2	0	5	0	7	1	9	2	10	3	10	3	9	4	7	4	6	5	6	7	5	8	4	8	4	7	4	5	3	4	1	4	0	5	0	5	
4:
20	0.072	6	1	6	0	7	0	8	1	8	3	7	5	7	6	8	6	8	7	7	8	5	8	2	8	0	7	-1	5	-1	3	0	1	1	0	3	0	5	0	6	1	6	1	
5:
23	0.111	5	8	6	9	7	9	8	9	8	8	7	7	6	5	6	4	5	3	5	2	6	1	6	1	5	0	3	0	1	0	-1	1	-2	3	-2	6	-1	8	0	9	2	9	4	8	5	8	5	8	
6:
20	0.233	6	5	5	4	4	3	3	2	3	1	4	1	5	2	6	3	7	3	7	4	7	6	6	7	4	8	3	9	3	10	4	10	6	9	7	8	7	6	6	5	6	5	
7:
19	0.135	6	1	7	0	7	0	7	1	8	3	8	5	7	6	5	8	3	9	2	9	1	8	0	7	0	6	1	5	3	5	5	5	6	4	6	2	6	1	6	1	
8:
17	0.093	1	6	2	6	3	5	5	3	6	1	6	0	7	0	8	0	8	1	8	3	8	6	8	8	7	9	5	9	3	8	2	7	1	6	1	6	
9:
19	1.35	3	5	4	6	4	8	3	9	1	9	0	8	0	6	1	4	3	3	6	3	8	3	9	3	9	3	8	2	6	1	4	1	3	2	3	4	3	5	3	5	
10:
21	0.164	3	3	2	4	2	6	3	8	4	9	6	9	8	8	9	6	9	5	8	5	6	6	3	7	1	7	0	7	0	6	1	4	3	2	4	1	4	1	4	2	3	3	3	3	
11:
19	0.092	7	3	6	3	4	3	2	3	1	2	1	1	2	1	2	2	2	4	1	6	1	8	2	9	4	9	6	9	8	9	9	8	9	6	8	4	7	3	7	3	
12:
20	0.222	1	0	2	1	3	3	4	5	4	6	3	6	2	5	1	5	1	6	2	7	4	9	5	10	6	10	7	9	7	7	7	5	6	4	4	2	2	1	1	0	1	0	
13:
23	0.704	9	9	8	8	6	7	4	7	3	7	3	8	3	9	2	9	1	8	1	6	1	5	2	5	3	4	3	3	4	3	5	3	7	2	9	2	10	3	11	5	11	7	10	8	9	9	9	9	
14:
19	0.08	2	8	1	8	0	7	0	5	1	3	2	2	4	2	7	3	9	4	10	5	10	6	9	6	7	6	5	5	3	4	2	4	2	5	2	7	2	8	2	8	
15:
20	0.128	5	4	4	4	2	4	1	4	1	3	1	1	2	0	4	0	6	0	8	1	9	3	9	5	8	6	6	8	4	9	3	9	3	8	4	7	4	5	5	4	5	4	
16:
22	0.25	3	3	2	4	1	5	1	6	2	8	2	9	1	9	1	8	0	6	0	3	1	1	3	0	6	0	8	0	9	1	9	3	8	4	7	4	7	5	6	5	4	4	3	3	3	3	
17:
18	0.091	8	6	7	6	6	5	4	3	3	1	1	0	0	0	0	1	0	3	0	6	0	8	1	9	3	9	6	10	8	10	9	9	9	7	8	6	8	6	
18:
17	0.079	5	4	6	5	8	5	9	4	9	3	8	1	6	0	5	0	3	1	2	3	0	5	-1	7	-1	8	0	8	2	7	4	5	5	4	5	4	
19:
19	0.092	1	6	1	5	2	5	3	5	3	4	3	2	4	1	5	0	6	0	6	1	7	3	8	6	8	8	7	9	6	10	4	10	2	9	1	7	1	6	1	6	
20:
20	0.131	3	7	3	6	3	4	4	3	4	3	3	4	1	4	0	3	0	1	1	0	3	0	5	0	7	0	8	1	8	3	7	4	6	6	5	7	4	7	3	7	3	7	
21:
21	0.187	0	3	1	4	3	4	4	3	4	1	3	0	2	0	2	1	3	3	5	5	6	7	6	8	7	8	8	7	9	5	9	3	8	2	6	1	3	1	1	2	0	3	0	3	
22:
21	0.112	0	8	1	9	2	9	2	8	3	7	5	7	7	8	8	9	8	9	7	8	7	6	8	3	9	1	9	0	8	0	6	1	3	3	1	4	0	5	0	7	0	8	0	8	
23:
17	0.106	0	6	1	5	3	3	4	1	4	0	3	0	3	1	4	3	6	6	8	8	9	9	9	9	8	8	6	7	3	7	1	7	0	6	0	6	
24:
20	0.163	0	7	0	6	1	4	2	3	4	1	6	0	8	0	9	1	9	3	9	5	8	6	6	6	5	6	5	7	6	7	6	8	5	9	3	9	1	8	0	7	0	7	
25:
18	0.066	6	3	5	3	4	2	4	1	3	0	2	0	1	1	0	2	0	4	1	6	3	8	6	9	8	9	9	8	9	6	8	4	7	3	6	3	6	3	
26:
18	0.076	8	6	8	5	8	3	7	1	5	0	3	0	1	0	0	1	0	3	1	6	3	8	5	9	7	9	8	9	8	8	7	8	7	7	8	6	8	6	
27:
20	0.209	8	5	7	6	7	8	6	9	5	9	5	8	5	6	5	5	5	4	4	4	3	4	3	3	3	1	4	0	6	0	8	0	9	1	9	3	9	4	8	5	8	5	
28:
18	0.094	0	4	-1	3	-1	2	0	2	2	3	3	5	4	6	6	6	8	6	9	7	9	9	8	10	6	10	4	10	2	9	1	7	1	5	0	4	0	4	
29:
21	0.233	0	8	1	9	2	9	3	8	4	7	5	7	7	7	8	8	8	9	7	9	5	8	4	6	4	3	3	1	1	0	0	0	0	1	0	3	1	5	1	7	0	8	0	8	
30:
20	0.069	8	0	7	1	7	2	7	4	8	5	8	7	9	8	9	9	8	10	6	10	4	9	2	7	1	5	1	4	2	2	2	0	3	-1	5	-1	7	-1	8	0	8	0	
31:
19	0.107	1	4	1	5	1	7	2	8	4	9	6	9	7	8	7	6	8	5	8	4	7	4	5	5	3	5	2	4	2	3	1	2	0	2	0	3	1	4	1	4	
32:
20	0.377	9	2	9	1	8	0	6	0	3	1	1	2	0	2	0	1	1	1	3	2	5	4	7	7	9	9	10	10	10	10	9	9	9	7	9	5	9	3	9	2	9	2	
33:
20	0.076	8	0	7	0	5	1	3	1	2	1	2	2	3	3	3	5	2	6	1	6	1	6	2	7	4	7	5	6	7	6	9	6	10	5	10	3	9	1	8	0	8	0	
34:
21	0.068	3	4	3	5	3	7	2	8	0	8	-1	7	-1	5	0	3	1	1	3	0	6	0	8	1	9	3	10	5	10	7	9	8	7	8	5	8	4	7	4	5	3	4	3	4	
35:
17	0.072	1	5	2	5	4	6	6	8	7	9	8	9	8	8	7	6	5	4	4	2	4	1	3	0	2	0	1	1	1	3	1	4	1	5	1	5	
36:
18	0.087	2	9	3	10	5	10	6	9	6	7	7	4	8	2	8	1	7	1	5	1	3	2	2	3	1	3	1	3	2	4	2	6	2	8	2	9	2	9	
37:
22	0.121	7	0	8	0	8	1	8	3	8	5	7	6	6	8	5	9	3	9	1	8	0	6	0	4	1	3	3	3	4	4	5	5	5	6	4	6	4	5	5	3	6	1	7	0	7	0	
38:
20	0.13	0	5	0	4	0	3	1	3	3	4	4	6	5	7	7	7	8	6	8	5	9	5	10	4	11	3	11	1	10	0	8	0	6	1	3	2	1	4	0	5	0	5	
39:
24	0.223	6	4	7	3	8	1	8	0	9	0	9	1	8	3	8	6	8	8	9	9	9	9	8	8	6	7	3	6	1	5	0	3	0	1	0	0	1	0	1	1	2	3	4	4	5	4	6	4	6	4	
40:
21	0.133	5	7	5	8	6	9	7	9	7	8	6	6	6	4	6	2	7	1	8	0	8	0	7	1	5	2	3	3	1	5	0	7	0	8	1	9	3	9	4	8	5	7	5	7	
41:
19	0.124	8	7	9	6	9	5	8	5	6	6	3	6	1	5	0	3	0	1	1	0	2	0	4	1	5	3	5	6	5	8	5	9	6	9	7	8	8	7	8	7	
42:
18	0.272	0	7	0	8	-1	8	-1	7	0	5	2	2	5	0	7	-1	8	-1	8	0	7	1	5	1	3	1	1	1	0	2	0	4	0	6	0	7	0	7	
43:
17	0.103	9	7	8	7	6	7	5	7	5	6	5	4	4	2	3	1	2	1	2	2	3	2	5	1	7	1	8	2	8	4	8	6	9	7	9	7	
44:
19	0.129	0	7	1	8	2	9	4	9	5	8	7	6	8	4	8	2	8	1	8	1	9	2	9	4	8	7	6	9	3	10	1	10	0	9	0	8	0	7	0	7	
45:
22	0.358	6	3	6	4	7	6	8	7	9	8	9	8	8	7	6	5	4	4	2	4	1	5	1	6	0	7	-1	7	-1	6	0	4	0	2	0	1	1	1	3	2	5	3	6	3	6	3	
46:
22	0.084	4	7	4	8	3	9	1	9	0	9	0	8	0	6	1	5	1	4	1	2	0	0	0	-1	1	-1	3	0	6	1	8	2	9	3	9	5	8	6	7	6	5	6	4	7	4	7	
47:
19	0.178	7	2	6	2	5	2	4	2	4	1	3	0	3	0	3	1	2	2	2	4	3	5	4	5	5	4	6	2	8	1	9	0	9	0	8	1	7	2	7	2	
48:
19	0.148	4	1	4	2	3	3	2	3	1	2	1	2	2	3	4	4	5	6	7	8	8	9	8	9	7	8	6	6	5	3	5	1	5	0	5	0	4	1	4	1	
49:
18	0.061	7	9	6	8	4	8	3	9	1	9	0	8	0	6	0	4	1	3	2	2	4	2	7	1	9	1	10	2	10	4	9	6	8	8	7	9	7	9	
50:
16	0.068	2	6	2	7	3	8	4	9	6	9	7	9	7	8	7	6	6	3	4	1	2	0	1	0	0	1	0	3	1	5	2	6	2	6	
51:
20	0.097	3	3	3	4	3	6	4	8	6	9	8	9	9	8	9	6	8	4	8	3	7	2	6	2	6	1	5	1	4	1	2	0	1	0	1	1	2	2	3	3	3	3	
52:
22	0.647	1	1	0	0	0	0	0	1	1	3	1	6	0	8	0	9	-1	9	-1	8	-1	6	0	5	2	4	5	4	7	3	8	1	8	0	7	0	6	0	4	0	2	1	1	1	1	1	
53:
22	0.102	4	6	3	5	3	4	2	4	1	5	0	7	0	8	-1	8	-1	7	0	5	0	2	1	0	3	-1	4	-1	6	0	8	2	9	5	9	7	8	8	6	8	5	7	4	6	4	6	
54:
21	0.166	7	0	8	0	8	0	7	1	6	3	6	4	7	4	8	4	9	5	9	6	8	7	6	8	4	8	2	7	1	5	1	3	1	1	2	0	4	0	6	0	7	0	7	0	
55:
20	0.06	8	1	9	2	9	4	8	5	7	6	7	7	8	9	8	10	7	10	5	9	2	9	0	8	-1	6	-1	3	-1	1	0	0	2	0	5	0	7	0	8	1	8	1	
56:
20	0.1	6	5	6	4	7	3	9	3	10	2	10	1	9	0	7	0	5	1	4	3	2	6	1	8	1	9	2	9	3	8	4	7	6	7	7	7	7	6	6	5	6	5	
57:
21	0.117	4	4	3	3	3	1	3	0	2	0	1	0	1	1	2	3	2	5	1	7	1	8	2	8	4	7	6	6	8	5	9	3	9	2	8	2	7	3	5	4	4	4	4	4	
58:
17	0.181	8	2	7	3	7	4	6	5	6	7	6	8	5	8	3	8	2	9	1	9	0	8	0	7	1	6	3	4	5	3	7	3	8	2	8	2	
59:
21	0.144	9	5	9	4	9	3	10	3	10	4	9	6	9	9	8	11	6	12	3	12	1	11	0	9	0	7	0	5	0	4	1	4	3	5	4	6	6	6	8	6	9	5	9	5	
60:
20	0.145	0	8	1	9	3	9	5	8	7	7	8	7	8	8	9	8	9	7	9	6	8	4	6	3	5	1	5	0	4	0	2	1	1	3	1	5	1	7	0	8	0	8	
61:
22	0.087	0	7	1	8	2	9	4	10	6	10	8	9	9	7	9	5	8	2	6	0	4	-1	2	-1	1	0	1	2	2	3	4	4	5	4	5	3	4	3	3	4	1	6	0	7	0	7	
62:
21	0.167	0	6	1	7	3	7	4	6	4	5	3	5	2	6	1	8	1	9	2	9	4	8	6	7	8	5	9	3	9	1	8	0	6	0	4	1	2	3	1	5	0	6	0	6	
63:
21	0.174	8	4	7	3	7	2	6	1	4	0	3	0	1	0	0	1	0	3	1	4	2	5	4	5	5	5	5	6	5	8	6	9	8	9	9	8	9	6	8	5	8	4	8	4	
64:
24	0.213	4	7	3	8	2	8	2	7	2	5	3	3	5	0	6	-2	6	-3	5	-3	3	-2	1	0	0	2	0	5	1	8	3	10	6	11	8	11	9	10	9	8	8	7	7	7	5	7	4	7	4	7	
65:
21	0.079	2	2	1	1	1	0	2	0	4	1	7	1	9	0	11	0	12	1	12	3	11	6	11	8	10	9	8	9	6	8	3	8	1	8	0	7	0	5	1	3	2	2	2	2	
66:
21	0.092	4	5	3	4	2	2	1	0	1	-1	2	-2	3	-2	4	-1	6	1	7	4	8	7	8	9	7	10	5	10	3	9	1	9	0	8	0	7	1	6	3	6	4	5	4	5	
67:
20	0.12	3	7	4	8	5	8	5	7	4	5	2	4	0	3	-1	1	-1	0	0	0	1	1	3	2	6	2	8	2	9	2	9	3	8	5	6	6	4	6	3	7	3	7	
68:
19	0.168	5	2	4	2	4	3	3	4	1	4	0	5	0	6	1	8	3	9	4	9	6	8	7	6	9	3	10	1	10	0	9	0	8	1	6	2	5	2	5	2	
69:
19	0.127	4	5	5	5	6	5	7	6	7	8	8	9	9	9	9	8	9	6	9	4	8	3	6	2	3	2	1	1	0	1	0	2	1	4	3	5	4	5	4	5	
70:
17	0.08	6	4	6	3	5	2	4	1	3	0	2	0	2	1	3	3	3	5	2	6	2	8	3	9	5	9	6	8	6	6	6	5	6	4	6	4	
71:
19	0.085	5	8	4	8	3	7	2	6	2	6	3	6	4	5	4	3	4	1	5	0	6	0	7	1	8	3	8	5	9	7	9	8	8	9	6	9	5	8	5	8	
72:
16	0.067	1	8	2	7	3	7	5	6	6	6	6	5	5	3	5	1	6	0	6	0	5	0	4	1	3	3	3	5	2	7	1	8	1	8	
73:
25	0.456	7	9	7	8	7	6	7	3	8	1	9	0	9	-1	8	-1	7	0	5	2	3	5	1	7	0	8	-1	8	-1	7	0	5	1	3	1	1	0	0	0	0	1	1	3	3	5	6	6	8	7	9	7	9	
74:
23	0.327	5	4	5	3	5	2	4	2	2	2	0	3	-1	5	-2	7	-2	9	-2	10	-1	10	1	9	3	7	5	6	7	6	8	5	9	3	10	1	10	0	9	0	8	1	6	3	5	4	5	4	
75:
21	0.175	5	3	4	3	4	4	3	5	3	7	3	8	2	9	0	9	-2	8	-3	6	-3	3	-2	1	0	0	3	0	6	1	8	2	9	3	9	3	8	2	6	2	5	3	5	3	
76:
20	0.138	2	8	3	9	5	9	6	8	7	6	8	5	9	5	9	4	8	2	6	0	3	-1	1	-2	0	-2	-1	-1	-1	-1	0	0	2	2	3	5	3	7	2	8	2	8	
77:
19	0.086	2	2	1	2	1	3	1	4	0	4	0	3	0	1	1	0	3	0	5	0	6	0	7	1	7	3	6	5	5	6	5	6	4	5	3	3	2	2	2	2	
78:
18	0.109	3	7	2	7	2	6	1	4	1	2	2	1	3	1	5	2	6	3	7	4	7	6	8	8	8	9	8	9	7	8	6	7	4	7	3	7	3	7	
79:
20	0.063	6	5	5	5	4	6	3	8	3	9	4	9	6	8	8	8	9	7	9	5	8	3	6	1	3	0	1	0	0	1	0	3	1	4	3	5	5	5	6	5	6	5	
80:
24	0.347	8	6	7	7	7	8	7	9	8	9	10	8	11	6	11	4	10	1	8	-1	6	-2	4	-2	2	-1	0	1	-1	4	-1	6	0	7	0	7	0	6	1	5	3	4	5	4	7	5	8	6	8	6	
81:
21	0.124	8	4	7	5	6	7	6	8	7	8	9	7	10	5	11	3	11	2	10	1	8	1	6	2	4	4	2	6	1	7	1	7	2	6	4	5	6	5	7	5	8	4	8	4	
82:
17	0.183	6	2	6	3	7	5	7	6	6	8	4	9	3	9	2	8	2	7	3	6	3	5	4	5	5	4	6	2	7	1	7	1	6	2	6	2	
83:
18	0.097	1	5	2	4	3	2	4	1	5	1	5	2	6	3	8	3	9	3	9	4	9	6	8	8	6	9	3	9	1	8	0	7	0	6	1	5	1	5	
84:
16	0.106	6	6	6	5	5	5	4	6	3	6	3	5	4	3	4	1	4	0	5	0	7	1	8	3	8	5	8	6	7	6	6	6	6	6	
85:
19	0.105	8	1	9	0	9	0	8	0	6	0	3	0	1	1	0	2	0	3	1	3	3	4	5	6	6	7	7	7	7	7	6	6	6	4	7	2	8	1	8	1	
86:
20	0.129	8	0	7	0	5	0	3	-1	2	-1	1	0	1	2	2	4	2	6	3	7	5	7	6	6	6	5	7	5	8	6	8	6	7	5	7	3	8	1	8	0	8	0	
87:
21	0.08	1	9	0	9	0	9	1	9	3	8	4	7	4	5	3	4	2	4	1	3	1	1	2	0	4	-1	6	-1	7	0	7	2	7	4	6	6	4	8	2	9	1	9	1	9	
88:
23	0.295	0	3	1	2	3	2	5	1	7	1	8	2	8	4	7	5	7	7	8	8	8	8	7	7	6	6	4	5	3	5	3	6	3	8	2	9	0	9	-1	8	-1	6	0	4	0	3	0	3	
89:
19	0.066	7	8	8	8	8	7	7	7	7	6	8	4	8	3	7	3	5	3	4	2	2	2	0	3	-1	5	-1	7	0	8	2	9	4	9	6	9	7	8	7	8	
90:
22	0.104	0	8	1	9	2	9	4	9	5	8	5	7	4	6	3	5	1	4	0	3	0	2	1	2	3	2	6	3	8	3	9	2	9	2	8	3	6	4	3	5	1	7	0	8	0	8	
91:
21	0.132	3	3	2	4	0	5	-1	6	-1	8	0	9	2	9	5	9	7	8	8	6	9	3	9	1	8	0	6	0	3	1	1	1	0	1	0	1	1	1	2	2	3	3	3	3	
92:
21	0.106	7	1	8	1	9	2	9	4	10	5	10	6	9	6	8	5	6	4	3	4	1	5	0	7	0	8	-1	8	-1	7	-1	5	0	3	2	1	4	0	6	0	7	1	7	1	
93:
22	0.121	1	5	1	6	1	8	2	9	4	9	5	8	5	6	4	4	4	2	5	1	7	1	9	2	10	4	10	5	9	5	8	4	6	2	3	1	1	1	0	2	0	4	1	5	1	5	
94:
23	0.117	3	6	3	5	4	4	6	2	7	1	7	0	6	0	5	1	3	2	1	3	0	5	0	8	1	10	3	11	6	11	8	10	9	9	9	7	8	5	7	4	6	4	4	5	3	6	3	6	
95:
21	0.075	1	8	1	7	2	6	4	5	5	5	6	6	6	8	7	9	8	9	8	8	7	6	6	4	5	2	5	1	4	1	3	2	1	2	0	3	0	5	1	7	1	8	1	8	
96:
18	0.167	3	5	4	5	5	6	5	8	4	9	3	9	1	9	0	8	0	6	1	4	3	2	5	1	6	1	6	2	6	3	5	3	4	4	3	5	3	5	
97:
21	0.105	5	7	5	6	5	4	5	2	4	1	2	1	1	0	-1	0	-2	1	-2	2	-1	4	1	6	2	8	4	10	6	11	8	11	9	10	9	8	8	7	6	7	5	7	5	7	
98:
22	0.187	4	0	3	1	2	3	2	5	3	7	5	8	7	10	9	11	10	11	10	10	9	8	7	7	6	6	6	4	7	2	9	1	10	1	10	2	9	2	7	2	5	1	4	0	4	0	
99:
21	0.15	8	3	9	2	9	0	8	-1	6	-1	4	0	2	0	1	0	1	1	2	3	4	5	5	6	5	8	5	9	5	9	6	8	8	7	9	7	9	6	8	4	8	3	8	3	