0:
44	26.966	28	22	27	21	25	20	22	19	19	19	17	18	16	16	16	13	17	9	19	6	21	4	24	3	27	3	29	3	30	3	30	2	29	1	27	0	24	0	20	0	16	0	12	1	9	3	7	6	6	10	6	14	5	19	3	25	1	30	0	34	0	37	1	40	3	42	6	43	10	43	15	42	20	40	24	38	27	35	29	31	30	28	30	25	29	23	28	22	28	22	
1:
43	3.985	2	2	1	3	-1	5	-2	8	-2	12	-1	16	0	21	2	25	4	28	6	30	8	31	10	31	11	30	13	28	16	25	18	23	19	22	21	22	24	23	26	25	28	27	31	28	34	28	36	27	37	25	37	22	36	18	35	15	35	13	36	12	37	12	37	11	36	10	34	10	31	10	27	9	22	7	17	4	12	2	8	1	5	1	3	1	2	2	2	2	
2:
40	4.077	18	24	19	23	20	21	22	20	25	18	29	15	32	12	34	9	35	6	35	4	34	3	34	3	34	4	34	6	33	9	33	12	34	14	36	16	38	18	39	21	39	25	38	29	36	33	33	36	29	38	25	39	20	39	15	38	11	37	8	36	6	36	5	36	5	35	6	35	8	34	11	32	14	29	16	27	17	25	18	24	18	24	
3:
41	1.368	2	15	1	16	1	18	2	21	3	24	4	28	5	31	5	33	5	34	6	34	7	33	7	31	7	28	7	24	7	19	7	14	8	10	10	7	12	5	15	4	19	4	24	5	28	7	31	9	33	12	35	16	36	21	36	25	35	28	33	30	30	31	26	31	23	30	21	28	19	26	16	23	12	21	8	20	5	18	3	16	2	15	2	15	
4:
37	17.351	8	5	7	6	6	8	4	10	3	13	3	16	4	19	6	21	9	23	13	24	18	24	24	24	29	25	33	26	36	28	38	31	39	35	39	38	39	40	38	41	36	41	33	40	29	38	25	35	22	31	20	27	19	22	19	17	19	12	20	8	20	5	19	3	17	2	14	2	11	3	9	4	8	5	8	5	
5:
31	0.405	10	15	9	14	8	12	8	10	9	7	10	4	11	2	12	1	13	1	14	2	15	4	17	7	19	11	22	15	26	19	29	22	31	24	32	26	32	28	31	31	29	33	26	34	22	34	18	33	15	31	12	28	10	25	9	21	9	18	9	16	10	15	10	15	
6:
44	0.394	38	32	38	31	37	29	36	26	36	23	37	19	37	14	37	10	37	7	36	5	34	4	32	4	31	5	30	7	28	9	25	12	21	14	18	15	15	15	13	14	12	12	12	10	11	7	11	5	10	4	8	4	5	5	2	7	0	9	-1	12	-1	16	0	21	1	26	3	31	5	35	8	38	12	40	17	41	23	41	28	40	32	38	35	35	37	33	38	32	38	32	
7:
44	3.444	33	9	34	8	36	7	37	7	38	7	38	8	37	10	35	13	33	16	31	20	30	25	29	29	27	32	24	34	20	35	15	35	10	35	6	34	2	32	-1	29	-3	25	-4	21	-4	17	-3	13	-1	10	2	7	6	5	9	4	11	4	12	5	12	7	11	10	9	13	8	15	8	17	9	18	11	18	14	18	18	17	23	15	27	13	30	11	32	10	33	9	33	9	
8:
34	1.748	17	25	16	26	14	27	11	29	9	30	8	30	8	29	9	27	11	24	12	22	14	21	15	19	15	16	14	12	14	8	15	5	16	3	18	2	21	2	25	1	29	0	32	-1	34	-1	35	0	35	2	34	5	33	9	32	13	30	17	27	20	23	22	20	24	18	25	17	25	17	25	
9:
41	0.782	38	31	39	32	39	34	38	36	36	37	34	37	31	37	27	38	22	38	16	37	11	37	7	37	4	37	2	36	1	35	1	33	2	30	4	28	6	26	8	24	9	21	9	18	8	15	6	12	5	10	3	8	2	5	2	3	3	2	5	1	8	1	11	2	15	4	18	7	22	11	25	16	29	21	32	25	35	28	37	30	38	31	38	31	
10:
37	1.949	4	35	5	34	7	34	10	34	14	35	18	35	23	35	28	35	32	34	35	32	37	29	38	25	38	22	38	19	37	17	35	16	32	16	28	17	23	19	19	21	16	22	14	22	13	21	13	19	14	17	14	16	15	16	15	17	14	18	12	19	9	20	7	22	6	25	6	29	5	32	5	34	4	35	4	35	
11:
40	1.279	29	0	29	1	30	3	31	6	32	10	33	15	34	20	34	25	35	29	36	32	36	34	35	35	33	35	30	34	26	32	21	29	15	25	10	21	6	17	3	14	1	12	0	11	0	11	1	12	3	14	5	17	8	20	12	22	17	23	21	23	24	23	26	22	27	20	27	17	26	14	25	10	25	6	26	3	28	1	29	0	29	0	
12:
37	0.75	26	14	27	14	29	15	31	15	32	14	32	12	32	9	31	6	31	4	32	3	34	3	36	4	37	6	37	9	36	13	34	18	32	22	29	25	25	27	20	28	14	28	9	28	5	28	2	27	0	25	-1	23	-1	21	0	20	2	20	4	21	7	22	11	22	16	21	20	19	23	17	25	15	26	14	26	14	
13:
36	0.691	13	16	12	16	10	16	8	17	7	19	6	22	6	24	7	25	9	25	11	24	13	22	15	19	16	15	16	10	17	6	18	3	20	1	23	0	27	0	31	1	35	3	38	6	40	10	41	14	41	18	40	21	38	23	36	24	33	24	30	23	26	21	23	18	19	16	16	15	14	15	13	16	13	16	
14:
42	3.238	25	2	26	2	28	3	31	4	33	6	34	9	34	13	33	16	31	18	29	20	26	21	22	21	18	20	14	18	11	16	9	14	6	13	4	13	3	14	3	16	4	18	6	20	9	23	11	27	12	32	13	36	13	39	13	41	14	42	16	42	19	41	23	39	26	36	29	32	31	27	32	21	32	16	31	12	29	8	27	5	26	3	25	2	25	2	
15:
39	0.588	29	4	30	5	32	7	33	9	33	11	32	14	30	16	29	17	29	17	30	17	32	18	34	19	35	21	35	24	34	27	32	29	29	30	27	30	25	29	24	27	22	24	19	21	15	19	11	18	7	18	4	18	2	17	1	15	1	12	2	10	4	8	7	5	10	3	14	2	19	2	23	2	26	2	28	3	29	4	29	4	
16:
43	5.398	18	16	19	16	20	17	20	19	20	21	20	24	19	28	18	31	16	33	13	34	10	34	8	35	7	36	7	36	8	35	10	33	11	30	11	26	10	23	8	21	7	18	7	14	8	9	10	4	13	0	17	-3	22	-5	27	-6	31	-6	34	-6	36	-5	37	-3	37	0	36	2	34	3	31	5	27	6	24	7	21	8	19	10	18	13	18	15	18	16	18	16	
17:
41	3.448	6	37	5	36	3	34	2	31	2	27	3	24	5	22	8	20	12	19	17	19	23	18	28	16	32	13	35	11	37	10	38	8	38	6	37	5	35	5	32	6	30	8	29	11	29	15	29	20	30	25	31	29	31	32	31	35	32	37	33	38	33	38	32	37	30	35	28	33	25	32	21	32	16	33	12	35	9	36	7	37	6	37	6	37	
18:
35	3.267	28	39	27	39	25	39	22	39	18	38	15	36	13	33	11	29	8	24	6	20	5	16	5	13	5	11	6	9	6	6	6	3	7	-1	9	-4	12	-6	15	-7	19	-7	23	-6	26	-4	28	-2	29	1	29	5	28	10	26	15	24	21	23	26	23	30	24	33	25	36	27	38	28	39	28	39	
19:
41	16.172	28	32	27	32	25	33	24	33	22	33	21	32	21	31	22	30	24	29	26	27	27	24	27	20	27	17	27	14	26	12	24	11	21	11	17	12	13	13	9	13	6	12	4	10	3	7	3	4	4	2	6	1	9	1	13	1	18	1	22	2	26	4	30	7	33	10	35	14	36	18	36	22	35	25	33	28	31	30	29	31	28	32	28	32	
20:
40	0.141	8	23	8	24	7	26	5	29	4	33	4	36	5	38	7	40	10	41	14	41	18	40	22	38	27	35	31	31	34	26	36	22	38	18	39	15	40	12	40	9	39	7	37	6	34	5	30	5	25	6	21	8	18	9	14	9	10	8	7	7	5	6	3	6	1	7	0	8	0	10	1	13	3	17	5	20	7	22	8	23	8	23	
21:
41	13.157	29	23	30	22	32	21	34	19	37	17	39	16	40	14	40	12	39	11	37	10	35	10	32	11	28	13	24	16	19	18	14	19	10	19	7	18	5	17	3	17	2	18	2	20	3	23	5	27	8	32	12	36	16	39	20	41	23	42	25	42	26	42	26	41	25	39	23	38	22	37	22	35	23	32	25	29	27	26	28	24	29	23	29	23	
22:
43	0.707	7	36	6	35	4	33	2	30	1	26	1	21	2	15	4	10	7	6	10	3	13	1	16	0	20	0	24	1	29	3	33	6	36	10	38	15	39	19	39	22	38	24	36	25	33	25	29	24	24	23	19	21	14	18	10	14	6	11	3	9	1	7	0	6	0	6	1	7	3	9	6	12	8	16	10	21	11	26	11	30	10	33	8	35	7	36	7	36	
23:
41	0.747	12	15	11	16	9	17	8	19	8	22	8	26	9	31	11	35	13	38	16	40	19	41	22	41	24	40	25	38	25	36	24	35	22	33	19	30	17	26	16	21	16	16	17	11	19	7	21	4	24	2	26	1	29	1	32	2	34	4	36	7	37	9	37	10	36	10	34	9	31	9	27	10	22	12	18	14	15	15	13	15	12	15	12	15	
24:
39	0.759	16	3	15	4	14	6	12	9	11	12	9	16	7	20	6	23	6	25	7	26	9	26	12	25	14	24	16	24	17	24	17	25	16	27	14	30	12	33	11	36	11	38	12	39	14	39	17	38	21	36	25	35	29	34	32	33	34	31	35	29	35	26	34	23	32	19	29	16	26	13	22	9	19	6	17	4	16	3	16	3	
25:
42	4.805	39	38	38	37	36	35	33	32	30	29	28	26	25	24	22	23	18	23	15	24	12	26	10	29	9	32	7	34	5	35	3	35	2	34	2	32	3	29	5	25	8	21	10	18	13	16	17	15	22	14	27	13	31	11	34	8	36	6	37	5	37	5	36	6	35	8	33	11	32	15	31	20	31	25	32	29	34	32	36	35	38	37	39	38	39	38	
26:
41	0.238	21	9	21	10	22	12	23	15	25	17	28	19	31	22	34	25	36	29	37	33	37	36	36	38	34	39	31	40	27	40	22	39	17	38	13	38	9	37	6	35	3	32	1	29	0	26	0	22	1	17	2	12	4	7	7	2	10	-2	14	-5	19	-7	23	-8	26	-8	28	-7	29	-5	29	-3	28	0	26	3	24	6	22	8	21	9	21	9	
27:
42	5.994	10	25	9	26	7	26	4	26	2	25	1	23	0	20	0	16	0	11	1	7	3	4	6	2	10	1	15	1	19	2	22	3	24	5	26	8	28	10	31	11	34	11	36	12	37	12	37	13	36	15	34	17	32	20	29	22	25	25	20	28	16	32	11	35	7	37	4	38	2	38	1	37	1	35	2	32	4	29	7	27	9	26	10	25	10	25	
28:
41	0.5	36	14	35	14	33	14	30	15	28	17	26	19	25	22	25	26	26	29	28	33	31	36	34	38	36	39	37	39	37	38	36	37	34	36	31	36	27	37	22	37	17	38	12	38	8	39	5	39	3	38	2	36	2	34	3	33	5	31	6	28	6	24	7	19	9	15	12	12	16	10	21	9	26	9	30	10	33	12	35	13	36	14	36	14	
29:
43	0.883	0	15	1	15	2	15	4	16	7	18	10	20	12	21	15	21	17	22	18	24	18	27	17	29	15	30	12	30	10	30	9	30	9	31	10	33	12	35	15	36	19	38	24	40	29	41	33	41	36	40	38	38	40	35	41	31	41	26	40	21	38	17	35	13	31	10	26	8	20	7	14	6	9	6	5	7	2	9	0	10	-1	12	-1	14	0	15	0	15	
30:
39	1.239	2	21	1	20	0	18	0	16	1	14	3	13	6	13	8	14	9	16	9	19	9	22	10	26	12	30	15	33	19	35	23	37	28	38	32	38	35	37	37	37	38	36	38	34	37	32	35	31	32	31	28	32	23	34	17	36	11	38	6	39	2	39	-1	38	-3	36	-4	33	-4	29	-3	26	-1	24	1	22	2	21	2	21	
31:
39	1.43	32	13	32	14	33	16	35	17	37	17	38	16	38	14	38	11	37	7	35	3	32	0	28	-2	23	-3	18	-3	13	-2	9	-1	6	1	3	4	1	8	0	13	0	18	1	23	3	27	4	30	4	33	5	35	7	36	10	36	12	35	13	33	13	30	14	27	16	23	19	20	23	18	26	16	29	15	31	14	32	13	32	13	
32:
40	1.521	27	6	26	6	24	6	21	5	17	3	14	1	12	0	10	0	9	1	9	3	9	6	9	10	10	15	10	19	9	22	7	25	5	27	3	28	2	28	2	29	3	29	5	28	8	28	12	27	17	26	21	26	26	25	30	23	33	20	35	16	36	11	36	7	36	4	35	2	33	1	30	1	28	2	27	4	27	5	27	6	27	6	
33:
47	1.502	3	22	4	23	5	25	7	26	9	26	11	25	12	23	12	20	11	16	9	12	7	8	6	5	6	3	7	2	9	0	12	-1	16	-1	21	0	26	2	30	3	33	3	35	2	36	2	36	3	35	4	33	6	30	9	28	13	27	18	27	24	28	30	29	35	29	39	28	42	26	44	23	45	19	46	14	46	10	45	7	43	4	40	2	36	1	32	1	28	1	25	2	23	3	22	3	22	
34:
44	2.213	30	10	31	11	32	13	34	16	37	19	39	23	40	28	40	34	39	39	37	43	34	46	32	48	29	49	25	49	21	48	18	46	16	43	15	39	15	34	16	30	18	27	21	25	24	24	26	24	27	24	27	25	26	25	24	24	21	22	17	20	13	17	10	14	8	12	7	11	7	9	8	7	10	5	13	4	16	4	20	4	24	5	27	7	29	9	30	10	30	10	
35:
37	0.597	14	21	13	22	12	24	10	25	9	26	9	26	10	25	12	24	15	22	19	20	24	19	29	19	33	19	36	18	38	16	39	14	39	11	38	8	36	6	35	3	35	1	34	0	32	0	30	1	27	3	23	4	18	4	14	3	11	3	9	4	8	6	8	9	9	13	11	16	13	18	14	20	14	21	14	21	
36:
38	1.797	20	25	19	26	17	26	14	25	12	23	11	20	11	18	12	16	13	15	15	13	18	11	22	10	27	10	31	10	34	11	36	13	37	16	37	19	36	23	34	27	31	31	27	34	22	36	16	37	11	37	7	36	4	34	2	31	1	28	1	26	2	25	4	25	7	26	11	27	14	27	17	27	19	26	20	25	20	25	
37:
45	3.215	2	19	1	18	1	17	2	15	3	12	5	8	8	4	11	1	15	-1	19	-2	24	-2	28	-1	31	0	33	1	34	3	34	6	34	10	35	13	37	17	38	22	38	28	37	34	35	39	32	43	28	47	24	50	19	52	15	53	11	53	8	52	6	50	5	47	5	43	6	38	8	34	11	31	13	27	14	23	14	20	13	18	11	17	8	17	5	17	3	18	2	19	2	19	
38:
43	2.762	9	27	8	28	7	30	5	32	3	35	2	37	2	38	3	38	4	37	4	35	4	32	5	28	5	23	6	17	7	12	9	8	12	5	16	3	20	1	23	0	25	0	26	1	26	3	27	6	29	10	30	15	30	20	29	24	29	28	30	31	32	34	33	36	34	37	34	37	33	36	31	34	28	31	24	28	19	26	15	25	12	25	10	26	9	27	9	27	
39:
38	1.713	16	15	15	14	13	14	11	15	10	16	10	18	10	21	11	24	13	26	16	27	20	29	24	31	28	34	31	37	33	39	34	40	34	40	33	39	31	37	30	34	30	30	30	25	30	19	30	14	30	10	29	7	27	4	25	2	23	0	22	-1	20	-1	17	0	15	2	14	5	14	9	14	12	15	14	16	15	16	15	
40:
38	0.431	3	16	4	17	6	18	9	20	12	23	14	27	15	31	15	34	16	36	18	37	20	37	23	36	25	34	26	31	26	28	27	25	28	21	29	18	29	16	28	15	27	14	25	14	24	14	24	13	25	11	27	9	28	6	28	3	27	1	25	0	22	0	18	1	13	3	9	6	6	10	4	13	3	15	3	16	3	16	
41:
43	0.865	1	31	2	30	4	30	6	30	9	29	12	27	14	24	15	21	15	19	14	17	12	15	10	13	9	10	8	7	8	5	9	4	11	3	14	3	18	4	22	5	27	6	32	6	36	6	39	6	41	7	42	9	42	12	41	16	41	21	40	25	38	28	35	31	31	33	28	34	24	36	20	38	17	39	13	39	9	38	6	36	4	34	2	32	1	31	1	31	
42:
32	0.608	16	30	16	29	15	27	15	26	16	26	18	25	21	23	23	21	24	18	24	14	24	11	25	9	25	8	24	7	22	7	21	8	19	10	16	13	14	17	12	21	9	25	7	28	6	31	5	34	5	36	6	37	8	37	11	36	13	35	14	33	15	31	16	30	16	30	
43:
45	8.224	19	9	20	10	21	12	22	13	24	13	25	12	26	10	27	8	29	7	32	7	35	8	37	10	38	13	38	17	37	20	35	24	32	27	28	29	25	30	23	31	21	33	20	35	20	37	19	40	17	43	14	45	10	46	7	46	4	45	2	43	1	40	1	36	2	31	4	26	5	20	5	15	5	11	5	8	6	6	8	5	11	5	13	5	16	6	18	8	19	9	19	9	
44:
44	1.379	35	31	36	32	36	34	35	36	33	37	30	37	28	36	27	34	26	31	26	27	27	24	27	22	26	21	24	21	21	22	17	24	13	26	9	29	6	32	4	34	2	35	0	35	-2	34	-3	32	-4	29	-4	25	-3	20	-2	15	0	11	3	8	7	6	12	5	18	5	23	6	27	8	30	9	32	11	33	14	33	17	32	21	32	25	33	28	34	30	35	31	35	31	
45:
35	0.468	15	4	14	3	12	2	9	1	7	0	6	0	5	1	5	3	6	6	6	10	5	15	4	20	4	24	5	27	7	30	10	32	14	33	18	33	22	32	25	31	27	29	28	27	29	25	30	24	30	23	29	22	27	22	24	21	20	19	17	16	15	12	14	9	14	7	14	5	15	4	15	4	
46:
43	0.576	14	20	15	21	16	23	16	25	15	27	13	28	10	28	6	27	3	27	1	27	0	28	0	30	1	33	3	36	6	39	9	41	13	42	17	42	22	41	26	39	29	36	31	32	32	27	32	22	31	18	29	15	26	12	22	9	17	7	13	5	9	4	6	4	4	5	3	7	2	9	2	11	3	12	5	12	7	13	9	15	11	17	13	19	14	20	14	20	
47:
40	1.931	23	18	23	19	23	21	23	24	22	27	20	31	17	34	15	36	12	37	10	37	9	36	9	35	10	33	10	31	9	30	7	28	4	25	2	21	1	17	0	13	0	9	1	6	3	4	6	3	10	3	15	4	21	6	26	7	30	9	33	12	35	14	36	15	36	17	35	19	34	21	32	22	29	22	26	21	24	19	23	18	23	18	
48:
36	0.562	18	33	17	34	16	34	14	34	12	33	11	31	11	28	12	24	14	20	17	17	21	14	26	11	30	9	33	7	36	6	38	6	39	7	39	9	38	10	36	12	33	14	31	15	30	15	30	14	31	14	33	15	34	17	34	20	34	24	33	27	31	29	28	30	24	30	21	31	19	32	18	33	18	33	
49:
41	1.381	36	10	35	9	33	7	30	6	27	6	24	7	22	9	21	12	21	16	21	20	21	24	22	27	24	29	25	31	25	33	24	35	22	36	19	37	15	38	11	38	8	37	6	35	5	32	5	28	6	23	8	18	11	13	15	9	20	5	25	2	30	0	34	-1	37	-1	39	0	40	2	40	5	39	8	39	10	38	11	37	11	36	10	36	10	
50:
41	1.989	19	38	20	37	22	35	23	32	24	30	24	28	23	27	21	25	18	22	14	18	9	15	5	13	2	11	0	9	-1	7	-1	4	-1	2	0	1	2	1	5	1	9	0	14	-2	20	-3	25	-3	29	-3	32	-2	34	0	36	1	37	2	37	4	36	6	34	9	32	12	31	16	31	21	30	25	28	29	25	32	22	35	20	37	19	38	19	38	
51:
39	0.712	29	29	30	28	32	27	34	27	36	28	38	29	39	30	39	32	38	35	36	37	33	39	29	40	24	40	19	39	15	37	12	34	10	30	9	25	9	20	9	15	10	11	12	8	15	6	18	5	22	3	27	1	31	0	34	0	36	1	37	3	37	6	36	9	34	13	31	16	29	20	28	23	28	26	29	28	29	29	29	29	
52:
39	0.75	25	14	24	15	22	15	19	14	15	12	12	9	10	5	9	2	9	0	10	-1	12	-1	14	0	15	2	16	5	17	9	17	14	17	18	16	21	14	23	11	24	7	25	4	27	2	30	1	34	1	37	2	39	4	40	7	40	11	39	15	37	19	34	22	31	25	29	27	26	28	23	28	20	27	17	26	15	25	14	25	14	
53:
36	0.59	20	39	20	38	21	36	23	34	25	31	28	27	30	24	32	22	34	21	36	21	37	22	38	23	38	24	37	24	36	23	36	21	37	18	39	14	40	10	40	6	39	3	37	1	34	0	30	0	27	1	25	3	24	6	23	9	23	13	24	18	25	24	25	29	24	33	23	36	21	38	20	39	20	39	
54:
42	2.338	24	31	23	30	22	29	21	28	19	28	16	29	12	31	9	34	7	36	5	37	2	37	0	36	-1	34	-1	31	0	27	0	22	-1	18	-2	14	-2	10	-1	7	1	5	4	4	8	4	13	5	18	7	24	9	29	10	33	12	36	13	38	13	39	13	39	12	38	11	36	11	33	12	31	14	30	17	30	21	29	25	27	28	25	30	24	31	24	31	
55:
38	0.691	26	38	27	37	27	36	26	34	24	31	22	27	20	23	18	18	17	13	17	9	18	6	18	3	17	1	15	-1	12	-2	9	-2	6	-2	4	-1	3	1	3	4	4	6	6	8	7	11	7	15	6	20	4	25	2	29	1	32	1	35	2	38	4	40	7	41	11	41	16	40	20	40	23	39	25	39	26	38	26	38	
56:
42	0.189	24	31	25	31	27	31	30	32	34	32	37	32	39	31	40	29	40	26	39	22	37	19	34	15	30	10	25	6	21	3	18	1	15	0	11	0	7	1	4	3	2	6	1	10	1	15	2	19	4	22	7	24	10	25	12	25	13	26	13	28	12	30	11	33	9	36	8	38	8	39	9	40	11	40	14	39	18	37	21	34	23	32	24	31	24	31	
57:
42	0.693	26	11	27	10	29	9	31	9	33	10	34	10	34	9	33	7	31	6	28	6	24	5	19	3	14	2	10	2	5	3	1	5	-2	8	-4	12	-5	16	-5	20	-4	25	-2	29	1	33	5	36	10	38	15	39	19	39	22	39	24	39	25	38	25	37	24	36	22	35	20	33	19	31	19	28	20	25	22	21	24	17	25	14	26	12	26	11	26	11	
58:
39	1.184	8	38	9	37	11	35	14	32	16	30	19	29	23	29	28	28	32	27	35	27	37	28	38	30	38	32	37	33	35	33	33	33	30	32	27	31	24	29	21	26	17	22	13	17	10	12	8	8	7	5	5	3	2	2	0	2	-1	3	-1	5	0	8	1	12	1	17	1	23	2	28	4	32	6	35	7	37	8	38	8	38	
59:
43	1.387	18	20	17	19	15	18	13	17	11	15	10	12	10	8	11	4	13	1	16	-1	20	-2	24	-2	27	-1	29	0	30	2	31	5	32	9	34	13	36	16	38	18	39	20	39	21	38	21	36	21	34	22	32	24	31	27	31	31	32	34	33	36	33	37	32	38	30	38	27	37	24	35	20	33	17	31	15	30	14	28	14	25	15	23	17	21	18	20	18	20	
60:
40	0.57	13	5	14	4	16	3	18	3	21	3	25	4	28	6	30	9	31	12	31	14	30	16	28	18	25	21	22	24	20	27	19	30	19	33	20	35	20	36	20	36	19	35	18	33	16	31	13	30	11	30	10	31	10	32	9	33	7	33	5	32	3	31	2	29	1	26	1	22	2	17	4	13	7	10	10	8	12	6	13	5	13	5	
61:
42	10.746	29	11	30	11	32	12	35	13	37	13	38	12	39	12	40	11	41	9	41	7	40	4	38	2	35	0	31	-1	26	-1	21	0	15	0	10	0	6	0	3	1	1	3	0	6	0	10	1	14	3	19	6	25	9	30	11	34	14	37	17	39	21	40	25	40	28	39	30	37	31	34	32	30	32	26	31	21	30	17	29	14	29	12	29	11	29	11	
62:
42	8.403	24	27	25	28	27	30	29	33	32	35	35	36	37	36	38	36	38	35	37	33	35	30	33	26	31	21	30	16	30	11	29	7	27	4	25	2	23	1	21	1	20	2	20	4	20	7	20	10	19	13	17	17	14	20	11	23	7	25	4	27	2	30	1	32	1	34	2	35	4	35	7	34	11	32	15	30	18	29	21	28	23	27	24	27	24	27	
63:
41	19.17	37	7	36	7	34	7	31	7	27	7	22	8	17	10	13	12	9	14	6	15	4	15	2	15	1	16	1	18	2	21	4	23	7	24	11	25	16	27	22	30	27	32	31	33	34	35	36	37	37	38	37	38	36	37	34	35	33	32	32	28	32	23	33	18	35	13	36	9	36	6	37	4	37	3	37	3	37	4	37	6	37	7	37	7	
64:
40	0.972	29	7	28	8	26	9	23	9	19	9	15	8	12	7	10	7	9	6	8	4	8	3	7	3	7	4	7	6	6	9	4	13	2	18	0	23	-1	27	-1	30	0	32	2	34	5	36	9	38	14	39	19	39	24	38	28	37	32	37	35	36	37	35	38	33	38	30	37	26	35	21	32	17	30	13	29	10	29	8	29	7	29	7	
65:
41	1.511	6	37	7	37	8	37	10	36	13	34	15	31	16	27	16	23	15	19	13	16	11	14	9	13	7	13	6	13	6	12	7	10	9	7	12	4	16	2	21	1	25	1	28	1	30	2	31	4	31	7	30	11	28	15	27	20	27	24	28	27	29	29	29	32	28	35	26	37	23	38	19	38	16	39	12	39	9	38	7	38	6	37	6	37	
66:
37	2.197	23	15	22	15	20	14	18	13	16	11	14	8	12	6	10	5	8	5	7	6	6	8	6	11	5	15	5	19	4	22	2	24	1	25	1	25	2	24	4	23	7	23	11	23	16	24	22	25	27	25	31	24	34	24	36	23	37	21	37	18	36	15	34	13	31	12	28	12	26	13	24	14	23	15	23	15	
67:
39	1.699	29	9	29	8	30	6	31	4	31	3	30	3	28	4	25	6	21	8	17	11	13	15	10	18	8	21	6	23	5	24	5	24	6	23	8	22	11	21	15	21	20	22	24	24	27	27	29	31	30	34	30	36	30	37	30	37	31	36	33	34	35	31	36	27	36	22	36	18	35	15	34	13	32	11	30	10	29	9	29	9	
68:
43	22.217	17	11	16	12	15	14	15	17	16	20	18	24	21	27	25	30	29	33	33	35	36	36	38	36	39	35	39	35	38	36	36	37	33	37	31	36	30	34	30	31	30	27	31	22	31	18	32	13	32	9	31	6	29	4	26	2	22	1	18	1	13	2	9	3	6	3	4	2	3	1	3	0	4	0	6	1	9	3	12	6	14	8	16	10	17	11	17	11	
69:
38	2.959	7	30	7	31	8	33	9	35	10	37	10	38	10	38	9	37	8	35	7	32	6	28	4	23	2	17	0	12	-1	8	-1	4	0	1	2	-2	5	-4	9	-5	13	-5	16	-4	18	-2	19	0	19	1	18	1	17	0	15	0	12	1	8	3	5	6	3	10	2	15	2	20	3	24	5	27	6	29	7	30	7	30	
70:
41	1.031	31	13	32	14	34	15	35	17	35	20	34	24	32	28	29	31	25	33	22	34	20	34	19	33	19	31	19	28	19	25	18	23	16	21	13	20	9	20	6	21	4	23	2	25	0	26	-1	26	-1	25	0	23	2	20	4	17	5	14	6	11	8	7	11	4	15	2	20	1	24	1	27	2	29	4	31	7	32	10	32	12	31	13	31	13	
71:
44	3.649	13	7	14	8	15	9	17	11	20	13	22	14	25	14	29	13	33	11	36	8	38	6	39	5	39	5	38	6	36	8	33	11	31	14	30	18	29	23	29	27	28	32	26	36	23	39	19	41	15	42	10	42	5	41	1	39	-2	36	-4	32	-5	28	-5	25	-4	23	-2	22	1	22	5	23	9	23	12	22	14	20	15	17	15	13	15	10	14	8	13	7	13	7	
72:
30	0.114	2	17	1	18	0	20	-1	23	-2	26	-2	28	-1	29	1	29	3	30	6	30	10	29	14	27	17	24	20	21	22	17	24	13	25	10	26	7	26	5	25	4	23	3	20	3	18	4	16	6	13	9	10	12	7	14	5	15	3	16	2	17	2	17	
73:
46	7.575	29	9	30	9	32	8	35	8	38	9	40	11	42	14	43	16	43	19	42	21	40	22	37	22	34	21	30	19	26	17	22	15	17	14	13	14	10	15	8	17	7	20	7	23	7	26	8	29	9	31	10	32	10	32	9	31	7	30	4	29	0	27	-3	25	-5	22	-6	19	-6	15	-5	11	-3	7	0	4	4	2	9	1	14	1	19	2	23	4	26	6	28	8	29	9	29	9	
74:
40	0.433	34	5	33	6	31	6	29	6	26	6	23	5	19	3	14	2	10	1	6	1	3	2	1	4	0	7	0	11	1	15	3	20	6	25	10	29	15	32	21	35	26	37	30	38	33	38	35	37	36	36	36	34	35	31	33	27	31	22	28	18	25	14	23	11	22	9	22	6	23	4	25	3	28	3	31	4	33	5	34	5	34	5	
75:
42	0.739	20	22	21	21	22	19	23	16	23	13	23	10	24	8	26	7	29	7	33	8	36	10	38	13	39	17	39	22	38	27	36	31	33	34	29	36	24	38	19	39	15	39	12	38	9	36	7	33	6	29	6	24	6	19	5	15	3	12	1	9	0	6	0	4	1	3	3	3	6	4	8	6	11	9	14	13	17	16	19	19	20	21	20	22	20	22	
76:
46	5.08	37	21	36	22	34	24	31	25	27	25	24	26	21	28	19	31	18	35	18	38	19	40	21	41	24	41	28	40	32	38	36	35	39	31	41	28	42	25	42	22	41	18	39	13	36	7	32	2	27	-2	21	-5	15	-7	10	-8	6	-8	3	-7	1	-5	0	-2	0	2	1	7	3	12	6	17	10	21	13	24	16	26	20	27	25	27	29	27	32	26	34	24	36	22	37	21	37	21	
77:
37	1.608	38	16	37	17	35	18	32	18	29	17	27	17	26	16	26	14	26	11	26	7	26	4	25	2	23	1	20	1	16	1	11	2	7	2	4	3	2	5	1	8	1	12	2	17	4	22	5	26	5	30	5	33	6	35	8	36	11	36	15	35	20	33	25	30	29	26	32	22	35	19	37	17	38	16	38	16	
78:
38	1.023	5	5	4	6	2	8	0	11	-1	15	-1	18	0	20	2	21	5	21	9	20	14	18	20	15	25	12	29	10	33	9	36	9	38	9	39	10	39	12	39	15	39	19	38	23	36	27	34	30	33	32	32	33	30	33	27	32	23	30	20	27	18	23	16	18	14	14	13	11	11	9	8	8	6	6	5	5	5	5	
79:
42	0.546	31	16	32	16	33	17	33	19	32	22	30	24	29	26	29	28	30	29	32	29	35	28	38	26	41	23	43	19	44	14	44	9	43	5	41	2	38	0	34	-1	29	-1	25	0	20	2	16	5	13	9	11	14	9	19	6	24	4	28	2	31	1	33	1	34	2	34	4	33	7	31	11	28	16	26	21	24	25	22	28	19	30	17	31	16	31	16	
80:
41	0.285	7	19	8	19	10	20	13	21	17	21	22	20	26	18	29	16	31	15	33	15	36	16	38	18	39	21	39	24	39	28	38	31	36	33	33	34	29	34	24	35	20	37	17	38	15	38	14	37	14	35	15	32	16	28	16	24	15	20	13	17	10	13	7	10	4	8	2	7	1	7	1	8	2	10	4	13	6	16	7	18	7	19	7	19	
81:
40	1.094	3	10	4	9	6	8	7	8	9	9	10	11	11	14	12	16	14	17	17	17	20	16	24	15	29	14	33	14	36	15	38	17	39	20	39	22	38	23	36	23	33	22	29	21	26	20	24	20	23	21	23	23	23	26	22	29	20	31	17	32	13	32	10	31	7	29	4	26	2	23	1	20	1	16	2	13	3	11	3	10	3	10	
82:
37	1.655	31	32	31	33	31	35	30	36	28	38	25	39	22	39	20	38	19	36	19	33	18	30	17	28	15	26	12	25	9	23	6	20	4	18	3	15	3	11	4	8	6	5	9	3	13	2	17	0	20	-1	22	-1	23	0	23	2	22	5	22	9	23	14	25	19	27	23	28	26	29	29	30	31	31	32	31	32	
83:
42	0.657	18	6	19	5	21	4	23	4	24	5	24	7	25	10	27	13	30	17	32	22	33	27	33	31	32	34	30	36	27	37	24	37	21	36	17	36	13	36	10	36	7	36	5	35	4	33	4	30	5	27	6	25	7	23	7	20	6	17	4	15	2	14	0	14	-1	13	-1	12	0	11	2	10	5	8	8	6	12	5	15	5	17	5	18	6	18	6	
84:
42	2.132	25	35	26	34	27	32	28	29	28	25	29	20	29	16	29	12	28	8	27	5	25	3	22	2	18	2	14	3	9	3	4	4	0	6	-3	8	-5	11	-6	14	-6	17	-5	19	-3	21	0	22	4	22	9	21	15	19	20	16	26	13	31	11	35	10	38	10	40	10	41	11	41	13	40	16	38	20	35	25	31	29	28	32	26	34	25	35	25	35	
85:
39	0.437	15	21	15	22	14	23	13	25	11	26	8	26	5	25	3	23	2	20	2	16	3	11	5	7	7	4	9	2	12	1	16	1	20	1	23	1	25	2	26	3	27	5	27	8	28	12	30	16	33	21	35	25	37	28	38	31	38	34	37	36	35	37	32	37	28	36	24	34	21	31	18	27	16	24	15	22	15	21	15	21	
86:
38	2.744	26	26	25	27	24	29	22	30	19	32	15	34	11	35	8	35	6	34	5	33	5	32	6	30	8	29	11	28	15	26	18	23	21	19	24	16	26	14	27	13	28	13	30	14	33	16	35	19	36	23	36	28	36	32	35	35	35	37	34	38	32	38	30	38	27	37	25	35	24	32	24	29	25	27	26	26	26	26	
87:
36	1.873	23	37	22	37	20	36	18	34	17	31	17	27	18	23	18	20	17	17	15	15	12	14	10	14	9	15	8	16	7	18	6	20	6	21	7	21	9	20	12	18	16	17	21	17	25	17	28	18	31	20	33	22	34	25	34	27	33	28	31	28	28	29	25	30	23	32	22	34	22	36	23	37	23	37	
88:
43	4.39	37	12	38	11	38	9	38	6	37	3	35	-1	32	-4	29	-6	25	-7	20	-7	16	-6	13	-4	11	-1	10	1	10	2	11	4	13	6	16	9	20	13	24	18	27	23	29	27	30	30	30	32	29	33	27	33	24	33	20	33	16	34	13	34	11	33	10	31	10	28	11	24	13	21	16	17	19	14	23	12	27	11	31	11	34	12	36	12	37	12	37	12	
89:
40	1.099	38	35	37	35	35	36	32	37	28	37	23	38	18	38	13	37	9	35	6	33	3	30	1	26	0	22	0	19	1	17	3	15	5	13	8	12	11	12	13	13	14	14	14	14	15	13	17	11	18	8	20	5	23	3	27	2	30	2	32	3	33	5	33	8	32	11	31	15	31	20	32	25	33	29	35	32	37	34	38	35	38	35	
90:
39	1.915	25	39	24	38	24	36	24	33	23	31	21	29	18	28	15	28	13	29	10	31	7	34	5	36	4	37	4	37	5	36	7	34	10	31	13	27	17	23	22	19	27	14	31	10	34	6	36	3	38	1	39	0	39	0	38	1	37	3	36	6	36	10	35	15	33	20	31	25	30	29	29	33	28	36	26	38	25	39	25	39	
91:
43	6.586	12	20	13	19	14	17	14	14	13	10	11	7	8	5	6	4	5	3	5	3	6	4	8	6	11	9	15	11	20	12	25	12	29	12	32	13	34	15	35	18	35	22	34	26	32	29	29	31	26	32	24	32	23	31	22	29	20	26	17	24	14	23	10	23	6	24	3	24	1	24	0	25	0	26	1	26	3	26	6	25	9	23	11	21	12	20	12	20	
92:
44	2.65	38	26	37	25	36	25	34	25	31	26	28	28	24	31	21	33	18	34	16	34	14	33	11	31	9	30	6	28	3	26	1	25	0	25	0	24	1	23	3	21	6	18	8	14	9	10	11	6	12	3	12	1	13	0	14	0	15	1	17	3	20	6	23	8	27	9	31	9	34	8	36	8	38	9	39	11	39	14	39	18	38	21	37	23	37	25	38	26	38	26	
93:
34	1.875	30	6	30	7	30	9	31	11	31	14	30	16	28	17	25	17	21	17	16	17	11	17	7	18	4	20	2	22	1	25	1	29	2	32	3	34	5	35	7	35	8	34	9	33	11	33	14	33	18	32	22	30	26	27	29	23	31	18	32	14	32	11	31	9	31	7	30	6	30	6	
94:
41	4.078	8	24	7	25	5	27	3	30	2	33	2	35	3	36	4	36	6	35	8	33	11	31	13	30	16	30	20	31	24	33	27	35	29	36	30	36	30	35	31	33	31	31	30	30	28	28	25	25	21	22	17	18	14	13	12	9	11	6	11	4	12	3	14	3	15	4	15	5	14	7	12	10	11	14	9	18	8	21	8	23	8	24	8	24	
95:
40	0.477	33	1	34	1	36	1	38	2	39	4	39	7	38	9	36	10	34	10	33	11	33	13	34	14	35	15	36	17	36	20	35	24	33	28	30	32	26	35	23	37	19	38	14	38	10	37	6	35	3	32	1	28	0	23	0	18	1	14	3	11	6	8	10	6	13	3	17	1	20	0	24	-1	27	-1	30	0	32	1	33	1	33	1	
96:
40	9.03	36	34	35	35	33	37	31	38	28	39	24	39	21	38	19	36	18	33	18	29	17	25	17	20	18	15	19	10	20	6	21	3	21	1	21	0	20	0	20	1	19	3	17	6	14	9	10	11	6	13	3	15	1	16	0	18	0	21	1	25	3	28	6	31	10	33	15	34	21	34	26	35	30	36	33	36	35	35	36	34	36	34	
97:
38	4.793	25	6	26	5	28	3	30	1	33	0	35	0	37	1	38	3	38	6	37	10	35	15	32	20	28	25	23	29	19	32	15	34	12	35	10	35	9	34	9	32	10	30	11	27	11	24	10	22	8	21	6	19	4	16	3	14	3	11	4	9	6	8	9	8	12	9	15	10	19	10	22	9	24	7	25	6	25	6	
98:
34	0.093	31	31	30	30	28	29	25	29	21	29	18	30	15	31	12	33	9	36	7	38	5	39	2	39	0	38	-1	36	-1	33	0	29	2	24	4	19	7	14	10	10	13	7	15	5	16	4	17	4	18	5	20	7	23	9	26	12	28	16	29	21	29	25	29	28	30	30	31	31	31	31	
99:
42	4.393	7	1	8	0	10	-1	13	-1	17	0	20	2	23	5	25	8	28	10	32	11	35	11	37	11	38	12	38	14	37	17	35	19	32	20	28	22	23	23	17	23	12	22	8	22	4	23	1	25	-1	28	-2	32	-2	35	-1	37	0	38	2	38	3	37	3	35	2	32	1	28	0	23	0	17	0	12	1	8	3	5	4	3	6	2	7	1	7	1	